time	species	protein	transcript	ribo_density
0.000000	__gene_A*_rbs	0.000000	0.000000	0.000000
0.000000	__gene_A_rbs	0.000000	0.000000	0.000000
0.000000	__gene_B_rbs	0.000000	0.000000	0.000000
0.000000	__gene_C_rbs	0.000000	0.000000	0.000000
0.000000	__gene_D_rbs	0.000000	0.000000	0.000000
0.000000	__gene_E_rbs	0.000000	0.000000	0.000000
0.000000	__gene_F_rbs	0.000000	0.000000	0.000000
0.000000	__gene_G_rbs	0.000000	0.000000	0.000000
0.000000	__gene_H_rbs	0.000000	0.000000	0.000000
0.000000	__gene_J_rbs	0.000000	0.000000	0.000000
0.000000	__gene_K_rbs	0.000000	0.000000	0.000000
0.000000	__ribosome	100.000000	0.000000	0.000000
0.000000	bound_ecolipol	2000.000000	0.000000	0.000000
0.000000	bound_ribosome	100.000000	0.000000	0.000000
0.000000	ecoli_genome	0.000000	0.000000	0.000000
0.000000	ecoli_transcript	0.000000	0.000000	0.000000
0.000000	ecolipol	0.000000	0.000000	0.000000
0.000000	promoter_A	1.000000	0.000000	0.000000
0.000000	promoter_B1	1.000000	0.000000	0.000000
0.000000	promoter_D	1.000000	0.000000	0.000000
5.011776	__gene_A*_rbs	0.000000	0.000000	0.000000
5.011776	__gene_A_rbs	0.000000	0.000000	0.000000
5.011776	__gene_B_rbs	0.000000	0.000000	0.000000
5.011776	__gene_C_rbs	0.000000	0.000000	0.000000
5.011776	__gene_D_rbs	0.000000	0.000000	0.000000
5.011776	__gene_E_rbs	0.000000	0.000000	0.000000
5.011776	__gene_F_rbs	0.000000	0.000000	0.000000
5.011776	__gene_G_rbs	0.000000	0.000000	0.000000
5.011776	__gene_H_rbs	0.000000	0.000000	0.000000
5.011776	__gene_J_rbs	0.000000	0.000000	0.000000
5.011776	__gene_K_rbs	0.000000	0.000000	0.000000
5.011776	__ribosome	100.000000	0.000000	0.000000
5.011776	bound_ecolipol	1927.000000	0.000000	0.000000
5.011776	bound_ribosome	100.000000	0.000000	0.000000
5.011776	ecoli_genome	73.000000	0.000000	0.000000
5.011776	ecoli_transcript	412.000000	0.000000	0.000000
5.011776	ecolipol	69.000000	0.000000	0.000000
5.011776	promoter_A	1.000000	0.000000	0.000000
5.011776	promoter_B1	0.000000	0.000000	0.000000
5.011776	promoter_D	1.000000	0.000000	0.000000
9.999002	__gene_A*_rbs	0.000000	0.000000	0.000000
9.999002	__gene_A_rbs	0.000000	0.000000	0.000000
9.999002	__gene_B_rbs	1.000000	0.000000	0.000000
9.999002	__gene_C_rbs	0.000000	0.000000	0.000000
9.999002	__gene_D_rbs	0.000000	0.000000	0.000000
9.999002	__gene_E_rbs	0.000000	0.000000	0.000000
9.999002	__gene_F_rbs	0.000000	0.000000	0.000000
9.999002	__gene_G_rbs	0.000000	0.000000	0.000000
9.999002	__gene_H_rbs	0.000000	0.000000	0.000000
9.999002	__gene_J_rbs	0.000000	0.000000	0.000000
9.999002	__gene_K_rbs	0.000000	0.000000	0.000000
9.999002	__ribosome	96.000000	0.000000	0.000000
9.999002	bound_ecolipol	1929.000000	0.000000	0.000000
9.999002	bound_ribosome	100.000000	0.000000	0.000000
9.999002	ecoli_genome	71.000000	0.000000	0.000000
9.999002	ecoli_transcript	772.000000	0.000000	0.000000
9.999002	ecolipol	63.000000	0.000000	0.000000
9.999002	gene_B	0.000000	2.000000	2.000000
9.999002	promoter_A	1.000000	0.000000	0.000000
9.999002	promoter_B1	0.000000	0.000000	0.000000
9.999002	promoter_D	1.000000	0.000000	0.000000
15.000819	__gene_A*_rbs	0.000000	0.000000	0.000000
15.000819	__gene_A_rbs	1.000000	0.000000	0.000000
15.000819	__gene_B_rbs	3.000000	0.000000	0.000000
15.000819	__gene_C_rbs	0.000000	0.000000	0.000000
15.000819	__gene_D_rbs	0.000000	0.000000	0.000000
15.000819	__gene_E_rbs	0.000000	0.000000	0.000000
15.000819	__gene_F_rbs	0.000000	0.000000	0.000000
15.000819	__gene_G_rbs	0.000000	0.000000	0.000000
15.000819	__gene_H_rbs	0.000000	0.000000	0.000000
15.000819	__gene_J_rbs	0.000000	0.000000	0.000000
15.000819	__gene_K_rbs	0.000000	0.000000	0.000000
15.000819	__ribosome	78.000000	0.000000	0.000000
15.000819	bound_ecolipol	1925.000000	0.000000	0.000000
15.000819	bound_ribosome	100.000000	0.000000	0.000000
15.000819	ecoli_genome	75.000000	0.000000	0.000000
15.000819	ecoli_transcript	1157.000000	0.000000	0.000000
15.000819	ecolipol	62.000000	0.000000	0.000000
15.000819	gene_A	0.000000	1.000000	0.000000
15.000819	gene_B	0.000000	6.000000	3.500000
15.000819	gene_D	0.000000	1.000000	1.000000
15.000819	promoter_A	0.000000	0.000000	0.000000
15.000819	promoter_B1	0.000000	0.000000	0.000000
15.000819	promoter_D	1.000000	0.000000	0.000000
19.999438	__gene_A*_rbs	0.000000	0.000000	0.000000
19.999438	__gene_A_rbs	2.000000	0.000000	0.000000
19.999438	__gene_B_rbs	7.000000	0.000000	0.000000
19.999438	__gene_C_rbs	0.000000	0.000000	0.000000
19.999438	__gene_D_rbs	1.000000	0.000000	0.000000
19.999438	__gene_E_rbs	1.000000	0.000000	0.000000
19.999438	__gene_F_rbs	0.000000	0.000000	0.000000
19.999438	__gene_G_rbs	0.000000	0.000000	0.000000
19.999438	__gene_H_rbs	0.000000	0.000000	0.000000
19.999438	__gene_J_rbs	0.000000	0.000000	0.000000
19.999438	__gene_K_rbs	1.000000	0.000000	0.000000
19.999438	__ribosome	47.000000	0.000000	0.000000
19.999438	bound_ecolipol	1916.000000	0.000000	0.000000
19.999438	bound_ribosome	100.000000	0.000000	0.000000
19.999438	ecoli_genome	84.000000	0.000000	0.000000
19.999438	ecoli_transcript	1571.000000	0.000000	0.000000
19.999438	ecolipol	66.000000	0.000000	0.000000
19.999438	gene_A	0.000000	2.000000	1.000000
19.999438	gene_B	1.000000	9.000000	4.777778
19.999438	gene_C	0.000000	1.000000	0.000000
19.999438	gene_D	0.000000	1.000000	4.000000
19.999438	gene_E	0.000000	1.000000	0.000000
19.999438	gene_K	0.000000	2.000000	2.000000
19.999438	promoter_A	1.000000	0.000000	0.000000
19.999438	promoter_B1	0.000000	0.000000	0.000000
19.999438	promoter_D	1.000000	0.000000	0.000000
24.999389	__gene_A*_rbs	0.000000	0.000000	0.000000
24.999389	__gene_A_rbs	2.000000	0.000000	0.000000
24.999389	__gene_B_rbs	8.000000	0.000000	0.000000
24.999389	__gene_C_rbs	3.000000	0.000000	0.000000
24.999389	__gene_D_rbs	1.000000	0.000000	0.000000
24.999389	__gene_E_rbs	0.000000	0.000000	0.000000
24.999389	__gene_F_rbs	0.000000	0.000000	0.000000
24.999389	__gene_G_rbs	0.000000	0.000000	0.000000
24.999389	__gene_H_rbs	0.000000	0.000000	0.000000
24.999389	__gene_J_rbs	0.000000	0.000000	0.000000
24.999389	__gene_K_rbs	3.000000	0.000000	0.000000
24.999389	__ribosome	21.000000	0.000000	0.000000
24.999389	bound_ecolipol	1920.000000	0.000000	0.000000
24.999389	bound_ribosome	100.000000	0.000000	0.000000
24.999389	ecoli_genome	80.000000	0.000000	0.000000
24.999389	ecoli_transcript	1952.000000	0.000000	0.000000
24.999389	ecolipol	58.000000	0.000000	0.000000
24.999389	gene_A	0.000000	2.000000	3.500000
24.999389	gene_B	12.000000	13.000000	4.153846
24.999389	gene_C	0.000000	4.000000	1.000000
24.999389	gene_D	0.000000	1.000000	8.000000
24.999389	gene_E	0.000000	1.000000	1.000000
24.999389	gene_K	3.000000	5.000000	1.000000
24.999389	promoter_A	1.000000	0.000000	0.000000
24.999389	promoter_B1	0.000000	0.000000	0.000000
24.999389	promoter_D	0.000000	0.000000	0.000000
29.999089	__gene_A*_rbs	0.000000	0.000000	0.000000
29.999089	__gene_A_rbs	2.000000	0.000000	0.000000
29.999089	__gene_B_rbs	15.000000	0.000000	0.000000
29.999089	__gene_C_rbs	4.000000	0.000000	0.000000
29.999089	__gene_D_rbs	3.000000	0.000000	0.000000
29.999089	__gene_E_rbs	1.000000	0.000000	0.000000
29.999089	__gene_F_rbs	0.000000	0.000000	0.000000
29.999089	__gene_G_rbs	0.000000	0.000000	0.000000
29.999089	__gene_H_rbs	0.000000	0.000000	0.000000
29.999089	__gene_J_rbs	1.000000	0.000000	0.000000
29.999089	__gene_K_rbs	5.000000	0.000000	0.000000
29.999089	__ribosome	13.000000	0.000000	0.000000
29.999089	bound_ecolipol	1919.000000	0.000000	0.000000
29.999089	bound_ribosome	100.000000	0.000000	0.000000
29.999089	ecoli_genome	81.000000	0.000000	0.000000
29.999089	ecoli_transcript	2302.000000	0.000000	0.000000
29.999089	ecolipol	56.000000	0.000000	0.000000
29.999089	gene_A	0.000000	2.000000	4.500000
29.999089	gene_B	33.000000	17.000000	2.882353
29.999089	gene_C	0.000000	7.000000	1.857143
29.999089	gene_D	0.000000	3.000000	3.333333
29.999089	gene_E	0.000000	1.000000	1.000000
29.999089	gene_J	0.000000	1.000000	0.000000
29.999089	gene_K	7.000000	9.000000	0.555556
29.999089	promoter_A	1.000000	0.000000	0.000000
29.999089	promoter_B1	0.000000	0.000000	0.000000
29.999089	promoter_D	0.000000	0.000000	0.000000
34.999111	__gene_A*_rbs	2.000000	0.000000	0.000000
34.999111	__gene_A_rbs	3.000000	0.000000	0.000000
34.999111	__gene_B_rbs	19.000000	0.000000	0.000000
34.999111	__gene_C_rbs	8.000000	0.000000	0.000000
34.999111	__gene_D_rbs	6.000000	0.000000	0.000000
34.999111	__gene_E_rbs	3.000000	0.000000	0.000000
34.999111	__gene_F_rbs	1.000000	0.000000	0.000000
34.999111	__gene_G_rbs	0.000000	0.000000	0.000000
34.999111	__gene_H_rbs	0.000000	0.000000	0.000000
34.999111	__gene_J_rbs	0.000000	0.000000	0.000000
34.999111	__gene_K_rbs	8.000000	0.000000	0.000000
34.999111	__ribosome	12.000000	0.000000	0.000000
34.999111	bound_ecolipol	1914.000000	0.000000	0.000000
34.999111	bound_ribosome	100.000000	0.000000	0.000000
34.999111	ecoli_genome	86.000000	0.000000	0.000000
34.999111	ecoli_transcript	2687.000000	0.000000	0.000000
34.999111	ecolipol	57.000000	0.000000	0.000000
34.999111	gene_A	0.000000	3.000000	3.333333
34.999111	gene_A*	0.000000	2.000000	0.000000
34.999111	gene_B	52.000000	20.000000	2.250000
34.999111	gene_C	4.000000	10.000000	1.500000
34.999111	gene_D	3.000000	6.000000	1.333333
34.999111	gene_E	1.000000	3.000000	0.333333
34.999111	gene_F	0.000000	1.000000	0.000000
34.999111	gene_J	0.000000	1.000000	0.000000
34.999111	gene_K	12.000000	12.000000	0.750000
34.999111	promoter_A	1.000000	0.000000	0.000000
34.999111	promoter_B1	0.000000	0.000000	0.000000
34.999111	promoter_D	0.000000	0.000000	0.000000
39.999193	__gene_A*_rbs	2.000000	0.000000	0.000000
39.999193	__gene_A_rbs	3.000000	0.000000	0.000000
39.999193	__gene_B_rbs	22.000000	0.000000	0.000000
39.999193	__gene_C_rbs	12.000000	0.000000	0.000000
39.999193	__gene_D_rbs	7.000000	0.000000	0.000000
39.999193	__gene_E_rbs	4.000000	0.000000	0.000000
39.999193	__gene_F_rbs	1.000000	0.000000	0.000000
39.999193	__gene_G_rbs	0.000000	0.000000	0.000000
39.999193	__gene_H_rbs	0.000000	0.000000	0.000000
39.999193	__gene_J_rbs	1.000000	0.000000	0.000000
39.999193	__gene_K_rbs	15.000000	0.000000	0.000000
39.999193	__ribosome	14.000000	0.000000	0.000000
39.999193	bound_ecolipol	1914.000000	0.000000	0.000000
39.999193	bound_ribosome	100.000000	0.000000	0.000000
39.999193	ecoli_genome	86.000000	0.000000	0.000000
39.999193	ecoli_transcript	3067.000000	0.000000	0.000000
39.999193	ecolipol	54.000000	0.000000	0.000000
39.999193	gene_A	0.000000	3.000000	3.666667
39.999193	gene_A*	0.000000	2.000000	0.000000
39.999193	gene_B	75.000000	24.000000	1.625000
39.999193	gene_C	13.000000	14.000000	1.000000
39.999193	gene_D	8.000000	8.000000	0.750000
39.999193	gene_E	1.000000	6.000000	0.666667
39.999193	gene_F	0.000000	1.000000	1.000000
39.999193	gene_J	0.000000	1.000000	0.000000
39.999193	gene_K	19.000000	15.000000	0.733333
39.999193	promoter_A	1.000000	0.000000	0.000000
39.999193	promoter_B1	0.000000	0.000000	0.000000
39.999193	promoter_D	0.000000	0.000000	0.000000
44.999097	__gene_A*_rbs	2.000000	0.000000	0.000000
44.999097	__gene_A_rbs	2.000000	0.000000	0.000000
44.999097	__gene_B_rbs	24.000000	0.000000	0.000000
44.999097	__gene_C_rbs	15.000000	0.000000	0.000000
44.999097	__gene_D_rbs	11.000000	0.000000	0.000000
44.999097	__gene_E_rbs	8.000000	0.000000	0.000000
44.999097	__gene_F_rbs	2.000000	0.000000	0.000000
44.999097	__gene_G_rbs	0.000000	0.000000	0.000000
44.999097	__gene_H_rbs	0.000000	0.000000	0.000000
44.999097	__gene_J_rbs	4.000000	0.000000	0.000000
44.999097	__gene_K_rbs	15.000000	0.000000	0.000000
44.999097	__ribosome	8.000000	0.000000	0.000000
44.999097	bound_ecolipol	1903.000000	0.000000	0.000000
44.999097	bound_ribosome	100.000000	0.000000	0.000000
44.999097	ecoli_genome	97.000000	0.000000	0.000000
44.999097	ecoli_transcript	3459.000000	0.000000	0.000000
44.999097	ecolipol	63.000000	0.000000	0.000000
44.999097	gene_A	0.000000	3.000000	5.000000
44.999097	gene_A*	0.000000	2.000000	0.500000
44.999097	gene_B	92.000000	27.000000	1.296296
44.999097	gene_C	22.000000	17.000000	0.941176
44.999097	gene_D	10.000000	12.000000	0.666667
44.999097	gene_E	2.000000	8.000000	0.750000
44.999097	gene_F	0.000000	2.000000	1.000000
44.999097	gene_J	1.000000	4.000000	0.500000
44.999097	gene_K	30.000000	18.000000	0.388889
44.999097	promoter_A	1.000000	0.000000	0.000000
44.999097	promoter_B1	0.000000	0.000000	0.000000
44.999097	promoter_D	0.000000	0.000000	0.000000
49.999077	__gene_A*_rbs	2.000000	0.000000	0.000000
49.999077	__gene_A_rbs	4.000000	0.000000	0.000000
49.999077	__gene_B_rbs	30.000000	0.000000	0.000000
49.999077	__gene_C_rbs	20.000000	0.000000	0.000000
49.999077	__gene_D_rbs	12.000000	0.000000	0.000000
49.999077	__gene_E_rbs	10.000000	0.000000	0.000000
49.999077	__gene_F_rbs	4.000000	0.000000	0.000000
49.999077	__gene_G_rbs	0.000000	0.000000	0.000000
49.999077	__gene_H_rbs	0.000000	0.000000	0.000000
49.999077	__gene_J_rbs	6.000000	0.000000	0.000000
49.999077	__gene_K_rbs	19.000000	0.000000	0.000000
49.999077	__ribosome	5.000000	0.000000	0.000000
49.999077	bound_ecolipol	1904.000000	0.000000	0.000000
49.999077	bound_ribosome	100.000000	0.000000	0.000000
49.999077	ecoli_genome	96.000000	0.000000	0.000000
49.999077	ecoli_transcript	3869.000000	0.000000	0.000000
49.999077	ecolipol	59.000000	0.000000	0.000000
49.999077	gene_A	0.000000	4.000000	3.750000
49.999077	gene_A*	0.000000	2.000000	1.000000
49.999077	gene_B	103.000000	30.000000	1.200000
49.999077	gene_C	29.000000	21.000000	0.809524
49.999077	gene_D	10.000000	16.000000	0.687500
49.999077	gene_E	5.000000	11.000000	0.272727
49.999077	gene_F	0.000000	4.000000	0.750000
49.999077	gene_J	3.000000	7.000000	0.000000
49.999077	gene_K	36.000000	21.000000	0.380952
49.999077	promoter_A	1.000000	0.000000	0.000000
49.999077	promoter_B1	0.000000	0.000000	0.000000
49.999077	promoter_D	0.000000	0.000000	0.000000
54.999319	__gene_A*_rbs	3.000000	0.000000	0.000000
54.999319	__gene_A_rbs	5.000000	0.000000	0.000000
54.999319	__gene_B_rbs	33.000000	0.000000	0.000000
54.999319	__gene_C_rbs	24.000000	0.000000	0.000000
54.999319	__gene_D_rbs	16.000000	0.000000	0.000000
54.999319	__gene_E_rbs	15.000000	0.000000	0.000000
54.999319	__gene_F_rbs	6.000000	0.000000	0.000000
54.999319	__gene_G_rbs	0.000000	0.000000	0.000000
54.999319	__gene_H_rbs	0.000000	0.000000	0.000000
54.999319	__gene_J_rbs	9.000000	0.000000	0.000000
54.999319	__gene_K_rbs	24.000000	0.000000	0.000000
54.999319	__ribosome	3.000000	0.000000	0.000000
54.999319	bound_ecolipol	1915.000000	0.000000	0.000000
54.999319	bound_ribosome	100.000000	0.000000	0.000000
54.999319	ecoli_genome	85.000000	0.000000	0.000000
54.999319	ecoli_transcript	4238.000000	0.000000	0.000000
54.999319	ecolipol	44.000000	0.000000	0.000000
54.999319	gene_A	0.000000	5.000000	3.200000
54.999319	gene_A*	0.000000	3.000000	1.000000
54.999319	gene_B	119.000000	34.000000	0.882353
54.999319	gene_C	39.000000	24.000000	0.541667
54.999319	gene_D	15.000000	19.000000	0.789474
54.999319	gene_E	8.000000	15.000000	0.466667
54.999319	gene_F	0.000000	6.000000	0.666667
54.999319	gene_J	3.000000	9.000000	0.111111
54.999319	gene_K	43.000000	25.000000	0.320000
54.999319	promoter_A	0.000000	0.000000	0.000000
54.999319	promoter_B1	0.000000	0.000000	0.000000
54.999319	promoter_D	0.000000	0.000000	0.000000
59.999243	__gene_A*_rbs	2.000000	0.000000	0.000000
59.999243	__gene_A_rbs	5.000000	0.000000	0.000000
59.999243	__gene_B_rbs	37.000000	0.000000	0.000000
59.999243	__gene_C_rbs	24.000000	0.000000	0.000000
59.999243	__gene_D_rbs	23.000000	0.000000	0.000000
59.999243	__gene_E_rbs	16.000000	0.000000	0.000000
59.999243	__gene_F_rbs	7.000000	0.000000	0.000000
59.999243	__gene_G_rbs	0.000000	0.000000	0.000000
59.999243	__gene_H_rbs	0.000000	0.000000	0.000000
59.999243	__gene_J_rbs	12.000000	0.000000	0.000000
59.999243	__gene_K_rbs	29.000000	0.000000	0.000000
59.999243	__ribosome	6.000000	0.000000	0.000000
59.999243	bound_ecolipol	1895.000000	0.000000	0.000000
59.999243	bound_ribosome	100.000000	0.000000	0.000000
59.999243	ecoli_genome	105.000000	0.000000	0.000000
59.999243	ecoli_transcript	4647.000000	0.000000	0.000000
59.999243	ecolipol	62.000000	0.000000	0.000000
59.999243	gene_A	0.000000	5.000000	3.600000
59.999243	gene_A*	0.000000	3.000000	1.000000
59.999243	gene_B	137.000000	37.000000	0.486486
59.999243	gene_C	49.000000	28.000000	0.464286
59.999243	gene_D	18.000000	23.000000	0.782609
59.999243	gene_E	10.000000	19.000000	0.473684
59.999243	gene_F	0.000000	7.000000	0.571429
59.999243	gene_J	3.000000	13.000000	0.153846
59.999243	gene_K	51.000000	29.000000	0.310345
59.999243	promoter_A	1.000000	0.000000	0.000000
59.999243	promoter_B1	0.000000	0.000000	0.000000
59.999243	promoter_D	0.000000	0.000000	0.000000
64.999118	__gene_A*_rbs	4.000000	0.000000	0.000000
64.999118	__gene_A_rbs	5.000000	0.000000	0.000000
64.999118	__gene_B_rbs	40.000000	0.000000	0.000000
64.999118	__gene_C_rbs	32.000000	0.000000	0.000000
64.999118	__gene_D_rbs	24.000000	0.000000	0.000000
64.999118	__gene_E_rbs	21.000000	0.000000	0.000000
64.999118	__gene_F_rbs	9.000000	0.000000	0.000000
64.999118	__gene_G_rbs	0.000000	0.000000	0.000000
64.999118	__gene_H_rbs	0.000000	0.000000	0.000000
64.999118	__gene_J_rbs	15.000000	0.000000	0.000000
64.999118	__gene_K_rbs	31.000000	0.000000	0.000000
64.999118	__ribosome	2.000000	0.000000	0.000000
64.999118	bound_ecolipol	1904.000000	0.000000	0.000000
64.999118	bound_ribosome	100.000000	0.000000	0.000000
64.999118	ecoli_genome	96.000000	0.000000	0.000000
64.999118	ecoli_transcript	5018.000000	0.000000	0.000000
64.999118	ecolipol	51.000000	0.000000	0.000000
64.999118	gene_A	0.000000	5.000000	4.000000
64.999118	gene_A*	0.000000	4.000000	1.000000
64.999118	gene_B	146.000000	41.000000	0.487805
64.999118	gene_C	54.000000	32.000000	0.562500
64.999118	gene_D	19.000000	27.000000	0.703704
64.999118	gene_E	16.000000	23.000000	0.260870
64.999118	gene_F	0.000000	9.000000	0.666667
64.999118	gene_J	4.000000	16.000000	0.062500
64.999118	gene_K	59.000000	32.000000	0.125000
64.999118	promoter_A	1.000000	0.000000	0.000000
64.999118	promoter_B1	0.000000	0.000000	0.000000
64.999118	promoter_D	0.000000	0.000000	0.000000
69.999284	__gene_A*_rbs	5.000000	0.000000	0.000000
69.999284	__gene_A_rbs	5.000000	0.000000	0.000000
69.999284	__gene_B_rbs	43.000000	0.000000	0.000000
69.999284	__gene_C_rbs	32.000000	0.000000	0.000000
69.999284	__gene_D_rbs	28.000000	0.000000	0.000000
69.999284	__gene_E_rbs	27.000000	0.000000	0.000000
69.999284	__gene_F_rbs	11.000000	0.000000	0.000000
69.999284	__gene_G_rbs	0.000000	0.000000	0.000000
69.999284	__gene_H_rbs	0.000000	0.000000	0.000000
69.999284	__gene_J_rbs	20.000000	0.000000	0.000000
69.999284	__gene_K_rbs	35.000000	0.000000	0.000000
69.999284	__ribosome	2.000000	0.000000	0.000000
69.999284	bound_ecolipol	1903.000000	0.000000	0.000000
69.999284	bound_ribosome	100.000000	0.000000	0.000000
69.999284	ecoli_genome	97.000000	0.000000	0.000000
69.999284	ecoli_transcript	5407.000000	0.000000	0.000000
69.999284	ecolipol	48.000000	0.000000	0.000000
69.999284	gene_A	1.000000	5.000000	3.800000
69.999284	gene_A*	0.000000	5.000000	1.200000
69.999284	gene_B	153.000000	44.000000	0.409091
69.999284	gene_C	66.000000	35.000000	0.371429
69.999284	gene_D	29.000000	30.000000	0.533333
69.999284	gene_E	21.000000	27.000000	0.185185
69.999284	gene_F	0.000000	12.000000	0.750000
69.999284	gene_J	4.000000	20.000000	0.050000
69.999284	gene_K	61.000000	36.000000	0.305556
69.999284	promoter_A	1.000000	0.000000	0.000000
69.999284	promoter_B1	0.000000	0.000000	0.000000
69.999284	promoter_D	0.000000	0.000000	0.000000
74.999310	__gene_A*_rbs	5.000000	0.000000	0.000000
74.999310	__gene_A_rbs	5.000000	0.000000	0.000000
74.999310	__gene_B_rbs	45.000000	0.000000	0.000000
74.999310	__gene_C_rbs	38.000000	0.000000	0.000000
74.999310	__gene_D_rbs	31.000000	0.000000	0.000000
74.999310	__gene_E_rbs	29.000000	0.000000	0.000000
74.999310	__gene_F_rbs	14.000000	0.000000	0.000000
74.999310	__gene_G_rbs	1.000000	0.000000	0.000000
74.999310	__gene_H_rbs	0.000000	0.000000	0.000000
74.999310	__gene_J_rbs	23.000000	0.000000	0.000000
74.999310	__gene_K_rbs	37.000000	0.000000	0.000000
74.999310	__ribosome	4.000000	0.000000	0.000000
74.999310	bound_ecolipol	1897.000000	0.000000	0.000000
74.999310	bound_ribosome	100.000000	0.000000	0.000000
74.999310	ecoli_genome	103.000000	0.000000	0.000000
74.999310	ecoli_transcript	5787.000000	0.000000	0.000000
74.999310	ecolipol	53.000000	0.000000	0.000000
74.999310	gene_A	5.000000	5.000000	3.000000
74.999310	gene_A*	1.000000	5.000000	1.400000
74.999310	gene_B	162.000000	47.000000	0.340426
74.999310	gene_C	72.000000	39.000000	0.333333
74.999310	gene_D	37.000000	34.000000	0.382353
74.999310	gene_E	23.000000	30.000000	0.266667
74.999310	gene_F	0.000000	15.000000	0.666667
74.999310	gene_G	0.000000	1.000000	0.000000
74.999310	gene_J	4.000000	23.000000	0.173913
74.999310	gene_K	69.000000	40.000000	0.250000
74.999310	promoter_A	1.000000	0.000000	0.000000
74.999310	promoter_B1	0.000000	0.000000	0.000000
74.999310	promoter_D	0.000000	0.000000	0.000000
79.999002	__gene_A*_rbs	5.000000	0.000000	0.000000
79.999002	__gene_A_rbs	5.000000	0.000000	0.000000
79.999002	__gene_B_rbs	49.000000	0.000000	0.000000
79.999002	__gene_C_rbs	38.000000	0.000000	0.000000
79.999002	__gene_D_rbs	36.000000	0.000000	0.000000
79.999002	__gene_E_rbs	32.000000	0.000000	0.000000
79.999002	__gene_F_rbs	19.000000	0.000000	0.000000
79.999002	__gene_G_rbs	1.000000	0.000000	0.000000
79.999002	__gene_H_rbs	0.000000	0.000000	0.000000
79.999002	__gene_J_rbs	26.000000	0.000000	0.000000
79.999002	__gene_K_rbs	43.000000	0.000000	0.000000
79.999002	__ribosome	2.000000	0.000000	0.000000
79.999002	bound_ecolipol	1899.000000	0.000000	0.000000
79.999002	bound_ribosome	100.000000	0.000000	0.000000
79.999002	ecoli_genome	101.000000	0.000000	0.000000
79.999002	ecoli_transcript	6182.000000	0.000000	0.000000
79.999002	ecolipol	49.000000	0.000000	0.000000
79.999002	gene_A	8.000000	5.000000	2.400000
79.999002	gene_A*	1.000000	5.000000	1.400000
79.999002	gene_B	169.000000	51.000000	0.392157
79.999002	gene_C	81.000000	41.000000	0.317073
79.999002	gene_D	38.000000	37.000000	0.405405
79.999002	gene_E	26.000000	33.000000	0.242424
79.999002	gene_F	1.000000	19.000000	0.578947
79.999002	gene_G	0.000000	1.000000	0.000000
79.999002	gene_J	7.000000	27.000000	0.185185
79.999002	gene_K	77.000000	43.000000	0.162791
79.999002	promoter_A	1.000000	0.000000	0.000000
79.999002	promoter_B1	0.000000	0.000000	0.000000
79.999002	promoter_D	0.000000	0.000000	0.000000
84.999001	__gene_A*_rbs	5.000000	0.000000	0.000000
84.999001	__gene_A_rbs	5.000000	0.000000	0.000000
84.999001	__gene_B_rbs	54.000000	0.000000	0.000000
84.999001	__gene_C_rbs	42.000000	0.000000	0.000000
84.999001	__gene_D_rbs	39.000000	0.000000	0.000000
84.999001	__gene_E_rbs	37.000000	0.000000	0.000000
84.999001	__gene_F_rbs	21.000000	0.000000	0.000000
84.999001	__gene_G_rbs	1.000000	0.000000	0.000000
84.999001	__gene_H_rbs	0.000000	0.000000	0.000000
84.999001	__gene_J_rbs	30.000000	0.000000	0.000000
84.999001	__gene_K_rbs	45.000000	0.000000	0.000000
84.999001	__ribosome	4.000000	0.000000	0.000000
84.999001	bound_ecolipol	1904.000000	0.000000	0.000000
84.999001	bound_ribosome	100.000000	0.000000	0.000000
84.999001	ecoli_genome	96.000000	0.000000	0.000000
84.999001	ecoli_transcript	6545.000000	0.000000	0.000000
84.999001	ecolipol	42.000000	0.000000	0.000000
84.999001	gene_A	10.000000	5.000000	2.200000
84.999001	gene_A*	3.000000	5.000000	1.400000
84.999001	gene_B	173.000000	54.000000	0.407407
84.999001	gene_C	87.000000	45.000000	0.244444
84.999001	gene_D	45.000000	41.000000	0.268293
84.999001	gene_E	31.000000	37.000000	0.216216
84.999001	gene_F	2.000000	21.000000	0.619048
84.999001	gene_G	0.000000	1.000000	0.000000
84.999001	gene_J	10.000000	31.000000	0.161290
84.999001	gene_K	82.000000	46.000000	0.173913
84.999001	promoter_A	1.000000	0.000000	0.000000
84.999001	promoter_B1	0.000000	0.000000	0.000000
84.999001	promoter_D	0.000000	0.000000	0.000000
89.999076	__gene_A*_rbs	5.000000	0.000000	0.000000
89.999076	__gene_A_rbs	5.000000	0.000000	0.000000
89.999076	__gene_B_rbs	58.000000	0.000000	0.000000
89.999076	__gene_C_rbs	46.000000	0.000000	0.000000
89.999076	__gene_D_rbs	42.000000	0.000000	0.000000
89.999076	__gene_E_rbs	41.000000	0.000000	0.000000
89.999076	__gene_F_rbs	23.000000	0.000000	0.000000
89.999076	__gene_G_rbs	3.000000	0.000000	0.000000
89.999076	__gene_H_rbs	1.000000	0.000000	0.000000
89.999076	__gene_J_rbs	31.000000	0.000000	0.000000
89.999076	__gene_K_rbs	47.000000	0.000000	0.000000
89.999076	__ribosome	2.000000	0.000000	0.000000
89.999076	bound_ecolipol	1894.000000	0.000000	0.000000
89.999076	bound_ribosome	100.000000	0.000000	0.000000
89.999076	ecoli_genome	106.000000	0.000000	0.000000
89.999076	ecoli_transcript	6933.000000	0.000000	0.000000
89.999076	ecolipol	51.000000	0.000000	0.000000
89.999076	gene_A	10.000000	5.000000	2.600000
89.999076	gene_A*	3.000000	5.000000	1.400000
89.999076	gene_B	186.000000	58.000000	0.241379
89.999076	gene_C	94.000000	48.000000	0.250000
89.999076	gene_D	50.000000	43.000000	0.209302
89.999076	gene_E	34.000000	41.000000	0.219512
89.999076	gene_F	3.000000	23.000000	0.782609
89.999076	gene_G	0.000000	3.000000	0.000000
89.999076	gene_H	0.000000	1.000000	0.000000
89.999076	gene_J	12.000000	34.000000	0.323529
89.999076	gene_K	90.000000	50.000000	0.100000
89.999076	promoter_A	1.000000	0.000000	0.000000
89.999076	promoter_B1	0.000000	0.000000	0.000000
89.999076	promoter_D	0.000000	0.000000	0.000000
94.999214	__gene_A*_rbs	5.000000	0.000000	0.000000
94.999214	__gene_A_rbs	5.000000	0.000000	0.000000
94.999214	__gene_B_rbs	61.000000	0.000000	0.000000
94.999214	__gene_C_rbs	52.000000	0.000000	0.000000
94.999214	__gene_D_rbs	46.000000	0.000000	0.000000
94.999214	__gene_E_rbs	42.000000	0.000000	0.000000
94.999214	__gene_F_rbs	24.000000	0.000000	0.000000
94.999214	__gene_G_rbs	5.000000	0.000000	0.000000
94.999214	__gene_H_rbs	1.000000	0.000000	0.000000
94.999214	__gene_J_rbs	38.000000	0.000000	0.000000
94.999214	__gene_K_rbs	50.000000	0.000000	0.000000
94.999214	__ribosome	1.000000	0.000000	0.000000
94.999214	bound_ecolipol	1893.000000	0.000000	0.000000
94.999214	bound_ribosome	100.000000	0.000000	0.000000
94.999214	ecoli_genome	107.000000	0.000000	0.000000
94.999214	ecoli_transcript	7317.000000	0.000000	0.000000
94.999214	ecolipol	48.000000	0.000000	0.000000
94.999214	gene_A	13.000000	5.000000	2.600000
94.999214	gene_A*	3.000000	5.000000	1.600000
94.999214	gene_B	193.000000	62.000000	0.209677
94.999214	gene_C	99.000000	52.000000	0.211538
94.999214	gene_D	53.000000	47.000000	0.255319
94.999214	gene_E	39.000000	44.000000	0.181818
94.999214	gene_F	4.000000	25.000000	0.760000
94.999214	gene_G	0.000000	5.000000	0.000000
94.999214	gene_H	0.000000	1.000000	0.000000
94.999214	gene_J	17.000000	38.000000	0.263158
94.999214	gene_K	94.000000	53.000000	0.094340
94.999214	promoter_A	1.000000	0.000000	0.000000
94.999214	promoter_B1	0.000000	0.000000	0.000000
94.999214	promoter_D	0.000000	0.000000	0.000000
99.999005	__gene_A*_rbs	5.000000	0.000000	0.000000
99.999005	__gene_A_rbs	5.000000	0.000000	0.000000
99.999005	__gene_B_rbs	65.000000	0.000000	0.000000
99.999005	__gene_C_rbs	54.000000	0.000000	0.000000
99.999005	__gene_D_rbs	51.000000	0.000000	0.000000
99.999005	__gene_E_rbs	45.000000	0.000000	0.000000
99.999005	__gene_F_rbs	26.000000	0.000000	0.000000
99.999005	__gene_G_rbs	7.000000	0.000000	0.000000
99.999005	__gene_H_rbs	1.000000	0.000000	0.000000
99.999005	__gene_J_rbs	40.000000	0.000000	0.000000
99.999005	__gene_K_rbs	56.000000	0.000000	0.000000
99.999005	__ribosome	3.000000	0.000000	0.000000
99.999005	bound_ecolipol	1897.000000	0.000000	0.000000
99.999005	bound_ribosome	100.000000	0.000000	0.000000
99.999005	ecoli_genome	103.000000	0.000000	0.000000
99.999005	ecoli_transcript	7721.000000	0.000000	0.000000
99.999005	ecolipol	43.000000	0.000000	0.000000
99.999005	gene_A	15.000000	6.000000	2.000000
99.999005	gene_A*	5.000000	5.000000	1.200000
99.999005	gene_B	198.000000	66.000000	0.181818
99.999005	gene_C	106.000000	55.000000	0.218182
99.999005	gene_D	56.000000	51.000000	0.274510
99.999005	gene_E	44.000000	47.000000	0.063830
99.999005	gene_F	4.000000	27.000000	0.777778
99.999005	gene_G	0.000000	7.000000	0.142857
99.999005	gene_H	0.000000	1.000000	0.000000
99.999005	gene_J	22.000000	41.000000	0.268293
99.999005	gene_K	97.000000	57.000000	0.087719
99.999005	promoter_A	1.000000	0.000000	0.000000
99.999005	promoter_B1	0.000000	0.000000	0.000000
99.999005	promoter_D	0.000000	0.000000	0.000000
104.999008	__gene_A*_rbs	5.000000	0.000000	0.000000
104.999008	__gene_A_rbs	6.000000	0.000000	0.000000
104.999008	__gene_B_rbs	68.000000	0.000000	0.000000
104.999008	__gene_C_rbs	57.000000	0.000000	0.000000
104.999008	__gene_D_rbs	53.000000	0.000000	0.000000
104.999008	__gene_E_rbs	49.000000	0.000000	0.000000
104.999008	__gene_F_rbs	29.000000	0.000000	0.000000
104.999008	__gene_G_rbs	7.000000	0.000000	0.000000
104.999008	__gene_H_rbs	3.000000	0.000000	0.000000
104.999008	__gene_J_rbs	44.000000	0.000000	0.000000
104.999008	__gene_K_rbs	57.000000	0.000000	0.000000
104.999008	__ribosome	0.000000	0.000000	0.000000
104.999008	bound_ecolipol	1892.000000	0.000000	0.000000
104.999008	bound_ribosome	100.000000	0.000000	0.000000
104.999008	ecoli_genome	108.000000	0.000000	0.000000
104.999008	ecoli_transcript	8112.000000	0.000000	0.000000
104.999008	ecolipol	47.000000	0.000000	0.000000
104.999008	gene_A	15.000000	6.000000	2.000000
104.999008	gene_A*	6.000000	5.000000	1.000000
104.999008	gene_B	202.000000	68.000000	0.176471
104.999008	gene_C	110.000000	59.000000	0.203390
104.999008	gene_D	58.000000	55.000000	0.309091
104.999008	gene_E	47.000000	51.000000	0.039216
104.999008	gene_F	5.000000	29.000000	0.724138
104.999008	gene_G	0.000000	7.000000	0.142857
104.999008	gene_H	0.000000	3.000000	0.000000
104.999008	gene_J	25.000000	45.000000	0.266667
104.999008	gene_K	102.000000	61.000000	0.098361
104.999008	promoter_A	1.000000	0.000000	0.000000
104.999008	promoter_B1	0.000000	0.000000	0.000000
104.999008	promoter_D	0.000000	0.000000	0.000000
109.999199	__gene_A*_rbs	4.000000	0.000000	0.000000
109.999199	__gene_A_rbs	6.000000	0.000000	0.000000
109.999199	__gene_B_rbs	71.000000	0.000000	0.000000
109.999199	__gene_C_rbs	61.000000	0.000000	0.000000
109.999199	__gene_D_rbs	58.000000	0.000000	0.000000
109.999199	__gene_E_rbs	52.000000	0.000000	0.000000
109.999199	__gene_F_rbs	30.000000	0.000000	0.000000
109.999199	__gene_G_rbs	9.000000	0.000000	0.000000
109.999199	__gene_H_rbs	5.000000	0.000000	0.000000
109.999199	__gene_J_rbs	47.000000	0.000000	0.000000
109.999199	__gene_K_rbs	64.000000	0.000000	0.000000
109.999199	__ribosome	0.000000	0.000000	0.000000
109.999199	bound_ecolipol	1891.000000	0.000000	0.000000
109.999199	bound_ribosome	100.000000	0.000000	0.000000
109.999199	ecoli_genome	109.000000	0.000000	0.000000
109.999199	ecoli_transcript	8499.000000	0.000000	0.000000
109.999199	ecolipol	48.000000	0.000000	0.000000
109.999199	gene_A	18.000000	6.000000	1.500000
109.999199	gene_A*	8.000000	5.000000	0.800000
109.999199	gene_B	208.000000	72.000000	0.208333
109.999199	gene_C	119.000000	62.000000	0.080645
109.999199	gene_D	64.000000	58.000000	0.258621
109.999199	gene_E	47.000000	54.000000	0.129630
109.999199	gene_F	7.000000	30.000000	0.666667
109.999199	gene_G	0.000000	9.000000	0.333333
109.999199	gene_H	0.000000	5.000000	0.000000
109.999199	gene_J	26.000000	48.000000	0.312500
109.999199	gene_K	105.000000	65.000000	0.107692
109.999199	promoter_A	1.000000	0.000000	0.000000
109.999199	promoter_B1	0.000000	0.000000	0.000000
109.999199	promoter_D	0.000000	0.000000	0.000000
114.999813	__gene_A*_rbs	6.000000	0.000000	0.000000
114.999813	__gene_A_rbs	6.000000	0.000000	0.000000
114.999813	__gene_B_rbs	76.000000	0.000000	0.000000
114.999813	__gene_C_rbs	65.000000	0.000000	0.000000
114.999813	__gene_D_rbs	61.000000	0.000000	0.000000
114.999813	__gene_E_rbs	56.000000	0.000000	0.000000
114.999813	__gene_F_rbs	32.000000	0.000000	0.000000
114.999813	__gene_G_rbs	12.000000	0.000000	0.000000
114.999813	__gene_H_rbs	7.000000	0.000000	0.000000
114.999813	__gene_J_rbs	50.000000	0.000000	0.000000
114.999813	__gene_K_rbs	66.000000	0.000000	0.000000
114.999813	__ribosome	0.000000	0.000000	0.000000
114.999813	bound_ecolipol	1888.000000	0.000000	0.000000
114.999813	bound_ribosome	100.000000	0.000000	0.000000
114.999813	ecoli_genome	112.000000	0.000000	0.000000
114.999813	ecoli_transcript	8859.000000	0.000000	0.000000
114.999813	ecolipol	48.000000	0.000000	0.000000
114.999813	gene_A	19.000000	6.000000	1.333333
114.999813	gene_A*	8.000000	6.000000	0.666667
114.999813	gene_B	211.000000	76.000000	0.171053
114.999813	gene_C	122.000000	66.000000	0.045455
114.999813	gene_D	70.000000	61.000000	0.262295
114.999813	gene_E	49.000000	58.000000	0.155172
114.999813	gene_F	9.000000	32.000000	0.656250
114.999813	gene_G	0.000000	12.000000	0.250000
114.999813	gene_H	0.000000	7.000000	0.000000
114.999813	gene_J	32.000000	52.000000	0.346154
114.999813	gene_K	110.000000	68.000000	0.073529
114.999813	promoter_A	1.000000	0.000000	0.000000
114.999813	promoter_B1	0.000000	0.000000	0.000000
114.999813	promoter_D	0.000000	0.000000	0.000000
119.999350	__gene_A*_rbs	6.000000	0.000000	0.000000
119.999350	__gene_A_rbs	6.000000	0.000000	0.000000
119.999350	__gene_B_rbs	80.000000	0.000000	0.000000
119.999350	__gene_C_rbs	68.000000	0.000000	0.000000
119.999350	__gene_D_rbs	64.000000	0.000000	0.000000
119.999350	__gene_E_rbs	60.000000	0.000000	0.000000
119.999350	__gene_F_rbs	34.000000	0.000000	0.000000
119.999350	__gene_G_rbs	13.000000	0.000000	0.000000
119.999350	__gene_H_rbs	7.000000	0.000000	0.000000
119.999350	__gene_J_rbs	53.000000	0.000000	0.000000
119.999350	__gene_K_rbs	71.000000	0.000000	0.000000
119.999350	__ribosome	0.000000	0.000000	0.000000
119.999350	bound_ecolipol	1887.000000	0.000000	0.000000
119.999350	bound_ribosome	100.000000	0.000000	0.000000
119.999350	ecoli_genome	113.000000	0.000000	0.000000
119.999350	ecoli_transcript	9238.000000	0.000000	0.000000
119.999350	ecolipol	50.000000	0.000000	0.000000
119.999350	gene_A	20.000000	6.000000	1.333333
119.999350	gene_A*	10.000000	6.000000	0.333333
119.999350	gene_B	220.000000	80.000000	0.062500
119.999350	gene_C	124.000000	70.000000	0.085714
119.999350	gene_D	74.000000	65.000000	0.246154
119.999350	gene_E	54.000000	61.000000	0.163934
119.999350	gene_F	12.000000	34.000000	0.617647
119.999350	gene_G	1.000000	13.000000	0.153846
119.999350	gene_H	0.000000	7.000000	0.142857
119.999350	gene_J	35.000000	56.000000	0.357143
119.999350	gene_K	114.000000	71.000000	0.126761
119.999350	promoter_A	1.000000	0.000000	0.000000
119.999350	promoter_B1	0.000000	0.000000	0.000000
119.999350	promoter_D	0.000000	0.000000	0.000000
124.999160	__gene_A*_rbs	6.000000	0.000000	0.000000
124.999160	__gene_A_rbs	7.000000	0.000000	0.000000
124.999160	__gene_B_rbs	84.000000	0.000000	0.000000
124.999160	__gene_C_rbs	73.000000	0.000000	0.000000
124.999160	__gene_D_rbs	68.000000	0.000000	0.000000
124.999160	__gene_E_rbs	64.000000	0.000000	0.000000
124.999160	__gene_F_rbs	38.000000	0.000000	0.000000
124.999160	__gene_G_rbs	15.000000	0.000000	0.000000
124.999160	__gene_H_rbs	9.000000	0.000000	0.000000
124.999160	__gene_J_rbs	57.000000	0.000000	0.000000
124.999160	__gene_K_rbs	75.000000	0.000000	0.000000
124.999160	__ribosome	0.000000	0.000000	0.000000
124.999160	bound_ecolipol	1889.000000	0.000000	0.000000
124.999160	bound_ribosome	100.000000	0.000000	0.000000
124.999160	ecoli_genome	111.000000	0.000000	0.000000
124.999160	ecoli_transcript	9620.000000	0.000000	0.000000
124.999160	ecolipol	48.000000	0.000000	0.000000
124.999160	gene_A	20.000000	7.000000	1.142857
124.999160	gene_A*	10.000000	6.000000	0.333333
124.999160	gene_B	224.000000	84.000000	0.083333
124.999160	gene_C	125.000000	73.000000	0.136986
124.999160	gene_D	79.000000	69.000000	0.275362
124.999160	gene_E	58.000000	65.000000	0.123077
124.999160	gene_F	13.000000	38.000000	0.578947
124.999160	gene_G	2.000000	15.000000	0.066667
124.999160	gene_H	0.000000	9.000000	0.111111
124.999160	gene_J	39.000000	59.000000	0.305085
124.999160	gene_K	123.000000	75.000000	0.053333
124.999160	promoter_A	1.000000	0.000000	0.000000
124.999160	promoter_B1	0.000000	0.000000	0.000000
124.999160	promoter_D	0.000000	0.000000	0.000000
129.999008	__gene_A*_rbs	6.000000	0.000000	0.000000
129.999008	__gene_A_rbs	7.000000	0.000000	0.000000
129.999008	__gene_B_rbs	86.000000	0.000000	0.000000
129.999008	__gene_C_rbs	77.000000	0.000000	0.000000
129.999008	__gene_D_rbs	71.000000	0.000000	0.000000
129.999008	__gene_E_rbs	66.000000	0.000000	0.000000
129.999008	__gene_F_rbs	40.000000	0.000000	0.000000
129.999008	__gene_G_rbs	16.000000	0.000000	0.000000
129.999008	__gene_H_rbs	10.000000	0.000000	0.000000
129.999008	__gene_J_rbs	62.000000	0.000000	0.000000
129.999008	__gene_K_rbs	79.000000	0.000000	0.000000
129.999008	__ribosome	2.000000	0.000000	0.000000
129.999008	bound_ecolipol	1886.000000	0.000000	0.000000
129.999008	bound_ribosome	100.000000	0.000000	0.000000
129.999008	ecoli_genome	114.000000	0.000000	0.000000
129.999008	ecoli_transcript	10030.000000	0.000000	0.000000
129.999008	ecolipol	50.000000	0.000000	0.000000
129.999008	gene_A	20.000000	7.000000	1.142857
129.999008	gene_A*	11.000000	6.000000	0.333333
129.999008	gene_B	224.000000	87.000000	0.126437
129.999008	gene_C	131.000000	77.000000	0.116883
129.999008	gene_D	86.000000	72.000000	0.222222
129.999008	gene_E	64.000000	68.000000	0.058824
129.999008	gene_F	18.000000	40.000000	0.475000
129.999008	gene_G	3.000000	16.000000	0.000000
129.999008	gene_H	0.000000	10.000000	0.100000
129.999008	gene_J	39.000000	62.000000	0.354839
129.999008	gene_K	126.000000	79.000000	0.075949
129.999008	promoter_A	1.000000	0.000000	0.000000
129.999008	promoter_B1	0.000000	0.000000	0.000000
129.999008	promoter_D	0.000000	0.000000	0.000000
134.999821	__gene_A*_rbs	6.000000	0.000000	0.000000
134.999821	__gene_A_rbs	8.000000	0.000000	0.000000
134.999821	__gene_B_rbs	91.000000	0.000000	0.000000
134.999821	__gene_C_rbs	79.000000	0.000000	0.000000
134.999821	__gene_D_rbs	76.000000	0.000000	0.000000
134.999821	__gene_E_rbs	71.000000	0.000000	0.000000
134.999821	__gene_F_rbs	42.000000	0.000000	0.000000
134.999821	__gene_G_rbs	18.000000	0.000000	0.000000
134.999821	__gene_H_rbs	12.000000	0.000000	0.000000
134.999821	__gene_J_rbs	65.000000	0.000000	0.000000
134.999821	__gene_K_rbs	79.000000	0.000000	0.000000
134.999821	__ribosome	1.000000	0.000000	0.000000
134.999821	bound_ecolipol	1889.000000	0.000000	0.000000
134.999821	bound_ribosome	100.000000	0.000000	0.000000
134.999821	ecoli_genome	111.000000	0.000000	0.000000
134.999821	ecoli_transcript	10398.000000	0.000000	0.000000
134.999821	ecolipol	44.000000	0.000000	0.000000
134.999821	gene_A	21.000000	8.000000	0.875000
134.999821	gene_A*	11.000000	6.000000	0.333333
134.999821	gene_B	228.000000	91.000000	0.109890
134.999821	gene_C	135.000000	80.000000	0.112500
134.999821	gene_D	90.000000	76.000000	0.184211
134.999821	gene_E	66.000000	71.000000	0.112676
134.999821	gene_F	22.000000	42.000000	0.380952
134.999821	gene_G	3.000000	18.000000	0.055556
134.999821	gene_H	0.000000	12.000000	0.166667
134.999821	gene_J	41.000000	66.000000	0.393939
134.999821	gene_K	132.000000	82.000000	0.048780
134.999821	promoter_A	0.000000	0.000000	0.000000
134.999821	promoter_B1	0.000000	0.000000	0.000000
134.999821	promoter_D	0.000000	0.000000	0.000000
139.999013	__gene_A*_rbs	7.000000	0.000000	0.000000
139.999013	__gene_A_rbs	8.000000	0.000000	0.000000
139.999013	__gene_B_rbs	93.000000	0.000000	0.000000
139.999013	__gene_C_rbs	84.000000	0.000000	0.000000
139.999013	__gene_D_rbs	78.000000	0.000000	0.000000
139.999013	__gene_E_rbs	75.000000	0.000000	0.000000
139.999013	__gene_F_rbs	46.000000	0.000000	0.000000
139.999013	__gene_G_rbs	20.000000	0.000000	0.000000
139.999013	__gene_H_rbs	14.000000	0.000000	0.000000
139.999013	__gene_J_rbs	68.000000	0.000000	0.000000
139.999013	__gene_K_rbs	85.000000	0.000000	0.000000
139.999013	__ribosome	1.000000	0.000000	0.000000
139.999013	bound_ecolipol	1881.000000	0.000000	0.000000
139.999013	bound_ribosome	100.000000	0.000000	0.000000
139.999013	ecoli_genome	119.000000	0.000000	0.000000
139.999013	ecoli_transcript	10768.000000	0.000000	0.000000
139.999013	ecolipol	51.000000	0.000000	0.000000
139.999013	gene_A	23.000000	8.000000	0.875000
139.999013	gene_A*	12.000000	7.000000	0.142857
139.999013	gene_B	234.000000	94.000000	0.095745
139.999013	gene_C	141.000000	84.000000	0.083333
139.999013	gene_D	98.000000	79.000000	0.126582
139.999013	gene_E	69.000000	75.000000	0.106667
139.999013	gene_F	23.000000	46.000000	0.434783
139.999013	gene_G	3.000000	20.000000	0.050000
139.999013	gene_H	0.000000	14.000000	0.214286
139.999013	gene_J	45.000000	69.000000	0.405797
139.999013	gene_K	136.000000	85.000000	0.058824
139.999013	promoter_A	1.000000	0.000000	0.000000
139.999013	promoter_B1	0.000000	0.000000	0.000000
139.999013	promoter_D	0.000000	0.000000	0.000000
144.999016	__gene_A*_rbs	7.000000	0.000000	0.000000
144.999016	__gene_A_rbs	9.000000	0.000000	0.000000
144.999016	__gene_B_rbs	96.000000	0.000000	0.000000
144.999016	__gene_C_rbs	85.000000	0.000000	0.000000
144.999016	__gene_D_rbs	82.000000	0.000000	0.000000
144.999016	__gene_E_rbs	76.000000	0.000000	0.000000
144.999016	__gene_F_rbs	49.000000	0.000000	0.000000
144.999016	__gene_G_rbs	20.000000	0.000000	0.000000
144.999016	__gene_H_rbs	15.000000	0.000000	0.000000
144.999016	__gene_J_rbs	72.000000	0.000000	0.000000
144.999016	__gene_K_rbs	88.000000	0.000000	0.000000
144.999016	__ribosome	0.000000	0.000000	0.000000
144.999016	bound_ecolipol	1883.000000	0.000000	0.000000
144.999016	bound_ribosome	100.000000	0.000000	0.000000
144.999016	ecoli_genome	117.000000	0.000000	0.000000
144.999016	ecoli_transcript	11179.000000	0.000000	0.000000
144.999016	ecolipol	46.000000	0.000000	0.000000
144.999016	gene_A	26.000000	9.000000	0.444444
144.999016	gene_A*	12.000000	7.000000	0.142857
144.999016	gene_B	235.000000	97.000000	0.164948
144.999016	gene_C	145.000000	87.000000	0.080460
144.999016	gene_D	101.000000	83.000000	0.156627
144.999016	gene_E	75.000000	79.000000	0.088608
144.999016	gene_F	25.000000	49.000000	0.387755
144.999016	gene_G	3.000000	20.000000	0.050000
144.999016	gene_H	0.000000	15.000000	0.200000
144.999016	gene_J	49.000000	72.000000	0.361111
144.999016	gene_K	141.000000	89.000000	0.033708
144.999016	promoter_A	1.000000	0.000000	0.000000
144.999016	promoter_B1	0.000000	0.000000	0.000000
144.999016	promoter_D	0.000000	0.000000	0.000000
149.999052	__gene_A*_rbs	8.000000	0.000000	0.000000
149.999052	__gene_A_rbs	9.000000	0.000000	0.000000
149.999052	__gene_B_rbs	101.000000	0.000000	0.000000
149.999052	__gene_C_rbs	91.000000	0.000000	0.000000
149.999052	__gene_D_rbs	86.000000	0.000000	0.000000
149.999052	__gene_E_rbs	83.000000	0.000000	0.000000
149.999052	__gene_F_rbs	51.000000	0.000000	0.000000
149.999052	__gene_G_rbs	22.000000	0.000000	0.000000
149.999052	__gene_H_rbs	16.000000	0.000000	0.000000
149.999052	__gene_J_rbs	76.000000	0.000000	0.000000
149.999052	__gene_K_rbs	91.000000	0.000000	0.000000
149.999052	__ribosome	1.000000	0.000000	0.000000
149.999052	bound_ecolipol	1885.000000	0.000000	0.000000
149.999052	bound_ribosome	100.000000	0.000000	0.000000
149.999052	ecoli_genome	115.000000	0.000000	0.000000
149.999052	ecoli_transcript	11590.000000	0.000000	0.000000
149.999052	ecolipol	44.000000	0.000000	0.000000
149.999052	gene_A	26.000000	9.000000	0.444444
149.999052	gene_A*	12.000000	8.000000	0.125000
149.999052	gene_B	241.000000	101.000000	0.118812
149.999052	gene_C	149.000000	91.000000	0.065934
149.999052	gene_D	104.000000	86.000000	0.151163
149.999052	gene_E	78.000000	83.000000	0.108434
149.999052	gene_F	27.000000	52.000000	0.384615
149.999052	gene_G	4.000000	22.000000	0.045455
149.999052	gene_H	0.000000	16.000000	0.187500
149.999052	gene_J	51.000000	76.000000	0.328947
149.999052	gene_K	144.000000	93.000000	0.053763
149.999052	promoter_A	1.000000	0.000000	0.000000
149.999052	promoter_B1	0.000000	0.000000	0.000000
149.999052	promoter_D	0.000000	0.000000	0.000000
154.999064	__gene_A*_rbs	8.000000	0.000000	0.000000
154.999064	__gene_A_rbs	9.000000	0.000000	0.000000
154.999064	__gene_B_rbs	105.000000	0.000000	0.000000
154.999064	__gene_C_rbs	94.000000	0.000000	0.000000
154.999064	__gene_D_rbs	88.000000	0.000000	0.000000
154.999064	__gene_E_rbs	86.000000	0.000000	0.000000
154.999064	__gene_F_rbs	55.000000	0.000000	0.000000
154.999064	__gene_G_rbs	22.000000	0.000000	0.000000
154.999064	__gene_H_rbs	18.000000	0.000000	0.000000
154.999064	__gene_J_rbs	80.000000	0.000000	0.000000
154.999064	__gene_K_rbs	96.000000	0.000000	0.000000
154.999064	__ribosome	0.000000	0.000000	0.000000
154.999064	bound_ecolipol	1886.000000	0.000000	0.000000
154.999064	bound_ribosome	100.000000	0.000000	0.000000
154.999064	ecoli_genome	114.000000	0.000000	0.000000
154.999064	ecoli_transcript	11978.000000	0.000000	0.000000
154.999064	ecolipol	43.000000	0.000000	0.000000
154.999064	gene_A	27.000000	9.000000	0.444444
154.999064	gene_A*	12.000000	8.000000	0.125000
154.999064	gene_B	248.000000	105.000000	0.104762
154.999064	gene_C	152.000000	95.000000	0.052632
154.999064	gene_D	108.000000	89.000000	0.123596
154.999064	gene_E	83.000000	86.000000	0.093023
154.999064	gene_F	28.000000	55.000000	0.363636
154.999064	gene_G	4.000000	24.000000	0.166667
154.999064	gene_H	0.000000	18.000000	0.222222
154.999064	gene_J	52.000000	80.000000	0.337500
154.999064	gene_K	147.000000	97.000000	0.051546
154.999064	promoter_A	1.000000	0.000000	0.000000
154.999064	promoter_B1	0.000000	0.000000	0.000000
154.999064	promoter_D	0.000000	0.000000	0.000000
159.999030	__gene_A*_rbs	9.000000	0.000000	0.000000
159.999030	__gene_A_rbs	9.000000	0.000000	0.000000
159.999030	__gene_B_rbs	109.000000	0.000000	0.000000
159.999030	__gene_C_rbs	96.000000	0.000000	0.000000
159.999030	__gene_D_rbs	92.000000	0.000000	0.000000
159.999030	__gene_E_rbs	89.000000	0.000000	0.000000
159.999030	__gene_F_rbs	58.000000	0.000000	0.000000
159.999030	__gene_G_rbs	26.000000	0.000000	0.000000
159.999030	__gene_H_rbs	17.000000	0.000000	0.000000
159.999030	__gene_J_rbs	81.000000	0.000000	0.000000
159.999030	__gene_K_rbs	99.000000	0.000000	0.000000
159.999030	__ribosome	0.000000	0.000000	0.000000
159.999030	bound_ecolipol	1886.000000	0.000000	0.000000
159.999030	bound_ribosome	100.000000	0.000000	0.000000
159.999030	ecoli_genome	114.000000	0.000000	0.000000
159.999030	ecoli_transcript	12387.000000	0.000000	0.000000
159.999030	ecolipol	43.000000	0.000000	0.000000
159.999030	gene_A	27.000000	9.000000	0.444444
159.999030	gene_A*	12.000000	9.000000	0.222222
159.999030	gene_B	252.000000	109.000000	0.073394
159.999030	gene_C	155.000000	98.000000	0.040816
159.999030	gene_D	113.000000	94.000000	0.117021
159.999030	gene_E	88.000000	89.000000	0.089888
159.999030	gene_F	31.000000	58.000000	0.310345
159.999030	gene_G	4.000000	26.000000	0.153846
159.999030	gene_H	0.000000	18.000000	0.277778
159.999030	gene_J	55.000000	83.000000	0.361446
159.999030	gene_K	151.000000	100.000000	0.060000
159.999030	promoter_A	1.000000	0.000000	0.000000
159.999030	promoter_B1	0.000000	0.000000	0.000000
159.999030	promoter_D	0.000000	0.000000	0.000000
164.999282	__gene_A*_rbs	9.000000	0.000000	0.000000
164.999282	__gene_A_rbs	9.000000	0.000000	0.000000
164.999282	__gene_B_rbs	111.000000	0.000000	0.000000
164.999282	__gene_C_rbs	100.000000	0.000000	0.000000
164.999282	__gene_D_rbs	97.000000	0.000000	0.000000
164.999282	__gene_E_rbs	91.000000	0.000000	0.000000
164.999282	__gene_F_rbs	60.000000	0.000000	0.000000
164.999282	__gene_G_rbs	29.000000	0.000000	0.000000
164.999282	__gene_H_rbs	19.000000	0.000000	0.000000
164.999282	__gene_J_rbs	86.000000	0.000000	0.000000
164.999282	__gene_K_rbs	103.000000	0.000000	0.000000
164.999282	__ribosome	0.000000	0.000000	0.000000
164.999282	bound_ecolipol	1885.000000	0.000000	0.000000
164.999282	bound_ribosome	100.000000	0.000000	0.000000
164.999282	ecoli_genome	115.000000	0.000000	0.000000
164.999282	ecoli_transcript	12754.000000	0.000000	0.000000
164.999282	ecolipol	44.000000	0.000000	0.000000
164.999282	gene_A	27.000000	9.000000	0.555556
164.999282	gene_A*	13.000000	9.000000	0.111111
164.999282	gene_B	257.000000	112.000000	0.089286
164.999282	gene_C	158.000000	102.000000	0.058824
164.999282	gene_D	117.000000	97.000000	0.113402
164.999282	gene_E	91.000000	93.000000	0.064516
164.999282	gene_F	34.000000	60.000000	0.266667
164.999282	gene_G	4.000000	29.000000	0.172414
164.999282	gene_H	0.000000	20.000000	0.250000
164.999282	gene_J	57.000000	87.000000	0.356322
164.999282	gene_K	157.000000	104.000000	0.038462
164.999282	promoter_A	1.000000	0.000000	0.000000
164.999282	promoter_B1	0.000000	0.000000	0.000000
164.999282	promoter_D	0.000000	0.000000	0.000000
169.999344	__gene_A*_rbs	9.000000	0.000000	0.000000
169.999344	__gene_A_rbs	10.000000	0.000000	0.000000
169.999344	__gene_B_rbs	116.000000	0.000000	0.000000
169.999344	__gene_C_rbs	106.000000	0.000000	0.000000
169.999344	__gene_D_rbs	101.000000	0.000000	0.000000
169.999344	__gene_E_rbs	95.000000	0.000000	0.000000
169.999344	__gene_F_rbs	62.000000	0.000000	0.000000
169.999344	__gene_G_rbs	31.000000	0.000000	0.000000
169.999344	__gene_H_rbs	22.000000	0.000000	0.000000
169.999344	__gene_J_rbs	90.000000	0.000000	0.000000
169.999344	__gene_K_rbs	108.000000	0.000000	0.000000
169.999344	__ribosome	0.000000	0.000000	0.000000
169.999344	bound_ecolipol	1877.000000	0.000000	0.000000
169.999344	bound_ribosome	100.000000	0.000000	0.000000
169.999344	ecoli_genome	123.000000	0.000000	0.000000
169.999344	ecoli_transcript	13140.000000	0.000000	0.000000
169.999344	ecolipol	51.000000	0.000000	0.000000
169.999344	gene_A	28.000000	10.000000	0.400000
169.999344	gene_A*	13.000000	9.000000	0.222222
169.999344	gene_B	260.000000	116.000000	0.086207
169.999344	gene_C	159.000000	106.000000	0.066038
169.999344	gene_D	119.000000	101.000000	0.108911
169.999344	gene_E	96.000000	96.000000	0.052083
169.999344	gene_F	36.000000	62.000000	0.241935
169.999344	gene_G	6.000000	31.000000	0.161290
169.999344	gene_H	0.000000	22.000000	0.227273
169.999344	gene_J	59.000000	90.000000	0.377778
169.999344	gene_K	161.000000	108.000000	0.018519
169.999344	promoter_A	1.000000	0.000000	0.000000
169.999344	promoter_B1	0.000000	0.000000	0.000000
169.999344	promoter_D	0.000000	0.000000	0.000000
174.999372	__gene_A*_rbs	9.000000	0.000000	0.000000
174.999372	__gene_A_rbs	11.000000	0.000000	0.000000
174.999372	__gene_B_rbs	119.000000	0.000000	0.000000
174.999372	__gene_C_rbs	110.000000	0.000000	0.000000
174.999372	__gene_D_rbs	103.000000	0.000000	0.000000
174.999372	__gene_E_rbs	100.000000	0.000000	0.000000
174.999372	__gene_F_rbs	63.000000	0.000000	0.000000
174.999372	__gene_G_rbs	32.000000	0.000000	0.000000
174.999372	__gene_H_rbs	24.000000	0.000000	0.000000
174.999372	__gene_J_rbs	93.000000	0.000000	0.000000
174.999372	__gene_K_rbs	112.000000	0.000000	0.000000
174.999372	__ribosome	0.000000	0.000000	0.000000
174.999372	bound_ecolipol	1880.000000	0.000000	0.000000
174.999372	bound_ribosome	100.000000	0.000000	0.000000
174.999372	ecoli_genome	120.000000	0.000000	0.000000
174.999372	ecoli_transcript	13510.000000	0.000000	0.000000
174.999372	ecolipol	47.000000	0.000000	0.000000
174.999372	gene_A	28.000000	11.000000	0.363636
174.999372	gene_A*	13.000000	9.000000	0.333333
174.999372	gene_B	265.000000	120.000000	0.058333
174.999372	gene_C	164.000000	110.000000	0.045455
174.999372	gene_D	123.000000	104.000000	0.096154
174.999372	gene_E	98.000000	100.000000	0.060000
174.999372	gene_F	37.000000	63.000000	0.269841
174.999372	gene_G	8.000000	32.000000	0.093750
174.999372	gene_H	0.000000	24.000000	0.250000
174.999372	gene_J	60.000000	94.000000	0.372340
174.999372	gene_K	162.000000	112.000000	0.035714
174.999372	promoter_A	1.000000	0.000000	0.000000
174.999372	promoter_B1	0.000000	0.000000	0.000000
174.999372	promoter_D	0.000000	0.000000	0.000000
179.999252	__gene_A*_rbs	9.000000	0.000000	0.000000
179.999252	__gene_A_rbs	11.000000	0.000000	0.000000
179.999252	__gene_B_rbs	123.000000	0.000000	0.000000
179.999252	__gene_C_rbs	112.000000	0.000000	0.000000
179.999252	__gene_D_rbs	107.000000	0.000000	0.000000
179.999252	__gene_E_rbs	104.000000	0.000000	0.000000
179.999252	__gene_F_rbs	67.000000	0.000000	0.000000
179.999252	__gene_G_rbs	36.000000	0.000000	0.000000
179.999252	__gene_H_rbs	27.000000	0.000000	0.000000
179.999252	__gene_J_rbs	98.000000	0.000000	0.000000
179.999252	__gene_K_rbs	115.000000	0.000000	0.000000
179.999252	__ribosome	1.000000	0.000000	0.000000
179.999252	bound_ecolipol	1885.000000	0.000000	0.000000
179.999252	bound_ribosome	100.000000	0.000000	0.000000
179.999252	ecoli_genome	115.000000	0.000000	0.000000
179.999252	ecoli_transcript	13887.000000	0.000000	0.000000
179.999252	ecolipol	41.000000	0.000000	0.000000
179.999252	gene_A	28.000000	11.000000	0.454545
179.999252	gene_A*	13.000000	9.000000	0.333333
179.999252	gene_B	270.000000	123.000000	0.032520
179.999252	gene_C	166.000000	113.000000	0.026549
179.999252	gene_D	128.000000	108.000000	0.074074
179.999252	gene_E	101.000000	104.000000	0.057692
179.999252	gene_F	39.000000	67.000000	0.313433
179.999252	gene_G	8.000000	36.000000	0.083333
179.999252	gene_H	0.000000	27.000000	0.222222
179.999252	gene_J	62.000000	98.000000	0.367347
179.999252	gene_K	166.000000	115.000000	0.034783
179.999252	promoter_A	1.000000	0.000000	0.000000
179.999252	promoter_B1	0.000000	0.000000	0.000000
179.999252	promoter_D	0.000000	0.000000	0.000000
184.999052	__gene_A*_rbs	10.000000	0.000000	0.000000
184.999052	__gene_A_rbs	12.000000	0.000000	0.000000
184.999052	__gene_B_rbs	126.000000	0.000000	0.000000
184.999052	__gene_C_rbs	116.000000	0.000000	0.000000
184.999052	__gene_D_rbs	111.000000	0.000000	0.000000
184.999052	__gene_E_rbs	107.000000	0.000000	0.000000
184.999052	__gene_F_rbs	69.000000	0.000000	0.000000
184.999052	__gene_G_rbs	36.000000	0.000000	0.000000
184.999052	__gene_H_rbs	28.000000	0.000000	0.000000
184.999052	__gene_J_rbs	100.000000	0.000000	0.000000
184.999052	__gene_K_rbs	119.000000	0.000000	0.000000
184.999052	__ribosome	0.000000	0.000000	0.000000
184.999052	bound_ecolipol	1873.000000	0.000000	0.000000
184.999052	bound_ribosome	100.000000	0.000000	0.000000
184.999052	ecoli_genome	127.000000	0.000000	0.000000
184.999052	ecoli_transcript	14245.000000	0.000000	0.000000
184.999052	ecolipol	52.000000	0.000000	0.000000
184.999052	gene_A	28.000000	12.000000	0.500000
184.999052	gene_A*	13.000000	10.000000	0.300000
184.999052	gene_B	271.000000	127.000000	0.062992
184.999052	gene_C	169.000000	117.000000	0.025641
184.999052	gene_D	130.000000	112.000000	0.080357
184.999052	gene_E	104.000000	108.000000	0.064815
184.999052	gene_F	43.000000	69.000000	0.260870
184.999052	gene_G	11.000000	36.000000	0.000000
184.999052	gene_H	0.000000	28.000000	0.214286
184.999052	gene_J	63.000000	101.000000	0.366337
184.999052	gene_K	170.000000	119.000000	0.025210
184.999052	promoter_A	1.000000	0.000000	0.000000
184.999052	promoter_B1	0.000000	0.000000	0.000000
184.999052	promoter_D	0.000000	0.000000	0.000000
189.999439	__gene_A*_rbs	11.000000	0.000000	0.000000
189.999439	__gene_A_rbs	12.000000	0.000000	0.000000
189.999439	__gene_B_rbs	130.000000	0.000000	0.000000
189.999439	__gene_C_rbs	120.000000	0.000000	0.000000
189.999439	__gene_D_rbs	115.000000	0.000000	0.000000
189.999439	__gene_E_rbs	112.000000	0.000000	0.000000
189.999439	__gene_F_rbs	71.000000	0.000000	0.000000
189.999439	__gene_G_rbs	38.000000	0.000000	0.000000
189.999439	__gene_H_rbs	31.000000	0.000000	0.000000
189.999439	__gene_J_rbs	104.000000	0.000000	0.000000
189.999439	__gene_K_rbs	122.000000	0.000000	0.000000
189.999439	__ribosome	0.000000	0.000000	0.000000
189.999439	bound_ecolipol	1887.000000	0.000000	0.000000
189.999439	bound_ribosome	100.000000	0.000000	0.000000
189.999439	ecoli_genome	113.000000	0.000000	0.000000
189.999439	ecoli_transcript	14613.000000	0.000000	0.000000
189.999439	ecolipol	39.000000	0.000000	0.000000
189.999439	gene_A	29.000000	12.000000	0.416667
189.999439	gene_A*	13.000000	11.000000	0.272727
189.999439	gene_B	273.000000	131.000000	0.068702
189.999439	gene_C	169.000000	120.000000	0.050000
189.999439	gene_D	133.000000	116.000000	0.060345
189.999439	gene_E	107.000000	112.000000	0.062500
189.999439	gene_F	44.000000	71.000000	0.239437
189.999439	gene_G	11.000000	38.000000	0.026316
189.999439	gene_H	0.000000	31.000000	0.193548
189.999439	gene_J	65.000000	105.000000	0.361905
189.999439	gene_K	173.000000	123.000000	0.008130
189.999439	promoter_A	1.000000	0.000000	0.000000
189.999439	promoter_B1	0.000000	0.000000	0.000000
189.999439	promoter_D	0.000000	0.000000	0.000000
194.999029	__gene_A*_rbs	11.000000	0.000000	0.000000
194.999029	__gene_A_rbs	12.000000	0.000000	0.000000
194.999029	__gene_B_rbs	133.000000	0.000000	0.000000
194.999029	__gene_C_rbs	123.000000	0.000000	0.000000
194.999029	__gene_D_rbs	119.000000	0.000000	0.000000
194.999029	__gene_E_rbs	115.000000	0.000000	0.000000
194.999029	__gene_F_rbs	72.000000	0.000000	0.000000
194.999029	__gene_G_rbs	40.000000	0.000000	0.000000
194.999029	__gene_H_rbs	33.000000	0.000000	0.000000
194.999029	__gene_J_rbs	108.000000	0.000000	0.000000
194.999029	__gene_K_rbs	126.000000	0.000000	0.000000
194.999029	__ribosome	0.000000	0.000000	0.000000
194.999029	bound_ecolipol	1870.000000	0.000000	0.000000
194.999029	bound_ribosome	100.000000	0.000000	0.000000
194.999029	ecoli_genome	130.000000	0.000000	0.000000
194.999029	ecoli_transcript	15030.000000	0.000000	0.000000
194.999029	ecolipol	57.000000	0.000000	0.000000
194.999029	gene_A	30.000000	12.000000	0.416667
194.999029	gene_A*	14.000000	11.000000	0.181818
194.999029	gene_B	278.000000	134.000000	0.052239
194.999029	gene_C	173.000000	124.000000	0.056452
194.999029	gene_D	136.000000	120.000000	0.058333
194.999029	gene_E	111.000000	115.000000	0.034783
194.999029	gene_F	48.000000	73.000000	0.219178
194.999029	gene_G	11.000000	40.000000	0.075000
194.999029	gene_H	0.000000	33.000000	0.212121
194.999029	gene_J	65.000000	108.000000	0.351852
194.999029	gene_K	174.000000	126.000000	0.031746
194.999029	promoter_A	1.000000	0.000000	0.000000
194.999029	promoter_B1	0.000000	0.000000	0.000000
194.999029	promoter_D	0.000000	0.000000	0.000000
199.999028	__gene_A*_rbs	12.000000	0.000000	0.000000
199.999028	__gene_A_rbs	12.000000	0.000000	0.000000
199.999028	__gene_B_rbs	137.000000	0.000000	0.000000
199.999028	__gene_C_rbs	128.000000	0.000000	0.000000
199.999028	__gene_D_rbs	123.000000	0.000000	0.000000
199.999028	__gene_E_rbs	117.000000	0.000000	0.000000
199.999028	__gene_F_rbs	76.000000	0.000000	0.000000
199.999028	__gene_G_rbs	43.000000	0.000000	0.000000
199.999028	__gene_H_rbs	34.000000	0.000000	0.000000
199.999028	__gene_J_rbs	111.000000	0.000000	0.000000
199.999028	__gene_K_rbs	129.000000	0.000000	0.000000
199.999028	__ribosome	1.000000	0.000000	0.000000
199.999028	bound_ecolipol	1885.000000	0.000000	0.000000
199.999028	bound_ribosome	100.000000	0.000000	0.000000
199.999028	ecoli_genome	115.000000	0.000000	0.000000
199.999028	ecoli_transcript	15412.000000	0.000000	0.000000
199.999028	ecolipol	42.000000	0.000000	0.000000
199.999028	gene_A	30.000000	12.000000	0.416667
199.999028	gene_A*	14.000000	12.000000	0.166667
199.999028	gene_B	281.000000	137.000000	0.036496
199.999028	gene_C	176.000000	128.000000	0.039062
199.999028	gene_D	137.000000	123.000000	0.097561
199.999028	gene_E	114.000000	118.000000	0.025424
199.999028	gene_F	49.000000	76.000000	0.197368
199.999028	gene_G	11.000000	43.000000	0.093023
199.999028	gene_H	0.000000	34.000000	0.205882
199.999028	gene_J	65.000000	112.000000	0.348214
199.999028	gene_K	178.000000	129.000000	0.015504
199.999028	promoter_A	1.000000	0.000000	0.000000
199.999028	promoter_B1	0.000000	0.000000	0.000000
199.999028	promoter_D	0.000000	0.000000	0.000000
204.999086	__gene_A*_rbs	12.000000	0.000000	0.000000
204.999086	__gene_A_rbs	12.000000	0.000000	0.000000
204.999086	__gene_B_rbs	139.000000	0.000000	0.000000
204.999086	__gene_C_rbs	128.000000	0.000000	0.000000
204.999086	__gene_D_rbs	127.000000	0.000000	0.000000
204.999086	__gene_E_rbs	121.000000	0.000000	0.000000
204.999086	__gene_F_rbs	79.000000	0.000000	0.000000
204.999086	__gene_G_rbs	44.000000	0.000000	0.000000
204.999086	__gene_H_rbs	34.000000	0.000000	0.000000
204.999086	__gene_J_rbs	115.000000	0.000000	0.000000
204.999086	__gene_K_rbs	133.000000	0.000000	0.000000
204.999086	__ribosome	0.000000	0.000000	0.000000
204.999086	bound_ecolipol	1886.000000	0.000000	0.000000
204.999086	bound_ribosome	100.000000	0.000000	0.000000
204.999086	ecoli_genome	114.000000	0.000000	0.000000
204.999086	ecoli_transcript	15808.000000	0.000000	0.000000
204.999086	ecolipol	42.000000	0.000000	0.000000
204.999086	gene_A	30.000000	12.000000	0.416667
204.999086	gene_A*	15.000000	12.000000	0.083333
204.999086	gene_B	284.000000	140.000000	0.057143
204.999086	gene_C	180.000000	131.000000	0.015267
204.999086	gene_D	140.000000	127.000000	0.078740
204.999086	gene_E	115.000000	122.000000	0.024590
204.999086	gene_F	50.000000	79.000000	0.189873
204.999086	gene_G	12.000000	44.000000	0.068182
204.999086	gene_H	0.000000	34.000000	0.205882
204.999086	gene_J	66.000000	116.000000	0.344828
204.999086	gene_K	180.000000	133.000000	0.045113
204.999086	promoter_A	1.000000	0.000000	0.000000
204.999086	promoter_B1	0.000000	0.000000	0.000000
204.999086	promoter_D	0.000000	0.000000	0.000000
209.999120	__gene_A*_rbs	11.000000	0.000000	0.000000
209.999120	__gene_A_rbs	12.000000	0.000000	0.000000
209.999120	__gene_B_rbs	144.000000	0.000000	0.000000
209.999120	__gene_C_rbs	133.000000	0.000000	0.000000
209.999120	__gene_D_rbs	131.000000	0.000000	0.000000
209.999120	__gene_E_rbs	126.000000	0.000000	0.000000
209.999120	__gene_F_rbs	83.000000	0.000000	0.000000
209.999120	__gene_G_rbs	46.000000	0.000000	0.000000
209.999120	__gene_H_rbs	37.000000	0.000000	0.000000
209.999120	__gene_J_rbs	118.000000	0.000000	0.000000
209.999120	__gene_K_rbs	136.000000	0.000000	0.000000
209.999120	__ribosome	0.000000	0.000000	0.000000
209.999120	bound_ecolipol	1879.000000	0.000000	0.000000
209.999120	bound_ribosome	100.000000	0.000000	0.000000
209.999120	ecoli_genome	121.000000	0.000000	0.000000
209.999120	ecoli_transcript	16178.000000	0.000000	0.000000
209.999120	ecolipol	51.000000	0.000000	0.000000
209.999120	gene_A	31.000000	12.000000	0.333333
209.999120	gene_A*	16.000000	12.000000	0.083333
209.999120	gene_B	286.000000	144.000000	0.062500
209.999120	gene_C	181.000000	135.000000	0.007407
209.999120	gene_D	143.000000	131.000000	0.076336
209.999120	gene_E	117.000000	126.000000	0.023810
209.999120	gene_F	50.000000	83.000000	0.204819
209.999120	gene_G	13.000000	46.000000	0.043478
209.999120	gene_H	0.000000	37.000000	0.189189
209.999120	gene_J	67.000000	119.000000	0.352941
209.999120	gene_K	185.000000	136.000000	0.029412
209.999120	promoter_A	1.000000	0.000000	0.000000
209.999120	promoter_B1	0.000000	0.000000	0.000000
209.999120	promoter_D	0.000000	0.000000	0.000000
214.999419	__gene_A*_rbs	12.000000	0.000000	0.000000
214.999419	__gene_A_rbs	12.000000	0.000000	0.000000
214.999419	__gene_B_rbs	146.000000	0.000000	0.000000
214.999419	__gene_C_rbs	139.000000	0.000000	0.000000
214.999419	__gene_D_rbs	133.000000	0.000000	0.000000
214.999419	__gene_E_rbs	129.000000	0.000000	0.000000
214.999419	__gene_F_rbs	86.000000	0.000000	0.000000
214.999419	__gene_G_rbs	47.000000	0.000000	0.000000
214.999419	__gene_H_rbs	38.000000	0.000000	0.000000
214.999419	__gene_J_rbs	123.000000	0.000000	0.000000
214.999419	__gene_K_rbs	140.000000	0.000000	0.000000
214.999419	__ribosome	0.000000	0.000000	0.000000
214.999419	bound_ecolipol	1884.000000	0.000000	0.000000
214.999419	bound_ribosome	100.000000	0.000000	0.000000
214.999419	ecoli_genome	116.000000	0.000000	0.000000
214.999419	ecoli_transcript	16535.000000	0.000000	0.000000
214.999419	ecolipol	46.000000	0.000000	0.000000
214.999419	gene_A	32.000000	12.000000	0.250000
214.999419	gene_A*	16.000000	12.000000	0.166667
214.999419	gene_B	287.000000	147.000000	0.074830
214.999419	gene_C	182.000000	139.000000	0.021583
214.999419	gene_D	148.000000	134.000000	0.074627
214.999419	gene_E	119.000000	130.000000	0.030769
214.999419	gene_F	52.000000	86.000000	0.186047
214.999419	gene_G	14.000000	47.000000	0.021277
214.999419	gene_H	0.000000	38.000000	0.184211
214.999419	gene_J	69.000000	123.000000	0.341463
214.999419	gene_K	189.000000	140.000000	0.007143
214.999419	promoter_A	1.000000	0.000000	0.000000
214.999419	promoter_B1	0.000000	0.000000	0.000000
214.999419	promoter_D	0.000000	0.000000	0.000000
219.999283	__gene_A*_rbs	12.000000	0.000000	0.000000
219.999283	__gene_A_rbs	12.000000	0.000000	0.000000
219.999283	__gene_B_rbs	151.000000	0.000000	0.000000
219.999283	__gene_C_rbs	140.000000	0.000000	0.000000
219.999283	__gene_D_rbs	135.000000	0.000000	0.000000
219.999283	__gene_E_rbs	131.000000	0.000000	0.000000
219.999283	__gene_F_rbs	88.000000	0.000000	0.000000
219.999283	__gene_G_rbs	48.000000	0.000000	0.000000
219.999283	__gene_H_rbs	39.000000	0.000000	0.000000
219.999283	__gene_J_rbs	125.000000	0.000000	0.000000
219.999283	__gene_K_rbs	143.000000	0.000000	0.000000
219.999283	__ribosome	0.000000	0.000000	0.000000
219.999283	bound_ecolipol	1891.000000	0.000000	0.000000
219.999283	bound_ribosome	100.000000	0.000000	0.000000
219.999283	ecoli_genome	109.000000	0.000000	0.000000
219.999283	ecoli_transcript	16898.000000	0.000000	0.000000
219.999283	ecolipol	39.000000	0.000000	0.000000
219.999283	gene_A	32.000000	12.000000	0.250000
219.999283	gene_A*	16.000000	12.000000	0.166667
219.999283	gene_B	294.000000	151.000000	0.033113
219.999283	gene_C	183.000000	141.000000	0.021277
219.999283	gene_D	149.000000	137.000000	0.116788
219.999283	gene_E	120.000000	134.000000	0.052239
219.999283	gene_F	57.000000	88.000000	0.136364
219.999283	gene_G	14.000000	48.000000	0.041667
219.999283	gene_H	0.000000	39.000000	0.179487
219.999283	gene_J	71.000000	127.000000	0.330709
219.999283	gene_K	190.000000	143.000000	0.006993
219.999283	promoter_A	1.000000	0.000000	0.000000
219.999283	promoter_B1	0.000000	0.000000	0.000000
219.999283	promoter_D	0.000000	0.000000	0.000000
224.999353	__gene_A*_rbs	12.000000	0.000000	0.000000
224.999353	__gene_A_rbs	14.000000	0.000000	0.000000
224.999353	__gene_B_rbs	155.000000	0.000000	0.000000
224.999353	__gene_C_rbs	144.000000	0.000000	0.000000
224.999353	__gene_D_rbs	141.000000	0.000000	0.000000
224.999353	__gene_E_rbs	133.000000	0.000000	0.000000
224.999353	__gene_F_rbs	91.000000	0.000000	0.000000
224.999353	__gene_G_rbs	52.000000	0.000000	0.000000
224.999353	__gene_H_rbs	40.000000	0.000000	0.000000
224.999353	__gene_J_rbs	130.000000	0.000000	0.000000
224.999353	__gene_K_rbs	145.000000	0.000000	0.000000
224.999353	__ribosome	1.000000	0.000000	0.000000
224.999353	bound_ecolipol	1875.000000	0.000000	0.000000
224.999353	bound_ribosome	100.000000	0.000000	0.000000
224.999353	ecoli_genome	125.000000	0.000000	0.000000
224.999353	ecoli_transcript	17294.000000	0.000000	0.000000
224.999353	ecolipol	54.000000	0.000000	0.000000
224.999353	gene_A	32.000000	14.000000	0.214286
224.999353	gene_A*	16.000000	12.000000	0.250000
224.999353	gene_B	297.000000	155.000000	0.019355
224.999353	gene_C	185.000000	145.000000	0.034483
224.999353	gene_D	154.000000	141.000000	0.085106
224.999353	gene_E	123.000000	137.000000	0.043796
224.999353	gene_F	61.000000	91.000000	0.109890
224.999353	gene_G	14.000000	52.000000	0.038462
224.999353	gene_H	0.000000	40.000000	0.175000
224.999353	gene_J	72.000000	131.000000	0.335878
224.999353	gene_K	191.000000	146.000000	0.027397
224.999353	promoter_A	1.000000	0.000000	0.000000
224.999353	promoter_B1	0.000000	0.000000	0.000000
224.999353	promoter_D	1.000000	0.000000	0.000000
229.999272	__gene_A*_rbs	12.000000	0.000000	0.000000
229.999272	__gene_A_rbs	14.000000	0.000000	0.000000
229.999272	__gene_B_rbs	159.000000	0.000000	0.000000
229.999272	__gene_C_rbs	148.000000	0.000000	0.000000
229.999272	__gene_D_rbs	144.000000	0.000000	0.000000
229.999272	__gene_E_rbs	141.000000	0.000000	0.000000
229.999272	__gene_F_rbs	94.000000	0.000000	0.000000
229.999272	__gene_G_rbs	53.000000	0.000000	0.000000
229.999272	__gene_H_rbs	41.000000	0.000000	0.000000
229.999272	__gene_J_rbs	132.000000	0.000000	0.000000
229.999272	__gene_K_rbs	147.000000	0.000000	0.000000
229.999272	__ribosome	0.000000	0.000000	0.000000
229.999272	bound_ecolipol	1888.000000	0.000000	0.000000
229.999272	bound_ribosome	100.000000	0.000000	0.000000
229.999272	ecoli_genome	112.000000	0.000000	0.000000
229.999272	ecoli_transcript	17686.000000	0.000000	0.000000
229.999272	ecolipol	39.000000	0.000000	0.000000
229.999272	gene_A	33.000000	14.000000	0.142857
229.999272	gene_A*	16.000000	12.000000	0.250000
229.999272	gene_B	299.000000	159.000000	0.012579
229.999272	gene_C	188.000000	148.000000	0.033784
229.999272	gene_D	157.000000	144.000000	0.069444
229.999272	gene_E	126.000000	141.000000	0.021277
229.999272	gene_F	61.000000	94.000000	0.106383
229.999272	gene_G	14.000000	53.000000	0.056604
229.999272	gene_H	0.000000	41.000000	0.195122
229.999272	gene_J	72.000000	134.000000	0.343284
229.999272	gene_K	195.000000	150.000000	0.053333
229.999272	promoter_A	1.000000	0.000000	0.000000
229.999272	promoter_B1	0.000000	0.000000	0.000000
229.999272	promoter_D	0.000000	0.000000	0.000000
234.999166	__gene_A*_rbs	12.000000	0.000000	0.000000
234.999166	__gene_A_rbs	15.000000	0.000000	0.000000
234.999166	__gene_B_rbs	162.000000	0.000000	0.000000
234.999166	__gene_C_rbs	152.000000	0.000000	0.000000
234.999166	__gene_D_rbs	145.000000	0.000000	0.000000
234.999166	__gene_E_rbs	143.000000	0.000000	0.000000
234.999166	__gene_F_rbs	97.000000	0.000000	0.000000
234.999166	__gene_G_rbs	55.000000	0.000000	0.000000
234.999166	__gene_H_rbs	41.000000	0.000000	0.000000
234.999166	__gene_J_rbs	138.000000	0.000000	0.000000
234.999166	__gene_K_rbs	154.000000	0.000000	0.000000
234.999166	__ribosome	0.000000	0.000000	0.000000
234.999166	bound_ecolipol	1883.000000	0.000000	0.000000
234.999166	bound_ribosome	100.000000	0.000000	0.000000
234.999166	ecoli_genome	117.000000	0.000000	0.000000
234.999166	ecoli_transcript	18084.000000	0.000000	0.000000
234.999166	ecolipol	43.000000	0.000000	0.000000
234.999166	gene_A	34.000000	15.000000	0.066667
234.999166	gene_A*	16.000000	12.000000	0.333333
234.999166	gene_B	300.000000	162.000000	0.018519
234.999166	gene_C	191.000000	152.000000	0.039474
234.999166	gene_D	164.000000	146.000000	0.034247
234.999166	gene_E	129.000000	143.000000	0.027972
234.999166	gene_F	61.000000	97.000000	0.113402
234.999166	gene_G	15.000000	56.000000	0.071429
234.999166	gene_H	0.000000	41.000000	0.195122
234.999166	gene_J	74.000000	138.000000	0.333333
234.999166	gene_K	200.000000	154.000000	0.051948
234.999166	promoter_A	1.000000	0.000000	0.000000
234.999166	promoter_B1	0.000000	0.000000	0.000000
234.999166	promoter_D	0.000000	0.000000	0.000000
239.999202	__gene_A*_rbs	14.000000	0.000000	0.000000
239.999202	__gene_A_rbs	15.000000	0.000000	0.000000
239.999202	__gene_B_rbs	164.000000	0.000000	0.000000
239.999202	__gene_C_rbs	154.000000	0.000000	0.000000
239.999202	__gene_D_rbs	150.000000	0.000000	0.000000
239.999202	__gene_E_rbs	146.000000	0.000000	0.000000
239.999202	__gene_F_rbs	101.000000	0.000000	0.000000
239.999202	__gene_G_rbs	58.000000	0.000000	0.000000
239.999202	__gene_H_rbs	43.000000	0.000000	0.000000
239.999202	__gene_J_rbs	140.000000	0.000000	0.000000
239.999202	__gene_K_rbs	158.000000	0.000000	0.000000
239.999202	__ribosome	0.000000	0.000000	0.000000
239.999202	bound_ecolipol	1878.000000	0.000000	0.000000
239.999202	bound_ribosome	100.000000	0.000000	0.000000
239.999202	ecoli_genome	122.000000	0.000000	0.000000
239.999202	ecoli_transcript	18469.000000	0.000000	0.000000
239.999202	ecolipol	50.000000	0.000000	0.000000
239.999202	gene_A	34.000000	15.000000	0.133333
239.999202	gene_A*	16.000000	14.000000	0.285714
239.999202	gene_B	300.000000	166.000000	0.048193
239.999202	gene_C	194.000000	155.000000	0.019355
239.999202	gene_D	166.000000	150.000000	0.026667
239.999202	gene_E	129.000000	146.000000	0.047945
239.999202	gene_F	64.000000	101.000000	0.099010
239.999202	gene_G	15.000000	58.000000	0.103448
239.999202	gene_H	0.000000	43.000000	0.186047
239.999202	gene_J	75.000000	141.000000	0.326241
239.999202	gene_K	208.000000	158.000000	0.012658
239.999202	promoter_A	1.000000	0.000000	0.000000
239.999202	promoter_B1	0.000000	0.000000	0.000000
239.999202	promoter_D	0.000000	0.000000	0.000000
244.999085	__gene_A*_rbs	14.000000	0.000000	0.000000
244.999085	__gene_A_rbs	15.000000	0.000000	0.000000
244.999085	__gene_B_rbs	169.000000	0.000000	0.000000
244.999085	__gene_C_rbs	158.000000	0.000000	0.000000
244.999085	__gene_D_rbs	154.000000	0.000000	0.000000
244.999085	__gene_E_rbs	150.000000	0.000000	0.000000
244.999085	__gene_F_rbs	102.000000	0.000000	0.000000
244.999085	__gene_G_rbs	60.000000	0.000000	0.000000
244.999085	__gene_H_rbs	44.000000	0.000000	0.000000
244.999085	__gene_J_rbs	143.000000	0.000000	0.000000
244.999085	__gene_K_rbs	160.000000	0.000000	0.000000
244.999085	__ribosome	0.000000	0.000000	0.000000
244.999085	bound_ecolipol	1886.000000	0.000000	0.000000
244.999085	bound_ribosome	100.000000	0.000000	0.000000
244.999085	ecoli_genome	114.000000	0.000000	0.000000
244.999085	ecoli_transcript	18863.000000	0.000000	0.000000
244.999085	ecolipol	40.000000	0.000000	0.000000
244.999085	gene_A	35.000000	15.000000	0.066667
244.999085	gene_A*	18.000000	14.000000	0.142857
244.999085	gene_B	302.000000	170.000000	0.047059
244.999085	gene_C	197.000000	159.000000	0.012579
244.999085	gene_D	167.000000	154.000000	0.038961
244.999085	gene_E	134.000000	150.000000	0.013333
244.999085	gene_F	64.000000	102.000000	0.107843
244.999085	gene_G	15.000000	60.000000	0.100000
244.999085	gene_H	0.000000	44.000000	0.181818
244.999085	gene_J	75.000000	144.000000	0.340278
244.999085	gene_K	210.000000	161.000000	0.031056
244.999085	promoter_A	1.000000	0.000000	0.000000
244.999085	promoter_B1	0.000000	0.000000	0.000000
244.999085	promoter_D	0.000000	0.000000	0.000000
249.999025	__gene_A*_rbs	15.000000	0.000000	0.000000
249.999025	__gene_A_rbs	15.000000	0.000000	0.000000
249.999025	__gene_B_rbs	173.000000	0.000000	0.000000
249.999025	__gene_C_rbs	163.000000	0.000000	0.000000
249.999025	__gene_D_rbs	158.000000	0.000000	0.000000
249.999025	__gene_E_rbs	154.000000	0.000000	0.000000
249.999025	__gene_F_rbs	102.000000	0.000000	0.000000
249.999025	__gene_G_rbs	64.000000	0.000000	0.000000
249.999025	__gene_H_rbs	46.000000	0.000000	0.000000
249.999025	__gene_J_rbs	147.000000	0.000000	0.000000
249.999025	__gene_K_rbs	165.000000	0.000000	0.000000
249.999025	__ribosome	0.000000	0.000000	0.000000
249.999025	bound_ecolipol	1885.000000	0.000000	0.000000
249.999025	bound_ribosome	100.000000	0.000000	0.000000
249.999025	ecoli_genome	115.000000	0.000000	0.000000
249.999025	ecoli_transcript	19197.000000	0.000000	0.000000
249.999025	ecolipol	45.000000	0.000000	0.000000
249.999025	gene_A	35.000000	15.000000	0.066667
249.999025	gene_A*	18.000000	15.000000	0.133333
249.999025	gene_B	306.000000	173.000000	0.040462
249.999025	gene_C	197.000000	163.000000	0.036810
249.999025	gene_D	169.000000	158.000000	0.037975
249.999025	gene_E	136.000000	154.000000	0.012987
249.999025	gene_F	66.000000	102.000000	0.088235
249.999025	gene_G	15.000000	64.000000	0.109375
249.999025	gene_H	0.000000	46.000000	0.173913
249.999025	gene_J	77.000000	147.000000	0.333333
249.999025	gene_K	214.000000	165.000000	0.018182
249.999025	promoter_A	1.000000	0.000000	0.000000
249.999025	promoter_B1	0.000000	0.000000	0.000000
249.999025	promoter_D	0.000000	0.000000	0.000000
254.999116	__gene_A*_rbs	15.000000	0.000000	0.000000
254.999116	__gene_A_rbs	15.000000	0.000000	0.000000
254.999116	__gene_B_rbs	176.000000	0.000000	0.000000
254.999116	__gene_C_rbs	167.000000	0.000000	0.000000
254.999116	__gene_D_rbs	160.000000	0.000000	0.000000
254.999116	__gene_E_rbs	157.000000	0.000000	0.000000
254.999116	__gene_F_rbs	102.000000	0.000000	0.000000
254.999116	__gene_G_rbs	67.000000	0.000000	0.000000
254.999116	__gene_H_rbs	48.000000	0.000000	0.000000
254.999116	__gene_J_rbs	150.000000	0.000000	0.000000
254.999116	__gene_K_rbs	168.000000	0.000000	0.000000
254.999116	__ribosome	0.000000	0.000000	0.000000
254.999116	bound_ecolipol	1890.000000	0.000000	0.000000
254.999116	bound_ribosome	100.000000	0.000000	0.000000
254.999116	ecoli_genome	110.000000	0.000000	0.000000
254.999116	ecoli_transcript	19558.000000	0.000000	0.000000
254.999116	ecolipol	42.000000	0.000000	0.000000
254.999116	gene_A	35.000000	15.000000	0.066667
254.999116	gene_A*	19.000000	15.000000	0.066667
254.999116	gene_B	309.000000	177.000000	0.033898
254.999116	gene_C	200.000000	167.000000	0.041916
254.999116	gene_D	170.000000	162.000000	0.049383
254.999116	gene_E	137.000000	157.000000	0.025478
254.999116	gene_F	67.000000	103.000000	0.097087
254.999116	gene_G	17.000000	67.000000	0.074627
254.999116	gene_H	0.000000	48.000000	0.166667
254.999116	gene_J	79.000000	150.000000	0.320000
254.999116	gene_K	216.000000	168.000000	0.011905
254.999116	promoter_A	1.000000	0.000000	0.000000
254.999116	promoter_B1	0.000000	0.000000	0.000000
254.999116	promoter_D	0.000000	0.000000	0.000000
259.999080	__gene_A*_rbs	15.000000	0.000000	0.000000
259.999080	__gene_A_rbs	15.000000	0.000000	0.000000
259.999080	__gene_B_rbs	180.000000	0.000000	0.000000
259.999080	__gene_C_rbs	170.000000	0.000000	0.000000
259.999080	__gene_D_rbs	165.000000	0.000000	0.000000
259.999080	__gene_E_rbs	161.000000	0.000000	0.000000
259.999080	__gene_F_rbs	105.000000	0.000000	0.000000
259.999080	__gene_G_rbs	69.000000	0.000000	0.000000
259.999080	__gene_H_rbs	50.000000	0.000000	0.000000
259.999080	__gene_J_rbs	154.000000	0.000000	0.000000
259.999080	__gene_K_rbs	170.000000	0.000000	0.000000
259.999080	__ribosome	1.000000	0.000000	0.000000
259.999080	bound_ecolipol	1888.000000	0.000000	0.000000
259.999080	bound_ribosome	100.000000	0.000000	0.000000
259.999080	ecoli_genome	112.000000	0.000000	0.000000
259.999080	ecoli_transcript	19927.000000	0.000000	0.000000
259.999080	ecolipol	43.000000	0.000000	0.000000
259.999080	gene_A	35.000000	15.000000	0.066667
259.999080	gene_A*	19.000000	15.000000	0.066667
259.999080	gene_B	312.000000	180.000000	0.022222
259.999080	gene_C	205.000000	171.000000	0.023392
259.999080	gene_D	173.000000	165.000000	0.030303
259.999080	gene_E	140.000000	161.000000	0.018634
259.999080	gene_F	68.000000	105.000000	0.123810
259.999080	gene_G	18.000000	69.000000	0.057971
259.999080	gene_H	0.000000	51.000000	0.176471
259.999080	gene_J	79.000000	154.000000	0.324675
259.999080	gene_K	218.000000	172.000000	0.029070
259.999080	promoter_A	1.000000	0.000000	0.000000
259.999080	promoter_B1	0.000000	0.000000	0.000000
259.999080	promoter_D	0.000000	0.000000	0.000000
264.999330	__gene_A*_rbs	15.000000	0.000000	0.000000
264.999330	__gene_A_rbs	15.000000	0.000000	0.000000
264.999330	__gene_B_rbs	184.000000	0.000000	0.000000
264.999330	__gene_C_rbs	174.000000	0.000000	0.000000
264.999330	__gene_D_rbs	169.000000	0.000000	0.000000
264.999330	__gene_E_rbs	164.000000	0.000000	0.000000
264.999330	__gene_F_rbs	107.000000	0.000000	0.000000
264.999330	__gene_G_rbs	71.000000	0.000000	0.000000
264.999330	__gene_H_rbs	53.000000	0.000000	0.000000
264.999330	__gene_J_rbs	158.000000	0.000000	0.000000
264.999330	__gene_K_rbs	176.000000	0.000000	0.000000
264.999330	__ribosome	1.000000	0.000000	0.000000
264.999330	bound_ecolipol	1888.000000	0.000000	0.000000
264.999330	bound_ribosome	100.000000	0.000000	0.000000
264.999330	ecoli_genome	112.000000	0.000000	0.000000
264.999330	ecoli_transcript	20295.000000	0.000000	0.000000
264.999330	ecolipol	44.000000	0.000000	0.000000
264.999330	gene_A	35.000000	15.000000	0.066667
264.999330	gene_A*	19.000000	15.000000	0.066667
264.999330	gene_B	314.000000	184.000000	0.021739
264.999330	gene_C	207.000000	174.000000	0.028736
264.999330	gene_D	175.000000	169.000000	0.035503
264.999330	gene_E	141.000000	165.000000	0.030303
264.999330	gene_F	71.000000	107.000000	0.102804
264.999330	gene_G	18.000000	71.000000	0.070423
264.999330	gene_H	0.000000	53.000000	0.169811
264.999330	gene_J	80.000000	158.000000	0.316456
264.999330	gene_K	221.000000	176.000000	0.011364
264.999330	promoter_A	1.000000	0.000000	0.000000
264.999330	promoter_B1	0.000000	0.000000	0.000000
264.999330	promoter_D	0.000000	0.000000	0.000000
269.999126	__gene_A*_rbs	15.000000	0.000000	0.000000
269.999126	__gene_A_rbs	16.000000	0.000000	0.000000
269.999126	__gene_B_rbs	187.000000	0.000000	0.000000
269.999126	__gene_C_rbs	177.000000	0.000000	0.000000
269.999126	__gene_D_rbs	173.000000	0.000000	0.000000
269.999126	__gene_E_rbs	168.000000	0.000000	0.000000
269.999126	__gene_F_rbs	110.000000	0.000000	0.000000
269.999126	__gene_G_rbs	73.000000	0.000000	0.000000
269.999126	__gene_H_rbs	55.000000	0.000000	0.000000
269.999126	__gene_J_rbs	161.000000	0.000000	0.000000
269.999126	__gene_K_rbs	179.000000	0.000000	0.000000
269.999126	__ribosome	1.000000	0.000000	0.000000
269.999126	bound_ecolipol	1882.000000	0.000000	0.000000
269.999126	bound_ribosome	100.000000	0.000000	0.000000
269.999126	ecoli_genome	118.000000	0.000000	0.000000
269.999126	ecoli_transcript	20656.000000	0.000000	0.000000
269.999126	ecolipol	49.000000	0.000000	0.000000
269.999126	gene_A	35.000000	16.000000	0.125000
269.999126	gene_A*	20.000000	15.000000	0.000000
269.999126	gene_B	315.000000	187.000000	0.026738
269.999126	gene_C	209.000000	177.000000	0.033898
269.999126	gene_D	177.000000	173.000000	0.028902
269.999126	gene_E	144.000000	168.000000	0.017857
269.999126	gene_F	71.000000	110.000000	0.100000
269.999126	gene_G	18.000000	73.000000	0.095890
269.999126	gene_H	0.000000	55.000000	0.181818
269.999126	gene_J	82.000000	162.000000	0.302469
269.999126	gene_K	223.000000	180.000000	0.005556
269.999126	promoter_A	1.000000	0.000000	0.000000
269.999126	promoter_B1	0.000000	0.000000	0.000000
269.999126	promoter_D	0.000000	0.000000	0.000000
274.999052	__gene_A*_rbs	15.000000	0.000000	0.000000
274.999052	__gene_A_rbs	17.000000	0.000000	0.000000
274.999052	__gene_B_rbs	191.000000	0.000000	0.000000
274.999052	__gene_C_rbs	180.000000	0.000000	0.000000
274.999052	__gene_D_rbs	176.000000	0.000000	0.000000
274.999052	__gene_E_rbs	172.000000	0.000000	0.000000
274.999052	__gene_F_rbs	113.000000	0.000000	0.000000
274.999052	__gene_G_rbs	75.000000	0.000000	0.000000
274.999052	__gene_H_rbs	57.000000	0.000000	0.000000
274.999052	__gene_J_rbs	165.000000	0.000000	0.000000
274.999052	__gene_K_rbs	182.000000	0.000000	0.000000
274.999052	__ribosome	0.000000	0.000000	0.000000
274.999052	bound_ecolipol	1875.000000	0.000000	0.000000
274.999052	bound_ribosome	100.000000	0.000000	0.000000
274.999052	ecoli_genome	125.000000	0.000000	0.000000
274.999052	ecoli_transcript	21049.000000	0.000000	0.000000
274.999052	ecolipol	52.000000	0.000000	0.000000
274.999052	gene_A	35.000000	17.000000	0.117647
274.999052	gene_A*	20.000000	15.000000	0.000000
274.999052	gene_B	318.000000	191.000000	0.010471
274.999052	gene_C	212.000000	181.000000	0.033149
274.999052	gene_D	178.000000	177.000000	0.028249
274.999052	gene_E	146.000000	172.000000	0.011628
274.999052	gene_F	71.000000	113.000000	0.115044
274.999052	gene_G	18.000000	75.000000	0.120000
274.999052	gene_H	0.000000	57.000000	0.192982
274.999052	gene_J	82.000000	165.000000	0.296970
274.999052	gene_K	224.000000	183.000000	0.005464
274.999052	promoter_A	0.000000	0.000000	0.000000
274.999052	promoter_B1	0.000000	0.000000	0.000000
274.999052	promoter_D	0.000000	0.000000	0.000000
279.999007	__gene_A*_rbs	16.000000	0.000000	0.000000
279.999007	__gene_A_rbs	19.000000	0.000000	0.000000
279.999007	__gene_B_rbs	195.000000	0.000000	0.000000
279.999007	__gene_C_rbs	185.000000	0.000000	0.000000
279.999007	__gene_D_rbs	179.000000	0.000000	0.000000
279.999007	__gene_E_rbs	176.000000	0.000000	0.000000
279.999007	__gene_F_rbs	115.000000	0.000000	0.000000
279.999007	__gene_G_rbs	79.000000	0.000000	0.000000
279.999007	__gene_H_rbs	58.000000	0.000000	0.000000
279.999007	__gene_J_rbs	168.000000	0.000000	0.000000
279.999007	__gene_K_rbs	187.000000	0.000000	0.000000
279.999007	__ribosome	0.000000	0.000000	0.000000
279.999007	bound_ecolipol	1886.000000	0.000000	0.000000
279.999007	bound_ribosome	100.000000	0.000000	0.000000
279.999007	ecoli_genome	114.000000	0.000000	0.000000
279.999007	ecoli_transcript	21408.000000	0.000000	0.000000
279.999007	ecolipol	38.000000	0.000000	0.000000
279.999007	gene_A	35.000000	19.000000	0.105263
279.999007	gene_A*	20.000000	16.000000	0.000000
279.999007	gene_B	320.000000	195.000000	0.015385
279.999007	gene_C	216.000000	185.000000	0.010811
279.999007	gene_D	181.000000	180.000000	0.027778
279.999007	gene_E	147.000000	176.000000	0.005682
279.999007	gene_F	72.000000	115.000000	0.104348
279.999007	gene_G	19.000000	79.000000	0.126582
279.999007	gene_H	0.000000	58.000000	0.206897
279.999007	gene_J	82.000000	169.000000	0.307692
279.999007	gene_K	224.000000	187.000000	0.005348
279.999007	promoter_A	1.000000	0.000000	0.000000
279.999007	promoter_B1	0.000000	0.000000	0.000000
279.999007	promoter_D	0.000000	0.000000	0.000000
284.999185	__gene_A*_rbs	15.000000	0.000000	0.000000
284.999185	__gene_A_rbs	19.000000	0.000000	0.000000
284.999185	__gene_B_rbs	199.000000	0.000000	0.000000
284.999185	__gene_C_rbs	189.000000	0.000000	0.000000
284.999185	__gene_D_rbs	184.000000	0.000000	0.000000
284.999185	__gene_E_rbs	180.000000	0.000000	0.000000
284.999185	__gene_F_rbs	117.000000	0.000000	0.000000
284.999185	__gene_G_rbs	81.000000	0.000000	0.000000
284.999185	__gene_H_rbs	61.000000	0.000000	0.000000
284.999185	__gene_J_rbs	172.000000	0.000000	0.000000
284.999185	__gene_K_rbs	190.000000	0.000000	0.000000
284.999185	__ribosome	0.000000	0.000000	0.000000
284.999185	bound_ecolipol	1884.000000	0.000000	0.000000
284.999185	bound_ribosome	100.000000	0.000000	0.000000
284.999185	ecoli_genome	116.000000	0.000000	0.000000
284.999185	ecoli_transcript	21769.000000	0.000000	0.000000
284.999185	ecolipol	40.000000	0.000000	0.000000
284.999185	gene_A	35.000000	19.000000	0.105263
284.999185	gene_A*	20.000000	16.000000	0.000000
284.999185	gene_B	320.000000	199.000000	0.025126
284.999185	gene_C	218.000000	189.000000	0.010582
284.999185	gene_D	182.000000	184.000000	0.038043
284.999185	gene_E	148.000000	180.000000	0.000000
284.999185	gene_F	75.000000	117.000000	0.076923
284.999185	gene_G	19.000000	81.000000	0.123457
284.999185	gene_H	0.000000	61.000000	0.196721
284.999185	gene_J	84.000000	173.000000	0.306358
284.999185	gene_K	225.000000	190.000000	0.000000
284.999185	promoter_A	1.000000	0.000000	0.000000
284.999185	promoter_B1	0.000000	0.000000	0.000000
284.999185	promoter_D	0.000000	0.000000	0.000000
289.999216	__gene_A*_rbs	18.000000	0.000000	0.000000
289.999216	__gene_A_rbs	19.000000	0.000000	0.000000
289.999216	__gene_B_rbs	202.000000	0.000000	0.000000
289.999216	__gene_C_rbs	192.000000	0.000000	0.000000
289.999216	__gene_D_rbs	187.000000	0.000000	0.000000
289.999216	__gene_E_rbs	181.000000	0.000000	0.000000
289.999216	__gene_F_rbs	120.000000	0.000000	0.000000
289.999216	__gene_G_rbs	81.000000	0.000000	0.000000
289.999216	__gene_H_rbs	62.000000	0.000000	0.000000
289.999216	__gene_J_rbs	177.000000	0.000000	0.000000
289.999216	__gene_K_rbs	194.000000	0.000000	0.000000
289.999216	__ribosome	0.000000	0.000000	0.000000
289.999216	bound_ecolipol	1886.000000	0.000000	0.000000
289.999216	bound_ribosome	100.000000	0.000000	0.000000
289.999216	ecoli_genome	114.000000	0.000000	0.000000
289.999216	ecoli_transcript	22172.000000	0.000000	0.000000
289.999216	ecolipol	42.000000	0.000000	0.000000
289.999216	gene_A	36.000000	19.000000	0.052632
289.999216	gene_A*	20.000000	18.000000	0.000000
289.999216	gene_B	321.000000	202.000000	0.024752
289.999216	gene_C	219.000000	192.000000	0.005208
289.999216	gene_D	183.000000	187.000000	0.048128
289.999216	gene_E	148.000000	183.000000	0.010929
289.999216	gene_F	75.000000	120.000000	0.075000
289.999216	gene_G	20.000000	81.000000	0.111111
289.999216	gene_H	0.000000	63.000000	0.190476
289.999216	gene_J	87.000000	177.000000	0.293785
289.999216	gene_K	225.000000	194.000000	0.000000
289.999216	promoter_A	1.000000	0.000000	0.000000
289.999216	promoter_B1	0.000000	0.000000	0.000000
289.999216	promoter_D	0.000000	0.000000	0.000000
294.999483	__gene_A*_rbs	19.000000	0.000000	0.000000
294.999483	__gene_A_rbs	19.000000	0.000000	0.000000
294.999483	__gene_B_rbs	206.000000	0.000000	0.000000
294.999483	__gene_C_rbs	196.000000	0.000000	0.000000
294.999483	__gene_D_rbs	191.000000	0.000000	0.000000
294.999483	__gene_E_rbs	187.000000	0.000000	0.000000
294.999483	__gene_F_rbs	120.000000	0.000000	0.000000
294.999483	__gene_G_rbs	82.000000	0.000000	0.000000
294.999483	__gene_H_rbs	66.000000	0.000000	0.000000
294.999483	__gene_J_rbs	179.000000	0.000000	0.000000
294.999483	__gene_K_rbs	198.000000	0.000000	0.000000
294.999483	__ribosome	0.000000	0.000000	0.000000
294.999483	bound_ecolipol	1882.000000	0.000000	0.000000
294.999483	bound_ribosome	100.000000	0.000000	0.000000
294.999483	ecoli_genome	118.000000	0.000000	0.000000
294.999483	ecoli_transcript	22547.000000	0.000000	0.000000
294.999483	ecolipol	48.000000	0.000000	0.000000
294.999483	gene_A	36.000000	19.000000	0.052632
294.999483	gene_A*	20.000000	19.000000	0.000000
294.999483	gene_B	324.000000	206.000000	0.019417
294.999483	gene_C	220.000000	196.000000	0.000000
294.999483	gene_D	186.000000	191.000000	0.036649
294.999483	gene_E	148.000000	187.000000	0.016043
294.999483	gene_F	76.000000	121.000000	0.082645
294.999483	gene_G	22.000000	82.000000	0.097561
294.999483	gene_H	0.000000	66.000000	0.181818
294.999483	gene_J	89.000000	180.000000	0.305556
294.999483	gene_K	225.000000	198.000000	0.000000
294.999483	promoter_A	1.000000	0.000000	0.000000
294.999483	promoter_B1	0.000000	0.000000	0.000000
294.999483	promoter_D	0.000000	0.000000	0.000000
299.999026	__gene_A*_rbs	19.000000	0.000000	0.000000
299.999026	__gene_A_rbs	19.000000	0.000000	0.000000
299.999026	__gene_B_rbs	209.000000	0.000000	0.000000
299.999026	__gene_C_rbs	199.000000	0.000000	0.000000
299.999026	__gene_D_rbs	194.000000	0.000000	0.000000
299.999026	__gene_E_rbs	189.000000	0.000000	0.000000
299.999026	__gene_F_rbs	124.000000	0.000000	0.000000
299.999026	__gene_G_rbs	83.000000	0.000000	0.000000
299.999026	__gene_H_rbs	66.000000	0.000000	0.000000
299.999026	__gene_J_rbs	182.000000	0.000000	0.000000
299.999026	__gene_K_rbs	201.000000	0.000000	0.000000
299.999026	__ribosome	0.000000	0.000000	0.000000
299.999026	bound_ecolipol	1893.000000	0.000000	0.000000
299.999026	bound_ribosome	100.000000	0.000000	0.000000
299.999026	ecoli_genome	107.000000	0.000000	0.000000
299.999026	ecoli_transcript	22929.000000	0.000000	0.000000
299.999026	ecolipol	39.000000	0.000000	0.000000
299.999026	gene_A	36.000000	19.000000	0.052632
299.999026	gene_A*	20.000000	19.000000	0.000000
299.999026	gene_B	325.000000	209.000000	0.019139
299.999026	gene_C	220.000000	199.000000	0.005025
299.999026	gene_D	189.000000	194.000000	0.030928
299.999026	gene_E	150.000000	190.000000	0.015789
299.999026	gene_F	79.000000	124.000000	0.056452
299.999026	gene_G	22.000000	83.000000	0.108434
299.999026	gene_H	0.000000	66.000000	0.181818
299.999026	gene_J	92.000000	184.000000	0.298913
299.999026	gene_K	225.000000	201.000000	0.009950
299.999026	promoter_A	1.000000	0.000000	0.000000
299.999026	promoter_B1	0.000000	0.000000	0.000000
299.999026	promoter_D	0.000000	0.000000	0.000000
304.999496	__gene_A*_rbs	19.000000	0.000000	0.000000
304.999496	__gene_A_rbs	19.000000	0.000000	0.000000
304.999496	__gene_B_rbs	212.000000	0.000000	0.000000
304.999496	__gene_C_rbs	203.000000	0.000000	0.000000
304.999496	__gene_D_rbs	198.000000	0.000000	0.000000
304.999496	__gene_E_rbs	193.000000	0.000000	0.000000
304.999496	__gene_F_rbs	127.000000	0.000000	0.000000
304.999496	__gene_G_rbs	84.000000	0.000000	0.000000
304.999496	__gene_H_rbs	66.000000	0.000000	0.000000
304.999496	__gene_J_rbs	187.000000	0.000000	0.000000
304.999496	__gene_K_rbs	204.000000	0.000000	0.000000
304.999496	__ribosome	1.000000	0.000000	0.000000
304.999496	bound_ecolipol	1880.000000	0.000000	0.000000
304.999496	bound_ribosome	100.000000	0.000000	0.000000
304.999496	ecoli_genome	120.000000	0.000000	0.000000
304.999496	ecoli_transcript	23307.000000	0.000000	0.000000
304.999496	ecolipol	52.000000	0.000000	0.000000
304.999496	gene_A	36.000000	19.000000	0.052632
304.999496	gene_A*	20.000000	19.000000	0.000000
304.999496	gene_B	328.000000	213.000000	0.009390
304.999496	gene_C	221.000000	203.000000	0.009852
304.999496	gene_D	191.000000	198.000000	0.025253
304.999496	gene_E	151.000000	194.000000	0.025773
304.999496	gene_F	81.000000	127.000000	0.039370
304.999496	gene_G	22.000000	84.000000	0.107143
304.999496	gene_H	0.000000	66.000000	0.181818
304.999496	gene_J	94.000000	188.000000	0.303191
304.999496	gene_K	227.000000	205.000000	0.004878
304.999496	promoter_A	1.000000	0.000000	0.000000
304.999496	promoter_B1	0.000000	0.000000	0.000000
304.999496	promoter_D	0.000000	0.000000	0.000000
309.999198	__gene_A*_rbs	19.000000	0.000000	0.000000
309.999198	__gene_A_rbs	19.000000	0.000000	0.000000
309.999198	__gene_B_rbs	217.000000	0.000000	0.000000
309.999198	__gene_C_rbs	207.000000	0.000000	0.000000
309.999198	__gene_D_rbs	201.000000	0.000000	0.000000
309.999198	__gene_E_rbs	197.000000	0.000000	0.000000
309.999198	__gene_F_rbs	129.000000	0.000000	0.000000
309.999198	__gene_G_rbs	85.000000	0.000000	0.000000
309.999198	__gene_H_rbs	67.000000	0.000000	0.000000
309.999198	__gene_J_rbs	191.000000	0.000000	0.000000
309.999198	__gene_K_rbs	209.000000	0.000000	0.000000
309.999198	__ribosome	0.000000	0.000000	0.000000
309.999198	bound_ecolipol	1884.000000	0.000000	0.000000
309.999198	bound_ribosome	100.000000	0.000000	0.000000
309.999198	ecoli_genome	116.000000	0.000000	0.000000
309.999198	ecoli_transcript	23719.000000	0.000000	0.000000
309.999198	ecolipol	51.000000	0.000000	0.000000
309.999198	gene_A	36.000000	19.000000	0.052632
309.999198	gene_A*	20.000000	19.000000	0.000000
309.999198	gene_B	329.000000	217.000000	0.004608
309.999198	gene_C	222.000000	207.000000	0.024155
309.999198	gene_D	193.000000	201.000000	0.019900
309.999198	gene_E	153.000000	197.000000	0.015228
309.999198	gene_F	82.000000	129.000000	0.046512
309.999198	gene_G	22.000000	85.000000	0.105882
309.999198	gene_H	0.000000	67.000000	0.179104
309.999198	gene_J	95.000000	191.000000	0.303665
309.999198	gene_K	227.000000	209.000000	0.004785
309.999198	promoter_A	1.000000	0.000000	0.000000
309.999198	promoter_B1	0.000000	0.000000	0.000000
309.999198	promoter_D	0.000000	0.000000	0.000000
314.999159	__gene_A*_rbs	19.000000	0.000000	0.000000
314.999159	__gene_A_rbs	20.000000	0.000000	0.000000
314.999159	__gene_B_rbs	221.000000	0.000000	0.000000
314.999159	__gene_C_rbs	210.000000	0.000000	0.000000
314.999159	__gene_D_rbs	204.000000	0.000000	0.000000
314.999159	__gene_E_rbs	200.000000	0.000000	0.000000
314.999159	__gene_F_rbs	132.000000	0.000000	0.000000
314.999159	__gene_G_rbs	88.000000	0.000000	0.000000
314.999159	__gene_H_rbs	68.000000	0.000000	0.000000
314.999159	__gene_J_rbs	195.000000	0.000000	0.000000
314.999159	__gene_K_rbs	212.000000	0.000000	0.000000
314.999159	__ribosome	1.000000	0.000000	0.000000
314.999159	bound_ecolipol	1890.000000	0.000000	0.000000
314.999159	bound_ribosome	100.000000	0.000000	0.000000
314.999159	ecoli_genome	110.000000	0.000000	0.000000
314.999159	ecoli_transcript	24110.000000	0.000000	0.000000
314.999159	ecolipol	43.000000	0.000000	0.000000
314.999159	gene_A	36.000000	20.000000	0.050000
314.999159	gene_A*	20.000000	19.000000	0.000000
314.999159	gene_B	330.000000	221.000000	0.004525
314.999159	gene_C	226.000000	210.000000	0.004762
314.999159	gene_D	195.000000	205.000000	0.024390
314.999159	gene_E	156.000000	201.000000	0.004975
314.999159	gene_F	83.000000	132.000000	0.045455
314.999159	gene_G	23.000000	88.000000	0.090909
314.999159	gene_H	0.000000	68.000000	0.205882
314.999159	gene_J	96.000000	195.000000	0.302564
314.999159	gene_K	228.000000	212.000000	0.014151
314.999159	promoter_A	1.000000	0.000000	0.000000
314.999159	promoter_B1	0.000000	0.000000	0.000000
314.999159	promoter_D	0.000000	0.000000	0.000000
319.999206	__gene_A*_rbs	19.000000	0.000000	0.000000
319.999206	__gene_A_rbs	20.000000	0.000000	0.000000
319.999206	__gene_B_rbs	224.000000	0.000000	0.000000
319.999206	__gene_C_rbs	212.000000	0.000000	0.000000
319.999206	__gene_D_rbs	209.000000	0.000000	0.000000
319.999206	__gene_E_rbs	204.000000	0.000000	0.000000
319.999206	__gene_F_rbs	134.000000	0.000000	0.000000
319.999206	__gene_G_rbs	90.000000	0.000000	0.000000
319.999206	__gene_H_rbs	68.000000	0.000000	0.000000
319.999206	__gene_J_rbs	197.000000	0.000000	0.000000
319.999206	__gene_K_rbs	215.000000	0.000000	0.000000
319.999206	__ribosome	0.000000	0.000000	0.000000
319.999206	bound_ecolipol	1889.000000	0.000000	0.000000
319.999206	bound_ribosome	100.000000	0.000000	0.000000
319.999206	ecoli_genome	111.000000	0.000000	0.000000
319.999206	ecoli_transcript	24503.000000	0.000000	0.000000
319.999206	ecolipol	45.000000	0.000000	0.000000
319.999206	gene_A	36.000000	20.000000	0.050000
319.999206	gene_A*	20.000000	19.000000	0.000000
319.999206	gene_B	330.000000	224.000000	0.013393
319.999206	gene_C	227.000000	213.000000	0.004695
319.999206	gene_D	195.000000	209.000000	0.033493
319.999206	gene_E	156.000000	205.000000	0.004878
319.999206	gene_F	84.000000	134.000000	0.044776
319.999206	gene_G	24.000000	90.000000	0.077778
319.999206	gene_H	0.000000	68.000000	0.205882
319.999206	gene_J	98.000000	198.000000	0.297980
319.999206	gene_K	231.000000	215.000000	0.004651
319.999206	promoter_A	1.000000	0.000000	0.000000
319.999206	promoter_B1	0.000000	0.000000	0.000000
319.999206	promoter_D	0.000000	0.000000	0.000000
324.999607	__gene_A*_rbs	19.000000	0.000000	0.000000
324.999607	__gene_A_rbs	20.000000	0.000000	0.000000
324.999607	__gene_B_rbs	228.000000	0.000000	0.000000
324.999607	__gene_C_rbs	217.000000	0.000000	0.000000
324.999607	__gene_D_rbs	213.000000	0.000000	0.000000
324.999607	__gene_E_rbs	208.000000	0.000000	0.000000
324.999607	__gene_F_rbs	135.000000	0.000000	0.000000
324.999607	__gene_G_rbs	92.000000	0.000000	0.000000
324.999607	__gene_H_rbs	70.000000	0.000000	0.000000
324.999607	__gene_J_rbs	202.000000	0.000000	0.000000
324.999607	__gene_K_rbs	219.000000	0.000000	0.000000
324.999607	__ribosome	0.000000	0.000000	0.000000
324.999607	bound_ecolipol	1894.000000	0.000000	0.000000
324.999607	bound_ribosome	100.000000	0.000000	0.000000
324.999607	ecoli_genome	106.000000	0.000000	0.000000
324.999607	ecoli_transcript	24888.000000	0.000000	0.000000
324.999607	ecolipol	41.000000	0.000000	0.000000
324.999607	gene_A	37.000000	20.000000	0.000000
324.999607	gene_A*	20.000000	19.000000	0.052632
324.999607	gene_B	331.000000	228.000000	0.013158
324.999607	gene_C	228.000000	217.000000	0.004608
324.999607	gene_D	197.000000	213.000000	0.028169
324.999607	gene_E	157.000000	208.000000	0.004808
324.999607	gene_F	84.000000	135.000000	0.044444
324.999607	gene_G	24.000000	92.000000	0.076087
324.999607	gene_H	0.000000	70.000000	0.214286
324.999607	gene_J	99.000000	202.000000	0.292079
324.999607	gene_K	232.000000	219.000000	0.004566
324.999607	promoter_A	1.000000	0.000000	0.000000
324.999607	promoter_B1	0.000000	0.000000	0.000000
324.999607	promoter_D	0.000000	0.000000	0.000000
329.999264	__gene_A*_rbs	20.000000	0.000000	0.000000
329.999264	__gene_A_rbs	20.000000	0.000000	0.000000
329.999264	__gene_B_rbs	232.000000	0.000000	0.000000
329.999264	__gene_C_rbs	220.000000	0.000000	0.000000
329.999264	__gene_D_rbs	216.000000	0.000000	0.000000
329.999264	__gene_E_rbs	212.000000	0.000000	0.000000
329.999264	__gene_F_rbs	137.000000	0.000000	0.000000
329.999264	__gene_G_rbs	93.000000	0.000000	0.000000
329.999264	__gene_H_rbs	71.000000	0.000000	0.000000
329.999264	__gene_J_rbs	205.000000	0.000000	0.000000
329.999264	__gene_K_rbs	222.000000	0.000000	0.000000
329.999264	__ribosome	0.000000	0.000000	0.000000
329.999264	bound_ecolipol	1881.000000	0.000000	0.000000
329.999264	bound_ribosome	100.000000	0.000000	0.000000
329.999264	ecoli_genome	119.000000	0.000000	0.000000
329.999264	ecoli_transcript	25267.000000	0.000000	0.000000
329.999264	ecolipol	51.000000	0.000000	0.000000
329.999264	gene_A	37.000000	20.000000	0.000000
329.999264	gene_A*	20.000000	20.000000	0.050000
329.999264	gene_B	333.000000	232.000000	0.008621
329.999264	gene_C	228.000000	220.000000	0.013636
329.999264	gene_D	199.000000	216.000000	0.023148
329.999264	gene_E	157.000000	212.000000	0.004717
329.999264	gene_F	84.000000	138.000000	0.050725
329.999264	gene_G	24.000000	93.000000	0.086022
329.999264	gene_H	0.000000	71.000000	0.211268
329.999264	gene_J	100.000000	205.000000	0.282927
329.999264	gene_K	233.000000	222.000000	0.000000
329.999264	promoter_A	1.000000	0.000000	0.000000
329.999264	promoter_B1	0.000000	0.000000	0.000000
329.999264	promoter_D	0.000000	0.000000	0.000000
334.999347	__gene_A*_rbs	20.000000	0.000000	0.000000
334.999347	__gene_A_rbs	20.000000	0.000000	0.000000
334.999347	__gene_B_rbs	236.000000	0.000000	0.000000
334.999347	__gene_C_rbs	224.000000	0.000000	0.000000
334.999347	__gene_D_rbs	220.000000	0.000000	0.000000
334.999347	__gene_E_rbs	215.000000	0.000000	0.000000
334.999347	__gene_F_rbs	140.000000	0.000000	0.000000
334.999347	__gene_G_rbs	95.000000	0.000000	0.000000
334.999347	__gene_H_rbs	74.000000	0.000000	0.000000
334.999347	__gene_J_rbs	209.000000	0.000000	0.000000
334.999347	__gene_K_rbs	226.000000	0.000000	0.000000
334.999347	__ribosome	0.000000	0.000000	0.000000
334.999347	bound_ecolipol	1884.000000	0.000000	0.000000
334.999347	bound_ribosome	100.000000	0.000000	0.000000
334.999347	ecoli_genome	116.000000	0.000000	0.000000
334.999347	ecoli_transcript	25652.000000	0.000000	0.000000
334.999347	ecolipol	48.000000	0.000000	0.000000
334.999347	gene_A	37.000000	20.000000	0.000000
334.999347	gene_A*	20.000000	20.000000	0.050000
334.999347	gene_B	334.000000	236.000000	0.004237
334.999347	gene_C	229.000000	224.000000	0.013393
334.999347	gene_D	202.000000	220.000000	0.013636
334.999347	gene_E	158.000000	215.000000	0.000000
334.999347	gene_F	85.000000	140.000000	0.050000
334.999347	gene_G	24.000000	95.000000	0.084211
334.999347	gene_H	0.000000	74.000000	0.216216
334.999347	gene_J	100.000000	209.000000	0.287081
334.999347	gene_K	233.000000	226.000000	0.004425
334.999347	promoter_A	1.000000	0.000000	0.000000
334.999347	promoter_B1	0.000000	0.000000	0.000000
334.999347	promoter_D	0.000000	0.000000	0.000000
339.999222	__gene_A*_rbs	20.000000	0.000000	0.000000
339.999222	__gene_A_rbs	20.000000	0.000000	0.000000
339.999222	__gene_B_rbs	239.000000	0.000000	0.000000
339.999222	__gene_C_rbs	228.000000	0.000000	0.000000
339.999222	__gene_D_rbs	223.000000	0.000000	0.000000
339.999222	__gene_E_rbs	219.000000	0.000000	0.000000
339.999222	__gene_F_rbs	141.000000	0.000000	0.000000
339.999222	__gene_G_rbs	97.000000	0.000000	0.000000
339.999222	__gene_H_rbs	74.000000	0.000000	0.000000
339.999222	__gene_J_rbs	213.000000	0.000000	0.000000
339.999222	__gene_K_rbs	230.000000	0.000000	0.000000
339.999222	__ribosome	0.000000	0.000000	0.000000
339.999222	bound_ecolipol	1892.000000	0.000000	0.000000
339.999222	bound_ribosome	100.000000	0.000000	0.000000
339.999222	ecoli_genome	108.000000	0.000000	0.000000
339.999222	ecoli_transcript	26041.000000	0.000000	0.000000
339.999222	ecolipol	44.000000	0.000000	0.000000
339.999222	gene_A	37.000000	20.000000	0.000000
339.999222	gene_A*	20.000000	20.000000	0.050000
339.999222	gene_B	334.000000	239.000000	0.008368
339.999222	gene_C	231.000000	228.000000	0.004386
339.999222	gene_D	202.000000	223.000000	0.013453
339.999222	gene_E	158.000000	219.000000	0.018265
339.999222	gene_F	86.000000	141.000000	0.042553
339.999222	gene_G	24.000000	97.000000	0.082474
339.999222	gene_H	0.000000	74.000000	0.216216
339.999222	gene_J	102.000000	213.000000	0.276995
339.999222	gene_K	234.000000	230.000000	0.000000
339.999222	promoter_A	1.000000	0.000000	0.000000
339.999222	promoter_B1	0.000000	0.000000	0.000000
339.999222	promoter_D	0.000000	0.000000	0.000000
344.999247	__gene_A*_rbs	20.000000	0.000000	0.000000
344.999247	__gene_A_rbs	20.000000	0.000000	0.000000
344.999247	__gene_B_rbs	243.000000	0.000000	0.000000
344.999247	__gene_C_rbs	231.000000	0.000000	0.000000
344.999247	__gene_D_rbs	227.000000	0.000000	0.000000
344.999247	__gene_E_rbs	221.000000	0.000000	0.000000
344.999247	__gene_F_rbs	143.000000	0.000000	0.000000
344.999247	__gene_G_rbs	100.000000	0.000000	0.000000
344.999247	__gene_H_rbs	74.000000	0.000000	0.000000
344.999247	__gene_J_rbs	215.000000	0.000000	0.000000
344.999247	__gene_K_rbs	234.000000	0.000000	0.000000
344.999247	__ribosome	0.000000	0.000000	0.000000
344.999247	bound_ecolipol	1885.000000	0.000000	0.000000
344.999247	bound_ribosome	100.000000	0.000000	0.000000
344.999247	ecoli_genome	115.000000	0.000000	0.000000
344.999247	ecoli_transcript	26415.000000	0.000000	0.000000
344.999247	ecolipol	49.000000	0.000000	0.000000
344.999247	gene_A	37.000000	20.000000	0.000000
344.999247	gene_A*	20.000000	20.000000	0.050000
344.999247	gene_B	335.000000	243.000000	0.008230
344.999247	gene_C	232.000000	232.000000	0.008621
344.999247	gene_D	204.000000	227.000000	0.004405
344.999247	gene_E	160.000000	222.000000	0.018018
344.999247	gene_F	86.000000	143.000000	0.041958
344.999247	gene_G	25.000000	100.000000	0.080000
344.999247	gene_H	0.000000	74.000000	0.216216
344.999247	gene_J	103.000000	216.000000	0.268519
344.999247	gene_K	234.000000	234.000000	0.008547
344.999247	promoter_A	1.000000	0.000000	0.000000
344.999247	promoter_B1	0.000000	0.000000	0.000000
344.999247	promoter_D	0.000000	0.000000	0.000000
349.999142	__gene_A*_rbs	20.000000	0.000000	0.000000
349.999142	__gene_A_rbs	20.000000	0.000000	0.000000
349.999142	__gene_B_rbs	246.000000	0.000000	0.000000
349.999142	__gene_C_rbs	236.000000	0.000000	0.000000
349.999142	__gene_D_rbs	230.000000	0.000000	0.000000
349.999142	__gene_E_rbs	226.000000	0.000000	0.000000
349.999142	__gene_F_rbs	145.000000	0.000000	0.000000
349.999142	__gene_G_rbs	102.000000	0.000000	0.000000
349.999142	__gene_H_rbs	74.000000	0.000000	0.000000
349.999142	__gene_J_rbs	220.000000	0.000000	0.000000
349.999142	__gene_K_rbs	237.000000	0.000000	0.000000
349.999142	__ribosome	0.000000	0.000000	0.000000
349.999142	bound_ecolipol	1886.000000	0.000000	0.000000
349.999142	bound_ribosome	100.000000	0.000000	0.000000
349.999142	ecoli_genome	114.000000	0.000000	0.000000
349.999142	ecoli_transcript	26775.000000	0.000000	0.000000
349.999142	ecolipol	50.000000	0.000000	0.000000
349.999142	gene_A	37.000000	20.000000	0.050000
349.999142	gene_A*	20.000000	20.000000	0.050000
349.999142	gene_B	336.000000	246.000000	0.008130
349.999142	gene_C	232.000000	236.000000	0.008475
349.999142	gene_D	205.000000	230.000000	0.008696
349.999142	gene_E	162.000000	226.000000	0.013274
349.999142	gene_F	87.000000	145.000000	0.041379
349.999142	gene_G	25.000000	102.000000	0.078431
349.999142	gene_H	0.000000	74.000000	0.216216
349.999142	gene_J	103.000000	220.000000	0.263636
349.999142	gene_K	236.000000	237.000000	0.004219
349.999142	promoter_A	1.000000	0.000000	0.000000
349.999142	promoter_B1	0.000000	0.000000	0.000000
349.999142	promoter_D	0.000000	0.000000	0.000000
354.999056	__gene_A*_rbs	20.000000	0.000000	0.000000
354.999056	__gene_A_rbs	21.000000	0.000000	0.000000
354.999056	__gene_B_rbs	250.000000	0.000000	0.000000
354.999056	__gene_C_rbs	239.000000	0.000000	0.000000
354.999056	__gene_D_rbs	233.000000	0.000000	0.000000
354.999056	__gene_E_rbs	230.000000	0.000000	0.000000
354.999056	__gene_F_rbs	147.000000	0.000000	0.000000
354.999056	__gene_G_rbs	105.000000	0.000000	0.000000
354.999056	__gene_H_rbs	74.000000	0.000000	0.000000
354.999056	__gene_J_rbs	223.000000	0.000000	0.000000
354.999056	__gene_K_rbs	241.000000	0.000000	0.000000
354.999056	__ribosome	0.000000	0.000000	0.000000
354.999056	bound_ecolipol	1886.000000	0.000000	0.000000
354.999056	bound_ribosome	100.000000	0.000000	0.000000
354.999056	ecoli_genome	114.000000	0.000000	0.000000
354.999056	ecoli_transcript	27165.000000	0.000000	0.000000
354.999056	ecolipol	51.000000	0.000000	0.000000
354.999056	gene_A	37.000000	21.000000	0.047619
354.999056	gene_A*	20.000000	20.000000	0.050000
354.999056	gene_B	337.000000	250.000000	0.008000
354.999056	gene_C	234.000000	239.000000	0.004184
354.999056	gene_D	205.000000	234.000000	0.017094
354.999056	gene_E	165.000000	230.000000	0.008696
354.999056	gene_F	88.000000	147.000000	0.034014
354.999056	gene_G	25.000000	105.000000	0.076190
354.999056	gene_H	0.000000	75.000000	0.226667
354.999056	gene_J	103.000000	223.000000	0.260090
354.999056	gene_K	237.000000	241.000000	0.004149
354.999056	promoter_A	1.000000	0.000000	0.000000
354.999056	promoter_B1	0.000000	0.000000	0.000000
354.999056	promoter_D	0.000000	0.000000	0.000000
359.999275	__gene_A*_rbs	20.000000	0.000000	0.000000
359.999275	__gene_A_rbs	21.000000	0.000000	0.000000
359.999275	__gene_B_rbs	254.000000	0.000000	0.000000
359.999275	__gene_C_rbs	243.000000	0.000000	0.000000
359.999275	__gene_D_rbs	238.000000	0.000000	0.000000
359.999275	__gene_E_rbs	233.000000	0.000000	0.000000
359.999275	__gene_F_rbs	148.000000	0.000000	0.000000
359.999275	__gene_G_rbs	107.000000	0.000000	0.000000
359.999275	__gene_H_rbs	77.000000	0.000000	0.000000
359.999275	__gene_J_rbs	227.000000	0.000000	0.000000
359.999275	__gene_K_rbs	243.000000	0.000000	0.000000
359.999275	__ribosome	0.000000	0.000000	0.000000
359.999275	bound_ecolipol	1880.000000	0.000000	0.000000
359.999275	bound_ribosome	100.000000	0.000000	0.000000
359.999275	ecoli_genome	120.000000	0.000000	0.000000
359.999275	ecoli_transcript	27550.000000	0.000000	0.000000
359.999275	ecolipol	58.000000	0.000000	0.000000
359.999275	gene_A	37.000000	21.000000	0.047619
359.999275	gene_A*	21.000000	20.000000	0.000000
359.999275	gene_B	337.000000	254.000000	0.007874
359.999275	gene_C	234.000000	243.000000	0.004115
359.999275	gene_D	205.000000	238.000000	0.016807
359.999275	gene_E	166.000000	233.000000	0.004292
359.999275	gene_F	90.000000	148.000000	0.027027
359.999275	gene_G	25.000000	107.000000	0.084112
359.999275	gene_H	0.000000	77.000000	0.220779
359.999275	gene_J	103.000000	227.000000	0.255507
359.999275	gene_K	238.000000	245.000000	0.012245
359.999275	promoter_A	1.000000	0.000000	0.000000
359.999275	promoter_B1	0.000000	0.000000	0.000000
359.999275	promoter_D	0.000000	0.000000	0.000000
364.999327	__gene_A*_rbs	19.000000	0.000000	0.000000
364.999327	__gene_A_rbs	21.000000	0.000000	0.000000
364.999327	__gene_B_rbs	257.000000	0.000000	0.000000
364.999327	__gene_C_rbs	247.000000	0.000000	0.000000
364.999327	__gene_D_rbs	241.000000	0.000000	0.000000
364.999327	__gene_E_rbs	237.000000	0.000000	0.000000
364.999327	__gene_F_rbs	150.000000	0.000000	0.000000
364.999327	__gene_G_rbs	109.000000	0.000000	0.000000
364.999327	__gene_H_rbs	79.000000	0.000000	0.000000
364.999327	__gene_J_rbs	231.000000	0.000000	0.000000
364.999327	__gene_K_rbs	249.000000	0.000000	0.000000
364.999327	__ribosome	0.000000	0.000000	0.000000
364.999327	bound_ecolipol	1886.000000	0.000000	0.000000
364.999327	bound_ribosome	100.000000	0.000000	0.000000
364.999327	ecoli_genome	114.000000	0.000000	0.000000
364.999327	ecoli_transcript	27925.000000	0.000000	0.000000
364.999327	ecolipol	51.000000	0.000000	0.000000
364.999327	gene_A	37.000000	21.000000	0.047619
364.999327	gene_A*	21.000000	20.000000	0.000000
364.999327	gene_B	339.000000	257.000000	0.000000
364.999327	gene_C	235.000000	247.000000	0.004049
364.999327	gene_D	207.000000	241.000000	0.016598
364.999327	gene_E	167.000000	237.000000	0.008439
364.999327	gene_F	90.000000	150.000000	0.026667
364.999327	gene_G	26.000000	109.000000	0.082569
364.999327	gene_H	0.000000	79.000000	0.215190
364.999327	gene_J	103.000000	231.000000	0.255411
364.999327	gene_K	239.000000	249.000000	0.012048
364.999327	promoter_A	1.000000	0.000000	0.000000
364.999327	promoter_B1	0.000000	0.000000	0.000000
364.999327	promoter_D	0.000000	0.000000	0.000000
369.999274	__gene_A*_rbs	21.000000	0.000000	0.000000
369.999274	__gene_A_rbs	21.000000	0.000000	0.000000
369.999274	__gene_B_rbs	261.000000	0.000000	0.000000
369.999274	__gene_C_rbs	251.000000	0.000000	0.000000
369.999274	__gene_D_rbs	245.000000	0.000000	0.000000
369.999274	__gene_E_rbs	241.000000	0.000000	0.000000
369.999274	__gene_F_rbs	152.000000	0.000000	0.000000
369.999274	__gene_G_rbs	111.000000	0.000000	0.000000
369.999274	__gene_H_rbs	79.000000	0.000000	0.000000
369.999274	__gene_J_rbs	233.000000	0.000000	0.000000
369.999274	__gene_K_rbs	252.000000	0.000000	0.000000
369.999274	__ribosome	0.000000	0.000000	0.000000
369.999274	bound_ecolipol	1887.000000	0.000000	0.000000
369.999274	bound_ribosome	100.000000	0.000000	0.000000
369.999274	ecoli_genome	113.000000	0.000000	0.000000
369.999274	ecoli_transcript	28308.000000	0.000000	0.000000
369.999274	ecolipol	51.000000	0.000000	0.000000
369.999274	gene_A	37.000000	21.000000	0.047619
369.999274	gene_A*	21.000000	21.000000	0.000000
369.999274	gene_B	339.000000	261.000000	0.007663
369.999274	gene_C	236.000000	251.000000	0.003984
369.999274	gene_D	208.000000	245.000000	0.012245
369.999274	gene_E	167.000000	241.000000	0.008299
369.999274	gene_F	90.000000	152.000000	0.032895
369.999274	gene_G	26.000000	111.000000	0.081081
369.999274	gene_H	0.000000	79.000000	0.215190
369.999274	gene_J	103.000000	234.000000	0.256410
369.999274	gene_K	242.000000	252.000000	0.000000
369.999274	promoter_A	1.000000	0.000000	0.000000
369.999274	promoter_B1	0.000000	0.000000	0.000000
369.999274	promoter_D	0.000000	0.000000	0.000000
374.999226	__gene_A*_rbs	21.000000	0.000000	0.000000
374.999226	__gene_A_rbs	21.000000	0.000000	0.000000
374.999226	__gene_B_rbs	265.000000	0.000000	0.000000
374.999226	__gene_C_rbs	254.000000	0.000000	0.000000
374.999226	__gene_D_rbs	247.000000	0.000000	0.000000
374.999226	__gene_E_rbs	244.000000	0.000000	0.000000
374.999226	__gene_F_rbs	154.000000	0.000000	0.000000
374.999226	__gene_G_rbs	113.000000	0.000000	0.000000
374.999226	__gene_H_rbs	81.000000	0.000000	0.000000
374.999226	__gene_J_rbs	238.000000	0.000000	0.000000
374.999226	__gene_K_rbs	256.000000	0.000000	0.000000
374.999226	__ribosome	0.000000	0.000000	0.000000
374.999226	bound_ecolipol	1893.000000	0.000000	0.000000
374.999226	bound_ribosome	100.000000	0.000000	0.000000
374.999226	ecoli_genome	107.000000	0.000000	0.000000
374.999226	ecoli_transcript	28699.000000	0.000000	0.000000
374.999226	ecolipol	44.000000	0.000000	0.000000
374.999226	gene_A	37.000000	21.000000	0.047619
374.999226	gene_A*	21.000000	21.000000	0.000000
374.999226	gene_B	339.000000	265.000000	0.011321
374.999226	gene_C	236.000000	254.000000	0.007874
374.999226	gene_D	209.000000	248.000000	0.008065
374.999226	gene_E	169.000000	244.000000	0.000000
374.999226	gene_F	91.000000	154.000000	0.032468
374.999226	gene_G	26.000000	113.000000	0.079646
374.999226	gene_H	0.000000	81.000000	0.209877
374.999226	gene_J	105.000000	238.000000	0.252101
374.999226	gene_K	242.000000	256.000000	0.003906
374.999226	promoter_A	1.000000	0.000000	0.000000
374.999226	promoter_B1	0.000000	0.000000	0.000000
374.999226	promoter_D	0.000000	0.000000	0.000000
379.999016	__gene_A*_rbs	21.000000	0.000000	0.000000
379.999016	__gene_A_rbs	21.000000	0.000000	0.000000
379.999016	__gene_B_rbs	267.000000	0.000000	0.000000
379.999016	__gene_C_rbs	256.000000	0.000000	0.000000
379.999016	__gene_D_rbs	252.000000	0.000000	0.000000
379.999016	__gene_E_rbs	247.000000	0.000000	0.000000
379.999016	__gene_F_rbs	158.000000	0.000000	0.000000
379.999016	__gene_G_rbs	113.000000	0.000000	0.000000
379.999016	__gene_H_rbs	81.000000	0.000000	0.000000
379.999016	__gene_J_rbs	242.000000	0.000000	0.000000
379.999016	__gene_K_rbs	260.000000	0.000000	0.000000
379.999016	__ribosome	0.000000	0.000000	0.000000
379.999016	bound_ecolipol	1893.000000	0.000000	0.000000
379.999016	bound_ribosome	100.000000	0.000000	0.000000
379.999016	ecoli_genome	107.000000	0.000000	0.000000
379.999016	ecoli_transcript	29079.000000	0.000000	0.000000
379.999016	ecolipol	44.000000	0.000000	0.000000
379.999016	gene_A	37.000000	21.000000	0.047619
379.999016	gene_A*	21.000000	21.000000	0.047619
379.999016	gene_B	340.000000	268.000000	0.011194
379.999016	gene_C	237.000000	257.000000	0.011673
379.999016	gene_D	211.000000	252.000000	0.000000
379.999016	gene_E	169.000000	247.000000	0.004049
379.999016	gene_F	92.000000	158.000000	0.025316
379.999016	gene_G	26.000000	113.000000	0.079646
379.999016	gene_H	0.000000	81.000000	0.222222
379.999016	gene_J	107.000000	242.000000	0.243802
379.999016	gene_K	243.000000	260.000000	0.003846
379.999016	promoter_A	1.000000	0.000000	0.000000
379.999016	promoter_B1	0.000000	0.000000	0.000000
379.999016	promoter_D	0.000000	0.000000	0.000000
384.999286	__gene_A*_rbs	21.000000	0.000000	0.000000
384.999286	__gene_A_rbs	21.000000	0.000000	0.000000
384.999286	__gene_B_rbs	272.000000	0.000000	0.000000
384.999286	__gene_C_rbs	261.000000	0.000000	0.000000
384.999286	__gene_D_rbs	255.000000	0.000000	0.000000
384.999286	__gene_E_rbs	251.000000	0.000000	0.000000
384.999286	__gene_F_rbs	161.000000	0.000000	0.000000
384.999286	__gene_G_rbs	115.000000	0.000000	0.000000
384.999286	__gene_H_rbs	81.000000	0.000000	0.000000
384.999286	__gene_J_rbs	244.000000	0.000000	0.000000
384.999286	__gene_K_rbs	263.000000	0.000000	0.000000
384.999286	__ribosome	0.000000	0.000000	0.000000
384.999286	bound_ecolipol	1892.000000	0.000000	0.000000
384.999286	bound_ribosome	100.000000	0.000000	0.000000
384.999286	ecoli_genome	108.000000	0.000000	0.000000
384.999286	ecoli_transcript	29473.000000	0.000000	0.000000
384.999286	ecolipol	43.000000	0.000000	0.000000
384.999286	gene_A	37.000000	21.000000	0.047619
384.999286	gene_A*	21.000000	21.000000	0.047619
384.999286	gene_B	342.000000	272.000000	0.007353
384.999286	gene_C	238.000000	261.000000	0.007663
384.999286	gene_D	211.000000	255.000000	0.000000
384.999286	gene_E	169.000000	251.000000	0.007968
384.999286	gene_F	92.000000	161.000000	0.024845
384.999286	gene_G	27.000000	115.000000	0.069565
384.999286	gene_H	0.000000	81.000000	0.234568
384.999286	gene_J	107.000000	245.000000	0.244898
384.999286	gene_K	244.000000	263.000000	0.003802
384.999286	promoter_A	1.000000	0.000000	0.000000
384.999286	promoter_B1	0.000000	0.000000	0.000000
384.999286	promoter_D	0.000000	0.000000	0.000000
389.999433	__gene_A*_rbs	21.000000	0.000000	0.000000
389.999433	__gene_A_rbs	21.000000	0.000000	0.000000
389.999433	__gene_B_rbs	276.000000	0.000000	0.000000
389.999433	__gene_C_rbs	264.000000	0.000000	0.000000
389.999433	__gene_D_rbs	259.000000	0.000000	0.000000
389.999433	__gene_E_rbs	255.000000	0.000000	0.000000
389.999433	__gene_F_rbs	162.000000	0.000000	0.000000
389.999433	__gene_G_rbs	116.000000	0.000000	0.000000
389.999433	__gene_H_rbs	83.000000	0.000000	0.000000
389.999433	__gene_J_rbs	248.000000	0.000000	0.000000
389.999433	__gene_K_rbs	266.000000	0.000000	0.000000
389.999433	__ribosome	0.000000	0.000000	0.000000
389.999433	bound_ecolipol	1901.000000	0.000000	0.000000
389.999433	bound_ribosome	100.000000	0.000000	0.000000
389.999433	ecoli_genome	99.000000	0.000000	0.000000
389.999433	ecoli_transcript	29849.000000	0.000000	0.000000
389.999433	ecolipol	37.000000	0.000000	0.000000
389.999433	gene_A	37.000000	21.000000	0.047619
389.999433	gene_A*	21.000000	21.000000	0.047619
389.999433	gene_B	342.000000	276.000000	0.010870
389.999433	gene_C	240.000000	264.000000	0.007576
389.999433	gene_D	211.000000	259.000000	0.000000
389.999433	gene_E	170.000000	255.000000	0.003922
389.999433	gene_F	93.000000	162.000000	0.018519
389.999433	gene_G	27.000000	116.000000	0.077586
389.999433	gene_H	0.000000	83.000000	0.228916
389.999433	gene_J	107.000000	248.000000	0.241935
389.999433	gene_K	245.000000	267.000000	0.003745
389.999433	promoter_A	1.000000	0.000000	0.000000
389.999433	promoter_B1	0.000000	0.000000	0.000000
389.999433	promoter_D	0.000000	0.000000	0.000000
394.999096	__gene_A*_rbs	21.000000	0.000000	0.000000
394.999096	__gene_A_rbs	22.000000	0.000000	0.000000
394.999096	__gene_B_rbs	279.000000	0.000000	0.000000
394.999096	__gene_C_rbs	268.000000	0.000000	0.000000
394.999096	__gene_D_rbs	262.000000	0.000000	0.000000
394.999096	__gene_E_rbs	258.000000	0.000000	0.000000
394.999096	__gene_F_rbs	164.000000	0.000000	0.000000
394.999096	__gene_G_rbs	118.000000	0.000000	0.000000
394.999096	__gene_H_rbs	83.000000	0.000000	0.000000
394.999096	__gene_J_rbs	251.000000	0.000000	0.000000
394.999096	__gene_K_rbs	270.000000	0.000000	0.000000
394.999096	__ribosome	0.000000	0.000000	0.000000
394.999096	bound_ecolipol	1901.000000	0.000000	0.000000
394.999096	bound_ribosome	100.000000	0.000000	0.000000
394.999096	ecoli_genome	99.000000	0.000000	0.000000
394.999096	ecoli_transcript	30216.000000	0.000000	0.000000
394.999096	ecolipol	36.000000	0.000000	0.000000
394.999096	gene_A	37.000000	22.000000	0.045455
394.999096	gene_A*	21.000000	21.000000	0.047619
394.999096	gene_B	344.000000	279.000000	0.003584
394.999096	gene_C	240.000000	268.000000	0.007463
394.999096	gene_D	211.000000	263.000000	0.000000
394.999096	gene_E	171.000000	258.000000	0.003876
394.999096	gene_F	93.000000	164.000000	0.018293
394.999096	gene_G	27.000000	118.000000	0.093220
394.999096	gene_H	0.000000	83.000000	0.228916
394.999096	gene_J	107.000000	251.000000	0.239044
394.999096	gene_K	245.000000	270.000000	0.003704
394.999096	promoter_A	1.000000	0.000000	0.000000
394.999096	promoter_B1	0.000000	0.000000	0.000000
394.999096	promoter_D	0.000000	0.000000	0.000000
399.999263	__gene_A*_rbs	21.000000	0.000000	0.000000
399.999263	__gene_A_rbs	22.000000	0.000000	0.000000
399.999263	__gene_B_rbs	283.000000	0.000000	0.000000
399.999263	__gene_C_rbs	271.000000	0.000000	0.000000
399.999263	__gene_D_rbs	266.000000	0.000000	0.000000
399.999263	__gene_E_rbs	261.000000	0.000000	0.000000
399.999263	__gene_F_rbs	166.000000	0.000000	0.000000
399.999263	__gene_G_rbs	118.000000	0.000000	0.000000
399.999263	__gene_H_rbs	84.000000	0.000000	0.000000
399.999263	__gene_J_rbs	255.000000	0.000000	0.000000
399.999263	__gene_K_rbs	274.000000	0.000000	0.000000
399.999263	__ribosome	0.000000	0.000000	0.000000
399.999263	bound_ecolipol	1888.000000	0.000000	0.000000
399.999263	bound_ribosome	100.000000	0.000000	0.000000
399.999263	ecoli_genome	112.000000	0.000000	0.000000
399.999263	ecoli_transcript	30549.000000	0.000000	0.000000
399.999263	ecolipol	49.000000	0.000000	0.000000
399.999263	gene_A	38.000000	22.000000	0.000000
399.999263	gene_A*	21.000000	21.000000	0.047619
399.999263	gene_B	344.000000	283.000000	0.007067
399.999263	gene_C	242.000000	272.000000	0.007353
399.999263	gene_D	211.000000	266.000000	0.000000
399.999263	gene_E	171.000000	261.000000	0.003831
399.999263	gene_F	93.000000	166.000000	0.018072
399.999263	gene_G	27.000000	118.000000	0.093220
399.999263	gene_H	0.000000	84.000000	0.226190
399.999263	gene_J	107.000000	255.000000	0.235294
399.999263	gene_K	246.000000	274.000000	0.003650
399.999263	promoter_A	1.000000	0.000000	0.000000
399.999263	promoter_B1	0.000000	0.000000	0.000000
399.999263	promoter_D	0.000000	0.000000	0.000000
404.999032	__gene_A*_rbs	21.000000	0.000000	0.000000
404.999032	__gene_A_rbs	22.000000	0.000000	0.000000
404.999032	__gene_B_rbs	287.000000	0.000000	0.000000
404.999032	__gene_C_rbs	275.000000	0.000000	0.000000
404.999032	__gene_D_rbs	270.000000	0.000000	0.000000
404.999032	__gene_E_rbs	265.000000	0.000000	0.000000
404.999032	__gene_F_rbs	169.000000	0.000000	0.000000
404.999032	__gene_G_rbs	121.000000	0.000000	0.000000
404.999032	__gene_H_rbs	84.000000	0.000000	0.000000
404.999032	__gene_J_rbs	258.000000	0.000000	0.000000
404.999032	__gene_K_rbs	277.000000	0.000000	0.000000
404.999032	__ribosome	0.000000	0.000000	0.000000
404.999032	bound_ecolipol	1892.000000	0.000000	0.000000
404.999032	bound_ribosome	100.000000	0.000000	0.000000
404.999032	ecoli_genome	108.000000	0.000000	0.000000
404.999032	ecoli_transcript	30941.000000	0.000000	0.000000
404.999032	ecolipol	43.000000	0.000000	0.000000
404.999032	gene_A	38.000000	22.000000	0.000000
404.999032	gene_A*	21.000000	21.000000	0.047619
404.999032	gene_B	345.000000	287.000000	0.003484
404.999032	gene_C	243.000000	275.000000	0.007273
404.999032	gene_D	211.000000	270.000000	0.000000
404.999032	gene_E	172.000000	265.000000	0.000000
404.999032	gene_F	94.000000	169.000000	0.011834
404.999032	gene_G	28.000000	121.000000	0.099174
404.999032	gene_H	0.000000	84.000000	0.238095
404.999032	gene_J	107.000000	259.000000	0.235521
404.999032	gene_K	247.000000	277.000000	0.003610
404.999032	promoter_A	1.000000	0.000000	0.000000
404.999032	promoter_B1	0.000000	0.000000	0.000000
404.999032	promoter_D	0.000000	0.000000	0.000000
409.999112	__gene_A*_rbs	22.000000	0.000000	0.000000
409.999112	__gene_A_rbs	22.000000	0.000000	0.000000
409.999112	__gene_B_rbs	290.000000	0.000000	0.000000
409.999112	__gene_C_rbs	279.000000	0.000000	0.000000
409.999112	__gene_D_rbs	274.000000	0.000000	0.000000
409.999112	__gene_E_rbs	267.000000	0.000000	0.000000
409.999112	__gene_F_rbs	172.000000	0.000000	0.000000
409.999112	__gene_G_rbs	124.000000	0.000000	0.000000
409.999112	__gene_H_rbs	86.000000	0.000000	0.000000
409.999112	__gene_J_rbs	262.000000	0.000000	0.000000
409.999112	__gene_K_rbs	281.000000	0.000000	0.000000
409.999112	__ribosome	0.000000	0.000000	0.000000
409.999112	bound_ecolipol	1886.000000	0.000000	0.000000
409.999112	bound_ribosome	100.000000	0.000000	0.000000
409.999112	ecoli_genome	114.000000	0.000000	0.000000
409.999112	ecoli_transcript	31305.000000	0.000000	0.000000
409.999112	ecolipol	45.000000	0.000000	0.000000
409.999112	gene_A	38.000000	22.000000	0.000000
409.999112	gene_A*	21.000000	22.000000	0.045455
409.999112	gene_B	346.000000	291.000000	0.003436
409.999112	gene_C	244.000000	279.000000	0.003584
409.999112	gene_D	211.000000	274.000000	0.000000
409.999112	gene_E	172.000000	269.000000	0.011152
409.999112	gene_F	95.000000	172.000000	0.011628
409.999112	gene_G	30.000000	124.000000	0.096774
409.999112	gene_H	0.000000	86.000000	0.232558
409.999112	gene_J	108.000000	262.000000	0.229008
409.999112	gene_K	248.000000	281.000000	0.000000
409.999112	promoter_A	1.000000	0.000000	0.000000
409.999112	promoter_B1	0.000000	0.000000	0.000000
409.999112	promoter_D	0.000000	0.000000	0.000000
414.999117	__gene_A*_rbs	22.000000	0.000000	0.000000
414.999117	__gene_A_rbs	22.000000	0.000000	0.000000
414.999117	__gene_B_rbs	294.000000	0.000000	0.000000
414.999117	__gene_C_rbs	283.000000	0.000000	0.000000
414.999117	__gene_D_rbs	277.000000	0.000000	0.000000
414.999117	__gene_E_rbs	273.000000	0.000000	0.000000
414.999117	__gene_F_rbs	175.000000	0.000000	0.000000
414.999117	__gene_G_rbs	125.000000	0.000000	0.000000
414.999117	__gene_H_rbs	86.000000	0.000000	0.000000
414.999117	__gene_J_rbs	266.000000	0.000000	0.000000
414.999117	__gene_K_rbs	285.000000	0.000000	0.000000
414.999117	__ribosome	0.000000	0.000000	0.000000
414.999117	bound_ecolipol	1880.000000	0.000000	0.000000
414.999117	bound_ribosome	100.000000	0.000000	0.000000
414.999117	ecoli_genome	120.000000	0.000000	0.000000
414.999117	ecoli_transcript	31661.000000	0.000000	0.000000
414.999117	ecolipol	50.000000	0.000000	0.000000
414.999117	gene_A	38.000000	22.000000	0.045455
414.999117	gene_A*	22.000000	22.000000	0.000000
414.999117	gene_B	346.000000	294.000000	0.003401
414.999117	gene_C	245.000000	283.000000	0.003534
414.999117	gene_D	211.000000	277.000000	0.000000
414.999117	gene_E	172.000000	273.000000	0.010989
414.999117	gene_F	95.000000	175.000000	0.011429
414.999117	gene_G	30.000000	125.000000	0.096000
414.999117	gene_H	0.000000	86.000000	0.232558
414.999117	gene_J	108.000000	266.000000	0.225564
414.999117	gene_K	248.000000	285.000000	0.000000
414.999117	promoter_A	1.000000	0.000000	0.000000
414.999117	promoter_B1	0.000000	0.000000	0.000000
414.999117	promoter_D	0.000000	0.000000	0.000000
419.999002	__gene_A*_rbs	22.000000	0.000000	0.000000
419.999002	__gene_A_rbs	22.000000	0.000000	0.000000
419.999002	__gene_B_rbs	298.000000	0.000000	0.000000
419.999002	__gene_C_rbs	285.000000	0.000000	0.000000
419.999002	__gene_D_rbs	281.000000	0.000000	0.000000
419.999002	__gene_E_rbs	276.000000	0.000000	0.000000
419.999002	__gene_F_rbs	177.000000	0.000000	0.000000
419.999002	__gene_G_rbs	127.000000	0.000000	0.000000
419.999002	__gene_H_rbs	86.000000	0.000000	0.000000
419.999002	__gene_J_rbs	269.000000	0.000000	0.000000
419.999002	__gene_K_rbs	289.000000	0.000000	0.000000
419.999002	__ribosome	0.000000	0.000000	0.000000
419.999002	bound_ecolipol	1878.000000	0.000000	0.000000
419.999002	bound_ribosome	100.000000	0.000000	0.000000
419.999002	ecoli_genome	122.000000	0.000000	0.000000
419.999002	ecoli_transcript	32061.000000	0.000000	0.000000
419.999002	ecolipol	54.000000	0.000000	0.000000
419.999002	gene_A	38.000000	22.000000	0.045455
419.999002	gene_A*	22.000000	22.000000	0.000000
419.999002	gene_B	346.000000	298.000000	0.006711
419.999002	gene_C	246.000000	286.000000	0.003497
419.999002	gene_D	211.000000	281.000000	0.003559
419.999002	gene_E	175.000000	276.000000	0.000000
419.999002	gene_F	96.000000	177.000000	0.005650
419.999002	gene_G	31.000000	127.000000	0.086614
419.999002	gene_H	0.000000	86.000000	0.232558
419.999002	gene_J	108.000000	269.000000	0.226766
419.999002	gene_K	248.000000	289.000000	0.006920
419.999002	promoter_A	1.000000	0.000000	0.000000
419.999002	promoter_B1	0.000000	0.000000	0.000000
419.999002	promoter_D	0.000000	0.000000	0.000000
424.999142	__gene_A*_rbs	22.000000	0.000000	0.000000
424.999142	__gene_A_rbs	22.000000	0.000000	0.000000
424.999142	__gene_B_rbs	301.000000	0.000000	0.000000
424.999142	__gene_C_rbs	289.000000	0.000000	0.000000
424.999142	__gene_D_rbs	284.000000	0.000000	0.000000
424.999142	__gene_E_rbs	280.000000	0.000000	0.000000
424.999142	__gene_F_rbs	181.000000	0.000000	0.000000
424.999142	__gene_G_rbs	131.000000	0.000000	0.000000
424.999142	__gene_H_rbs	88.000000	0.000000	0.000000
424.999142	__gene_J_rbs	273.000000	0.000000	0.000000
424.999142	__gene_K_rbs	292.000000	0.000000	0.000000
424.999142	__ribosome	0.000000	0.000000	0.000000
424.999142	bound_ecolipol	1880.000000	0.000000	0.000000
424.999142	bound_ribosome	100.000000	0.000000	0.000000
424.999142	ecoli_genome	120.000000	0.000000	0.000000
424.999142	ecoli_transcript	32427.000000	0.000000	0.000000
424.999142	ecolipol	50.000000	0.000000	0.000000
424.999142	gene_A	38.000000	22.000000	0.090909
424.999142	gene_A*	22.000000	22.000000	0.000000
424.999142	gene_B	347.000000	301.000000	0.003322
424.999142	gene_C	246.000000	290.000000	0.003448
424.999142	gene_D	211.000000	284.000000	0.003521
424.999142	gene_E	175.000000	280.000000	0.000000
424.999142	gene_F	96.000000	181.000000	0.005525
424.999142	gene_G	31.000000	131.000000	0.083969
424.999142	gene_H	0.000000	88.000000	0.227273
424.999142	gene_J	108.000000	273.000000	0.223443
424.999142	gene_K	249.000000	292.000000	0.006849
424.999142	promoter_A	0.000000	0.000000	0.000000
424.999142	promoter_B1	0.000000	0.000000	0.000000
424.999142	promoter_D	0.000000	0.000000	0.000000
429.999012	__gene_A*_rbs	22.000000	0.000000	0.000000
429.999012	__gene_A_rbs	23.000000	0.000000	0.000000
429.999012	__gene_B_rbs	304.000000	0.000000	0.000000
429.999012	__gene_C_rbs	294.000000	0.000000	0.000000
429.999012	__gene_D_rbs	288.000000	0.000000	0.000000
429.999012	__gene_E_rbs	284.000000	0.000000	0.000000
429.999012	__gene_F_rbs	183.000000	0.000000	0.000000
429.999012	__gene_G_rbs	132.000000	0.000000	0.000000
429.999012	__gene_H_rbs	88.000000	0.000000	0.000000
429.999012	__gene_J_rbs	277.000000	0.000000	0.000000
429.999012	__gene_K_rbs	295.000000	0.000000	0.000000
429.999012	__ribosome	0.000000	0.000000	0.000000
429.999012	bound_ecolipol	1884.000000	0.000000	0.000000
429.999012	bound_ribosome	100.000000	0.000000	0.000000
429.999012	ecoli_genome	116.000000	0.000000	0.000000
429.999012	ecoli_transcript	32795.000000	0.000000	0.000000
429.999012	ecolipol	47.000000	0.000000	0.000000
429.999012	gene_A	38.000000	23.000000	0.086957
429.999012	gene_A*	22.000000	22.000000	0.000000
429.999012	gene_B	347.000000	304.000000	0.006579
429.999012	gene_C	247.000000	294.000000	0.006803
429.999012	gene_D	211.000000	288.000000	0.006944
429.999012	gene_E	175.000000	284.000000	0.000000
429.999012	gene_F	96.000000	183.000000	0.005464
429.999012	gene_G	33.000000	132.000000	0.068182
429.999012	gene_H	0.000000	88.000000	0.227273
429.999012	gene_J	108.000000	277.000000	0.220217
429.999012	gene_K	251.000000	296.000000	0.003378
429.999012	promoter_A	1.000000	0.000000	0.000000
429.999012	promoter_B1	0.000000	0.000000	0.000000
429.999012	promoter_D	0.000000	0.000000	0.000000
434.999027	__gene_A*_rbs	22.000000	0.000000	0.000000
434.999027	__gene_A_rbs	24.000000	0.000000	0.000000
434.999027	__gene_B_rbs	307.000000	0.000000	0.000000
434.999027	__gene_C_rbs	297.000000	0.000000	0.000000
434.999027	__gene_D_rbs	291.000000	0.000000	0.000000
434.999027	__gene_E_rbs	288.000000	0.000000	0.000000
434.999027	__gene_F_rbs	185.000000	0.000000	0.000000
434.999027	__gene_G_rbs	134.000000	0.000000	0.000000
434.999027	__gene_H_rbs	88.000000	0.000000	0.000000
434.999027	__gene_J_rbs	280.000000	0.000000	0.000000
434.999027	__gene_K_rbs	299.000000	0.000000	0.000000
434.999027	__ribosome	0.000000	0.000000	0.000000
434.999027	bound_ecolipol	1884.000000	0.000000	0.000000
434.999027	bound_ribosome	100.000000	0.000000	0.000000
434.999027	ecoli_genome	116.000000	0.000000	0.000000
434.999027	ecoli_transcript	33159.000000	0.000000	0.000000
434.999027	ecolipol	48.000000	0.000000	0.000000
434.999027	gene_A	38.000000	24.000000	0.083333
434.999027	gene_A*	22.000000	22.000000	0.000000
434.999027	gene_B	348.000000	307.000000	0.003257
434.999027	gene_C	247.000000	297.000000	0.006734
434.999027	gene_D	212.000000	292.000000	0.006849
434.999027	gene_E	175.000000	288.000000	0.000000
434.999027	gene_F	96.000000	185.000000	0.016216
434.999027	gene_G	33.000000	134.000000	0.067164
434.999027	gene_H	0.000000	88.000000	0.227273
434.999027	gene_J	108.000000	280.000000	0.217857
434.999027	gene_K	252.000000	299.000000	0.000000
434.999027	promoter_A	1.000000	0.000000	0.000000
434.999027	promoter_B1	0.000000	0.000000	0.000000
434.999027	promoter_D	0.000000	0.000000	0.000000
439.999322	__gene_A*_rbs	22.000000	0.000000	0.000000
439.999322	__gene_A_rbs	24.000000	0.000000	0.000000
439.999322	__gene_B_rbs	311.000000	0.000000	0.000000
439.999322	__gene_C_rbs	301.000000	0.000000	0.000000
439.999322	__gene_D_rbs	296.000000	0.000000	0.000000
439.999322	__gene_E_rbs	290.000000	0.000000	0.000000
439.999322	__gene_F_rbs	188.000000	0.000000	0.000000
439.999322	__gene_G_rbs	135.000000	0.000000	0.000000
439.999322	__gene_H_rbs	89.000000	0.000000	0.000000
439.999322	__gene_J_rbs	284.000000	0.000000	0.000000
439.999322	__gene_K_rbs	302.000000	0.000000	0.000000
439.999322	__ribosome	0.000000	0.000000	0.000000
439.999322	bound_ecolipol	1885.000000	0.000000	0.000000
439.999322	bound_ribosome	100.000000	0.000000	0.000000
439.999322	ecoli_genome	115.000000	0.000000	0.000000
439.999322	ecoli_transcript	33533.000000	0.000000	0.000000
439.999322	ecolipol	45.000000	0.000000	0.000000
439.999322	gene_A	38.000000	24.000000	0.083333
439.999322	gene_A*	22.000000	22.000000	0.000000
439.999322	gene_B	348.000000	311.000000	0.003215
439.999322	gene_C	249.000000	301.000000	0.000000
439.999322	gene_D	212.000000	296.000000	0.010135
439.999322	gene_E	175.000000	291.000000	0.000000
439.999322	gene_F	96.000000	188.000000	0.021277
439.999322	gene_G	33.000000	135.000000	0.066667
439.999322	gene_H	0.000000	89.000000	0.224719
439.999322	gene_J	108.000000	284.000000	0.214789
439.999322	gene_K	252.000000	303.000000	0.000000
439.999322	promoter_A	0.000000	0.000000	0.000000
439.999322	promoter_B1	0.000000	0.000000	0.000000
439.999322	promoter_D	0.000000	0.000000	0.000000
444.999335	__gene_A*_rbs	23.000000	0.000000	0.000000
444.999335	__gene_A_rbs	26.000000	0.000000	0.000000
444.999335	__gene_B_rbs	315.000000	0.000000	0.000000
444.999335	__gene_C_rbs	305.000000	0.000000	0.000000
444.999335	__gene_D_rbs	299.000000	0.000000	0.000000
444.999335	__gene_E_rbs	295.000000	0.000000	0.000000
444.999335	__gene_F_rbs	191.000000	0.000000	0.000000
444.999335	__gene_G_rbs	137.000000	0.000000	0.000000
444.999335	__gene_H_rbs	91.000000	0.000000	0.000000
444.999335	__gene_J_rbs	288.000000	0.000000	0.000000
444.999335	__gene_K_rbs	307.000000	0.000000	0.000000
444.999335	__ribosome	0.000000	0.000000	0.000000
444.999335	bound_ecolipol	1880.000000	0.000000	0.000000
444.999335	bound_ribosome	100.000000	0.000000	0.000000
444.999335	ecoli_genome	120.000000	0.000000	0.000000
444.999335	ecoli_transcript	33923.000000	0.000000	0.000000
444.999335	ecolipol	48.000000	0.000000	0.000000
444.999335	gene_A	38.000000	26.000000	0.076923
444.999335	gene_A*	22.000000	23.000000	0.000000
444.999335	gene_B	349.000000	315.000000	0.000000
444.999335	gene_C	249.000000	305.000000	0.000000
444.999335	gene_D	213.000000	299.000000	0.010033
444.999335	gene_E	175.000000	295.000000	0.000000
444.999335	gene_F	96.000000	191.000000	0.020942
444.999335	gene_G	33.000000	137.000000	0.065693
444.999335	gene_H	0.000000	91.000000	0.219780
444.999335	gene_J	108.000000	288.000000	0.211806
444.999335	gene_K	252.000000	307.000000	0.003257
444.999335	promoter_A	0.000000	0.000000	0.000000
444.999335	promoter_B1	0.000000	0.000000	0.000000
444.999335	promoter_D	0.000000	0.000000	0.000000
449.999113	__gene_A*_rbs	24.000000	0.000000	0.000000
449.999113	__gene_A_rbs	26.000000	0.000000	0.000000
449.999113	__gene_B_rbs	319.000000	0.000000	0.000000
449.999113	__gene_C_rbs	309.000000	0.000000	0.000000
449.999113	__gene_D_rbs	303.000000	0.000000	0.000000
449.999113	__gene_E_rbs	299.000000	0.000000	0.000000
449.999113	__gene_F_rbs	192.000000	0.000000	0.000000
449.999113	__gene_G_rbs	138.000000	0.000000	0.000000
449.999113	__gene_H_rbs	93.000000	0.000000	0.000000
449.999113	__gene_J_rbs	292.000000	0.000000	0.000000
449.999113	__gene_K_rbs	311.000000	0.000000	0.000000
449.999113	__ribosome	0.000000	0.000000	0.000000
449.999113	bound_ecolipol	1880.000000	0.000000	0.000000
449.999113	bound_ribosome	100.000000	0.000000	0.000000
449.999113	ecoli_genome	120.000000	0.000000	0.000000
449.999113	ecoli_transcript	34345.000000	0.000000	0.000000
449.999113	ecolipol	46.000000	0.000000	0.000000
449.999113	gene_A	38.000000	26.000000	0.076923
449.999113	gene_A*	22.000000	24.000000	0.000000
449.999113	gene_B	349.000000	319.000000	0.000000
449.999113	gene_C	249.000000	309.000000	0.000000
449.999113	gene_D	214.000000	303.000000	0.006601
449.999113	gene_E	175.000000	299.000000	0.006689
449.999113	gene_F	97.000000	193.000000	0.020725
449.999113	gene_G	33.000000	138.000000	0.065217
449.999113	gene_H	0.000000	93.000000	0.215054
449.999113	gene_J	108.000000	292.000000	0.208904
449.999113	gene_K	253.000000	311.000000	0.000000
449.999113	promoter_A	1.000000	0.000000	0.000000
449.999113	promoter_B1	0.000000	0.000000	0.000000
449.999113	promoter_D	0.000000	0.000000	0.000000
454.999547	__gene_A*_rbs	24.000000	0.000000	0.000000
454.999547	__gene_A_rbs	27.000000	0.000000	0.000000
454.999547	__gene_B_rbs	322.000000	0.000000	0.000000
454.999547	__gene_C_rbs	312.000000	0.000000	0.000000
454.999547	__gene_D_rbs	307.000000	0.000000	0.000000
454.999547	__gene_E_rbs	302.000000	0.000000	0.000000
454.999547	__gene_F_rbs	196.000000	0.000000	0.000000
454.999547	__gene_G_rbs	141.000000	0.000000	0.000000
454.999547	__gene_H_rbs	93.000000	0.000000	0.000000
454.999547	__gene_J_rbs	295.000000	0.000000	0.000000
454.999547	__gene_K_rbs	314.000000	0.000000	0.000000
454.999547	__ribosome	0.000000	0.000000	0.000000
454.999547	bound_ecolipol	1882.000000	0.000000	0.000000
454.999547	bound_ribosome	100.000000	0.000000	0.000000
454.999547	ecoli_genome	118.000000	0.000000	0.000000
454.999547	ecoli_transcript	34704.000000	0.000000	0.000000
454.999547	ecolipol	44.000000	0.000000	0.000000
454.999547	gene_A	38.000000	27.000000	0.074074
454.999547	gene_A*	22.000000	24.000000	0.000000
454.999547	gene_B	349.000000	322.000000	0.000000
454.999547	gene_C	249.000000	312.000000	0.000000
454.999547	gene_D	215.000000	307.000000	0.006515
454.999547	gene_E	175.000000	302.000000	0.006623
454.999547	gene_F	97.000000	196.000000	0.020408
454.999547	gene_G	33.000000	141.000000	0.063830
454.999547	gene_H	0.000000	93.000000	0.215054
454.999547	gene_J	108.000000	295.000000	0.206780
454.999547	gene_K	253.000000	314.000000	0.000000
454.999547	promoter_A	1.000000	0.000000	0.000000
454.999547	promoter_B1	0.000000	0.000000	0.000000
454.999547	promoter_D	0.000000	0.000000	0.000000
459.999072	__gene_A*_rbs	25.000000	0.000000	0.000000
459.999072	__gene_A_rbs	27.000000	0.000000	0.000000
459.999072	__gene_B_rbs	326.000000	0.000000	0.000000
459.999072	__gene_C_rbs	316.000000	0.000000	0.000000
459.999072	__gene_D_rbs	310.000000	0.000000	0.000000
459.999072	__gene_E_rbs	306.000000	0.000000	0.000000
459.999072	__gene_F_rbs	198.000000	0.000000	0.000000
459.999072	__gene_G_rbs	142.000000	0.000000	0.000000
459.999072	__gene_H_rbs	96.000000	0.000000	0.000000
459.999072	__gene_J_rbs	299.000000	0.000000	0.000000
459.999072	__gene_K_rbs	318.000000	0.000000	0.000000
459.999072	__ribosome	0.000000	0.000000	0.000000
459.999072	bound_ecolipol	1886.000000	0.000000	0.000000
459.999072	bound_ribosome	100.000000	0.000000	0.000000
459.999072	ecoli_genome	114.000000	0.000000	0.000000
459.999072	ecoli_transcript	35059.000000	0.000000	0.000000
459.999072	ecolipol	40.000000	0.000000	0.000000
459.999072	gene_A	38.000000	27.000000	0.074074
459.999072	gene_A*	22.000000	25.000000	0.000000
459.999072	gene_B	349.000000	326.000000	0.000000
459.999072	gene_C	249.000000	316.000000	0.000000
459.999072	gene_D	216.000000	310.000000	0.003226
459.999072	gene_E	177.000000	306.000000	0.000000
459.999072	gene_F	97.000000	198.000000	0.030303
459.999072	gene_G	33.000000	142.000000	0.063380
459.999072	gene_H	0.000000	96.000000	0.218750
459.999072	gene_J	108.000000	299.000000	0.204013
459.999072	gene_K	253.000000	318.000000	0.000000
459.999072	promoter_A	1.000000	0.000000	0.000000
459.999072	promoter_B1	0.000000	0.000000	0.000000
459.999072	promoter_D	0.000000	0.000000	0.000000
464.999039	__gene_A*_rbs	26.000000	0.000000	0.000000
464.999039	__gene_A_rbs	27.000000	0.000000	0.000000
464.999039	__gene_B_rbs	329.000000	0.000000	0.000000
464.999039	__gene_C_rbs	320.000000	0.000000	0.000000
464.999039	__gene_D_rbs	314.000000	0.000000	0.000000
464.999039	__gene_E_rbs	310.000000	0.000000	0.000000
464.999039	__gene_F_rbs	200.000000	0.000000	0.000000
464.999039	__gene_G_rbs	145.000000	0.000000	0.000000
464.999039	__gene_H_rbs	97.000000	0.000000	0.000000
464.999039	__gene_J_rbs	303.000000	0.000000	0.000000
464.999039	__gene_K_rbs	322.000000	0.000000	0.000000
464.999039	__ribosome	0.000000	0.000000	0.000000
464.999039	bound_ecolipol	1896.000000	0.000000	0.000000
464.999039	bound_ribosome	100.000000	0.000000	0.000000
464.999039	ecoli_genome	104.000000	0.000000	0.000000
464.999039	ecoli_transcript	35397.000000	0.000000	0.000000
464.999039	ecolipol	31.000000	0.000000	0.000000
464.999039	gene_A	38.000000	27.000000	0.074074
464.999039	gene_A*	22.000000	26.000000	0.000000
464.999039	gene_B	349.000000	329.000000	0.000000
464.999039	gene_C	249.000000	320.000000	0.000000
464.999039	gene_D	216.000000	314.000000	0.003185
464.999039	gene_E	177.000000	310.000000	0.000000
464.999039	gene_F	97.000000	200.000000	0.030000
464.999039	gene_G	33.000000	145.000000	0.062069
464.999039	gene_H	0.000000	97.000000	0.216495
464.999039	gene_J	108.000000	303.000000	0.201320
464.999039	gene_K	253.000000	322.000000	0.000000
464.999039	promoter_A	1.000000	0.000000	0.000000
464.999039	promoter_B1	0.000000	0.000000	0.000000
464.999039	promoter_D	0.000000	0.000000	0.000000
469.999056	__gene_A*_rbs	27.000000	0.000000	0.000000
469.999056	__gene_A_rbs	28.000000	0.000000	0.000000
469.999056	__gene_B_rbs	333.000000	0.000000	0.000000
469.999056	__gene_C_rbs	323.000000	0.000000	0.000000
469.999056	__gene_D_rbs	318.000000	0.000000	0.000000
469.999056	__gene_E_rbs	313.000000	0.000000	0.000000
469.999056	__gene_F_rbs	201.000000	0.000000	0.000000
469.999056	__gene_G_rbs	147.000000	0.000000	0.000000
469.999056	__gene_H_rbs	100.000000	0.000000	0.000000
469.999056	__gene_J_rbs	307.000000	0.000000	0.000000
469.999056	__gene_K_rbs	326.000000	0.000000	0.000000
469.999056	__ribosome	0.000000	0.000000	0.000000
469.999056	bound_ecolipol	1886.000000	0.000000	0.000000
469.999056	bound_ribosome	100.000000	0.000000	0.000000
469.999056	ecoli_genome	114.000000	0.000000	0.000000
469.999056	ecoli_transcript	35809.000000	0.000000	0.000000
469.999056	ecolipol	40.000000	0.000000	0.000000
469.999056	gene_A	39.000000	28.000000	0.035714
469.999056	gene_A*	22.000000	27.000000	0.000000
469.999056	gene_B	349.000000	333.000000	0.000000
469.999056	gene_C	249.000000	323.000000	0.000000
469.999056	gene_D	217.000000	318.000000	0.000000
469.999056	gene_E	177.000000	313.000000	0.000000
469.999056	gene_F	97.000000	201.000000	0.034826
469.999056	gene_G	33.000000	147.000000	0.061224
469.999056	gene_H	0.000000	100.000000	0.220000
469.999056	gene_J	108.000000	307.000000	0.198697
469.999056	gene_K	253.000000	326.000000	0.000000
469.999056	promoter_A	0.000000	0.000000	0.000000
469.999056	promoter_B1	0.000000	0.000000	0.000000
469.999056	promoter_D	0.000000	0.000000	0.000000
474.999300	__gene_A*_rbs	27.000000	0.000000	0.000000
474.999300	__gene_A_rbs	29.000000	0.000000	0.000000
474.999300	__gene_B_rbs	337.000000	0.000000	0.000000
474.999300	__gene_C_rbs	327.000000	0.000000	0.000000
474.999300	__gene_D_rbs	321.000000	0.000000	0.000000
474.999300	__gene_E_rbs	317.000000	0.000000	0.000000
474.999300	__gene_F_rbs	205.000000	0.000000	0.000000
474.999300	__gene_G_rbs	150.000000	0.000000	0.000000
474.999300	__gene_H_rbs	102.000000	0.000000	0.000000
474.999300	__gene_J_rbs	311.000000	0.000000	0.000000
474.999300	__gene_K_rbs	329.000000	0.000000	0.000000
474.999300	__ribosome	0.000000	0.000000	0.000000
474.999300	bound_ecolipol	1887.000000	0.000000	0.000000
474.999300	bound_ribosome	100.000000	0.000000	0.000000
474.999300	ecoli_genome	113.000000	0.000000	0.000000
474.999300	ecoli_transcript	36209.000000	0.000000	0.000000
474.999300	ecolipol	36.000000	0.000000	0.000000
474.999300	gene_A	39.000000	29.000000	0.034483
474.999300	gene_A*	22.000000	27.000000	0.000000
474.999300	gene_B	349.000000	337.000000	0.000000
474.999300	gene_C	249.000000	327.000000	0.003058
474.999300	gene_D	217.000000	321.000000	0.000000
474.999300	gene_E	177.000000	317.000000	0.000000
474.999300	gene_F	98.000000	205.000000	0.029268
474.999300	gene_G	33.000000	150.000000	0.060000
474.999300	gene_H	0.000000	102.000000	0.215686
474.999300	gene_J	108.000000	311.000000	0.196141
474.999300	gene_K	253.000000	329.000000	0.000000
474.999300	promoter_A	1.000000	0.000000	0.000000
474.999300	promoter_B1	0.000000	0.000000	0.000000
474.999300	promoter_D	0.000000	0.000000	0.000000
479.999179	__gene_A*_rbs	27.000000	0.000000	0.000000
479.999179	__gene_A_rbs	29.000000	0.000000	0.000000
479.999179	__gene_B_rbs	340.000000	0.000000	0.000000
479.999179	__gene_C_rbs	330.000000	0.000000	0.000000
479.999179	__gene_D_rbs	325.000000	0.000000	0.000000
479.999179	__gene_E_rbs	321.000000	0.000000	0.000000
479.999179	__gene_F_rbs	209.000000	0.000000	0.000000
479.999179	__gene_G_rbs	152.000000	0.000000	0.000000
479.999179	__gene_H_rbs	104.000000	0.000000	0.000000
479.999179	__gene_J_rbs	314.000000	0.000000	0.000000
479.999179	__gene_K_rbs	332.000000	0.000000	0.000000
479.999179	__ribosome	1.000000	0.000000	0.000000
479.999179	bound_ecolipol	1889.000000	0.000000	0.000000
479.999179	bound_ribosome	100.000000	0.000000	0.000000
479.999179	ecoli_genome	111.000000	0.000000	0.000000
479.999179	ecoli_transcript	36572.000000	0.000000	0.000000
479.999179	ecolipol	34.000000	0.000000	0.000000
479.999179	gene_A	40.000000	29.000000	0.000000
479.999179	gene_A*	22.000000	27.000000	0.000000
479.999179	gene_B	349.000000	340.000000	0.000000
479.999179	gene_C	249.000000	330.000000	0.006061
479.999179	gene_D	217.000000	325.000000	0.003077
479.999179	gene_E	177.000000	321.000000	0.000000
479.999179	gene_F	100.000000	209.000000	0.019139
479.999179	gene_G	33.000000	152.000000	0.059211
479.999179	gene_H	0.000000	104.000000	0.211538
479.999179	gene_J	109.000000	314.000000	0.194268
479.999179	gene_K	253.000000	332.000000	0.000000
479.999179	promoter_A	1.000000	0.000000	0.000000
479.999179	promoter_B1	0.000000	0.000000	0.000000
479.999179	promoter_D	0.000000	0.000000	0.000000
484.999077	__gene_A*_rbs	28.000000	0.000000	0.000000
484.999077	__gene_A_rbs	29.000000	0.000000	0.000000
484.999077	__gene_B_rbs	344.000000	0.000000	0.000000
484.999077	__gene_C_rbs	333.000000	0.000000	0.000000
484.999077	__gene_D_rbs	329.000000	0.000000	0.000000
484.999077	__gene_E_rbs	324.000000	0.000000	0.000000
484.999077	__gene_F_rbs	210.000000	0.000000	0.000000
484.999077	__gene_G_rbs	155.000000	0.000000	0.000000
484.999077	__gene_H_rbs	105.000000	0.000000	0.000000
484.999077	__gene_J_rbs	317.000000	0.000000	0.000000
484.999077	__gene_K_rbs	336.000000	0.000000	0.000000
484.999077	__ribosome	0.000000	0.000000	0.000000
484.999077	bound_ecolipol	1879.000000	0.000000	0.000000
484.999077	bound_ribosome	100.000000	0.000000	0.000000
484.999077	ecoli_genome	121.000000	0.000000	0.000000
484.999077	ecoli_transcript	36924.000000	0.000000	0.000000
484.999077	ecolipol	45.000000	0.000000	0.000000
484.999077	gene_A	40.000000	29.000000	0.000000
484.999077	gene_A*	22.000000	28.000000	0.000000
484.999077	gene_B	349.000000	344.000000	0.000000
484.999077	gene_C	250.000000	334.000000	0.005988
484.999077	gene_D	217.000000	329.000000	0.003040
484.999077	gene_E	177.000000	324.000000	0.000000
484.999077	gene_F	100.000000	210.000000	0.019048
484.999077	gene_G	33.000000	155.000000	0.058065
484.999077	gene_H	0.000000	105.000000	0.219048
484.999077	gene_J	109.000000	317.000000	0.192429
484.999077	gene_K	254.000000	336.000000	0.000000
484.999077	promoter_A	1.000000	0.000000	0.000000
484.999077	promoter_B1	0.000000	0.000000	0.000000
484.999077	promoter_D	0.000000	0.000000	0.000000
489.999024	__gene_A*_rbs	29.000000	0.000000	0.000000
489.999024	__gene_A_rbs	29.000000	0.000000	0.000000
489.999024	__gene_B_rbs	347.000000	0.000000	0.000000
489.999024	__gene_C_rbs	338.000000	0.000000	0.000000
489.999024	__gene_D_rbs	333.000000	0.000000	0.000000
489.999024	__gene_E_rbs	328.000000	0.000000	0.000000
489.999024	__gene_F_rbs	213.000000	0.000000	0.000000
489.999024	__gene_G_rbs	157.000000	0.000000	0.000000
489.999024	__gene_H_rbs	107.000000	0.000000	0.000000
489.999024	__gene_J_rbs	320.000000	0.000000	0.000000
489.999024	__gene_K_rbs	339.000000	0.000000	0.000000
489.999024	__ribosome	0.000000	0.000000	0.000000
489.999024	bound_ecolipol	1878.000000	0.000000	0.000000
489.999024	bound_ribosome	100.000000	0.000000	0.000000
489.999024	ecoli_genome	122.000000	0.000000	0.000000
489.999024	ecoli_transcript	37317.000000	0.000000	0.000000
489.999024	ecolipol	45.000000	0.000000	0.000000
489.999024	gene_A	40.000000	29.000000	0.000000
489.999024	gene_A*	22.000000	29.000000	0.000000
489.999024	gene_B	349.000000	347.000000	0.000000
489.999024	gene_C	251.000000	338.000000	0.002959
489.999024	gene_D	217.000000	333.000000	0.003003
489.999024	gene_E	177.000000	328.000000	0.003049
489.999024	gene_F	100.000000	213.000000	0.018779
489.999024	gene_G	33.000000	157.000000	0.057325
489.999024	gene_H	0.000000	107.000000	0.214953
489.999024	gene_J	109.000000	321.000000	0.190031
489.999024	gene_K	254.000000	339.000000	0.000000
489.999024	promoter_A	1.000000	0.000000	0.000000
489.999024	promoter_B1	0.000000	0.000000	0.000000
489.999024	promoter_D	0.000000	0.000000	0.000000
494.999094	__gene_A*_rbs	29.000000	0.000000	0.000000
494.999094	__gene_A_rbs	30.000000	0.000000	0.000000
494.999094	__gene_B_rbs	352.000000	0.000000	0.000000
494.999094	__gene_C_rbs	341.000000	0.000000	0.000000
494.999094	__gene_D_rbs	336.000000	0.000000	0.000000
494.999094	__gene_E_rbs	331.000000	0.000000	0.000000
494.999094	__gene_F_rbs	215.000000	0.000000	0.000000
494.999094	__gene_G_rbs	159.000000	0.000000	0.000000
494.999094	__gene_H_rbs	110.000000	0.000000	0.000000
494.999094	__gene_J_rbs	325.000000	0.000000	0.000000
494.999094	__gene_K_rbs	343.000000	0.000000	0.000000
494.999094	__ribosome	0.000000	0.000000	0.000000
494.999094	bound_ecolipol	1879.000000	0.000000	0.000000
494.999094	bound_ribosome	100.000000	0.000000	0.000000
494.999094	ecoli_genome	121.000000	0.000000	0.000000
494.999094	ecoli_transcript	37681.000000	0.000000	0.000000
494.999094	ecolipol	45.000000	0.000000	0.000000
494.999094	gene_A	40.000000	30.000000	0.000000
494.999094	gene_A*	22.000000	29.000000	0.000000
494.999094	gene_B	349.000000	352.000000	0.002841
494.999094	gene_C	252.000000	341.000000	0.000000
494.999094	gene_D	218.000000	336.000000	0.000000
494.999094	gene_E	177.000000	331.000000	0.006042
494.999094	gene_F	101.000000	215.000000	0.013953
494.999094	gene_G	33.000000	159.000000	0.056604
494.999094	gene_H	0.000000	110.000000	0.218182
494.999094	gene_J	109.000000	325.000000	0.187692
494.999094	gene_K	254.000000	343.000000	0.000000
494.999094	promoter_A	1.000000	0.000000	0.000000
494.999094	promoter_B1	0.000000	0.000000	0.000000
494.999094	promoter_D	0.000000	0.000000	0.000000
499.999051	__gene_A*_rbs	29.000000	0.000000	0.000000
499.999051	__gene_A_rbs	30.000000	0.000000	0.000000
499.999051	__gene_B_rbs	353.000000	0.000000	0.000000
499.999051	__gene_C_rbs	344.000000	0.000000	0.000000
499.999051	__gene_D_rbs	340.000000	0.000000	0.000000
499.999051	__gene_E_rbs	336.000000	0.000000	0.000000
499.999051	__gene_F_rbs	217.000000	0.000000	0.000000
499.999051	__gene_G_rbs	162.000000	0.000000	0.000000
499.999051	__gene_H_rbs	112.000000	0.000000	0.000000
499.999051	__gene_J_rbs	329.000000	0.000000	0.000000
499.999051	__gene_K_rbs	346.000000	0.000000	0.000000
499.999051	__ribosome	0.000000	0.000000	0.000000
499.999051	bound_ecolipol	1879.000000	0.000000	0.000000
499.999051	bound_ribosome	100.000000	0.000000	0.000000
499.999051	ecoli_genome	121.000000	0.000000	0.000000
499.999051	ecoli_transcript	38038.000000	0.000000	0.000000
499.999051	ecolipol	47.000000	0.000000	0.000000
499.999051	gene_A	40.000000	30.000000	0.000000
499.999051	gene_A*	22.000000	29.000000	0.000000
499.999051	gene_B	349.000000	354.000000	0.005650
499.999051	gene_C	252.000000	344.000000	0.000000
499.999051	gene_D	218.000000	340.000000	0.002941
499.999051	gene_E	179.000000	336.000000	0.000000
499.999051	gene_F	102.000000	217.000000	0.009217
499.999051	gene_G	33.000000	162.000000	0.061728
499.999051	gene_H	0.000000	112.000000	0.214286
499.999051	gene_J	109.000000	329.000000	0.185410
499.999051	gene_K	254.000000	346.000000	0.000000
499.999051	promoter_A	1.000000	0.000000	0.000000
499.999051	promoter_B1	0.000000	0.000000	0.000000
499.999051	promoter_D	0.000000	0.000000	0.000000
504.999330	__gene_A*_rbs	29.000000	0.000000	0.000000
504.999330	__gene_A_rbs	30.000000	0.000000	0.000000
504.999330	__gene_B_rbs	359.000000	0.000000	0.000000
504.999330	__gene_C_rbs	348.000000	0.000000	0.000000
504.999330	__gene_D_rbs	343.000000	0.000000	0.000000
504.999330	__gene_E_rbs	338.000000	0.000000	0.000000
504.999330	__gene_F_rbs	221.000000	0.000000	0.000000
504.999330	__gene_G_rbs	163.000000	0.000000	0.000000
504.999330	__gene_H_rbs	115.000000	0.000000	0.000000
504.999330	__gene_J_rbs	333.000000	0.000000	0.000000
504.999330	__gene_K_rbs	350.000000	0.000000	0.000000
504.999330	__ribosome	0.000000	0.000000	0.000000
504.999330	bound_ecolipol	1884.000000	0.000000	0.000000
504.999330	bound_ribosome	100.000000	0.000000	0.000000
504.999330	ecoli_genome	116.000000	0.000000	0.000000
504.999330	ecoli_transcript	38408.000000	0.000000	0.000000
504.999330	ecolipol	41.000000	0.000000	0.000000
504.999330	gene_A	40.000000	30.000000	0.000000
504.999330	gene_A*	22.000000	29.000000	0.000000
504.999330	gene_B	349.000000	359.000000	0.005571
504.999330	gene_C	252.000000	348.000000	0.002874
504.999330	gene_D	218.000000	343.000000	0.002915
504.999330	gene_E	179.000000	339.000000	0.000000
504.999330	gene_F	103.000000	221.000000	0.004525
504.999330	gene_G	33.000000	163.000000	0.061350
504.999330	gene_H	0.000000	115.000000	0.208696
504.999330	gene_J	109.000000	333.000000	0.183183
504.999330	gene_K	254.000000	350.000000	0.000000
504.999330	promoter_A	1.000000	0.000000	0.000000
504.999330	promoter_B1	0.000000	0.000000	0.000000
504.999330	promoter_D	0.000000	0.000000	0.000000
509.999228	__gene_A*_rbs	30.000000	0.000000	0.000000
509.999228	__gene_A_rbs	30.000000	0.000000	0.000000
509.999228	__gene_B_rbs	362.000000	0.000000	0.000000
509.999228	__gene_C_rbs	352.000000	0.000000	0.000000
509.999228	__gene_D_rbs	347.000000	0.000000	0.000000
509.999228	__gene_E_rbs	343.000000	0.000000	0.000000
509.999228	__gene_F_rbs	224.000000	0.000000	0.000000
509.999228	__gene_G_rbs	165.000000	0.000000	0.000000
509.999228	__gene_H_rbs	117.000000	0.000000	0.000000
509.999228	__gene_J_rbs	336.000000	0.000000	0.000000
509.999228	__gene_K_rbs	354.000000	0.000000	0.000000
509.999228	__ribosome	0.000000	0.000000	0.000000
509.999228	bound_ecolipol	1880.000000	0.000000	0.000000
509.999228	bound_ribosome	100.000000	0.000000	0.000000
509.999228	ecoli_genome	120.000000	0.000000	0.000000
509.999228	ecoli_transcript	38812.000000	0.000000	0.000000
509.999228	ecolipol	43.000000	0.000000	0.000000
509.999228	gene_A	40.000000	30.000000	0.000000
509.999228	gene_A*	22.000000	30.000000	0.000000
509.999228	gene_B	350.000000	362.000000	0.002762
509.999228	gene_C	253.000000	352.000000	0.000000
509.999228	gene_D	218.000000	347.000000	0.002882
509.999228	gene_E	179.000000	343.000000	0.000000
509.999228	gene_F	103.000000	224.000000	0.004464
509.999228	gene_G	33.000000	165.000000	0.060606
509.999228	gene_H	0.000000	117.000000	0.213675
509.999228	gene_J	109.000000	336.000000	0.181548
509.999228	gene_K	254.000000	354.000000	0.002825
509.999228	promoter_A	1.000000	0.000000	0.000000
509.999228	promoter_B1	0.000000	0.000000	0.000000
509.999228	promoter_D	0.000000	0.000000	0.000000
514.999184	__gene_A*_rbs	30.000000	0.000000	0.000000
514.999184	__gene_A_rbs	31.000000	0.000000	0.000000
514.999184	__gene_B_rbs	366.000000	0.000000	0.000000
514.999184	__gene_C_rbs	356.000000	0.000000	0.000000
514.999184	__gene_D_rbs	350.000000	0.000000	0.000000
514.999184	__gene_E_rbs	346.000000	0.000000	0.000000
514.999184	__gene_F_rbs	227.000000	0.000000	0.000000
514.999184	__gene_G_rbs	167.000000	0.000000	0.000000
514.999184	__gene_H_rbs	119.000000	0.000000	0.000000
514.999184	__gene_J_rbs	339.000000	0.000000	0.000000
514.999184	__gene_K_rbs	357.000000	0.000000	0.000000
514.999184	__ribosome	0.000000	0.000000	0.000000
514.999184	bound_ecolipol	1888.000000	0.000000	0.000000
514.999184	bound_ribosome	100.000000	0.000000	0.000000
514.999184	ecoli_genome	112.000000	0.000000	0.000000
514.999184	ecoli_transcript	39180.000000	0.000000	0.000000
514.999184	ecolipol	36.000000	0.000000	0.000000
514.999184	gene_A	40.000000	31.000000	0.032258
514.999184	gene_A*	22.000000	30.000000	0.000000
514.999184	gene_B	351.000000	366.000000	0.000000
514.999184	gene_C	253.000000	356.000000	0.002809
514.999184	gene_D	218.000000	350.000000	0.002857
514.999184	gene_E	179.000000	346.000000	0.000000
514.999184	gene_F	104.000000	227.000000	0.000000
514.999184	gene_G	33.000000	167.000000	0.059880
514.999184	gene_H	0.000000	119.000000	0.210084
514.999184	gene_J	109.000000	340.000000	0.179412
514.999184	gene_K	255.000000	358.000000	0.002793
514.999184	promoter_A	1.000000	0.000000	0.000000
514.999184	promoter_B1	0.000000	0.000000	0.000000
514.999184	promoter_D	0.000000	0.000000	0.000000
519.999006	__gene_A*_rbs	30.000000	0.000000	0.000000
519.999006	__gene_A_rbs	31.000000	0.000000	0.000000
519.999006	__gene_B_rbs	370.000000	0.000000	0.000000
519.999006	__gene_C_rbs	359.000000	0.000000	0.000000
519.999006	__gene_D_rbs	354.000000	0.000000	0.000000
519.999006	__gene_E_rbs	350.000000	0.000000	0.000000
519.999006	__gene_F_rbs	229.000000	0.000000	0.000000
519.999006	__gene_G_rbs	169.000000	0.000000	0.000000
519.999006	__gene_H_rbs	119.000000	0.000000	0.000000
519.999006	__gene_J_rbs	344.000000	0.000000	0.000000
519.999006	__gene_K_rbs	361.000000	0.000000	0.000000
519.999006	__ribosome	0.000000	0.000000	0.000000
519.999006	bound_ecolipol	1883.000000	0.000000	0.000000
519.999006	bound_ribosome	100.000000	0.000000	0.000000
519.999006	ecoli_genome	117.000000	0.000000	0.000000
519.999006	ecoli_transcript	39543.000000	0.000000	0.000000
519.999006	ecolipol	43.000000	0.000000	0.000000
519.999006	gene_A	40.000000	31.000000	0.032258
519.999006	gene_A*	22.000000	30.000000	0.000000
519.999006	gene_B	351.000000	370.000000	0.000000
519.999006	gene_C	253.000000	359.000000	0.002786
519.999006	gene_D	219.000000	354.000000	0.000000
519.999006	gene_E	179.000000	350.000000	0.000000
519.999006	gene_F	104.000000	229.000000	0.000000
519.999006	gene_G	33.000000	169.000000	0.059172
519.999006	gene_H	0.000000	119.000000	0.218487
519.999006	gene_J	109.000000	344.000000	0.177326
519.999006	gene_K	255.000000	361.000000	0.002770
519.999006	promoter_A	1.000000	0.000000	0.000000
519.999006	promoter_B1	0.000000	0.000000	0.000000
519.999006	promoter_D	0.000000	0.000000	0.000000
524.999143	__gene_A*_rbs	30.000000	0.000000	0.000000
524.999143	__gene_A_rbs	31.000000	0.000000	0.000000
524.999143	__gene_B_rbs	374.000000	0.000000	0.000000
524.999143	__gene_C_rbs	363.000000	0.000000	0.000000
524.999143	__gene_D_rbs	358.000000	0.000000	0.000000
524.999143	__gene_E_rbs	353.000000	0.000000	0.000000
524.999143	__gene_F_rbs	231.000000	0.000000	0.000000
524.999143	__gene_G_rbs	171.000000	0.000000	0.000000
524.999143	__gene_H_rbs	120.000000	0.000000	0.000000
524.999143	__gene_J_rbs	347.000000	0.000000	0.000000
524.999143	__gene_K_rbs	365.000000	0.000000	0.000000
524.999143	__ribosome	0.000000	0.000000	0.000000
524.999143	bound_ecolipol	1878.000000	0.000000	0.000000
524.999143	bound_ribosome	100.000000	0.000000	0.000000
524.999143	ecoli_genome	122.000000	0.000000	0.000000
524.999143	ecoli_transcript	39956.000000	0.000000	0.000000
524.999143	ecolipol	49.000000	0.000000	0.000000
524.999143	gene_A	40.000000	31.000000	0.032258
524.999143	gene_A*	22.000000	30.000000	0.000000
524.999143	gene_B	351.000000	374.000000	0.000000
524.999143	gene_C	254.000000	363.000000	0.000000
524.999143	gene_D	219.000000	358.000000	0.000000
524.999143	gene_E	179.000000	353.000000	0.002833
524.999143	gene_F	104.000000	231.000000	0.000000
524.999143	gene_G	33.000000	171.000000	0.058480
524.999143	gene_H	0.000000	120.000000	0.216667
524.999143	gene_J	109.000000	347.000000	0.178674
524.999143	gene_K	256.000000	365.000000	0.000000
524.999143	promoter_A	1.000000	0.000000	0.000000
524.999143	promoter_B1	0.000000	0.000000	0.000000
524.999143	promoter_D	0.000000	0.000000	0.000000
529.999018	__gene_A*_rbs	31.000000	0.000000	0.000000
529.999018	__gene_A_rbs	31.000000	0.000000	0.000000
529.999018	__gene_B_rbs	377.000000	0.000000	0.000000
529.999018	__gene_C_rbs	367.000000	0.000000	0.000000
529.999018	__gene_D_rbs	361.000000	0.000000	0.000000
529.999018	__gene_E_rbs	357.000000	0.000000	0.000000
529.999018	__gene_F_rbs	235.000000	0.000000	0.000000
529.999018	__gene_G_rbs	173.000000	0.000000	0.000000
529.999018	__gene_H_rbs	121.000000	0.000000	0.000000
529.999018	__gene_J_rbs	351.000000	0.000000	0.000000
529.999018	__gene_K_rbs	369.000000	0.000000	0.000000
529.999018	__ribosome	0.000000	0.000000	0.000000
529.999018	bound_ecolipol	1894.000000	0.000000	0.000000
529.999018	bound_ribosome	100.000000	0.000000	0.000000
529.999018	ecoli_genome	106.000000	0.000000	0.000000
529.999018	ecoli_transcript	40343.000000	0.000000	0.000000
529.999018	ecolipol	33.000000	0.000000	0.000000
529.999018	gene_A	40.000000	31.000000	0.032258
529.999018	gene_A*	22.000000	31.000000	0.000000
529.999018	gene_B	351.000000	377.000000	0.000000
529.999018	gene_C	254.000000	367.000000	0.000000
529.999018	gene_D	219.000000	361.000000	0.000000
529.999018	gene_E	179.000000	357.000000	0.002801
529.999018	gene_F	104.000000	235.000000	0.000000
529.999018	gene_G	33.000000	173.000000	0.057803
529.999018	gene_H	0.000000	121.000000	0.214876
529.999018	gene_J	109.000000	351.000000	0.176638
529.999018	gene_K	256.000000	369.000000	0.000000
529.999018	promoter_A	1.000000	0.000000	0.000000
529.999018	promoter_B1	0.000000	0.000000	0.000000
529.999018	promoter_D	0.000000	0.000000	0.000000
534.999085	__gene_A*_rbs	31.000000	0.000000	0.000000
534.999085	__gene_A_rbs	31.000000	0.000000	0.000000
534.999085	__gene_B_rbs	381.000000	0.000000	0.000000
534.999085	__gene_C_rbs	370.000000	0.000000	0.000000
534.999085	__gene_D_rbs	365.000000	0.000000	0.000000
534.999085	__gene_E_rbs	360.000000	0.000000	0.000000
534.999085	__gene_F_rbs	238.000000	0.000000	0.000000
534.999085	__gene_G_rbs	174.000000	0.000000	0.000000
534.999085	__gene_H_rbs	121.000000	0.000000	0.000000
534.999085	__gene_J_rbs	355.000000	0.000000	0.000000
534.999085	__gene_K_rbs	372.000000	0.000000	0.000000
534.999085	__ribosome	0.000000	0.000000	0.000000
534.999085	bound_ecolipol	1897.000000	0.000000	0.000000
534.999085	bound_ribosome	100.000000	0.000000	0.000000
534.999085	ecoli_genome	103.000000	0.000000	0.000000
534.999085	ecoli_transcript	40714.000000	0.000000	0.000000
534.999085	ecolipol	31.000000	0.000000	0.000000
534.999085	gene_A	40.000000	31.000000	0.032258
534.999085	gene_A*	22.000000	31.000000	0.000000
534.999085	gene_B	351.000000	381.000000	0.002625
534.999085	gene_C	254.000000	370.000000	0.000000
534.999085	gene_D	219.000000	365.000000	0.000000
534.999085	gene_E	180.000000	360.000000	0.000000
534.999085	gene_F	104.000000	238.000000	0.000000
534.999085	gene_G	33.000000	174.000000	0.057471
534.999085	gene_H	0.000000	121.000000	0.214876
534.999085	gene_J	109.000000	355.000000	0.174648
534.999085	gene_K	256.000000	372.000000	0.000000
534.999085	promoter_A	1.000000	0.000000	0.000000
534.999085	promoter_B1	0.000000	0.000000	0.000000
534.999085	promoter_D	0.000000	0.000000	0.000000
539.999244	__gene_A*_rbs	31.000000	0.000000	0.000000
539.999244	__gene_A_rbs	31.000000	0.000000	0.000000
539.999244	__gene_B_rbs	385.000000	0.000000	0.000000
539.999244	__gene_C_rbs	374.000000	0.000000	0.000000
539.999244	__gene_D_rbs	368.000000	0.000000	0.000000
539.999244	__gene_E_rbs	364.000000	0.000000	0.000000
539.999244	__gene_F_rbs	240.000000	0.000000	0.000000
539.999244	__gene_G_rbs	176.000000	0.000000	0.000000
539.999244	__gene_H_rbs	124.000000	0.000000	0.000000
539.999244	__gene_J_rbs	358.000000	0.000000	0.000000
539.999244	__gene_K_rbs	376.000000	0.000000	0.000000
539.999244	__ribosome	0.000000	0.000000	0.000000
539.999244	bound_ecolipol	1881.000000	0.000000	0.000000
539.999244	bound_ribosome	100.000000	0.000000	0.000000
539.999244	ecoli_genome	119.000000	0.000000	0.000000
539.999244	ecoli_transcript	41115.000000	0.000000	0.000000
539.999244	ecolipol	49.000000	0.000000	0.000000
539.999244	gene_A	40.000000	31.000000	0.032258
539.999244	gene_A*	22.000000	31.000000	0.000000
539.999244	gene_B	351.000000	385.000000	0.002597
539.999244	gene_C	254.000000	374.000000	0.000000
539.999244	gene_D	219.000000	368.000000	0.000000
539.999244	gene_E	180.000000	364.000000	0.000000
539.999244	gene_F	104.000000	240.000000	0.000000
539.999244	gene_G	33.000000	176.000000	0.056818
539.999244	gene_H	0.000000	124.000000	0.209677
539.999244	gene_J	109.000000	358.000000	0.173184
539.999244	gene_K	256.000000	376.000000	0.000000
539.999244	promoter_A	1.000000	0.000000	0.000000
539.999244	promoter_B1	0.000000	0.000000	0.000000
539.999244	promoter_D	0.000000	0.000000	0.000000
544.999056	__gene_A*_rbs	31.000000	0.000000	0.000000
544.999056	__gene_A_rbs	31.000000	0.000000	0.000000
544.999056	__gene_B_rbs	388.000000	0.000000	0.000000
544.999056	__gene_C_rbs	377.000000	0.000000	0.000000
544.999056	__gene_D_rbs	372.000000	0.000000	0.000000
544.999056	__gene_E_rbs	367.000000	0.000000	0.000000
544.999056	__gene_F_rbs	241.000000	0.000000	0.000000
544.999056	__gene_G_rbs	178.000000	0.000000	0.000000
544.999056	__gene_H_rbs	125.000000	0.000000	0.000000
544.999056	__gene_J_rbs	361.000000	0.000000	0.000000
544.999056	__gene_K_rbs	379.000000	0.000000	0.000000
544.999056	__ribosome	0.000000	0.000000	0.000000
544.999056	bound_ecolipol	1879.000000	0.000000	0.000000
544.999056	bound_ribosome	100.000000	0.000000	0.000000
544.999056	ecoli_genome	121.000000	0.000000	0.000000
544.999056	ecoli_transcript	41485.000000	0.000000	0.000000
544.999056	ecolipol	51.000000	0.000000	0.000000
544.999056	gene_A	40.000000	31.000000	0.032258
544.999056	gene_A*	22.000000	31.000000	0.000000
544.999056	gene_B	352.000000	388.000000	0.000000
544.999056	gene_C	254.000000	377.000000	0.000000
544.999056	gene_D	219.000000	372.000000	0.000000
544.999056	gene_E	180.000000	367.000000	0.000000
544.999056	gene_F	104.000000	241.000000	0.000000
544.999056	gene_G	33.000000	178.000000	0.056180
544.999056	gene_H	0.000000	125.000000	0.208000
544.999056	gene_J	109.000000	361.000000	0.171745
544.999056	gene_K	256.000000	379.000000	0.002639
544.999056	promoter_A	1.000000	0.000000	0.000000
544.999056	promoter_B1	0.000000	0.000000	0.000000
544.999056	promoter_D	0.000000	0.000000	0.000000
549.999136	__gene_A*_rbs	31.000000	0.000000	0.000000
549.999136	__gene_A_rbs	32.000000	0.000000	0.000000
549.999136	__gene_B_rbs	392.000000	0.000000	0.000000
549.999136	__gene_C_rbs	381.000000	0.000000	0.000000
549.999136	__gene_D_rbs	375.000000	0.000000	0.000000
549.999136	__gene_E_rbs	371.000000	0.000000	0.000000
549.999136	__gene_F_rbs	244.000000	0.000000	0.000000
549.999136	__gene_G_rbs	181.000000	0.000000	0.000000
549.999136	__gene_H_rbs	126.000000	0.000000	0.000000
549.999136	__gene_J_rbs	365.000000	0.000000	0.000000
549.999136	__gene_K_rbs	383.000000	0.000000	0.000000
549.999136	__ribosome	0.000000	0.000000	0.000000
549.999136	bound_ecolipol	1887.000000	0.000000	0.000000
549.999136	bound_ribosome	100.000000	0.000000	0.000000
549.999136	ecoli_genome	113.000000	0.000000	0.000000
549.999136	ecoli_transcript	41860.000000	0.000000	0.000000
549.999136	ecolipol	39.000000	0.000000	0.000000
549.999136	gene_A	40.000000	32.000000	0.031250
549.999136	gene_A*	22.000000	31.000000	0.000000
549.999136	gene_B	352.000000	392.000000	0.000000
549.999136	gene_C	254.000000	381.000000	0.000000
549.999136	gene_D	219.000000	375.000000	0.002667
549.999136	gene_E	180.000000	371.000000	0.000000
549.999136	gene_F	104.000000	244.000000	0.000000
549.999136	gene_G	33.000000	181.000000	0.055249
549.999136	gene_H	0.000000	126.000000	0.206349
549.999136	gene_J	109.000000	365.000000	0.169863
549.999136	gene_K	257.000000	383.000000	0.000000
549.999136	promoter_A	0.000000	0.000000	0.000000
549.999136	promoter_B1	0.000000	0.000000	0.000000
549.999136	promoter_D	0.000000	0.000000	0.000000
554.999316	__gene_A*_rbs	31.000000	0.000000	0.000000
554.999316	__gene_A_rbs	33.000000	0.000000	0.000000
554.999316	__gene_B_rbs	396.000000	0.000000	0.000000
554.999316	__gene_C_rbs	385.000000	0.000000	0.000000
554.999316	__gene_D_rbs	379.000000	0.000000	0.000000
554.999316	__gene_E_rbs	374.000000	0.000000	0.000000
554.999316	__gene_F_rbs	248.000000	0.000000	0.000000
554.999316	__gene_G_rbs	184.000000	0.000000	0.000000
554.999316	__gene_H_rbs	127.000000	0.000000	0.000000
554.999316	__gene_J_rbs	368.000000	0.000000	0.000000
554.999316	__gene_K_rbs	387.000000	0.000000	0.000000
554.999316	__ribosome	0.000000	0.000000	0.000000
554.999316	bound_ecolipol	1891.000000	0.000000	0.000000
554.999316	bound_ribosome	100.000000	0.000000	0.000000
554.999316	ecoli_genome	109.000000	0.000000	0.000000
554.999316	ecoli_transcript	42271.000000	0.000000	0.000000
554.999316	ecolipol	34.000000	0.000000	0.000000
554.999316	gene_A	40.000000	33.000000	0.030303
554.999316	gene_A*	22.000000	31.000000	0.000000
554.999316	gene_B	352.000000	396.000000	0.000000
554.999316	gene_C	254.000000	385.000000	0.000000
554.999316	gene_D	219.000000	379.000000	0.002639
554.999316	gene_E	180.000000	375.000000	0.000000
554.999316	gene_F	104.000000	248.000000	0.000000
554.999316	gene_G	33.000000	184.000000	0.054348
554.999316	gene_H	0.000000	127.000000	0.204724
554.999316	gene_J	109.000000	368.000000	0.168478
554.999316	gene_K	257.000000	387.000000	0.000000
554.999316	promoter_A	0.000000	0.000000	0.000000
554.999316	promoter_B1	0.000000	0.000000	0.000000
554.999316	promoter_D	0.000000	0.000000	0.000000
559.999445	__gene_A*_rbs	31.000000	0.000000	0.000000
559.999445	__gene_A_rbs	33.000000	0.000000	0.000000
559.999445	__gene_B_rbs	400.000000	0.000000	0.000000
559.999445	__gene_C_rbs	388.000000	0.000000	0.000000
559.999445	__gene_D_rbs	383.000000	0.000000	0.000000
559.999445	__gene_E_rbs	378.000000	0.000000	0.000000
559.999445	__gene_F_rbs	250.000000	0.000000	0.000000
559.999445	__gene_G_rbs	186.000000	0.000000	0.000000
559.999445	__gene_H_rbs	128.000000	0.000000	0.000000
559.999445	__gene_J_rbs	372.000000	0.000000	0.000000
559.999445	__gene_K_rbs	389.000000	0.000000	0.000000
559.999445	__ribosome	0.000000	0.000000	0.000000
559.999445	bound_ecolipol	1886.000000	0.000000	0.000000
559.999445	bound_ribosome	100.000000	0.000000	0.000000
559.999445	ecoli_genome	114.000000	0.000000	0.000000
559.999445	ecoli_transcript	42667.000000	0.000000	0.000000
559.999445	ecolipol	36.000000	0.000000	0.000000
559.999445	gene_A	40.000000	33.000000	0.030303
559.999445	gene_A*	22.000000	31.000000	0.000000
559.999445	gene_B	352.000000	400.000000	0.000000
559.999445	gene_C	254.000000	388.000000	0.000000
559.999445	gene_D	219.000000	383.000000	0.002611
559.999445	gene_E	180.000000	378.000000	0.000000
559.999445	gene_F	104.000000	250.000000	0.000000
559.999445	gene_G	33.000000	186.000000	0.053763
559.999445	gene_H	0.000000	128.000000	0.203125
559.999445	gene_J	109.000000	372.000000	0.166667
559.999445	gene_K	257.000000	390.000000	0.000000
559.999445	promoter_A	1.000000	0.000000	0.000000
559.999445	promoter_B1	0.000000	0.000000	0.000000
559.999445	promoter_D	0.000000	0.000000	0.000000
564.999119	__gene_A*_rbs	32.000000	0.000000	0.000000
564.999119	__gene_A_rbs	33.000000	0.000000	0.000000
564.999119	__gene_B_rbs	403.000000	0.000000	0.000000
564.999119	__gene_C_rbs	392.000000	0.000000	0.000000
564.999119	__gene_D_rbs	387.000000	0.000000	0.000000
564.999119	__gene_E_rbs	382.000000	0.000000	0.000000
564.999119	__gene_F_rbs	254.000000	0.000000	0.000000
564.999119	__gene_G_rbs	188.000000	0.000000	0.000000
564.999119	__gene_H_rbs	131.000000	0.000000	0.000000
564.999119	__gene_J_rbs	375.000000	0.000000	0.000000
564.999119	__gene_K_rbs	394.000000	0.000000	0.000000
564.999119	__ribosome	0.000000	0.000000	0.000000
564.999119	bound_ecolipol	1885.000000	0.000000	0.000000
564.999119	bound_ribosome	100.000000	0.000000	0.000000
564.999119	ecoli_genome	115.000000	0.000000	0.000000
564.999119	ecoli_transcript	43048.000000	0.000000	0.000000
564.999119	ecolipol	34.000000	0.000000	0.000000
564.999119	gene_A	41.000000	33.000000	0.000000
564.999119	gene_A*	22.000000	32.000000	0.000000
564.999119	gene_B	352.000000	403.000000	0.000000
564.999119	gene_C	254.000000	392.000000	0.002551
564.999119	gene_D	220.000000	387.000000	0.000000
564.999119	gene_E	180.000000	382.000000	0.000000
564.999119	gene_F	104.000000	254.000000	0.003937
564.999119	gene_G	33.000000	188.000000	0.053191
564.999119	gene_H	0.000000	131.000000	0.198473
564.999119	gene_J	109.000000	375.000000	0.165333
564.999119	gene_K	257.000000	394.000000	0.000000
564.999119	promoter_A	1.000000	0.000000	0.000000
564.999119	promoter_B1	0.000000	0.000000	0.000000
564.999119	promoter_D	0.000000	0.000000	0.000000
569.999008	__gene_A*_rbs	33.000000	0.000000	0.000000
569.999008	__gene_A_rbs	33.000000	0.000000	0.000000
569.999008	__gene_B_rbs	407.000000	0.000000	0.000000
569.999008	__gene_C_rbs	396.000000	0.000000	0.000000
569.999008	__gene_D_rbs	391.000000	0.000000	0.000000
569.999008	__gene_E_rbs	386.000000	0.000000	0.000000
569.999008	__gene_F_rbs	257.000000	0.000000	0.000000
569.999008	__gene_G_rbs	191.000000	0.000000	0.000000
569.999008	__gene_H_rbs	134.000000	0.000000	0.000000
569.999008	__gene_J_rbs	379.000000	0.000000	0.000000
569.999008	__gene_K_rbs	398.000000	0.000000	0.000000
569.999008	__ribosome	0.000000	0.000000	0.000000
569.999008	bound_ecolipol	1875.000000	0.000000	0.000000
569.999008	bound_ribosome	100.000000	0.000000	0.000000
569.999008	ecoli_genome	125.000000	0.000000	0.000000
569.999008	ecoli_transcript	43435.000000	0.000000	0.000000
569.999008	ecolipol	45.000000	0.000000	0.000000
569.999008	gene_A	41.000000	33.000000	0.000000
569.999008	gene_A*	22.000000	33.000000	0.000000
569.999008	gene_B	352.000000	407.000000	0.000000
569.999008	gene_C	254.000000	396.000000	0.002525
569.999008	gene_D	220.000000	391.000000	0.000000
569.999008	gene_E	180.000000	386.000000	0.000000
569.999008	gene_F	104.000000	257.000000	0.003891
569.999008	gene_G	33.000000	191.000000	0.052356
569.999008	gene_H	0.000000	134.000000	0.194030
569.999008	gene_J	109.000000	379.000000	0.163588
569.999008	gene_K	257.000000	398.000000	0.000000
569.999008	promoter_A	1.000000	0.000000	0.000000
569.999008	promoter_B1	0.000000	0.000000	0.000000
569.999008	promoter_D	0.000000	0.000000	0.000000
574.999139	__gene_A*_rbs	33.000000	0.000000	0.000000
574.999139	__gene_A_rbs	33.000000	0.000000	0.000000
574.999139	__gene_B_rbs	411.000000	0.000000	0.000000
574.999139	__gene_C_rbs	398.000000	0.000000	0.000000
574.999139	__gene_D_rbs	394.000000	0.000000	0.000000
574.999139	__gene_E_rbs	390.000000	0.000000	0.000000
574.999139	__gene_F_rbs	260.000000	0.000000	0.000000
574.999139	__gene_G_rbs	195.000000	0.000000	0.000000
574.999139	__gene_H_rbs	136.000000	0.000000	0.000000
574.999139	__gene_J_rbs	383.000000	0.000000	0.000000
574.999139	__gene_K_rbs	401.000000	0.000000	0.000000
574.999139	__ribosome	0.000000	0.000000	0.000000
574.999139	bound_ecolipol	1873.000000	0.000000	0.000000
574.999139	bound_ribosome	100.000000	0.000000	0.000000
574.999139	ecoli_genome	127.000000	0.000000	0.000000
574.999139	ecoli_transcript	43829.000000	0.000000	0.000000
574.999139	ecolipol	46.000000	0.000000	0.000000
574.999139	gene_A	41.000000	33.000000	0.000000
574.999139	gene_A*	22.000000	33.000000	0.000000
574.999139	gene_B	352.000000	411.000000	0.000000
574.999139	gene_C	255.000000	399.000000	0.000000
574.999139	gene_D	220.000000	394.000000	0.000000
574.999139	gene_E	180.000000	390.000000	0.000000
574.999139	gene_F	104.000000	260.000000	0.003846
574.999139	gene_G	33.000000	195.000000	0.051282
574.999139	gene_H	0.000000	136.000000	0.191176
574.999139	gene_J	109.000000	383.000000	0.161880
574.999139	gene_K	257.000000	401.000000	0.002494
574.999139	promoter_A	0.000000	0.000000	0.000000
574.999139	promoter_B1	0.000000	0.000000	0.000000
574.999139	promoter_D	0.000000	0.000000	0.000000
579.999346	__gene_A*_rbs	33.000000	0.000000	0.000000
579.999346	__gene_A_rbs	35.000000	0.000000	0.000000
579.999346	__gene_B_rbs	414.000000	0.000000	0.000000
579.999346	__gene_C_rbs	403.000000	0.000000	0.000000
579.999346	__gene_D_rbs	398.000000	0.000000	0.000000
579.999346	__gene_E_rbs	393.000000	0.000000	0.000000
579.999346	__gene_F_rbs	260.000000	0.000000	0.000000
579.999346	__gene_G_rbs	198.000000	0.000000	0.000000
579.999346	__gene_H_rbs	138.000000	0.000000	0.000000
579.999346	__gene_J_rbs	386.000000	0.000000	0.000000
579.999346	__gene_K_rbs	405.000000	0.000000	0.000000
579.999346	__ribosome	0.000000	0.000000	0.000000
579.999346	bound_ecolipol	1873.000000	0.000000	0.000000
579.999346	bound_ribosome	100.000000	0.000000	0.000000
579.999346	ecoli_genome	127.000000	0.000000	0.000000
579.999346	ecoli_transcript	44218.000000	0.000000	0.000000
579.999346	ecolipol	45.000000	0.000000	0.000000
579.999346	gene_A	41.000000	35.000000	0.000000
579.999346	gene_A*	22.000000	33.000000	0.000000
579.999346	gene_B	352.000000	414.000000	0.002415
579.999346	gene_C	255.000000	403.000000	0.000000
579.999346	gene_D	220.000000	398.000000	0.000000
579.999346	gene_E	180.000000	393.000000	0.000000
579.999346	gene_F	104.000000	260.000000	0.003846
579.999346	gene_G	33.000000	198.000000	0.050505
579.999346	gene_H	0.000000	138.000000	0.188406
579.999346	gene_J	109.000000	386.000000	0.160622
579.999346	gene_K	258.000000	405.000000	0.000000
579.999346	promoter_A	1.000000	0.000000	0.000000
579.999346	promoter_B1	0.000000	0.000000	0.000000
579.999346	promoter_D	0.000000	0.000000	0.000000
584.999005	__gene_A*_rbs	33.000000	0.000000	0.000000
584.999005	__gene_A_rbs	35.000000	0.000000	0.000000
584.999005	__gene_B_rbs	418.000000	0.000000	0.000000
584.999005	__gene_C_rbs	407.000000	0.000000	0.000000
584.999005	__gene_D_rbs	401.000000	0.000000	0.000000
584.999005	__gene_E_rbs	397.000000	0.000000	0.000000
584.999005	__gene_F_rbs	263.000000	0.000000	0.000000
584.999005	__gene_G_rbs	198.000000	0.000000	0.000000
584.999005	__gene_H_rbs	140.000000	0.000000	0.000000
584.999005	__gene_J_rbs	390.000000	0.000000	0.000000
584.999005	__gene_K_rbs	409.000000	0.000000	0.000000
584.999005	__ribosome	0.000000	0.000000	0.000000
584.999005	bound_ecolipol	1881.000000	0.000000	0.000000
584.999005	bound_ribosome	100.000000	0.000000	0.000000
584.999005	ecoli_genome	119.000000	0.000000	0.000000
584.999005	ecoli_transcript	44563.000000	0.000000	0.000000
584.999005	ecolipol	38.000000	0.000000	0.000000
584.999005	gene_A	41.000000	35.000000	0.000000
584.999005	gene_A*	22.000000	33.000000	0.000000
584.999005	gene_B	352.000000	418.000000	0.002392
584.999005	gene_C	255.000000	407.000000	0.000000
584.999005	gene_D	220.000000	401.000000	0.000000
584.999005	gene_E	180.000000	397.000000	0.000000
584.999005	gene_F	104.000000	263.000000	0.003802
584.999005	gene_G	33.000000	198.000000	0.050505
584.999005	gene_H	0.000000	140.000000	0.185714
584.999005	gene_J	109.000000	390.000000	0.158974
584.999005	gene_K	258.000000	409.000000	0.000000
584.999005	promoter_A	1.000000	0.000000	0.000000
584.999005	promoter_B1	0.000000	0.000000	0.000000
584.999005	promoter_D	0.000000	0.000000	0.000000
589.999311	__gene_A*_rbs	33.000000	0.000000	0.000000
589.999311	__gene_A_rbs	35.000000	0.000000	0.000000
589.999311	__gene_B_rbs	422.000000	0.000000	0.000000
589.999311	__gene_C_rbs	410.000000	0.000000	0.000000
589.999311	__gene_D_rbs	405.000000	0.000000	0.000000
589.999311	__gene_E_rbs	401.000000	0.000000	0.000000
589.999311	__gene_F_rbs	266.000000	0.000000	0.000000
589.999311	__gene_G_rbs	201.000000	0.000000	0.000000
589.999311	__gene_H_rbs	143.000000	0.000000	0.000000
589.999311	__gene_J_rbs	394.000000	0.000000	0.000000
589.999311	__gene_K_rbs	413.000000	0.000000	0.000000
589.999311	__ribosome	0.000000	0.000000	0.000000
589.999311	bound_ecolipol	1875.000000	0.000000	0.000000
589.999311	bound_ribosome	100.000000	0.000000	0.000000
589.999311	ecoli_genome	125.000000	0.000000	0.000000
589.999311	ecoli_transcript	44967.000000	0.000000	0.000000
589.999311	ecolipol	45.000000	0.000000	0.000000
589.999311	gene_A	41.000000	35.000000	0.000000
589.999311	gene_A*	22.000000	33.000000	0.000000
589.999311	gene_B	352.000000	422.000000	0.002370
589.999311	gene_C	255.000000	410.000000	0.000000
589.999311	gene_D	220.000000	405.000000	0.000000
589.999311	gene_E	180.000000	401.000000	0.000000
589.999311	gene_F	104.000000	266.000000	0.003759
589.999311	gene_G	33.000000	201.000000	0.049751
589.999311	gene_H	0.000000	143.000000	0.181818
589.999311	gene_J	109.000000	394.000000	0.157360
589.999311	gene_K	258.000000	413.000000	0.000000
589.999311	promoter_A	1.000000	0.000000	0.000000
589.999311	promoter_B1	0.000000	0.000000	0.000000
589.999311	promoter_D	0.000000	0.000000	0.000000
594.999557	__gene_A*_rbs	35.000000	0.000000	0.000000
594.999557	__gene_A_rbs	35.000000	0.000000	0.000000
594.999557	__gene_B_rbs	425.000000	0.000000	0.000000
594.999557	__gene_C_rbs	414.000000	0.000000	0.000000
594.999557	__gene_D_rbs	409.000000	0.000000	0.000000
594.999557	__gene_E_rbs	405.000000	0.000000	0.000000
594.999557	__gene_F_rbs	268.000000	0.000000	0.000000
594.999557	__gene_G_rbs	202.000000	0.000000	0.000000
594.999557	__gene_H_rbs	145.000000	0.000000	0.000000
594.999557	__gene_J_rbs	398.000000	0.000000	0.000000
594.999557	__gene_K_rbs	417.000000	0.000000	0.000000
594.999557	__ribosome	0.000000	0.000000	0.000000
594.999557	bound_ecolipol	1888.000000	0.000000	0.000000
594.999557	bound_ribosome	100.000000	0.000000	0.000000
594.999557	ecoli_genome	112.000000	0.000000	0.000000
594.999557	ecoli_transcript	45314.000000	0.000000	0.000000
594.999557	ecolipol	36.000000	0.000000	0.000000
594.999557	gene_A	41.000000	35.000000	0.000000
594.999557	gene_A*	22.000000	35.000000	0.000000
594.999557	gene_B	353.000000	425.000000	0.002353
594.999557	gene_C	255.000000	414.000000	0.000000
594.999557	gene_D	220.000000	409.000000	0.000000
594.999557	gene_E	180.000000	405.000000	0.000000
594.999557	gene_F	104.000000	268.000000	0.003731
594.999557	gene_G	33.000000	202.000000	0.049505
594.999557	gene_H	0.000000	145.000000	0.179310
594.999557	gene_J	109.000000	398.000000	0.155779
594.999557	gene_K	258.000000	417.000000	0.000000
594.999557	promoter_A	1.000000	0.000000	0.000000
594.999557	promoter_B1	0.000000	0.000000	0.000000
594.999557	promoter_D	0.000000	0.000000	0.000000
599.999084	__gene_A*_rbs	35.000000	0.000000	0.000000
599.999084	__gene_A_rbs	35.000000	0.000000	0.000000
599.999084	__gene_B_rbs	429.000000	0.000000	0.000000
599.999084	__gene_C_rbs	418.000000	0.000000	0.000000
599.999084	__gene_D_rbs	413.000000	0.000000	0.000000
599.999084	__gene_E_rbs	409.000000	0.000000	0.000000
599.999084	__gene_F_rbs	271.000000	0.000000	0.000000
599.999084	__gene_G_rbs	205.000000	0.000000	0.000000
599.999084	__gene_H_rbs	146.000000	0.000000	0.000000
599.999084	__gene_J_rbs	402.000000	0.000000	0.000000
599.999084	__gene_K_rbs	420.000000	0.000000	0.000000
599.999084	__ribosome	0.000000	0.000000	0.000000
599.999084	bound_ecolipol	1878.000000	0.000000	0.000000
599.999084	bound_ribosome	100.000000	0.000000	0.000000
599.999084	ecoli_genome	122.000000	0.000000	0.000000
599.999084	ecoli_transcript	45687.000000	0.000000	0.000000
599.999084	ecolipol	45.000000	0.000000	0.000000
599.999084	gene_A	41.000000	35.000000	0.000000
599.999084	gene_A*	22.000000	35.000000	0.000000
599.999084	gene_B	353.000000	429.000000	0.002331
599.999084	gene_C	255.000000	418.000000	0.000000
599.999084	gene_D	220.000000	413.000000	0.000000
599.999084	gene_E	180.000000	409.000000	0.000000
599.999084	gene_F	104.000000	271.000000	0.003690
599.999084	gene_G	33.000000	205.000000	0.048780
599.999084	gene_H	0.000000	146.000000	0.178082
599.999084	gene_J	109.000000	402.000000	0.154229
599.999084	gene_K	258.000000	420.000000	0.000000
599.999084	promoter_A	1.000000	0.000000	0.000000
599.999084	promoter_B1	0.000000	0.000000	0.000000
599.999084	promoter_D	0.000000	0.000000	0.000000
604.999095	__gene_A*_rbs	35.000000	0.000000	0.000000
604.999095	__gene_A_rbs	35.000000	0.000000	0.000000
604.999095	__gene_B_rbs	433.000000	0.000000	0.000000
604.999095	__gene_C_rbs	422.000000	0.000000	0.000000
604.999095	__gene_D_rbs	416.000000	0.000000	0.000000
604.999095	__gene_E_rbs	413.000000	0.000000	0.000000
604.999095	__gene_F_rbs	274.000000	0.000000	0.000000
604.999095	__gene_G_rbs	208.000000	0.000000	0.000000
604.999095	__gene_H_rbs	148.000000	0.000000	0.000000
604.999095	__gene_J_rbs	406.000000	0.000000	0.000000
604.999095	__gene_K_rbs	424.000000	0.000000	0.000000
604.999095	__ribosome	0.000000	0.000000	0.000000
604.999095	bound_ecolipol	1877.000000	0.000000	0.000000
604.999095	bound_ribosome	100.000000	0.000000	0.000000
604.999095	ecoli_genome	123.000000	0.000000	0.000000
604.999095	ecoli_transcript	46048.000000	0.000000	0.000000
604.999095	ecolipol	47.000000	0.000000	0.000000
604.999095	gene_A	41.000000	35.000000	0.000000
604.999095	gene_A*	22.000000	35.000000	0.000000
604.999095	gene_B	354.000000	433.000000	0.000000
604.999095	gene_C	255.000000	422.000000	0.000000
604.999095	gene_D	220.000000	416.000000	0.002404
604.999095	gene_E	180.000000	413.000000	0.000000
604.999095	gene_F	104.000000	274.000000	0.003650
604.999095	gene_G	33.000000	208.000000	0.048077
604.999095	gene_H	0.000000	148.000000	0.175676
604.999095	gene_J	109.000000	406.000000	0.152709
604.999095	gene_K	258.000000	424.000000	0.000000
604.999095	promoter_A	1.000000	0.000000	0.000000
604.999095	promoter_B1	0.000000	0.000000	0.000000
604.999095	promoter_D	0.000000	0.000000	0.000000
609.999416	__gene_A*_rbs	35.000000	0.000000	0.000000
609.999416	__gene_A_rbs	36.000000	0.000000	0.000000
609.999416	__gene_B_rbs	436.000000	0.000000	0.000000
609.999416	__gene_C_rbs	425.000000	0.000000	0.000000
609.999416	__gene_D_rbs	420.000000	0.000000	0.000000
609.999416	__gene_E_rbs	415.000000	0.000000	0.000000
609.999416	__gene_F_rbs	277.000000	0.000000	0.000000
609.999416	__gene_G_rbs	210.000000	0.000000	0.000000
609.999416	__gene_H_rbs	149.000000	0.000000	0.000000
609.999416	__gene_J_rbs	410.000000	0.000000	0.000000
609.999416	__gene_K_rbs	428.000000	0.000000	0.000000
609.999416	__ribosome	0.000000	0.000000	0.000000
609.999416	bound_ecolipol	1876.000000	0.000000	0.000000
609.999416	bound_ribosome	100.000000	0.000000	0.000000
609.999416	ecoli_genome	124.000000	0.000000	0.000000
609.999416	ecoli_transcript	46438.000000	0.000000	0.000000
609.999416	ecolipol	48.000000	0.000000	0.000000
609.999416	gene_A	41.000000	36.000000	0.000000
609.999416	gene_A*	22.000000	35.000000	0.028571
609.999416	gene_B	354.000000	436.000000	0.000000
609.999416	gene_C	255.000000	425.000000	0.000000
609.999416	gene_D	220.000000	420.000000	0.002381
609.999416	gene_E	180.000000	416.000000	0.000000
609.999416	gene_F	105.000000	277.000000	0.000000
609.999416	gene_G	33.000000	210.000000	0.047619
609.999416	gene_H	0.000000	149.000000	0.174497
609.999416	gene_J	109.000000	410.000000	0.151220
609.999416	gene_K	258.000000	428.000000	0.000000
609.999416	promoter_A	0.000000	0.000000	0.000000
609.999416	promoter_B1	0.000000	0.000000	0.000000
609.999416	promoter_D	0.000000	0.000000	0.000000
614.999092	__gene_A*_rbs	35.000000	0.000000	0.000000
614.999092	__gene_A_rbs	36.000000	0.000000	0.000000
614.999092	__gene_B_rbs	440.000000	0.000000	0.000000
614.999092	__gene_C_rbs	429.000000	0.000000	0.000000
614.999092	__gene_D_rbs	424.000000	0.000000	0.000000
614.999092	__gene_E_rbs	420.000000	0.000000	0.000000
614.999092	__gene_F_rbs	279.000000	0.000000	0.000000
614.999092	__gene_G_rbs	213.000000	0.000000	0.000000
614.999092	__gene_H_rbs	150.000000	0.000000	0.000000
614.999092	__gene_J_rbs	413.000000	0.000000	0.000000
614.999092	__gene_K_rbs	431.000000	0.000000	0.000000
614.999092	__ribosome	0.000000	0.000000	0.000000
614.999092	bound_ecolipol	1883.000000	0.000000	0.000000
614.999092	bound_ribosome	100.000000	0.000000	0.000000
614.999092	ecoli_genome	117.000000	0.000000	0.000000
614.999092	ecoli_transcript	46813.000000	0.000000	0.000000
614.999092	ecolipol	45.000000	0.000000	0.000000
614.999092	gene_A	41.000000	36.000000	0.000000
614.999092	gene_A*	22.000000	35.000000	0.028571
614.999092	gene_B	354.000000	440.000000	0.000000
614.999092	gene_C	255.000000	429.000000	0.000000
614.999092	gene_D	220.000000	424.000000	0.002358
614.999092	gene_E	180.000000	420.000000	0.000000
614.999092	gene_F	105.000000	279.000000	0.000000
614.999092	gene_G	33.000000	213.000000	0.046948
614.999092	gene_H	0.000000	150.000000	0.173333
614.999092	gene_J	109.000000	413.000000	0.150121
614.999092	gene_K	258.000000	431.000000	0.000000
614.999092	promoter_A	1.000000	0.000000	0.000000
614.999092	promoter_B1	0.000000	0.000000	0.000000
614.999092	promoter_D	0.000000	0.000000	0.000000
619.999029	__gene_A*_rbs	35.000000	0.000000	0.000000
619.999029	__gene_A_rbs	36.000000	0.000000	0.000000
619.999029	__gene_B_rbs	444.000000	0.000000	0.000000
619.999029	__gene_C_rbs	433.000000	0.000000	0.000000
619.999029	__gene_D_rbs	428.000000	0.000000	0.000000
619.999029	__gene_E_rbs	424.000000	0.000000	0.000000
619.999029	__gene_F_rbs	281.000000	0.000000	0.000000
619.999029	__gene_G_rbs	214.000000	0.000000	0.000000
619.999029	__gene_H_rbs	152.000000	0.000000	0.000000
619.999029	__gene_J_rbs	417.000000	0.000000	0.000000
619.999029	__gene_K_rbs	434.000000	0.000000	0.000000
619.999029	__ribosome	0.000000	0.000000	0.000000
619.999029	bound_ecolipol	1890.000000	0.000000	0.000000
619.999029	bound_ribosome	100.000000	0.000000	0.000000
619.999029	ecoli_genome	110.000000	0.000000	0.000000
619.999029	ecoli_transcript	47196.000000	0.000000	0.000000
619.999029	ecolipol	38.000000	0.000000	0.000000
619.999029	gene_A	41.000000	36.000000	0.000000
619.999029	gene_A*	22.000000	35.000000	0.028571
619.999029	gene_B	354.000000	444.000000	0.000000
619.999029	gene_C	255.000000	433.000000	0.000000
619.999029	gene_D	221.000000	428.000000	0.000000
619.999029	gene_E	180.000000	424.000000	0.000000
619.999029	gene_F	105.000000	281.000000	0.000000
619.999029	gene_G	33.000000	214.000000	0.046729
619.999029	gene_H	0.000000	152.000000	0.171053
619.999029	gene_J	109.000000	417.000000	0.148681
619.999029	gene_K	258.000000	435.000000	0.002299
619.999029	promoter_A	1.000000	0.000000	0.000000
619.999029	promoter_B1	0.000000	0.000000	0.000000
619.999029	promoter_D	0.000000	0.000000	0.000000
624.999113	__gene_A*_rbs	35.000000	0.000000	0.000000
624.999113	__gene_A_rbs	36.000000	0.000000	0.000000
624.999113	__gene_B_rbs	448.000000	0.000000	0.000000
624.999113	__gene_C_rbs	436.000000	0.000000	0.000000
624.999113	__gene_D_rbs	431.000000	0.000000	0.000000
624.999113	__gene_E_rbs	427.000000	0.000000	0.000000
624.999113	__gene_F_rbs	285.000000	0.000000	0.000000
624.999113	__gene_G_rbs	216.000000	0.000000	0.000000
624.999113	__gene_H_rbs	155.000000	0.000000	0.000000
624.999113	__gene_J_rbs	421.000000	0.000000	0.000000
624.999113	__gene_K_rbs	439.000000	0.000000	0.000000
624.999113	__ribosome	0.000000	0.000000	0.000000
624.999113	bound_ecolipol	1885.000000	0.000000	0.000000
624.999113	bound_ribosome	100.000000	0.000000	0.000000
624.999113	ecoli_genome	115.000000	0.000000	0.000000
624.999113	ecoli_transcript	47635.000000	0.000000	0.000000
624.999113	ecolipol	44.000000	0.000000	0.000000
624.999113	gene_A	41.000000	36.000000	0.000000
624.999113	gene_A*	22.000000	35.000000	0.028571
624.999113	gene_B	354.000000	448.000000	0.000000
624.999113	gene_C	255.000000	436.000000	0.000000
624.999113	gene_D	221.000000	431.000000	0.000000
624.999113	gene_E	180.000000	427.000000	0.000000
624.999113	gene_F	105.000000	285.000000	0.000000
624.999113	gene_G	33.000000	216.000000	0.046296
624.999113	gene_H	0.000000	155.000000	0.167742
624.999113	gene_J	109.000000	421.000000	0.147268
624.999113	gene_K	258.000000	439.000000	0.002278
624.999113	promoter_A	1.000000	0.000000	0.000000
624.999113	promoter_B1	0.000000	0.000000	0.000000
624.999113	promoter_D	0.000000	0.000000	0.000000
629.999200	__gene_A*_rbs	36.000000	0.000000	0.000000
629.999200	__gene_A_rbs	36.000000	0.000000	0.000000
629.999200	__gene_B_rbs	451.000000	0.000000	0.000000
629.999200	__gene_C_rbs	440.000000	0.000000	0.000000
629.999200	__gene_D_rbs	435.000000	0.000000	0.000000
629.999200	__gene_E_rbs	431.000000	0.000000	0.000000
629.999200	__gene_F_rbs	287.000000	0.000000	0.000000
629.999200	__gene_G_rbs	217.000000	0.000000	0.000000
629.999200	__gene_H_rbs	156.000000	0.000000	0.000000
629.999200	__gene_J_rbs	424.000000	0.000000	0.000000
629.999200	__gene_K_rbs	442.000000	0.000000	0.000000
629.999200	__ribosome	0.000000	0.000000	0.000000
629.999200	bound_ecolipol	1884.000000	0.000000	0.000000
629.999200	bound_ribosome	100.000000	0.000000	0.000000
629.999200	ecoli_genome	116.000000	0.000000	0.000000
629.999200	ecoli_transcript	48026.000000	0.000000	0.000000
629.999200	ecolipol	45.000000	0.000000	0.000000
629.999200	gene_A	41.000000	36.000000	0.000000
629.999200	gene_A*	22.000000	36.000000	0.027778
629.999200	gene_B	354.000000	451.000000	0.000000
629.999200	gene_C	255.000000	440.000000	0.002273
629.999200	gene_D	221.000000	435.000000	0.000000
629.999200	gene_E	180.000000	431.000000	0.000000
629.999200	gene_F	105.000000	287.000000	0.000000
629.999200	gene_G	33.000000	217.000000	0.046083
629.999200	gene_H	0.000000	156.000000	0.166667
629.999200	gene_J	109.000000	424.000000	0.146226
629.999200	gene_K	259.000000	442.000000	0.000000
629.999200	promoter_A	1.000000	0.000000	0.000000
629.999200	promoter_B1	0.000000	0.000000	0.000000
629.999200	promoter_D	0.000000	0.000000	0.000000
634.999080	__gene_A*_rbs	36.000000	0.000000	0.000000
634.999080	__gene_A_rbs	36.000000	0.000000	0.000000
634.999080	__gene_B_rbs	455.000000	0.000000	0.000000
634.999080	__gene_C_rbs	443.000000	0.000000	0.000000
634.999080	__gene_D_rbs	439.000000	0.000000	0.000000
634.999080	__gene_E_rbs	434.000000	0.000000	0.000000
634.999080	__gene_F_rbs	290.000000	0.000000	0.000000
634.999080	__gene_G_rbs	217.000000	0.000000	0.000000
634.999080	__gene_H_rbs	157.000000	0.000000	0.000000
634.999080	__gene_J_rbs	429.000000	0.000000	0.000000
634.999080	__gene_K_rbs	446.000000	0.000000	0.000000
634.999080	__ribosome	0.000000	0.000000	0.000000
634.999080	bound_ecolipol	1884.000000	0.000000	0.000000
634.999080	bound_ribosome	100.000000	0.000000	0.000000
634.999080	ecoli_genome	116.000000	0.000000	0.000000
634.999080	ecoli_transcript	48412.000000	0.000000	0.000000
634.999080	ecolipol	45.000000	0.000000	0.000000
634.999080	gene_A	41.000000	36.000000	0.000000
634.999080	gene_A*	22.000000	36.000000	0.027778
634.999080	gene_B	354.000000	455.000000	0.000000
634.999080	gene_C	256.000000	443.000000	0.000000
634.999080	gene_D	221.000000	439.000000	0.000000
634.999080	gene_E	180.000000	434.000000	0.000000
634.999080	gene_F	105.000000	290.000000	0.000000
634.999080	gene_G	33.000000	218.000000	0.050459
634.999080	gene_H	0.000000	157.000000	0.165605
634.999080	gene_J	109.000000	429.000000	0.144522
634.999080	gene_K	259.000000	446.000000	0.000000
634.999080	promoter_A	1.000000	0.000000	0.000000
634.999080	promoter_B1	0.000000	0.000000	0.000000
634.999080	promoter_D	0.000000	0.000000	0.000000
639.999053	__gene_A*_rbs	36.000000	0.000000	0.000000
639.999053	__gene_A_rbs	36.000000	0.000000	0.000000
639.999053	__gene_B_rbs	458.000000	0.000000	0.000000
639.999053	__gene_C_rbs	446.000000	0.000000	0.000000
639.999053	__gene_D_rbs	442.000000	0.000000	0.000000
639.999053	__gene_E_rbs	438.000000	0.000000	0.000000
639.999053	__gene_F_rbs	292.000000	0.000000	0.000000
639.999053	__gene_G_rbs	220.000000	0.000000	0.000000
639.999053	__gene_H_rbs	157.000000	0.000000	0.000000
639.999053	__gene_J_rbs	431.000000	0.000000	0.000000
639.999053	__gene_K_rbs	449.000000	0.000000	0.000000
639.999053	__ribosome	0.000000	0.000000	0.000000
639.999053	bound_ecolipol	1896.000000	0.000000	0.000000
639.999053	bound_ribosome	100.000000	0.000000	0.000000
639.999053	ecoli_genome	104.000000	0.000000	0.000000
639.999053	ecoli_transcript	48810.000000	0.000000	0.000000
639.999053	ecolipol	34.000000	0.000000	0.000000
639.999053	gene_A	41.000000	36.000000	0.000000
639.999053	gene_A*	22.000000	36.000000	0.027778
639.999053	gene_B	354.000000	458.000000	0.000000
639.999053	gene_C	256.000000	447.000000	0.000000
639.999053	gene_D	221.000000	442.000000	0.000000
639.999053	gene_E	180.000000	438.000000	0.000000
639.999053	gene_F	105.000000	292.000000	0.000000
639.999053	gene_G	33.000000	220.000000	0.050000
639.999053	gene_H	0.000000	157.000000	0.165605
639.999053	gene_J	109.000000	431.000000	0.143852
639.999053	gene_K	259.000000	449.000000	0.000000
639.999053	promoter_A	1.000000	0.000000	0.000000
639.999053	promoter_B1	0.000000	0.000000	0.000000
639.999053	promoter_D	0.000000	0.000000	0.000000
644.999020	__gene_A*_rbs	36.000000	0.000000	0.000000
644.999020	__gene_A_rbs	36.000000	0.000000	0.000000
644.999020	__gene_B_rbs	462.000000	0.000000	0.000000
644.999020	__gene_C_rbs	451.000000	0.000000	0.000000
644.999020	__gene_D_rbs	446.000000	0.000000	0.000000
644.999020	__gene_E_rbs	442.000000	0.000000	0.000000
644.999020	__gene_F_rbs	295.000000	0.000000	0.000000
644.999020	__gene_G_rbs	222.000000	0.000000	0.000000
644.999020	__gene_H_rbs	159.000000	0.000000	0.000000
644.999020	__gene_J_rbs	435.000000	0.000000	0.000000
644.999020	__gene_K_rbs	453.000000	0.000000	0.000000
644.999020	__ribosome	0.000000	0.000000	0.000000
644.999020	bound_ecolipol	1878.000000	0.000000	0.000000
644.999020	bound_ribosome	100.000000	0.000000	0.000000
644.999020	ecoli_genome	122.000000	0.000000	0.000000
644.999020	ecoli_transcript	49190.000000	0.000000	0.000000
644.999020	ecolipol	52.000000	0.000000	0.000000
644.999020	gene_A	41.000000	36.000000	0.000000
644.999020	gene_A*	23.000000	36.000000	0.000000
644.999020	gene_B	354.000000	462.000000	0.000000
644.999020	gene_C	256.000000	451.000000	0.002217
644.999020	gene_D	221.000000	446.000000	0.000000
644.999020	gene_E	180.000000	442.000000	0.000000
644.999020	gene_F	105.000000	295.000000	0.000000
644.999020	gene_G	33.000000	222.000000	0.049550
644.999020	gene_H	0.000000	159.000000	0.163522
644.999020	gene_J	109.000000	435.000000	0.142529
644.999020	gene_K	259.000000	453.000000	0.000000
644.999020	promoter_A	1.000000	0.000000	0.000000
644.999020	promoter_B1	0.000000	0.000000	0.000000
644.999020	promoter_D	0.000000	0.000000	0.000000
649.999120	__gene_A*_rbs	36.000000	0.000000	0.000000
649.999120	__gene_A_rbs	36.000000	0.000000	0.000000
649.999120	__gene_B_rbs	465.000000	0.000000	0.000000
649.999120	__gene_C_rbs	455.000000	0.000000	0.000000
649.999120	__gene_D_rbs	449.000000	0.000000	0.000000
649.999120	__gene_E_rbs	445.000000	0.000000	0.000000
649.999120	__gene_F_rbs	296.000000	0.000000	0.000000
649.999120	__gene_G_rbs	224.000000	0.000000	0.000000
649.999120	__gene_H_rbs	160.000000	0.000000	0.000000
649.999120	__gene_J_rbs	439.000000	0.000000	0.000000
649.999120	__gene_K_rbs	457.000000	0.000000	0.000000
649.999120	__ribosome	0.000000	0.000000	0.000000
649.999120	bound_ecolipol	1892.000000	0.000000	0.000000
649.999120	bound_ribosome	100.000000	0.000000	0.000000
649.999120	ecoli_genome	108.000000	0.000000	0.000000
649.999120	ecoli_transcript	49561.000000	0.000000	0.000000
649.999120	ecolipol	40.000000	0.000000	0.000000
649.999120	gene_A	41.000000	36.000000	0.000000
649.999120	gene_A*	23.000000	36.000000	0.000000
649.999120	gene_B	354.000000	465.000000	0.000000
649.999120	gene_C	257.000000	455.000000	0.000000
649.999120	gene_D	221.000000	449.000000	0.000000
649.999120	gene_E	180.000000	445.000000	0.002247
649.999120	gene_F	105.000000	296.000000	0.000000
649.999120	gene_G	33.000000	224.000000	0.049107
649.999120	gene_H	0.000000	160.000000	0.162500
649.999120	gene_J	109.000000	439.000000	0.141230
649.999120	gene_K	259.000000	457.000000	0.000000
649.999120	promoter_A	1.000000	0.000000	0.000000
649.999120	promoter_B1	0.000000	0.000000	0.000000
649.999120	promoter_D	0.000000	0.000000	0.000000
654.999028	__gene_A*_rbs	36.000000	0.000000	0.000000
654.999028	__gene_A_rbs	37.000000	0.000000	0.000000
654.999028	__gene_B_rbs	469.000000	0.000000	0.000000
654.999028	__gene_C_rbs	458.000000	0.000000	0.000000
654.999028	__gene_D_rbs	453.000000	0.000000	0.000000
654.999028	__gene_E_rbs	449.000000	0.000000	0.000000
654.999028	__gene_F_rbs	300.000000	0.000000	0.000000
654.999028	__gene_G_rbs	226.000000	0.000000	0.000000
654.999028	__gene_H_rbs	162.000000	0.000000	0.000000
654.999028	__gene_J_rbs	442.000000	0.000000	0.000000
654.999028	__gene_K_rbs	460.000000	0.000000	0.000000
654.999028	__ribosome	0.000000	0.000000	0.000000
654.999028	bound_ecolipol	1881.000000	0.000000	0.000000
654.999028	bound_ribosome	100.000000	0.000000	0.000000
654.999028	ecoli_genome	119.000000	0.000000	0.000000
654.999028	ecoli_transcript	49949.000000	0.000000	0.000000
654.999028	ecolipol	48.000000	0.000000	0.000000
654.999028	gene_A	41.000000	37.000000	0.000000
654.999028	gene_A*	23.000000	36.000000	0.000000
654.999028	gene_B	354.000000	469.000000	0.000000
654.999028	gene_C	257.000000	458.000000	0.000000
654.999028	gene_D	221.000000	453.000000	0.000000
654.999028	gene_E	180.000000	449.000000	0.002227
654.999028	gene_F	105.000000	300.000000	0.000000
654.999028	gene_G	33.000000	226.000000	0.048673
654.999028	gene_H	0.000000	162.000000	0.160494
654.999028	gene_J	109.000000	442.000000	0.140271
654.999028	gene_K	259.000000	460.000000	0.000000
654.999028	promoter_A	1.000000	0.000000	0.000000
654.999028	promoter_B1	0.000000	0.000000	0.000000
654.999028	promoter_D	0.000000	0.000000	0.000000
659.999394	__gene_A*_rbs	36.000000	0.000000	0.000000
659.999394	__gene_A_rbs	38.000000	0.000000	0.000000
659.999394	__gene_B_rbs	472.000000	0.000000	0.000000
659.999394	__gene_C_rbs	462.000000	0.000000	0.000000
659.999394	__gene_D_rbs	457.000000	0.000000	0.000000
659.999394	__gene_E_rbs	453.000000	0.000000	0.000000
659.999394	__gene_F_rbs	302.000000	0.000000	0.000000
659.999394	__gene_G_rbs	228.000000	0.000000	0.000000
659.999394	__gene_H_rbs	164.000000	0.000000	0.000000
659.999394	__gene_J_rbs	446.000000	0.000000	0.000000
659.999394	__gene_K_rbs	464.000000	0.000000	0.000000
659.999394	__ribosome	0.000000	0.000000	0.000000
659.999394	bound_ecolipol	1890.000000	0.000000	0.000000
659.999394	bound_ribosome	100.000000	0.000000	0.000000
659.999394	ecoli_genome	110.000000	0.000000	0.000000
659.999394	ecoli_transcript	50334.000000	0.000000	0.000000
659.999394	ecolipol	38.000000	0.000000	0.000000
659.999394	gene_A	41.000000	38.000000	0.000000
659.999394	gene_A*	23.000000	36.000000	0.000000
659.999394	gene_B	354.000000	472.000000	0.002119
659.999394	gene_C	257.000000	462.000000	0.000000
659.999394	gene_D	221.000000	457.000000	0.000000
659.999394	gene_E	181.000000	453.000000	0.000000
659.999394	gene_F	105.000000	302.000000	0.000000
659.999394	gene_G	33.000000	228.000000	0.048246
659.999394	gene_H	0.000000	164.000000	0.158537
659.999394	gene_J	109.000000	446.000000	0.139013
659.999394	gene_K	259.000000	464.000000	0.000000
659.999394	promoter_A	0.000000	0.000000	0.000000
659.999394	promoter_B1	0.000000	0.000000	0.000000
659.999394	promoter_D	0.000000	0.000000	0.000000
664.999091	__gene_A*_rbs	36.000000	0.000000	0.000000
664.999091	__gene_A_rbs	38.000000	0.000000	0.000000
664.999091	__gene_B_rbs	476.000000	0.000000	0.000000
664.999091	__gene_C_rbs	465.000000	0.000000	0.000000
664.999091	__gene_D_rbs	461.000000	0.000000	0.000000
664.999091	__gene_E_rbs	457.000000	0.000000	0.000000
664.999091	__gene_F_rbs	304.000000	0.000000	0.000000
664.999091	__gene_G_rbs	230.000000	0.000000	0.000000
664.999091	__gene_H_rbs	166.000000	0.000000	0.000000
664.999091	__gene_J_rbs	450.000000	0.000000	0.000000
664.999091	__gene_K_rbs	468.000000	0.000000	0.000000
664.999091	__ribosome	0.000000	0.000000	0.000000
664.999091	bound_ecolipol	1878.000000	0.000000	0.000000
664.999091	bound_ribosome	100.000000	0.000000	0.000000
664.999091	ecoli_genome	122.000000	0.000000	0.000000
664.999091	ecoli_transcript	50728.000000	0.000000	0.000000
664.999091	ecolipol	47.000000	0.000000	0.000000
664.999091	gene_A	41.000000	38.000000	0.000000
664.999091	gene_A*	23.000000	36.000000	0.000000
664.999091	gene_B	354.000000	476.000000	0.002101
664.999091	gene_C	257.000000	465.000000	0.000000
664.999091	gene_D	221.000000	461.000000	0.000000
664.999091	gene_E	181.000000	457.000000	0.000000
664.999091	gene_F	105.000000	304.000000	0.000000
664.999091	gene_G	33.000000	230.000000	0.047826
664.999091	gene_H	0.000000	166.000000	0.156627
664.999091	gene_J	109.000000	450.000000	0.137778
664.999091	gene_K	259.000000	468.000000	0.000000
664.999091	promoter_A	1.000000	0.000000	0.000000
664.999091	promoter_B1	0.000000	0.000000	0.000000
664.999091	promoter_D	0.000000	0.000000	0.000000
669.999204	__gene_A*_rbs	37.000000	0.000000	0.000000
669.999204	__gene_A_rbs	38.000000	0.000000	0.000000
669.999204	__gene_B_rbs	480.000000	0.000000	0.000000
669.999204	__gene_C_rbs	469.000000	0.000000	0.000000
669.999204	__gene_D_rbs	464.000000	0.000000	0.000000
669.999204	__gene_E_rbs	460.000000	0.000000	0.000000
669.999204	__gene_F_rbs	308.000000	0.000000	0.000000
669.999204	__gene_G_rbs	232.000000	0.000000	0.000000
669.999204	__gene_H_rbs	166.000000	0.000000	0.000000
669.999204	__gene_J_rbs	453.000000	0.000000	0.000000
669.999204	__gene_K_rbs	471.000000	0.000000	0.000000
669.999204	__ribosome	0.000000	0.000000	0.000000
669.999204	bound_ecolipol	1885.000000	0.000000	0.000000
669.999204	bound_ribosome	100.000000	0.000000	0.000000
669.999204	ecoli_genome	115.000000	0.000000	0.000000
669.999204	ecoli_transcript	51061.000000	0.000000	0.000000
669.999204	ecolipol	42.000000	0.000000	0.000000
669.999204	gene_A	41.000000	38.000000	0.000000
669.999204	gene_A*	23.000000	37.000000	0.000000
669.999204	gene_B	354.000000	480.000000	0.002083
669.999204	gene_C	257.000000	469.000000	0.000000
669.999204	gene_D	221.000000	464.000000	0.000000
669.999204	gene_E	181.000000	460.000000	0.000000
669.999204	gene_F	105.000000	308.000000	0.000000
669.999204	gene_G	33.000000	232.000000	0.047414
669.999204	gene_H	0.000000	166.000000	0.156627
669.999204	gene_J	109.000000	453.000000	0.136865
669.999204	gene_K	259.000000	471.000000	0.000000
669.999204	promoter_A	1.000000	0.000000	0.000000
669.999204	promoter_B1	0.000000	0.000000	0.000000
669.999204	promoter_D	0.000000	0.000000	0.000000
674.999524	__gene_A*_rbs	38.000000	0.000000	0.000000
674.999524	__gene_A_rbs	38.000000	0.000000	0.000000
674.999524	__gene_B_rbs	484.000000	0.000000	0.000000
674.999524	__gene_C_rbs	473.000000	0.000000	0.000000
674.999524	__gene_D_rbs	468.000000	0.000000	0.000000
674.999524	__gene_E_rbs	464.000000	0.000000	0.000000
674.999524	__gene_F_rbs	310.000000	0.000000	0.000000
674.999524	__gene_G_rbs	233.000000	0.000000	0.000000
674.999524	__gene_H_rbs	168.000000	0.000000	0.000000
674.999524	__gene_J_rbs	457.000000	0.000000	0.000000
674.999524	__gene_K_rbs	475.000000	0.000000	0.000000
674.999524	__ribosome	0.000000	0.000000	0.000000
674.999524	bound_ecolipol	1893.000000	0.000000	0.000000
674.999524	bound_ribosome	100.000000	0.000000	0.000000
674.999524	ecoli_genome	107.000000	0.000000	0.000000
674.999524	ecoli_transcript	51430.000000	0.000000	0.000000
674.999524	ecolipol	33.000000	0.000000	0.000000
674.999524	gene_A	41.000000	38.000000	0.000000
674.999524	gene_A*	23.000000	38.000000	0.000000
674.999524	gene_B	355.000000	484.000000	0.000000
674.999524	gene_C	257.000000	473.000000	0.000000
674.999524	gene_D	221.000000	468.000000	0.000000
674.999524	gene_E	181.000000	464.000000	0.000000
674.999524	gene_F	105.000000	310.000000	0.003226
674.999524	gene_G	33.000000	233.000000	0.047210
674.999524	gene_H	0.000000	168.000000	0.154762
674.999524	gene_J	109.000000	457.000000	0.135667
674.999524	gene_K	259.000000	475.000000	0.000000
674.999524	promoter_A	1.000000	0.000000	0.000000
674.999524	promoter_B1	0.000000	0.000000	0.000000
674.999524	promoter_D	0.000000	0.000000	0.000000
679.999354	__gene_A*_rbs	38.000000	0.000000	0.000000
679.999354	__gene_A_rbs	38.000000	0.000000	0.000000
679.999354	__gene_B_rbs	488.000000	0.000000	0.000000
679.999354	__gene_C_rbs	477.000000	0.000000	0.000000
679.999354	__gene_D_rbs	472.000000	0.000000	0.000000
679.999354	__gene_E_rbs	467.000000	0.000000	0.000000
679.999354	__gene_F_rbs	314.000000	0.000000	0.000000
679.999354	__gene_G_rbs	236.000000	0.000000	0.000000
679.999354	__gene_H_rbs	170.000000	0.000000	0.000000
679.999354	__gene_J_rbs	461.000000	0.000000	0.000000
679.999354	__gene_K_rbs	479.000000	0.000000	0.000000
679.999354	__ribosome	0.000000	0.000000	0.000000
679.999354	bound_ecolipol	1887.000000	0.000000	0.000000
679.999354	bound_ribosome	100.000000	0.000000	0.000000
679.999354	ecoli_genome	113.000000	0.000000	0.000000
679.999354	ecoli_transcript	51817.000000	0.000000	0.000000
679.999354	ecolipol	39.000000	0.000000	0.000000
679.999354	gene_A	41.000000	38.000000	0.000000
679.999354	gene_A*	23.000000	38.000000	0.000000
679.999354	gene_B	355.000000	488.000000	0.000000
679.999354	gene_C	257.000000	477.000000	0.000000
679.999354	gene_D	221.000000	472.000000	0.000000
679.999354	gene_E	181.000000	467.000000	0.000000
679.999354	gene_F	105.000000	314.000000	0.003185
679.999354	gene_G	33.000000	236.000000	0.046610
679.999354	gene_H	0.000000	170.000000	0.152941
679.999354	gene_J	109.000000	461.000000	0.134490
679.999354	gene_K	259.000000	479.000000	0.000000
679.999354	promoter_A	1.000000	0.000000	0.000000
679.999354	promoter_B1	0.000000	0.000000	0.000000
679.999354	promoter_D	0.000000	0.000000	0.000000
684.999115	__gene_A*_rbs	38.000000	0.000000	0.000000
684.999115	__gene_A_rbs	38.000000	0.000000	0.000000
684.999115	__gene_B_rbs	492.000000	0.000000	0.000000
684.999115	__gene_C_rbs	481.000000	0.000000	0.000000
684.999115	__gene_D_rbs	475.000000	0.000000	0.000000
684.999115	__gene_E_rbs	471.000000	0.000000	0.000000
684.999115	__gene_F_rbs	315.000000	0.000000	0.000000
684.999115	__gene_G_rbs	238.000000	0.000000	0.000000
684.999115	__gene_H_rbs	172.000000	0.000000	0.000000
684.999115	__gene_J_rbs	465.000000	0.000000	0.000000
684.999115	__gene_K_rbs	482.000000	0.000000	0.000000
684.999115	__ribosome	0.000000	0.000000	0.000000
684.999115	bound_ecolipol	1888.000000	0.000000	0.000000
684.999115	bound_ribosome	100.000000	0.000000	0.000000
684.999115	ecoli_genome	112.000000	0.000000	0.000000
684.999115	ecoli_transcript	52183.000000	0.000000	0.000000
684.999115	ecolipol	41.000000	0.000000	0.000000
684.999115	gene_A	41.000000	38.000000	0.000000
684.999115	gene_A*	23.000000	38.000000	0.000000
684.999115	gene_B	355.000000	492.000000	0.000000
684.999115	gene_C	257.000000	481.000000	0.000000
684.999115	gene_D	221.000000	475.000000	0.000000
684.999115	gene_E	181.000000	471.000000	0.000000
684.999115	gene_F	105.000000	315.000000	0.003175
684.999115	gene_G	33.000000	238.000000	0.046218
684.999115	gene_H	0.000000	172.000000	0.151163
684.999115	gene_J	109.000000	465.000000	0.133333
684.999115	gene_K	259.000000	482.000000	0.000000
684.999115	promoter_A	1.000000	0.000000	0.000000
684.999115	promoter_B1	0.000000	0.000000	0.000000
684.999115	promoter_D	0.000000	0.000000	0.000000
689.999021	__gene_A*_rbs	38.000000	0.000000	0.000000
689.999021	__gene_A_rbs	39.000000	0.000000	0.000000
689.999021	__gene_B_rbs	495.000000	0.000000	0.000000
689.999021	__gene_C_rbs	484.000000	0.000000	0.000000
689.999021	__gene_D_rbs	479.000000	0.000000	0.000000
689.999021	__gene_E_rbs	475.000000	0.000000	0.000000
689.999021	__gene_F_rbs	317.000000	0.000000	0.000000
689.999021	__gene_G_rbs	240.000000	0.000000	0.000000
689.999021	__gene_H_rbs	172.000000	0.000000	0.000000
689.999021	__gene_J_rbs	468.000000	0.000000	0.000000
689.999021	__gene_K_rbs	486.000000	0.000000	0.000000
689.999021	__ribosome	0.000000	0.000000	0.000000
689.999021	bound_ecolipol	1885.000000	0.000000	0.000000
689.999021	bound_ribosome	100.000000	0.000000	0.000000
689.999021	ecoli_genome	115.000000	0.000000	0.000000
689.999021	ecoli_transcript	52576.000000	0.000000	0.000000
689.999021	ecolipol	42.000000	0.000000	0.000000
689.999021	gene_A	41.000000	39.000000	0.000000
689.999021	gene_A*	23.000000	38.000000	0.000000
689.999021	gene_B	355.000000	495.000000	0.000000
689.999021	gene_C	257.000000	484.000000	0.000000
689.999021	gene_D	221.000000	479.000000	0.000000
689.999021	gene_E	181.000000	475.000000	0.000000
689.999021	gene_F	105.000000	317.000000	0.003155
689.999021	gene_G	33.000000	240.000000	0.045833
689.999021	gene_H	0.000000	172.000000	0.151163
689.999021	gene_J	109.000000	468.000000	0.132479
689.999021	gene_K	259.000000	486.000000	0.000000
689.999021	promoter_A	1.000000	0.000000	0.000000
689.999021	promoter_B1	0.000000	0.000000	0.000000
689.999021	promoter_D	0.000000	0.000000	0.000000
694.999253	__gene_A*_rbs	38.000000	0.000000	0.000000
694.999253	__gene_A_rbs	39.000000	0.000000	0.000000
694.999253	__gene_B_rbs	499.000000	0.000000	0.000000
694.999253	__gene_C_rbs	488.000000	0.000000	0.000000
694.999253	__gene_D_rbs	482.000000	0.000000	0.000000
694.999253	__gene_E_rbs	478.000000	0.000000	0.000000
694.999253	__gene_F_rbs	319.000000	0.000000	0.000000
694.999253	__gene_G_rbs	243.000000	0.000000	0.000000
694.999253	__gene_H_rbs	174.000000	0.000000	0.000000
694.999253	__gene_J_rbs	472.000000	0.000000	0.000000
694.999253	__gene_K_rbs	490.000000	0.000000	0.000000
694.999253	__ribosome	0.000000	0.000000	0.000000
694.999253	bound_ecolipol	1887.000000	0.000000	0.000000
694.999253	bound_ribosome	100.000000	0.000000	0.000000
694.999253	ecoli_genome	113.000000	0.000000	0.000000
694.999253	ecoli_transcript	52948.000000	0.000000	0.000000
694.999253	ecolipol	43.000000	0.000000	0.000000
694.999253	gene_A	41.000000	39.000000	0.000000
694.999253	gene_A*	23.000000	38.000000	0.000000
694.999253	gene_B	355.000000	499.000000	0.000000
694.999253	gene_C	257.000000	488.000000	0.000000
694.999253	gene_D	221.000000	482.000000	0.000000
694.999253	gene_E	181.000000	478.000000	0.000000
694.999253	gene_F	105.000000	319.000000	0.003135
694.999253	gene_G	33.000000	243.000000	0.045267
694.999253	gene_H	0.000000	174.000000	0.149425
694.999253	gene_J	109.000000	472.000000	0.131356
694.999253	gene_K	259.000000	490.000000	0.000000
694.999253	promoter_A	1.000000	0.000000	0.000000
694.999253	promoter_B1	0.000000	0.000000	0.000000
694.999253	promoter_D	0.000000	0.000000	0.000000
699.999000	__gene_A*_rbs	38.000000	0.000000	0.000000
699.999000	__gene_A_rbs	39.000000	0.000000	0.000000
699.999000	__gene_B_rbs	503.000000	0.000000	0.000000
699.999000	__gene_C_rbs	492.000000	0.000000	0.000000
699.999000	__gene_D_rbs	486.000000	0.000000	0.000000
699.999000	__gene_E_rbs	482.000000	0.000000	0.000000
699.999000	__gene_F_rbs	320.000000	0.000000	0.000000
699.999000	__gene_G_rbs	245.000000	0.000000	0.000000
699.999000	__gene_H_rbs	174.000000	0.000000	0.000000
699.999000	__gene_J_rbs	476.000000	0.000000	0.000000
699.999000	__gene_K_rbs	494.000000	0.000000	0.000000
699.999000	__ribosome	0.000000	0.000000	0.000000
699.999000	bound_ecolipol	1876.000000	0.000000	0.000000
699.999000	bound_ribosome	100.000000	0.000000	0.000000
699.999000	ecoli_genome	124.000000	0.000000	0.000000
699.999000	ecoli_transcript	53348.000000	0.000000	0.000000
699.999000	ecolipol	53.000000	0.000000	0.000000
699.999000	gene_A	41.000000	39.000000	0.000000
699.999000	gene_A*	23.000000	38.000000	0.000000
699.999000	gene_B	355.000000	503.000000	0.000000
699.999000	gene_C	257.000000	492.000000	0.000000
699.999000	gene_D	221.000000	486.000000	0.000000
699.999000	gene_E	181.000000	482.000000	0.000000
699.999000	gene_F	105.000000	320.000000	0.003125
699.999000	gene_G	33.000000	245.000000	0.044898
699.999000	gene_H	0.000000	174.000000	0.149425
699.999000	gene_J	109.000000	476.000000	0.130252
699.999000	gene_K	259.000000	494.000000	0.000000
699.999000	promoter_A	1.000000	0.000000	0.000000
699.999000	promoter_B1	0.000000	0.000000	0.000000
699.999000	promoter_D	0.000000	0.000000	0.000000
704.999191	__gene_A*_rbs	39.000000	0.000000	0.000000
704.999191	__gene_A_rbs	39.000000	0.000000	0.000000
704.999191	__gene_B_rbs	506.000000	0.000000	0.000000
704.999191	__gene_C_rbs	495.000000	0.000000	0.000000
704.999191	__gene_D_rbs	490.000000	0.000000	0.000000
704.999191	__gene_E_rbs	486.000000	0.000000	0.000000
704.999191	__gene_F_rbs	323.000000	0.000000	0.000000
704.999191	__gene_G_rbs	247.000000	0.000000	0.000000
704.999191	__gene_H_rbs	176.000000	0.000000	0.000000
704.999191	__gene_J_rbs	479.000000	0.000000	0.000000
704.999191	__gene_K_rbs	497.000000	0.000000	0.000000
704.999191	__ribosome	0.000000	0.000000	0.000000
704.999191	bound_ecolipol	1893.000000	0.000000	0.000000
704.999191	bound_ribosome	100.000000	0.000000	0.000000
704.999191	ecoli_genome	107.000000	0.000000	0.000000
704.999191	ecoli_transcript	53715.000000	0.000000	0.000000
704.999191	ecolipol	37.000000	0.000000	0.000000
704.999191	gene_A	41.000000	39.000000	0.000000
704.999191	gene_A*	23.000000	39.000000	0.000000
704.999191	gene_B	355.000000	506.000000	0.000000
704.999191	gene_C	257.000000	495.000000	0.000000
704.999191	gene_D	221.000000	490.000000	0.000000
704.999191	gene_E	181.000000	486.000000	0.000000
704.999191	gene_F	105.000000	323.000000	0.003096
704.999191	gene_G	33.000000	247.000000	0.044534
704.999191	gene_H	0.000000	176.000000	0.147727
704.999191	gene_J	109.000000	479.000000	0.129436
704.999191	gene_K	259.000000	497.000000	0.000000
704.999191	promoter_A	1.000000	0.000000	0.000000
704.999191	promoter_B1	0.000000	0.000000	0.000000
704.999191	promoter_D	0.000000	0.000000	0.000000
709.999123	__gene_A*_rbs	39.000000	0.000000	0.000000
709.999123	__gene_A_rbs	39.000000	0.000000	0.000000
709.999123	__gene_B_rbs	510.000000	0.000000	0.000000
709.999123	__gene_C_rbs	499.000000	0.000000	0.000000
709.999123	__gene_D_rbs	494.000000	0.000000	0.000000
709.999123	__gene_E_rbs	490.000000	0.000000	0.000000
709.999123	__gene_F_rbs	326.000000	0.000000	0.000000
709.999123	__gene_G_rbs	248.000000	0.000000	0.000000
709.999123	__gene_H_rbs	178.000000	0.000000	0.000000
709.999123	__gene_J_rbs	483.000000	0.000000	0.000000
709.999123	__gene_K_rbs	501.000000	0.000000	0.000000
709.999123	__ribosome	0.000000	0.000000	0.000000
709.999123	bound_ecolipol	1885.000000	0.000000	0.000000
709.999123	bound_ribosome	100.000000	0.000000	0.000000
709.999123	ecoli_genome	115.000000	0.000000	0.000000
709.999123	ecoli_transcript	54110.000000	0.000000	0.000000
709.999123	ecolipol	48.000000	0.000000	0.000000
709.999123	gene_A	41.000000	39.000000	0.000000
709.999123	gene_A*	23.000000	39.000000	0.000000
709.999123	gene_B	355.000000	510.000000	0.000000
709.999123	gene_C	257.000000	499.000000	0.000000
709.999123	gene_D	221.000000	494.000000	0.000000
709.999123	gene_E	181.000000	490.000000	0.000000
709.999123	gene_F	105.000000	326.000000	0.003067
709.999123	gene_G	33.000000	248.000000	0.044355
709.999123	gene_H	0.000000	178.000000	0.146067
709.999123	gene_J	109.000000	483.000000	0.128364
709.999123	gene_K	259.000000	501.000000	0.000000
709.999123	promoter_A	1.000000	0.000000	0.000000
709.999123	promoter_B1	0.000000	0.000000	0.000000
709.999123	promoter_D	0.000000	0.000000	0.000000
714.999040	__gene_A*_rbs	39.000000	0.000000	0.000000
714.999040	__gene_A_rbs	39.000000	0.000000	0.000000
714.999040	__gene_B_rbs	514.000000	0.000000	0.000000
714.999040	__gene_C_rbs	503.000000	0.000000	0.000000
714.999040	__gene_D_rbs	497.000000	0.000000	0.000000
714.999040	__gene_E_rbs	493.000000	0.000000	0.000000
714.999040	__gene_F_rbs	328.000000	0.000000	0.000000
714.999040	__gene_G_rbs	249.000000	0.000000	0.000000
714.999040	__gene_H_rbs	179.000000	0.000000	0.000000
714.999040	__gene_J_rbs	487.000000	0.000000	0.000000
714.999040	__gene_K_rbs	505.000000	0.000000	0.000000
714.999040	__ribosome	0.000000	0.000000	0.000000
714.999040	bound_ecolipol	1901.000000	0.000000	0.000000
714.999040	bound_ribosome	100.000000	0.000000	0.000000
714.999040	ecoli_genome	99.000000	0.000000	0.000000
714.999040	ecoli_transcript	54453.000000	0.000000	0.000000
714.999040	ecolipol	33.000000	0.000000	0.000000
714.999040	gene_A	41.000000	39.000000	0.000000
714.999040	gene_A*	23.000000	39.000000	0.000000
714.999040	gene_B	355.000000	514.000000	0.000000
714.999040	gene_C	257.000000	503.000000	0.000000
714.999040	gene_D	221.000000	497.000000	0.000000
714.999040	gene_E	181.000000	493.000000	0.000000
714.999040	gene_F	106.000000	328.000000	0.000000
714.999040	gene_G	33.000000	250.000000	0.048000
714.999040	gene_H	0.000000	179.000000	0.145251
714.999040	gene_J	109.000000	487.000000	0.127310
714.999040	gene_K	259.000000	505.000000	0.000000
714.999040	promoter_A	1.000000	0.000000	0.000000
714.999040	promoter_B1	0.000000	0.000000	0.000000
714.999040	promoter_D	0.000000	0.000000	0.000000
719.999171	__gene_A*_rbs	39.000000	0.000000	0.000000
719.999171	__gene_A_rbs	39.000000	0.000000	0.000000
719.999171	__gene_B_rbs	517.000000	0.000000	0.000000
719.999171	__gene_C_rbs	506.000000	0.000000	0.000000
719.999171	__gene_D_rbs	501.000000	0.000000	0.000000
719.999171	__gene_E_rbs	497.000000	0.000000	0.000000
719.999171	__gene_F_rbs	331.000000	0.000000	0.000000
719.999171	__gene_G_rbs	252.000000	0.000000	0.000000
719.999171	__gene_H_rbs	180.000000	0.000000	0.000000
719.999171	__gene_J_rbs	490.000000	0.000000	0.000000
719.999171	__gene_K_rbs	508.000000	0.000000	0.000000
719.999171	__ribosome	0.000000	0.000000	0.000000
719.999171	bound_ecolipol	1887.000000	0.000000	0.000000
719.999171	bound_ribosome	100.000000	0.000000	0.000000
719.999171	ecoli_genome	113.000000	0.000000	0.000000
719.999171	ecoli_transcript	54837.000000	0.000000	0.000000
719.999171	ecolipol	45.000000	0.000000	0.000000
719.999171	gene_A	41.000000	39.000000	0.000000
719.999171	gene_A*	23.000000	39.000000	0.000000
719.999171	gene_B	355.000000	517.000000	0.000000
719.999171	gene_C	257.000000	506.000000	0.000000
719.999171	gene_D	221.000000	501.000000	0.000000
719.999171	gene_E	181.000000	497.000000	0.000000
719.999171	gene_F	106.000000	331.000000	0.000000
719.999171	gene_G	33.000000	252.000000	0.047619
719.999171	gene_H	0.000000	180.000000	0.144444
719.999171	gene_J	109.000000	490.000000	0.126531
719.999171	gene_K	259.000000	508.000000	0.000000
719.999171	promoter_A	1.000000	0.000000	0.000000
719.999171	promoter_B1	0.000000	0.000000	0.000000
719.999171	promoter_D	0.000000	0.000000	0.000000
724.999181	__gene_A*_rbs	39.000000	0.000000	0.000000
724.999181	__gene_A_rbs	39.000000	0.000000	0.000000
724.999181	__gene_B_rbs	521.000000	0.000000	0.000000
724.999181	__gene_C_rbs	510.000000	0.000000	0.000000
724.999181	__gene_D_rbs	505.000000	0.000000	0.000000
724.999181	__gene_E_rbs	501.000000	0.000000	0.000000
724.999181	__gene_F_rbs	334.000000	0.000000	0.000000
724.999181	__gene_G_rbs	255.000000	0.000000	0.000000
724.999181	__gene_H_rbs	181.000000	0.000000	0.000000
724.999181	__gene_J_rbs	494.000000	0.000000	0.000000
724.999181	__gene_K_rbs	512.000000	0.000000	0.000000
724.999181	__ribosome	0.000000	0.000000	0.000000
724.999181	bound_ecolipol	1889.000000	0.000000	0.000000
724.999181	bound_ribosome	100.000000	0.000000	0.000000
724.999181	ecoli_genome	111.000000	0.000000	0.000000
724.999181	ecoli_transcript	55214.000000	0.000000	0.000000
724.999181	ecolipol	42.000000	0.000000	0.000000
724.999181	gene_A	41.000000	39.000000	0.000000
724.999181	gene_A*	23.000000	39.000000	0.000000
724.999181	gene_B	355.000000	521.000000	0.000000
724.999181	gene_C	257.000000	510.000000	0.000000
724.999181	gene_D	221.000000	505.000000	0.000000
724.999181	gene_E	181.000000	501.000000	0.000000
724.999181	gene_F	106.000000	334.000000	0.000000
724.999181	gene_G	33.000000	255.000000	0.047059
724.999181	gene_H	0.000000	181.000000	0.143646
724.999181	gene_J	109.000000	494.000000	0.125506
724.999181	gene_K	259.000000	512.000000	0.000000
724.999181	promoter_A	1.000000	0.000000	0.000000
724.999181	promoter_B1	0.000000	0.000000	0.000000
724.999181	promoter_D	0.000000	0.000000	0.000000
729.999068	__gene_A*_rbs	39.000000	0.000000	0.000000
729.999068	__gene_A_rbs	41.000000	0.000000	0.000000
729.999068	__gene_B_rbs	524.000000	0.000000	0.000000
729.999068	__gene_C_rbs	514.000000	0.000000	0.000000
729.999068	__gene_D_rbs	509.000000	0.000000	0.000000
729.999068	__gene_E_rbs	504.000000	0.000000	0.000000
729.999068	__gene_F_rbs	337.000000	0.000000	0.000000
729.999068	__gene_G_rbs	256.000000	0.000000	0.000000
729.999068	__gene_H_rbs	182.000000	0.000000	0.000000
729.999068	__gene_J_rbs	497.000000	0.000000	0.000000
729.999068	__gene_K_rbs	516.000000	0.000000	0.000000
729.999068	__ribosome	0.000000	0.000000	0.000000
729.999068	bound_ecolipol	1881.000000	0.000000	0.000000
729.999068	bound_ribosome	100.000000	0.000000	0.000000
729.999068	ecoli_genome	119.000000	0.000000	0.000000
729.999068	ecoli_transcript	55596.000000	0.000000	0.000000
729.999068	ecolipol	48.000000	0.000000	0.000000
729.999068	gene_A	41.000000	41.000000	0.000000
729.999068	gene_A*	23.000000	39.000000	0.000000
729.999068	gene_B	355.000000	524.000000	0.000000
729.999068	gene_C	257.000000	514.000000	0.000000
729.999068	gene_D	221.000000	509.000000	0.000000
729.999068	gene_E	181.000000	504.000000	0.000000
729.999068	gene_F	106.000000	337.000000	0.000000
729.999068	gene_G	33.000000	256.000000	0.046875
729.999068	gene_H	0.000000	182.000000	0.142857
729.999068	gene_J	109.000000	497.000000	0.124748
729.999068	gene_K	259.000000	516.000000	0.000000
729.999068	promoter_A	0.000000	0.000000	0.000000
729.999068	promoter_B1	0.000000	0.000000	0.000000
729.999068	promoter_D	0.000000	0.000000	0.000000
734.999021	__gene_A*_rbs	39.000000	0.000000	0.000000
734.999021	__gene_A_rbs	41.000000	0.000000	0.000000
734.999021	__gene_B_rbs	528.000000	0.000000	0.000000
734.999021	__gene_C_rbs	517.000000	0.000000	0.000000
734.999021	__gene_D_rbs	512.000000	0.000000	0.000000
734.999021	__gene_E_rbs	508.000000	0.000000	0.000000
734.999021	__gene_F_rbs	339.000000	0.000000	0.000000
734.999021	__gene_G_rbs	257.000000	0.000000	0.000000
734.999021	__gene_H_rbs	183.000000	0.000000	0.000000
734.999021	__gene_J_rbs	501.000000	0.000000	0.000000
734.999021	__gene_K_rbs	520.000000	0.000000	0.000000
734.999021	__ribosome	0.000000	0.000000	0.000000
734.999021	bound_ecolipol	1883.000000	0.000000	0.000000
734.999021	bound_ribosome	100.000000	0.000000	0.000000
734.999021	ecoli_genome	117.000000	0.000000	0.000000
734.999021	ecoli_transcript	55964.000000	0.000000	0.000000
734.999021	ecolipol	46.000000	0.000000	0.000000
734.999021	gene_A	41.000000	41.000000	0.000000
734.999021	gene_A*	23.000000	39.000000	0.000000
734.999021	gene_B	355.000000	528.000000	0.001894
734.999021	gene_C	257.000000	517.000000	0.000000
734.999021	gene_D	221.000000	512.000000	0.000000
734.999021	gene_E	181.000000	508.000000	0.000000
734.999021	gene_F	106.000000	339.000000	0.000000
734.999021	gene_G	34.000000	257.000000	0.042802
734.999021	gene_H	0.000000	183.000000	0.142077
734.999021	gene_J	109.000000	501.000000	0.123752
734.999021	gene_K	259.000000	520.000000	0.000000
734.999021	promoter_A	1.000000	0.000000	0.000000
734.999021	promoter_B1	0.000000	0.000000	0.000000
734.999021	promoter_D	0.000000	0.000000	0.000000
739.999252	__gene_A*_rbs	39.000000	0.000000	0.000000
739.999252	__gene_A_rbs	41.000000	0.000000	0.000000
739.999252	__gene_B_rbs	532.000000	0.000000	0.000000
739.999252	__gene_C_rbs	521.000000	0.000000	0.000000
739.999252	__gene_D_rbs	516.000000	0.000000	0.000000
739.999252	__gene_E_rbs	511.000000	0.000000	0.000000
739.999252	__gene_F_rbs	341.000000	0.000000	0.000000
739.999252	__gene_G_rbs	260.000000	0.000000	0.000000
739.999252	__gene_H_rbs	185.000000	0.000000	0.000000
739.999252	__gene_J_rbs	505.000000	0.000000	0.000000
739.999252	__gene_K_rbs	523.000000	0.000000	0.000000
739.999252	__ribosome	0.000000	0.000000	0.000000
739.999252	bound_ecolipol	1886.000000	0.000000	0.000000
739.999252	bound_ribosome	100.000000	0.000000	0.000000
739.999252	ecoli_genome	114.000000	0.000000	0.000000
739.999252	ecoli_transcript	56303.000000	0.000000	0.000000
739.999252	ecolipol	43.000000	0.000000	0.000000
739.999252	gene_A	41.000000	41.000000	0.000000
739.999252	gene_A*	23.000000	39.000000	0.000000
739.999252	gene_B	355.000000	532.000000	0.001880
739.999252	gene_C	257.000000	521.000000	0.000000
739.999252	gene_D	221.000000	516.000000	0.000000
739.999252	gene_E	181.000000	511.000000	0.000000
739.999252	gene_F	106.000000	341.000000	0.000000
739.999252	gene_G	34.000000	260.000000	0.042308
739.999252	gene_H	0.000000	185.000000	0.140541
739.999252	gene_J	109.000000	505.000000	0.122772
739.999252	gene_K	259.000000	523.000000	0.000000
739.999252	promoter_A	1.000000	0.000000	0.000000
739.999252	promoter_B1	0.000000	0.000000	0.000000
739.999252	promoter_D	0.000000	0.000000	0.000000
744.999312	__gene_A*_rbs	41.000000	0.000000	0.000000
744.999312	__gene_A_rbs	41.000000	0.000000	0.000000
744.999312	__gene_B_rbs	536.000000	0.000000	0.000000
744.999312	__gene_C_rbs	525.000000	0.000000	0.000000
744.999312	__gene_D_rbs	520.000000	0.000000	0.000000
744.999312	__gene_E_rbs	515.000000	0.000000	0.000000
744.999312	__gene_F_rbs	344.000000	0.000000	0.000000
744.999312	__gene_G_rbs	260.000000	0.000000	0.000000
744.999312	__gene_H_rbs	186.000000	0.000000	0.000000
744.999312	__gene_J_rbs	509.000000	0.000000	0.000000
744.999312	__gene_K_rbs	527.000000	0.000000	0.000000
744.999312	__ribosome	0.000000	0.000000	0.000000
744.999312	bound_ecolipol	1874.000000	0.000000	0.000000
744.999312	bound_ribosome	100.000000	0.000000	0.000000
744.999312	ecoli_genome	126.000000	0.000000	0.000000
744.999312	ecoli_transcript	56655.000000	0.000000	0.000000
744.999312	ecolipol	56.000000	0.000000	0.000000
744.999312	gene_A	41.000000	41.000000	0.000000
744.999312	gene_A*	23.000000	41.000000	0.000000
744.999312	gene_B	356.000000	536.000000	0.000000
744.999312	gene_C	257.000000	525.000000	0.001905
744.999312	gene_D	221.000000	520.000000	0.000000
744.999312	gene_E	181.000000	515.000000	0.000000
744.999312	gene_F	106.000000	344.000000	0.000000
744.999312	gene_G	34.000000	260.000000	0.042308
744.999312	gene_H	0.000000	186.000000	0.139785
744.999312	gene_J	109.000000	509.000000	0.121807
744.999312	gene_K	259.000000	527.000000	0.000000
744.999312	promoter_A	1.000000	0.000000	0.000000
744.999312	promoter_B1	0.000000	0.000000	0.000000
744.999312	promoter_D	0.000000	0.000000	0.000000
749.999056	__gene_A*_rbs	41.000000	0.000000	0.000000
749.999056	__gene_A_rbs	41.000000	0.000000	0.000000
749.999056	__gene_B_rbs	539.000000	0.000000	0.000000
749.999056	__gene_C_rbs	528.000000	0.000000	0.000000
749.999056	__gene_D_rbs	523.000000	0.000000	0.000000
749.999056	__gene_E_rbs	519.000000	0.000000	0.000000
749.999056	__gene_F_rbs	347.000000	0.000000	0.000000
749.999056	__gene_G_rbs	262.000000	0.000000	0.000000
749.999056	__gene_H_rbs	187.000000	0.000000	0.000000
749.999056	__gene_J_rbs	512.000000	0.000000	0.000000
749.999056	__gene_K_rbs	530.000000	0.000000	0.000000
749.999056	__ribosome	0.000000	0.000000	0.000000
749.999056	bound_ecolipol	1884.000000	0.000000	0.000000
749.999056	bound_ribosome	100.000000	0.000000	0.000000
749.999056	ecoli_genome	116.000000	0.000000	0.000000
749.999056	ecoli_transcript	57026.000000	0.000000	0.000000
749.999056	ecolipol	45.000000	0.000000	0.000000
749.999056	gene_A	41.000000	41.000000	0.000000
749.999056	gene_A*	23.000000	41.000000	0.000000
749.999056	gene_B	356.000000	539.000000	0.000000
749.999056	gene_C	257.000000	528.000000	0.001894
749.999056	gene_D	221.000000	523.000000	0.000000
749.999056	gene_E	181.000000	519.000000	0.000000
749.999056	gene_F	106.000000	347.000000	0.000000
749.999056	gene_G	34.000000	262.000000	0.041985
749.999056	gene_H	0.000000	187.000000	0.139037
749.999056	gene_J	109.000000	512.000000	0.121094
749.999056	gene_K	259.000000	530.000000	0.000000
749.999056	promoter_A	1.000000	0.000000	0.000000
749.999056	promoter_B1	0.000000	0.000000	0.000000
749.999056	promoter_D	0.000000	0.000000	0.000000
754.999454	__gene_A*_rbs	41.000000	0.000000	0.000000
754.999454	__gene_A_rbs	42.000000	0.000000	0.000000
754.999454	__gene_B_rbs	543.000000	0.000000	0.000000
754.999454	__gene_C_rbs	532.000000	0.000000	0.000000
754.999454	__gene_D_rbs	527.000000	0.000000	0.000000
754.999454	__gene_E_rbs	523.000000	0.000000	0.000000
754.999454	__gene_F_rbs	349.000000	0.000000	0.000000
754.999454	__gene_G_rbs	265.000000	0.000000	0.000000
754.999454	__gene_H_rbs	189.000000	0.000000	0.000000
754.999454	__gene_J_rbs	515.000000	0.000000	0.000000
754.999454	__gene_K_rbs	534.000000	0.000000	0.000000
754.999454	__ribosome	0.000000	0.000000	0.000000
754.999454	bound_ecolipol	1879.000000	0.000000	0.000000
754.999454	bound_ribosome	100.000000	0.000000	0.000000
754.999454	ecoli_genome	121.000000	0.000000	0.000000
754.999454	ecoli_transcript	57414.000000	0.000000	0.000000
754.999454	ecolipol	48.000000	0.000000	0.000000
754.999454	gene_A	41.000000	42.000000	0.000000
754.999454	gene_A*	23.000000	41.000000	0.000000
754.999454	gene_B	356.000000	543.000000	0.000000
754.999454	gene_C	258.000000	532.000000	0.001880
754.999454	gene_D	221.000000	527.000000	0.000000
754.999454	gene_E	181.000000	523.000000	0.000000
754.999454	gene_F	106.000000	349.000000	0.000000
754.999454	gene_G	34.000000	265.000000	0.041509
754.999454	gene_H	0.000000	189.000000	0.137566
754.999454	gene_J	109.000000	515.000000	0.120388
754.999454	gene_K	259.000000	534.000000	0.000000
754.999454	promoter_A	0.000000	0.000000	0.000000
754.999454	promoter_B1	0.000000	0.000000	0.000000
754.999454	promoter_D	0.000000	0.000000	0.000000
759.999048	__gene_A*_rbs	41.000000	0.000000	0.000000
759.999048	__gene_A_rbs	43.000000	0.000000	0.000000
759.999048	__gene_B_rbs	547.000000	0.000000	0.000000
759.999048	__gene_C_rbs	536.000000	0.000000	0.000000
759.999048	__gene_D_rbs	531.000000	0.000000	0.000000
759.999048	__gene_E_rbs	526.000000	0.000000	0.000000
759.999048	__gene_F_rbs	351.000000	0.000000	0.000000
759.999048	__gene_G_rbs	267.000000	0.000000	0.000000
759.999048	__gene_H_rbs	190.000000	0.000000	0.000000
759.999048	__gene_J_rbs	520.000000	0.000000	0.000000
759.999048	__gene_K_rbs	538.000000	0.000000	0.000000
759.999048	__ribosome	0.000000	0.000000	0.000000
759.999048	bound_ecolipol	1875.000000	0.000000	0.000000
759.999048	bound_ribosome	100.000000	0.000000	0.000000
759.999048	ecoli_genome	125.000000	0.000000	0.000000
759.999048	ecoli_transcript	57794.000000	0.000000	0.000000
759.999048	ecolipol	50.000000	0.000000	0.000000
759.999048	gene_A	41.000000	43.000000	0.000000
759.999048	gene_A*	23.000000	41.000000	0.000000
759.999048	gene_B	356.000000	547.000000	0.000000
759.999048	gene_C	258.000000	536.000000	0.001866
759.999048	gene_D	221.000000	531.000000	0.000000
759.999048	gene_E	181.000000	526.000000	0.000000
759.999048	gene_F	106.000000	351.000000	0.000000
759.999048	gene_G	34.000000	267.000000	0.041199
759.999048	gene_H	0.000000	190.000000	0.136842
759.999048	gene_J	109.000000	520.000000	0.119231
759.999048	gene_K	259.000000	538.000000	0.000000
759.999048	promoter_A	1.000000	0.000000	0.000000
759.999048	promoter_B1	0.000000	0.000000	0.000000
759.999048	promoter_D	0.000000	0.000000	0.000000
764.999101	__gene_A*_rbs	41.000000	0.000000	0.000000
764.999101	__gene_A_rbs	43.000000	0.000000	0.000000
764.999101	__gene_B_rbs	550.000000	0.000000	0.000000
764.999101	__gene_C_rbs	540.000000	0.000000	0.000000
764.999101	__gene_D_rbs	534.000000	0.000000	0.000000
764.999101	__gene_E_rbs	530.000000	0.000000	0.000000
764.999101	__gene_F_rbs	353.000000	0.000000	0.000000
764.999101	__gene_G_rbs	270.000000	0.000000	0.000000
764.999101	__gene_H_rbs	192.000000	0.000000	0.000000
764.999101	__gene_J_rbs	523.000000	0.000000	0.000000
764.999101	__gene_K_rbs	541.000000	0.000000	0.000000
764.999101	__ribosome	0.000000	0.000000	0.000000
764.999101	bound_ecolipol	1883.000000	0.000000	0.000000
764.999101	bound_ribosome	100.000000	0.000000	0.000000
764.999101	ecoli_genome	117.000000	0.000000	0.000000
764.999101	ecoli_transcript	58182.000000	0.000000	0.000000
764.999101	ecolipol	42.000000	0.000000	0.000000
764.999101	gene_A	41.000000	43.000000	0.000000
764.999101	gene_A*	23.000000	41.000000	0.000000
764.999101	gene_B	356.000000	550.000000	0.000000
764.999101	gene_C	259.000000	540.000000	0.000000
764.999101	gene_D	221.000000	534.000000	0.000000
764.999101	gene_E	181.000000	530.000000	0.000000
764.999101	gene_F	106.000000	353.000000	0.000000
764.999101	gene_G	34.000000	270.000000	0.040741
764.999101	gene_H	0.000000	192.000000	0.135417
764.999101	gene_J	109.000000	523.000000	0.120459
764.999101	gene_K	259.000000	541.000000	0.000000
764.999101	promoter_A	1.000000	0.000000	0.000000
764.999101	promoter_B1	0.000000	0.000000	0.000000
764.999101	promoter_D	0.000000	0.000000	0.000000
769.999068	__gene_A*_rbs	42.000000	0.000000	0.000000
769.999068	__gene_A_rbs	43.000000	0.000000	0.000000
769.999068	__gene_B_rbs	554.000000	0.000000	0.000000
769.999068	__gene_C_rbs	543.000000	0.000000	0.000000
769.999068	__gene_D_rbs	538.000000	0.000000	0.000000
769.999068	__gene_E_rbs	534.000000	0.000000	0.000000
769.999068	__gene_F_rbs	355.000000	0.000000	0.000000
769.999068	__gene_G_rbs	272.000000	0.000000	0.000000
769.999068	__gene_H_rbs	194.000000	0.000000	0.000000
769.999068	__gene_J_rbs	527.000000	0.000000	0.000000
769.999068	__gene_K_rbs	545.000000	0.000000	0.000000
769.999068	__ribosome	0.000000	0.000000	0.000000
769.999068	bound_ecolipol	1892.000000	0.000000	0.000000
769.999068	bound_ribosome	100.000000	0.000000	0.000000
769.999068	ecoli_genome	108.000000	0.000000	0.000000
769.999068	ecoli_transcript	58545.000000	0.000000	0.000000
769.999068	ecolipol	34.000000	0.000000	0.000000
769.999068	gene_A	41.000000	43.000000	0.000000
769.999068	gene_A*	23.000000	42.000000	0.000000
769.999068	gene_B	356.000000	554.000000	0.000000
769.999068	gene_C	259.000000	543.000000	0.000000
769.999068	gene_D	221.000000	538.000000	0.000000
769.999068	gene_E	181.000000	534.000000	0.000000
769.999068	gene_F	106.000000	355.000000	0.000000
769.999068	gene_G	34.000000	272.000000	0.040441
769.999068	gene_H	0.000000	194.000000	0.134021
769.999068	gene_J	109.000000	527.000000	0.119545
769.999068	gene_K	259.000000	545.000000	0.000000
769.999068	promoter_A	1.000000	0.000000	0.000000
769.999068	promoter_B1	0.000000	0.000000	0.000000
769.999068	promoter_D	0.000000	0.000000	0.000000
774.999128	__gene_A*_rbs	43.000000	0.000000	0.000000
774.999128	__gene_A_rbs	44.000000	0.000000	0.000000
774.999128	__gene_B_rbs	558.000000	0.000000	0.000000
774.999128	__gene_C_rbs	547.000000	0.000000	0.000000
774.999128	__gene_D_rbs	542.000000	0.000000	0.000000
774.999128	__gene_E_rbs	537.000000	0.000000	0.000000
774.999128	__gene_F_rbs	358.000000	0.000000	0.000000
774.999128	__gene_G_rbs	275.000000	0.000000	0.000000
774.999128	__gene_H_rbs	197.000000	0.000000	0.000000
774.999128	__gene_J_rbs	531.000000	0.000000	0.000000
774.999128	__gene_K_rbs	549.000000	0.000000	0.000000
774.999128	__ribosome	0.000000	0.000000	0.000000
774.999128	bound_ecolipol	1888.000000	0.000000	0.000000
774.999128	bound_ribosome	100.000000	0.000000	0.000000
774.999128	ecoli_genome	112.000000	0.000000	0.000000
774.999128	ecoli_transcript	58898.000000	0.000000	0.000000
774.999128	ecolipol	35.000000	0.000000	0.000000
774.999128	gene_A	41.000000	44.000000	0.000000
774.999128	gene_A*	23.000000	43.000000	0.000000
774.999128	gene_B	356.000000	558.000000	0.000000
774.999128	gene_C	259.000000	547.000000	0.000000
774.999128	gene_D	221.000000	542.000000	0.000000
774.999128	gene_E	181.000000	537.000000	0.000000
774.999128	gene_F	106.000000	358.000000	0.000000
774.999128	gene_G	34.000000	275.000000	0.040000
774.999128	gene_H	0.000000	197.000000	0.131980
774.999128	gene_J	109.000000	531.000000	0.118644
774.999128	gene_K	259.000000	549.000000	0.000000
774.999128	promoter_A	1.000000	0.000000	0.000000
774.999128	promoter_B1	0.000000	0.000000	0.000000
774.999128	promoter_D	0.000000	0.000000	0.000000
779.999131	__gene_A*_rbs	43.000000	0.000000	0.000000
779.999131	__gene_A_rbs	44.000000	0.000000	0.000000
779.999131	__gene_B_rbs	561.000000	0.000000	0.000000
779.999131	__gene_C_rbs	551.000000	0.000000	0.000000
779.999131	__gene_D_rbs	545.000000	0.000000	0.000000
779.999131	__gene_E_rbs	541.000000	0.000000	0.000000
779.999131	__gene_F_rbs	361.000000	0.000000	0.000000
779.999131	__gene_G_rbs	277.000000	0.000000	0.000000
779.999131	__gene_H_rbs	199.000000	0.000000	0.000000
779.999131	__gene_J_rbs	535.000000	0.000000	0.000000
779.999131	__gene_K_rbs	553.000000	0.000000	0.000000
779.999131	__ribosome	0.000000	0.000000	0.000000
779.999131	bound_ecolipol	1884.000000	0.000000	0.000000
779.999131	bound_ribosome	100.000000	0.000000	0.000000
779.999131	ecoli_genome	116.000000	0.000000	0.000000
779.999131	ecoli_transcript	59299.000000	0.000000	0.000000
779.999131	ecolipol	41.000000	0.000000	0.000000
779.999131	gene_A	41.000000	44.000000	0.000000
779.999131	gene_A*	23.000000	43.000000	0.000000
779.999131	gene_B	356.000000	561.000000	0.000000
779.999131	gene_C	259.000000	551.000000	0.000000
779.999131	gene_D	221.000000	545.000000	0.000000
779.999131	gene_E	181.000000	541.000000	0.000000
779.999131	gene_F	106.000000	361.000000	0.000000
779.999131	gene_G	34.000000	277.000000	0.039711
779.999131	gene_H	0.000000	199.000000	0.130653
779.999131	gene_J	109.000000	535.000000	0.117757
779.999131	gene_K	259.000000	553.000000	0.000000
779.999131	promoter_A	1.000000	0.000000	0.000000
779.999131	promoter_B1	0.000000	0.000000	0.000000
779.999131	promoter_D	0.000000	0.000000	0.000000
784.999162	__gene_A*_rbs	43.000000	0.000000	0.000000
784.999162	__gene_A_rbs	44.000000	0.000000	0.000000
784.999162	__gene_B_rbs	565.000000	0.000000	0.000000
784.999162	__gene_C_rbs	554.000000	0.000000	0.000000
784.999162	__gene_D_rbs	549.000000	0.000000	0.000000
784.999162	__gene_E_rbs	545.000000	0.000000	0.000000
784.999162	__gene_F_rbs	364.000000	0.000000	0.000000
784.999162	__gene_G_rbs	279.000000	0.000000	0.000000
784.999162	__gene_H_rbs	200.000000	0.000000	0.000000
784.999162	__gene_J_rbs	538.000000	0.000000	0.000000
784.999162	__gene_K_rbs	556.000000	0.000000	0.000000
784.999162	__ribosome	0.000000	0.000000	0.000000
784.999162	bound_ecolipol	1885.000000	0.000000	0.000000
784.999162	bound_ribosome	100.000000	0.000000	0.000000
784.999162	ecoli_genome	115.000000	0.000000	0.000000
784.999162	ecoli_transcript	59660.000000	0.000000	0.000000
784.999162	ecolipol	40.000000	0.000000	0.000000
784.999162	gene_A	41.000000	44.000000	0.000000
784.999162	gene_A*	23.000000	43.000000	0.000000
784.999162	gene_B	356.000000	565.000000	0.000000
784.999162	gene_C	259.000000	554.000000	0.000000
784.999162	gene_D	221.000000	549.000000	0.000000
784.999162	gene_E	181.000000	545.000000	0.000000
784.999162	gene_F	106.000000	364.000000	0.000000
784.999162	gene_G	34.000000	279.000000	0.039427
784.999162	gene_H	0.000000	200.000000	0.130000
784.999162	gene_J	109.000000	538.000000	0.117100
784.999162	gene_K	259.000000	556.000000	0.000000
784.999162	promoter_A	1.000000	0.000000	0.000000
784.999162	promoter_B1	0.000000	0.000000	0.000000
784.999162	promoter_D	0.000000	0.000000	0.000000
789.999221	__gene_A*_rbs	44.000000	0.000000	0.000000
789.999221	__gene_A_rbs	44.000000	0.000000	0.000000
789.999221	__gene_B_rbs	569.000000	0.000000	0.000000
789.999221	__gene_C_rbs	558.000000	0.000000	0.000000
789.999221	__gene_D_rbs	553.000000	0.000000	0.000000
789.999221	__gene_E_rbs	549.000000	0.000000	0.000000
789.999221	__gene_F_rbs	367.000000	0.000000	0.000000
789.999221	__gene_G_rbs	282.000000	0.000000	0.000000
789.999221	__gene_H_rbs	203.000000	0.000000	0.000000
789.999221	__gene_J_rbs	542.000000	0.000000	0.000000
789.999221	__gene_K_rbs	560.000000	0.000000	0.000000
789.999221	__ribosome	0.000000	0.000000	0.000000
789.999221	bound_ecolipol	1889.000000	0.000000	0.000000
789.999221	bound_ribosome	100.000000	0.000000	0.000000
789.999221	ecoli_genome	111.000000	0.000000	0.000000
789.999221	ecoli_transcript	60002.000000	0.000000	0.000000
789.999221	ecolipol	35.000000	0.000000	0.000000
789.999221	gene_A	41.000000	44.000000	0.000000
789.999221	gene_A*	23.000000	44.000000	0.000000
789.999221	gene_B	356.000000	569.000000	0.000000
789.999221	gene_C	259.000000	558.000000	0.000000
789.999221	gene_D	221.000000	553.000000	0.000000
789.999221	gene_E	181.000000	549.000000	0.000000
789.999221	gene_F	106.000000	367.000000	0.000000
789.999221	gene_G	34.000000	282.000000	0.039007
789.999221	gene_H	0.000000	203.000000	0.128079
789.999221	gene_J	109.000000	542.000000	0.116236
789.999221	gene_K	259.000000	560.000000	0.000000
789.999221	promoter_A	1.000000	0.000000	0.000000
789.999221	promoter_B1	0.000000	0.000000	0.000000
789.999221	promoter_D	0.000000	0.000000	0.000000
794.999331	__gene_A*_rbs	44.000000	0.000000	0.000000
794.999331	__gene_A_rbs	44.000000	0.000000	0.000000
794.999331	__gene_B_rbs	572.000000	0.000000	0.000000
794.999331	__gene_C_rbs	562.000000	0.000000	0.000000
794.999331	__gene_D_rbs	557.000000	0.000000	0.000000
794.999331	__gene_E_rbs	552.000000	0.000000	0.000000
794.999331	__gene_F_rbs	371.000000	0.000000	0.000000
794.999331	__gene_G_rbs	285.000000	0.000000	0.000000
794.999331	__gene_H_rbs	205.000000	0.000000	0.000000
794.999331	__gene_J_rbs	546.000000	0.000000	0.000000
794.999331	__gene_K_rbs	564.000000	0.000000	0.000000
794.999331	__ribosome	0.000000	0.000000	0.000000
794.999331	bound_ecolipol	1873.000000	0.000000	0.000000
794.999331	bound_ribosome	100.000000	0.000000	0.000000
794.999331	ecoli_genome	127.000000	0.000000	0.000000
794.999331	ecoli_transcript	60405.000000	0.000000	0.000000
794.999331	ecolipol	49.000000	0.000000	0.000000
794.999331	gene_A	41.000000	44.000000	0.000000
794.999331	gene_A*	23.000000	44.000000	0.000000
794.999331	gene_B	356.000000	572.000000	0.000000
794.999331	gene_C	259.000000	562.000000	0.000000
794.999331	gene_D	221.000000	557.000000	0.000000
794.999331	gene_E	181.000000	552.000000	0.000000
794.999331	gene_F	106.000000	371.000000	0.000000
794.999331	gene_G	34.000000	285.000000	0.038596
794.999331	gene_H	0.000000	205.000000	0.126829
794.999331	gene_J	109.000000	546.000000	0.115385
794.999331	gene_K	259.000000	564.000000	0.000000
794.999331	promoter_A	1.000000	0.000000	0.000000
794.999331	promoter_B1	0.000000	0.000000	0.000000
794.999331	promoter_D	0.000000	0.000000	0.000000
799.999198	__gene_A*_rbs	44.000000	0.000000	0.000000
799.999198	__gene_A_rbs	44.000000	0.000000	0.000000
799.999198	__gene_B_rbs	575.000000	0.000000	0.000000
799.999198	__gene_C_rbs	565.000000	0.000000	0.000000
799.999198	__gene_D_rbs	560.000000	0.000000	0.000000
799.999198	__gene_E_rbs	556.000000	0.000000	0.000000
799.999198	__gene_F_rbs	372.000000	0.000000	0.000000
799.999198	__gene_G_rbs	287.000000	0.000000	0.000000
799.999198	__gene_H_rbs	205.000000	0.000000	0.000000
799.999198	__gene_J_rbs	550.000000	0.000000	0.000000
799.999198	__gene_K_rbs	567.000000	0.000000	0.000000
799.999198	__ribosome	0.000000	0.000000	0.000000
799.999198	bound_ecolipol	1879.000000	0.000000	0.000000
799.999198	bound_ribosome	100.000000	0.000000	0.000000
799.999198	ecoli_genome	121.000000	0.000000	0.000000
799.999198	ecoli_transcript	60773.000000	0.000000	0.000000
799.999198	ecolipol	48.000000	0.000000	0.000000
799.999198	gene_A	41.000000	44.000000	0.000000
799.999198	gene_A*	23.000000	44.000000	0.000000
799.999198	gene_B	356.000000	575.000000	0.000000
799.999198	gene_C	259.000000	565.000000	0.000000
799.999198	gene_D	221.000000	560.000000	0.000000
799.999198	gene_E	181.000000	556.000000	0.000000
799.999198	gene_F	106.000000	372.000000	0.000000
799.999198	gene_G	34.000000	287.000000	0.038328
799.999198	gene_H	0.000000	205.000000	0.126829
799.999198	gene_J	109.000000	550.000000	0.114545
799.999198	gene_K	259.000000	567.000000	0.000000
799.999198	promoter_A	1.000000	0.000000	0.000000
799.999198	promoter_B1	0.000000	0.000000	0.000000
799.999198	promoter_D	0.000000	0.000000	0.000000
804.999225	__gene_A*_rbs	44.000000	0.000000	0.000000
804.999225	__gene_A_rbs	44.000000	0.000000	0.000000
804.999225	__gene_B_rbs	578.000000	0.000000	0.000000
804.999225	__gene_C_rbs	569.000000	0.000000	0.000000
804.999225	__gene_D_rbs	564.000000	0.000000	0.000000
804.999225	__gene_E_rbs	559.000000	0.000000	0.000000
804.999225	__gene_F_rbs	375.000000	0.000000	0.000000
804.999225	__gene_G_rbs	289.000000	0.000000	0.000000
804.999225	__gene_H_rbs	207.000000	0.000000	0.000000
804.999225	__gene_J_rbs	553.000000	0.000000	0.000000
804.999225	__gene_K_rbs	571.000000	0.000000	0.000000
804.999225	__ribosome	0.000000	0.000000	0.000000
804.999225	bound_ecolipol	1884.000000	0.000000	0.000000
804.999225	bound_ribosome	100.000000	0.000000	0.000000
804.999225	ecoli_genome	116.000000	0.000000	0.000000
804.999225	ecoli_transcript	61134.000000	0.000000	0.000000
804.999225	ecolipol	43.000000	0.000000	0.000000
804.999225	gene_A	41.000000	44.000000	0.000000
804.999225	gene_A*	23.000000	44.000000	0.000000
804.999225	gene_B	356.000000	578.000000	0.000000
804.999225	gene_C	259.000000	569.000000	0.000000
804.999225	gene_D	221.000000	564.000000	0.000000
804.999225	gene_E	181.000000	559.000000	0.000000
804.999225	gene_F	106.000000	375.000000	0.000000
804.999225	gene_G	34.000000	289.000000	0.038062
804.999225	gene_H	0.000000	207.000000	0.125604
804.999225	gene_J	109.000000	553.000000	0.113924
804.999225	gene_K	259.000000	571.000000	0.000000
804.999225	promoter_A	1.000000	0.000000	0.000000
804.999225	promoter_B1	0.000000	0.000000	0.000000
804.999225	promoter_D	0.000000	0.000000	0.000000
809.999537	__gene_A*_rbs	44.000000	0.000000	0.000000
809.999537	__gene_A_rbs	44.000000	0.000000	0.000000
809.999537	__gene_B_rbs	582.000000	0.000000	0.000000
809.999537	__gene_C_rbs	572.000000	0.000000	0.000000
809.999537	__gene_D_rbs	567.000000	0.000000	0.000000
809.999537	__gene_E_rbs	563.000000	0.000000	0.000000
809.999537	__gene_F_rbs	376.000000	0.000000	0.000000
809.999537	__gene_G_rbs	289.000000	0.000000	0.000000
809.999537	__gene_H_rbs	209.000000	0.000000	0.000000
809.999537	__gene_J_rbs	556.000000	0.000000	0.000000
809.999537	__gene_K_rbs	574.000000	0.000000	0.000000
809.999537	__ribosome	0.000000	0.000000	0.000000
809.999537	bound_ecolipol	1883.000000	0.000000	0.000000
809.999537	bound_ribosome	100.000000	0.000000	0.000000
809.999537	ecoli_genome	117.000000	0.000000	0.000000
809.999537	ecoli_transcript	61519.000000	0.000000	0.000000
809.999537	ecolipol	47.000000	0.000000	0.000000
809.999537	gene_A	41.000000	44.000000	0.000000
809.999537	gene_A*	23.000000	44.000000	0.000000
809.999537	gene_B	356.000000	582.000000	0.000000
809.999537	gene_C	259.000000	572.000000	0.000000
809.999537	gene_D	221.000000	567.000000	0.000000
809.999537	gene_E	181.000000	563.000000	0.000000
809.999537	gene_F	106.000000	376.000000	0.000000
809.999537	gene_G	34.000000	289.000000	0.038062
809.999537	gene_H	0.000000	209.000000	0.124402
809.999537	gene_J	109.000000	556.000000	0.113309
809.999537	gene_K	259.000000	574.000000	0.000000
809.999537	promoter_A	1.000000	0.000000	0.000000
809.999537	promoter_B1	0.000000	0.000000	0.000000
809.999537	promoter_D	0.000000	0.000000	0.000000
814.999141	__gene_A*_rbs	44.000000	0.000000	0.000000
814.999141	__gene_A_rbs	44.000000	0.000000	0.000000
814.999141	__gene_B_rbs	585.000000	0.000000	0.000000
814.999141	__gene_C_rbs	576.000000	0.000000	0.000000
814.999141	__gene_D_rbs	571.000000	0.000000	0.000000
814.999141	__gene_E_rbs	567.000000	0.000000	0.000000
814.999141	__gene_F_rbs	378.000000	0.000000	0.000000
814.999141	__gene_G_rbs	292.000000	0.000000	0.000000
814.999141	__gene_H_rbs	212.000000	0.000000	0.000000
814.999141	__gene_J_rbs	560.000000	0.000000	0.000000
814.999141	__gene_K_rbs	578.000000	0.000000	0.000000
814.999141	__ribosome	0.000000	0.000000	0.000000
814.999141	bound_ecolipol	1882.000000	0.000000	0.000000
814.999141	bound_ribosome	100.000000	0.000000	0.000000
814.999141	ecoli_genome	118.000000	0.000000	0.000000
814.999141	ecoli_transcript	61928.000000	0.000000	0.000000
814.999141	ecolipol	46.000000	0.000000	0.000000
814.999141	gene_A	41.000000	44.000000	0.000000
814.999141	gene_A*	23.000000	44.000000	0.000000
814.999141	gene_B	356.000000	585.000000	0.000000
814.999141	gene_C	259.000000	576.000000	0.000000
814.999141	gene_D	221.000000	571.000000	0.000000
814.999141	gene_E	181.000000	567.000000	0.000000
814.999141	gene_F	106.000000	378.000000	0.000000
814.999141	gene_G	34.000000	292.000000	0.037671
814.999141	gene_H	0.000000	212.000000	0.122642
814.999141	gene_J	109.000000	560.000000	0.112500
814.999141	gene_K	259.000000	578.000000	0.000000
814.999141	promoter_A	1.000000	0.000000	0.000000
814.999141	promoter_B1	0.000000	0.000000	0.000000
814.999141	promoter_D	0.000000	0.000000	0.000000
819.999077	__gene_A*_rbs	44.000000	0.000000	0.000000
819.999077	__gene_A_rbs	44.000000	0.000000	0.000000
819.999077	__gene_B_rbs	589.000000	0.000000	0.000000
819.999077	__gene_C_rbs	580.000000	0.000000	0.000000
819.999077	__gene_D_rbs	575.000000	0.000000	0.000000
819.999077	__gene_E_rbs	571.000000	0.000000	0.000000
819.999077	__gene_F_rbs	380.000000	0.000000	0.000000
819.999077	__gene_G_rbs	295.000000	0.000000	0.000000
819.999077	__gene_H_rbs	213.000000	0.000000	0.000000
819.999077	__gene_J_rbs	564.000000	0.000000	0.000000
819.999077	__gene_K_rbs	581.000000	0.000000	0.000000
819.999077	__ribosome	0.000000	0.000000	0.000000
819.999077	bound_ecolipol	1890.000000	0.000000	0.000000
819.999077	bound_ribosome	100.000000	0.000000	0.000000
819.999077	ecoli_genome	110.000000	0.000000	0.000000
819.999077	ecoli_transcript	62284.000000	0.000000	0.000000
819.999077	ecolipol	39.000000	0.000000	0.000000
819.999077	gene_A	41.000000	44.000000	0.000000
819.999077	gene_A*	23.000000	44.000000	0.000000
819.999077	gene_B	356.000000	589.000000	0.000000
819.999077	gene_C	259.000000	580.000000	0.000000
819.999077	gene_D	221.000000	575.000000	0.000000
819.999077	gene_E	181.000000	571.000000	0.000000
819.999077	gene_F	106.000000	380.000000	0.000000
819.999077	gene_G	34.000000	295.000000	0.037288
819.999077	gene_H	0.000000	213.000000	0.122066
819.999077	gene_J	109.000000	564.000000	0.111702
819.999077	gene_K	259.000000	581.000000	0.000000
819.999077	promoter_A	1.000000	0.000000	0.000000
819.999077	promoter_B1	0.000000	0.000000	0.000000
819.999077	promoter_D	0.000000	0.000000	0.000000
824.999025	__gene_A*_rbs	44.000000	0.000000	0.000000
824.999025	__gene_A_rbs	44.000000	0.000000	0.000000
824.999025	__gene_B_rbs	593.000000	0.000000	0.000000
824.999025	__gene_C_rbs	583.000000	0.000000	0.000000
824.999025	__gene_D_rbs	578.000000	0.000000	0.000000
824.999025	__gene_E_rbs	574.000000	0.000000	0.000000
824.999025	__gene_F_rbs	383.000000	0.000000	0.000000
824.999025	__gene_G_rbs	298.000000	0.000000	0.000000
824.999025	__gene_H_rbs	213.000000	0.000000	0.000000
824.999025	__gene_J_rbs	568.000000	0.000000	0.000000
824.999025	__gene_K_rbs	585.000000	0.000000	0.000000
824.999025	__ribosome	0.000000	0.000000	0.000000
824.999025	bound_ecolipol	1887.000000	0.000000	0.000000
824.999025	bound_ribosome	100.000000	0.000000	0.000000
824.999025	ecoli_genome	113.000000	0.000000	0.000000
824.999025	ecoli_transcript	62634.000000	0.000000	0.000000
824.999025	ecolipol	40.000000	0.000000	0.000000
824.999025	gene_A	41.000000	44.000000	0.000000
824.999025	gene_A*	23.000000	44.000000	0.000000
824.999025	gene_B	356.000000	593.000000	0.000000
824.999025	gene_C	259.000000	583.000000	0.000000
824.999025	gene_D	221.000000	578.000000	0.000000
824.999025	gene_E	181.000000	574.000000	0.000000
824.999025	gene_F	106.000000	383.000000	0.000000
824.999025	gene_G	34.000000	298.000000	0.036913
824.999025	gene_H	0.000000	213.000000	0.122066
824.999025	gene_J	109.000000	568.000000	0.110915
824.999025	gene_K	259.000000	585.000000	0.000000
824.999025	promoter_A	1.000000	0.000000	0.000000
824.999025	promoter_B1	0.000000	0.000000	0.000000
824.999025	promoter_D	0.000000	0.000000	0.000000
829.999033	__gene_A*_rbs	44.000000	0.000000	0.000000
829.999033	__gene_A_rbs	44.000000	0.000000	0.000000
829.999033	__gene_B_rbs	597.000000	0.000000	0.000000
829.999033	__gene_C_rbs	587.000000	0.000000	0.000000
829.999033	__gene_D_rbs	582.000000	0.000000	0.000000
829.999033	__gene_E_rbs	578.000000	0.000000	0.000000
829.999033	__gene_F_rbs	387.000000	0.000000	0.000000
829.999033	__gene_G_rbs	301.000000	0.000000	0.000000
829.999033	__gene_H_rbs	215.000000	0.000000	0.000000
829.999033	__gene_J_rbs	571.000000	0.000000	0.000000
829.999033	__gene_K_rbs	588.000000	0.000000	0.000000
829.999033	__ribosome	0.000000	0.000000	0.000000
829.999033	bound_ecolipol	1873.000000	0.000000	0.000000
829.999033	bound_ribosome	100.000000	0.000000	0.000000
829.999033	ecoli_genome	127.000000	0.000000	0.000000
829.999033	ecoli_transcript	63014.000000	0.000000	0.000000
829.999033	ecolipol	53.000000	0.000000	0.000000
829.999033	gene_A	41.000000	44.000000	0.000000
829.999033	gene_A*	23.000000	44.000000	0.000000
829.999033	gene_B	356.000000	597.000000	0.000000
829.999033	gene_C	259.000000	587.000000	0.000000
829.999033	gene_D	221.000000	582.000000	0.000000
829.999033	gene_E	181.000000	578.000000	0.000000
829.999033	gene_F	106.000000	387.000000	0.000000
829.999033	gene_G	34.000000	301.000000	0.036545
829.999033	gene_H	0.000000	215.000000	0.120930
829.999033	gene_J	109.000000	571.000000	0.110333
829.999033	gene_K	259.000000	588.000000	0.000000
829.999033	promoter_A	1.000000	0.000000	0.000000
829.999033	promoter_B1	0.000000	0.000000	0.000000
829.999033	promoter_D	0.000000	0.000000	0.000000
834.999276	__gene_A*_rbs	44.000000	0.000000	0.000000
834.999276	__gene_A_rbs	44.000000	0.000000	0.000000
834.999276	__gene_B_rbs	600.000000	0.000000	0.000000
834.999276	__gene_C_rbs	590.000000	0.000000	0.000000
834.999276	__gene_D_rbs	585.000000	0.000000	0.000000
834.999276	__gene_E_rbs	582.000000	0.000000	0.000000
834.999276	__gene_F_rbs	389.000000	0.000000	0.000000
834.999276	__gene_G_rbs	304.000000	0.000000	0.000000
834.999276	__gene_H_rbs	218.000000	0.000000	0.000000
834.999276	__gene_J_rbs	575.000000	0.000000	0.000000
834.999276	__gene_K_rbs	591.000000	0.000000	0.000000
834.999276	__ribosome	0.000000	0.000000	0.000000
834.999276	bound_ecolipol	1884.000000	0.000000	0.000000
834.999276	bound_ribosome	100.000000	0.000000	0.000000
834.999276	ecoli_genome	116.000000	0.000000	0.000000
834.999276	ecoli_transcript	63417.000000	0.000000	0.000000
834.999276	ecolipol	40.000000	0.000000	0.000000
834.999276	gene_A	41.000000	44.000000	0.000000
834.999276	gene_A*	23.000000	44.000000	0.000000
834.999276	gene_B	356.000000	600.000000	0.000000
834.999276	gene_C	259.000000	590.000000	0.000000
834.999276	gene_D	221.000000	585.000000	0.000000
834.999276	gene_E	181.000000	582.000000	0.000000
834.999276	gene_F	106.000000	389.000000	0.000000
834.999276	gene_G	34.000000	304.000000	0.036184
834.999276	gene_H	0.000000	218.000000	0.119266
834.999276	gene_J	109.000000	575.000000	0.109565
834.999276	gene_K	259.000000	591.000000	0.000000
834.999276	promoter_A	0.000000	0.000000	0.000000
834.999276	promoter_B1	0.000000	0.000000	0.000000
834.999276	promoter_D	0.000000	0.000000	0.000000
839.999571	__gene_A*_rbs	44.000000	0.000000	0.000000
839.999571	__gene_A_rbs	45.000000	0.000000	0.000000
839.999571	__gene_B_rbs	604.000000	0.000000	0.000000
839.999571	__gene_C_rbs	594.000000	0.000000	0.000000
839.999571	__gene_D_rbs	589.000000	0.000000	0.000000
839.999571	__gene_E_rbs	586.000000	0.000000	0.000000
839.999571	__gene_F_rbs	393.000000	0.000000	0.000000
839.999571	__gene_G_rbs	306.000000	0.000000	0.000000
839.999571	__gene_H_rbs	220.000000	0.000000	0.000000
839.999571	__gene_J_rbs	579.000000	0.000000	0.000000
839.999571	__gene_K_rbs	595.000000	0.000000	0.000000
839.999571	__ribosome	0.000000	0.000000	0.000000
839.999571	bound_ecolipol	1880.000000	0.000000	0.000000
839.999571	bound_ribosome	100.000000	0.000000	0.000000
839.999571	ecoli_genome	120.000000	0.000000	0.000000
839.999571	ecoli_transcript	63804.000000	0.000000	0.000000
839.999571	ecolipol	44.000000	0.000000	0.000000
839.999571	gene_A	41.000000	45.000000	0.000000
839.999571	gene_A*	23.000000	44.000000	0.000000
839.999571	gene_B	356.000000	604.000000	0.000000
839.999571	gene_C	259.000000	594.000000	0.000000
839.999571	gene_D	221.000000	589.000000	0.000000
839.999571	gene_E	181.000000	586.000000	0.000000
839.999571	gene_F	106.000000	393.000000	0.000000
839.999571	gene_G	34.000000	306.000000	0.035948
839.999571	gene_H	0.000000	220.000000	0.118182
839.999571	gene_J	109.000000	579.000000	0.108808
839.999571	gene_K	259.000000	595.000000	0.000000
839.999571	promoter_A	1.000000	0.000000	0.000000
839.999571	promoter_B1	0.000000	0.000000	0.000000
839.999571	promoter_D	0.000000	0.000000	0.000000
844.999012	__gene_A*_rbs	44.000000	0.000000	0.000000
844.999012	__gene_A_rbs	45.000000	0.000000	0.000000
844.999012	__gene_B_rbs	608.000000	0.000000	0.000000
844.999012	__gene_C_rbs	597.000000	0.000000	0.000000
844.999012	__gene_D_rbs	593.000000	0.000000	0.000000
844.999012	__gene_E_rbs	589.000000	0.000000	0.000000
844.999012	__gene_F_rbs	396.000000	0.000000	0.000000
844.999012	__gene_G_rbs	309.000000	0.000000	0.000000
844.999012	__gene_H_rbs	223.000000	0.000000	0.000000
844.999012	__gene_J_rbs	583.000000	0.000000	0.000000
844.999012	__gene_K_rbs	599.000000	0.000000	0.000000
844.999012	__ribosome	0.000000	0.000000	0.000000
844.999012	bound_ecolipol	1886.000000	0.000000	0.000000
844.999012	bound_ribosome	100.000000	0.000000	0.000000
844.999012	ecoli_genome	114.000000	0.000000	0.000000
844.999012	ecoli_transcript	64191.000000	0.000000	0.000000
844.999012	ecolipol	39.000000	0.000000	0.000000
844.999012	gene_A	41.000000	45.000000	0.000000
844.999012	gene_A*	23.000000	44.000000	0.000000
844.999012	gene_B	356.000000	608.000000	0.000000
844.999012	gene_C	259.000000	597.000000	0.000000
844.999012	gene_D	221.000000	593.000000	0.000000
844.999012	gene_E	181.000000	589.000000	0.000000
844.999012	gene_F	106.000000	396.000000	0.000000
844.999012	gene_G	34.000000	309.000000	0.035599
844.999012	gene_H	0.000000	223.000000	0.116592
844.999012	gene_J	109.000000	583.000000	0.108062
844.999012	gene_K	259.000000	599.000000	0.000000
844.999012	promoter_A	1.000000	0.000000	0.000000
844.999012	promoter_B1	0.000000	0.000000	0.000000
844.999012	promoter_D	0.000000	0.000000	0.000000
849.999076	__gene_A*_rbs	45.000000	0.000000	0.000000
849.999076	__gene_A_rbs	45.000000	0.000000	0.000000
849.999076	__gene_B_rbs	611.000000	0.000000	0.000000
849.999076	__gene_C_rbs	601.000000	0.000000	0.000000
849.999076	__gene_D_rbs	596.000000	0.000000	0.000000
849.999076	__gene_E_rbs	592.000000	0.000000	0.000000
849.999076	__gene_F_rbs	398.000000	0.000000	0.000000
849.999076	__gene_G_rbs	310.000000	0.000000	0.000000
849.999076	__gene_H_rbs	225.000000	0.000000	0.000000
849.999076	__gene_J_rbs	586.000000	0.000000	0.000000
849.999076	__gene_K_rbs	602.000000	0.000000	0.000000
849.999076	__ribosome	0.000000	0.000000	0.000000
849.999076	bound_ecolipol	1871.000000	0.000000	0.000000
849.999076	bound_ribosome	100.000000	0.000000	0.000000
849.999076	ecoli_genome	129.000000	0.000000	0.000000
849.999076	ecoli_transcript	64587.000000	0.000000	0.000000
849.999076	ecolipol	52.000000	0.000000	0.000000
849.999076	gene_A	41.000000	45.000000	0.000000
849.999076	gene_A*	23.000000	45.000000	0.000000
849.999076	gene_B	356.000000	611.000000	0.000000
849.999076	gene_C	259.000000	601.000000	0.000000
849.999076	gene_D	221.000000	596.000000	0.000000
849.999076	gene_E	181.000000	592.000000	0.000000
849.999076	gene_F	106.000000	398.000000	0.000000
849.999076	gene_G	34.000000	310.000000	0.035484
849.999076	gene_H	0.000000	225.000000	0.115556
849.999076	gene_J	109.000000	586.000000	0.107509
849.999076	gene_K	259.000000	602.000000	0.000000
849.999076	promoter_A	1.000000	0.000000	0.000000
849.999076	promoter_B1	0.000000	0.000000	0.000000
849.999076	promoter_D	0.000000	0.000000	0.000000
855.000177	__gene_A*_rbs	45.000000	0.000000	0.000000
855.000177	__gene_A_rbs	45.000000	0.000000	0.000000
855.000177	__gene_B_rbs	615.000000	0.000000	0.000000
855.000177	__gene_C_rbs	604.000000	0.000000	0.000000
855.000177	__gene_D_rbs	600.000000	0.000000	0.000000
855.000177	__gene_E_rbs	595.000000	0.000000	0.000000
855.000177	__gene_F_rbs	399.000000	0.000000	0.000000
855.000177	__gene_G_rbs	312.000000	0.000000	0.000000
855.000177	__gene_H_rbs	228.000000	0.000000	0.000000
855.000177	__gene_J_rbs	590.000000	0.000000	0.000000
855.000177	__gene_K_rbs	606.000000	0.000000	0.000000
855.000177	__ribosome	0.000000	0.000000	0.000000
855.000177	bound_ecolipol	1882.000000	0.000000	0.000000
855.000177	bound_ribosome	100.000000	0.000000	0.000000
855.000177	ecoli_genome	118.000000	0.000000	0.000000
855.000177	ecoli_transcript	64972.000000	0.000000	0.000000
855.000177	ecolipol	43.000000	0.000000	0.000000
855.000177	gene_A	41.000000	45.000000	0.000000
855.000177	gene_A*	23.000000	45.000000	0.000000
855.000177	gene_B	356.000000	615.000000	0.000000
855.000177	gene_C	259.000000	604.000000	0.000000
855.000177	gene_D	221.000000	600.000000	0.000000
855.000177	gene_E	181.000000	595.000000	0.000000
855.000177	gene_F	106.000000	399.000000	0.000000
855.000177	gene_G	34.000000	312.000000	0.035256
855.000177	gene_H	0.000000	228.000000	0.114035
855.000177	gene_J	109.000000	590.000000	0.106780
855.000177	gene_K	259.000000	606.000000	0.000000
855.000177	promoter_A	1.000000	0.000000	0.000000
855.000177	promoter_B1	0.000000	0.000000	0.000000
855.000177	promoter_D	0.000000	0.000000	0.000000
859.999062	__gene_A*_rbs	45.000000	0.000000	0.000000
859.999062	__gene_A_rbs	45.000000	0.000000	0.000000
859.999062	__gene_B_rbs	618.000000	0.000000	0.000000
859.999062	__gene_C_rbs	607.000000	0.000000	0.000000
859.999062	__gene_D_rbs	603.000000	0.000000	0.000000
859.999062	__gene_E_rbs	599.000000	0.000000	0.000000
859.999062	__gene_F_rbs	400.000000	0.000000	0.000000
859.999062	__gene_G_rbs	313.000000	0.000000	0.000000
859.999062	__gene_H_rbs	229.000000	0.000000	0.000000
859.999062	__gene_J_rbs	593.000000	0.000000	0.000000
859.999062	__gene_K_rbs	609.000000	0.000000	0.000000
859.999062	__ribosome	0.000000	0.000000	0.000000
859.999062	bound_ecolipol	1894.000000	0.000000	0.000000
859.999062	bound_ribosome	100.000000	0.000000	0.000000
859.999062	ecoli_genome	106.000000	0.000000	0.000000
859.999062	ecoli_transcript	65339.000000	0.000000	0.000000
859.999062	ecolipol	38.000000	0.000000	0.000000
859.999062	gene_A	41.000000	45.000000	0.000000
859.999062	gene_A*	23.000000	45.000000	0.000000
859.999062	gene_B	356.000000	618.000000	0.000000
859.999062	gene_C	259.000000	607.000000	0.000000
859.999062	gene_D	221.000000	603.000000	0.000000
859.999062	gene_E	181.000000	599.000000	0.000000
859.999062	gene_F	106.000000	400.000000	0.000000
859.999062	gene_G	34.000000	313.000000	0.035144
859.999062	gene_H	0.000000	229.000000	0.113537
859.999062	gene_J	109.000000	593.000000	0.106239
859.999062	gene_K	259.000000	609.000000	0.000000
859.999062	promoter_A	1.000000	0.000000	0.000000
859.999062	promoter_B1	0.000000	0.000000	0.000000
859.999062	promoter_D	0.000000	0.000000	0.000000
864.999403	__gene_A*_rbs	45.000000	0.000000	0.000000
864.999403	__gene_A_rbs	45.000000	0.000000	0.000000
864.999403	__gene_B_rbs	622.000000	0.000000	0.000000
864.999403	__gene_C_rbs	611.000000	0.000000	0.000000
864.999403	__gene_D_rbs	607.000000	0.000000	0.000000
864.999403	__gene_E_rbs	603.000000	0.000000	0.000000
864.999403	__gene_F_rbs	402.000000	0.000000	0.000000
864.999403	__gene_G_rbs	314.000000	0.000000	0.000000
864.999403	__gene_H_rbs	229.000000	0.000000	0.000000
864.999403	__gene_J_rbs	596.000000	0.000000	0.000000
864.999403	__gene_K_rbs	613.000000	0.000000	0.000000
864.999403	__ribosome	0.000000	0.000000	0.000000
864.999403	bound_ecolipol	1889.000000	0.000000	0.000000
864.999403	bound_ribosome	100.000000	0.000000	0.000000
864.999403	ecoli_genome	111.000000	0.000000	0.000000
864.999403	ecoli_transcript	65698.000000	0.000000	0.000000
864.999403	ecolipol	42.000000	0.000000	0.000000
864.999403	gene_A	41.000000	45.000000	0.000000
864.999403	gene_A*	23.000000	45.000000	0.000000
864.999403	gene_B	356.000000	622.000000	0.000000
864.999403	gene_C	259.000000	611.000000	0.000000
864.999403	gene_D	221.000000	607.000000	0.000000
864.999403	gene_E	181.000000	603.000000	0.000000
864.999403	gene_F	106.000000	402.000000	0.000000
864.999403	gene_G	34.000000	314.000000	0.035032
864.999403	gene_H	0.000000	229.000000	0.113537
864.999403	gene_J	109.000000	596.000000	0.105705
864.999403	gene_K	259.000000	613.000000	0.000000
864.999403	promoter_A	1.000000	0.000000	0.000000
864.999403	promoter_B1	0.000000	0.000000	0.000000
864.999403	promoter_D	0.000000	0.000000	0.000000
869.999081	__gene_A*_rbs	45.000000	0.000000	0.000000
869.999081	__gene_A_rbs	46.000000	0.000000	0.000000
869.999081	__gene_B_rbs	626.000000	0.000000	0.000000
869.999081	__gene_C_rbs	615.000000	0.000000	0.000000
869.999081	__gene_D_rbs	610.000000	0.000000	0.000000
869.999081	__gene_E_rbs	606.000000	0.000000	0.000000
869.999081	__gene_F_rbs	405.000000	0.000000	0.000000
869.999081	__gene_G_rbs	315.000000	0.000000	0.000000
869.999081	__gene_H_rbs	231.000000	0.000000	0.000000
869.999081	__gene_J_rbs	600.000000	0.000000	0.000000
869.999081	__gene_K_rbs	617.000000	0.000000	0.000000
869.999081	__ribosome	0.000000	0.000000	0.000000
869.999081	bound_ecolipol	1877.000000	0.000000	0.000000
869.999081	bound_ribosome	100.000000	0.000000	0.000000
869.999081	ecoli_genome	123.000000	0.000000	0.000000
869.999081	ecoli_transcript	66071.000000	0.000000	0.000000
869.999081	ecolipol	54.000000	0.000000	0.000000
869.999081	gene_A	41.000000	46.000000	0.000000
869.999081	gene_A*	23.000000	45.000000	0.000000
869.999081	gene_B	356.000000	626.000000	0.000000
869.999081	gene_C	259.000000	615.000000	0.000000
869.999081	gene_D	221.000000	610.000000	0.000000
869.999081	gene_E	181.000000	606.000000	0.000000
869.999081	gene_F	106.000000	405.000000	0.000000
869.999081	gene_G	34.000000	315.000000	0.034921
869.999081	gene_H	0.000000	231.000000	0.112554
869.999081	gene_J	109.000000	600.000000	0.105000
869.999081	gene_K	259.000000	617.000000	0.000000
869.999081	promoter_A	1.000000	0.000000	0.000000
869.999081	promoter_B1	0.000000	0.000000	0.000000
869.999081	promoter_D	0.000000	0.000000	0.000000
874.999394	__gene_A*_rbs	45.000000	0.000000	0.000000
874.999394	__gene_A_rbs	46.000000	0.000000	0.000000
874.999394	__gene_B_rbs	629.000000	0.000000	0.000000
874.999394	__gene_C_rbs	619.000000	0.000000	0.000000
874.999394	__gene_D_rbs	614.000000	0.000000	0.000000
874.999394	__gene_E_rbs	610.000000	0.000000	0.000000
874.999394	__gene_F_rbs	405.000000	0.000000	0.000000
874.999394	__gene_G_rbs	319.000000	0.000000	0.000000
874.999394	__gene_H_rbs	232.000000	0.000000	0.000000
874.999394	__gene_J_rbs	604.000000	0.000000	0.000000
874.999394	__gene_K_rbs	620.000000	0.000000	0.000000
874.999394	__ribosome	0.000000	0.000000	0.000000
874.999394	bound_ecolipol	1888.000000	0.000000	0.000000
874.999394	bound_ribosome	100.000000	0.000000	0.000000
874.999394	ecoli_genome	112.000000	0.000000	0.000000
874.999394	ecoli_transcript	66467.000000	0.000000	0.000000
874.999394	ecolipol	47.000000	0.000000	0.000000
874.999394	gene_A	41.000000	46.000000	0.000000
874.999394	gene_A*	23.000000	45.000000	0.000000
874.999394	gene_B	356.000000	629.000000	0.000000
874.999394	gene_C	259.000000	619.000000	0.000000
874.999394	gene_D	221.000000	614.000000	0.000000
874.999394	gene_E	181.000000	610.000000	0.000000
874.999394	gene_F	106.000000	405.000000	0.000000
874.999394	gene_G	34.000000	319.000000	0.034483
874.999394	gene_H	0.000000	232.000000	0.112069
874.999394	gene_J	109.000000	604.000000	0.104305
874.999394	gene_K	259.000000	620.000000	0.000000
874.999394	promoter_A	1.000000	0.000000	0.000000
874.999394	promoter_B1	0.000000	0.000000	0.000000
874.999394	promoter_D	0.000000	0.000000	0.000000
879.999169	__gene_A*_rbs	45.000000	0.000000	0.000000
879.999169	__gene_A_rbs	46.000000	0.000000	0.000000
879.999169	__gene_B_rbs	633.000000	0.000000	0.000000
879.999169	__gene_C_rbs	622.000000	0.000000	0.000000
879.999169	__gene_D_rbs	618.000000	0.000000	0.000000
879.999169	__gene_E_rbs	613.000000	0.000000	0.000000
879.999169	__gene_F_rbs	406.000000	0.000000	0.000000
879.999169	__gene_G_rbs	322.000000	0.000000	0.000000
879.999169	__gene_H_rbs	232.000000	0.000000	0.000000
879.999169	__gene_J_rbs	607.000000	0.000000	0.000000
879.999169	__gene_K_rbs	624.000000	0.000000	0.000000
879.999169	__ribosome	0.000000	0.000000	0.000000
879.999169	bound_ecolipol	1894.000000	0.000000	0.000000
879.999169	bound_ribosome	100.000000	0.000000	0.000000
879.999169	ecoli_genome	106.000000	0.000000	0.000000
879.999169	ecoli_transcript	66843.000000	0.000000	0.000000
879.999169	ecolipol	42.000000	0.000000	0.000000
879.999169	gene_A	41.000000	46.000000	0.000000
879.999169	gene_A*	23.000000	45.000000	0.000000
879.999169	gene_B	356.000000	633.000000	0.000000
879.999169	gene_C	259.000000	622.000000	0.000000
879.999169	gene_D	221.000000	618.000000	0.000000
879.999169	gene_E	181.000000	613.000000	0.000000
879.999169	gene_F	106.000000	406.000000	0.000000
879.999169	gene_G	34.000000	322.000000	0.034161
879.999169	gene_H	0.000000	232.000000	0.112069
879.999169	gene_J	109.000000	607.000000	0.103789
879.999169	gene_K	259.000000	624.000000	0.000000
879.999169	promoter_A	1.000000	0.000000	0.000000
879.999169	promoter_B1	0.000000	0.000000	0.000000
879.999169	promoter_D	0.000000	0.000000	0.000000
884.999011	__gene_A*_rbs	46.000000	0.000000	0.000000
884.999011	__gene_A_rbs	47.000000	0.000000	0.000000
884.999011	__gene_B_rbs	637.000000	0.000000	0.000000
884.999011	__gene_C_rbs	626.000000	0.000000	0.000000
884.999011	__gene_D_rbs	621.000000	0.000000	0.000000
884.999011	__gene_E_rbs	617.000000	0.000000	0.000000
884.999011	__gene_F_rbs	408.000000	0.000000	0.000000
884.999011	__gene_G_rbs	323.000000	0.000000	0.000000
884.999011	__gene_H_rbs	233.000000	0.000000	0.000000
884.999011	__gene_J_rbs	611.000000	0.000000	0.000000
884.999011	__gene_K_rbs	628.000000	0.000000	0.000000
884.999011	__ribosome	0.000000	0.000000	0.000000
884.999011	bound_ecolipol	1898.000000	0.000000	0.000000
884.999011	bound_ribosome	100.000000	0.000000	0.000000
884.999011	ecoli_genome	102.000000	0.000000	0.000000
884.999011	ecoli_transcript	67247.000000	0.000000	0.000000
884.999011	ecolipol	40.000000	0.000000	0.000000
884.999011	gene_A	41.000000	47.000000	0.000000
884.999011	gene_A*	23.000000	46.000000	0.000000
884.999011	gene_B	356.000000	637.000000	0.000000
884.999011	gene_C	259.000000	626.000000	0.000000
884.999011	gene_D	221.000000	621.000000	0.000000
884.999011	gene_E	181.000000	617.000000	0.000000
884.999011	gene_F	106.000000	408.000000	0.000000
884.999011	gene_G	34.000000	323.000000	0.034056
884.999011	gene_H	0.000000	233.000000	0.111588
884.999011	gene_J	109.000000	611.000000	0.103110
884.999011	gene_K	259.000000	628.000000	0.000000
884.999011	promoter_A	1.000000	0.000000	0.000000
884.999011	promoter_B1	0.000000	0.000000	0.000000
884.999011	promoter_D	0.000000	0.000000	0.000000
889.999238	__gene_A*_rbs	46.000000	0.000000	0.000000
889.999238	__gene_A_rbs	47.000000	0.000000	0.000000
889.999238	__gene_B_rbs	641.000000	0.000000	0.000000
889.999238	__gene_C_rbs	630.000000	0.000000	0.000000
889.999238	__gene_D_rbs	625.000000	0.000000	0.000000
889.999238	__gene_E_rbs	620.000000	0.000000	0.000000
889.999238	__gene_F_rbs	411.000000	0.000000	0.000000
889.999238	__gene_G_rbs	326.000000	0.000000	0.000000
889.999238	__gene_H_rbs	234.000000	0.000000	0.000000
889.999238	__gene_J_rbs	614.000000	0.000000	0.000000
889.999238	__gene_K_rbs	632.000000	0.000000	0.000000
889.999238	__ribosome	0.000000	0.000000	0.000000
889.999238	bound_ecolipol	1885.000000	0.000000	0.000000
889.999238	bound_ribosome	100.000000	0.000000	0.000000
889.999238	ecoli_genome	115.000000	0.000000	0.000000
889.999238	ecoli_transcript	67612.000000	0.000000	0.000000
889.999238	ecolipol	52.000000	0.000000	0.000000
889.999238	gene_A	41.000000	47.000000	0.000000
889.999238	gene_A*	23.000000	46.000000	0.000000
889.999238	gene_B	356.000000	641.000000	0.000000
889.999238	gene_C	259.000000	630.000000	0.000000
889.999238	gene_D	221.000000	625.000000	0.000000
889.999238	gene_E	181.000000	620.000000	0.000000
889.999238	gene_F	106.000000	411.000000	0.000000
889.999238	gene_G	34.000000	326.000000	0.033742
889.999238	gene_H	0.000000	234.000000	0.111111
889.999238	gene_J	109.000000	614.000000	0.102606
889.999238	gene_K	259.000000	632.000000	0.000000
889.999238	promoter_A	1.000000	0.000000	0.000000
889.999238	promoter_B1	0.000000	0.000000	0.000000
889.999238	promoter_D	0.000000	0.000000	0.000000
894.999089	__gene_A*_rbs	46.000000	0.000000	0.000000
894.999089	__gene_A_rbs	47.000000	0.000000	0.000000
894.999089	__gene_B_rbs	645.000000	0.000000	0.000000
894.999089	__gene_C_rbs	633.000000	0.000000	0.000000
894.999089	__gene_D_rbs	628.000000	0.000000	0.000000
894.999089	__gene_E_rbs	624.000000	0.000000	0.000000
894.999089	__gene_F_rbs	413.000000	0.000000	0.000000
894.999089	__gene_G_rbs	328.000000	0.000000	0.000000
894.999089	__gene_H_rbs	236.000000	0.000000	0.000000
894.999089	__gene_J_rbs	618.000000	0.000000	0.000000
894.999089	__gene_K_rbs	636.000000	0.000000	0.000000
894.999089	__ribosome	0.000000	0.000000	0.000000
894.999089	bound_ecolipol	1885.000000	0.000000	0.000000
894.999089	bound_ribosome	100.000000	0.000000	0.000000
894.999089	ecoli_genome	115.000000	0.000000	0.000000
894.999089	ecoli_transcript	68021.000000	0.000000	0.000000
894.999089	ecolipol	54.000000	0.000000	0.000000
894.999089	gene_A	41.000000	47.000000	0.000000
894.999089	gene_A*	23.000000	46.000000	0.000000
894.999089	gene_B	356.000000	645.000000	0.000000
894.999089	gene_C	259.000000	633.000000	0.000000
894.999089	gene_D	221.000000	628.000000	0.000000
894.999089	gene_E	181.000000	624.000000	0.000000
894.999089	gene_F	106.000000	413.000000	0.000000
894.999089	gene_G	34.000000	328.000000	0.033537
894.999089	gene_H	0.000000	236.000000	0.110169
894.999089	gene_J	109.000000	618.000000	0.101942
894.999089	gene_K	259.000000	636.000000	0.000000
894.999089	promoter_A	1.000000	0.000000	0.000000
894.999089	promoter_B1	0.000000	0.000000	0.000000
894.999089	promoter_D	0.000000	0.000000	0.000000
899.999054	__gene_A*_rbs	47.000000	0.000000	0.000000
899.999054	__gene_A_rbs	47.000000	0.000000	0.000000
899.999054	__gene_B_rbs	649.000000	0.000000	0.000000
899.999054	__gene_C_rbs	637.000000	0.000000	0.000000
899.999054	__gene_D_rbs	632.000000	0.000000	0.000000
899.999054	__gene_E_rbs	628.000000	0.000000	0.000000
899.999054	__gene_F_rbs	414.000000	0.000000	0.000000
899.999054	__gene_G_rbs	328.000000	0.000000	0.000000
899.999054	__gene_H_rbs	236.000000	0.000000	0.000000
899.999054	__gene_J_rbs	621.000000	0.000000	0.000000
899.999054	__gene_K_rbs	639.000000	0.000000	0.000000
899.999054	__ribosome	0.000000	0.000000	0.000000
899.999054	bound_ecolipol	1881.000000	0.000000	0.000000
899.999054	bound_ribosome	100.000000	0.000000	0.000000
899.999054	ecoli_genome	119.000000	0.000000	0.000000
899.999054	ecoli_transcript	68394.000000	0.000000	0.000000
899.999054	ecolipol	59.000000	0.000000	0.000000
899.999054	gene_A	41.000000	47.000000	0.000000
899.999054	gene_A*	23.000000	47.000000	0.000000
899.999054	gene_B	356.000000	649.000000	0.000000
899.999054	gene_C	259.000000	637.000000	0.000000
899.999054	gene_D	221.000000	632.000000	0.000000
899.999054	gene_E	181.000000	628.000000	0.000000
899.999054	gene_F	106.000000	414.000000	0.000000
899.999054	gene_G	34.000000	328.000000	0.033537
899.999054	gene_H	0.000000	236.000000	0.110169
899.999054	gene_J	109.000000	621.000000	0.101449
899.999054	gene_K	259.000000	639.000000	0.000000
899.999054	promoter_A	1.000000	0.000000	0.000000
899.999054	promoter_B1	0.000000	0.000000	0.000000
899.999054	promoter_D	0.000000	0.000000	0.000000
904.999021	__gene_A*_rbs	47.000000	0.000000	0.000000
904.999021	__gene_A_rbs	48.000000	0.000000	0.000000
904.999021	__gene_B_rbs	652.000000	0.000000	0.000000
904.999021	__gene_C_rbs	641.000000	0.000000	0.000000
904.999021	__gene_D_rbs	636.000000	0.000000	0.000000
904.999021	__gene_E_rbs	631.000000	0.000000	0.000000
904.999021	__gene_F_rbs	416.000000	0.000000	0.000000
904.999021	__gene_G_rbs	329.000000	0.000000	0.000000
904.999021	__gene_H_rbs	238.000000	0.000000	0.000000
904.999021	__gene_J_rbs	625.000000	0.000000	0.000000
904.999021	__gene_K_rbs	643.000000	0.000000	0.000000
904.999021	__ribosome	0.000000	0.000000	0.000000
904.999021	bound_ecolipol	1897.000000	0.000000	0.000000
904.999021	bound_ribosome	100.000000	0.000000	0.000000
904.999021	ecoli_genome	103.000000	0.000000	0.000000
904.999021	ecoli_transcript	68764.000000	0.000000	0.000000
904.999021	ecolipol	40.000000	0.000000	0.000000
904.999021	gene_A	41.000000	48.000000	0.000000
904.999021	gene_A*	23.000000	47.000000	0.000000
904.999021	gene_B	356.000000	652.000000	0.000000
904.999021	gene_C	259.000000	641.000000	0.000000
904.999021	gene_D	221.000000	636.000000	0.000000
904.999021	gene_E	181.000000	631.000000	0.000000
904.999021	gene_F	106.000000	416.000000	0.000000
904.999021	gene_G	34.000000	329.000000	0.033435
904.999021	gene_H	0.000000	238.000000	0.109244
904.999021	gene_J	109.000000	625.000000	0.100800
904.999021	gene_K	259.000000	643.000000	0.000000
904.999021	promoter_A	0.000000	0.000000	0.000000
904.999021	promoter_B1	0.000000	0.000000	0.000000
904.999021	promoter_D	0.000000	0.000000	0.000000
909.999087	__gene_A*_rbs	47.000000	0.000000	0.000000
909.999087	__gene_A_rbs	48.000000	0.000000	0.000000
909.999087	__gene_B_rbs	656.000000	0.000000	0.000000
909.999087	__gene_C_rbs	645.000000	0.000000	0.000000
909.999087	__gene_D_rbs	640.000000	0.000000	0.000000
909.999087	__gene_E_rbs	635.000000	0.000000	0.000000
909.999087	__gene_F_rbs	419.000000	0.000000	0.000000
909.999087	__gene_G_rbs	331.000000	0.000000	0.000000
909.999087	__gene_H_rbs	239.000000	0.000000	0.000000
909.999087	__gene_J_rbs	629.000000	0.000000	0.000000
909.999087	__gene_K_rbs	647.000000	0.000000	0.000000
909.999087	__ribosome	0.000000	0.000000	0.000000
909.999087	bound_ecolipol	1888.000000	0.000000	0.000000
909.999087	bound_ribosome	100.000000	0.000000	0.000000
909.999087	ecoli_genome	112.000000	0.000000	0.000000
909.999087	ecoli_transcript	69169.000000	0.000000	0.000000
909.999087	ecolipol	53.000000	0.000000	0.000000
909.999087	gene_A	41.000000	48.000000	0.000000
909.999087	gene_A*	23.000000	47.000000	0.000000
909.999087	gene_B	356.000000	656.000000	0.000000
909.999087	gene_C	259.000000	645.000000	0.000000
909.999087	gene_D	221.000000	640.000000	0.000000
909.999087	gene_E	181.000000	635.000000	0.000000
909.999087	gene_F	106.000000	419.000000	0.000000
909.999087	gene_G	34.000000	331.000000	0.033233
909.999087	gene_H	0.000000	239.000000	0.108787
909.999087	gene_J	109.000000	629.000000	0.100159
909.999087	gene_K	259.000000	647.000000	0.000000
909.999087	promoter_A	1.000000	0.000000	0.000000
909.999087	promoter_B1	0.000000	0.000000	0.000000
909.999087	promoter_D	0.000000	0.000000	0.000000
914.999649	__gene_A*_rbs	47.000000	0.000000	0.000000
914.999649	__gene_A_rbs	48.000000	0.000000	0.000000
914.999649	__gene_B_rbs	658.000000	0.000000	0.000000
914.999649	__gene_C_rbs	649.000000	0.000000	0.000000
914.999649	__gene_D_rbs	643.000000	0.000000	0.000000
914.999649	__gene_E_rbs	639.000000	0.000000	0.000000
914.999649	__gene_F_rbs	421.000000	0.000000	0.000000
914.999649	__gene_G_rbs	331.000000	0.000000	0.000000
914.999649	__gene_H_rbs	239.000000	0.000000	0.000000
914.999649	__gene_J_rbs	632.000000	0.000000	0.000000
914.999649	__gene_K_rbs	651.000000	0.000000	0.000000
914.999649	__ribosome	0.000000	0.000000	0.000000
914.999649	bound_ecolipol	1899.000000	0.000000	0.000000
914.999649	bound_ribosome	100.000000	0.000000	0.000000
914.999649	ecoli_genome	101.000000	0.000000	0.000000
914.999649	ecoli_transcript	69577.000000	0.000000	0.000000
914.999649	ecolipol	40.000000	0.000000	0.000000
914.999649	gene_A	41.000000	48.000000	0.000000
914.999649	gene_A*	23.000000	47.000000	0.000000
914.999649	gene_B	356.000000	658.000000	0.000000
914.999649	gene_C	259.000000	649.000000	0.000000
914.999649	gene_D	221.000000	643.000000	0.000000
914.999649	gene_E	181.000000	639.000000	0.000000
914.999649	gene_F	106.000000	421.000000	0.000000
914.999649	gene_G	34.000000	331.000000	0.033233
914.999649	gene_H	0.000000	239.000000	0.108787
914.999649	gene_J	109.000000	632.000000	0.099684
914.999649	gene_K	259.000000	651.000000	0.000000
914.999649	promoter_A	1.000000	0.000000	0.000000
914.999649	promoter_B1	0.000000	0.000000	0.000000
914.999649	promoter_D	0.000000	0.000000	0.000000
919.999006	__gene_A*_rbs	47.000000	0.000000	0.000000
919.999006	__gene_A_rbs	48.000000	0.000000	0.000000
919.999006	__gene_B_rbs	662.000000	0.000000	0.000000
919.999006	__gene_C_rbs	652.000000	0.000000	0.000000
919.999006	__gene_D_rbs	647.000000	0.000000	0.000000
919.999006	__gene_E_rbs	643.000000	0.000000	0.000000
919.999006	__gene_F_rbs	424.000000	0.000000	0.000000
919.999006	__gene_G_rbs	332.000000	0.000000	0.000000
919.999006	__gene_H_rbs	240.000000	0.000000	0.000000
919.999006	__gene_J_rbs	636.000000	0.000000	0.000000
919.999006	__gene_K_rbs	654.000000	0.000000	0.000000
919.999006	__ribosome	0.000000	0.000000	0.000000
919.999006	bound_ecolipol	1882.000000	0.000000	0.000000
919.999006	bound_ribosome	100.000000	0.000000	0.000000
919.999006	ecoli_genome	118.000000	0.000000	0.000000
919.999006	ecoli_transcript	69971.000000	0.000000	0.000000
919.999006	ecolipol	55.000000	0.000000	0.000000
919.999006	gene_A	41.000000	48.000000	0.000000
919.999006	gene_A*	23.000000	47.000000	0.000000
919.999006	gene_B	356.000000	662.000000	0.000000
919.999006	gene_C	259.000000	652.000000	0.000000
919.999006	gene_D	221.000000	647.000000	0.000000
919.999006	gene_E	181.000000	643.000000	0.000000
919.999006	gene_F	106.000000	424.000000	0.000000
919.999006	gene_G	34.000000	332.000000	0.033133
919.999006	gene_H	0.000000	240.000000	0.108333
919.999006	gene_J	109.000000	636.000000	0.099057
919.999006	gene_K	259.000000	654.000000	0.000000
919.999006	promoter_A	1.000000	0.000000	0.000000
919.999006	promoter_B1	0.000000	0.000000	0.000000
919.999006	promoter_D	0.000000	0.000000	0.000000
924.999099	__gene_A*_rbs	48.000000	0.000000	0.000000
924.999099	__gene_A_rbs	48.000000	0.000000	0.000000
924.999099	__gene_B_rbs	666.000000	0.000000	0.000000
924.999099	__gene_C_rbs	656.000000	0.000000	0.000000
924.999099	__gene_D_rbs	651.000000	0.000000	0.000000
924.999099	__gene_E_rbs	647.000000	0.000000	0.000000
924.999099	__gene_F_rbs	427.000000	0.000000	0.000000
924.999099	__gene_G_rbs	334.000000	0.000000	0.000000
924.999099	__gene_H_rbs	242.000000	0.000000	0.000000
924.999099	__gene_J_rbs	640.000000	0.000000	0.000000
924.999099	__gene_K_rbs	658.000000	0.000000	0.000000
924.999099	__ribosome	0.000000	0.000000	0.000000
924.999099	bound_ecolipol	1894.000000	0.000000	0.000000
924.999099	bound_ribosome	100.000000	0.000000	0.000000
924.999099	ecoli_genome	106.000000	0.000000	0.000000
924.999099	ecoli_transcript	70347.000000	0.000000	0.000000
924.999099	ecolipol	43.000000	0.000000	0.000000
924.999099	gene_A	41.000000	48.000000	0.000000
924.999099	gene_A*	23.000000	48.000000	0.000000
924.999099	gene_B	356.000000	666.000000	0.000000
924.999099	gene_C	259.000000	656.000000	0.000000
924.999099	gene_D	221.000000	651.000000	0.000000
924.999099	gene_E	181.000000	647.000000	0.000000
924.999099	gene_F	106.000000	427.000000	0.000000
924.999099	gene_G	34.000000	334.000000	0.032934
924.999099	gene_H	0.000000	242.000000	0.107438
924.999099	gene_J	109.000000	640.000000	0.098437
924.999099	gene_K	259.000000	658.000000	0.000000
924.999099	promoter_A	1.000000	0.000000	0.000000
924.999099	promoter_B1	0.000000	0.000000	0.000000
924.999099	promoter_D	0.000000	0.000000	0.000000
929.999009	__gene_A*_rbs	48.000000	0.000000	0.000000
929.999009	__gene_A_rbs	48.000000	0.000000	0.000000
929.999009	__gene_B_rbs	669.000000	0.000000	0.000000
929.999009	__gene_C_rbs	660.000000	0.000000	0.000000
929.999009	__gene_D_rbs	655.000000	0.000000	0.000000
929.999009	__gene_E_rbs	650.000000	0.000000	0.000000
929.999009	__gene_F_rbs	429.000000	0.000000	0.000000
929.999009	__gene_G_rbs	336.000000	0.000000	0.000000
929.999009	__gene_H_rbs	242.000000	0.000000	0.000000
929.999009	__gene_J_rbs	643.000000	0.000000	0.000000
929.999009	__gene_K_rbs	662.000000	0.000000	0.000000
929.999009	__ribosome	0.000000	0.000000	0.000000
929.999009	bound_ecolipol	1890.000000	0.000000	0.000000
929.999009	bound_ribosome	100.000000	0.000000	0.000000
929.999009	ecoli_genome	110.000000	0.000000	0.000000
929.999009	ecoli_transcript	70694.000000	0.000000	0.000000
929.999009	ecolipol	45.000000	0.000000	0.000000
929.999009	gene_A	41.000000	48.000000	0.000000
929.999009	gene_A*	23.000000	48.000000	0.000000
929.999009	gene_B	356.000000	669.000000	0.000000
929.999009	gene_C	259.000000	660.000000	0.000000
929.999009	gene_D	221.000000	655.000000	0.000000
929.999009	gene_E	181.000000	650.000000	0.000000
929.999009	gene_F	106.000000	429.000000	0.000000
929.999009	gene_G	34.000000	336.000000	0.032738
929.999009	gene_H	0.000000	242.000000	0.107438
929.999009	gene_J	109.000000	643.000000	0.097978
929.999009	gene_K	259.000000	662.000000	0.000000
929.999009	promoter_A	1.000000	0.000000	0.000000
929.999009	promoter_B1	0.000000	0.000000	0.000000
929.999009	promoter_D	0.000000	0.000000	0.000000
934.999291	__gene_A*_rbs	48.000000	0.000000	0.000000
934.999291	__gene_A_rbs	48.000000	0.000000	0.000000
934.999291	__gene_B_rbs	673.000000	0.000000	0.000000
934.999291	__gene_C_rbs	664.000000	0.000000	0.000000
934.999291	__gene_D_rbs	658.000000	0.000000	0.000000
934.999291	__gene_E_rbs	654.000000	0.000000	0.000000
934.999291	__gene_F_rbs	432.000000	0.000000	0.000000
934.999291	__gene_G_rbs	336.000000	0.000000	0.000000
934.999291	__gene_H_rbs	243.000000	0.000000	0.000000
934.999291	__gene_J_rbs	647.000000	0.000000	0.000000
934.999291	__gene_K_rbs	665.000000	0.000000	0.000000
934.999291	__ribosome	0.000000	0.000000	0.000000
934.999291	bound_ecolipol	1893.000000	0.000000	0.000000
934.999291	bound_ribosome	100.000000	0.000000	0.000000
934.999291	ecoli_genome	107.000000	0.000000	0.000000
934.999291	ecoli_transcript	71113.000000	0.000000	0.000000
934.999291	ecolipol	43.000000	0.000000	0.000000
934.999291	gene_A	41.000000	48.000000	0.000000
934.999291	gene_A*	23.000000	48.000000	0.000000
934.999291	gene_B	356.000000	673.000000	0.000000
934.999291	gene_C	259.000000	664.000000	0.000000
934.999291	gene_D	221.000000	658.000000	0.000000
934.999291	gene_E	181.000000	654.000000	0.000000
934.999291	gene_F	106.000000	432.000000	0.000000
934.999291	gene_G	34.000000	336.000000	0.032738
934.999291	gene_H	0.000000	243.000000	0.106996
934.999291	gene_J	109.000000	647.000000	0.097372
934.999291	gene_K	259.000000	665.000000	0.000000
934.999291	promoter_A	1.000000	0.000000	0.000000
934.999291	promoter_B1	0.000000	0.000000	0.000000
934.999291	promoter_D	0.000000	0.000000	0.000000
939.999016	__gene_A*_rbs	48.000000	0.000000	0.000000
939.999016	__gene_A_rbs	48.000000	0.000000	0.000000
939.999016	__gene_B_rbs	677.000000	0.000000	0.000000
939.999016	__gene_C_rbs	667.000000	0.000000	0.000000
939.999016	__gene_D_rbs	662.000000	0.000000	0.000000
939.999016	__gene_E_rbs	658.000000	0.000000	0.000000
939.999016	__gene_F_rbs	435.000000	0.000000	0.000000
939.999016	__gene_G_rbs	337.000000	0.000000	0.000000
939.999016	__gene_H_rbs	243.000000	0.000000	0.000000
939.999016	__gene_J_rbs	651.000000	0.000000	0.000000
939.999016	__gene_K_rbs	669.000000	0.000000	0.000000
939.999016	__ribosome	0.000000	0.000000	0.000000
939.999016	bound_ecolipol	1896.000000	0.000000	0.000000
939.999016	bound_ribosome	100.000000	0.000000	0.000000
939.999016	ecoli_genome	104.000000	0.000000	0.000000
939.999016	ecoli_transcript	71527.000000	0.000000	0.000000
939.999016	ecolipol	41.000000	0.000000	0.000000
939.999016	gene_A	41.000000	48.000000	0.000000
939.999016	gene_A*	23.000000	48.000000	0.000000
939.999016	gene_B	356.000000	677.000000	0.000000
939.999016	gene_C	259.000000	667.000000	0.000000
939.999016	gene_D	221.000000	662.000000	0.000000
939.999016	gene_E	181.000000	658.000000	0.000000
939.999016	gene_F	106.000000	435.000000	0.000000
939.999016	gene_G	34.000000	337.000000	0.032641
939.999016	gene_H	0.000000	243.000000	0.106996
939.999016	gene_J	109.000000	651.000000	0.096774
939.999016	gene_K	259.000000	669.000000	0.000000
939.999016	promoter_A	1.000000	0.000000	0.000000
939.999016	promoter_B1	0.000000	0.000000	0.000000
939.999016	promoter_D	0.000000	0.000000	0.000000
944.999323	__gene_A*_rbs	48.000000	0.000000	0.000000
944.999323	__gene_A_rbs	48.000000	0.000000	0.000000
944.999323	__gene_B_rbs	681.000000	0.000000	0.000000
944.999323	__gene_C_rbs	670.000000	0.000000	0.000000
944.999323	__gene_D_rbs	666.000000	0.000000	0.000000
944.999323	__gene_E_rbs	661.000000	0.000000	0.000000
944.999323	__gene_F_rbs	438.000000	0.000000	0.000000
944.999323	__gene_G_rbs	339.000000	0.000000	0.000000
944.999323	__gene_H_rbs	244.000000	0.000000	0.000000
944.999323	__gene_J_rbs	655.000000	0.000000	0.000000
944.999323	__gene_K_rbs	672.000000	0.000000	0.000000
944.999323	__ribosome	0.000000	0.000000	0.000000
944.999323	bound_ecolipol	1887.000000	0.000000	0.000000
944.999323	bound_ribosome	100.000000	0.000000	0.000000
944.999323	ecoli_genome	113.000000	0.000000	0.000000
944.999323	ecoli_transcript	71870.000000	0.000000	0.000000
944.999323	ecolipol	47.000000	0.000000	0.000000
944.999323	gene_A	41.000000	48.000000	0.000000
944.999323	gene_A*	23.000000	48.000000	0.000000
944.999323	gene_B	356.000000	681.000000	0.000000
944.999323	gene_C	259.000000	670.000000	0.000000
944.999323	gene_D	221.000000	666.000000	0.000000
944.999323	gene_E	181.000000	661.000000	0.000000
944.999323	gene_F	106.000000	438.000000	0.000000
944.999323	gene_G	34.000000	339.000000	0.032448
944.999323	gene_H	0.000000	244.000000	0.106557
944.999323	gene_J	109.000000	655.000000	0.096183
944.999323	gene_K	259.000000	672.000000	0.000000
944.999323	promoter_A	1.000000	0.000000	0.000000
944.999323	promoter_B1	0.000000	0.000000	0.000000
944.999323	promoter_D	0.000000	0.000000	0.000000
949.999653	__gene_A*_rbs	48.000000	0.000000	0.000000
949.999653	__gene_A_rbs	49.000000	0.000000	0.000000
949.999653	__gene_B_rbs	684.000000	0.000000	0.000000
949.999653	__gene_C_rbs	674.000000	0.000000	0.000000
949.999653	__gene_D_rbs	669.000000	0.000000	0.000000
949.999653	__gene_E_rbs	665.000000	0.000000	0.000000
949.999653	__gene_F_rbs	441.000000	0.000000	0.000000
949.999653	__gene_G_rbs	341.000000	0.000000	0.000000
949.999653	__gene_H_rbs	245.000000	0.000000	0.000000
949.999653	__gene_J_rbs	658.000000	0.000000	0.000000
949.999653	__gene_K_rbs	675.000000	0.000000	0.000000
949.999653	__ribosome	0.000000	0.000000	0.000000
949.999653	bound_ecolipol	1887.000000	0.000000	0.000000
949.999653	bound_ribosome	100.000000	0.000000	0.000000
949.999653	ecoli_genome	113.000000	0.000000	0.000000
949.999653	ecoli_transcript	72255.000000	0.000000	0.000000
949.999653	ecolipol	45.000000	0.000000	0.000000
949.999653	gene_A	41.000000	49.000000	0.000000
949.999653	gene_A*	23.000000	48.000000	0.000000
949.999653	gene_B	356.000000	684.000000	0.000000
949.999653	gene_C	259.000000	674.000000	0.000000
949.999653	gene_D	221.000000	669.000000	0.000000
949.999653	gene_E	181.000000	665.000000	0.000000
949.999653	gene_F	106.000000	441.000000	0.000000
949.999653	gene_G	34.000000	341.000000	0.032258
949.999653	gene_H	0.000000	245.000000	0.106122
949.999653	gene_J	109.000000	658.000000	0.095745
949.999653	gene_K	259.000000	675.000000	0.000000
949.999653	promoter_A	1.000000	0.000000	0.000000
949.999653	promoter_B1	0.000000	0.000000	0.000000
949.999653	promoter_D	0.000000	0.000000	0.000000
954.999064	__gene_A*_rbs	48.000000	0.000000	0.000000
954.999064	__gene_A_rbs	49.000000	0.000000	0.000000
954.999064	__gene_B_rbs	688.000000	0.000000	0.000000
954.999064	__gene_C_rbs	678.000000	0.000000	0.000000
954.999064	__gene_D_rbs	673.000000	0.000000	0.000000
954.999064	__gene_E_rbs	669.000000	0.000000	0.000000
954.999064	__gene_F_rbs	443.000000	0.000000	0.000000
954.999064	__gene_G_rbs	345.000000	0.000000	0.000000
954.999064	__gene_H_rbs	245.000000	0.000000	0.000000
954.999064	__gene_J_rbs	662.000000	0.000000	0.000000
954.999064	__gene_K_rbs	679.000000	0.000000	0.000000
954.999064	__ribosome	0.000000	0.000000	0.000000
954.999064	bound_ecolipol	1888.000000	0.000000	0.000000
954.999064	bound_ribosome	100.000000	0.000000	0.000000
954.999064	ecoli_genome	112.000000	0.000000	0.000000
954.999064	ecoli_transcript	72614.000000	0.000000	0.000000
954.999064	ecolipol	42.000000	0.000000	0.000000
954.999064	gene_A	41.000000	49.000000	0.000000
954.999064	gene_A*	23.000000	48.000000	0.000000
954.999064	gene_B	356.000000	688.000000	0.000000
954.999064	gene_C	259.000000	678.000000	0.000000
954.999064	gene_D	221.000000	673.000000	0.000000
954.999064	gene_E	181.000000	669.000000	0.000000
954.999064	gene_F	106.000000	443.000000	0.000000
954.999064	gene_G	34.000000	345.000000	0.031884
954.999064	gene_H	0.000000	245.000000	0.106122
954.999064	gene_J	109.000000	662.000000	0.095166
954.999064	gene_K	259.000000	679.000000	0.000000
954.999064	promoter_A	1.000000	0.000000	0.000000
954.999064	promoter_B1	0.000000	0.000000	0.000000
954.999064	promoter_D	0.000000	0.000000	0.000000
959.999008	__gene_A*_rbs	48.000000	0.000000	0.000000
959.999008	__gene_A_rbs	49.000000	0.000000	0.000000
959.999008	__gene_B_rbs	692.000000	0.000000	0.000000
959.999008	__gene_C_rbs	681.000000	0.000000	0.000000
959.999008	__gene_D_rbs	676.000000	0.000000	0.000000
959.999008	__gene_E_rbs	673.000000	0.000000	0.000000
959.999008	__gene_F_rbs	446.000000	0.000000	0.000000
959.999008	__gene_G_rbs	346.000000	0.000000	0.000000
959.999008	__gene_H_rbs	248.000000	0.000000	0.000000
959.999008	__gene_J_rbs	665.000000	0.000000	0.000000
959.999008	__gene_K_rbs	683.000000	0.000000	0.000000
959.999008	__ribosome	0.000000	0.000000	0.000000
959.999008	bound_ecolipol	1887.000000	0.000000	0.000000
959.999008	bound_ribosome	100.000000	0.000000	0.000000
959.999008	ecoli_genome	113.000000	0.000000	0.000000
959.999008	ecoli_transcript	72989.000000	0.000000	0.000000
959.999008	ecolipol	41.000000	0.000000	0.000000
959.999008	gene_A	41.000000	49.000000	0.000000
959.999008	gene_A*	23.000000	48.000000	0.000000
959.999008	gene_B	356.000000	692.000000	0.000000
959.999008	gene_C	259.000000	681.000000	0.000000
959.999008	gene_D	221.000000	676.000000	0.000000
959.999008	gene_E	181.000000	673.000000	0.000000
959.999008	gene_F	106.000000	446.000000	0.000000
959.999008	gene_G	34.000000	346.000000	0.031792
959.999008	gene_H	0.000000	248.000000	0.104839
959.999008	gene_J	109.000000	665.000000	0.094737
959.999008	gene_K	259.000000	683.000000	0.000000
959.999008	promoter_A	1.000000	0.000000	0.000000
959.999008	promoter_B1	0.000000	0.000000	0.000000
959.999008	promoter_D	0.000000	0.000000	0.000000
964.999011	__gene_A*_rbs	49.000000	0.000000	0.000000
964.999011	__gene_A_rbs	49.000000	0.000000	0.000000
964.999011	__gene_B_rbs	695.000000	0.000000	0.000000
964.999011	__gene_C_rbs	685.000000	0.000000	0.000000
964.999011	__gene_D_rbs	680.000000	0.000000	0.000000
964.999011	__gene_E_rbs	676.000000	0.000000	0.000000
964.999011	__gene_F_rbs	450.000000	0.000000	0.000000
964.999011	__gene_G_rbs	348.000000	0.000000	0.000000
964.999011	__gene_H_rbs	250.000000	0.000000	0.000000
964.999011	__gene_J_rbs	669.000000	0.000000	0.000000
964.999011	__gene_K_rbs	687.000000	0.000000	0.000000
964.999011	__ribosome	0.000000	0.000000	0.000000
964.999011	bound_ecolipol	1884.000000	0.000000	0.000000
964.999011	bound_ribosome	100.000000	0.000000	0.000000
964.999011	ecoli_genome	116.000000	0.000000	0.000000
964.999011	ecoli_transcript	73355.000000	0.000000	0.000000
964.999011	ecolipol	42.000000	0.000000	0.000000
964.999011	gene_A	41.000000	49.000000	0.000000
964.999011	gene_A*	23.000000	49.000000	0.000000
964.999011	gene_B	356.000000	695.000000	0.000000
964.999011	gene_C	259.000000	685.000000	0.000000
964.999011	gene_D	221.000000	680.000000	0.000000
964.999011	gene_E	181.000000	676.000000	0.000000
964.999011	gene_F	106.000000	450.000000	0.000000
964.999011	gene_G	34.000000	348.000000	0.031609
964.999011	gene_H	0.000000	250.000000	0.104000
964.999011	gene_J	109.000000	669.000000	0.094170
964.999011	gene_K	259.000000	687.000000	0.000000
964.999011	promoter_A	1.000000	0.000000	0.000000
964.999011	promoter_B1	0.000000	0.000000	0.000000
964.999011	promoter_D	0.000000	0.000000	0.000000
969.999204	__gene_A*_rbs	49.000000	0.000000	0.000000
969.999204	__gene_A_rbs	49.000000	0.000000	0.000000
969.999204	__gene_B_rbs	699.000000	0.000000	0.000000
969.999204	__gene_C_rbs	689.000000	0.000000	0.000000
969.999204	__gene_D_rbs	683.000000	0.000000	0.000000
969.999204	__gene_E_rbs	680.000000	0.000000	0.000000
969.999204	__gene_F_rbs	452.000000	0.000000	0.000000
969.999204	__gene_G_rbs	350.000000	0.000000	0.000000
969.999204	__gene_H_rbs	251.000000	0.000000	0.000000
969.999204	__gene_J_rbs	673.000000	0.000000	0.000000
969.999204	__gene_K_rbs	691.000000	0.000000	0.000000
969.999204	__ribosome	0.000000	0.000000	0.000000
969.999204	bound_ecolipol	1885.000000	0.000000	0.000000
969.999204	bound_ribosome	100.000000	0.000000	0.000000
969.999204	ecoli_genome	115.000000	0.000000	0.000000
969.999204	ecoli_transcript	73726.000000	0.000000	0.000000
969.999204	ecolipol	44.000000	0.000000	0.000000
969.999204	gene_A	41.000000	49.000000	0.000000
969.999204	gene_A*	23.000000	49.000000	0.000000
969.999204	gene_B	356.000000	699.000000	0.000000
969.999204	gene_C	259.000000	689.000000	0.000000
969.999204	gene_D	221.000000	683.000000	0.000000
969.999204	gene_E	181.000000	680.000000	0.000000
969.999204	gene_F	106.000000	452.000000	0.000000
969.999204	gene_G	34.000000	350.000000	0.031429
969.999204	gene_H	0.000000	251.000000	0.103586
969.999204	gene_J	109.000000	673.000000	0.093611
969.999204	gene_K	259.000000	691.000000	0.000000
969.999204	promoter_A	1.000000	0.000000	0.000000
969.999204	promoter_B1	0.000000	0.000000	0.000000
969.999204	promoter_D	0.000000	0.000000	0.000000
974.999727	__gene_A*_rbs	49.000000	0.000000	0.000000
974.999727	__gene_A_rbs	49.000000	0.000000	0.000000
974.999727	__gene_B_rbs	703.000000	0.000000	0.000000
974.999727	__gene_C_rbs	693.000000	0.000000	0.000000
974.999727	__gene_D_rbs	687.000000	0.000000	0.000000
974.999727	__gene_E_rbs	683.000000	0.000000	0.000000
974.999727	__gene_F_rbs	455.000000	0.000000	0.000000
974.999727	__gene_G_rbs	351.000000	0.000000	0.000000
974.999727	__gene_H_rbs	252.000000	0.000000	0.000000
974.999727	__gene_J_rbs	677.000000	0.000000	0.000000
974.999727	__gene_K_rbs	694.000000	0.000000	0.000000
974.999727	__ribosome	0.000000	0.000000	0.000000
974.999727	bound_ecolipol	1889.000000	0.000000	0.000000
974.999727	bound_ribosome	100.000000	0.000000	0.000000
974.999727	ecoli_genome	111.000000	0.000000	0.000000
974.999727	ecoli_transcript	74067.000000	0.000000	0.000000
974.999727	ecolipol	43.000000	0.000000	0.000000
974.999727	gene_A	41.000000	49.000000	0.000000
974.999727	gene_A*	23.000000	49.000000	0.000000
974.999727	gene_B	356.000000	703.000000	0.000000
974.999727	gene_C	259.000000	693.000000	0.000000
974.999727	gene_D	221.000000	687.000000	0.000000
974.999727	gene_E	181.000000	683.000000	0.000000
974.999727	gene_F	106.000000	455.000000	0.000000
974.999727	gene_G	34.000000	351.000000	0.031339
974.999727	gene_H	0.000000	252.000000	0.103175
974.999727	gene_J	109.000000	677.000000	0.093058
974.999727	gene_K	259.000000	694.000000	0.000000
974.999727	promoter_A	1.000000	0.000000	0.000000
974.999727	promoter_B1	0.000000	0.000000	0.000000
974.999727	promoter_D	0.000000	0.000000	0.000000
979.999017	__gene_A*_rbs	49.000000	0.000000	0.000000
979.999017	__gene_A_rbs	49.000000	0.000000	0.000000
979.999017	__gene_B_rbs	707.000000	0.000000	0.000000
979.999017	__gene_C_rbs	696.000000	0.000000	0.000000
979.999017	__gene_D_rbs	691.000000	0.000000	0.000000
979.999017	__gene_E_rbs	687.000000	0.000000	0.000000
979.999017	__gene_F_rbs	457.000000	0.000000	0.000000
979.999017	__gene_G_rbs	353.000000	0.000000	0.000000
979.999017	__gene_H_rbs	252.000000	0.000000	0.000000
979.999017	__gene_J_rbs	681.000000	0.000000	0.000000
979.999017	__gene_K_rbs	698.000000	0.000000	0.000000
979.999017	__ribosome	0.000000	0.000000	0.000000
979.999017	bound_ecolipol	1884.000000	0.000000	0.000000
979.999017	bound_ribosome	100.000000	0.000000	0.000000
979.999017	ecoli_genome	116.000000	0.000000	0.000000
979.999017	ecoli_transcript	74445.000000	0.000000	0.000000
979.999017	ecolipol	45.000000	0.000000	0.000000
979.999017	gene_A	41.000000	49.000000	0.000000
979.999017	gene_A*	23.000000	49.000000	0.000000
979.999017	gene_B	356.000000	707.000000	0.000000
979.999017	gene_C	259.000000	696.000000	0.000000
979.999017	gene_D	221.000000	691.000000	0.000000
979.999017	gene_E	181.000000	687.000000	0.000000
979.999017	gene_F	106.000000	457.000000	0.000000
979.999017	gene_G	34.000000	353.000000	0.031161
979.999017	gene_H	0.000000	252.000000	0.103175
979.999017	gene_J	109.000000	681.000000	0.092511
979.999017	gene_K	259.000000	698.000000	0.000000
979.999017	promoter_A	1.000000	0.000000	0.000000
979.999017	promoter_B1	0.000000	0.000000	0.000000
979.999017	promoter_D	0.000000	0.000000	0.000000
984.999062	__gene_A*_rbs	49.000000	0.000000	0.000000
984.999062	__gene_A_rbs	50.000000	0.000000	0.000000
984.999062	__gene_B_rbs	710.000000	0.000000	0.000000
984.999062	__gene_C_rbs	700.000000	0.000000	0.000000
984.999062	__gene_D_rbs	695.000000	0.000000	0.000000
984.999062	__gene_E_rbs	690.000000	0.000000	0.000000
984.999062	__gene_F_rbs	460.000000	0.000000	0.000000
984.999062	__gene_G_rbs	356.000000	0.000000	0.000000
984.999062	__gene_H_rbs	253.000000	0.000000	0.000000
984.999062	__gene_J_rbs	684.000000	0.000000	0.000000
984.999062	__gene_K_rbs	702.000000	0.000000	0.000000
984.999062	__ribosome	0.000000	0.000000	0.000000
984.999062	bound_ecolipol	1879.000000	0.000000	0.000000
984.999062	bound_ribosome	100.000000	0.000000	0.000000
984.999062	ecoli_genome	121.000000	0.000000	0.000000
984.999062	ecoli_transcript	74806.000000	0.000000	0.000000
984.999062	ecolipol	48.000000	0.000000	0.000000
984.999062	gene_A	41.000000	50.000000	0.000000
984.999062	gene_A*	23.000000	49.000000	0.000000
984.999062	gene_B	356.000000	710.000000	0.000000
984.999062	gene_C	259.000000	700.000000	0.000000
984.999062	gene_D	221.000000	695.000000	0.000000
984.999062	gene_E	181.000000	690.000000	0.000000
984.999062	gene_F	106.000000	460.000000	0.000000
984.999062	gene_G	34.000000	356.000000	0.030899
984.999062	gene_H	0.000000	253.000000	0.102767
984.999062	gene_J	109.000000	684.000000	0.092105
984.999062	gene_K	259.000000	702.000000	0.000000
984.999062	promoter_A	1.000000	0.000000	0.000000
984.999062	promoter_B1	0.000000	0.000000	0.000000
984.999062	promoter_D	0.000000	0.000000	0.000000
989.999032	__gene_A*_rbs	49.000000	0.000000	0.000000
989.999032	__gene_A_rbs	50.000000	0.000000	0.000000
989.999032	__gene_B_rbs	714.000000	0.000000	0.000000
989.999032	__gene_C_rbs	704.000000	0.000000	0.000000
989.999032	__gene_D_rbs	699.000000	0.000000	0.000000
989.999032	__gene_E_rbs	694.000000	0.000000	0.000000
989.999032	__gene_F_rbs	462.000000	0.000000	0.000000
989.999032	__gene_G_rbs	359.000000	0.000000	0.000000
989.999032	__gene_H_rbs	254.000000	0.000000	0.000000
989.999032	__gene_J_rbs	688.000000	0.000000	0.000000
989.999032	__gene_K_rbs	705.000000	0.000000	0.000000
989.999032	__ribosome	0.000000	0.000000	0.000000
989.999032	bound_ecolipol	1890.000000	0.000000	0.000000
989.999032	bound_ribosome	100.000000	0.000000	0.000000
989.999032	ecoli_genome	110.000000	0.000000	0.000000
989.999032	ecoli_transcript	75181.000000	0.000000	0.000000
989.999032	ecolipol	39.000000	0.000000	0.000000
989.999032	gene_A	41.000000	50.000000	0.000000
989.999032	gene_A*	23.000000	49.000000	0.000000
989.999032	gene_B	356.000000	714.000000	0.000000
989.999032	gene_C	259.000000	704.000000	0.000000
989.999032	gene_D	221.000000	699.000000	0.000000
989.999032	gene_E	181.000000	694.000000	0.000000
989.999032	gene_F	106.000000	462.000000	0.000000
989.999032	gene_G	34.000000	359.000000	0.030641
989.999032	gene_H	0.000000	254.000000	0.102362
989.999032	gene_J	109.000000	688.000000	0.091570
989.999032	gene_K	259.000000	705.000000	0.000000
989.999032	promoter_A	1.000000	0.000000	0.000000
989.999032	promoter_B1	0.000000	0.000000	0.000000
989.999032	promoter_D	0.000000	0.000000	0.000000
994.999031	__gene_A*_rbs	49.000000	0.000000	0.000000
994.999031	__gene_A_rbs	50.000000	0.000000	0.000000
994.999031	__gene_B_rbs	717.000000	0.000000	0.000000
994.999031	__gene_C_rbs	707.000000	0.000000	0.000000
994.999031	__gene_D_rbs	703.000000	0.000000	0.000000
994.999031	__gene_E_rbs	698.000000	0.000000	0.000000
994.999031	__gene_F_rbs	464.000000	0.000000	0.000000
994.999031	__gene_G_rbs	361.000000	0.000000	0.000000
994.999031	__gene_H_rbs	256.000000	0.000000	0.000000
994.999031	__gene_J_rbs	691.000000	0.000000	0.000000
994.999031	__gene_K_rbs	709.000000	0.000000	0.000000
994.999031	__ribosome	0.000000	0.000000	0.000000
994.999031	bound_ecolipol	1887.000000	0.000000	0.000000
994.999031	bound_ribosome	100.000000	0.000000	0.000000
994.999031	ecoli_genome	113.000000	0.000000	0.000000
994.999031	ecoli_transcript	75563.000000	0.000000	0.000000
994.999031	ecolipol	43.000000	0.000000	0.000000
994.999031	gene_A	41.000000	50.000000	0.000000
994.999031	gene_A*	23.000000	49.000000	0.000000
994.999031	gene_B	356.000000	717.000000	0.000000
994.999031	gene_C	259.000000	707.000000	0.000000
994.999031	gene_D	221.000000	703.000000	0.000000
994.999031	gene_E	181.000000	698.000000	0.000000
994.999031	gene_F	106.000000	464.000000	0.000000
994.999031	gene_G	34.000000	361.000000	0.030471
994.999031	gene_H	0.000000	256.000000	0.101562
994.999031	gene_J	109.000000	691.000000	0.091172
994.999031	gene_K	259.000000	709.000000	0.000000
994.999031	promoter_A	1.000000	0.000000	0.000000
994.999031	promoter_B1	0.000000	0.000000	0.000000
994.999031	promoter_D	0.000000	0.000000	0.000000
999.999127	__gene_A*_rbs	50.000000	0.000000	0.000000
999.999127	__gene_A_rbs	50.000000	0.000000	0.000000
999.999127	__gene_B_rbs	721.000000	0.000000	0.000000
999.999127	__gene_C_rbs	711.000000	0.000000	0.000000
999.999127	__gene_D_rbs	706.000000	0.000000	0.000000
999.999127	__gene_E_rbs	702.000000	0.000000	0.000000
999.999127	__gene_F_rbs	466.000000	0.000000	0.000000
999.999127	__gene_G_rbs	363.000000	0.000000	0.000000
999.999127	__gene_H_rbs	257.000000	0.000000	0.000000
999.999127	__gene_J_rbs	695.000000	0.000000	0.000000
999.999127	__gene_K_rbs	712.000000	0.000000	0.000000
999.999127	__ribosome	0.000000	0.000000	0.000000
999.999127	bound_ecolipol	1878.000000	0.000000	0.000000
999.999127	bound_ribosome	100.000000	0.000000	0.000000
999.999127	ecoli_genome	122.000000	0.000000	0.000000
999.999127	ecoli_transcript	75976.000000	0.000000	0.000000
999.999127	ecolipol	52.000000	0.000000	0.000000
999.999127	gene_A	41.000000	50.000000	0.000000
999.999127	gene_A*	23.000000	50.000000	0.000000
999.999127	gene_B	356.000000	721.000000	0.000000
999.999127	gene_C	259.000000	711.000000	0.000000
999.999127	gene_D	221.000000	706.000000	0.000000
999.999127	gene_E	181.000000	702.000000	0.000000
999.999127	gene_F	106.000000	466.000000	0.000000
999.999127	gene_G	34.000000	363.000000	0.030303
999.999127	gene_H	0.000000	257.000000	0.101167
999.999127	gene_J	109.000000	695.000000	0.090647
999.999127	gene_K	259.000000	712.000000	0.000000
999.999127	promoter_A	1.000000	0.000000	0.000000
999.999127	promoter_B1	0.000000	0.000000	0.000000
999.999127	promoter_D	0.000000	0.000000	0.000000
1004.999009	__gene_A*_rbs	50.000000	0.000000	0.000000
1004.999009	__gene_A_rbs	51.000000	0.000000	0.000000
1004.999009	__gene_B_rbs	724.000000	0.000000	0.000000
1004.999009	__gene_C_rbs	714.000000	0.000000	0.000000
1004.999009	__gene_D_rbs	709.000000	0.000000	0.000000
1004.999009	__gene_E_rbs	706.000000	0.000000	0.000000
1004.999009	__gene_F_rbs	469.000000	0.000000	0.000000
1004.999009	__gene_G_rbs	367.000000	0.000000	0.000000
1004.999009	__gene_H_rbs	261.000000	0.000000	0.000000
1004.999009	__gene_J_rbs	699.000000	0.000000	0.000000
1004.999009	__gene_K_rbs	716.000000	0.000000	0.000000
1004.999009	__ribosome	0.000000	0.000000	0.000000
1004.999009	bound_ecolipol	1899.000000	0.000000	0.000000
1004.999009	bound_ribosome	100.000000	0.000000	0.000000
1004.999009	ecoli_genome	101.000000	0.000000	0.000000
1004.999009	ecoli_transcript	76323.000000	0.000000	0.000000
1004.999009	ecolipol	29.000000	0.000000	0.000000
1004.999009	gene_A	41.000000	51.000000	0.000000
1004.999009	gene_A*	23.000000	50.000000	0.000000
1004.999009	gene_B	356.000000	724.000000	0.000000
1004.999009	gene_C	259.000000	714.000000	0.000000
1004.999009	gene_D	221.000000	709.000000	0.000000
1004.999009	gene_E	181.000000	706.000000	0.000000
1004.999009	gene_F	106.000000	469.000000	0.000000
1004.999009	gene_G	34.000000	367.000000	0.029973
1004.999009	gene_H	0.000000	261.000000	0.099617
1004.999009	gene_J	109.000000	699.000000	0.090129
1004.999009	gene_K	259.000000	716.000000	0.000000
1004.999009	promoter_A	1.000000	0.000000	0.000000
1004.999009	promoter_B1	0.000000	0.000000	0.000000
1004.999009	promoter_D	0.000000	0.000000	0.000000
1009.999084	__gene_A*_rbs	50.000000	0.000000	0.000000
1009.999084	__gene_A_rbs	51.000000	0.000000	0.000000
1009.999084	__gene_B_rbs	728.000000	0.000000	0.000000
1009.999084	__gene_C_rbs	718.000000	0.000000	0.000000
1009.999084	__gene_D_rbs	713.000000	0.000000	0.000000
1009.999084	__gene_E_rbs	709.000000	0.000000	0.000000
1009.999084	__gene_F_rbs	471.000000	0.000000	0.000000
1009.999084	__gene_G_rbs	368.000000	0.000000	0.000000
1009.999084	__gene_H_rbs	263.000000	0.000000	0.000000
1009.999084	__gene_J_rbs	703.000000	0.000000	0.000000
1009.999084	__gene_K_rbs	720.000000	0.000000	0.000000
1009.999084	__ribosome	0.000000	0.000000	0.000000
1009.999084	bound_ecolipol	1891.000000	0.000000	0.000000
1009.999084	bound_ribosome	100.000000	0.000000	0.000000
1009.999084	ecoli_genome	109.000000	0.000000	0.000000
1009.999084	ecoli_transcript	76736.000000	0.000000	0.000000
1009.999084	ecolipol	37.000000	0.000000	0.000000
1009.999084	gene_A	41.000000	51.000000	0.000000
1009.999084	gene_A*	23.000000	50.000000	0.000000
1009.999084	gene_B	356.000000	728.000000	0.000000
1009.999084	gene_C	259.000000	718.000000	0.000000
1009.999084	gene_D	221.000000	713.000000	0.000000
1009.999084	gene_E	181.000000	709.000000	0.000000
1009.999084	gene_F	106.000000	471.000000	0.000000
1009.999084	gene_G	34.000000	368.000000	0.029891
1009.999084	gene_H	0.000000	263.000000	0.098859
1009.999084	gene_J	109.000000	703.000000	0.089616
1009.999084	gene_K	259.000000	720.000000	0.000000
1009.999084	promoter_A	1.000000	0.000000	0.000000
1009.999084	promoter_B1	0.000000	0.000000	0.000000
1009.999084	promoter_D	0.000000	0.000000	0.000000
1014.999028	__gene_A*_rbs	50.000000	0.000000	0.000000
1014.999028	__gene_A_rbs	51.000000	0.000000	0.000000
1014.999028	__gene_B_rbs	732.000000	0.000000	0.000000
1014.999028	__gene_C_rbs	721.000000	0.000000	0.000000
1014.999028	__gene_D_rbs	717.000000	0.000000	0.000000
1014.999028	__gene_E_rbs	713.000000	0.000000	0.000000
1014.999028	__gene_F_rbs	474.000000	0.000000	0.000000
1014.999028	__gene_G_rbs	370.000000	0.000000	0.000000
1014.999028	__gene_H_rbs	264.000000	0.000000	0.000000
1014.999028	__gene_J_rbs	706.000000	0.000000	0.000000
1014.999028	__gene_K_rbs	723.000000	0.000000	0.000000
1014.999028	__ribosome	0.000000	0.000000	0.000000
1014.999028	bound_ecolipol	1874.000000	0.000000	0.000000
1014.999028	bound_ribosome	100.000000	0.000000	0.000000
1014.999028	ecoli_genome	126.000000	0.000000	0.000000
1014.999028	ecoli_transcript	77105.000000	0.000000	0.000000
1014.999028	ecolipol	51.000000	0.000000	0.000000
1014.999028	gene_A	41.000000	51.000000	0.000000
1014.999028	gene_A*	23.000000	50.000000	0.000000
1014.999028	gene_B	356.000000	732.000000	0.000000
1014.999028	gene_C	259.000000	721.000000	0.000000
1014.999028	gene_D	221.000000	717.000000	0.000000
1014.999028	gene_E	181.000000	713.000000	0.000000
1014.999028	gene_F	106.000000	474.000000	0.000000
1014.999028	gene_G	34.000000	370.000000	0.029730
1014.999028	gene_H	0.000000	264.000000	0.098485
1014.999028	gene_J	109.000000	706.000000	0.089235
1014.999028	gene_K	259.000000	723.000000	0.000000
1014.999028	promoter_A	1.000000	0.000000	0.000000
1014.999028	promoter_B1	0.000000	0.000000	0.000000
1014.999028	promoter_D	0.000000	0.000000	0.000000
1019.999535	__gene_A*_rbs	51.000000	0.000000	0.000000
1019.999535	__gene_A_rbs	51.000000	0.000000	0.000000
1019.999535	__gene_B_rbs	735.000000	0.000000	0.000000
1019.999535	__gene_C_rbs	725.000000	0.000000	0.000000
1019.999535	__gene_D_rbs	720.000000	0.000000	0.000000
1019.999535	__gene_E_rbs	716.000000	0.000000	0.000000
1019.999535	__gene_F_rbs	476.000000	0.000000	0.000000
1019.999535	__gene_G_rbs	373.000000	0.000000	0.000000
1019.999535	__gene_H_rbs	268.000000	0.000000	0.000000
1019.999535	__gene_J_rbs	710.000000	0.000000	0.000000
1019.999535	__gene_K_rbs	727.000000	0.000000	0.000000
1019.999535	__ribosome	0.000000	0.000000	0.000000
1019.999535	bound_ecolipol	1867.000000	0.000000	0.000000
1019.999535	bound_ribosome	100.000000	0.000000	0.000000
1019.999535	ecoli_genome	133.000000	0.000000	0.000000
1019.999535	ecoli_transcript	77493.000000	0.000000	0.000000
1019.999535	ecolipol	59.000000	0.000000	0.000000
1019.999535	gene_A	41.000000	51.000000	0.000000
1019.999535	gene_A*	23.000000	51.000000	0.000000
1019.999535	gene_B	356.000000	735.000000	0.000000
1019.999535	gene_C	259.000000	725.000000	0.000000
1019.999535	gene_D	221.000000	720.000000	0.000000
1019.999535	gene_E	181.000000	716.000000	0.000000
1019.999535	gene_F	106.000000	476.000000	0.000000
1019.999535	gene_G	34.000000	373.000000	0.029491
1019.999535	gene_H	0.000000	268.000000	0.097015
1019.999535	gene_J	109.000000	710.000000	0.088732
1019.999535	gene_K	259.000000	727.000000	0.000000
1019.999535	promoter_A	1.000000	0.000000	0.000000
1019.999535	promoter_B1	0.000000	0.000000	0.000000
1019.999535	promoter_D	0.000000	0.000000	0.000000
1024.999075	__gene_A*_rbs	51.000000	0.000000	0.000000
1024.999075	__gene_A_rbs	51.000000	0.000000	0.000000
1024.999075	__gene_B_rbs	739.000000	0.000000	0.000000
1024.999075	__gene_C_rbs	729.000000	0.000000	0.000000
1024.999075	__gene_D_rbs	724.000000	0.000000	0.000000
1024.999075	__gene_E_rbs	720.000000	0.000000	0.000000
1024.999075	__gene_F_rbs	480.000000	0.000000	0.000000
1024.999075	__gene_G_rbs	373.000000	0.000000	0.000000
1024.999075	__gene_H_rbs	270.000000	0.000000	0.000000
1024.999075	__gene_J_rbs	713.000000	0.000000	0.000000
1024.999075	__gene_K_rbs	730.000000	0.000000	0.000000
1024.999075	__ribosome	0.000000	0.000000	0.000000
1024.999075	bound_ecolipol	1891.000000	0.000000	0.000000
1024.999075	bound_ribosome	100.000000	0.000000	0.000000
1024.999075	ecoli_genome	109.000000	0.000000	0.000000
1024.999075	ecoli_transcript	77871.000000	0.000000	0.000000
1024.999075	ecolipol	34.000000	0.000000	0.000000
1024.999075	gene_A	41.000000	51.000000	0.000000
1024.999075	gene_A*	23.000000	51.000000	0.000000
1024.999075	gene_B	356.000000	739.000000	0.000000
1024.999075	gene_C	259.000000	729.000000	0.000000
1024.999075	gene_D	221.000000	724.000000	0.000000
1024.999075	gene_E	181.000000	720.000000	0.000000
1024.999075	gene_F	106.000000	480.000000	0.000000
1024.999075	gene_G	34.000000	373.000000	0.029491
1024.999075	gene_H	0.000000	270.000000	0.096296
1024.999075	gene_J	109.000000	713.000000	0.088359
1024.999075	gene_K	259.000000	730.000000	0.000000
1024.999075	promoter_A	1.000000	0.000000	0.000000
1024.999075	promoter_B1	0.000000	0.000000	0.000000
1024.999075	promoter_D	0.000000	0.000000	0.000000
1029.999085	__gene_A*_rbs	51.000000	0.000000	0.000000
1029.999085	__gene_A_rbs	51.000000	0.000000	0.000000
1029.999085	__gene_B_rbs	742.000000	0.000000	0.000000
1029.999085	__gene_C_rbs	732.000000	0.000000	0.000000
1029.999085	__gene_D_rbs	727.000000	0.000000	0.000000
1029.999085	__gene_E_rbs	723.000000	0.000000	0.000000
1029.999085	__gene_F_rbs	483.000000	0.000000	0.000000
1029.999085	__gene_G_rbs	375.000000	0.000000	0.000000
1029.999085	__gene_H_rbs	273.000000	0.000000	0.000000
1029.999085	__gene_J_rbs	717.000000	0.000000	0.000000
1029.999085	__gene_K_rbs	734.000000	0.000000	0.000000
1029.999085	__ribosome	0.000000	0.000000	0.000000
1029.999085	bound_ecolipol	1887.000000	0.000000	0.000000
1029.999085	bound_ribosome	100.000000	0.000000	0.000000
1029.999085	ecoli_genome	113.000000	0.000000	0.000000
1029.999085	ecoli_transcript	78226.000000	0.000000	0.000000
1029.999085	ecolipol	39.000000	0.000000	0.000000
1029.999085	gene_A	41.000000	51.000000	0.000000
1029.999085	gene_A*	23.000000	51.000000	0.000000
1029.999085	gene_B	356.000000	742.000000	0.000000
1029.999085	gene_C	259.000000	732.000000	0.000000
1029.999085	gene_D	221.000000	727.000000	0.000000
1029.999085	gene_E	181.000000	723.000000	0.000000
1029.999085	gene_F	106.000000	483.000000	0.000000
1029.999085	gene_G	34.000000	375.000000	0.029333
1029.999085	gene_H	0.000000	273.000000	0.095238
1029.999085	gene_J	109.000000	717.000000	0.087866
1029.999085	gene_K	259.000000	734.000000	0.000000
1029.999085	promoter_A	1.000000	0.000000	0.000000
1029.999085	promoter_B1	0.000000	0.000000	0.000000
1029.999085	promoter_D	0.000000	0.000000	0.000000
1034.999150	__gene_A*_rbs	51.000000	0.000000	0.000000
1034.999150	__gene_A_rbs	51.000000	0.000000	0.000000
1034.999150	__gene_B_rbs	746.000000	0.000000	0.000000
1034.999150	__gene_C_rbs	736.000000	0.000000	0.000000
1034.999150	__gene_D_rbs	731.000000	0.000000	0.000000
1034.999150	__gene_E_rbs	728.000000	0.000000	0.000000
1034.999150	__gene_F_rbs	485.000000	0.000000	0.000000
1034.999150	__gene_G_rbs	376.000000	0.000000	0.000000
1034.999150	__gene_H_rbs	275.000000	0.000000	0.000000
1034.999150	__gene_J_rbs	721.000000	0.000000	0.000000
1034.999150	__gene_K_rbs	738.000000	0.000000	0.000000
1034.999150	__ribosome	0.000000	0.000000	0.000000
1034.999150	bound_ecolipol	1892.000000	0.000000	0.000000
1034.999150	bound_ribosome	100.000000	0.000000	0.000000
1034.999150	ecoli_genome	108.000000	0.000000	0.000000
1034.999150	ecoli_transcript	78616.000000	0.000000	0.000000
1034.999150	ecolipol	36.000000	0.000000	0.000000
1034.999150	gene_A	41.000000	51.000000	0.000000
1034.999150	gene_A*	23.000000	51.000000	0.000000
1034.999150	gene_B	356.000000	746.000000	0.000000
1034.999150	gene_C	259.000000	736.000000	0.000000
1034.999150	gene_D	221.000000	731.000000	0.000000
1034.999150	gene_E	181.000000	728.000000	0.000000
1034.999150	gene_F	106.000000	485.000000	0.000000
1034.999150	gene_G	34.000000	376.000000	0.029255
1034.999150	gene_H	0.000000	275.000000	0.094545
1034.999150	gene_J	109.000000	721.000000	0.087379
1034.999150	gene_K	259.000000	738.000000	0.000000
1034.999150	promoter_A	1.000000	0.000000	0.000000
1034.999150	promoter_B1	0.000000	0.000000	0.000000
1034.999150	promoter_D	0.000000	0.000000	0.000000
1039.999294	__gene_A*_rbs	51.000000	0.000000	0.000000
1039.999294	__gene_A_rbs	51.000000	0.000000	0.000000
1039.999294	__gene_B_rbs	749.000000	0.000000	0.000000
1039.999294	__gene_C_rbs	740.000000	0.000000	0.000000
1039.999294	__gene_D_rbs	735.000000	0.000000	0.000000
1039.999294	__gene_E_rbs	730.000000	0.000000	0.000000
1039.999294	__gene_F_rbs	487.000000	0.000000	0.000000
1039.999294	__gene_G_rbs	378.000000	0.000000	0.000000
1039.999294	__gene_H_rbs	275.000000	0.000000	0.000000
1039.999294	__gene_J_rbs	725.000000	0.000000	0.000000
1039.999294	__gene_K_rbs	742.000000	0.000000	0.000000
1039.999294	__ribosome	0.000000	0.000000	0.000000
1039.999294	bound_ecolipol	1888.000000	0.000000	0.000000
1039.999294	bound_ribosome	100.000000	0.000000	0.000000
1039.999294	ecoli_genome	112.000000	0.000000	0.000000
1039.999294	ecoli_transcript	79019.000000	0.000000	0.000000
1039.999294	ecolipol	41.000000	0.000000	0.000000
1039.999294	gene_A	41.000000	51.000000	0.000000
1039.999294	gene_A*	23.000000	51.000000	0.000000
1039.999294	gene_B	356.000000	749.000000	0.000000
1039.999294	gene_C	259.000000	740.000000	0.000000
1039.999294	gene_D	221.000000	735.000000	0.000000
1039.999294	gene_E	181.000000	730.000000	0.000000
1039.999294	gene_F	106.000000	487.000000	0.000000
1039.999294	gene_G	34.000000	378.000000	0.029101
1039.999294	gene_H	0.000000	275.000000	0.094545
1039.999294	gene_J	109.000000	725.000000	0.086897
1039.999294	gene_K	259.000000	742.000000	0.000000
1039.999294	promoter_A	1.000000	0.000000	0.000000
1039.999294	promoter_B1	0.000000	0.000000	0.000000
1039.999294	promoter_D	0.000000	0.000000	0.000000
1044.999130	__gene_A*_rbs	51.000000	0.000000	0.000000
1044.999130	__gene_A_rbs	52.000000	0.000000	0.000000
1044.999130	__gene_B_rbs	753.000000	0.000000	0.000000
1044.999130	__gene_C_rbs	744.000000	0.000000	0.000000
1044.999130	__gene_D_rbs	738.000000	0.000000	0.000000
1044.999130	__gene_E_rbs	734.000000	0.000000	0.000000
1044.999130	__gene_F_rbs	490.000000	0.000000	0.000000
1044.999130	__gene_G_rbs	378.000000	0.000000	0.000000
1044.999130	__gene_H_rbs	276.000000	0.000000	0.000000
1044.999130	__gene_J_rbs	728.000000	0.000000	0.000000
1044.999130	__gene_K_rbs	745.000000	0.000000	0.000000
1044.999130	__ribosome	0.000000	0.000000	0.000000
1044.999130	bound_ecolipol	1895.000000	0.000000	0.000000
1044.999130	bound_ribosome	100.000000	0.000000	0.000000
1044.999130	ecoli_genome	105.000000	0.000000	0.000000
1044.999130	ecoli_transcript	79393.000000	0.000000	0.000000
1044.999130	ecolipol	34.000000	0.000000	0.000000
1044.999130	gene_A	41.000000	52.000000	0.000000
1044.999130	gene_A*	23.000000	51.000000	0.000000
1044.999130	gene_B	356.000000	753.000000	0.000000
1044.999130	gene_C	259.000000	744.000000	0.000000
1044.999130	gene_D	221.000000	738.000000	0.000000
1044.999130	gene_E	181.000000	734.000000	0.000000
1044.999130	gene_F	106.000000	490.000000	0.000000
1044.999130	gene_G	34.000000	378.000000	0.029101
1044.999130	gene_H	0.000000	276.000000	0.094203
1044.999130	gene_J	109.000000	728.000000	0.086538
1044.999130	gene_K	259.000000	745.000000	0.000000
1044.999130	promoter_A	1.000000	0.000000	0.000000
1044.999130	promoter_B1	0.000000	0.000000	0.000000
1044.999130	promoter_D	0.000000	0.000000	0.000000
1049.999080	__gene_A*_rbs	51.000000	0.000000	0.000000
1049.999080	__gene_A_rbs	53.000000	0.000000	0.000000
1049.999080	__gene_B_rbs	757.000000	0.000000	0.000000
1049.999080	__gene_C_rbs	746.000000	0.000000	0.000000
1049.999080	__gene_D_rbs	742.000000	0.000000	0.000000
1049.999080	__gene_E_rbs	738.000000	0.000000	0.000000
1049.999080	__gene_F_rbs	493.000000	0.000000	0.000000
1049.999080	__gene_G_rbs	380.000000	0.000000	0.000000
1049.999080	__gene_H_rbs	276.000000	0.000000	0.000000
1049.999080	__gene_J_rbs	731.000000	0.000000	0.000000
1049.999080	__gene_K_rbs	748.000000	0.000000	0.000000
1049.999080	__ribosome	0.000000	0.000000	0.000000
1049.999080	bound_ecolipol	1881.000000	0.000000	0.000000
1049.999080	bound_ribosome	100.000000	0.000000	0.000000
1049.999080	ecoli_genome	119.000000	0.000000	0.000000
1049.999080	ecoli_transcript	79779.000000	0.000000	0.000000
1049.999080	ecolipol	49.000000	0.000000	0.000000
1049.999080	gene_A	41.000000	53.000000	0.000000
1049.999080	gene_A*	23.000000	51.000000	0.000000
1049.999080	gene_B	356.000000	757.000000	0.000000
1049.999080	gene_C	259.000000	746.000000	0.000000
1049.999080	gene_D	221.000000	742.000000	0.000000
1049.999080	gene_E	181.000000	738.000000	0.000000
1049.999080	gene_F	106.000000	493.000000	0.000000
1049.999080	gene_G	34.000000	380.000000	0.028947
1049.999080	gene_H	0.000000	276.000000	0.094203
1049.999080	gene_J	109.000000	731.000000	0.086183
1049.999080	gene_K	259.000000	748.000000	0.000000
1049.999080	promoter_A	1.000000	0.000000	0.000000
1049.999080	promoter_B1	0.000000	0.000000	0.000000
1049.999080	promoter_D	0.000000	0.000000	0.000000
1054.999201	__gene_A*_rbs	51.000000	0.000000	0.000000
1054.999201	__gene_A_rbs	53.000000	0.000000	0.000000
1054.999201	__gene_B_rbs	760.000000	0.000000	0.000000
1054.999201	__gene_C_rbs	750.000000	0.000000	0.000000
1054.999201	__gene_D_rbs	745.000000	0.000000	0.000000
1054.999201	__gene_E_rbs	742.000000	0.000000	0.000000
1054.999201	__gene_F_rbs	495.000000	0.000000	0.000000
1054.999201	__gene_G_rbs	383.000000	0.000000	0.000000
1054.999201	__gene_H_rbs	276.000000	0.000000	0.000000
1054.999201	__gene_J_rbs	735.000000	0.000000	0.000000
1054.999201	__gene_K_rbs	752.000000	0.000000	0.000000
1054.999201	__ribosome	0.000000	0.000000	0.000000
1054.999201	bound_ecolipol	1880.000000	0.000000	0.000000
1054.999201	bound_ribosome	100.000000	0.000000	0.000000
1054.999201	ecoli_genome	120.000000	0.000000	0.000000
1054.999201	ecoli_transcript	80174.000000	0.000000	0.000000
1054.999201	ecolipol	53.000000	0.000000	0.000000
1054.999201	gene_A	41.000000	53.000000	0.000000
1054.999201	gene_A*	23.000000	51.000000	0.000000
1054.999201	gene_B	356.000000	760.000000	0.000000
1054.999201	gene_C	259.000000	750.000000	0.000000
1054.999201	gene_D	221.000000	745.000000	0.000000
1054.999201	gene_E	181.000000	742.000000	0.000000
1054.999201	gene_F	106.000000	495.000000	0.000000
1054.999201	gene_G	34.000000	383.000000	0.028721
1054.999201	gene_H	0.000000	276.000000	0.094203
1054.999201	gene_J	109.000000	735.000000	0.085714
1054.999201	gene_K	259.000000	752.000000	0.000000
1054.999201	promoter_A	1.000000	0.000000	0.000000
1054.999201	promoter_B1	0.000000	0.000000	0.000000
1054.999201	promoter_D	0.000000	0.000000	0.000000
1059.999122	__gene_A*_rbs	52.000000	0.000000	0.000000
1059.999122	__gene_A_rbs	54.000000	0.000000	0.000000
1059.999122	__gene_B_rbs	764.000000	0.000000	0.000000
1059.999122	__gene_C_rbs	754.000000	0.000000	0.000000
1059.999122	__gene_D_rbs	749.000000	0.000000	0.000000
1059.999122	__gene_E_rbs	745.000000	0.000000	0.000000
1059.999122	__gene_F_rbs	498.000000	0.000000	0.000000
1059.999122	__gene_G_rbs	385.000000	0.000000	0.000000
1059.999122	__gene_H_rbs	276.000000	0.000000	0.000000
1059.999122	__gene_J_rbs	739.000000	0.000000	0.000000
1059.999122	__gene_K_rbs	756.000000	0.000000	0.000000
1059.999122	__ribosome	0.000000	0.000000	0.000000
1059.999122	bound_ecolipol	1894.000000	0.000000	0.000000
1059.999122	bound_ribosome	100.000000	0.000000	0.000000
1059.999122	ecoli_genome	106.000000	0.000000	0.000000
1059.999122	ecoli_transcript	80545.000000	0.000000	0.000000
1059.999122	ecolipol	38.000000	0.000000	0.000000
1059.999122	gene_A	41.000000	54.000000	0.000000
1059.999122	gene_A*	23.000000	52.000000	0.000000
1059.999122	gene_B	356.000000	764.000000	0.000000
1059.999122	gene_C	259.000000	754.000000	0.000000
1059.999122	gene_D	221.000000	749.000000	0.000000
1059.999122	gene_E	181.000000	745.000000	0.000000
1059.999122	gene_F	106.000000	498.000000	0.000000
1059.999122	gene_G	34.000000	385.000000	0.028571
1059.999122	gene_H	0.000000	276.000000	0.094203
1059.999122	gene_J	109.000000	739.000000	0.085250
1059.999122	gene_K	259.000000	756.000000	0.000000
1059.999122	promoter_A	0.000000	0.000000	0.000000
1059.999122	promoter_B1	0.000000	0.000000	0.000000
1059.999122	promoter_D	0.000000	0.000000	0.000000
1064.999280	__gene_A*_rbs	53.000000	0.000000	0.000000
1064.999280	__gene_A_rbs	54.000000	0.000000	0.000000
1064.999280	__gene_B_rbs	768.000000	0.000000	0.000000
1064.999280	__gene_C_rbs	758.000000	0.000000	0.000000
1064.999280	__gene_D_rbs	752.000000	0.000000	0.000000
1064.999280	__gene_E_rbs	748.000000	0.000000	0.000000
1064.999280	__gene_F_rbs	500.000000	0.000000	0.000000
1064.999280	__gene_G_rbs	387.000000	0.000000	0.000000
1064.999280	__gene_H_rbs	278.000000	0.000000	0.000000
1064.999280	__gene_J_rbs	743.000000	0.000000	0.000000
1064.999280	__gene_K_rbs	760.000000	0.000000	0.000000
1064.999280	__ribosome	0.000000	0.000000	0.000000
1064.999280	bound_ecolipol	1884.000000	0.000000	0.000000
1064.999280	bound_ribosome	100.000000	0.000000	0.000000
1064.999280	ecoli_genome	116.000000	0.000000	0.000000
1064.999280	ecoli_transcript	80904.000000	0.000000	0.000000
1064.999280	ecolipol	50.000000	0.000000	0.000000
1064.999280	gene_A	41.000000	54.000000	0.000000
1064.999280	gene_A*	23.000000	53.000000	0.000000
1064.999280	gene_B	356.000000	768.000000	0.000000
1064.999280	gene_C	259.000000	758.000000	0.000000
1064.999280	gene_D	221.000000	752.000000	0.000000
1064.999280	gene_E	181.000000	748.000000	0.000000
1064.999280	gene_F	106.000000	500.000000	0.000000
1064.999280	gene_G	34.000000	387.000000	0.028424
1064.999280	gene_H	0.000000	278.000000	0.093525
1064.999280	gene_J	109.000000	743.000000	0.084791
1064.999280	gene_K	259.000000	760.000000	0.000000
1064.999280	promoter_A	1.000000	0.000000	0.000000
1064.999280	promoter_B1	0.000000	0.000000	0.000000
1064.999280	promoter_D	0.000000	0.000000	0.000000
1069.999163	__gene_A*_rbs	53.000000	0.000000	0.000000
1069.999163	__gene_A_rbs	54.000000	0.000000	0.000000
1069.999163	__gene_B_rbs	771.000000	0.000000	0.000000
1069.999163	__gene_C_rbs	761.000000	0.000000	0.000000
1069.999163	__gene_D_rbs	756.000000	0.000000	0.000000
1069.999163	__gene_E_rbs	751.000000	0.000000	0.000000
1069.999163	__gene_F_rbs	503.000000	0.000000	0.000000
1069.999163	__gene_G_rbs	389.000000	0.000000	0.000000
1069.999163	__gene_H_rbs	280.000000	0.000000	0.000000
1069.999163	__gene_J_rbs	745.000000	0.000000	0.000000
1069.999163	__gene_K_rbs	763.000000	0.000000	0.000000
1069.999163	__ribosome	0.000000	0.000000	0.000000
1069.999163	bound_ecolipol	1889.000000	0.000000	0.000000
1069.999163	bound_ribosome	100.000000	0.000000	0.000000
1069.999163	ecoli_genome	111.000000	0.000000	0.000000
1069.999163	ecoli_transcript	81260.000000	0.000000	0.000000
1069.999163	ecolipol	43.000000	0.000000	0.000000
1069.999163	gene_A	41.000000	54.000000	0.000000
1069.999163	gene_A*	23.000000	53.000000	0.000000
1069.999163	gene_B	356.000000	771.000000	0.000000
1069.999163	gene_C	259.000000	761.000000	0.000000
1069.999163	gene_D	221.000000	756.000000	0.000000
1069.999163	gene_E	181.000000	751.000000	0.000000
1069.999163	gene_F	106.000000	503.000000	0.000000
1069.999163	gene_G	34.000000	389.000000	0.028278
1069.999163	gene_H	0.000000	280.000000	0.092857
1069.999163	gene_J	109.000000	745.000000	0.084564
1069.999163	gene_K	259.000000	763.000000	0.000000
1069.999163	promoter_A	1.000000	0.000000	0.000000
1069.999163	promoter_B1	0.000000	0.000000	0.000000
1069.999163	promoter_D	0.000000	0.000000	0.000000
1074.999087	__gene_A*_rbs	53.000000	0.000000	0.000000
1074.999087	__gene_A_rbs	55.000000	0.000000	0.000000
1074.999087	__gene_B_rbs	775.000000	0.000000	0.000000
1074.999087	__gene_C_rbs	765.000000	0.000000	0.000000
1074.999087	__gene_D_rbs	760.000000	0.000000	0.000000
1074.999087	__gene_E_rbs	755.000000	0.000000	0.000000
1074.999087	__gene_F_rbs	505.000000	0.000000	0.000000
1074.999087	__gene_G_rbs	392.000000	0.000000	0.000000
1074.999087	__gene_H_rbs	282.000000	0.000000	0.000000
1074.999087	__gene_J_rbs	749.000000	0.000000	0.000000
1074.999087	__gene_K_rbs	767.000000	0.000000	0.000000
1074.999087	__ribosome	0.000000	0.000000	0.000000
1074.999087	bound_ecolipol	1888.000000	0.000000	0.000000
1074.999087	bound_ribosome	100.000000	0.000000	0.000000
1074.999087	ecoli_genome	112.000000	0.000000	0.000000
1074.999087	ecoli_transcript	81633.000000	0.000000	0.000000
1074.999087	ecolipol	42.000000	0.000000	0.000000
1074.999087	gene_A	41.000000	55.000000	0.000000
1074.999087	gene_A*	23.000000	53.000000	0.000000
1074.999087	gene_B	356.000000	775.000000	0.000000
1074.999087	gene_C	259.000000	765.000000	0.000000
1074.999087	gene_D	221.000000	760.000000	0.000000
1074.999087	gene_E	181.000000	755.000000	0.000000
1074.999087	gene_F	106.000000	505.000000	0.000000
1074.999087	gene_G	34.000000	392.000000	0.028061
1074.999087	gene_H	0.000000	282.000000	0.092199
1074.999087	gene_J	109.000000	749.000000	0.084112
1074.999087	gene_K	259.000000	767.000000	0.000000
1074.999087	promoter_A	1.000000	0.000000	0.000000
1074.999087	promoter_B1	0.000000	0.000000	0.000000
1074.999087	promoter_D	0.000000	0.000000	0.000000
1079.999292	__gene_A*_rbs	54.000000	0.000000	0.000000
1079.999292	__gene_A_rbs	57.000000	0.000000	0.000000
1079.999292	__gene_B_rbs	778.000000	0.000000	0.000000
1079.999292	__gene_C_rbs	769.000000	0.000000	0.000000
1079.999292	__gene_D_rbs	764.000000	0.000000	0.000000
1079.999292	__gene_E_rbs	759.000000	0.000000	0.000000
1079.999292	__gene_F_rbs	508.000000	0.000000	0.000000
1079.999292	__gene_G_rbs	395.000000	0.000000	0.000000
1079.999292	__gene_H_rbs	283.000000	0.000000	0.000000
1079.999292	__gene_J_rbs	752.000000	0.000000	0.000000
1079.999292	__gene_K_rbs	771.000000	0.000000	0.000000
1079.999292	__ribosome	0.000000	0.000000	0.000000
1079.999292	bound_ecolipol	1883.000000	0.000000	0.000000
1079.999292	bound_ribosome	100.000000	0.000000	0.000000
1079.999292	ecoli_genome	117.000000	0.000000	0.000000
1079.999292	ecoli_transcript	82023.000000	0.000000	0.000000
1079.999292	ecolipol	43.000000	0.000000	0.000000
1079.999292	gene_A	41.000000	57.000000	0.000000
1079.999292	gene_A*	23.000000	54.000000	0.000000
1079.999292	gene_B	356.000000	778.000000	0.000000
1079.999292	gene_C	259.000000	769.000000	0.000000
1079.999292	gene_D	221.000000	764.000000	0.000000
1079.999292	gene_E	181.000000	759.000000	0.000000
1079.999292	gene_F	106.000000	508.000000	0.000000
1079.999292	gene_G	34.000000	395.000000	0.027848
1079.999292	gene_H	0.000000	283.000000	0.091873
1079.999292	gene_J	109.000000	752.000000	0.083777
1079.999292	gene_K	259.000000	771.000000	0.000000
1079.999292	promoter_A	1.000000	0.000000	0.000000
1079.999292	promoter_B1	0.000000	0.000000	0.000000
1079.999292	promoter_D	0.000000	0.000000	0.000000
1084.999561	__gene_A*_rbs	54.000000	0.000000	0.000000
1084.999561	__gene_A_rbs	57.000000	0.000000	0.000000
1084.999561	__gene_B_rbs	782.000000	0.000000	0.000000
1084.999561	__gene_C_rbs	773.000000	0.000000	0.000000
1084.999561	__gene_D_rbs	767.000000	0.000000	0.000000
1084.999561	__gene_E_rbs	763.000000	0.000000	0.000000
1084.999561	__gene_F_rbs	511.000000	0.000000	0.000000
1084.999561	__gene_G_rbs	396.000000	0.000000	0.000000
1084.999561	__gene_H_rbs	285.000000	0.000000	0.000000
1084.999561	__gene_J_rbs	757.000000	0.000000	0.000000
1084.999561	__gene_K_rbs	775.000000	0.000000	0.000000
1084.999561	__ribosome	0.000000	0.000000	0.000000
1084.999561	bound_ecolipol	1879.000000	0.000000	0.000000
1084.999561	bound_ribosome	100.000000	0.000000	0.000000
1084.999561	ecoli_genome	121.000000	0.000000	0.000000
1084.999561	ecoli_transcript	82379.000000	0.000000	0.000000
1084.999561	ecolipol	45.000000	0.000000	0.000000
1084.999561	gene_A	41.000000	57.000000	0.000000
1084.999561	gene_A*	23.000000	54.000000	0.000000
1084.999561	gene_B	356.000000	782.000000	0.000000
1084.999561	gene_C	259.000000	773.000000	0.000000
1084.999561	gene_D	221.000000	767.000000	0.000000
1084.999561	gene_E	181.000000	763.000000	0.000000
1084.999561	gene_F	106.000000	511.000000	0.000000
1084.999561	gene_G	34.000000	396.000000	0.027778
1084.999561	gene_H	0.000000	285.000000	0.091228
1084.999561	gene_J	109.000000	757.000000	0.083223
1084.999561	gene_K	259.000000	775.000000	0.000000
1084.999561	promoter_A	1.000000	0.000000	0.000000
1084.999561	promoter_B1	0.000000	0.000000	0.000000
1084.999561	promoter_D	0.000000	0.000000	0.000000
1089.999136	__gene_A*_rbs	55.000000	0.000000	0.000000
1089.999136	__gene_A_rbs	58.000000	0.000000	0.000000
1089.999136	__gene_B_rbs	786.000000	0.000000	0.000000
1089.999136	__gene_C_rbs	776.000000	0.000000	0.000000
1089.999136	__gene_D_rbs	771.000000	0.000000	0.000000
1089.999136	__gene_E_rbs	767.000000	0.000000	0.000000
1089.999136	__gene_F_rbs	513.000000	0.000000	0.000000
1089.999136	__gene_G_rbs	399.000000	0.000000	0.000000
1089.999136	__gene_H_rbs	287.000000	0.000000	0.000000
1089.999136	__gene_J_rbs	760.000000	0.000000	0.000000
1089.999136	__gene_K_rbs	777.000000	0.000000	0.000000
1089.999136	__ribosome	0.000000	0.000000	0.000000
1089.999136	bound_ecolipol	1878.000000	0.000000	0.000000
1089.999136	bound_ribosome	100.000000	0.000000	0.000000
1089.999136	ecoli_genome	122.000000	0.000000	0.000000
1089.999136	ecoli_transcript	82751.000000	0.000000	0.000000
1089.999136	ecolipol	47.000000	0.000000	0.000000
1089.999136	gene_A	41.000000	58.000000	0.000000
1089.999136	gene_A*	23.000000	55.000000	0.000000
1089.999136	gene_B	356.000000	786.000000	0.000000
1089.999136	gene_C	259.000000	776.000000	0.000000
1089.999136	gene_D	221.000000	771.000000	0.000000
1089.999136	gene_E	181.000000	767.000000	0.000000
1089.999136	gene_F	106.000000	513.000000	0.000000
1089.999136	gene_G	34.000000	399.000000	0.027569
1089.999136	gene_H	0.000000	287.000000	0.090592
1089.999136	gene_J	109.000000	760.000000	0.082895
1089.999136	gene_K	259.000000	777.000000	0.000000
1089.999136	promoter_A	1.000000	0.000000	0.000000
1089.999136	promoter_B1	0.000000	0.000000	0.000000
1089.999136	promoter_D	0.000000	0.000000	0.000000
1094.999515	__gene_A*_rbs	57.000000	0.000000	0.000000
1094.999515	__gene_A_rbs	58.000000	0.000000	0.000000
1094.999515	__gene_B_rbs	788.000000	0.000000	0.000000
1094.999515	__gene_C_rbs	779.000000	0.000000	0.000000
1094.999515	__gene_D_rbs	775.000000	0.000000	0.000000
1094.999515	__gene_E_rbs	770.000000	0.000000	0.000000
1094.999515	__gene_F_rbs	515.000000	0.000000	0.000000
1094.999515	__gene_G_rbs	402.000000	0.000000	0.000000
1094.999515	__gene_H_rbs	289.000000	0.000000	0.000000
1094.999515	__gene_J_rbs	764.000000	0.000000	0.000000
1094.999515	__gene_K_rbs	780.000000	0.000000	0.000000
1094.999515	__ribosome	0.000000	0.000000	0.000000
1094.999515	bound_ecolipol	1888.000000	0.000000	0.000000
1094.999515	bound_ribosome	100.000000	0.000000	0.000000
1094.999515	ecoli_genome	112.000000	0.000000	0.000000
1094.999515	ecoli_transcript	83097.000000	0.000000	0.000000
1094.999515	ecolipol	36.000000	0.000000	0.000000
1094.999515	gene_A	41.000000	58.000000	0.000000
1094.999515	gene_A*	23.000000	57.000000	0.000000
1094.999515	gene_B	356.000000	788.000000	0.000000
1094.999515	gene_C	259.000000	779.000000	0.000000
1094.999515	gene_D	221.000000	775.000000	0.000000
1094.999515	gene_E	181.000000	770.000000	0.000000
1094.999515	gene_F	106.000000	515.000000	0.000000
1094.999515	gene_G	34.000000	402.000000	0.027363
1094.999515	gene_H	0.000000	289.000000	0.089965
1094.999515	gene_J	109.000000	764.000000	0.082461
1094.999515	gene_K	259.000000	780.000000	0.000000
1094.999515	promoter_A	1.000000	0.000000	0.000000
1094.999515	promoter_B1	0.000000	0.000000	0.000000
1094.999515	promoter_D	0.000000	0.000000	0.000000
1099.999214	__gene_A*_rbs	57.000000	0.000000	0.000000
1099.999214	__gene_A_rbs	58.000000	0.000000	0.000000
1099.999214	__gene_B_rbs	792.000000	0.000000	0.000000
1099.999214	__gene_C_rbs	782.000000	0.000000	0.000000
1099.999214	__gene_D_rbs	779.000000	0.000000	0.000000
1099.999214	__gene_E_rbs	774.000000	0.000000	0.000000
1099.999214	__gene_F_rbs	516.000000	0.000000	0.000000
1099.999214	__gene_G_rbs	404.000000	0.000000	0.000000
1099.999214	__gene_H_rbs	291.000000	0.000000	0.000000
1099.999214	__gene_J_rbs	768.000000	0.000000	0.000000
1099.999214	__gene_K_rbs	784.000000	0.000000	0.000000
1099.999214	__ribosome	0.000000	0.000000	0.000000
1099.999214	bound_ecolipol	1894.000000	0.000000	0.000000
1099.999214	bound_ribosome	100.000000	0.000000	0.000000
1099.999214	ecoli_genome	106.000000	0.000000	0.000000
1099.999214	ecoli_transcript	83456.000000	0.000000	0.000000
1099.999214	ecolipol	34.000000	0.000000	0.000000
1099.999214	gene_A	41.000000	58.000000	0.000000
1099.999214	gene_A*	23.000000	57.000000	0.000000
1099.999214	gene_B	356.000000	792.000000	0.000000
1099.999214	gene_C	259.000000	782.000000	0.000000
1099.999214	gene_D	221.000000	779.000000	0.000000
1099.999214	gene_E	181.000000	774.000000	0.000000
1099.999214	gene_F	106.000000	516.000000	0.000000
1099.999214	gene_G	34.000000	404.000000	0.027228
1099.999214	gene_H	0.000000	291.000000	0.089347
1099.999214	gene_J	109.000000	768.000000	0.082031
1099.999214	gene_K	259.000000	784.000000	0.000000
1099.999214	promoter_A	1.000000	0.000000	0.000000
1099.999214	promoter_B1	0.000000	0.000000	0.000000
1099.999214	promoter_D	0.000000	0.000000	0.000000
1104.999909	__gene_A*_rbs	58.000000	0.000000	0.000000
1104.999909	__gene_A_rbs	58.000000	0.000000	0.000000
1104.999909	__gene_B_rbs	795.000000	0.000000	0.000000
1104.999909	__gene_C_rbs	786.000000	0.000000	0.000000
1104.999909	__gene_D_rbs	781.000000	0.000000	0.000000
1104.999909	__gene_E_rbs	778.000000	0.000000	0.000000
1104.999909	__gene_F_rbs	520.000000	0.000000	0.000000
1104.999909	__gene_G_rbs	406.000000	0.000000	0.000000
1104.999909	__gene_H_rbs	292.000000	0.000000	0.000000
1104.999909	__gene_J_rbs	771.000000	0.000000	0.000000
1104.999909	__gene_K_rbs	787.000000	0.000000	0.000000
1104.999909	__ribosome	0.000000	0.000000	0.000000
1104.999909	bound_ecolipol	1894.000000	0.000000	0.000000
1104.999909	bound_ribosome	100.000000	0.000000	0.000000
1104.999909	ecoli_genome	106.000000	0.000000	0.000000
1104.999909	ecoli_transcript	83841.000000	0.000000	0.000000
1104.999909	ecolipol	36.000000	0.000000	0.000000
1104.999909	gene_A	41.000000	58.000000	0.000000
1104.999909	gene_A*	23.000000	58.000000	0.000000
1104.999909	gene_B	356.000000	795.000000	0.000000
1104.999909	gene_C	259.000000	786.000000	0.000000
1104.999909	gene_D	221.000000	781.000000	0.000000
1104.999909	gene_E	181.000000	778.000000	0.000000
1104.999909	gene_F	106.000000	520.000000	0.000000
1104.999909	gene_G	34.000000	406.000000	0.027094
1104.999909	gene_H	0.000000	292.000000	0.089041
1104.999909	gene_J	109.000000	771.000000	0.081712
1104.999909	gene_K	259.000000	787.000000	0.000000
1104.999909	promoter_A	1.000000	0.000000	0.000000
1104.999909	promoter_B1	0.000000	0.000000	0.000000
1104.999909	promoter_D	0.000000	0.000000	0.000000
1109.999221	__gene_A*_rbs	58.000000	0.000000	0.000000
1109.999221	__gene_A_rbs	58.000000	0.000000	0.000000
1109.999221	__gene_B_rbs	798.000000	0.000000	0.000000
1109.999221	__gene_C_rbs	789.000000	0.000000	0.000000
1109.999221	__gene_D_rbs	784.000000	0.000000	0.000000
1109.999221	__gene_E_rbs	781.000000	0.000000	0.000000
1109.999221	__gene_F_rbs	523.000000	0.000000	0.000000
1109.999221	__gene_G_rbs	408.000000	0.000000	0.000000
1109.999221	__gene_H_rbs	295.000000	0.000000	0.000000
1109.999221	__gene_J_rbs	775.000000	0.000000	0.000000
1109.999221	__gene_K_rbs	791.000000	0.000000	0.000000
1109.999221	__ribosome	0.000000	0.000000	0.000000
1109.999221	bound_ecolipol	1887.000000	0.000000	0.000000
1109.999221	bound_ribosome	100.000000	0.000000	0.000000
1109.999221	ecoli_genome	113.000000	0.000000	0.000000
1109.999221	ecoli_transcript	84208.000000	0.000000	0.000000
1109.999221	ecolipol	42.000000	0.000000	0.000000
1109.999221	gene_A	41.000000	58.000000	0.000000
1109.999221	gene_A*	23.000000	58.000000	0.000000
1109.999221	gene_B	356.000000	798.000000	0.000000
1109.999221	gene_C	259.000000	789.000000	0.000000
1109.999221	gene_D	221.000000	784.000000	0.000000
1109.999221	gene_E	181.000000	781.000000	0.000000
1109.999221	gene_F	106.000000	523.000000	0.000000
1109.999221	gene_G	34.000000	408.000000	0.026961
1109.999221	gene_H	0.000000	295.000000	0.088136
1109.999221	gene_J	109.000000	775.000000	0.081290
1109.999221	gene_K	259.000000	791.000000	0.000000
1109.999221	promoter_A	1.000000	0.000000	0.000000
1109.999221	promoter_B1	0.000000	0.000000	0.000000
1109.999221	promoter_D	0.000000	0.000000	0.000000
1114.999010	__gene_A*_rbs	58.000000	0.000000	0.000000
1114.999010	__gene_A_rbs	58.000000	0.000000	0.000000
1114.999010	__gene_B_rbs	802.000000	0.000000	0.000000
1114.999010	__gene_C_rbs	793.000000	0.000000	0.000000
1114.999010	__gene_D_rbs	788.000000	0.000000	0.000000
1114.999010	__gene_E_rbs	784.000000	0.000000	0.000000
1114.999010	__gene_F_rbs	526.000000	0.000000	0.000000
1114.999010	__gene_G_rbs	410.000000	0.000000	0.000000
1114.999010	__gene_H_rbs	296.000000	0.000000	0.000000
1114.999010	__gene_J_rbs	778.000000	0.000000	0.000000
1114.999010	__gene_K_rbs	794.000000	0.000000	0.000000
1114.999010	__ribosome	0.000000	0.000000	0.000000
1114.999010	bound_ecolipol	1889.000000	0.000000	0.000000
1114.999010	bound_ribosome	100.000000	0.000000	0.000000
1114.999010	ecoli_genome	111.000000	0.000000	0.000000
1114.999010	ecoli_transcript	84594.000000	0.000000	0.000000
1114.999010	ecolipol	42.000000	0.000000	0.000000
1114.999010	gene_A	41.000000	58.000000	0.000000
1114.999010	gene_A*	23.000000	58.000000	0.000000
1114.999010	gene_B	356.000000	802.000000	0.000000
1114.999010	gene_C	259.000000	793.000000	0.000000
1114.999010	gene_D	221.000000	788.000000	0.000000
1114.999010	gene_E	181.000000	784.000000	0.000000
1114.999010	gene_F	106.000000	526.000000	0.000000
1114.999010	gene_G	34.000000	410.000000	0.026829
1114.999010	gene_H	0.000000	296.000000	0.087838
1114.999010	gene_J	109.000000	778.000000	0.080977
1114.999010	gene_K	259.000000	794.000000	0.000000
1114.999010	promoter_A	1.000000	0.000000	0.000000
1114.999010	promoter_B1	0.000000	0.000000	0.000000
1114.999010	promoter_D	0.000000	0.000000	0.000000
1119.999296	__gene_A*_rbs	58.000000	0.000000	0.000000
1119.999296	__gene_A_rbs	58.000000	0.000000	0.000000
1119.999296	__gene_B_rbs	805.000000	0.000000	0.000000
1119.999296	__gene_C_rbs	796.000000	0.000000	0.000000
1119.999296	__gene_D_rbs	792.000000	0.000000	0.000000
1119.999296	__gene_E_rbs	788.000000	0.000000	0.000000
1119.999296	__gene_F_rbs	529.000000	0.000000	0.000000
1119.999296	__gene_G_rbs	412.000000	0.000000	0.000000
1119.999296	__gene_H_rbs	298.000000	0.000000	0.000000
1119.999296	__gene_J_rbs	782.000000	0.000000	0.000000
1119.999296	__gene_K_rbs	797.000000	0.000000	0.000000
1119.999296	__ribosome	0.000000	0.000000	0.000000
1119.999296	bound_ecolipol	1892.000000	0.000000	0.000000
1119.999296	bound_ribosome	100.000000	0.000000	0.000000
1119.999296	ecoli_genome	108.000000	0.000000	0.000000
1119.999296	ecoli_transcript	84945.000000	0.000000	0.000000
1119.999296	ecolipol	39.000000	0.000000	0.000000
1119.999296	gene_A	41.000000	58.000000	0.000000
1119.999296	gene_A*	23.000000	58.000000	0.000000
1119.999296	gene_B	356.000000	805.000000	0.000000
1119.999296	gene_C	259.000000	796.000000	0.000000
1119.999296	gene_D	221.000000	792.000000	0.000000
1119.999296	gene_E	181.000000	788.000000	0.000000
1119.999296	gene_F	106.000000	529.000000	0.000000
1119.999296	gene_G	34.000000	412.000000	0.026699
1119.999296	gene_H	0.000000	298.000000	0.087248
1119.999296	gene_J	109.000000	782.000000	0.080563
1119.999296	gene_K	259.000000	797.000000	0.000000
1119.999296	promoter_A	1.000000	0.000000	0.000000
1119.999296	promoter_B1	0.000000	0.000000	0.000000
1119.999296	promoter_D	0.000000	0.000000	0.000000
1124.999140	__gene_A*_rbs	58.000000	0.000000	0.000000
1124.999140	__gene_A_rbs	58.000000	0.000000	0.000000
1124.999140	__gene_B_rbs	809.000000	0.000000	0.000000
1124.999140	__gene_C_rbs	799.000000	0.000000	0.000000
1124.999140	__gene_D_rbs	795.000000	0.000000	0.000000
1124.999140	__gene_E_rbs	792.000000	0.000000	0.000000
1124.999140	__gene_F_rbs	531.000000	0.000000	0.000000
1124.999140	__gene_G_rbs	415.000000	0.000000	0.000000
1124.999140	__gene_H_rbs	300.000000	0.000000	0.000000
1124.999140	__gene_J_rbs	786.000000	0.000000	0.000000
1124.999140	__gene_K_rbs	801.000000	0.000000	0.000000
1124.999140	__ribosome	0.000000	0.000000	0.000000
1124.999140	bound_ecolipol	1900.000000	0.000000	0.000000
1124.999140	bound_ribosome	100.000000	0.000000	0.000000
1124.999140	ecoli_genome	100.000000	0.000000	0.000000
1124.999140	ecoli_transcript	85312.000000	0.000000	0.000000
1124.999140	ecolipol	31.000000	0.000000	0.000000
1124.999140	gene_A	41.000000	58.000000	0.000000
1124.999140	gene_A*	23.000000	58.000000	0.000000
1124.999140	gene_B	356.000000	809.000000	0.000000
1124.999140	gene_C	259.000000	799.000000	0.000000
1124.999140	gene_D	221.000000	795.000000	0.000000
1124.999140	gene_E	181.000000	792.000000	0.000000
1124.999140	gene_F	106.000000	531.000000	0.000000
1124.999140	gene_G	34.000000	415.000000	0.026506
1124.999140	gene_H	0.000000	300.000000	0.086667
1124.999140	gene_J	109.000000	786.000000	0.080153
1124.999140	gene_K	259.000000	801.000000	0.000000
1124.999140	promoter_A	1.000000	0.000000	0.000000
1124.999140	promoter_B1	0.000000	0.000000	0.000000
1124.999140	promoter_D	0.000000	0.000000	0.000000
1129.999282	__gene_A*_rbs	58.000000	0.000000	0.000000
1129.999282	__gene_A_rbs	58.000000	0.000000	0.000000
1129.999282	__gene_B_rbs	813.000000	0.000000	0.000000
1129.999282	__gene_C_rbs	803.000000	0.000000	0.000000
1129.999282	__gene_D_rbs	798.000000	0.000000	0.000000
1129.999282	__gene_E_rbs	795.000000	0.000000	0.000000
1129.999282	__gene_F_rbs	533.000000	0.000000	0.000000
1129.999282	__gene_G_rbs	417.000000	0.000000	0.000000
1129.999282	__gene_H_rbs	302.000000	0.000000	0.000000
1129.999282	__gene_J_rbs	789.000000	0.000000	0.000000
1129.999282	__gene_K_rbs	805.000000	0.000000	0.000000
1129.999282	__ribosome	0.000000	0.000000	0.000000
1129.999282	bound_ecolipol	1890.000000	0.000000	0.000000
1129.999282	bound_ribosome	100.000000	0.000000	0.000000
1129.999282	ecoli_genome	110.000000	0.000000	0.000000
1129.999282	ecoli_transcript	85703.000000	0.000000	0.000000
1129.999282	ecolipol	40.000000	0.000000	0.000000
1129.999282	gene_A	41.000000	58.000000	0.000000
1129.999282	gene_A*	23.000000	58.000000	0.000000
1129.999282	gene_B	356.000000	813.000000	0.000000
1129.999282	gene_C	259.000000	803.000000	0.000000
1129.999282	gene_D	221.000000	798.000000	0.000000
1129.999282	gene_E	181.000000	795.000000	0.000000
1129.999282	gene_F	106.000000	533.000000	0.000000
1129.999282	gene_G	34.000000	417.000000	0.026379
1129.999282	gene_H	0.000000	302.000000	0.086093
1129.999282	gene_J	109.000000	789.000000	0.079848
1129.999282	gene_K	259.000000	805.000000	0.000000
1129.999282	promoter_A	1.000000	0.000000	0.000000
1129.999282	promoter_B1	0.000000	0.000000	0.000000
1129.999282	promoter_D	0.000000	0.000000	0.000000
1134.999168	__gene_A*_rbs	58.000000	0.000000	0.000000
1134.999168	__gene_A_rbs	58.000000	0.000000	0.000000
1134.999168	__gene_B_rbs	817.000000	0.000000	0.000000
1134.999168	__gene_C_rbs	807.000000	0.000000	0.000000
1134.999168	__gene_D_rbs	802.000000	0.000000	0.000000
1134.999168	__gene_E_rbs	798.000000	0.000000	0.000000
1134.999168	__gene_F_rbs	536.000000	0.000000	0.000000
1134.999168	__gene_G_rbs	418.000000	0.000000	0.000000
1134.999168	__gene_H_rbs	303.000000	0.000000	0.000000
1134.999168	__gene_J_rbs	793.000000	0.000000	0.000000
1134.999168	__gene_K_rbs	808.000000	0.000000	0.000000
1134.999168	__ribosome	0.000000	0.000000	0.000000
1134.999168	bound_ecolipol	1883.000000	0.000000	0.000000
1134.999168	bound_ribosome	100.000000	0.000000	0.000000
1134.999168	ecoli_genome	117.000000	0.000000	0.000000
1134.999168	ecoli_transcript	86058.000000	0.000000	0.000000
1134.999168	ecolipol	46.000000	0.000000	0.000000
1134.999168	gene_A	41.000000	58.000000	0.000000
1134.999168	gene_A*	23.000000	58.000000	0.000000
1134.999168	gene_B	356.000000	817.000000	0.000000
1134.999168	gene_C	259.000000	807.000000	0.000000
1134.999168	gene_D	221.000000	802.000000	0.000000
1134.999168	gene_E	181.000000	798.000000	0.000000
1134.999168	gene_F	106.000000	536.000000	0.000000
1134.999168	gene_G	34.000000	418.000000	0.026316
1134.999168	gene_H	0.000000	303.000000	0.085809
1134.999168	gene_J	109.000000	793.000000	0.079445
1134.999168	gene_K	259.000000	808.000000	0.000000
1134.999168	promoter_A	1.000000	0.000000	0.000000
1134.999168	promoter_B1	0.000000	0.000000	0.000000
1134.999168	promoter_D	0.000000	0.000000	0.000000
1139.999285	__gene_A*_rbs	58.000000	0.000000	0.000000
1139.999285	__gene_A_rbs	58.000000	0.000000	0.000000
1139.999285	__gene_B_rbs	820.000000	0.000000	0.000000
1139.999285	__gene_C_rbs	810.000000	0.000000	0.000000
1139.999285	__gene_D_rbs	805.000000	0.000000	0.000000
1139.999285	__gene_E_rbs	802.000000	0.000000	0.000000
1139.999285	__gene_F_rbs	539.000000	0.000000	0.000000
1139.999285	__gene_G_rbs	420.000000	0.000000	0.000000
1139.999285	__gene_H_rbs	305.000000	0.000000	0.000000
1139.999285	__gene_J_rbs	796.000000	0.000000	0.000000
1139.999285	__gene_K_rbs	812.000000	0.000000	0.000000
1139.999285	__ribosome	0.000000	0.000000	0.000000
1139.999285	bound_ecolipol	1882.000000	0.000000	0.000000
1139.999285	bound_ribosome	100.000000	0.000000	0.000000
1139.999285	ecoli_genome	118.000000	0.000000	0.000000
1139.999285	ecoli_transcript	86443.000000	0.000000	0.000000
1139.999285	ecolipol	50.000000	0.000000	0.000000
1139.999285	gene_A	41.000000	58.000000	0.000000
1139.999285	gene_A*	23.000000	58.000000	0.000000
1139.999285	gene_B	356.000000	820.000000	0.000000
1139.999285	gene_C	259.000000	810.000000	0.000000
1139.999285	gene_D	221.000000	805.000000	0.000000
1139.999285	gene_E	181.000000	802.000000	0.000000
1139.999285	gene_F	106.000000	539.000000	0.000000
1139.999285	gene_G	34.000000	420.000000	0.026190
1139.999285	gene_H	0.000000	305.000000	0.085246
1139.999285	gene_J	109.000000	796.000000	0.079146
1139.999285	gene_K	259.000000	812.000000	0.000000
1139.999285	promoter_A	1.000000	0.000000	0.000000
1139.999285	promoter_B1	0.000000	0.000000	0.000000
1139.999285	promoter_D	0.000000	0.000000	0.000000
1144.999023	__gene_A*_rbs	58.000000	0.000000	0.000000
1144.999023	__gene_A_rbs	58.000000	0.000000	0.000000
1144.999023	__gene_B_rbs	823.000000	0.000000	0.000000
1144.999023	__gene_C_rbs	813.000000	0.000000	0.000000
1144.999023	__gene_D_rbs	808.000000	0.000000	0.000000
1144.999023	__gene_E_rbs	804.000000	0.000000	0.000000
1144.999023	__gene_F_rbs	541.000000	0.000000	0.000000
1144.999023	__gene_G_rbs	422.000000	0.000000	0.000000
1144.999023	__gene_H_rbs	307.000000	0.000000	0.000000
1144.999023	__gene_J_rbs	799.000000	0.000000	0.000000
1144.999023	__gene_K_rbs	815.000000	0.000000	0.000000
1144.999023	__ribosome	0.000000	0.000000	0.000000
1144.999023	bound_ecolipol	1885.000000	0.000000	0.000000
1144.999023	bound_ribosome	100.000000	0.000000	0.000000
1144.999023	ecoli_genome	115.000000	0.000000	0.000000
1144.999023	ecoli_transcript	86799.000000	0.000000	0.000000
1144.999023	ecolipol	45.000000	0.000000	0.000000
1144.999023	gene_A	41.000000	58.000000	0.000000
1144.999023	gene_A*	23.000000	58.000000	0.000000
1144.999023	gene_B	356.000000	823.000000	0.000000
1144.999023	gene_C	259.000000	813.000000	0.000000
1144.999023	gene_D	221.000000	808.000000	0.000000
1144.999023	gene_E	181.000000	804.000000	0.000000
1144.999023	gene_F	106.000000	541.000000	0.000000
1144.999023	gene_G	34.000000	422.000000	0.026066
1144.999023	gene_H	0.000000	307.000000	0.084691
1144.999023	gene_J	109.000000	799.000000	0.078849
1144.999023	gene_K	259.000000	815.000000	0.000000
1144.999023	promoter_A	1.000000	0.000000	0.000000
1144.999023	promoter_B1	0.000000	0.000000	0.000000
1144.999023	promoter_D	0.000000	0.000000	0.000000
1149.999034	__gene_A*_rbs	58.000000	0.000000	0.000000
1149.999034	__gene_A_rbs	58.000000	0.000000	0.000000
1149.999034	__gene_B_rbs	827.000000	0.000000	0.000000
1149.999034	__gene_C_rbs	817.000000	0.000000	0.000000
1149.999034	__gene_D_rbs	812.000000	0.000000	0.000000
1149.999034	__gene_E_rbs	808.000000	0.000000	0.000000
1149.999034	__gene_F_rbs	543.000000	0.000000	0.000000
1149.999034	__gene_G_rbs	424.000000	0.000000	0.000000
1149.999034	__gene_H_rbs	307.000000	0.000000	0.000000
1149.999034	__gene_J_rbs	802.000000	0.000000	0.000000
1149.999034	__gene_K_rbs	819.000000	0.000000	0.000000
1149.999034	__ribosome	0.000000	0.000000	0.000000
1149.999034	bound_ecolipol	1876.000000	0.000000	0.000000
1149.999034	bound_ribosome	100.000000	0.000000	0.000000
1149.999034	ecoli_genome	124.000000	0.000000	0.000000
1149.999034	ecoli_transcript	87207.000000	0.000000	0.000000
1149.999034	ecolipol	56.000000	0.000000	0.000000
1149.999034	gene_A	41.000000	58.000000	0.000000
1149.999034	gene_A*	23.000000	58.000000	0.000000
1149.999034	gene_B	356.000000	827.000000	0.000000
1149.999034	gene_C	259.000000	817.000000	0.000000
1149.999034	gene_D	221.000000	812.000000	0.000000
1149.999034	gene_E	181.000000	808.000000	0.000000
1149.999034	gene_F	106.000000	543.000000	0.000000
1149.999034	gene_G	34.000000	424.000000	0.025943
1149.999034	gene_H	0.000000	307.000000	0.084691
1149.999034	gene_J	109.000000	802.000000	0.078554
1149.999034	gene_K	259.000000	819.000000	0.000000
1149.999034	promoter_A	1.000000	0.000000	0.000000
1149.999034	promoter_B1	0.000000	0.000000	0.000000
1149.999034	promoter_D	0.000000	0.000000	0.000000
1154.999064	__gene_A*_rbs	58.000000	0.000000	0.000000
1154.999064	__gene_A_rbs	58.000000	0.000000	0.000000
1154.999064	__gene_B_rbs	831.000000	0.000000	0.000000
1154.999064	__gene_C_rbs	821.000000	0.000000	0.000000
1154.999064	__gene_D_rbs	815.000000	0.000000	0.000000
1154.999064	__gene_E_rbs	812.000000	0.000000	0.000000
1154.999064	__gene_F_rbs	545.000000	0.000000	0.000000
1154.999064	__gene_G_rbs	427.000000	0.000000	0.000000
1154.999064	__gene_H_rbs	309.000000	0.000000	0.000000
1154.999064	__gene_J_rbs	806.000000	0.000000	0.000000
1154.999064	__gene_K_rbs	822.000000	0.000000	0.000000
1154.999064	__ribosome	0.000000	0.000000	0.000000
1154.999064	bound_ecolipol	1889.000000	0.000000	0.000000
1154.999064	bound_ribosome	100.000000	0.000000	0.000000
1154.999064	ecoli_genome	111.000000	0.000000	0.000000
1154.999064	ecoli_transcript	87601.000000	0.000000	0.000000
1154.999064	ecolipol	42.000000	0.000000	0.000000
1154.999064	gene_A	41.000000	58.000000	0.000000
1154.999064	gene_A*	23.000000	58.000000	0.000000
1154.999064	gene_B	356.000000	831.000000	0.000000
1154.999064	gene_C	259.000000	821.000000	0.000000
1154.999064	gene_D	221.000000	815.000000	0.000000
1154.999064	gene_E	181.000000	812.000000	0.000000
1154.999064	gene_F	106.000000	545.000000	0.000000
1154.999064	gene_G	34.000000	427.000000	0.025761
1154.999064	gene_H	0.000000	309.000000	0.084142
1154.999064	gene_J	109.000000	806.000000	0.078164
1154.999064	gene_K	259.000000	822.000000	0.000000
1154.999064	promoter_A	1.000000	0.000000	0.000000
1154.999064	promoter_B1	0.000000	0.000000	0.000000
1154.999064	promoter_D	0.000000	0.000000	0.000000
1159.999093	__gene_A*_rbs	58.000000	0.000000	0.000000
1159.999093	__gene_A_rbs	58.000000	0.000000	0.000000
1159.999093	__gene_B_rbs	834.000000	0.000000	0.000000
1159.999093	__gene_C_rbs	824.000000	0.000000	0.000000
1159.999093	__gene_D_rbs	819.000000	0.000000	0.000000
1159.999093	__gene_E_rbs	815.000000	0.000000	0.000000
1159.999093	__gene_F_rbs	549.000000	0.000000	0.000000
1159.999093	__gene_G_rbs	429.000000	0.000000	0.000000
1159.999093	__gene_H_rbs	310.000000	0.000000	0.000000
1159.999093	__gene_J_rbs	809.000000	0.000000	0.000000
1159.999093	__gene_K_rbs	826.000000	0.000000	0.000000
1159.999093	__ribosome	0.000000	0.000000	0.000000
1159.999093	bound_ecolipol	1896.000000	0.000000	0.000000
1159.999093	bound_ribosome	100.000000	0.000000	0.000000
1159.999093	ecoli_genome	104.000000	0.000000	0.000000
1159.999093	ecoli_transcript	87948.000000	0.000000	0.000000
1159.999093	ecolipol	33.000000	0.000000	0.000000
1159.999093	gene_A	41.000000	58.000000	0.000000
1159.999093	gene_A*	23.000000	58.000000	0.000000
1159.999093	gene_B	356.000000	834.000000	0.000000
1159.999093	gene_C	259.000000	824.000000	0.000000
1159.999093	gene_D	221.000000	819.000000	0.000000
1159.999093	gene_E	181.000000	815.000000	0.000000
1159.999093	gene_F	106.000000	549.000000	0.000000
1159.999093	gene_G	34.000000	429.000000	0.025641
1159.999093	gene_H	0.000000	310.000000	0.083871
1159.999093	gene_J	109.000000	809.000000	0.077874
1159.999093	gene_K	259.000000	826.000000	0.000000
1159.999093	promoter_A	1.000000	0.000000	0.000000
1159.999093	promoter_B1	0.000000	0.000000	0.000000
1159.999093	promoter_D	0.000000	0.000000	0.000000
1164.999718	__gene_A*_rbs	58.000000	0.000000	0.000000
1164.999718	__gene_A_rbs	58.000000	0.000000	0.000000
1164.999718	__gene_B_rbs	838.000000	0.000000	0.000000
1164.999718	__gene_C_rbs	828.000000	0.000000	0.000000
1164.999718	__gene_D_rbs	823.000000	0.000000	0.000000
1164.999718	__gene_E_rbs	819.000000	0.000000	0.000000
1164.999718	__gene_F_rbs	551.000000	0.000000	0.000000
1164.999718	__gene_G_rbs	430.000000	0.000000	0.000000
1164.999718	__gene_H_rbs	313.000000	0.000000	0.000000
1164.999718	__gene_J_rbs	813.000000	0.000000	0.000000
1164.999718	__gene_K_rbs	830.000000	0.000000	0.000000
1164.999718	__ribosome	0.000000	0.000000	0.000000
1164.999718	bound_ecolipol	1885.000000	0.000000	0.000000
1164.999718	bound_ribosome	100.000000	0.000000	0.000000
1164.999718	ecoli_genome	115.000000	0.000000	0.000000
1164.999718	ecoli_transcript	88328.000000	0.000000	0.000000
1164.999718	ecolipol	43.000000	0.000000	0.000000
1164.999718	gene_A	41.000000	58.000000	0.000000
1164.999718	gene_A*	23.000000	58.000000	0.000000
1164.999718	gene_B	356.000000	838.000000	0.000000
1164.999718	gene_C	259.000000	828.000000	0.000000
1164.999718	gene_D	221.000000	823.000000	0.000000
1164.999718	gene_E	181.000000	819.000000	0.000000
1164.999718	gene_F	106.000000	551.000000	0.000000
1164.999718	gene_G	34.000000	430.000000	0.025581
1164.999718	gene_H	0.000000	313.000000	0.083067
1164.999718	gene_J	109.000000	813.000000	0.077491
1164.999718	gene_K	259.000000	830.000000	0.000000
1164.999718	promoter_A	1.000000	0.000000	0.000000
1164.999718	promoter_B1	0.000000	0.000000	0.000000
1164.999718	promoter_D	0.000000	0.000000	0.000000
1169.999650	__gene_A*_rbs	58.000000	0.000000	0.000000
1169.999650	__gene_A_rbs	58.000000	0.000000	0.000000
1169.999650	__gene_B_rbs	841.000000	0.000000	0.000000
1169.999650	__gene_C_rbs	831.000000	0.000000	0.000000
1169.999650	__gene_D_rbs	827.000000	0.000000	0.000000
1169.999650	__gene_E_rbs	822.000000	0.000000	0.000000
1169.999650	__gene_F_rbs	554.000000	0.000000	0.000000
1169.999650	__gene_G_rbs	434.000000	0.000000	0.000000
1169.999650	__gene_H_rbs	316.000000	0.000000	0.000000
1169.999650	__gene_J_rbs	816.000000	0.000000	0.000000
1169.999650	__gene_K_rbs	833.000000	0.000000	0.000000
1169.999650	__ribosome	0.000000	0.000000	0.000000
1169.999650	bound_ecolipol	1888.000000	0.000000	0.000000
1169.999650	bound_ribosome	100.000000	0.000000	0.000000
1169.999650	ecoli_genome	112.000000	0.000000	0.000000
1169.999650	ecoli_transcript	88709.000000	0.000000	0.000000
1169.999650	ecolipol	42.000000	0.000000	0.000000
1169.999650	gene_A	41.000000	58.000000	0.000000
1169.999650	gene_A*	23.000000	58.000000	0.000000
1169.999650	gene_B	356.000000	841.000000	0.000000
1169.999650	gene_C	259.000000	831.000000	0.000000
1169.999650	gene_D	221.000000	827.000000	0.000000
1169.999650	gene_E	181.000000	822.000000	0.000000
1169.999650	gene_F	106.000000	554.000000	0.000000
1169.999650	gene_G	34.000000	434.000000	0.025346
1169.999650	gene_H	0.000000	316.000000	0.082278
1169.999650	gene_J	109.000000	816.000000	0.077206
1169.999650	gene_K	259.000000	833.000000	0.000000
1169.999650	promoter_A	1.000000	0.000000	0.000000
1169.999650	promoter_B1	0.000000	0.000000	0.000000
1169.999650	promoter_D	0.000000	0.000000	0.000000
1174.999120	__gene_A*_rbs	58.000000	0.000000	0.000000
1174.999120	__gene_A_rbs	58.000000	0.000000	0.000000
1174.999120	__gene_B_rbs	845.000000	0.000000	0.000000
1174.999120	__gene_C_rbs	834.000000	0.000000	0.000000
1174.999120	__gene_D_rbs	830.000000	0.000000	0.000000
1174.999120	__gene_E_rbs	826.000000	0.000000	0.000000
1174.999120	__gene_F_rbs	555.000000	0.000000	0.000000
1174.999120	__gene_G_rbs	436.000000	0.000000	0.000000
1174.999120	__gene_H_rbs	316.000000	0.000000	0.000000
1174.999120	__gene_J_rbs	820.000000	0.000000	0.000000
1174.999120	__gene_K_rbs	836.000000	0.000000	0.000000
1174.999120	__ribosome	0.000000	0.000000	0.000000
1174.999120	bound_ecolipol	1889.000000	0.000000	0.000000
1174.999120	bound_ribosome	100.000000	0.000000	0.000000
1174.999120	ecoli_genome	111.000000	0.000000	0.000000
1174.999120	ecoli_transcript	89084.000000	0.000000	0.000000
1174.999120	ecolipol	40.000000	0.000000	0.000000
1174.999120	gene_A	41.000000	58.000000	0.000000
1174.999120	gene_A*	23.000000	58.000000	0.000000
1174.999120	gene_B	356.000000	845.000000	0.000000
1174.999120	gene_C	259.000000	834.000000	0.000000
1174.999120	gene_D	221.000000	830.000000	0.000000
1174.999120	gene_E	181.000000	826.000000	0.000000
1174.999120	gene_F	106.000000	555.000000	0.000000
1174.999120	gene_G	34.000000	436.000000	0.025229
1174.999120	gene_H	0.000000	316.000000	0.082278
1174.999120	gene_J	109.000000	820.000000	0.076829
1174.999120	gene_K	259.000000	836.000000	0.000000
1174.999120	promoter_A	1.000000	0.000000	0.000000
1174.999120	promoter_B1	0.000000	0.000000	0.000000
1174.999120	promoter_D	0.000000	0.000000	0.000000
1179.999085	__gene_A*_rbs	58.000000	0.000000	0.000000
1179.999085	__gene_A_rbs	58.000000	0.000000	0.000000
1179.999085	__gene_B_rbs	848.000000	0.000000	0.000000
1179.999085	__gene_C_rbs	838.000000	0.000000	0.000000
1179.999085	__gene_D_rbs	834.000000	0.000000	0.000000
1179.999085	__gene_E_rbs	830.000000	0.000000	0.000000
1179.999085	__gene_F_rbs	557.000000	0.000000	0.000000
1179.999085	__gene_G_rbs	439.000000	0.000000	0.000000
1179.999085	__gene_H_rbs	317.000000	0.000000	0.000000
1179.999085	__gene_J_rbs	824.000000	0.000000	0.000000
1179.999085	__gene_K_rbs	840.000000	0.000000	0.000000
1179.999085	__ribosome	0.000000	0.000000	0.000000
1179.999085	bound_ecolipol	1873.000000	0.000000	0.000000
1179.999085	bound_ribosome	100.000000	0.000000	0.000000
1179.999085	ecoli_genome	127.000000	0.000000	0.000000
1179.999085	ecoli_transcript	89449.000000	0.000000	0.000000
1179.999085	ecolipol	57.000000	0.000000	0.000000
1179.999085	gene_A	41.000000	58.000000	0.000000
1179.999085	gene_A*	23.000000	58.000000	0.000000
1179.999085	gene_B	356.000000	848.000000	0.000000
1179.999085	gene_C	259.000000	838.000000	0.000000
1179.999085	gene_D	221.000000	834.000000	0.000000
1179.999085	gene_E	181.000000	830.000000	0.000000
1179.999085	gene_F	106.000000	557.000000	0.000000
1179.999085	gene_G	34.000000	439.000000	0.025057
1179.999085	gene_H	0.000000	317.000000	0.082019
1179.999085	gene_J	109.000000	824.000000	0.076456
1179.999085	gene_K	259.000000	840.000000	0.000000
1179.999085	promoter_A	1.000000	0.000000	0.000000
1179.999085	promoter_B1	0.000000	0.000000	0.000000
1179.999085	promoter_D	1.000000	0.000000	0.000000
1184.999410	__gene_A*_rbs	58.000000	0.000000	0.000000
1184.999410	__gene_A_rbs	58.000000	0.000000	0.000000
1184.999410	__gene_B_rbs	852.000000	0.000000	0.000000
1184.999410	__gene_C_rbs	842.000000	0.000000	0.000000
1184.999410	__gene_D_rbs	837.000000	0.000000	0.000000
1184.999410	__gene_E_rbs	833.000000	0.000000	0.000000
1184.999410	__gene_F_rbs	561.000000	0.000000	0.000000
1184.999410	__gene_G_rbs	442.000000	0.000000	0.000000
1184.999410	__gene_H_rbs	318.000000	0.000000	0.000000
1184.999410	__gene_J_rbs	827.000000	0.000000	0.000000
1184.999410	__gene_K_rbs	843.000000	0.000000	0.000000
1184.999410	__ribosome	0.000000	0.000000	0.000000
1184.999410	bound_ecolipol	1892.000000	0.000000	0.000000
1184.999410	bound_ribosome	100.000000	0.000000	0.000000
1184.999410	ecoli_genome	108.000000	0.000000	0.000000
1184.999410	ecoli_transcript	89820.000000	0.000000	0.000000
1184.999410	ecolipol	37.000000	0.000000	0.000000
1184.999410	gene_A	41.000000	58.000000	0.000000
1184.999410	gene_A*	23.000000	58.000000	0.000000
1184.999410	gene_B	356.000000	852.000000	0.000000
1184.999410	gene_C	259.000000	842.000000	0.000000
1184.999410	gene_D	221.000000	837.000000	0.000000
1184.999410	gene_E	181.000000	833.000000	0.000000
1184.999410	gene_F	106.000000	561.000000	0.000000
1184.999410	gene_G	34.000000	442.000000	0.024887
1184.999410	gene_H	0.000000	318.000000	0.081761
1184.999410	gene_J	109.000000	827.000000	0.076179
1184.999410	gene_K	259.000000	843.000000	0.000000
1184.999410	promoter_A	1.000000	0.000000	0.000000
1184.999410	promoter_B1	0.000000	0.000000	0.000000
1184.999410	promoter_D	0.000000	0.000000	0.000000
1189.999314	__gene_A*_rbs	58.000000	0.000000	0.000000
1189.999314	__gene_A_rbs	58.000000	0.000000	0.000000
1189.999314	__gene_B_rbs	856.000000	0.000000	0.000000
1189.999314	__gene_C_rbs	846.000000	0.000000	0.000000
1189.999314	__gene_D_rbs	840.000000	0.000000	0.000000
1189.999314	__gene_E_rbs	836.000000	0.000000	0.000000
1189.999314	__gene_F_rbs	563.000000	0.000000	0.000000
1189.999314	__gene_G_rbs	445.000000	0.000000	0.000000
1189.999314	__gene_H_rbs	320.000000	0.000000	0.000000
1189.999314	__gene_J_rbs	832.000000	0.000000	0.000000
1189.999314	__gene_K_rbs	847.000000	0.000000	0.000000
1189.999314	__ribosome	0.000000	0.000000	0.000000
1189.999314	bound_ecolipol	1891.000000	0.000000	0.000000
1189.999314	bound_ribosome	100.000000	0.000000	0.000000
1189.999314	ecoli_genome	109.000000	0.000000	0.000000
1189.999314	ecoli_transcript	90170.000000	0.000000	0.000000
1189.999314	ecolipol	39.000000	0.000000	0.000000
1189.999314	gene_A	41.000000	58.000000	0.000000
1189.999314	gene_A*	23.000000	58.000000	0.000000
1189.999314	gene_B	356.000000	856.000000	0.000000
1189.999314	gene_C	259.000000	846.000000	0.000000
1189.999314	gene_D	221.000000	840.000000	0.000000
1189.999314	gene_E	181.000000	836.000000	0.000000
1189.999314	gene_F	106.000000	563.000000	0.000000
1189.999314	gene_G	34.000000	445.000000	0.024719
1189.999314	gene_H	0.000000	320.000000	0.081250
1189.999314	gene_J	109.000000	832.000000	0.075721
1189.999314	gene_K	259.000000	847.000000	0.000000
1189.999314	promoter_A	1.000000	0.000000	0.000000
1189.999314	promoter_B1	0.000000	0.000000	0.000000
1189.999314	promoter_D	0.000000	0.000000	0.000000
1194.999184	__gene_A*_rbs	58.000000	0.000000	0.000000
1194.999184	__gene_A_rbs	58.000000	0.000000	0.000000
1194.999184	__gene_B_rbs	859.000000	0.000000	0.000000
1194.999184	__gene_C_rbs	849.000000	0.000000	0.000000
1194.999184	__gene_D_rbs	844.000000	0.000000	0.000000
1194.999184	__gene_E_rbs	840.000000	0.000000	0.000000
1194.999184	__gene_F_rbs	567.000000	0.000000	0.000000
1194.999184	__gene_G_rbs	446.000000	0.000000	0.000000
1194.999184	__gene_H_rbs	323.000000	0.000000	0.000000
1194.999184	__gene_J_rbs	834.000000	0.000000	0.000000
1194.999184	__gene_K_rbs	851.000000	0.000000	0.000000
1194.999184	__ribosome	0.000000	0.000000	0.000000
1194.999184	bound_ecolipol	1897.000000	0.000000	0.000000
1194.999184	bound_ribosome	100.000000	0.000000	0.000000
1194.999184	ecoli_genome	103.000000	0.000000	0.000000
1194.999184	ecoli_transcript	90547.000000	0.000000	0.000000
1194.999184	ecolipol	31.000000	0.000000	0.000000
1194.999184	gene_A	41.000000	58.000000	0.000000
1194.999184	gene_A*	23.000000	58.000000	0.000000
1194.999184	gene_B	356.000000	859.000000	0.000000
1194.999184	gene_C	259.000000	849.000000	0.000000
1194.999184	gene_D	221.000000	844.000000	0.000000
1194.999184	gene_E	181.000000	840.000000	0.000000
1194.999184	gene_F	106.000000	567.000000	0.000000
1194.999184	gene_G	34.000000	446.000000	0.024664
1194.999184	gene_H	0.000000	323.000000	0.080495
1194.999184	gene_J	109.000000	834.000000	0.075540
1194.999184	gene_K	259.000000	851.000000	0.000000
1194.999184	promoter_A	1.000000	0.000000	0.000000
1194.999184	promoter_B1	0.000000	0.000000	0.000000
1194.999184	promoter_D	0.000000	0.000000	0.000000
1199.999083	__gene_A*_rbs	58.000000	0.000000	0.000000
1199.999083	__gene_A_rbs	58.000000	0.000000	0.000000
1199.999083	__gene_B_rbs	863.000000	0.000000	0.000000
1199.999083	__gene_C_rbs	853.000000	0.000000	0.000000
1199.999083	__gene_D_rbs	848.000000	0.000000	0.000000
1199.999083	__gene_E_rbs	843.000000	0.000000	0.000000
1199.999083	__gene_F_rbs	570.000000	0.000000	0.000000
1199.999083	__gene_G_rbs	448.000000	0.000000	0.000000
1199.999083	__gene_H_rbs	325.000000	0.000000	0.000000
1199.999083	__gene_J_rbs	837.000000	0.000000	0.000000
1199.999083	__gene_K_rbs	855.000000	0.000000	0.000000
1199.999083	__ribosome	0.000000	0.000000	0.000000
1199.999083	bound_ecolipol	1894.000000	0.000000	0.000000
1199.999083	bound_ribosome	100.000000	0.000000	0.000000
1199.999083	ecoli_genome	106.000000	0.000000	0.000000
1199.999083	ecoli_transcript	90942.000000	0.000000	0.000000
1199.999083	ecolipol	35.000000	0.000000	0.000000
1199.999083	gene_A	41.000000	58.000000	0.000000
1199.999083	gene_A*	23.000000	58.000000	0.000000
1199.999083	gene_B	356.000000	863.000000	0.000000
1199.999083	gene_C	259.000000	853.000000	0.000000
1199.999083	gene_D	221.000000	848.000000	0.000000
1199.999083	gene_E	181.000000	843.000000	0.000000
1199.999083	gene_F	106.000000	570.000000	0.000000
1199.999083	gene_G	34.000000	448.000000	0.024554
1199.999083	gene_H	0.000000	325.000000	0.080000
1199.999083	gene_J	109.000000	837.000000	0.075269
1199.999083	gene_K	259.000000	855.000000	0.000000
1199.999083	promoter_A	1.000000	0.000000	0.000000
1199.999083	promoter_B1	0.000000	0.000000	0.000000
1199.999083	promoter_D	0.000000	0.000000	0.000000
