time	species	protein	transcript	ribo_density
0.000000	__gene_A*_rbs	0.000000	0.000000	0.000000
0.000000	__gene_A_rbs	0.000000	0.000000	0.000000
0.000000	__gene_B_rbs	0.000000	0.000000	0.000000
0.000000	__gene_C_rbs	0.000000	0.000000	0.000000
0.000000	__gene_D_rbs	0.000000	0.000000	0.000000
0.000000	__gene_E_rbs	0.000000	0.000000	0.000000
0.000000	__gene_F_rbs	0.000000	0.000000	0.000000
0.000000	__gene_G_rbs	0.000000	0.000000	0.000000
0.000000	__gene_H_rbs	0.000000	0.000000	0.000000
0.000000	__gene_J_rbs	0.000000	0.000000	0.000000
0.000000	__gene_K_rbs	0.000000	0.000000	0.000000
0.000000	__ribosome	100.000000	0.000000	0.000000
0.000000	bound_ecolipol	2000.000000	0.000000	0.000000
0.000000	bound_ribosome	100.000000	0.000000	0.000000
0.000000	ecoli_genome	0.000000	0.000000	0.000000
0.000000	ecoli_transcript	0.000000	0.000000	0.000000
0.000000	ecolipol	0.000000	0.000000	0.000000
0.000000	promoter_A	1.000000	0.000000	0.000000
0.000000	promoter_B1	1.000000	0.000000	0.000000
0.000000	promoter_D	1.000000	0.000000	0.000000
5.000724	__gene_A*_rbs	0.000000	0.000000	0.000000
5.000724	__gene_A_rbs	2.000000	0.000000	0.000000
5.000724	__gene_B_rbs	0.000000	0.000000	0.000000
5.000724	__gene_C_rbs	0.000000	0.000000	0.000000
5.000724	__gene_D_rbs	0.000000	0.000000	0.000000
5.000724	__gene_E_rbs	0.000000	0.000000	0.000000
5.000724	__gene_F_rbs	0.000000	0.000000	0.000000
5.000724	__gene_G_rbs	0.000000	0.000000	0.000000
5.000724	__gene_H_rbs	0.000000	0.000000	0.000000
5.000724	__gene_J_rbs	0.000000	0.000000	0.000000
5.000724	__gene_K_rbs	0.000000	0.000000	0.000000
5.000724	__ribosome	90.000000	0.000000	0.000000
5.000724	bound_ecolipol	1939.000000	0.000000	0.000000
5.000724	bound_ribosome	100.000000	0.000000	0.000000
5.000724	ecoli_genome	61.000000	0.000000	0.000000
5.000724	ecoli_transcript	391.000000	0.000000	0.000000
5.000724	ecolipol	56.000000	0.000000	0.000000
5.000724	gene_A	0.000000	4.000000	2.500000
5.000724	promoter_A	0.000000	0.000000	0.000000
5.000724	promoter_B1	1.000000	0.000000	0.000000
5.000724	promoter_D	1.000000	0.000000	0.000000
9.999840	__gene_A*_rbs	0.000000	0.000000	0.000000
9.999840	__gene_A_rbs	3.000000	0.000000	0.000000
9.999840	__gene_B_rbs	1.000000	0.000000	0.000000
9.999840	__gene_C_rbs	0.000000	0.000000	0.000000
9.999840	__gene_D_rbs	0.000000	0.000000	0.000000
9.999840	__gene_E_rbs	0.000000	0.000000	0.000000
9.999840	__gene_F_rbs	0.000000	0.000000	0.000000
9.999840	__gene_G_rbs	0.000000	0.000000	0.000000
9.999840	__gene_H_rbs	0.000000	0.000000	0.000000
9.999840	__gene_J_rbs	0.000000	0.000000	0.000000
9.999840	__gene_K_rbs	0.000000	0.000000	0.000000
9.999840	__ribosome	69.000000	0.000000	0.000000
9.999840	bound_ecolipol	1930.000000	0.000000	0.000000
9.999840	bound_ribosome	100.000000	0.000000	0.000000
9.999840	ecoli_genome	70.000000	0.000000	0.000000
9.999840	ecoli_transcript	801.000000	0.000000	0.000000
9.999840	ecolipol	60.000000	0.000000	0.000000
9.999840	gene_A	0.000000	7.000000	4.428571
9.999840	gene_B	0.000000	1.000000	0.000000
9.999840	promoter_A	0.000000	0.000000	0.000000
9.999840	promoter_B1	1.000000	0.000000	0.000000
9.999840	promoter_D	1.000000	0.000000	0.000000
14.999055	__gene_A*_rbs	0.000000	0.000000	0.000000
14.999055	__gene_A_rbs	9.000000	0.000000	0.000000
14.999055	__gene_B_rbs	0.000000	0.000000	0.000000
14.999055	__gene_C_rbs	0.000000	0.000000	0.000000
14.999055	__gene_D_rbs	0.000000	0.000000	0.000000
14.999055	__gene_E_rbs	0.000000	0.000000	0.000000
14.999055	__gene_F_rbs	0.000000	0.000000	0.000000
14.999055	__gene_G_rbs	0.000000	0.000000	0.000000
14.999055	__gene_H_rbs	0.000000	0.000000	0.000000
14.999055	__gene_J_rbs	0.000000	0.000000	0.000000
14.999055	__gene_K_rbs	0.000000	0.000000	0.000000
14.999055	__ribosome	42.000000	0.000000	0.000000
14.999055	bound_ecolipol	1927.000000	0.000000	0.000000
14.999055	bound_ribosome	100.000000	0.000000	0.000000
14.999055	ecoli_genome	73.000000	0.000000	0.000000
14.999055	ecoli_transcript	1175.000000	0.000000	0.000000
14.999055	ecolipol	59.000000	0.000000	0.000000
14.999055	gene_A	0.000000	11.000000	5.000000
14.999055	gene_B	0.000000	1.000000	3.000000
14.999055	promoter_A	0.000000	0.000000	0.000000
14.999055	promoter_B1	1.000000	0.000000	0.000000
14.999055	promoter_D	1.000000	0.000000	0.000000
19.999012	__gene_A*_rbs	2.000000	0.000000	0.000000
19.999012	__gene_A_rbs	14.000000	0.000000	0.000000
19.999012	__gene_B_rbs	2.000000	0.000000	0.000000
19.999012	__gene_C_rbs	0.000000	0.000000	0.000000
19.999012	__gene_D_rbs	1.000000	0.000000	0.000000
19.999012	__gene_E_rbs	0.000000	0.000000	0.000000
19.999012	__gene_F_rbs	0.000000	0.000000	0.000000
19.999012	__gene_G_rbs	0.000000	0.000000	0.000000
19.999012	__gene_H_rbs	0.000000	0.000000	0.000000
19.999012	__gene_J_rbs	0.000000	0.000000	0.000000
19.999012	__gene_K_rbs	1.000000	0.000000	0.000000
19.999012	__ribosome	13.000000	0.000000	0.000000
19.999012	bound_ecolipol	1911.000000	0.000000	0.000000
19.999012	bound_ribosome	100.000000	0.000000	0.000000
19.999012	ecoli_genome	89.000000	0.000000	0.000000
19.999012	ecoli_transcript	1550.000000	0.000000	0.000000
19.999012	ecolipol	69.000000	0.000000	0.000000
19.999012	gene_A	0.000000	15.000000	5.200000
19.999012	gene_A*	0.000000	3.000000	1.000000
19.999012	gene_B	0.000000	2.000000	3.000000
19.999012	gene_D	0.000000	1.000000	0.000000
19.999012	gene_K	0.000000	1.000000	0.000000
19.999012	promoter_A	0.000000	0.000000	0.000000
19.999012	promoter_B1	1.000000	0.000000	0.000000
19.999012	promoter_D	1.000000	0.000000	0.000000
24.999010	__gene_A*_rbs	4.000000	0.000000	0.000000
24.999010	__gene_A_rbs	18.000000	0.000000	0.000000
24.999010	__gene_B_rbs	2.000000	0.000000	0.000000
24.999010	__gene_C_rbs	1.000000	0.000000	0.000000
24.999010	__gene_D_rbs	1.000000	0.000000	0.000000
24.999010	__gene_E_rbs	1.000000	0.000000	0.000000
24.999010	__gene_F_rbs	0.000000	0.000000	0.000000
24.999010	__gene_G_rbs	0.000000	0.000000	0.000000
24.999010	__gene_H_rbs	0.000000	0.000000	0.000000
24.999010	__gene_J_rbs	0.000000	0.000000	0.000000
24.999010	__gene_K_rbs	1.000000	0.000000	0.000000
24.999010	__ribosome	1.000000	0.000000	0.000000
24.999010	bound_ecolipol	1904.000000	0.000000	0.000000
24.999010	bound_ribosome	100.000000	0.000000	0.000000
24.999010	ecoli_genome	96.000000	0.000000	0.000000
24.999010	ecoli_transcript	1910.000000	0.000000	0.000000
24.999010	ecolipol	72.000000	0.000000	0.000000
24.999010	gene_A	0.000000	18.000000	4.888889
24.999010	gene_A*	0.000000	7.000000	0.714286
24.999010	gene_B	1.000000	2.000000	2.500000
24.999010	gene_C	0.000000	1.000000	0.000000
24.999010	gene_D	0.000000	1.000000	1.000000
24.999010	gene_E	0.000000	1.000000	0.000000
24.999010	gene_K	0.000000	1.000000	0.000000
24.999010	promoter_A	0.000000	0.000000	0.000000
24.999010	promoter_B1	0.000000	0.000000	0.000000
24.999010	promoter_D	1.000000	0.000000	0.000000
29.999329	__gene_A*_rbs	6.000000	0.000000	0.000000
29.999329	__gene_A_rbs	21.000000	0.000000	0.000000
29.999329	__gene_B_rbs	4.000000	0.000000	0.000000
29.999329	__gene_C_rbs	2.000000	0.000000	0.000000
29.999329	__gene_D_rbs	2.000000	0.000000	0.000000
29.999329	__gene_E_rbs	1.000000	0.000000	0.000000
29.999329	__gene_F_rbs	0.000000	0.000000	0.000000
29.999329	__gene_G_rbs	0.000000	0.000000	0.000000
29.999329	__gene_H_rbs	0.000000	0.000000	0.000000
29.999329	__gene_J_rbs	0.000000	0.000000	0.000000
29.999329	__gene_K_rbs	2.000000	0.000000	0.000000
29.999329	__ribosome	3.000000	0.000000	0.000000
29.999329	bound_ecolipol	1914.000000	0.000000	0.000000
29.999329	bound_ribosome	100.000000	0.000000	0.000000
29.999329	ecoli_genome	86.000000	0.000000	0.000000
29.999329	ecoli_transcript	2250.000000	0.000000	0.000000
29.999329	ecolipol	58.000000	0.000000	0.000000
29.999329	gene_A	0.000000	22.000000	4.136364
29.999329	gene_A*	0.000000	11.000000	0.454545
29.999329	gene_B	6.000000	4.000000	0.000000
29.999329	gene_C	0.000000	2.000000	0.000000
29.999329	gene_D	0.000000	2.000000	0.500000
29.999329	gene_E	0.000000	1.000000	0.000000
29.999329	gene_K	0.000000	2.000000	0.000000
29.999329	promoter_A	0.000000	0.000000	0.000000
29.999329	promoter_B1	0.000000	0.000000	0.000000
29.999329	promoter_D	1.000000	0.000000	0.000000
34.999471	__gene_A*_rbs	10.000000	0.000000	0.000000
34.999471	__gene_A_rbs	26.000000	0.000000	0.000000
34.999471	__gene_B_rbs	5.000000	0.000000	0.000000
34.999471	__gene_C_rbs	2.000000	0.000000	0.000000
34.999471	__gene_D_rbs	2.000000	0.000000	0.000000
34.999471	__gene_E_rbs	2.000000	0.000000	0.000000
34.999471	__gene_F_rbs	0.000000	0.000000	0.000000
34.999471	__gene_G_rbs	0.000000	0.000000	0.000000
34.999471	__gene_H_rbs	0.000000	0.000000	0.000000
34.999471	__gene_J_rbs	0.000000	0.000000	0.000000
34.999471	__gene_K_rbs	2.000000	0.000000	0.000000
34.999471	__ribosome	0.000000	0.000000	0.000000
34.999471	bound_ecolipol	1919.000000	0.000000	0.000000
34.999471	bound_ribosome	100.000000	0.000000	0.000000
34.999471	ecoli_genome	81.000000	0.000000	0.000000
34.999471	ecoli_transcript	2643.000000	0.000000	0.000000
34.999471	ecolipol	49.000000	0.000000	0.000000
34.999471	gene_A	0.000000	26.000000	3.576923
34.999471	gene_A*	0.000000	14.000000	0.428571
34.999471	gene_B	6.000000	6.000000	0.000000
34.999471	gene_C	0.000000	2.000000	0.000000
34.999471	gene_D	0.000000	2.000000	0.500000
34.999471	gene_E	0.000000	2.000000	0.000000
34.999471	gene_J	0.000000	1.000000	0.000000
34.999471	gene_K	0.000000	2.000000	0.000000
34.999471	promoter_A	0.000000	0.000000	0.000000
34.999471	promoter_B1	0.000000	0.000000	0.000000
34.999471	promoter_D	0.000000	0.000000	0.000000
39.999178	__gene_A*_rbs	15.000000	0.000000	0.000000
39.999178	__gene_A_rbs	30.000000	0.000000	0.000000
39.999178	__gene_B_rbs	8.000000	0.000000	0.000000
39.999178	__gene_C_rbs	3.000000	0.000000	0.000000
39.999178	__gene_D_rbs	3.000000	0.000000	0.000000
39.999178	__gene_E_rbs	2.000000	0.000000	0.000000
39.999178	__gene_F_rbs	1.000000	0.000000	0.000000
39.999178	__gene_G_rbs	0.000000	0.000000	0.000000
39.999178	__gene_H_rbs	0.000000	0.000000	0.000000
39.999178	__gene_J_rbs	1.000000	0.000000	0.000000
39.999178	__gene_K_rbs	4.000000	0.000000	0.000000
39.999178	__ribosome	0.000000	0.000000	0.000000
39.999178	bound_ecolipol	1901.000000	0.000000	0.000000
39.999178	bound_ribosome	100.000000	0.000000	0.000000
39.999178	ecoli_genome	99.000000	0.000000	0.000000
39.999178	ecoli_transcript	3033.000000	0.000000	0.000000
39.999178	ecolipol	64.000000	0.000000	0.000000
39.999178	gene_A	0.000000	30.000000	3.100000
39.999178	gene_A*	0.000000	18.000000	0.333333
39.999178	gene_B	6.000000	9.000000	0.111111
39.999178	gene_C	0.000000	3.000000	0.000000
39.999178	gene_D	1.000000	3.000000	0.000000
39.999178	gene_E	0.000000	2.000000	0.000000
39.999178	gene_F	0.000000	1.000000	0.000000
39.999178	gene_J	0.000000	1.000000	0.000000
39.999178	gene_K	0.000000	4.000000	0.000000
39.999178	promoter_A	0.000000	0.000000	0.000000
39.999178	promoter_B1	0.000000	0.000000	0.000000
39.999178	promoter_D	1.000000	0.000000	0.000000
44.999328	__gene_A*_rbs	22.000000	0.000000	0.000000
44.999328	__gene_A_rbs	33.000000	0.000000	0.000000
44.999328	__gene_B_rbs	9.000000	0.000000	0.000000
44.999328	__gene_C_rbs	5.000000	0.000000	0.000000
44.999328	__gene_D_rbs	3.000000	0.000000	0.000000
44.999328	__gene_E_rbs	3.000000	0.000000	0.000000
44.999328	__gene_F_rbs	1.000000	0.000000	0.000000
44.999328	__gene_G_rbs	0.000000	0.000000	0.000000
44.999328	__gene_H_rbs	0.000000	0.000000	0.000000
44.999328	__gene_J_rbs	2.000000	0.000000	0.000000
44.999328	__gene_K_rbs	6.000000	0.000000	0.000000
44.999328	__ribosome	0.000000	0.000000	0.000000
44.999328	bound_ecolipol	1916.000000	0.000000	0.000000
44.999328	bound_ribosome	100.000000	0.000000	0.000000
44.999328	ecoli_genome	84.000000	0.000000	0.000000
44.999328	ecoli_transcript	3409.000000	0.000000	0.000000
44.999328	ecolipol	44.000000	0.000000	0.000000
44.999328	gene_A	0.000000	33.000000	2.818182
44.999328	gene_A*	0.000000	22.000000	0.272727
44.999328	gene_B	6.000000	12.000000	0.083333
44.999328	gene_C	0.000000	5.000000	0.000000
44.999328	gene_D	1.000000	3.000000	0.000000
44.999328	gene_E	0.000000	3.000000	0.000000
44.999328	gene_F	0.000000	1.000000	0.000000
44.999328	gene_J	0.000000	2.000000	0.000000
44.999328	gene_K	0.000000	6.000000	0.000000
44.999328	promoter_A	0.000000	0.000000	0.000000
44.999328	promoter_B1	0.000000	0.000000	0.000000
44.999328	promoter_D	0.000000	0.000000	0.000000
49.999085	__gene_A*_rbs	24.000000	0.000000	0.000000
49.999085	__gene_A_rbs	37.000000	0.000000	0.000000
49.999085	__gene_B_rbs	10.000000	0.000000	0.000000
49.999085	__gene_C_rbs	8.000000	0.000000	0.000000
49.999085	__gene_D_rbs	6.000000	0.000000	0.000000
49.999085	__gene_E_rbs	3.000000	0.000000	0.000000
49.999085	__gene_F_rbs	2.000000	0.000000	0.000000
49.999085	__gene_G_rbs	0.000000	0.000000	0.000000
49.999085	__gene_H_rbs	0.000000	0.000000	0.000000
49.999085	__gene_J_rbs	2.000000	0.000000	0.000000
49.999085	__gene_K_rbs	7.000000	0.000000	0.000000
49.999085	__ribosome	0.000000	0.000000	0.000000
49.999085	bound_ecolipol	1903.000000	0.000000	0.000000
49.999085	bound_ribosome	100.000000	0.000000	0.000000
49.999085	ecoli_genome	97.000000	0.000000	0.000000
49.999085	ecoli_transcript	3783.000000	0.000000	0.000000
49.999085	ecolipol	54.000000	0.000000	0.000000
49.999085	gene_A	0.000000	37.000000	2.513514
49.999085	gene_A*	0.000000	25.000000	0.240000
49.999085	gene_B	7.000000	16.000000	0.062500
49.999085	gene_C	0.000000	8.000000	0.000000
49.999085	gene_D	1.000000	6.000000	0.000000
49.999085	gene_E	0.000000	3.000000	0.000000
49.999085	gene_F	0.000000	2.000000	0.000000
49.999085	gene_J	0.000000	2.000000	0.000000
49.999085	gene_K	0.000000	9.000000	0.000000
49.999085	promoter_A	0.000000	0.000000	0.000000
49.999085	promoter_B1	0.000000	0.000000	0.000000
49.999085	promoter_D	0.000000	0.000000	0.000000
54.999353	__gene_A*_rbs	27.000000	0.000000	0.000000
54.999353	__gene_A_rbs	40.000000	0.000000	0.000000
54.999353	__gene_B_rbs	15.000000	0.000000	0.000000
54.999353	__gene_C_rbs	10.000000	0.000000	0.000000
54.999353	__gene_D_rbs	8.000000	0.000000	0.000000
54.999353	__gene_E_rbs	6.000000	0.000000	0.000000
54.999353	__gene_F_rbs	3.000000	0.000000	0.000000
54.999353	__gene_G_rbs	0.000000	0.000000	0.000000
54.999353	__gene_H_rbs	0.000000	0.000000	0.000000
54.999353	__gene_J_rbs	3.000000	0.000000	0.000000
54.999353	__gene_K_rbs	11.000000	0.000000	0.000000
54.999353	__ribosome	1.000000	0.000000	0.000000
54.999353	bound_ecolipol	1906.000000	0.000000	0.000000
54.999353	bound_ribosome	100.000000	0.000000	0.000000
54.999353	ecoli_genome	94.000000	0.000000	0.000000
54.999353	ecoli_transcript	4200.000000	0.000000	0.000000
54.999353	ecolipol	47.000000	0.000000	0.000000
54.999353	gene_A	4.000000	41.000000	2.219512
54.999353	gene_A*	3.000000	28.000000	0.178571
54.999353	gene_B	7.000000	19.000000	0.052632
54.999353	gene_C	0.000000	11.000000	0.000000
54.999353	gene_D	1.000000	8.000000	0.125000
54.999353	gene_E	0.000000	6.000000	0.000000
54.999353	gene_F	0.000000	3.000000	0.000000
54.999353	gene_J	0.000000	3.000000	0.000000
54.999353	gene_K	0.000000	13.000000	0.076923
54.999353	promoter_A	0.000000	0.000000	0.000000
54.999353	promoter_B1	0.000000	0.000000	0.000000
54.999353	promoter_D	0.000000	0.000000	0.000000
59.999862	__gene_A*_rbs	32.000000	0.000000	0.000000
59.999862	__gene_A_rbs	43.000000	0.000000	0.000000
59.999862	__gene_B_rbs	22.000000	0.000000	0.000000
59.999862	__gene_C_rbs	12.000000	0.000000	0.000000
59.999862	__gene_D_rbs	12.000000	0.000000	0.000000
59.999862	__gene_E_rbs	8.000000	0.000000	0.000000
59.999862	__gene_F_rbs	3.000000	0.000000	0.000000
59.999862	__gene_G_rbs	0.000000	0.000000	0.000000
59.999862	__gene_H_rbs	0.000000	0.000000	0.000000
59.999862	__gene_J_rbs	5.000000	0.000000	0.000000
59.999862	__gene_K_rbs	10.000000	0.000000	0.000000
59.999862	__ribosome	3.000000	0.000000	0.000000
59.999862	bound_ecolipol	1902.000000	0.000000	0.000000
59.999862	bound_ribosome	100.000000	0.000000	0.000000
59.999862	ecoli_genome	98.000000	0.000000	0.000000
59.999862	ecoli_transcript	4612.000000	0.000000	0.000000
59.999862	ecolipol	48.000000	0.000000	0.000000
59.999862	gene_A	17.000000	44.000000	1.840909
59.999862	gene_A*	4.000000	32.000000	0.250000
59.999862	gene_B	7.000000	23.000000	0.043478
59.999862	gene_C	0.000000	14.000000	0.142857
59.999862	gene_D	1.000000	12.000000	0.083333
59.999862	gene_E	0.000000	8.000000	0.250000
59.999862	gene_F	0.000000	3.000000	0.333333
59.999862	gene_J	0.000000	5.000000	0.000000
59.999862	gene_K	1.000000	15.000000	0.066667
59.999862	promoter_A	0.000000	0.000000	0.000000
59.999862	promoter_B1	0.000000	0.000000	0.000000
59.999862	promoter_D	0.000000	0.000000	0.000000
64.999532	__gene_A*_rbs	35.000000	0.000000	0.000000
64.999532	__gene_A_rbs	48.000000	0.000000	0.000000
64.999532	__gene_B_rbs	26.000000	0.000000	0.000000
64.999532	__gene_C_rbs	16.000000	0.000000	0.000000
64.999532	__gene_D_rbs	15.000000	0.000000	0.000000
64.999532	__gene_E_rbs	10.000000	0.000000	0.000000
64.999532	__gene_F_rbs	4.000000	0.000000	0.000000
64.999532	__gene_G_rbs	0.000000	0.000000	0.000000
64.999532	__gene_H_rbs	0.000000	0.000000	0.000000
64.999532	__gene_J_rbs	6.000000	0.000000	0.000000
64.999532	__gene_K_rbs	16.000000	0.000000	0.000000
64.999532	__ribosome	2.000000	0.000000	0.000000
64.999532	bound_ecolipol	1894.000000	0.000000	0.000000
64.999532	bound_ribosome	100.000000	0.000000	0.000000
64.999532	ecoli_genome	106.000000	0.000000	0.000000
64.999532	ecoli_transcript	4994.000000	0.000000	0.000000
64.999532	ecolipol	53.000000	0.000000	0.000000
64.999532	gene_A	41.000000	48.000000	1.270833
64.999532	gene_A*	6.000000	35.000000	0.371429
64.999532	gene_B	8.000000	27.000000	0.148148
64.999532	gene_C	0.000000	17.000000	0.294118
64.999532	gene_D	1.000000	15.000000	0.133333
64.999532	gene_E	0.000000	11.000000	0.545455
64.999532	gene_F	0.000000	4.000000	0.500000
64.999532	gene_J	0.000000	7.000000	0.285714
64.999532	gene_K	2.000000	19.000000	0.157895
64.999532	promoter_A	0.000000	0.000000	0.000000
64.999532	promoter_B1	0.000000	0.000000	0.000000
64.999532	promoter_D	0.000000	0.000000	0.000000
69.999139	__gene_A*_rbs	39.000000	0.000000	0.000000
69.999139	__gene_A_rbs	49.000000	0.000000	0.000000
69.999139	__gene_B_rbs	30.000000	0.000000	0.000000
69.999139	__gene_C_rbs	17.000000	0.000000	0.000000
69.999139	__gene_D_rbs	18.000000	0.000000	0.000000
69.999139	__gene_E_rbs	13.000000	0.000000	0.000000
69.999139	__gene_F_rbs	6.000000	0.000000	0.000000
69.999139	__gene_G_rbs	0.000000	0.000000	0.000000
69.999139	__gene_H_rbs	0.000000	0.000000	0.000000
69.999139	__gene_J_rbs	10.000000	0.000000	0.000000
69.999139	__gene_K_rbs	23.000000	0.000000	0.000000
69.999139	__ribosome	0.000000	0.000000	0.000000
69.999139	bound_ecolipol	1896.000000	0.000000	0.000000
69.999139	bound_ribosome	100.000000	0.000000	0.000000
69.999139	ecoli_genome	104.000000	0.000000	0.000000
69.999139	ecoli_transcript	5365.000000	0.000000	0.000000
69.999139	ecolipol	48.000000	0.000000	0.000000
69.999139	gene_A	67.000000	51.000000	0.862745
69.999139	gene_A*	6.000000	39.000000	0.641026
69.999139	gene_B	8.000000	30.000000	0.366667
69.999139	gene_C	2.000000	21.000000	0.238095
69.999139	gene_D	2.000000	18.000000	0.166667
69.999139	gene_E	3.000000	14.000000	0.285714
69.999139	gene_F	0.000000	6.000000	0.333333
69.999139	gene_J	2.000000	10.000000	0.200000
69.999139	gene_K	5.000000	23.000000	0.173913
69.999139	promoter_A	0.000000	0.000000	0.000000
69.999139	promoter_B1	0.000000	0.000000	0.000000
69.999139	promoter_D	1.000000	0.000000	0.000000
74.999034	__gene_A*_rbs	43.000000	0.000000	0.000000
74.999034	__gene_A_rbs	55.000000	0.000000	0.000000
74.999034	__gene_B_rbs	33.000000	0.000000	0.000000
74.999034	__gene_C_rbs	23.000000	0.000000	0.000000
74.999034	__gene_D_rbs	20.000000	0.000000	0.000000
74.999034	__gene_E_rbs	18.000000	0.000000	0.000000
74.999034	__gene_F_rbs	8.000000	0.000000	0.000000
74.999034	__gene_G_rbs	0.000000	0.000000	0.000000
74.999034	__gene_H_rbs	0.000000	0.000000	0.000000
74.999034	__gene_J_rbs	12.000000	0.000000	0.000000
74.999034	__gene_K_rbs	25.000000	0.000000	0.000000
74.999034	__ribosome	1.000000	0.000000	0.000000
74.999034	bound_ecolipol	1891.000000	0.000000	0.000000
74.999034	bound_ribosome	100.000000	0.000000	0.000000
74.999034	ecoli_genome	109.000000	0.000000	0.000000
74.999034	ecoli_transcript	5769.000000	0.000000	0.000000
74.999034	ecolipol	49.000000	0.000000	0.000000
74.999034	gene_A	86.000000	55.000000	0.581818
74.999034	gene_A*	6.000000	43.000000	0.744186
74.999034	gene_B	10.000000	34.000000	0.264706
74.999034	gene_C	6.000000	24.000000	0.166667
74.999034	gene_D	2.000000	21.000000	0.333333
74.999034	gene_E	6.000000	18.000000	0.222222
74.999034	gene_F	0.000000	8.000000	0.250000
74.999034	gene_J	4.000000	12.000000	0.166667
74.999034	gene_K	9.000000	26.000000	0.269231
74.999034	promoter_A	0.000000	0.000000	0.000000
74.999034	promoter_B1	0.000000	0.000000	0.000000
74.999034	promoter_D	0.000000	0.000000	0.000000
79.999061	__gene_A*_rbs	45.000000	0.000000	0.000000
79.999061	__gene_A_rbs	57.000000	0.000000	0.000000
79.999061	__gene_B_rbs	38.000000	0.000000	0.000000
79.999061	__gene_C_rbs	25.000000	0.000000	0.000000
79.999061	__gene_D_rbs	25.000000	0.000000	0.000000
79.999061	__gene_E_rbs	18.000000	0.000000	0.000000
79.999061	__gene_F_rbs	11.000000	0.000000	0.000000
79.999061	__gene_G_rbs	1.000000	0.000000	0.000000
79.999061	__gene_H_rbs	0.000000	0.000000	0.000000
79.999061	__gene_J_rbs	15.000000	0.000000	0.000000
79.999061	__gene_K_rbs	26.000000	0.000000	0.000000
79.999061	__ribosome	1.000000	0.000000	0.000000
79.999061	bound_ecolipol	1892.000000	0.000000	0.000000
79.999061	bound_ribosome	100.000000	0.000000	0.000000
79.999061	ecoli_genome	108.000000	0.000000	0.000000
79.999061	ecoli_transcript	6194.000000	0.000000	0.000000
79.999061	ecolipol	46.000000	0.000000	0.000000
79.999061	gene_A	89.000000	58.000000	0.568966
79.999061	gene_A*	6.000000	47.000000	0.723404
79.999061	gene_B	15.000000	38.000000	0.236842
79.999061	gene_C	9.000000	28.000000	0.107143
79.999061	gene_D	3.000000	25.000000	0.320000
79.999061	gene_E	8.000000	20.000000	0.250000
79.999061	gene_F	0.000000	11.000000	0.181818
79.999061	gene_G	0.000000	1.000000	0.000000
79.999061	gene_J	7.000000	15.000000	0.066667
79.999061	gene_K	15.000000	30.000000	0.133333
79.999061	promoter_A	0.000000	0.000000	0.000000
79.999061	promoter_B1	0.000000	0.000000	0.000000
79.999061	promoter_D	0.000000	0.000000	0.000000
84.999494	__gene_A*_rbs	51.000000	0.000000	0.000000
84.999494	__gene_A_rbs	61.000000	0.000000	0.000000
84.999494	__gene_B_rbs	41.000000	0.000000	0.000000
84.999494	__gene_C_rbs	31.000000	0.000000	0.000000
84.999494	__gene_D_rbs	28.000000	0.000000	0.000000
84.999494	__gene_E_rbs	24.000000	0.000000	0.000000
84.999494	__gene_F_rbs	13.000000	0.000000	0.000000
84.999494	__gene_G_rbs	1.000000	0.000000	0.000000
84.999494	__gene_H_rbs	0.000000	0.000000	0.000000
84.999494	__gene_J_rbs	18.000000	0.000000	0.000000
84.999494	__gene_K_rbs	33.000000	0.000000	0.000000
84.999494	__ribosome	0.000000	0.000000	0.000000
84.999494	bound_ecolipol	1894.000000	0.000000	0.000000
84.999494	bound_ribosome	100.000000	0.000000	0.000000
84.999494	ecoli_genome	106.000000	0.000000	0.000000
84.999494	ecoli_transcript	6581.000000	0.000000	0.000000
84.999494	ecolipol	42.000000	0.000000	0.000000
84.999494	gene_A	93.000000	62.000000	0.564516
84.999494	gene_A*	6.000000	51.000000	0.725490
84.999494	gene_B	19.000000	41.000000	0.243902
84.999494	gene_C	10.000000	31.000000	0.064516
84.999494	gene_D	6.000000	28.000000	0.214286
84.999494	gene_E	11.000000	24.000000	0.083333
84.999494	gene_F	0.000000	13.000000	0.230769
84.999494	gene_G	0.000000	1.000000	0.000000
84.999494	gene_J	8.000000	18.000000	0.000000
84.999494	gene_K	18.000000	33.000000	0.151515
84.999494	promoter_A	1.000000	0.000000	0.000000
84.999494	promoter_B1	0.000000	0.000000	0.000000
84.999494	promoter_D	0.000000	0.000000	0.000000
89.999566	__gene_A*_rbs	53.000000	0.000000	0.000000
89.999566	__gene_A_rbs	65.000000	0.000000	0.000000
89.999566	__gene_B_rbs	45.000000	0.000000	0.000000
89.999566	__gene_C_rbs	35.000000	0.000000	0.000000
89.999566	__gene_D_rbs	30.000000	0.000000	0.000000
89.999566	__gene_E_rbs	28.000000	0.000000	0.000000
89.999566	__gene_F_rbs	14.000000	0.000000	0.000000
89.999566	__gene_G_rbs	2.000000	0.000000	0.000000
89.999566	__gene_H_rbs	0.000000	0.000000	0.000000
89.999566	__gene_J_rbs	21.000000	0.000000	0.000000
89.999566	__gene_K_rbs	36.000000	0.000000	0.000000
89.999566	__ribosome	1.000000	0.000000	0.000000
89.999566	bound_ecolipol	1893.000000	0.000000	0.000000
89.999566	bound_ribosome	100.000000	0.000000	0.000000
89.999566	ecoli_genome	107.000000	0.000000	0.000000
89.999566	ecoli_transcript	6924.000000	0.000000	0.000000
89.999566	ecolipol	41.000000	0.000000	0.000000
89.999566	gene_A	93.000000	65.000000	0.584615
89.999566	gene_A*	9.000000	54.000000	0.685185
89.999566	gene_B	21.000000	45.000000	0.222222
89.999566	gene_C	12.000000	35.000000	0.028571
89.999566	gene_D	9.000000	31.000000	0.129032
89.999566	gene_E	13.000000	28.000000	0.107143
89.999566	gene_F	0.000000	14.000000	0.214286
89.999566	gene_G	0.000000	2.000000	0.000000
89.999566	gene_J	8.000000	21.000000	0.047619
89.999566	gene_K	23.000000	37.000000	0.054054
89.999566	promoter_A	0.000000	0.000000	0.000000
89.999566	promoter_B1	0.000000	0.000000	0.000000
89.999566	promoter_D	0.000000	0.000000	0.000000
94.999078	__gene_A*_rbs	57.000000	0.000000	0.000000
94.999078	__gene_A_rbs	69.000000	0.000000	0.000000
94.999078	__gene_B_rbs	48.000000	0.000000	0.000000
94.999078	__gene_C_rbs	39.000000	0.000000	0.000000
94.999078	__gene_D_rbs	34.000000	0.000000	0.000000
94.999078	__gene_E_rbs	31.000000	0.000000	0.000000
94.999078	__gene_F_rbs	16.000000	0.000000	0.000000
94.999078	__gene_G_rbs	3.000000	0.000000	0.000000
94.999078	__gene_H_rbs	0.000000	0.000000	0.000000
94.999078	__gene_J_rbs	24.000000	0.000000	0.000000
94.999078	__gene_K_rbs	41.000000	0.000000	0.000000
94.999078	__ribosome	0.000000	0.000000	0.000000
94.999078	bound_ecolipol	1883.000000	0.000000	0.000000
94.999078	bound_ribosome	100.000000	0.000000	0.000000
94.999078	ecoli_genome	117.000000	0.000000	0.000000
94.999078	ecoli_transcript	7311.000000	0.000000	0.000000
94.999078	ecolipol	49.000000	0.000000	0.000000
94.999078	gene_A	93.000000	69.000000	0.594203
94.999078	gene_A*	12.000000	58.000000	0.637931
94.999078	gene_B	28.000000	48.000000	0.104167
94.999078	gene_C	12.000000	39.000000	0.025641
94.999078	gene_D	11.000000	34.000000	0.088235
94.999078	gene_E	13.000000	31.000000	0.161290
94.999078	gene_F	0.000000	16.000000	0.312500
94.999078	gene_G	0.000000	3.000000	0.000000
94.999078	gene_J	10.000000	25.000000	0.040000
94.999078	gene_K	23.000000	41.000000	0.048780
94.999078	promoter_A	0.000000	0.000000	0.000000
94.999078	promoter_B1	0.000000	0.000000	0.000000
94.999078	promoter_D	0.000000	0.000000	0.000000
99.999143	__gene_A*_rbs	59.000000	0.000000	0.000000
99.999143	__gene_A_rbs	72.000000	0.000000	0.000000
99.999143	__gene_B_rbs	52.000000	0.000000	0.000000
99.999143	__gene_C_rbs	42.000000	0.000000	0.000000
99.999143	__gene_D_rbs	37.000000	0.000000	0.000000
99.999143	__gene_E_rbs	33.000000	0.000000	0.000000
99.999143	__gene_F_rbs	19.000000	0.000000	0.000000
99.999143	__gene_G_rbs	3.000000	0.000000	0.000000
99.999143	__gene_H_rbs	0.000000	0.000000	0.000000
99.999143	__gene_J_rbs	27.000000	0.000000	0.000000
99.999143	__gene_K_rbs	43.000000	0.000000	0.000000
99.999143	__ribosome	2.000000	0.000000	0.000000
99.999143	bound_ecolipol	1889.000000	0.000000	0.000000
99.999143	bound_ribosome	100.000000	0.000000	0.000000
99.999143	ecoli_genome	111.000000	0.000000	0.000000
99.999143	ecoli_transcript	7675.000000	0.000000	0.000000
99.999143	ecolipol	39.000000	0.000000	0.000000
99.999143	gene_A	93.000000	73.000000	0.671233
99.999143	gene_A*	23.000000	61.000000	0.475410
99.999143	gene_B	30.000000	52.000000	0.076923
99.999143	gene_C	13.000000	42.000000	0.000000
99.999143	gene_D	12.000000	38.000000	0.105263
99.999143	gene_E	18.000000	33.000000	0.030303
99.999143	gene_F	0.000000	19.000000	0.315789
99.999143	gene_G	0.000000	3.000000	0.000000
99.999143	gene_J	12.000000	28.000000	0.107143
99.999143	gene_K	25.000000	44.000000	0.045455
99.999143	promoter_A	0.000000	0.000000	0.000000
99.999143	promoter_B1	0.000000	0.000000	0.000000
99.999143	promoter_D	0.000000	0.000000	0.000000
104.999468	__gene_A*_rbs	64.000000	0.000000	0.000000
104.999468	__gene_A_rbs	77.000000	0.000000	0.000000
104.999468	__gene_B_rbs	55.000000	0.000000	0.000000
104.999468	__gene_C_rbs	44.000000	0.000000	0.000000
104.999468	__gene_D_rbs	42.000000	0.000000	0.000000
104.999468	__gene_E_rbs	36.000000	0.000000	0.000000
104.999468	__gene_F_rbs	22.000000	0.000000	0.000000
104.999468	__gene_G_rbs	3.000000	0.000000	0.000000
104.999468	__gene_H_rbs	1.000000	0.000000	0.000000
104.999468	__gene_J_rbs	31.000000	0.000000	0.000000
104.999468	__gene_K_rbs	45.000000	0.000000	0.000000
104.999468	__ribosome	0.000000	0.000000	0.000000
104.999468	bound_ecolipol	1882.000000	0.000000	0.000000
104.999468	bound_ribosome	100.000000	0.000000	0.000000
104.999468	ecoli_genome	118.000000	0.000000	0.000000
104.999468	ecoli_transcript	8032.000000	0.000000	0.000000
104.999468	ecolipol	43.000000	0.000000	0.000000
104.999468	gene_A	93.000000	77.000000	0.662338
104.999468	gene_A*	32.000000	64.000000	0.328125
104.999468	gene_B	32.000000	56.000000	0.125000
104.999468	gene_C	13.000000	46.000000	0.043478
104.999468	gene_D	12.000000	42.000000	0.190476
104.999468	gene_E	18.000000	37.000000	0.081081
104.999468	gene_F	2.000000	22.000000	0.227273
104.999468	gene_G	0.000000	3.000000	0.000000
104.999468	gene_H	0.000000	1.000000	0.000000
104.999468	gene_J	14.000000	31.000000	0.032258
104.999468	gene_K	27.000000	47.000000	0.042553
104.999468	promoter_A	0.000000	0.000000	0.000000
104.999468	promoter_B1	0.000000	0.000000	0.000000
104.999468	promoter_D	0.000000	0.000000	0.000000
109.999237	__gene_A*_rbs	67.000000	0.000000	0.000000
109.999237	__gene_A_rbs	80.000000	0.000000	0.000000
109.999237	__gene_B_rbs	56.000000	0.000000	0.000000
109.999237	__gene_C_rbs	47.000000	0.000000	0.000000
109.999237	__gene_D_rbs	45.000000	0.000000	0.000000
109.999237	__gene_E_rbs	41.000000	0.000000	0.000000
109.999237	__gene_F_rbs	25.000000	0.000000	0.000000
109.999237	__gene_G_rbs	5.000000	0.000000	0.000000
109.999237	__gene_H_rbs	2.000000	0.000000	0.000000
109.999237	__gene_J_rbs	34.000000	0.000000	0.000000
109.999237	__gene_K_rbs	50.000000	0.000000	0.000000
109.999237	__ribosome	0.000000	0.000000	0.000000
109.999237	bound_ecolipol	1873.000000	0.000000	0.000000
109.999237	bound_ribosome	100.000000	0.000000	0.000000
109.999237	ecoli_genome	127.000000	0.000000	0.000000
109.999237	ecoli_transcript	8447.000000	0.000000	0.000000
109.999237	ecolipol	51.000000	0.000000	0.000000
109.999237	gene_A	96.000000	80.000000	0.612500
109.999237	gene_A*	38.000000	68.000000	0.279412
109.999237	gene_B	33.000000	59.000000	0.135593
109.999237	gene_C	13.000000	48.000000	0.083333
109.999237	gene_D	14.000000	45.000000	0.177778
109.999237	gene_E	18.000000	41.000000	0.121951
109.999237	gene_F	2.000000	25.000000	0.200000
109.999237	gene_G	0.000000	5.000000	0.000000
109.999237	gene_H	0.000000	2.000000	0.000000
109.999237	gene_J	14.000000	35.000000	0.057143
109.999237	gene_K	29.000000	51.000000	0.000000
109.999237	promoter_A	0.000000	0.000000	0.000000
109.999237	promoter_B1	0.000000	0.000000	0.000000
109.999237	promoter_D	0.000000	0.000000	0.000000
114.999211	__gene_A*_rbs	71.000000	0.000000	0.000000
114.999211	__gene_A_rbs	84.000000	0.000000	0.000000
114.999211	__gene_B_rbs	61.000000	0.000000	0.000000
114.999211	__gene_C_rbs	50.000000	0.000000	0.000000
114.999211	__gene_D_rbs	49.000000	0.000000	0.000000
114.999211	__gene_E_rbs	42.000000	0.000000	0.000000
114.999211	__gene_F_rbs	25.000000	0.000000	0.000000
114.999211	__gene_G_rbs	7.000000	0.000000	0.000000
114.999211	__gene_H_rbs	2.000000	0.000000	0.000000
114.999211	__gene_J_rbs	38.000000	0.000000	0.000000
114.999211	__gene_K_rbs	50.000000	0.000000	0.000000
114.999211	__ribosome	0.000000	0.000000	0.000000
114.999211	bound_ecolipol	1875.000000	0.000000	0.000000
114.999211	bound_ribosome	100.000000	0.000000	0.000000
114.999211	ecoli_genome	125.000000	0.000000	0.000000
114.999211	ecoli_transcript	8854.000000	0.000000	0.000000
114.999211	ecolipol	47.000000	0.000000	0.000000
114.999211	gene_A	98.000000	84.000000	0.583333
114.999211	gene_A*	40.000000	72.000000	0.277778
114.999211	gene_B	38.000000	62.000000	0.080645
114.999211	gene_C	15.000000	52.000000	0.096154
114.999211	gene_D	16.000000	49.000000	0.142857
114.999211	gene_E	22.000000	44.000000	0.068182
114.999211	gene_F	2.000000	25.000000	0.200000
114.999211	gene_G	0.000000	7.000000	0.000000
114.999211	gene_H	0.000000	2.000000	0.000000
114.999211	gene_J	15.000000	38.000000	0.078947
114.999211	gene_K	29.000000	54.000000	0.055556
114.999211	promoter_A	0.000000	0.000000	0.000000
114.999211	promoter_B1	0.000000	0.000000	0.000000
114.999211	promoter_D	0.000000	0.000000	0.000000
119.999508	__gene_A*_rbs	74.000000	0.000000	0.000000
119.999508	__gene_A_rbs	87.000000	0.000000	0.000000
119.999508	__gene_B_rbs	65.000000	0.000000	0.000000
119.999508	__gene_C_rbs	52.000000	0.000000	0.000000
119.999508	__gene_D_rbs	51.000000	0.000000	0.000000
119.999508	__gene_E_rbs	46.000000	0.000000	0.000000
119.999508	__gene_F_rbs	28.000000	0.000000	0.000000
119.999508	__gene_G_rbs	8.000000	0.000000	0.000000
119.999508	__gene_H_rbs	2.000000	0.000000	0.000000
119.999508	__gene_J_rbs	42.000000	0.000000	0.000000
119.999508	__gene_K_rbs	56.000000	0.000000	0.000000
119.999508	__ribosome	0.000000	0.000000	0.000000
119.999508	bound_ecolipol	1888.000000	0.000000	0.000000
119.999508	bound_ribosome	100.000000	0.000000	0.000000
119.999508	ecoli_genome	112.000000	0.000000	0.000000
119.999508	ecoli_transcript	9213.000000	0.000000	0.000000
119.999508	ecolipol	32.000000	0.000000	0.000000
119.999508	gene_A	108.000000	87.000000	0.482759
119.999508	gene_A*	43.000000	75.000000	0.266667
119.999508	gene_B	40.000000	66.000000	0.060606
119.999508	gene_C	18.000000	56.000000	0.142857
119.999508	gene_D	19.000000	52.000000	0.076923
119.999508	gene_E	23.000000	48.000000	0.104167
119.999508	gene_F	2.000000	28.000000	0.250000
119.999508	gene_G	0.000000	8.000000	0.000000
119.999508	gene_H	0.000000	2.000000	0.000000
119.999508	gene_J	17.000000	42.000000	0.119048
119.999508	gene_K	30.000000	58.000000	0.086207
119.999508	promoter_A	0.000000	0.000000	0.000000
119.999508	promoter_B1	0.000000	0.000000	0.000000
119.999508	promoter_D	0.000000	0.000000	0.000000
124.999466	__gene_A*_rbs	78.000000	0.000000	0.000000
124.999466	__gene_A_rbs	91.000000	0.000000	0.000000
124.999466	__gene_B_rbs	68.000000	0.000000	0.000000
124.999466	__gene_C_rbs	56.000000	0.000000	0.000000
124.999466	__gene_D_rbs	55.000000	0.000000	0.000000
124.999466	__gene_E_rbs	50.000000	0.000000	0.000000
124.999466	__gene_F_rbs	31.000000	0.000000	0.000000
124.999466	__gene_G_rbs	11.000000	0.000000	0.000000
124.999466	__gene_H_rbs	4.000000	0.000000	0.000000
124.999466	__gene_J_rbs	45.000000	0.000000	0.000000
124.999466	__gene_K_rbs	62.000000	0.000000	0.000000
124.999466	__ribosome	0.000000	0.000000	0.000000
124.999466	bound_ecolipol	1869.000000	0.000000	0.000000
124.999466	bound_ribosome	100.000000	0.000000	0.000000
124.999466	ecoli_genome	131.000000	0.000000	0.000000
124.999466	ecoli_transcript	9608.000000	0.000000	0.000000
124.999466	ecolipol	46.000000	0.000000	0.000000
124.999466	gene_A	115.000000	91.000000	0.450549
124.999466	gene_A*	45.000000	79.000000	0.253165
124.999466	gene_B	41.000000	70.000000	0.071429
124.999466	gene_C	21.000000	60.000000	0.166667
124.999466	gene_D	22.000000	56.000000	0.089286
124.999466	gene_E	25.000000	52.000000	0.115385
124.999466	gene_F	2.000000	31.000000	0.225806
124.999466	gene_G	0.000000	11.000000	0.000000
124.999466	gene_H	0.000000	4.000000	0.000000
124.999466	gene_J	19.000000	46.000000	0.108696
124.999466	gene_K	35.000000	62.000000	0.016129
124.999466	promoter_A	0.000000	0.000000	0.000000
124.999466	promoter_B1	0.000000	0.000000	0.000000
124.999466	promoter_D	0.000000	0.000000	0.000000
129.999123	__gene_A*_rbs	82.000000	0.000000	0.000000
129.999123	__gene_A_rbs	95.000000	0.000000	0.000000
129.999123	__gene_B_rbs	71.000000	0.000000	0.000000
129.999123	__gene_C_rbs	62.000000	0.000000	0.000000
129.999123	__gene_D_rbs	59.000000	0.000000	0.000000
129.999123	__gene_E_rbs	56.000000	0.000000	0.000000
129.999123	__gene_F_rbs	34.000000	0.000000	0.000000
129.999123	__gene_G_rbs	12.000000	0.000000	0.000000
129.999123	__gene_H_rbs	6.000000	0.000000	0.000000
129.999123	__gene_J_rbs	47.000000	0.000000	0.000000
129.999123	__gene_K_rbs	63.000000	0.000000	0.000000
129.999123	__ribosome	0.000000	0.000000	0.000000
129.999123	bound_ecolipol	1875.000000	0.000000	0.000000
129.999123	bound_ribosome	100.000000	0.000000	0.000000
129.999123	ecoli_genome	125.000000	0.000000	0.000000
129.999123	ecoli_transcript	9997.000000	0.000000	0.000000
129.999123	ecolipol	40.000000	0.000000	0.000000
129.999123	gene_A	121.000000	95.000000	0.389474
129.999123	gene_A*	49.000000	82.000000	0.243902
129.999123	gene_B	43.000000	73.000000	0.082192
129.999123	gene_C	26.000000	63.000000	0.111111
129.999123	gene_D	22.000000	60.000000	0.116667
129.999123	gene_E	28.000000	56.000000	0.071429
129.999123	gene_F	3.000000	35.000000	0.257143
129.999123	gene_G	0.000000	12.000000	0.083333
129.999123	gene_H	0.000000	6.000000	0.000000
129.999123	gene_J	21.000000	48.000000	0.104167
129.999123	gene_K	36.000000	65.000000	0.061538
129.999123	promoter_A	1.000000	0.000000	0.000000
129.999123	promoter_B1	0.000000	0.000000	0.000000
129.999123	promoter_D	0.000000	0.000000	0.000000
134.999136	__gene_A*_rbs	85.000000	0.000000	0.000000
134.999136	__gene_A_rbs	99.000000	0.000000	0.000000
134.999136	__gene_B_rbs	72.000000	0.000000	0.000000
134.999136	__gene_C_rbs	64.000000	0.000000	0.000000
134.999136	__gene_D_rbs	63.000000	0.000000	0.000000
134.999136	__gene_E_rbs	59.000000	0.000000	0.000000
134.999136	__gene_F_rbs	35.000000	0.000000	0.000000
134.999136	__gene_G_rbs	12.000000	0.000000	0.000000
134.999136	__gene_H_rbs	7.000000	0.000000	0.000000
134.999136	__gene_J_rbs	52.000000	0.000000	0.000000
134.999136	__gene_K_rbs	66.000000	0.000000	0.000000
134.999136	__ribosome	0.000000	0.000000	0.000000
134.999136	bound_ecolipol	1871.000000	0.000000	0.000000
134.999136	bound_ribosome	100.000000	0.000000	0.000000
134.999136	ecoli_genome	129.000000	0.000000	0.000000
134.999136	ecoli_transcript	10372.000000	0.000000	0.000000
134.999136	ecolipol	43.000000	0.000000	0.000000
134.999136	gene_A	126.000000	99.000000	0.343434
134.999136	gene_A*	52.000000	86.000000	0.279070
134.999136	gene_B	45.000000	77.000000	0.116883
134.999136	gene_C	31.000000	67.000000	0.029851
134.999136	gene_D	23.000000	63.000000	0.111111
134.999136	gene_E	32.000000	59.000000	0.050847
134.999136	gene_F	5.000000	35.000000	0.200000
134.999136	gene_G	0.000000	12.000000	0.083333
134.999136	gene_H	0.000000	7.000000	0.000000
134.999136	gene_J	23.000000	52.000000	0.153846
134.999136	gene_K	39.000000	69.000000	0.072464
134.999136	promoter_A	0.000000	0.000000	0.000000
134.999136	promoter_B1	0.000000	0.000000	0.000000
134.999136	promoter_D	0.000000	0.000000	0.000000
139.999495	__gene_A*_rbs	89.000000	0.000000	0.000000
139.999495	__gene_A_rbs	103.000000	0.000000	0.000000
139.999495	__gene_B_rbs	80.000000	0.000000	0.000000
139.999495	__gene_C_rbs	69.000000	0.000000	0.000000
139.999495	__gene_D_rbs	67.000000	0.000000	0.000000
139.999495	__gene_E_rbs	63.000000	0.000000	0.000000
139.999495	__gene_F_rbs	38.000000	0.000000	0.000000
139.999495	__gene_G_rbs	13.000000	0.000000	0.000000
139.999495	__gene_H_rbs	8.000000	0.000000	0.000000
139.999495	__gene_J_rbs	55.000000	0.000000	0.000000
139.999495	__gene_K_rbs	73.000000	0.000000	0.000000
139.999495	__ribosome	0.000000	0.000000	0.000000
139.999495	bound_ecolipol	1881.000000	0.000000	0.000000
139.999495	bound_ribosome	100.000000	0.000000	0.000000
139.999495	ecoli_genome	119.000000	0.000000	0.000000
139.999495	ecoli_transcript	10709.000000	0.000000	0.000000
139.999495	ecolipol	34.000000	0.000000	0.000000
139.999495	gene_A	130.000000	103.000000	0.320388
139.999495	gene_A*	53.000000	90.000000	0.266667
139.999495	gene_B	47.000000	80.000000	0.100000
139.999495	gene_C	33.000000	71.000000	0.056338
139.999495	gene_D	26.000000	67.000000	0.104478
139.999495	gene_E	32.000000	63.000000	0.079365
139.999495	gene_F	6.000000	38.000000	0.210526
139.999495	gene_G	0.000000	13.000000	0.153846
139.999495	gene_H	0.000000	8.000000	0.000000
139.999495	gene_J	26.000000	56.000000	0.125000
139.999495	gene_K	43.000000	73.000000	0.027397
139.999495	promoter_A	0.000000	0.000000	0.000000
139.999495	promoter_B1	0.000000	0.000000	0.000000
139.999495	promoter_D	0.000000	0.000000	0.000000
144.999144	__gene_A*_rbs	94.000000	0.000000	0.000000
144.999144	__gene_A_rbs	106.000000	0.000000	0.000000
144.999144	__gene_B_rbs	84.000000	0.000000	0.000000
144.999144	__gene_C_rbs	73.000000	0.000000	0.000000
144.999144	__gene_D_rbs	69.000000	0.000000	0.000000
144.999144	__gene_E_rbs	66.000000	0.000000	0.000000
144.999144	__gene_F_rbs	41.000000	0.000000	0.000000
144.999144	__gene_G_rbs	15.000000	0.000000	0.000000
144.999144	__gene_H_rbs	9.000000	0.000000	0.000000
144.999144	__gene_J_rbs	59.000000	0.000000	0.000000
144.999144	__gene_K_rbs	74.000000	0.000000	0.000000
144.999144	__ribosome	0.000000	0.000000	0.000000
144.999144	bound_ecolipol	1877.000000	0.000000	0.000000
144.999144	bound_ribosome	100.000000	0.000000	0.000000
144.999144	ecoli_genome	123.000000	0.000000	0.000000
144.999144	ecoli_transcript	11081.000000	0.000000	0.000000
144.999144	ecolipol	35.000000	0.000000	0.000000
144.999144	gene_A	133.000000	106.000000	0.349057
144.999144	gene_A*	57.000000	94.000000	0.223404
144.999144	gene_B	51.000000	85.000000	0.094118
144.999144	gene_C	34.000000	75.000000	0.066667
144.999144	gene_D	29.000000	71.000000	0.070423
144.999144	gene_E	35.000000	66.000000	0.060606
144.999144	gene_F	6.000000	42.000000	0.238095
144.999144	gene_G	0.000000	15.000000	0.133333
144.999144	gene_H	0.000000	9.000000	0.000000
144.999144	gene_J	28.000000	59.000000	0.118644
144.999144	gene_K	45.000000	76.000000	0.013158
144.999144	promoter_A	0.000000	0.000000	0.000000
144.999144	promoter_B1	0.000000	0.000000	0.000000
144.999144	promoter_D	0.000000	0.000000	0.000000
149.999457	__gene_A*_rbs	98.000000	0.000000	0.000000
149.999457	__gene_A_rbs	109.000000	0.000000	0.000000
149.999457	__gene_B_rbs	86.000000	0.000000	0.000000
149.999457	__gene_C_rbs	75.000000	0.000000	0.000000
149.999457	__gene_D_rbs	73.000000	0.000000	0.000000
149.999457	__gene_E_rbs	69.000000	0.000000	0.000000
149.999457	__gene_F_rbs	44.000000	0.000000	0.000000
149.999457	__gene_G_rbs	16.000000	0.000000	0.000000
149.999457	__gene_H_rbs	9.000000	0.000000	0.000000
149.999457	__gene_J_rbs	63.000000	0.000000	0.000000
149.999457	__gene_K_rbs	79.000000	0.000000	0.000000
149.999457	__ribosome	0.000000	0.000000	0.000000
149.999457	bound_ecolipol	1875.000000	0.000000	0.000000
149.999457	bound_ribosome	100.000000	0.000000	0.000000
149.999457	ecoli_genome	125.000000	0.000000	0.000000
149.999457	ecoli_transcript	11469.000000	0.000000	0.000000
149.999457	ecolipol	40.000000	0.000000	0.000000
149.999457	gene_A	139.000000	109.000000	0.311927
149.999457	gene_A*	60.000000	98.000000	0.224490
149.999457	gene_B	55.000000	88.000000	0.068182
149.999457	gene_C	37.000000	78.000000	0.064103
149.999457	gene_D	30.000000	74.000000	0.094595
149.999457	gene_E	38.000000	70.000000	0.014286
149.999457	gene_F	7.000000	44.000000	0.227273
149.999457	gene_G	1.000000	16.000000	0.062500
149.999457	gene_H	0.000000	9.000000	0.111111
149.999457	gene_J	28.000000	63.000000	0.190476
149.999457	gene_K	45.000000	80.000000	0.012500
149.999457	promoter_A	0.000000	0.000000	0.000000
149.999457	promoter_B1	0.000000	0.000000	0.000000
149.999457	promoter_D	0.000000	0.000000	0.000000
154.999159	__gene_A*_rbs	101.000000	0.000000	0.000000
154.999159	__gene_A_rbs	112.000000	0.000000	0.000000
154.999159	__gene_B_rbs	92.000000	0.000000	0.000000
154.999159	__gene_C_rbs	81.000000	0.000000	0.000000
154.999159	__gene_D_rbs	78.000000	0.000000	0.000000
154.999159	__gene_E_rbs	72.000000	0.000000	0.000000
154.999159	__gene_F_rbs	45.000000	0.000000	0.000000
154.999159	__gene_G_rbs	18.000000	0.000000	0.000000
154.999159	__gene_H_rbs	10.000000	0.000000	0.000000
154.999159	__gene_J_rbs	67.000000	0.000000	0.000000
154.999159	__gene_K_rbs	82.000000	0.000000	0.000000
154.999159	__ribosome	0.000000	0.000000	0.000000
154.999159	bound_ecolipol	1875.000000	0.000000	0.000000
154.999159	bound_ribosome	100.000000	0.000000	0.000000
154.999159	ecoli_genome	125.000000	0.000000	0.000000
154.999159	ecoli_transcript	11830.000000	0.000000	0.000000
154.999159	ecolipol	39.000000	0.000000	0.000000
154.999159	gene_A	144.000000	113.000000	0.283186
154.999159	gene_A*	63.000000	101.000000	0.227723
154.999159	gene_B	58.000000	92.000000	0.065217
154.999159	gene_C	39.000000	81.000000	0.037037
154.999159	gene_D	33.000000	78.000000	0.064103
154.999159	gene_E	39.000000	74.000000	0.067568
154.999159	gene_F	7.000000	45.000000	0.244444
154.999159	gene_G	1.000000	18.000000	0.055556
154.999159	gene_H	0.000000	10.000000	0.200000
154.999159	gene_J	31.000000	67.000000	0.149254
154.999159	gene_K	46.000000	83.000000	0.024096
154.999159	promoter_A	0.000000	0.000000	0.000000
154.999159	promoter_B1	0.000000	0.000000	0.000000
154.999159	promoter_D	0.000000	0.000000	0.000000
159.999028	__gene_A*_rbs	105.000000	0.000000	0.000000
159.999028	__gene_A_rbs	116.000000	0.000000	0.000000
159.999028	__gene_B_rbs	95.000000	0.000000	0.000000
159.999028	__gene_C_rbs	83.000000	0.000000	0.000000
159.999028	__gene_D_rbs	82.000000	0.000000	0.000000
159.999028	__gene_E_rbs	76.000000	0.000000	0.000000
159.999028	__gene_F_rbs	47.000000	0.000000	0.000000
159.999028	__gene_G_rbs	20.000000	0.000000	0.000000
159.999028	__gene_H_rbs	11.000000	0.000000	0.000000
159.999028	__gene_J_rbs	70.000000	0.000000	0.000000
159.999028	__gene_K_rbs	85.000000	0.000000	0.000000
159.999028	__ribosome	0.000000	0.000000	0.000000
159.999028	bound_ecolipol	1879.000000	0.000000	0.000000
159.999028	bound_ribosome	100.000000	0.000000	0.000000
159.999028	ecoli_genome	121.000000	0.000000	0.000000
159.999028	ecoli_transcript	12199.000000	0.000000	0.000000
159.999028	ecolipol	37.000000	0.000000	0.000000
159.999028	gene_A	144.000000	116.000000	0.284483
159.999028	gene_A*	65.000000	105.000000	0.209524
159.999028	gene_B	59.000000	96.000000	0.052083
159.999028	gene_C	42.000000	85.000000	0.000000
159.999028	gene_D	34.000000	82.000000	0.060976
159.999028	gene_E	39.000000	77.000000	0.077922
159.999028	gene_F	7.000000	47.000000	0.276596
159.999028	gene_G	2.000000	20.000000	0.000000
159.999028	gene_H	0.000000	11.000000	0.181818
159.999028	gene_J	31.000000	70.000000	0.157143
159.999028	gene_K	48.000000	87.000000	0.034483
159.999028	promoter_A	0.000000	0.000000	0.000000
159.999028	promoter_B1	0.000000	0.000000	0.000000
159.999028	promoter_D	0.000000	0.000000	0.000000
164.999024	__gene_A*_rbs	106.000000	0.000000	0.000000
164.999024	__gene_A_rbs	120.000000	0.000000	0.000000
164.999024	__gene_B_rbs	98.000000	0.000000	0.000000
164.999024	__gene_C_rbs	87.000000	0.000000	0.000000
164.999024	__gene_D_rbs	85.000000	0.000000	0.000000
164.999024	__gene_E_rbs	81.000000	0.000000	0.000000
164.999024	__gene_F_rbs	49.000000	0.000000	0.000000
164.999024	__gene_G_rbs	22.000000	0.000000	0.000000
164.999024	__gene_H_rbs	12.000000	0.000000	0.000000
164.999024	__gene_J_rbs	74.000000	0.000000	0.000000
164.999024	__gene_K_rbs	88.000000	0.000000	0.000000
164.999024	__ribosome	1.000000	0.000000	0.000000
164.999024	bound_ecolipol	1877.000000	0.000000	0.000000
164.999024	bound_ribosome	100.000000	0.000000	0.000000
164.999024	ecoli_genome	123.000000	0.000000	0.000000
164.999024	ecoli_transcript	12552.000000	0.000000	0.000000
164.999024	ecolipol	37.000000	0.000000	0.000000
164.999024	gene_A	145.000000	120.000000	0.300000
164.999024	gene_A*	69.000000	109.000000	0.192661
164.999024	gene_B	63.000000	100.000000	0.030000
164.999024	gene_C	42.000000	89.000000	0.011236
164.999024	gene_D	37.000000	85.000000	0.070588
164.999024	gene_E	44.000000	81.000000	0.074074
164.999024	gene_F	9.000000	49.000000	0.224490
164.999024	gene_G	2.000000	22.000000	0.045455
164.999024	gene_H	0.000000	12.000000	0.166667
164.999024	gene_J	31.000000	74.000000	0.148649
164.999024	gene_K	51.000000	91.000000	0.010989
164.999024	promoter_A	0.000000	0.000000	0.000000
164.999024	promoter_B1	0.000000	0.000000	0.000000
164.999024	promoter_D	0.000000	0.000000	0.000000
169.999161	__gene_A*_rbs	112.000000	0.000000	0.000000
169.999161	__gene_A_rbs	122.000000	0.000000	0.000000
169.999161	__gene_B_rbs	103.000000	0.000000	0.000000
169.999161	__gene_C_rbs	91.000000	0.000000	0.000000
169.999161	__gene_D_rbs	88.000000	0.000000	0.000000
169.999161	__gene_E_rbs	85.000000	0.000000	0.000000
169.999161	__gene_F_rbs	52.000000	0.000000	0.000000
169.999161	__gene_G_rbs	25.000000	0.000000	0.000000
169.999161	__gene_H_rbs	13.000000	0.000000	0.000000
169.999161	__gene_J_rbs	78.000000	0.000000	0.000000
169.999161	__gene_K_rbs	93.000000	0.000000	0.000000
169.999161	__ribosome	0.000000	0.000000	0.000000
169.999161	bound_ecolipol	1878.000000	0.000000	0.000000
169.999161	bound_ribosome	100.000000	0.000000	0.000000
169.999161	ecoli_genome	122.000000	0.000000	0.000000
169.999161	ecoli_transcript	12938.000000	0.000000	0.000000
169.999161	ecolipol	36.000000	0.000000	0.000000
169.999161	gene_A	150.000000	123.000000	0.268293
169.999161	gene_A*	76.000000	112.000000	0.125000
169.999161	gene_B	64.000000	104.000000	0.076923
169.999161	gene_C	42.000000	92.000000	0.043478
169.999161	gene_D	38.000000	88.000000	0.079545
169.999161	gene_E	46.000000	85.000000	0.058824
169.999161	gene_F	10.000000	52.000000	0.211538
169.999161	gene_G	2.000000	25.000000	0.040000
169.999161	gene_H	0.000000	13.000000	0.230769
169.999161	gene_J	31.000000	78.000000	0.153846
169.999161	gene_K	52.000000	94.000000	0.021277
169.999161	promoter_A	0.000000	0.000000	0.000000
169.999161	promoter_B1	0.000000	0.000000	0.000000
169.999161	promoter_D	0.000000	0.000000	0.000000
174.999422	__gene_A*_rbs	115.000000	0.000000	0.000000
174.999422	__gene_A_rbs	126.000000	0.000000	0.000000
174.999422	__gene_B_rbs	106.000000	0.000000	0.000000
174.999422	__gene_C_rbs	95.000000	0.000000	0.000000
174.999422	__gene_D_rbs	92.000000	0.000000	0.000000
174.999422	__gene_E_rbs	88.000000	0.000000	0.000000
174.999422	__gene_F_rbs	55.000000	0.000000	0.000000
174.999422	__gene_G_rbs	26.000000	0.000000	0.000000
174.999422	__gene_H_rbs	14.000000	0.000000	0.000000
174.999422	__gene_J_rbs	81.000000	0.000000	0.000000
174.999422	__gene_K_rbs	94.000000	0.000000	0.000000
174.999422	__ribosome	0.000000	0.000000	0.000000
174.999422	bound_ecolipol	1868.000000	0.000000	0.000000
174.999422	bound_ribosome	100.000000	0.000000	0.000000
174.999422	ecoli_genome	132.000000	0.000000	0.000000
174.999422	ecoli_transcript	13301.000000	0.000000	0.000000
174.999422	ecolipol	45.000000	0.000000	0.000000
174.999422	gene_A	154.000000	127.000000	0.236220
174.999422	gene_A*	77.000000	115.000000	0.139130
174.999422	gene_B	65.000000	107.000000	0.084112
174.999422	gene_C	45.000000	96.000000	0.062500
174.999422	gene_D	39.000000	92.000000	0.076087
174.999422	gene_E	50.000000	88.000000	0.022727
174.999422	gene_F	12.000000	55.000000	0.181818
174.999422	gene_G	2.000000	26.000000	0.038462
174.999422	gene_H	0.000000	14.000000	0.214286
174.999422	gene_J	31.000000	81.000000	0.160494
174.999422	gene_K	54.000000	98.000000	0.030612
174.999422	promoter_A	0.000000	0.000000	0.000000
174.999422	promoter_B1	0.000000	0.000000	0.000000
174.999422	promoter_D	0.000000	0.000000	0.000000
179.999233	__gene_A*_rbs	117.000000	0.000000	0.000000
179.999233	__gene_A_rbs	131.000000	0.000000	0.000000
179.999233	__gene_B_rbs	110.000000	0.000000	0.000000
179.999233	__gene_C_rbs	96.000000	0.000000	0.000000
179.999233	__gene_D_rbs	96.000000	0.000000	0.000000
179.999233	__gene_E_rbs	91.000000	0.000000	0.000000
179.999233	__gene_F_rbs	57.000000	0.000000	0.000000
179.999233	__gene_G_rbs	28.000000	0.000000	0.000000
179.999233	__gene_H_rbs	15.000000	0.000000	0.000000
179.999233	__gene_J_rbs	85.000000	0.000000	0.000000
179.999233	__gene_K_rbs	102.000000	0.000000	0.000000
179.999233	__ribosome	1.000000	0.000000	0.000000
179.999233	bound_ecolipol	1875.000000	0.000000	0.000000
179.999233	bound_ribosome	100.000000	0.000000	0.000000
179.999233	ecoli_genome	125.000000	0.000000	0.000000
179.999233	ecoli_transcript	13658.000000	0.000000	0.000000
179.999233	ecolipol	37.000000	0.000000	0.000000
179.999233	gene_A	157.000000	131.000000	0.221374
179.999233	gene_A*	78.000000	119.000000	0.151261
179.999233	gene_B	69.000000	111.000000	0.054054
179.999233	gene_C	47.000000	100.000000	0.060000
179.999233	gene_D	43.000000	96.000000	0.041667
179.999233	gene_E	51.000000	91.000000	0.021978
179.999233	gene_F	13.000000	57.000000	0.210526
179.999233	gene_G	2.000000	28.000000	0.035714
179.999233	gene_H	0.000000	15.000000	0.266667
179.999233	gene_J	32.000000	85.000000	0.152941
179.999233	gene_K	55.000000	102.000000	0.039216
179.999233	promoter_A	0.000000	0.000000	0.000000
179.999233	promoter_B1	0.000000	0.000000	0.000000
179.999233	promoter_D	0.000000	0.000000	0.000000
184.999177	__gene_A*_rbs	121.000000	0.000000	0.000000
184.999177	__gene_A_rbs	134.000000	0.000000	0.000000
184.999177	__gene_B_rbs	114.000000	0.000000	0.000000
184.999177	__gene_C_rbs	103.000000	0.000000	0.000000
184.999177	__gene_D_rbs	99.000000	0.000000	0.000000
184.999177	__gene_E_rbs	95.000000	0.000000	0.000000
184.999177	__gene_F_rbs	60.000000	0.000000	0.000000
184.999177	__gene_G_rbs	31.000000	0.000000	0.000000
184.999177	__gene_H_rbs	17.000000	0.000000	0.000000
184.999177	__gene_J_rbs	87.000000	0.000000	0.000000
184.999177	__gene_K_rbs	105.000000	0.000000	0.000000
184.999177	__ribosome	0.000000	0.000000	0.000000
184.999177	bound_ecolipol	1864.000000	0.000000	0.000000
184.999177	bound_ribosome	100.000000	0.000000	0.000000
184.999177	ecoli_genome	136.000000	0.000000	0.000000
184.999177	ecoli_transcript	14027.000000	0.000000	0.000000
184.999177	ecolipol	48.000000	0.000000	0.000000
184.999177	gene_A	159.000000	134.000000	0.223881
184.999177	gene_A*	83.000000	122.000000	0.139344
184.999177	gene_B	72.000000	115.000000	0.060870
184.999177	gene_C	51.000000	104.000000	0.038462
184.999177	gene_D	45.000000	99.000000	0.060606
184.999177	gene_E	52.000000	95.000000	0.021053
184.999177	gene_F	14.000000	60.000000	0.233333
184.999177	gene_G	3.000000	31.000000	0.000000
184.999177	gene_H	0.000000	17.000000	0.235294
184.999177	gene_J	34.000000	88.000000	0.159091
184.999177	gene_K	59.000000	106.000000	0.018868
184.999177	promoter_A	0.000000	0.000000	0.000000
184.999177	promoter_B1	0.000000	0.000000	0.000000
184.999177	promoter_D	0.000000	0.000000	0.000000
189.999104	__gene_A*_rbs	126.000000	0.000000	0.000000
189.999104	__gene_A_rbs	138.000000	0.000000	0.000000
189.999104	__gene_B_rbs	118.000000	0.000000	0.000000
189.999104	__gene_C_rbs	104.000000	0.000000	0.000000
189.999104	__gene_D_rbs	103.000000	0.000000	0.000000
189.999104	__gene_E_rbs	98.000000	0.000000	0.000000
189.999104	__gene_F_rbs	62.000000	0.000000	0.000000
189.999104	__gene_G_rbs	33.000000	0.000000	0.000000
189.999104	__gene_H_rbs	18.000000	0.000000	0.000000
189.999104	__gene_J_rbs	91.000000	0.000000	0.000000
189.999104	__gene_K_rbs	108.000000	0.000000	0.000000
189.999104	__ribosome	0.000000	0.000000	0.000000
189.999104	bound_ecolipol	1877.000000	0.000000	0.000000
189.999104	bound_ribosome	100.000000	0.000000	0.000000
189.999104	ecoli_genome	123.000000	0.000000	0.000000
189.999104	ecoli_transcript	14411.000000	0.000000	0.000000
189.999104	ecolipol	35.000000	0.000000	0.000000
189.999104	gene_A	162.000000	138.000000	0.195652
189.999104	gene_A*	86.000000	126.000000	0.142857
189.999104	gene_B	74.000000	118.000000	0.050847
189.999104	gene_C	53.000000	108.000000	0.037037
189.999104	gene_D	46.000000	103.000000	0.077670
189.999104	gene_E	54.000000	99.000000	0.000000
189.999104	gene_F	17.000000	62.000000	0.193548
189.999104	gene_G	3.000000	34.000000	0.029412
189.999104	gene_H	0.000000	18.000000	0.222222
189.999104	gene_J	36.000000	92.000000	0.184783
189.999104	gene_K	61.000000	109.000000	0.027523
189.999104	promoter_A	0.000000	0.000000	0.000000
189.999104	promoter_B1	0.000000	0.000000	0.000000
189.999104	promoter_D	0.000000	0.000000	0.000000
194.999026	__gene_A*_rbs	128.000000	0.000000	0.000000
194.999026	__gene_A_rbs	141.000000	0.000000	0.000000
194.999026	__gene_B_rbs	121.000000	0.000000	0.000000
194.999026	__gene_C_rbs	111.000000	0.000000	0.000000
194.999026	__gene_D_rbs	106.000000	0.000000	0.000000
194.999026	__gene_E_rbs	102.000000	0.000000	0.000000
194.999026	__gene_F_rbs	63.000000	0.000000	0.000000
194.999026	__gene_G_rbs	37.000000	0.000000	0.000000
194.999026	__gene_H_rbs	19.000000	0.000000	0.000000
194.999026	__gene_J_rbs	96.000000	0.000000	0.000000
194.999026	__gene_K_rbs	112.000000	0.000000	0.000000
194.999026	__ribosome	0.000000	0.000000	0.000000
194.999026	bound_ecolipol	1874.000000	0.000000	0.000000
194.999026	bound_ribosome	100.000000	0.000000	0.000000
194.999026	ecoli_genome	126.000000	0.000000	0.000000
194.999026	ecoli_transcript	14781.000000	0.000000	0.000000
194.999026	ecolipol	36.000000	0.000000	0.000000
194.999026	gene_A	169.000000	141.000000	0.184397
194.999026	gene_A*	87.000000	130.000000	0.169231
194.999026	gene_B	79.000000	122.000000	0.032787
194.999026	gene_C	56.000000	111.000000	0.036036
194.999026	gene_D	47.000000	106.000000	0.075472
194.999026	gene_E	54.000000	102.000000	0.019608
194.999026	gene_F	17.000000	64.000000	0.218750
194.999026	gene_G	3.000000	37.000000	0.081081
194.999026	gene_H	0.000000	19.000000	0.210526
194.999026	gene_J	40.000000	96.000000	0.135417
194.999026	gene_K	64.000000	113.000000	0.000000
194.999026	promoter_A	0.000000	0.000000	0.000000
194.999026	promoter_B1	0.000000	0.000000	0.000000
194.999026	promoter_D	0.000000	0.000000	0.000000
199.999079	__gene_A*_rbs	132.000000	0.000000	0.000000
199.999079	__gene_A_rbs	145.000000	0.000000	0.000000
199.999079	__gene_B_rbs	123.000000	0.000000	0.000000
199.999079	__gene_C_rbs	114.000000	0.000000	0.000000
199.999079	__gene_D_rbs	110.000000	0.000000	0.000000
199.999079	__gene_E_rbs	106.000000	0.000000	0.000000
199.999079	__gene_F_rbs	67.000000	0.000000	0.000000
199.999079	__gene_G_rbs	38.000000	0.000000	0.000000
199.999079	__gene_H_rbs	21.000000	0.000000	0.000000
199.999079	__gene_J_rbs	99.000000	0.000000	0.000000
199.999079	__gene_K_rbs	116.000000	0.000000	0.000000
199.999079	__ribosome	0.000000	0.000000	0.000000
199.999079	bound_ecolipol	1862.000000	0.000000	0.000000
199.999079	bound_ribosome	100.000000	0.000000	0.000000
199.999079	ecoli_genome	138.000000	0.000000	0.000000
199.999079	ecoli_transcript	15193.000000	0.000000	0.000000
199.999079	ecolipol	47.000000	0.000000	0.000000
199.999079	gene_A	173.000000	145.000000	0.165517
199.999079	gene_A*	90.000000	133.000000	0.150376
199.999079	gene_B	79.000000	125.000000	0.056000
199.999079	gene_C	57.000000	115.000000	0.043478
199.999079	gene_D	51.000000	110.000000	0.045455
199.999079	gene_E	55.000000	106.000000	0.028302
199.999079	gene_F	20.000000	67.000000	0.179104
199.999079	gene_G	3.000000	38.000000	0.078947
199.999079	gene_H	0.000000	21.000000	0.238095
199.999079	gene_J	40.000000	100.000000	0.140000
199.999079	gene_K	64.000000	117.000000	0.017094
199.999079	promoter_A	0.000000	0.000000	0.000000
199.999079	promoter_B1	0.000000	0.000000	0.000000
199.999079	promoter_D	0.000000	0.000000	0.000000
204.999151	__gene_A*_rbs	137.000000	0.000000	0.000000
204.999151	__gene_A_rbs	148.000000	0.000000	0.000000
204.999151	__gene_B_rbs	126.000000	0.000000	0.000000
204.999151	__gene_C_rbs	119.000000	0.000000	0.000000
204.999151	__gene_D_rbs	114.000000	0.000000	0.000000
204.999151	__gene_E_rbs	109.000000	0.000000	0.000000
204.999151	__gene_F_rbs	69.000000	0.000000	0.000000
204.999151	__gene_G_rbs	40.000000	0.000000	0.000000
204.999151	__gene_H_rbs	23.000000	0.000000	0.000000
204.999151	__gene_J_rbs	104.000000	0.000000	0.000000
204.999151	__gene_K_rbs	120.000000	0.000000	0.000000
204.999151	__ribosome	0.000000	0.000000	0.000000
204.999151	bound_ecolipol	1864.000000	0.000000	0.000000
204.999151	bound_ribosome	100.000000	0.000000	0.000000
204.999151	ecoli_genome	136.000000	0.000000	0.000000
204.999151	ecoli_transcript	15575.000000	0.000000	0.000000
204.999151	ecolipol	46.000000	0.000000	0.000000
204.999151	gene_A	175.000000	149.000000	0.161074
204.999151	gene_A*	90.000000	137.000000	0.160584
204.999151	gene_B	82.000000	129.000000	0.038760
204.999151	gene_C	60.000000	119.000000	0.042017
204.999151	gene_D	54.000000	114.000000	0.017544
204.999151	gene_E	56.000000	110.000000	0.036364
204.999151	gene_F	20.000000	69.000000	0.173913
204.999151	gene_G	3.000000	40.000000	0.125000
204.999151	gene_H	0.000000	23.000000	0.217391
204.999151	gene_J	40.000000	104.000000	0.144231
204.999151	gene_K	66.000000	121.000000	0.008264
204.999151	promoter_A	0.000000	0.000000	0.000000
204.999151	promoter_B1	0.000000	0.000000	0.000000
204.999151	promoter_D	0.000000	0.000000	0.000000
209.999126	__gene_A*_rbs	139.000000	0.000000	0.000000
209.999126	__gene_A_rbs	152.000000	0.000000	0.000000
209.999126	__gene_B_rbs	133.000000	0.000000	0.000000
209.999126	__gene_C_rbs	121.000000	0.000000	0.000000
209.999126	__gene_D_rbs	116.000000	0.000000	0.000000
209.999126	__gene_E_rbs	113.000000	0.000000	0.000000
209.999126	__gene_F_rbs	72.000000	0.000000	0.000000
209.999126	__gene_G_rbs	43.000000	0.000000	0.000000
209.999126	__gene_H_rbs	24.000000	0.000000	0.000000
209.999126	__gene_J_rbs	107.000000	0.000000	0.000000
209.999126	__gene_K_rbs	123.000000	0.000000	0.000000
209.999126	__ribosome	1.000000	0.000000	0.000000
209.999126	bound_ecolipol	1868.000000	0.000000	0.000000
209.999126	bound_ribosome	100.000000	0.000000	0.000000
209.999126	ecoli_genome	132.000000	0.000000	0.000000
209.999126	ecoli_transcript	15990.000000	0.000000	0.000000
209.999126	ecolipol	42.000000	0.000000	0.000000
209.999126	gene_A	176.000000	153.000000	0.163399
209.999126	gene_A*	94.000000	140.000000	0.150000
209.999126	gene_B	84.000000	133.000000	0.022556
209.999126	gene_C	62.000000	122.000000	0.040984
209.999126	gene_D	55.000000	117.000000	0.008547
209.999126	gene_E	58.000000	113.000000	0.026549
209.999126	gene_F	20.000000	72.000000	0.180556
209.999126	gene_G	3.000000	43.000000	0.139535
209.999126	gene_H	0.000000	24.000000	0.250000
209.999126	gene_J	41.000000	107.000000	0.149533
209.999126	gene_K	67.000000	124.000000	0.000000
209.999126	promoter_A	0.000000	0.000000	0.000000
209.999126	promoter_B1	0.000000	0.000000	0.000000
209.999126	promoter_D	0.000000	0.000000	0.000000
214.999041	__gene_A*_rbs	143.000000	0.000000	0.000000
214.999041	__gene_A_rbs	155.000000	0.000000	0.000000
214.999041	__gene_B_rbs	135.000000	0.000000	0.000000
214.999041	__gene_C_rbs	125.000000	0.000000	0.000000
214.999041	__gene_D_rbs	121.000000	0.000000	0.000000
214.999041	__gene_E_rbs	116.000000	0.000000	0.000000
214.999041	__gene_F_rbs	73.000000	0.000000	0.000000
214.999041	__gene_G_rbs	44.000000	0.000000	0.000000
214.999041	__gene_H_rbs	26.000000	0.000000	0.000000
214.999041	__gene_J_rbs	110.000000	0.000000	0.000000
214.999041	__gene_K_rbs	126.000000	0.000000	0.000000
214.999041	__ribosome	0.000000	0.000000	0.000000
214.999041	bound_ecolipol	1883.000000	0.000000	0.000000
214.999041	bound_ribosome	100.000000	0.000000	0.000000
214.999041	ecoli_genome	117.000000	0.000000	0.000000
214.999041	ecoli_transcript	16365.000000	0.000000	0.000000
214.999041	ecolipol	27.000000	0.000000	0.000000
214.999041	gene_A	180.000000	156.000000	0.160256
214.999041	gene_A*	97.000000	144.000000	0.138889
214.999041	gene_B	87.000000	136.000000	0.000000
214.999041	gene_C	66.000000	126.000000	0.015873
214.999041	gene_D	55.000000	121.000000	0.008264
214.999041	gene_E	60.000000	116.000000	0.043103
214.999041	gene_F	21.000000	74.000000	0.229730
214.999041	gene_G	4.000000	45.000000	0.155556
214.999041	gene_H	0.000000	26.000000	0.269231
214.999041	gene_J	43.000000	110.000000	0.136364
214.999041	gene_K	67.000000	128.000000	0.007812
214.999041	promoter_A	0.000000	0.000000	0.000000
214.999041	promoter_B1	0.000000	0.000000	0.000000
214.999041	promoter_D	0.000000	0.000000	0.000000
219.999595	__gene_A*_rbs	147.000000	0.000000	0.000000
219.999595	__gene_A_rbs	159.000000	0.000000	0.000000
219.999595	__gene_B_rbs	140.000000	0.000000	0.000000
219.999595	__gene_C_rbs	128.000000	0.000000	0.000000
219.999595	__gene_D_rbs	125.000000	0.000000	0.000000
219.999595	__gene_E_rbs	120.000000	0.000000	0.000000
219.999595	__gene_F_rbs	76.000000	0.000000	0.000000
219.999595	__gene_G_rbs	47.000000	0.000000	0.000000
219.999595	__gene_H_rbs	27.000000	0.000000	0.000000
219.999595	__gene_J_rbs	112.000000	0.000000	0.000000
219.999595	__gene_K_rbs	130.000000	0.000000	0.000000
219.999595	__ribosome	0.000000	0.000000	0.000000
219.999595	bound_ecolipol	1870.000000	0.000000	0.000000
219.999595	bound_ribosome	100.000000	0.000000	0.000000
219.999595	ecoli_genome	130.000000	0.000000	0.000000
219.999595	ecoli_transcript	16733.000000	0.000000	0.000000
219.999595	ecolipol	40.000000	0.000000	0.000000
219.999595	gene_A	182.000000	160.000000	0.162500
219.999595	gene_A*	101.000000	148.000000	0.114865
219.999595	gene_B	87.000000	140.000000	0.014286
219.999595	gene_C	67.000000	129.000000	0.031008
219.999595	gene_D	56.000000	125.000000	0.000000
219.999595	gene_E	62.000000	120.000000	0.033333
219.999595	gene_F	23.000000	76.000000	0.197368
219.999595	gene_G	5.000000	47.000000	0.127660
219.999595	gene_H	0.000000	27.000000	0.259259
219.999595	gene_J	44.000000	113.000000	0.123894
219.999595	gene_K	68.000000	131.000000	0.038168
219.999595	promoter_A	0.000000	0.000000	0.000000
219.999595	promoter_B1	0.000000	0.000000	0.000000
219.999595	promoter_D	0.000000	0.000000	0.000000
224.999175	__gene_A*_rbs	152.000000	0.000000	0.000000
224.999175	__gene_A_rbs	164.000000	0.000000	0.000000
224.999175	__gene_B_rbs	144.000000	0.000000	0.000000
224.999175	__gene_C_rbs	133.000000	0.000000	0.000000
224.999175	__gene_D_rbs	128.000000	0.000000	0.000000
224.999175	__gene_E_rbs	124.000000	0.000000	0.000000
224.999175	__gene_F_rbs	78.000000	0.000000	0.000000
224.999175	__gene_G_rbs	48.000000	0.000000	0.000000
224.999175	__gene_H_rbs	29.000000	0.000000	0.000000
224.999175	__gene_J_rbs	117.000000	0.000000	0.000000
224.999175	__gene_K_rbs	133.000000	0.000000	0.000000
224.999175	__ribosome	0.000000	0.000000	0.000000
224.999175	bound_ecolipol	1863.000000	0.000000	0.000000
224.999175	bound_ribosome	100.000000	0.000000	0.000000
224.999175	ecoli_genome	137.000000	0.000000	0.000000
224.999175	ecoli_transcript	17147.000000	0.000000	0.000000
224.999175	ecolipol	46.000000	0.000000	0.000000
224.999175	gene_A	183.000000	164.000000	0.170732
224.999175	gene_A*	104.000000	152.000000	0.111842
224.999175	gene_B	87.000000	144.000000	0.013889
224.999175	gene_C	68.000000	133.000000	0.037594
224.999175	gene_D	56.000000	129.000000	0.015504
224.999175	gene_E	65.000000	124.000000	0.016129
224.999175	gene_F	27.000000	78.000000	0.166667
224.999175	gene_G	5.000000	48.000000	0.145833
224.999175	gene_H	0.000000	29.000000	0.241379
224.999175	gene_J	44.000000	117.000000	0.128205
224.999175	gene_K	72.000000	135.000000	0.014815
224.999175	promoter_A	1.000000	0.000000	0.000000
224.999175	promoter_B1	0.000000	0.000000	0.000000
224.999175	promoter_D	0.000000	0.000000	0.000000
229.999009	__gene_A*_rbs	155.000000	0.000000	0.000000
229.999009	__gene_A_rbs	165.000000	0.000000	0.000000
229.999009	__gene_B_rbs	147.000000	0.000000	0.000000
229.999009	__gene_C_rbs	136.000000	0.000000	0.000000
229.999009	__gene_D_rbs	132.000000	0.000000	0.000000
229.999009	__gene_E_rbs	128.000000	0.000000	0.000000
229.999009	__gene_F_rbs	81.000000	0.000000	0.000000
229.999009	__gene_G_rbs	49.000000	0.000000	0.000000
229.999009	__gene_H_rbs	30.000000	0.000000	0.000000
229.999009	__gene_J_rbs	121.000000	0.000000	0.000000
229.999009	__gene_K_rbs	137.000000	0.000000	0.000000
229.999009	__ribosome	0.000000	0.000000	0.000000
229.999009	bound_ecolipol	1869.000000	0.000000	0.000000
229.999009	bound_ribosome	100.000000	0.000000	0.000000
229.999009	ecoli_genome	131.000000	0.000000	0.000000
229.999009	ecoli_transcript	17540.000000	0.000000	0.000000
229.999009	ecolipol	42.000000	0.000000	0.000000
229.999009	gene_A	186.000000	167.000000	0.179641
229.999009	gene_A*	109.000000	155.000000	0.090323
229.999009	gene_B	89.000000	148.000000	0.013514
229.999009	gene_C	72.000000	137.000000	0.029197
229.999009	gene_D	56.000000	132.000000	0.022727
229.999009	gene_E	66.000000	128.000000	0.007812
229.999009	gene_F	28.000000	81.000000	0.148148
229.999009	gene_G	7.000000	49.000000	0.122449
229.999009	gene_H	0.000000	30.000000	0.266667
229.999009	gene_J	46.000000	121.000000	0.123967
229.999009	gene_K	74.000000	139.000000	0.035971
229.999009	promoter_A	0.000000	0.000000	0.000000
229.999009	promoter_B1	0.000000	0.000000	0.000000
229.999009	promoter_D	0.000000	0.000000	0.000000
234.999132	__gene_A*_rbs	158.000000	0.000000	0.000000
234.999132	__gene_A_rbs	170.000000	0.000000	0.000000
234.999132	__gene_B_rbs	150.000000	0.000000	0.000000
234.999132	__gene_C_rbs	140.000000	0.000000	0.000000
234.999132	__gene_D_rbs	135.000000	0.000000	0.000000
234.999132	__gene_E_rbs	131.000000	0.000000	0.000000
234.999132	__gene_F_rbs	84.000000	0.000000	0.000000
234.999132	__gene_G_rbs	52.000000	0.000000	0.000000
234.999132	__gene_H_rbs	32.000000	0.000000	0.000000
234.999132	__gene_J_rbs	125.000000	0.000000	0.000000
234.999132	__gene_K_rbs	140.000000	0.000000	0.000000
234.999132	__ribosome	0.000000	0.000000	0.000000
234.999132	bound_ecolipol	1873.000000	0.000000	0.000000
234.999132	bound_ribosome	100.000000	0.000000	0.000000
234.999132	ecoli_genome	127.000000	0.000000	0.000000
234.999132	ecoli_transcript	17891.000000	0.000000	0.000000
234.999132	ecolipol	39.000000	0.000000	0.000000
234.999132	gene_A	189.000000	171.000000	0.187135
234.999132	gene_A*	110.000000	159.000000	0.100629
234.999132	gene_B	89.000000	151.000000	0.019868
234.999132	gene_C	74.000000	140.000000	0.014286
234.999132	gene_D	56.000000	136.000000	0.022059
234.999132	gene_E	67.000000	131.000000	0.007634
234.999132	gene_F	29.000000	84.000000	0.142857
234.999132	gene_G	8.000000	52.000000	0.115385
234.999132	gene_H	0.000000	32.000000	0.281250
234.999132	gene_J	48.000000	125.000000	0.120000
234.999132	gene_K	78.000000	142.000000	0.007042
234.999132	promoter_A	0.000000	0.000000	0.000000
234.999132	promoter_B1	0.000000	0.000000	0.000000
234.999132	promoter_D	0.000000	0.000000	0.000000
239.999019	__gene_A*_rbs	163.000000	0.000000	0.000000
239.999019	__gene_A_rbs	175.000000	0.000000	0.000000
239.999019	__gene_B_rbs	152.000000	0.000000	0.000000
239.999019	__gene_C_rbs	143.000000	0.000000	0.000000
239.999019	__gene_D_rbs	140.000000	0.000000	0.000000
239.999019	__gene_E_rbs	135.000000	0.000000	0.000000
239.999019	__gene_F_rbs	86.000000	0.000000	0.000000
239.999019	__gene_G_rbs	53.000000	0.000000	0.000000
239.999019	__gene_H_rbs	32.000000	0.000000	0.000000
239.999019	__gene_J_rbs	129.000000	0.000000	0.000000
239.999019	__gene_K_rbs	145.000000	0.000000	0.000000
239.999019	__ribosome	0.000000	0.000000	0.000000
239.999019	bound_ecolipol	1883.000000	0.000000	0.000000
239.999019	bound_ribosome	100.000000	0.000000	0.000000
239.999019	ecoli_genome	117.000000	0.000000	0.000000
239.999019	ecoli_transcript	18241.000000	0.000000	0.000000
239.999019	ecolipol	28.000000	0.000000	0.000000
239.999019	gene_A	189.000000	175.000000	0.194286
239.999019	gene_A*	113.000000	163.000000	0.092025
239.999019	gene_B	90.000000	154.000000	0.025974
239.999019	gene_C	76.000000	144.000000	0.006944
239.999019	gene_D	58.000000	140.000000	0.007143
239.999019	gene_E	67.000000	135.000000	0.007407
239.999019	gene_F	32.000000	86.000000	0.139535
239.999019	gene_G	8.000000	53.000000	0.132075
239.999019	gene_H	0.000000	32.000000	0.281250
239.999019	gene_J	49.000000	129.000000	0.124031
239.999019	gene_K	79.000000	146.000000	0.000000
239.999019	promoter_A	0.000000	0.000000	0.000000
239.999019	promoter_B1	0.000000	0.000000	0.000000
239.999019	promoter_D	0.000000	0.000000	0.000000
244.999022	__gene_A*_rbs	166.000000	0.000000	0.000000
244.999022	__gene_A_rbs	179.000000	0.000000	0.000000
244.999022	__gene_B_rbs	158.000000	0.000000	0.000000
244.999022	__gene_C_rbs	147.000000	0.000000	0.000000
244.999022	__gene_D_rbs	143.000000	0.000000	0.000000
244.999022	__gene_E_rbs	139.000000	0.000000	0.000000
244.999022	__gene_F_rbs	90.000000	0.000000	0.000000
244.999022	__gene_G_rbs	55.000000	0.000000	0.000000
244.999022	__gene_H_rbs	32.000000	0.000000	0.000000
244.999022	__gene_J_rbs	132.000000	0.000000	0.000000
244.999022	__gene_K_rbs	149.000000	0.000000	0.000000
244.999022	__ribosome	0.000000	0.000000	0.000000
244.999022	bound_ecolipol	1873.000000	0.000000	0.000000
244.999022	bound_ribosome	100.000000	0.000000	0.000000
244.999022	ecoli_genome	127.000000	0.000000	0.000000
244.999022	ecoli_transcript	18643.000000	0.000000	0.000000
244.999022	ecolipol	38.000000	0.000000	0.000000
244.999022	gene_A	192.000000	179.000000	0.189944
244.999022	gene_A*	116.000000	166.000000	0.084337
244.999022	gene_B	92.000000	158.000000	0.018987
244.999022	gene_C	76.000000	148.000000	0.006757
244.999022	gene_D	59.000000	144.000000	0.013889
244.999022	gene_E	68.000000	139.000000	0.007194
244.999022	gene_F	32.000000	90.000000	0.144444
244.999022	gene_G	9.000000	55.000000	0.109091
244.999022	gene_H	0.000000	32.000000	0.281250
244.999022	gene_J	50.000000	132.000000	0.113636
244.999022	gene_K	79.000000	150.000000	0.013333
244.999022	promoter_A	1.000000	0.000000	0.000000
244.999022	promoter_B1	0.000000	0.000000	0.000000
244.999022	promoter_D	0.000000	0.000000	0.000000
249.999219	__gene_A*_rbs	169.000000	0.000000	0.000000
249.999219	__gene_A_rbs	183.000000	0.000000	0.000000
249.999219	__gene_B_rbs	161.000000	0.000000	0.000000
249.999219	__gene_C_rbs	150.000000	0.000000	0.000000
249.999219	__gene_D_rbs	147.000000	0.000000	0.000000
249.999219	__gene_E_rbs	143.000000	0.000000	0.000000
249.999219	__gene_F_rbs	92.000000	0.000000	0.000000
249.999219	__gene_G_rbs	58.000000	0.000000	0.000000
249.999219	__gene_H_rbs	35.000000	0.000000	0.000000
249.999219	__gene_J_rbs	136.000000	0.000000	0.000000
249.999219	__gene_K_rbs	153.000000	0.000000	0.000000
249.999219	__ribosome	0.000000	0.000000	0.000000
249.999219	bound_ecolipol	1875.000000	0.000000	0.000000
249.999219	bound_ribosome	100.000000	0.000000	0.000000
249.999219	ecoli_genome	125.000000	0.000000	0.000000
249.999219	ecoli_transcript	18992.000000	0.000000	0.000000
249.999219	ecolipol	33.000000	0.000000	0.000000
249.999219	gene_A	196.000000	183.000000	0.169399
249.999219	gene_A*	117.000000	170.000000	0.088235
249.999219	gene_B	93.000000	162.000000	0.018519
249.999219	gene_C	77.000000	151.000000	0.006623
249.999219	gene_D	59.000000	147.000000	0.013605
249.999219	gene_E	68.000000	143.000000	0.013986
249.999219	gene_F	32.000000	92.000000	0.141304
249.999219	gene_G	9.000000	58.000000	0.103448
249.999219	gene_H	0.000000	35.000000	0.285714
249.999219	gene_J	50.000000	136.000000	0.117647
249.999219	gene_K	81.000000	154.000000	0.006494
249.999219	promoter_A	0.000000	0.000000	0.000000
249.999219	promoter_B1	0.000000	0.000000	0.000000
249.999219	promoter_D	0.000000	0.000000	0.000000
254.999006	__gene_A*_rbs	174.000000	0.000000	0.000000
254.999006	__gene_A_rbs	185.000000	0.000000	0.000000
254.999006	__gene_B_rbs	165.000000	0.000000	0.000000
254.999006	__gene_C_rbs	155.000000	0.000000	0.000000
254.999006	__gene_D_rbs	151.000000	0.000000	0.000000
254.999006	__gene_E_rbs	145.000000	0.000000	0.000000
254.999006	__gene_F_rbs	95.000000	0.000000	0.000000
254.999006	__gene_G_rbs	59.000000	0.000000	0.000000
254.999006	__gene_H_rbs	37.000000	0.000000	0.000000
254.999006	__gene_J_rbs	139.000000	0.000000	0.000000
254.999006	__gene_K_rbs	155.000000	0.000000	0.000000
254.999006	__ribosome	0.000000	0.000000	0.000000
254.999006	bound_ecolipol	1875.000000	0.000000	0.000000
254.999006	bound_ribosome	100.000000	0.000000	0.000000
254.999006	ecoli_genome	125.000000	0.000000	0.000000
254.999006	ecoli_transcript	19355.000000	0.000000	0.000000
254.999006	ecolipol	36.000000	0.000000	0.000000
254.999006	gene_A	197.000000	186.000000	0.166667
254.999006	gene_A*	119.000000	174.000000	0.074713
254.999006	gene_B	94.000000	166.000000	0.024096
254.999006	gene_C	77.000000	155.000000	0.019355
254.999006	gene_D	59.000000	151.000000	0.013245
254.999006	gene_E	70.000000	146.000000	0.020548
254.999006	gene_F	36.000000	95.000000	0.094737
254.999006	gene_G	10.000000	59.000000	0.084746
254.999006	gene_H	0.000000	37.000000	0.270270
254.999006	gene_J	50.000000	139.000000	0.136691
254.999006	gene_K	82.000000	157.000000	0.006369
254.999006	promoter_A	0.000000	0.000000	0.000000
254.999006	promoter_B1	0.000000	0.000000	0.000000
254.999006	promoter_D	0.000000	0.000000	0.000000
259.999171	__gene_A*_rbs	177.000000	0.000000	0.000000
259.999171	__gene_A_rbs	190.000000	0.000000	0.000000
259.999171	__gene_B_rbs	169.000000	0.000000	0.000000
259.999171	__gene_C_rbs	158.000000	0.000000	0.000000
259.999171	__gene_D_rbs	154.000000	0.000000	0.000000
259.999171	__gene_E_rbs	149.000000	0.000000	0.000000
259.999171	__gene_F_rbs	96.000000	0.000000	0.000000
259.999171	__gene_G_rbs	60.000000	0.000000	0.000000
259.999171	__gene_H_rbs	38.000000	0.000000	0.000000
259.999171	__gene_J_rbs	143.000000	0.000000	0.000000
259.999171	__gene_K_rbs	161.000000	0.000000	0.000000
259.999171	__ribosome	0.000000	0.000000	0.000000
259.999171	bound_ecolipol	1874.000000	0.000000	0.000000
259.999171	bound_ribosome	100.000000	0.000000	0.000000
259.999171	ecoli_genome	126.000000	0.000000	0.000000
259.999171	ecoli_transcript	19716.000000	0.000000	0.000000
259.999171	ecolipol	36.000000	0.000000	0.000000
259.999171	gene_A	201.000000	190.000000	0.142105
259.999171	gene_A*	121.000000	177.000000	0.073446
259.999171	gene_B	96.000000	169.000000	0.023669
259.999171	gene_C	78.000000	158.000000	0.018987
259.999171	gene_D	60.000000	154.000000	0.025974
259.999171	gene_E	70.000000	150.000000	0.040000
259.999171	gene_F	38.000000	96.000000	0.072917
259.999171	gene_G	11.000000	60.000000	0.083333
259.999171	gene_H	0.000000	38.000000	0.289474
259.999171	gene_J	51.000000	143.000000	0.125874
259.999171	gene_K	82.000000	161.000000	0.012422
259.999171	promoter_A	0.000000	0.000000	0.000000
259.999171	promoter_B1	0.000000	0.000000	0.000000
259.999171	promoter_D	0.000000	0.000000	0.000000
264.999111	__gene_A*_rbs	181.000000	0.000000	0.000000
264.999111	__gene_A_rbs	194.000000	0.000000	0.000000
264.999111	__gene_B_rbs	172.000000	0.000000	0.000000
264.999111	__gene_C_rbs	162.000000	0.000000	0.000000
264.999111	__gene_D_rbs	158.000000	0.000000	0.000000
264.999111	__gene_E_rbs	153.000000	0.000000	0.000000
264.999111	__gene_F_rbs	97.000000	0.000000	0.000000
264.999111	__gene_G_rbs	63.000000	0.000000	0.000000
264.999111	__gene_H_rbs	40.000000	0.000000	0.000000
264.999111	__gene_J_rbs	146.000000	0.000000	0.000000
264.999111	__gene_K_rbs	161.000000	0.000000	0.000000
264.999111	__ribosome	0.000000	0.000000	0.000000
264.999111	bound_ecolipol	1875.000000	0.000000	0.000000
264.999111	bound_ribosome	100.000000	0.000000	0.000000
264.999111	ecoli_genome	125.000000	0.000000	0.000000
264.999111	ecoli_transcript	20109.000000	0.000000	0.000000
264.999111	ecolipol	34.000000	0.000000	0.000000
264.999111	gene_A	204.000000	194.000000	0.128866
264.999111	gene_A*	123.000000	181.000000	0.082873
264.999111	gene_B	96.000000	173.000000	0.023121
264.999111	gene_C	80.000000	162.000000	0.012346
264.999111	gene_D	61.000000	158.000000	0.025316
264.999111	gene_E	73.000000	154.000000	0.032468
264.999111	gene_F	39.000000	97.000000	0.061856
264.999111	gene_G	11.000000	63.000000	0.079365
264.999111	gene_H	0.000000	40.000000	0.275000
264.999111	gene_J	51.000000	147.000000	0.136054
264.999111	gene_K	84.000000	165.000000	0.018182
264.999111	promoter_A	0.000000	0.000000	0.000000
264.999111	promoter_B1	0.000000	0.000000	0.000000
264.999111	promoter_D	0.000000	0.000000	0.000000
269.999053	__gene_A*_rbs	185.000000	0.000000	0.000000
269.999053	__gene_A_rbs	197.000000	0.000000	0.000000
269.999053	__gene_B_rbs	175.000000	0.000000	0.000000
269.999053	__gene_C_rbs	166.000000	0.000000	0.000000
269.999053	__gene_D_rbs	161.000000	0.000000	0.000000
269.999053	__gene_E_rbs	157.000000	0.000000	0.000000
269.999053	__gene_F_rbs	101.000000	0.000000	0.000000
269.999053	__gene_G_rbs	66.000000	0.000000	0.000000
269.999053	__gene_H_rbs	42.000000	0.000000	0.000000
269.999053	__gene_J_rbs	149.000000	0.000000	0.000000
269.999053	__gene_K_rbs	168.000000	0.000000	0.000000
269.999053	__ribosome	0.000000	0.000000	0.000000
269.999053	bound_ecolipol	1866.000000	0.000000	0.000000
269.999053	bound_ribosome	100.000000	0.000000	0.000000
269.999053	ecoli_genome	134.000000	0.000000	0.000000
269.999053	ecoli_transcript	20513.000000	0.000000	0.000000
269.999053	ecolipol	39.000000	0.000000	0.000000
269.999053	gene_A	206.000000	197.000000	0.121827
269.999053	gene_A*	125.000000	185.000000	0.081081
269.999053	gene_B	100.000000	176.000000	0.011364
269.999053	gene_C	81.000000	166.000000	0.018072
269.999053	gene_D	61.000000	162.000000	0.030864
269.999053	gene_E	76.000000	158.000000	0.025316
269.999053	gene_F	40.000000	101.000000	0.049505
269.999053	gene_G	11.000000	66.000000	0.106061
269.999053	gene_H	0.000000	42.000000	0.261905
269.999053	gene_J	54.000000	150.000000	0.126667
269.999053	gene_K	86.000000	168.000000	0.029762
269.999053	promoter_A	0.000000	0.000000	0.000000
269.999053	promoter_B1	0.000000	0.000000	0.000000
269.999053	promoter_D	0.000000	0.000000	0.000000
274.999233	__gene_A*_rbs	188.000000	0.000000	0.000000
274.999233	__gene_A_rbs	200.000000	0.000000	0.000000
274.999233	__gene_B_rbs	180.000000	0.000000	0.000000
274.999233	__gene_C_rbs	169.000000	0.000000	0.000000
274.999233	__gene_D_rbs	166.000000	0.000000	0.000000
274.999233	__gene_E_rbs	161.000000	0.000000	0.000000
274.999233	__gene_F_rbs	102.000000	0.000000	0.000000
274.999233	__gene_G_rbs	68.000000	0.000000	0.000000
274.999233	__gene_H_rbs	43.000000	0.000000	0.000000
274.999233	__gene_J_rbs	154.000000	0.000000	0.000000
274.999233	__gene_K_rbs	171.000000	0.000000	0.000000
274.999233	__ribosome	0.000000	0.000000	0.000000
274.999233	bound_ecolipol	1856.000000	0.000000	0.000000
274.999233	bound_ribosome	100.000000	0.000000	0.000000
274.999233	ecoli_genome	144.000000	0.000000	0.000000
274.999233	ecoli_transcript	20917.000000	0.000000	0.000000
274.999233	ecolipol	51.000000	0.000000	0.000000
274.999233	gene_A	211.000000	201.000000	0.119403
274.999233	gene_A*	128.000000	188.000000	0.074468
274.999233	gene_B	100.000000	180.000000	0.027778
274.999233	gene_C	82.000000	170.000000	0.017647
274.999233	gene_D	64.000000	166.000000	0.018072
274.999233	gene_E	79.000000	161.000000	0.012422
274.999233	gene_F	40.000000	103.000000	0.077670
274.999233	gene_G	11.000000	68.000000	0.117647
274.999233	gene_H	0.000000	43.000000	0.255814
274.999233	gene_J	55.000000	154.000000	0.136364
274.999233	gene_K	91.000000	172.000000	0.005814
274.999233	promoter_A	0.000000	0.000000	0.000000
274.999233	promoter_B1	0.000000	0.000000	0.000000
274.999233	promoter_D	0.000000	0.000000	0.000000
279.999471	__gene_A*_rbs	191.000000	0.000000	0.000000
279.999471	__gene_A_rbs	205.000000	0.000000	0.000000
279.999471	__gene_B_rbs	183.000000	0.000000	0.000000
279.999471	__gene_C_rbs	173.000000	0.000000	0.000000
279.999471	__gene_D_rbs	170.000000	0.000000	0.000000
279.999471	__gene_E_rbs	164.000000	0.000000	0.000000
279.999471	__gene_F_rbs	105.000000	0.000000	0.000000
279.999471	__gene_G_rbs	70.000000	0.000000	0.000000
279.999471	__gene_H_rbs	43.000000	0.000000	0.000000
279.999471	__gene_J_rbs	158.000000	0.000000	0.000000
279.999471	__gene_K_rbs	175.000000	0.000000	0.000000
279.999471	__ribosome	0.000000	0.000000	0.000000
279.999471	bound_ecolipol	1877.000000	0.000000	0.000000
279.999471	bound_ribosome	100.000000	0.000000	0.000000
279.999471	ecoli_genome	123.000000	0.000000	0.000000
279.999471	ecoli_transcript	21282.000000	0.000000	0.000000
279.999471	ecolipol	33.000000	0.000000	0.000000
279.999471	gene_A	211.000000	205.000000	0.126829
279.999471	gene_A*	130.000000	192.000000	0.062500
279.999471	gene_B	100.000000	184.000000	0.032609
279.999471	gene_C	84.000000	174.000000	0.011494
279.999471	gene_D	65.000000	170.000000	0.023529
279.999471	gene_E	80.000000	165.000000	0.030303
279.999471	gene_F	44.000000	105.000000	0.038095
279.999471	gene_G	12.000000	70.000000	0.114286
279.999471	gene_H	0.000000	43.000000	0.279070
279.999471	gene_J	57.000000	158.000000	0.120253
279.999471	gene_K	92.000000	176.000000	0.011364
279.999471	promoter_A	0.000000	0.000000	0.000000
279.999471	promoter_B1	0.000000	0.000000	0.000000
279.999471	promoter_D	0.000000	0.000000	0.000000
284.999477	__gene_A*_rbs	196.000000	0.000000	0.000000
284.999477	__gene_A_rbs	208.000000	0.000000	0.000000
284.999477	__gene_B_rbs	187.000000	0.000000	0.000000
284.999477	__gene_C_rbs	176.000000	0.000000	0.000000
284.999477	__gene_D_rbs	173.000000	0.000000	0.000000
284.999477	__gene_E_rbs	169.000000	0.000000	0.000000
284.999477	__gene_F_rbs	109.000000	0.000000	0.000000
284.999477	__gene_G_rbs	72.000000	0.000000	0.000000
284.999477	__gene_H_rbs	45.000000	0.000000	0.000000
284.999477	__gene_J_rbs	162.000000	0.000000	0.000000
284.999477	__gene_K_rbs	178.000000	0.000000	0.000000
284.999477	__ribosome	0.000000	0.000000	0.000000
284.999477	bound_ecolipol	1873.000000	0.000000	0.000000
284.999477	bound_ribosome	100.000000	0.000000	0.000000
284.999477	ecoli_genome	127.000000	0.000000	0.000000
284.999477	ecoli_transcript	21692.000000	0.000000	0.000000
284.999477	ecolipol	37.000000	0.000000	0.000000
284.999477	gene_A	219.000000	208.000000	0.096154
284.999477	gene_A*	132.000000	196.000000	0.056122
284.999477	gene_B	104.000000	187.000000	0.016043
284.999477	gene_C	86.000000	177.000000	0.028249
284.999477	gene_D	65.000000	173.000000	0.034682
284.999477	gene_E	82.000000	169.000000	0.023669
284.999477	gene_F	44.000000	109.000000	0.045872
284.999477	gene_G	13.000000	72.000000	0.111111
284.999477	gene_H	0.000000	45.000000	0.311111
284.999477	gene_J	57.000000	162.000000	0.129630
284.999477	gene_K	94.000000	179.000000	0.016760
284.999477	promoter_A	0.000000	0.000000	0.000000
284.999477	promoter_B1	0.000000	0.000000	0.000000
284.999477	promoter_D	0.000000	0.000000	0.000000
289.999079	__gene_A*_rbs	199.000000	0.000000	0.000000
289.999079	__gene_A_rbs	212.000000	0.000000	0.000000
289.999079	__gene_B_rbs	190.000000	0.000000	0.000000
289.999079	__gene_C_rbs	177.000000	0.000000	0.000000
289.999079	__gene_D_rbs	176.000000	0.000000	0.000000
289.999079	__gene_E_rbs	172.000000	0.000000	0.000000
289.999079	__gene_F_rbs	109.000000	0.000000	0.000000
289.999079	__gene_G_rbs	75.000000	0.000000	0.000000
289.999079	__gene_H_rbs	47.000000	0.000000	0.000000
289.999079	__gene_J_rbs	166.000000	0.000000	0.000000
289.999079	__gene_K_rbs	182.000000	0.000000	0.000000
289.999079	__ribosome	0.000000	0.000000	0.000000
289.999079	bound_ecolipol	1871.000000	0.000000	0.000000
289.999079	bound_ribosome	100.000000	0.000000	0.000000
289.999079	ecoli_genome	129.000000	0.000000	0.000000
289.999079	ecoli_transcript	22071.000000	0.000000	0.000000
289.999079	ecolipol	42.000000	0.000000	0.000000
289.999079	gene_A	223.000000	212.000000	0.089623
289.999079	gene_A*	132.000000	199.000000	0.070352
289.999079	gene_B	105.000000	191.000000	0.015707
289.999079	gene_C	87.000000	181.000000	0.038674
289.999079	gene_D	67.000000	177.000000	0.028249
289.999079	gene_E	85.000000	173.000000	0.005780
289.999079	gene_F	45.000000	109.000000	0.036697
289.999079	gene_G	15.000000	75.000000	0.093333
289.999079	gene_H	0.000000	47.000000	0.297872
289.999079	gene_J	59.000000	166.000000	0.120482
289.999079	gene_K	95.000000	183.000000	0.032787
289.999079	promoter_A	0.000000	0.000000	0.000000
289.999079	promoter_B1	0.000000	0.000000	0.000000
289.999079	promoter_D	0.000000	0.000000	0.000000
294.999616	__gene_A*_rbs	203.000000	0.000000	0.000000
294.999616	__gene_A_rbs	216.000000	0.000000	0.000000
294.999616	__gene_B_rbs	194.000000	0.000000	0.000000
294.999616	__gene_C_rbs	184.000000	0.000000	0.000000
294.999616	__gene_D_rbs	180.000000	0.000000	0.000000
294.999616	__gene_E_rbs	176.000000	0.000000	0.000000
294.999616	__gene_F_rbs	109.000000	0.000000	0.000000
294.999616	__gene_G_rbs	75.000000	0.000000	0.000000
294.999616	__gene_H_rbs	48.000000	0.000000	0.000000
294.999616	__gene_J_rbs	169.000000	0.000000	0.000000
294.999616	__gene_K_rbs	187.000000	0.000000	0.000000
294.999616	__ribosome	0.000000	0.000000	0.000000
294.999616	bound_ecolipol	1874.000000	0.000000	0.000000
294.999616	bound_ribosome	100.000000	0.000000	0.000000
294.999616	ecoli_genome	126.000000	0.000000	0.000000
294.999616	ecoli_transcript	22433.000000	0.000000	0.000000
294.999616	ecolipol	41.000000	0.000000	0.000000
294.999616	gene_A	224.000000	216.000000	0.083333
294.999616	gene_A*	135.000000	203.000000	0.068966
294.999616	gene_B	107.000000	195.000000	0.020513
294.999616	gene_C	91.000000	185.000000	0.037838
294.999616	gene_D	69.000000	180.000000	0.022222
294.999616	gene_E	86.000000	176.000000	0.000000
294.999616	gene_F	45.000000	109.000000	0.036697
294.999616	gene_G	15.000000	75.000000	0.120000
294.999616	gene_H	0.000000	48.000000	0.291667
294.999616	gene_J	59.000000	170.000000	0.141176
294.999616	gene_K	101.000000	187.000000	0.010695
294.999616	promoter_A	0.000000	0.000000	0.000000
294.999616	promoter_B1	0.000000	0.000000	0.000000
294.999616	promoter_D	0.000000	0.000000	0.000000
299.999212	__gene_A*_rbs	206.000000	0.000000	0.000000
299.999212	__gene_A_rbs	217.000000	0.000000	0.000000
299.999212	__gene_B_rbs	197.000000	0.000000	0.000000
299.999212	__gene_C_rbs	189.000000	0.000000	0.000000
299.999212	__gene_D_rbs	184.000000	0.000000	0.000000
299.999212	__gene_E_rbs	180.000000	0.000000	0.000000
299.999212	__gene_F_rbs	111.000000	0.000000	0.000000
299.999212	__gene_G_rbs	78.000000	0.000000	0.000000
299.999212	__gene_H_rbs	50.000000	0.000000	0.000000
299.999212	__gene_J_rbs	174.000000	0.000000	0.000000
299.999212	__gene_K_rbs	189.000000	0.000000	0.000000
299.999212	__ribosome	0.000000	0.000000	0.000000
299.999212	bound_ecolipol	1878.000000	0.000000	0.000000
299.999212	bound_ribosome	100.000000	0.000000	0.000000
299.999212	ecoli_genome	122.000000	0.000000	0.000000
299.999212	ecoli_transcript	22767.000000	0.000000	0.000000
299.999212	ecolipol	35.000000	0.000000	0.000000
299.999212	gene_A	227.000000	219.000000	0.091324
299.999212	gene_A*	138.000000	207.000000	0.067633
299.999212	gene_B	108.000000	198.000000	0.015152
299.999212	gene_C	96.000000	189.000000	0.015873
299.999212	gene_D	71.000000	184.000000	0.016304
299.999212	gene_E	86.000000	180.000000	0.000000
299.999212	gene_F	45.000000	111.000000	0.045045
299.999212	gene_G	16.000000	78.000000	0.102564
299.999212	gene_H	0.000000	51.000000	0.313725
299.999212	gene_J	60.000000	174.000000	0.155172
299.999212	gene_K	103.000000	190.000000	0.005263
299.999212	promoter_A	0.000000	0.000000	0.000000
299.999212	promoter_B1	0.000000	0.000000	0.000000
299.999212	promoter_D	0.000000	0.000000	0.000000
304.999024	__gene_A*_rbs	209.000000	0.000000	0.000000
304.999024	__gene_A_rbs	223.000000	0.000000	0.000000
304.999024	__gene_B_rbs	201.000000	0.000000	0.000000
304.999024	__gene_C_rbs	188.000000	0.000000	0.000000
304.999024	__gene_D_rbs	187.000000	0.000000	0.000000
304.999024	__gene_E_rbs	184.000000	0.000000	0.000000
304.999024	__gene_F_rbs	115.000000	0.000000	0.000000
304.999024	__gene_G_rbs	79.000000	0.000000	0.000000
304.999024	__gene_H_rbs	53.000000	0.000000	0.000000
304.999024	__gene_J_rbs	177.000000	0.000000	0.000000
304.999024	__gene_K_rbs	194.000000	0.000000	0.000000
304.999024	__ribosome	0.000000	0.000000	0.000000
304.999024	bound_ecolipol	1881.000000	0.000000	0.000000
304.999024	bound_ribosome	100.000000	0.000000	0.000000
304.999024	ecoli_genome	119.000000	0.000000	0.000000
304.999024	ecoli_transcript	23130.000000	0.000000	0.000000
304.999024	ecolipol	32.000000	0.000000	0.000000
304.999024	gene_A	228.000000	223.000000	0.094170
304.999024	gene_A*	140.000000	210.000000	0.057143
304.999024	gene_B	109.000000	202.000000	0.019802
304.999024	gene_C	98.000000	192.000000	0.010417
304.999024	gene_D	72.000000	188.000000	0.021277
304.999024	gene_E	86.000000	184.000000	0.016304
304.999024	gene_F	45.000000	115.000000	0.043478
304.999024	gene_G	18.000000	79.000000	0.075949
304.999024	gene_H	0.000000	53.000000	0.301887
304.999024	gene_J	64.000000	177.000000	0.135593
304.999024	gene_K	104.000000	194.000000	0.015464
304.999024	promoter_A	0.000000	0.000000	0.000000
304.999024	promoter_B1	0.000000	0.000000	0.000000
304.999024	promoter_D	0.000000	0.000000	0.000000
309.999084	__gene_A*_rbs	214.000000	0.000000	0.000000
309.999084	__gene_A_rbs	226.000000	0.000000	0.000000
309.999084	__gene_B_rbs	204.000000	0.000000	0.000000
309.999084	__gene_C_rbs	196.000000	0.000000	0.000000
309.999084	__gene_D_rbs	192.000000	0.000000	0.000000
309.999084	__gene_E_rbs	188.000000	0.000000	0.000000
309.999084	__gene_F_rbs	117.000000	0.000000	0.000000
309.999084	__gene_G_rbs	82.000000	0.000000	0.000000
309.999084	__gene_H_rbs	53.000000	0.000000	0.000000
309.999084	__gene_J_rbs	181.000000	0.000000	0.000000
309.999084	__gene_K_rbs	196.000000	0.000000	0.000000
309.999084	__ribosome	0.000000	0.000000	0.000000
309.999084	bound_ecolipol	1866.000000	0.000000	0.000000
309.999084	bound_ribosome	100.000000	0.000000	0.000000
309.999084	ecoli_genome	134.000000	0.000000	0.000000
309.999084	ecoli_transcript	23509.000000	0.000000	0.000000
309.999084	ecolipol	45.000000	0.000000	0.000000
309.999084	gene_A	228.000000	226.000000	0.097345
309.999084	gene_A*	142.000000	214.000000	0.046729
309.999084	gene_B	111.000000	205.000000	0.009756
309.999084	gene_C	99.000000	196.000000	0.010204
309.999084	gene_D	73.000000	192.000000	0.031250
309.999084	gene_E	86.000000	188.000000	0.015957
309.999084	gene_F	45.000000	117.000000	0.042735
309.999084	gene_G	18.000000	82.000000	0.085366
309.999084	gene_H	0.000000	53.000000	0.301887
309.999084	gene_J	64.000000	181.000000	0.143646
309.999084	gene_K	107.000000	197.000000	0.005076
309.999084	promoter_A	0.000000	0.000000	0.000000
309.999084	promoter_B1	0.000000	0.000000	0.000000
309.999084	promoter_D	0.000000	0.000000	0.000000
314.999001	__gene_A*_rbs	218.000000	0.000000	0.000000
314.999001	__gene_A_rbs	229.000000	0.000000	0.000000
314.999001	__gene_B_rbs	209.000000	0.000000	0.000000
314.999001	__gene_C_rbs	199.000000	0.000000	0.000000
314.999001	__gene_D_rbs	195.000000	0.000000	0.000000
314.999001	__gene_E_rbs	192.000000	0.000000	0.000000
314.999001	__gene_F_rbs	120.000000	0.000000	0.000000
314.999001	__gene_G_rbs	85.000000	0.000000	0.000000
314.999001	__gene_H_rbs	55.000000	0.000000	0.000000
314.999001	__gene_J_rbs	185.000000	0.000000	0.000000
314.999001	__gene_K_rbs	200.000000	0.000000	0.000000
314.999001	__ribosome	0.000000	0.000000	0.000000
314.999001	bound_ecolipol	1883.000000	0.000000	0.000000
314.999001	bound_ribosome	100.000000	0.000000	0.000000
314.999001	ecoli_genome	117.000000	0.000000	0.000000
314.999001	ecoli_transcript	23911.000000	0.000000	0.000000
314.999001	ecolipol	30.000000	0.000000	0.000000
314.999001	gene_A	229.000000	229.000000	0.100437
314.999001	gene_A*	142.000000	218.000000	0.050459
314.999001	gene_B	112.000000	209.000000	0.009569
314.999001	gene_C	101.000000	199.000000	0.005025
314.999001	gene_D	74.000000	196.000000	0.035714
314.999001	gene_E	89.000000	192.000000	0.000000
314.999001	gene_F	45.000000	120.000000	0.050000
314.999001	gene_G	20.000000	85.000000	0.070588
314.999001	gene_H	0.000000	55.000000	0.290909
314.999001	gene_J	66.000000	185.000000	0.145946
314.999001	gene_K	108.000000	201.000000	0.004975
314.999001	promoter_A	0.000000	0.000000	0.000000
314.999001	promoter_B1	0.000000	0.000000	0.000000
314.999001	promoter_D	0.000000	0.000000	0.000000
319.999258	__gene_A*_rbs	222.000000	0.000000	0.000000
319.999258	__gene_A_rbs	233.000000	0.000000	0.000000
319.999258	__gene_B_rbs	213.000000	0.000000	0.000000
319.999258	__gene_C_rbs	203.000000	0.000000	0.000000
319.999258	__gene_D_rbs	199.000000	0.000000	0.000000
319.999258	__gene_E_rbs	193.000000	0.000000	0.000000
319.999258	__gene_F_rbs	122.000000	0.000000	0.000000
319.999258	__gene_G_rbs	87.000000	0.000000	0.000000
319.999258	__gene_H_rbs	56.000000	0.000000	0.000000
319.999258	__gene_J_rbs	188.000000	0.000000	0.000000
319.999258	__gene_K_rbs	204.000000	0.000000	0.000000
319.999258	__ribosome	0.000000	0.000000	0.000000
319.999258	bound_ecolipol	1870.000000	0.000000	0.000000
319.999258	bound_ribosome	100.000000	0.000000	0.000000
319.999258	ecoli_genome	130.000000	0.000000	0.000000
319.999258	ecoli_transcript	24317.000000	0.000000	0.000000
319.999258	ecolipol	44.000000	0.000000	0.000000
319.999258	gene_A	230.000000	233.000000	0.094421
319.999258	gene_A*	144.000000	222.000000	0.049550
319.999258	gene_B	113.000000	213.000000	0.004695
319.999258	gene_C	101.000000	203.000000	0.014778
319.999258	gene_D	76.000000	199.000000	0.035176
319.999258	gene_E	89.000000	195.000000	0.020513
319.999258	gene_F	48.000000	122.000000	0.032787
319.999258	gene_G	20.000000	87.000000	0.068966
319.999258	gene_H	0.000000	56.000000	0.285714
319.999258	gene_J	68.000000	189.000000	0.132275
319.999258	gene_K	109.000000	205.000000	0.004878
319.999258	promoter_A	0.000000	0.000000	0.000000
319.999258	promoter_B1	0.000000	0.000000	0.000000
319.999258	promoter_D	0.000000	0.000000	0.000000
324.999092	__gene_A*_rbs	224.000000	0.000000	0.000000
324.999092	__gene_A_rbs	236.000000	0.000000	0.000000
324.999092	__gene_B_rbs	216.000000	0.000000	0.000000
324.999092	__gene_C_rbs	202.000000	0.000000	0.000000
324.999092	__gene_D_rbs	202.000000	0.000000	0.000000
324.999092	__gene_E_rbs	199.000000	0.000000	0.000000
324.999092	__gene_F_rbs	123.000000	0.000000	0.000000
324.999092	__gene_G_rbs	89.000000	0.000000	0.000000
324.999092	__gene_H_rbs	58.000000	0.000000	0.000000
324.999092	__gene_J_rbs	193.000000	0.000000	0.000000
324.999092	__gene_K_rbs	207.000000	0.000000	0.000000
324.999092	__ribosome	0.000000	0.000000	0.000000
324.999092	bound_ecolipol	1862.000000	0.000000	0.000000
324.999092	bound_ribosome	100.000000	0.000000	0.000000
324.999092	ecoli_genome	138.000000	0.000000	0.000000
324.999092	ecoli_transcript	24684.000000	0.000000	0.000000
324.999092	ecolipol	53.000000	0.000000	0.000000
324.999092	gene_A	232.000000	236.000000	0.093220
324.999092	gene_A*	147.000000	225.000000	0.048889
324.999092	gene_B	113.000000	216.000000	0.009259
324.999092	gene_C	103.000000	206.000000	0.004854
324.999092	gene_D	79.000000	203.000000	0.034483
324.999092	gene_E	90.000000	199.000000	0.020101
324.999092	gene_F	48.000000	123.000000	0.032520
324.999092	gene_G	21.000000	90.000000	0.077778
324.999092	gene_H	0.000000	58.000000	0.275862
324.999092	gene_J	68.000000	193.000000	0.129534
324.999092	gene_K	110.000000	208.000000	0.004808
324.999092	promoter_A	0.000000	0.000000	0.000000
324.999092	promoter_B1	0.000000	0.000000	0.000000
324.999092	promoter_D	0.000000	0.000000	0.000000
329.999011	__gene_A*_rbs	229.000000	0.000000	0.000000
329.999011	__gene_A_rbs	239.000000	0.000000	0.000000
329.999011	__gene_B_rbs	220.000000	0.000000	0.000000
329.999011	__gene_C_rbs	210.000000	0.000000	0.000000
329.999011	__gene_D_rbs	206.000000	0.000000	0.000000
329.999011	__gene_E_rbs	201.000000	0.000000	0.000000
329.999011	__gene_F_rbs	125.000000	0.000000	0.000000
329.999011	__gene_G_rbs	91.000000	0.000000	0.000000
329.999011	__gene_H_rbs	60.000000	0.000000	0.000000
329.999011	__gene_J_rbs	196.000000	0.000000	0.000000
329.999011	__gene_K_rbs	209.000000	0.000000	0.000000
329.999011	__ribosome	0.000000	0.000000	0.000000
329.999011	bound_ecolipol	1878.000000	0.000000	0.000000
329.999011	bound_ribosome	100.000000	0.000000	0.000000
329.999011	ecoli_genome	122.000000	0.000000	0.000000
329.999011	ecoli_transcript	25039.000000	0.000000	0.000000
329.999011	ecolipol	34.000000	0.000000	0.000000
329.999011	gene_A	236.000000	240.000000	0.091667
329.999011	gene_A*	149.000000	229.000000	0.052402
329.999011	gene_B	114.000000	220.000000	0.004545
329.999011	gene_C	104.000000	210.000000	0.004762
329.999011	gene_D	81.000000	206.000000	0.033981
329.999011	gene_E	93.000000	202.000000	0.004950
329.999011	gene_F	49.000000	125.000000	0.024000
329.999011	gene_G	21.000000	91.000000	0.087912
329.999011	gene_H	0.000000	60.000000	0.266667
329.999011	gene_J	68.000000	196.000000	0.137755
329.999011	gene_K	111.000000	211.000000	0.009479
329.999011	promoter_A	0.000000	0.000000	0.000000
329.999011	promoter_B1	0.000000	0.000000	0.000000
329.999011	promoter_D	0.000000	0.000000	0.000000
334.999004	__gene_A*_rbs	231.000000	0.000000	0.000000
334.999004	__gene_A_rbs	244.000000	0.000000	0.000000
334.999004	__gene_B_rbs	223.000000	0.000000	0.000000
334.999004	__gene_C_rbs	213.000000	0.000000	0.000000
334.999004	__gene_D_rbs	210.000000	0.000000	0.000000
334.999004	__gene_E_rbs	205.000000	0.000000	0.000000
334.999004	__gene_F_rbs	128.000000	0.000000	0.000000
334.999004	__gene_G_rbs	91.000000	0.000000	0.000000
334.999004	__gene_H_rbs	63.000000	0.000000	0.000000
334.999004	__gene_J_rbs	200.000000	0.000000	0.000000
334.999004	__gene_K_rbs	215.000000	0.000000	0.000000
334.999004	__ribosome	0.000000	0.000000	0.000000
334.999004	bound_ecolipol	1878.000000	0.000000	0.000000
334.999004	bound_ribosome	100.000000	0.000000	0.000000
334.999004	ecoli_genome	122.000000	0.000000	0.000000
334.999004	ecoli_transcript	25411.000000	0.000000	0.000000
334.999004	ecolipol	36.000000	0.000000	0.000000
334.999004	gene_A	239.000000	244.000000	0.077869
334.999004	gene_A*	152.000000	231.000000	0.038961
334.999004	gene_B	114.000000	223.000000	0.008969
334.999004	gene_C	104.000000	213.000000	0.004695
334.999004	gene_D	83.000000	210.000000	0.033333
334.999004	gene_E	94.000000	206.000000	0.009709
334.999004	gene_F	49.000000	128.000000	0.031250
334.999004	gene_G	21.000000	91.000000	0.098901
334.999004	gene_H	0.000000	63.000000	0.253968
334.999004	gene_J	68.000000	200.000000	0.140000
334.999004	gene_K	112.000000	215.000000	0.013953
334.999004	promoter_A	0.000000	0.000000	0.000000
334.999004	promoter_B1	0.000000	0.000000	0.000000
334.999004	promoter_D	0.000000	0.000000	0.000000
339.999206	__gene_A*_rbs	235.000000	0.000000	0.000000
339.999206	__gene_A_rbs	248.000000	0.000000	0.000000
339.999206	__gene_B_rbs	226.000000	0.000000	0.000000
339.999206	__gene_C_rbs	216.000000	0.000000	0.000000
339.999206	__gene_D_rbs	213.000000	0.000000	0.000000
339.999206	__gene_E_rbs	210.000000	0.000000	0.000000
339.999206	__gene_F_rbs	128.000000	0.000000	0.000000
339.999206	__gene_G_rbs	92.000000	0.000000	0.000000
339.999206	__gene_H_rbs	66.000000	0.000000	0.000000
339.999206	__gene_J_rbs	203.000000	0.000000	0.000000
339.999206	__gene_K_rbs	219.000000	0.000000	0.000000
339.999206	__ribosome	0.000000	0.000000	0.000000
339.999206	bound_ecolipol	1873.000000	0.000000	0.000000
339.999206	bound_ribosome	100.000000	0.000000	0.000000
339.999206	ecoli_genome	127.000000	0.000000	0.000000
339.999206	ecoli_transcript	25790.000000	0.000000	0.000000
339.999206	ecolipol	42.000000	0.000000	0.000000
339.999206	gene_A	242.000000	248.000000	0.072581
339.999206	gene_A*	152.000000	235.000000	0.046809
339.999206	gene_B	115.000000	227.000000	0.004405
339.999206	gene_C	105.000000	217.000000	0.004608
339.999206	gene_D	86.000000	213.000000	0.023474
339.999206	gene_E	94.000000	210.000000	0.009524
339.999206	gene_F	50.000000	129.000000	0.031008
339.999206	gene_G	21.000000	92.000000	0.097826
339.999206	gene_H	0.000000	66.000000	0.287879
339.999206	gene_J	69.000000	204.000000	0.137255
339.999206	gene_K	115.000000	219.000000	0.009132
339.999206	promoter_A	0.000000	0.000000	0.000000
339.999206	promoter_B1	0.000000	0.000000	0.000000
339.999206	promoter_D	0.000000	0.000000	0.000000
344.999217	__gene_A*_rbs	238.000000	0.000000	0.000000
344.999217	__gene_A_rbs	251.000000	0.000000	0.000000
344.999217	__gene_B_rbs	229.000000	0.000000	0.000000
344.999217	__gene_C_rbs	220.000000	0.000000	0.000000
344.999217	__gene_D_rbs	216.000000	0.000000	0.000000
344.999217	__gene_E_rbs	214.000000	0.000000	0.000000
344.999217	__gene_F_rbs	132.000000	0.000000	0.000000
344.999217	__gene_G_rbs	94.000000	0.000000	0.000000
344.999217	__gene_H_rbs	66.000000	0.000000	0.000000
344.999217	__gene_J_rbs	207.000000	0.000000	0.000000
344.999217	__gene_K_rbs	221.000000	0.000000	0.000000
344.999217	__ribosome	0.000000	0.000000	0.000000
344.999217	bound_ecolipol	1875.000000	0.000000	0.000000
344.999217	bound_ribosome	100.000000	0.000000	0.000000
344.999217	ecoli_genome	125.000000	0.000000	0.000000
344.999217	ecoli_transcript	26154.000000	0.000000	0.000000
344.999217	ecolipol	37.000000	0.000000	0.000000
344.999217	gene_A	242.000000	251.000000	0.075697
344.999217	gene_A*	152.000000	238.000000	0.050420
344.999217	gene_B	115.000000	231.000000	0.012987
344.999217	gene_C	105.000000	220.000000	0.004545
344.999217	gene_D	88.000000	216.000000	0.018519
344.999217	gene_E	96.000000	214.000000	0.009346
344.999217	gene_F	50.000000	132.000000	0.030303
344.999217	gene_G	23.000000	94.000000	0.074468
344.999217	gene_H	0.000000	66.000000	0.318182
344.999217	gene_J	70.000000	207.000000	0.130435
344.999217	gene_K	117.000000	222.000000	0.000000
344.999217	promoter_A	0.000000	0.000000	0.000000
344.999217	promoter_B1	0.000000	0.000000	0.000000
344.999217	promoter_D	0.000000	0.000000	0.000000
349.999032	__gene_A*_rbs	241.000000	0.000000	0.000000
349.999032	__gene_A_rbs	255.000000	0.000000	0.000000
349.999032	__gene_B_rbs	235.000000	0.000000	0.000000
349.999032	__gene_C_rbs	224.000000	0.000000	0.000000
349.999032	__gene_D_rbs	220.000000	0.000000	0.000000
349.999032	__gene_E_rbs	216.000000	0.000000	0.000000
349.999032	__gene_F_rbs	135.000000	0.000000	0.000000
349.999032	__gene_G_rbs	95.000000	0.000000	0.000000
349.999032	__gene_H_rbs	66.000000	0.000000	0.000000
349.999032	__gene_J_rbs	210.000000	0.000000	0.000000
349.999032	__gene_K_rbs	225.000000	0.000000	0.000000
349.999032	__ribosome	0.000000	0.000000	0.000000
349.999032	bound_ecolipol	1872.000000	0.000000	0.000000
349.999032	bound_ribosome	100.000000	0.000000	0.000000
349.999032	ecoli_genome	128.000000	0.000000	0.000000
349.999032	ecoli_transcript	26494.000000	0.000000	0.000000
349.999032	ecolipol	40.000000	0.000000	0.000000
349.999032	gene_A	244.000000	255.000000	0.070588
349.999032	gene_A*	153.000000	242.000000	0.053719
349.999032	gene_B	116.000000	235.000000	0.012766
349.999032	gene_C	106.000000	224.000000	0.017857
349.999032	gene_D	90.000000	220.000000	0.009091
349.999032	gene_E	96.000000	216.000000	0.009259
349.999032	gene_F	50.000000	135.000000	0.029630
349.999032	gene_G	24.000000	95.000000	0.063158
349.999032	gene_H	0.000000	66.000000	0.318182
349.999032	gene_J	70.000000	210.000000	0.128571
349.999032	gene_K	117.000000	226.000000	0.000000
349.999032	promoter_A	0.000000	0.000000	0.000000
349.999032	promoter_B1	0.000000	0.000000	0.000000
349.999032	promoter_D	0.000000	0.000000	0.000000
354.999097	__gene_A*_rbs	246.000000	0.000000	0.000000
354.999097	__gene_A_rbs	259.000000	0.000000	0.000000
354.999097	__gene_B_rbs	238.000000	0.000000	0.000000
354.999097	__gene_C_rbs	227.000000	0.000000	0.000000
354.999097	__gene_D_rbs	224.000000	0.000000	0.000000
354.999097	__gene_E_rbs	220.000000	0.000000	0.000000
354.999097	__gene_F_rbs	139.000000	0.000000	0.000000
354.999097	__gene_G_rbs	98.000000	0.000000	0.000000
354.999097	__gene_H_rbs	67.000000	0.000000	0.000000
354.999097	__gene_J_rbs	215.000000	0.000000	0.000000
354.999097	__gene_K_rbs	229.000000	0.000000	0.000000
354.999097	__ribosome	0.000000	0.000000	0.000000
354.999097	bound_ecolipol	1883.000000	0.000000	0.000000
354.999097	bound_ribosome	100.000000	0.000000	0.000000
354.999097	ecoli_genome	117.000000	0.000000	0.000000
354.999097	ecoli_transcript	26828.000000	0.000000	0.000000
354.999097	ecolipol	28.000000	0.000000	0.000000
354.999097	gene_A	249.000000	259.000000	0.054054
354.999097	gene_A*	155.000000	246.000000	0.044715
354.999097	gene_B	116.000000	238.000000	0.016807
354.999097	gene_C	107.000000	228.000000	0.026316
354.999097	gene_D	91.000000	224.000000	0.008929
354.999097	gene_E	98.000000	220.000000	0.009091
354.999097	gene_F	51.000000	139.000000	0.021583
354.999097	gene_G	24.000000	98.000000	0.061224
354.999097	gene_H	0.000000	67.000000	0.313433
354.999097	gene_J	70.000000	215.000000	0.134884
354.999097	gene_K	117.000000	230.000000	0.008696
354.999097	promoter_A	0.000000	0.000000	0.000000
354.999097	promoter_B1	0.000000	0.000000	0.000000
354.999097	promoter_D	0.000000	0.000000	0.000000
359.999040	__gene_A*_rbs	249.000000	0.000000	0.000000
359.999040	__gene_A_rbs	262.000000	0.000000	0.000000
359.999040	__gene_B_rbs	241.000000	0.000000	0.000000
359.999040	__gene_C_rbs	231.000000	0.000000	0.000000
359.999040	__gene_D_rbs	228.000000	0.000000	0.000000
359.999040	__gene_E_rbs	223.000000	0.000000	0.000000
359.999040	__gene_F_rbs	142.000000	0.000000	0.000000
359.999040	__gene_G_rbs	98.000000	0.000000	0.000000
359.999040	__gene_H_rbs	67.000000	0.000000	0.000000
359.999040	__gene_J_rbs	218.000000	0.000000	0.000000
359.999040	__gene_K_rbs	232.000000	0.000000	0.000000
359.999040	__ribosome	0.000000	0.000000	0.000000
359.999040	bound_ecolipol	1882.000000	0.000000	0.000000
359.999040	bound_ribosome	100.000000	0.000000	0.000000
359.999040	ecoli_genome	118.000000	0.000000	0.000000
359.999040	ecoli_transcript	27171.000000	0.000000	0.000000
359.999040	ecolipol	35.000000	0.000000	0.000000
359.999040	gene_A	250.000000	262.000000	0.061069
359.999040	gene_A*	160.000000	249.000000	0.028112
359.999040	gene_B	118.000000	242.000000	0.012397
359.999040	gene_C	111.000000	232.000000	0.030172
359.999040	gene_D	92.000000	228.000000	0.013158
359.999040	gene_E	98.000000	224.000000	0.013393
359.999040	gene_F	52.000000	142.000000	0.021127
359.999040	gene_G	24.000000	98.000000	0.081633
359.999040	gene_H	0.000000	67.000000	0.313433
359.999040	gene_J	72.000000	218.000000	0.128440
359.999040	gene_K	119.000000	233.000000	0.004292
359.999040	promoter_A	0.000000	0.000000	0.000000
359.999040	promoter_B1	0.000000	0.000000	0.000000
359.999040	promoter_D	0.000000	0.000000	0.000000
364.999022	__gene_A*_rbs	253.000000	0.000000	0.000000
364.999022	__gene_A_rbs	266.000000	0.000000	0.000000
364.999022	__gene_B_rbs	245.000000	0.000000	0.000000
364.999022	__gene_C_rbs	235.000000	0.000000	0.000000
364.999022	__gene_D_rbs	231.000000	0.000000	0.000000
364.999022	__gene_E_rbs	228.000000	0.000000	0.000000
364.999022	__gene_F_rbs	144.000000	0.000000	0.000000
364.999022	__gene_G_rbs	99.000000	0.000000	0.000000
364.999022	__gene_H_rbs	68.000000	0.000000	0.000000
364.999022	__gene_J_rbs	221.000000	0.000000	0.000000
364.999022	__gene_K_rbs	236.000000	0.000000	0.000000
364.999022	__ribosome	0.000000	0.000000	0.000000
364.999022	bound_ecolipol	1873.000000	0.000000	0.000000
364.999022	bound_ribosome	100.000000	0.000000	0.000000
364.999022	ecoli_genome	127.000000	0.000000	0.000000
364.999022	ecoli_transcript	27529.000000	0.000000	0.000000
364.999022	ecolipol	44.000000	0.000000	0.000000
364.999022	gene_A	252.000000	266.000000	0.052632
364.999022	gene_A*	161.000000	253.000000	0.031621
364.999022	gene_B	119.000000	246.000000	0.012195
364.999022	gene_C	114.000000	235.000000	0.021277
364.999022	gene_D	92.000000	231.000000	0.025974
364.999022	gene_E	100.000000	228.000000	0.004386
364.999022	gene_F	52.000000	144.000000	0.020833
364.999022	gene_G	24.000000	99.000000	0.111111
364.999022	gene_H	0.000000	68.000000	0.308824
364.999022	gene_J	73.000000	221.000000	0.126697
364.999022	gene_K	120.000000	237.000000	0.000000
364.999022	promoter_A	0.000000	0.000000	0.000000
364.999022	promoter_B1	0.000000	0.000000	0.000000
364.999022	promoter_D	0.000000	0.000000	0.000000
369.999047	__gene_A*_rbs	256.000000	0.000000	0.000000
369.999047	__gene_A_rbs	270.000000	0.000000	0.000000
369.999047	__gene_B_rbs	247.000000	0.000000	0.000000
369.999047	__gene_C_rbs	238.000000	0.000000	0.000000
369.999047	__gene_D_rbs	235.000000	0.000000	0.000000
369.999047	__gene_E_rbs	231.000000	0.000000	0.000000
369.999047	__gene_F_rbs	146.000000	0.000000	0.000000
369.999047	__gene_G_rbs	100.000000	0.000000	0.000000
369.999047	__gene_H_rbs	71.000000	0.000000	0.000000
369.999047	__gene_J_rbs	224.000000	0.000000	0.000000
369.999047	__gene_K_rbs	238.000000	0.000000	0.000000
369.999047	__ribosome	0.000000	0.000000	0.000000
369.999047	bound_ecolipol	1884.000000	0.000000	0.000000
369.999047	bound_ribosome	100.000000	0.000000	0.000000
369.999047	ecoli_genome	116.000000	0.000000	0.000000
369.999047	ecoli_transcript	27904.000000	0.000000	0.000000
369.999047	ecolipol	33.000000	0.000000	0.000000
369.999047	gene_A	252.000000	270.000000	0.051852
369.999047	gene_A*	161.000000	257.000000	0.046693
369.999047	gene_B	120.000000	249.000000	0.012048
369.999047	gene_C	118.000000	239.000000	0.004184
369.999047	gene_D	93.000000	235.000000	0.025532
369.999047	gene_E	101.000000	231.000000	0.000000
369.999047	gene_F	52.000000	146.000000	0.020548
369.999047	gene_G	24.000000	100.000000	0.110000
369.999047	gene_H	0.000000	71.000000	0.295775
369.999047	gene_J	74.000000	224.000000	0.120536
369.999047	gene_K	120.000000	240.000000	0.008333
369.999047	promoter_A	0.000000	0.000000	0.000000
369.999047	promoter_B1	0.000000	0.000000	0.000000
369.999047	promoter_D	0.000000	0.000000	0.000000
374.999245	__gene_A*_rbs	261.000000	0.000000	0.000000
374.999245	__gene_A_rbs	273.000000	0.000000	0.000000
374.999245	__gene_B_rbs	252.000000	0.000000	0.000000
374.999245	__gene_C_rbs	240.000000	0.000000	0.000000
374.999245	__gene_D_rbs	239.000000	0.000000	0.000000
374.999245	__gene_E_rbs	234.000000	0.000000	0.000000
374.999245	__gene_F_rbs	149.000000	0.000000	0.000000
374.999245	__gene_G_rbs	101.000000	0.000000	0.000000
374.999245	__gene_H_rbs	71.000000	0.000000	0.000000
374.999245	__gene_J_rbs	228.000000	0.000000	0.000000
374.999245	__gene_K_rbs	244.000000	0.000000	0.000000
374.999245	__ribosome	0.000000	0.000000	0.000000
374.999245	bound_ecolipol	1873.000000	0.000000	0.000000
374.999245	bound_ribosome	100.000000	0.000000	0.000000
374.999245	ecoli_genome	127.000000	0.000000	0.000000
374.999245	ecoli_transcript	28285.000000	0.000000	0.000000
374.999245	ecolipol	41.000000	0.000000	0.000000
374.999245	gene_A	253.000000	273.000000	0.058608
374.999245	gene_A*	163.000000	261.000000	0.045977
374.999245	gene_B	121.000000	252.000000	0.011905
374.999245	gene_C	119.000000	242.000000	0.000000
374.999245	gene_D	95.000000	239.000000	0.020921
374.999245	gene_E	101.000000	234.000000	0.000000
374.999245	gene_F	52.000000	149.000000	0.020134
374.999245	gene_G	24.000000	101.000000	0.108911
374.999245	gene_H	0.000000	71.000000	0.295775
374.999245	gene_J	74.000000	228.000000	0.127193
374.999245	gene_K	122.000000	244.000000	0.000000
374.999245	promoter_A	0.000000	0.000000	0.000000
374.999245	promoter_B1	0.000000	0.000000	0.000000
374.999245	promoter_D	0.000000	0.000000	0.000000
379.999021	__gene_A*_rbs	264.000000	0.000000	0.000000
379.999021	__gene_A_rbs	277.000000	0.000000	0.000000
379.999021	__gene_B_rbs	255.000000	0.000000	0.000000
379.999021	__gene_C_rbs	245.000000	0.000000	0.000000
379.999021	__gene_D_rbs	242.000000	0.000000	0.000000
379.999021	__gene_E_rbs	238.000000	0.000000	0.000000
379.999021	__gene_F_rbs	151.000000	0.000000	0.000000
379.999021	__gene_G_rbs	103.000000	0.000000	0.000000
379.999021	__gene_H_rbs	71.000000	0.000000	0.000000
379.999021	__gene_J_rbs	231.000000	0.000000	0.000000
379.999021	__gene_K_rbs	248.000000	0.000000	0.000000
379.999021	__ribosome	0.000000	0.000000	0.000000
379.999021	bound_ecolipol	1868.000000	0.000000	0.000000
379.999021	bound_ribosome	100.000000	0.000000	0.000000
379.999021	ecoli_genome	132.000000	0.000000	0.000000
379.999021	ecoli_transcript	28648.000000	0.000000	0.000000
379.999021	ecolipol	44.000000	0.000000	0.000000
379.999021	gene_A	255.000000	277.000000	0.057762
379.999021	gene_A*	164.000000	264.000000	0.045455
379.999021	gene_B	122.000000	256.000000	0.019531
379.999021	gene_C	119.000000	246.000000	0.008130
379.999021	gene_D	98.000000	242.000000	0.012397
379.999021	gene_E	101.000000	238.000000	0.000000
379.999021	gene_F	53.000000	151.000000	0.019868
379.999021	gene_G	27.000000	103.000000	0.077670
379.999021	gene_H	0.000000	71.000000	0.295775
379.999021	gene_J	76.000000	232.000000	0.129310
379.999021	gene_K	122.000000	248.000000	0.000000
379.999021	promoter_A	0.000000	0.000000	0.000000
379.999021	promoter_B1	0.000000	0.000000	0.000000
379.999021	promoter_D	0.000000	0.000000	0.000000
384.999179	__gene_A*_rbs	268.000000	0.000000	0.000000
384.999179	__gene_A_rbs	281.000000	0.000000	0.000000
384.999179	__gene_B_rbs	259.000000	0.000000	0.000000
384.999179	__gene_C_rbs	249.000000	0.000000	0.000000
384.999179	__gene_D_rbs	246.000000	0.000000	0.000000
384.999179	__gene_E_rbs	241.000000	0.000000	0.000000
384.999179	__gene_F_rbs	154.000000	0.000000	0.000000
384.999179	__gene_G_rbs	105.000000	0.000000	0.000000
384.999179	__gene_H_rbs	72.000000	0.000000	0.000000
384.999179	__gene_J_rbs	236.000000	0.000000	0.000000
384.999179	__gene_K_rbs	251.000000	0.000000	0.000000
384.999179	__ribosome	0.000000	0.000000	0.000000
384.999179	bound_ecolipol	1871.000000	0.000000	0.000000
384.999179	bound_ribosome	100.000000	0.000000	0.000000
384.999179	ecoli_genome	129.000000	0.000000	0.000000
384.999179	ecoli_transcript	29006.000000	0.000000	0.000000
384.999179	ecolipol	40.000000	0.000000	0.000000
384.999179	gene_A	258.000000	281.000000	0.046263
384.999179	gene_A*	165.000000	268.000000	0.048507
384.999179	gene_B	123.000000	260.000000	0.015385
384.999179	gene_C	120.000000	250.000000	0.012000
384.999179	gene_D	99.000000	246.000000	0.008130
384.999179	gene_E	101.000000	241.000000	0.008299
384.999179	gene_F	54.000000	154.000000	0.012987
384.999179	gene_G	27.000000	105.000000	0.076190
384.999179	gene_H	0.000000	72.000000	0.291667
384.999179	gene_J	77.000000	236.000000	0.127119
384.999179	gene_K	122.000000	252.000000	0.007937
384.999179	promoter_A	0.000000	0.000000	0.000000
384.999179	promoter_B1	0.000000	0.000000	0.000000
384.999179	promoter_D	0.000000	0.000000	0.000000
389.999255	__gene_A*_rbs	272.000000	0.000000	0.000000
389.999255	__gene_A_rbs	284.000000	0.000000	0.000000
389.999255	__gene_B_rbs	262.000000	0.000000	0.000000
389.999255	__gene_C_rbs	252.000000	0.000000	0.000000
389.999255	__gene_D_rbs	249.000000	0.000000	0.000000
389.999255	__gene_E_rbs	245.000000	0.000000	0.000000
389.999255	__gene_F_rbs	155.000000	0.000000	0.000000
389.999255	__gene_G_rbs	108.000000	0.000000	0.000000
389.999255	__gene_H_rbs	73.000000	0.000000	0.000000
389.999255	__gene_J_rbs	238.000000	0.000000	0.000000
389.999255	__gene_K_rbs	254.000000	0.000000	0.000000
389.999255	__ribosome	0.000000	0.000000	0.000000
389.999255	bound_ecolipol	1876.000000	0.000000	0.000000
389.999255	bound_ribosome	100.000000	0.000000	0.000000
389.999255	ecoli_genome	124.000000	0.000000	0.000000
389.999255	ecoli_transcript	29389.000000	0.000000	0.000000
389.999255	ecolipol	35.000000	0.000000	0.000000
389.999255	gene_A	260.000000	284.000000	0.038732
389.999255	gene_A*	166.000000	272.000000	0.055147
389.999255	gene_B	125.000000	263.000000	0.011407
389.999255	gene_C	121.000000	253.000000	0.011858
389.999255	gene_D	100.000000	249.000000	0.004016
389.999255	gene_E	101.000000	245.000000	0.012245
389.999255	gene_F	54.000000	156.000000	0.019231
389.999255	gene_G	27.000000	108.000000	0.074074
389.999255	gene_H	0.000000	73.000000	0.287671
389.999255	gene_J	78.000000	238.000000	0.121849
389.999255	gene_K	124.000000	255.000000	0.011765
389.999255	promoter_A	0.000000	0.000000	0.000000
389.999255	promoter_B1	0.000000	0.000000	0.000000
389.999255	promoter_D	0.000000	0.000000	0.000000
394.999420	__gene_A*_rbs	274.000000	0.000000	0.000000
394.999420	__gene_A_rbs	288.000000	0.000000	0.000000
394.999420	__gene_B_rbs	266.000000	0.000000	0.000000
394.999420	__gene_C_rbs	257.000000	0.000000	0.000000
394.999420	__gene_D_rbs	253.000000	0.000000	0.000000
394.999420	__gene_E_rbs	249.000000	0.000000	0.000000
394.999420	__gene_F_rbs	158.000000	0.000000	0.000000
394.999420	__gene_G_rbs	110.000000	0.000000	0.000000
394.999420	__gene_H_rbs	74.000000	0.000000	0.000000
394.999420	__gene_J_rbs	242.000000	0.000000	0.000000
394.999420	__gene_K_rbs	259.000000	0.000000	0.000000
394.999420	__ribosome	0.000000	0.000000	0.000000
394.999420	bound_ecolipol	1867.000000	0.000000	0.000000
394.999420	bound_ribosome	100.000000	0.000000	0.000000
394.999420	ecoli_genome	133.000000	0.000000	0.000000
394.999420	ecoli_transcript	29811.000000	0.000000	0.000000
394.999420	ecolipol	43.000000	0.000000	0.000000
394.999420	gene_A	260.000000	288.000000	0.045139
394.999420	gene_A*	167.000000	276.000000	0.054348
394.999420	gene_B	127.000000	267.000000	0.018727
394.999420	gene_C	123.000000	257.000000	0.007782
394.999420	gene_D	101.000000	253.000000	0.000000
394.999420	gene_E	103.000000	249.000000	0.008032
394.999420	gene_F	54.000000	158.000000	0.025316
394.999420	gene_G	27.000000	110.000000	0.072727
394.999420	gene_H	0.000000	74.000000	0.283784
394.999420	gene_J	78.000000	242.000000	0.119835
394.999420	gene_K	127.000000	259.000000	0.003861
394.999420	promoter_A	0.000000	0.000000	0.000000
394.999420	promoter_B1	0.000000	0.000000	0.000000
394.999420	promoter_D	0.000000	0.000000	0.000000
399.999025	__gene_A*_rbs	279.000000	0.000000	0.000000
399.999025	__gene_A_rbs	291.000000	0.000000	0.000000
399.999025	__gene_B_rbs	270.000000	0.000000	0.000000
399.999025	__gene_C_rbs	260.000000	0.000000	0.000000
399.999025	__gene_D_rbs	256.000000	0.000000	0.000000
399.999025	__gene_E_rbs	252.000000	0.000000	0.000000
399.999025	__gene_F_rbs	161.000000	0.000000	0.000000
399.999025	__gene_G_rbs	113.000000	0.000000	0.000000
399.999025	__gene_H_rbs	76.000000	0.000000	0.000000
399.999025	__gene_J_rbs	246.000000	0.000000	0.000000
399.999025	__gene_K_rbs	261.000000	0.000000	0.000000
399.999025	__ribosome	0.000000	0.000000	0.000000
399.999025	bound_ecolipol	1873.000000	0.000000	0.000000
399.999025	bound_ribosome	100.000000	0.000000	0.000000
399.999025	ecoli_genome	127.000000	0.000000	0.000000
399.999025	ecoli_transcript	30171.000000	0.000000	0.000000
399.999025	ecolipol	38.000000	0.000000	0.000000
399.999025	gene_A	261.000000	291.000000	0.051546
399.999025	gene_A*	169.000000	279.000000	0.050179
399.999025	gene_B	128.000000	270.000000	0.014815
399.999025	gene_C	124.000000	261.000000	0.003831
399.999025	gene_D	101.000000	256.000000	0.000000
399.999025	gene_E	104.000000	252.000000	0.003968
399.999025	gene_F	55.000000	161.000000	0.024845
399.999025	gene_G	27.000000	113.000000	0.079646
399.999025	gene_H	0.000000	76.000000	0.276316
399.999025	gene_J	78.000000	246.000000	0.121951
399.999025	gene_K	128.000000	262.000000	0.003817
399.999025	promoter_A	0.000000	0.000000	0.000000
399.999025	promoter_B1	0.000000	0.000000	0.000000
399.999025	promoter_D	0.000000	0.000000	0.000000
404.999088	__gene_A*_rbs	283.000000	0.000000	0.000000
404.999088	__gene_A_rbs	295.000000	0.000000	0.000000
404.999088	__gene_B_rbs	273.000000	0.000000	0.000000
404.999088	__gene_C_rbs	264.000000	0.000000	0.000000
404.999088	__gene_D_rbs	260.000000	0.000000	0.000000
404.999088	__gene_E_rbs	256.000000	0.000000	0.000000
404.999088	__gene_F_rbs	164.000000	0.000000	0.000000
404.999088	__gene_G_rbs	115.000000	0.000000	0.000000
404.999088	__gene_H_rbs	78.000000	0.000000	0.000000
404.999088	__gene_J_rbs	250.000000	0.000000	0.000000
404.999088	__gene_K_rbs	263.000000	0.000000	0.000000
404.999088	__ribosome	0.000000	0.000000	0.000000
404.999088	bound_ecolipol	1862.000000	0.000000	0.000000
404.999088	bound_ribosome	100.000000	0.000000	0.000000
404.999088	ecoli_genome	138.000000	0.000000	0.000000
404.999088	ecoli_transcript	30566.000000	0.000000	0.000000
404.999088	ecolipol	47.000000	0.000000	0.000000
404.999088	gene_A	263.000000	295.000000	0.047458
404.999088	gene_A*	173.000000	283.000000	0.035336
404.999088	gene_B	130.000000	274.000000	0.010949
404.999088	gene_C	125.000000	264.000000	0.011364
404.999088	gene_D	101.000000	260.000000	0.000000
404.999088	gene_E	105.000000	256.000000	0.003906
404.999088	gene_F	55.000000	165.000000	0.048485
404.999088	gene_G	27.000000	115.000000	0.078261
404.999088	gene_H	0.000000	78.000000	0.269231
404.999088	gene_J	79.000000	250.000000	0.120000
404.999088	gene_K	128.000000	266.000000	0.003759
404.999088	promoter_A	0.000000	0.000000	0.000000
404.999088	promoter_B1	0.000000	0.000000	0.000000
404.999088	promoter_D	0.000000	0.000000	0.000000
409.999671	__gene_A*_rbs	287.000000	0.000000	0.000000
409.999671	__gene_A_rbs	298.000000	0.000000	0.000000
409.999671	__gene_B_rbs	275.000000	0.000000	0.000000
409.999671	__gene_C_rbs	268.000000	0.000000	0.000000
409.999671	__gene_D_rbs	264.000000	0.000000	0.000000
409.999671	__gene_E_rbs	258.000000	0.000000	0.000000
409.999671	__gene_F_rbs	169.000000	0.000000	0.000000
409.999671	__gene_G_rbs	116.000000	0.000000	0.000000
409.999671	__gene_H_rbs	80.000000	0.000000	0.000000
409.999671	__gene_J_rbs	253.000000	0.000000	0.000000
409.999671	__gene_K_rbs	269.000000	0.000000	0.000000
409.999671	__ribosome	0.000000	0.000000	0.000000
409.999671	bound_ecolipol	1869.000000	0.000000	0.000000
409.999671	bound_ribosome	100.000000	0.000000	0.000000
409.999671	ecoli_genome	131.000000	0.000000	0.000000
409.999671	ecoli_transcript	30923.000000	0.000000	0.000000
409.999671	ecolipol	38.000000	0.000000	0.000000
409.999671	gene_A	266.000000	298.000000	0.036913
409.999671	gene_A*	175.000000	287.000000	0.038328
409.999671	gene_B	132.000000	278.000000	0.010791
409.999671	gene_C	126.000000	268.000000	0.014925
409.999671	gene_D	101.000000	264.000000	0.003788
409.999671	gene_E	105.000000	259.000000	0.007722
409.999671	gene_F	55.000000	169.000000	0.047337
409.999671	gene_G	27.000000	116.000000	0.077586
409.999671	gene_H	0.000000	80.000000	0.275000
409.999671	gene_J	80.000000	253.000000	0.114625
409.999671	gene_K	129.000000	270.000000	0.000000
409.999671	promoter_A	0.000000	0.000000	0.000000
409.999671	promoter_B1	0.000000	0.000000	0.000000
409.999671	promoter_D	0.000000	0.000000	0.000000
414.999122	__gene_A*_rbs	290.000000	0.000000	0.000000
414.999122	__gene_A_rbs	302.000000	0.000000	0.000000
414.999122	__gene_B_rbs	282.000000	0.000000	0.000000
414.999122	__gene_C_rbs	271.000000	0.000000	0.000000
414.999122	__gene_D_rbs	267.000000	0.000000	0.000000
414.999122	__gene_E_rbs	262.000000	0.000000	0.000000
414.999122	__gene_F_rbs	171.000000	0.000000	0.000000
414.999122	__gene_G_rbs	118.000000	0.000000	0.000000
414.999122	__gene_H_rbs	82.000000	0.000000	0.000000
414.999122	__gene_J_rbs	257.000000	0.000000	0.000000
414.999122	__gene_K_rbs	272.000000	0.000000	0.000000
414.999122	__ribosome	0.000000	0.000000	0.000000
414.999122	bound_ecolipol	1881.000000	0.000000	0.000000
414.999122	bound_ribosome	100.000000	0.000000	0.000000
414.999122	ecoli_genome	119.000000	0.000000	0.000000
414.999122	ecoli_transcript	31315.000000	0.000000	0.000000
414.999122	ecolipol	27.000000	0.000000	0.000000
414.999122	gene_A	266.000000	302.000000	0.043046
414.999122	gene_A*	176.000000	291.000000	0.037801
414.999122	gene_B	133.000000	282.000000	0.007092
414.999122	gene_C	129.000000	271.000000	0.007380
414.999122	gene_D	101.000000	267.000000	0.003745
414.999122	gene_E	106.000000	263.000000	0.007605
414.999122	gene_F	55.000000	171.000000	0.052632
414.999122	gene_G	28.000000	118.000000	0.067797
414.999122	gene_H	0.000000	82.000000	0.268293
414.999122	gene_J	80.000000	257.000000	0.112840
414.999122	gene_K	129.000000	273.000000	0.003663
414.999122	promoter_A	0.000000	0.000000	0.000000
414.999122	promoter_B1	0.000000	0.000000	0.000000
414.999122	promoter_D	0.000000	0.000000	0.000000
419.999045	__gene_A*_rbs	294.000000	0.000000	0.000000
419.999045	__gene_A_rbs	305.000000	0.000000	0.000000
419.999045	__gene_B_rbs	286.000000	0.000000	0.000000
419.999045	__gene_C_rbs	275.000000	0.000000	0.000000
419.999045	__gene_D_rbs	271.000000	0.000000	0.000000
419.999045	__gene_E_rbs	265.000000	0.000000	0.000000
419.999045	__gene_F_rbs	173.000000	0.000000	0.000000
419.999045	__gene_G_rbs	119.000000	0.000000	0.000000
419.999045	__gene_H_rbs	84.000000	0.000000	0.000000
419.999045	__gene_J_rbs	260.000000	0.000000	0.000000
419.999045	__gene_K_rbs	276.000000	0.000000	0.000000
419.999045	__ribosome	0.000000	0.000000	0.000000
419.999045	bound_ecolipol	1866.000000	0.000000	0.000000
419.999045	bound_ribosome	100.000000	0.000000	0.000000
419.999045	ecoli_genome	134.000000	0.000000	0.000000
419.999045	ecoli_transcript	31706.000000	0.000000	0.000000
419.999045	ecolipol	43.000000	0.000000	0.000000
419.999045	gene_A	266.000000	306.000000	0.045752
419.999045	gene_A*	179.000000	294.000000	0.027211
419.999045	gene_B	134.000000	286.000000	0.006993
419.999045	gene_C	130.000000	275.000000	0.007273
419.999045	gene_D	101.000000	271.000000	0.003690
419.999045	gene_E	106.000000	266.000000	0.018797
419.999045	gene_F	56.000000	173.000000	0.046243
419.999045	gene_G	28.000000	119.000000	0.067227
419.999045	gene_H	0.000000	84.000000	0.261905
419.999045	gene_J	80.000000	261.000000	0.111111
419.999045	gene_K	130.000000	277.000000	0.003610
419.999045	promoter_A	0.000000	0.000000	0.000000
419.999045	promoter_B1	0.000000	0.000000	0.000000
419.999045	promoter_D	0.000000	0.000000	0.000000
424.999286	__gene_A*_rbs	298.000000	0.000000	0.000000
424.999286	__gene_A_rbs	309.000000	0.000000	0.000000
424.999286	__gene_B_rbs	288.000000	0.000000	0.000000
424.999286	__gene_C_rbs	279.000000	0.000000	0.000000
424.999286	__gene_D_rbs	275.000000	0.000000	0.000000
424.999286	__gene_E_rbs	269.000000	0.000000	0.000000
424.999286	__gene_F_rbs	175.000000	0.000000	0.000000
424.999286	__gene_G_rbs	120.000000	0.000000	0.000000
424.999286	__gene_H_rbs	84.000000	0.000000	0.000000
424.999286	__gene_J_rbs	262.000000	0.000000	0.000000
424.999286	__gene_K_rbs	281.000000	0.000000	0.000000
424.999286	__ribosome	0.000000	0.000000	0.000000
424.999286	bound_ecolipol	1869.000000	0.000000	0.000000
424.999286	bound_ribosome	100.000000	0.000000	0.000000
424.999286	ecoli_genome	131.000000	0.000000	0.000000
424.999286	ecoli_transcript	32055.000000	0.000000	0.000000
424.999286	ecolipol	40.000000	0.000000	0.000000
424.999286	gene_A	269.000000	309.000000	0.038835
424.999286	gene_A*	182.000000	298.000000	0.020134
424.999286	gene_B	135.000000	289.000000	0.003460
424.999286	gene_C	132.000000	279.000000	0.003584
424.999286	gene_D	102.000000	275.000000	0.010909
424.999286	gene_E	108.000000	270.000000	0.022222
424.999286	gene_F	56.000000	175.000000	0.045714
424.999286	gene_G	28.000000	120.000000	0.075000
424.999286	gene_H	0.000000	84.000000	0.261905
424.999286	gene_J	80.000000	264.000000	0.117424
424.999286	gene_K	130.000000	281.000000	0.003559
424.999286	promoter_A	0.000000	0.000000	0.000000
424.999286	promoter_B1	0.000000	0.000000	0.000000
424.999286	promoter_D	0.000000	0.000000	0.000000
429.999137	__gene_A*_rbs	302.000000	0.000000	0.000000
429.999137	__gene_A_rbs	313.000000	0.000000	0.000000
429.999137	__gene_B_rbs	293.000000	0.000000	0.000000
429.999137	__gene_C_rbs	281.000000	0.000000	0.000000
429.999137	__gene_D_rbs	278.000000	0.000000	0.000000
429.999137	__gene_E_rbs	274.000000	0.000000	0.000000
429.999137	__gene_F_rbs	177.000000	0.000000	0.000000
429.999137	__gene_G_rbs	120.000000	0.000000	0.000000
429.999137	__gene_H_rbs	86.000000	0.000000	0.000000
429.999137	__gene_J_rbs	268.000000	0.000000	0.000000
429.999137	__gene_K_rbs	284.000000	0.000000	0.000000
429.999137	__ribosome	0.000000	0.000000	0.000000
429.999137	bound_ecolipol	1863.000000	0.000000	0.000000
429.999137	bound_ribosome	100.000000	0.000000	0.000000
429.999137	ecoli_genome	137.000000	0.000000	0.000000
429.999137	ecoli_transcript	32450.000000	0.000000	0.000000
429.999137	ecolipol	49.000000	0.000000	0.000000
429.999137	gene_A	270.000000	313.000000	0.038339
429.999137	gene_A*	182.000000	302.000000	0.019868
429.999137	gene_B	135.000000	293.000000	0.003413
429.999137	gene_C	132.000000	282.000000	0.003546
429.999137	gene_D	102.000000	278.000000	0.017986
429.999137	gene_E	111.000000	274.000000	0.021898
429.999137	gene_F	56.000000	177.000000	0.045198
429.999137	gene_G	28.000000	120.000000	0.075000
429.999137	gene_H	0.000000	86.000000	0.255814
429.999137	gene_J	82.000000	268.000000	0.108209
429.999137	gene_K	131.000000	284.000000	0.003521
429.999137	promoter_A	0.000000	0.000000	0.000000
429.999137	promoter_B1	0.000000	0.000000	0.000000
429.999137	promoter_D	0.000000	0.000000	0.000000
434.999075	__gene_A*_rbs	305.000000	0.000000	0.000000
434.999075	__gene_A_rbs	315.000000	0.000000	0.000000
434.999075	__gene_B_rbs	295.000000	0.000000	0.000000
434.999075	__gene_C_rbs	286.000000	0.000000	0.000000
434.999075	__gene_D_rbs	282.000000	0.000000	0.000000
434.999075	__gene_E_rbs	277.000000	0.000000	0.000000
434.999075	__gene_F_rbs	180.000000	0.000000	0.000000
434.999075	__gene_G_rbs	122.000000	0.000000	0.000000
434.999075	__gene_H_rbs	87.000000	0.000000	0.000000
434.999075	__gene_J_rbs	271.000000	0.000000	0.000000
434.999075	__gene_K_rbs	288.000000	0.000000	0.000000
434.999075	__ribosome	0.000000	0.000000	0.000000
434.999075	bound_ecolipol	1872.000000	0.000000	0.000000
434.999075	bound_ribosome	100.000000	0.000000	0.000000
434.999075	ecoli_genome	128.000000	0.000000	0.000000
434.999075	ecoli_transcript	32831.000000	0.000000	0.000000
434.999075	ecolipol	39.000000	0.000000	0.000000
434.999075	gene_A	271.000000	316.000000	0.041139
434.999075	gene_A*	183.000000	305.000000	0.016393
434.999075	gene_B	136.000000	296.000000	0.003378
434.999075	gene_C	133.000000	286.000000	0.000000
434.999075	gene_D	102.000000	282.000000	0.021277
434.999075	gene_E	114.000000	278.000000	0.010791
434.999075	gene_F	57.000000	180.000000	0.038889
434.999075	gene_G	28.000000	122.000000	0.073770
434.999075	gene_H	0.000000	87.000000	0.275862
434.999075	gene_J	82.000000	271.000000	0.110701
434.999075	gene_K	131.000000	288.000000	0.006944
434.999075	promoter_A	0.000000	0.000000	0.000000
434.999075	promoter_B1	0.000000	0.000000	0.000000
434.999075	promoter_D	0.000000	0.000000	0.000000
439.999127	__gene_A*_rbs	308.000000	0.000000	0.000000
439.999127	__gene_A_rbs	320.000000	0.000000	0.000000
439.999127	__gene_B_rbs	300.000000	0.000000	0.000000
439.999127	__gene_C_rbs	290.000000	0.000000	0.000000
439.999127	__gene_D_rbs	284.000000	0.000000	0.000000
439.999127	__gene_E_rbs	281.000000	0.000000	0.000000
439.999127	__gene_F_rbs	182.000000	0.000000	0.000000
439.999127	__gene_G_rbs	124.000000	0.000000	0.000000
439.999127	__gene_H_rbs	88.000000	0.000000	0.000000
439.999127	__gene_J_rbs	274.000000	0.000000	0.000000
439.999127	__gene_K_rbs	291.000000	0.000000	0.000000
439.999127	__ribosome	0.000000	0.000000	0.000000
439.999127	bound_ecolipol	1877.000000	0.000000	0.000000
439.999127	bound_ribosome	100.000000	0.000000	0.000000
439.999127	ecoli_genome	123.000000	0.000000	0.000000
439.999127	ecoli_transcript	33192.000000	0.000000	0.000000
439.999127	ecolipol	33.000000	0.000000	0.000000
439.999127	gene_A	271.000000	320.000000	0.043750
439.999127	gene_A*	185.000000	308.000000	0.012987
439.999127	gene_B	136.000000	300.000000	0.013333
439.999127	gene_C	133.000000	290.000000	0.000000
439.999127	gene_D	105.000000	285.000000	0.017544
439.999127	gene_E	117.000000	281.000000	0.007117
439.999127	gene_F	59.000000	184.000000	0.038043
439.999127	gene_G	28.000000	124.000000	0.072581
439.999127	gene_H	0.000000	88.000000	0.272727
439.999127	gene_J	82.000000	274.000000	0.109489
439.999127	gene_K	133.000000	292.000000	0.003425
439.999127	promoter_A	0.000000	0.000000	0.000000
439.999127	promoter_B1	0.000000	0.000000	0.000000
439.999127	promoter_D	0.000000	0.000000	0.000000
444.999130	__gene_A*_rbs	310.000000	0.000000	0.000000
444.999130	__gene_A_rbs	324.000000	0.000000	0.000000
444.999130	__gene_B_rbs	302.000000	0.000000	0.000000
444.999130	__gene_C_rbs	293.000000	0.000000	0.000000
444.999130	__gene_D_rbs	289.000000	0.000000	0.000000
444.999130	__gene_E_rbs	285.000000	0.000000	0.000000
444.999130	__gene_F_rbs	187.000000	0.000000	0.000000
444.999130	__gene_G_rbs	124.000000	0.000000	0.000000
444.999130	__gene_H_rbs	88.000000	0.000000	0.000000
444.999130	__gene_J_rbs	277.000000	0.000000	0.000000
444.999130	__gene_K_rbs	295.000000	0.000000	0.000000
444.999130	__ribosome	0.000000	0.000000	0.000000
444.999130	bound_ecolipol	1871.000000	0.000000	0.000000
444.999130	bound_ribosome	100.000000	0.000000	0.000000
444.999130	ecoli_genome	129.000000	0.000000	0.000000
444.999130	ecoli_transcript	33543.000000	0.000000	0.000000
444.999130	ecolipol	41.000000	0.000000	0.000000
444.999130	gene_A	272.000000	324.000000	0.040123
444.999130	gene_A*	186.000000	311.000000	0.012862
444.999130	gene_B	137.000000	303.000000	0.013201
444.999130	gene_C	133.000000	293.000000	0.003413
444.999130	gene_D	106.000000	289.000000	0.013841
444.999130	gene_E	118.000000	285.000000	0.010526
444.999130	gene_F	60.000000	187.000000	0.037433
444.999130	gene_G	28.000000	124.000000	0.072581
444.999130	gene_H	0.000000	88.000000	0.284091
444.999130	gene_J	82.000000	278.000000	0.107914
444.999130	gene_K	134.000000	295.000000	0.000000
444.999130	promoter_A	0.000000	0.000000	0.000000
444.999130	promoter_B1	0.000000	0.000000	0.000000
444.999130	promoter_D	0.000000	0.000000	0.000000
449.999023	__gene_A*_rbs	315.000000	0.000000	0.000000
449.999023	__gene_A_rbs	327.000000	0.000000	0.000000
449.999023	__gene_B_rbs	307.000000	0.000000	0.000000
449.999023	__gene_C_rbs	295.000000	0.000000	0.000000
449.999023	__gene_D_rbs	293.000000	0.000000	0.000000
449.999023	__gene_E_rbs	289.000000	0.000000	0.000000
449.999023	__gene_F_rbs	189.000000	0.000000	0.000000
449.999023	__gene_G_rbs	127.000000	0.000000	0.000000
449.999023	__gene_H_rbs	89.000000	0.000000	0.000000
449.999023	__gene_J_rbs	282.000000	0.000000	0.000000
449.999023	__gene_K_rbs	299.000000	0.000000	0.000000
449.999023	__ribosome	0.000000	0.000000	0.000000
449.999023	bound_ecolipol	1876.000000	0.000000	0.000000
449.999023	bound_ribosome	100.000000	0.000000	0.000000
449.999023	ecoli_genome	124.000000	0.000000	0.000000
449.999023	ecoli_transcript	33939.000000	0.000000	0.000000
449.999023	ecolipol	34.000000	0.000000	0.000000
449.999023	gene_A	274.000000	327.000000	0.039755
449.999023	gene_A*	187.000000	315.000000	0.015873
449.999023	gene_B	140.000000	307.000000	0.006515
449.999023	gene_C	133.000000	297.000000	0.010101
449.999023	gene_D	108.000000	293.000000	0.006826
449.999023	gene_E	119.000000	289.000000	0.010381
449.999023	gene_F	63.000000	189.000000	0.026455
449.999023	gene_G	28.000000	127.000000	0.070866
449.999023	gene_H	0.000000	89.000000	0.280899
449.999023	gene_J	82.000000	282.000000	0.109929
449.999023	gene_K	134.000000	299.000000	0.006689
449.999023	promoter_A	0.000000	0.000000	0.000000
449.999023	promoter_B1	0.000000	0.000000	0.000000
449.999023	promoter_D	0.000000	0.000000	0.000000
454.999297	__gene_A*_rbs	317.000000	0.000000	0.000000
454.999297	__gene_A_rbs	331.000000	0.000000	0.000000
454.999297	__gene_B_rbs	311.000000	0.000000	0.000000
454.999297	__gene_C_rbs	300.000000	0.000000	0.000000
454.999297	__gene_D_rbs	296.000000	0.000000	0.000000
454.999297	__gene_E_rbs	292.000000	0.000000	0.000000
454.999297	__gene_F_rbs	192.000000	0.000000	0.000000
454.999297	__gene_G_rbs	131.000000	0.000000	0.000000
454.999297	__gene_H_rbs	91.000000	0.000000	0.000000
454.999297	__gene_J_rbs	285.000000	0.000000	0.000000
454.999297	__gene_K_rbs	303.000000	0.000000	0.000000
454.999297	__ribosome	0.000000	0.000000	0.000000
454.999297	bound_ecolipol	1873.000000	0.000000	0.000000
454.999297	bound_ribosome	100.000000	0.000000	0.000000
454.999297	ecoli_genome	127.000000	0.000000	0.000000
454.999297	ecoli_transcript	34322.000000	0.000000	0.000000
454.999297	ecolipol	38.000000	0.000000	0.000000
454.999297	gene_A	277.000000	331.000000	0.030211
454.999297	gene_A*	187.000000	319.000000	0.025078
454.999297	gene_B	140.000000	311.000000	0.009646
454.999297	gene_C	134.000000	301.000000	0.009967
454.999297	gene_D	109.000000	297.000000	0.003367
454.999297	gene_E	121.000000	292.000000	0.013699
454.999297	gene_F	64.000000	192.000000	0.020833
454.999297	gene_G	28.000000	131.000000	0.068702
454.999297	gene_H	0.000000	91.000000	0.285714
454.999297	gene_J	82.000000	286.000000	0.108392
454.999297	gene_K	136.000000	303.000000	0.003300
454.999297	promoter_A	0.000000	0.000000	0.000000
454.999297	promoter_B1	0.000000	0.000000	0.000000
454.999297	promoter_D	0.000000	0.000000	0.000000
459.999363	__gene_A*_rbs	322.000000	0.000000	0.000000
459.999363	__gene_A_rbs	335.000000	0.000000	0.000000
459.999363	__gene_B_rbs	314.000000	0.000000	0.000000
459.999363	__gene_C_rbs	305.000000	0.000000	0.000000
459.999363	__gene_D_rbs	301.000000	0.000000	0.000000
459.999363	__gene_E_rbs	297.000000	0.000000	0.000000
459.999363	__gene_F_rbs	194.000000	0.000000	0.000000
459.999363	__gene_G_rbs	133.000000	0.000000	0.000000
459.999363	__gene_H_rbs	91.000000	0.000000	0.000000
459.999363	__gene_J_rbs	289.000000	0.000000	0.000000
459.999363	__gene_K_rbs	307.000000	0.000000	0.000000
459.999363	__ribosome	0.000000	0.000000	0.000000
459.999363	bound_ecolipol	1874.000000	0.000000	0.000000
459.999363	bound_ribosome	100.000000	0.000000	0.000000
459.999363	ecoli_genome	126.000000	0.000000	0.000000
459.999363	ecoli_transcript	34717.000000	0.000000	0.000000
459.999363	ecolipol	35.000000	0.000000	0.000000
459.999363	gene_A	277.000000	335.000000	0.029851
459.999363	gene_A*	188.000000	322.000000	0.021739
459.999363	gene_B	141.000000	314.000000	0.009554
459.999363	gene_C	136.000000	305.000000	0.006557
459.999363	gene_D	110.000000	301.000000	0.006645
459.999363	gene_E	122.000000	297.000000	0.010101
459.999363	gene_F	64.000000	194.000000	0.025773
459.999363	gene_G	28.000000	133.000000	0.067669
459.999363	gene_H	0.000000	91.000000	0.285714
459.999363	gene_J	82.000000	289.000000	0.107266
459.999363	gene_K	137.000000	307.000000	0.006515
459.999363	promoter_A	0.000000	0.000000	0.000000
459.999363	promoter_B1	0.000000	0.000000	0.000000
459.999363	promoter_D	0.000000	0.000000	0.000000
464.999001	__gene_A*_rbs	325.000000	0.000000	0.000000
464.999001	__gene_A_rbs	338.000000	0.000000	0.000000
464.999001	__gene_B_rbs	318.000000	0.000000	0.000000
464.999001	__gene_C_rbs	308.000000	0.000000	0.000000
464.999001	__gene_D_rbs	305.000000	0.000000	0.000000
464.999001	__gene_E_rbs	300.000000	0.000000	0.000000
464.999001	__gene_F_rbs	196.000000	0.000000	0.000000
464.999001	__gene_G_rbs	134.000000	0.000000	0.000000
464.999001	__gene_H_rbs	93.000000	0.000000	0.000000
464.999001	__gene_J_rbs	293.000000	0.000000	0.000000
464.999001	__gene_K_rbs	310.000000	0.000000	0.000000
464.999001	__ribosome	0.000000	0.000000	0.000000
464.999001	bound_ecolipol	1873.000000	0.000000	0.000000
464.999001	bound_ribosome	100.000000	0.000000	0.000000
464.999001	ecoli_genome	127.000000	0.000000	0.000000
464.999001	ecoli_transcript	35115.000000	0.000000	0.000000
464.999001	ecolipol	39.000000	0.000000	0.000000
464.999001	gene_A	278.000000	338.000000	0.026627
464.999001	gene_A*	188.000000	325.000000	0.027692
464.999001	gene_B	143.000000	318.000000	0.006289
464.999001	gene_C	137.000000	308.000000	0.003247
464.999001	gene_D	110.000000	305.000000	0.019672
464.999001	gene_E	125.000000	300.000000	0.000000
464.999001	gene_F	64.000000	196.000000	0.025510
464.999001	gene_G	28.000000	134.000000	0.067164
464.999001	gene_H	0.000000	93.000000	0.279570
464.999001	gene_J	82.000000	293.000000	0.112628
464.999001	gene_K	139.000000	310.000000	0.000000
464.999001	promoter_A	1.000000	0.000000	0.000000
464.999001	promoter_B1	0.000000	0.000000	0.000000
464.999001	promoter_D	0.000000	0.000000	0.000000
469.999137	__gene_A*_rbs	329.000000	0.000000	0.000000
469.999137	__gene_A_rbs	342.000000	0.000000	0.000000
469.999137	__gene_B_rbs	320.000000	0.000000	0.000000
469.999137	__gene_C_rbs	312.000000	0.000000	0.000000
469.999137	__gene_D_rbs	308.000000	0.000000	0.000000
469.999137	__gene_E_rbs	302.000000	0.000000	0.000000
469.999137	__gene_F_rbs	200.000000	0.000000	0.000000
469.999137	__gene_G_rbs	136.000000	0.000000	0.000000
469.999137	__gene_H_rbs	95.000000	0.000000	0.000000
469.999137	__gene_J_rbs	297.000000	0.000000	0.000000
469.999137	__gene_K_rbs	314.000000	0.000000	0.000000
469.999137	__ribosome	0.000000	0.000000	0.000000
469.999137	bound_ecolipol	1876.000000	0.000000	0.000000
469.999137	bound_ribosome	100.000000	0.000000	0.000000
469.999137	ecoli_genome	124.000000	0.000000	0.000000
469.999137	ecoli_transcript	35509.000000	0.000000	0.000000
469.999137	ecolipol	34.000000	0.000000	0.000000
469.999137	gene_A	279.000000	342.000000	0.023392
469.999137	gene_A*	188.000000	329.000000	0.030395
469.999137	gene_B	144.000000	321.000000	0.003115
469.999137	gene_C	138.000000	312.000000	0.000000
469.999137	gene_D	110.000000	308.000000	0.019481
469.999137	gene_E	125.000000	304.000000	0.006579
469.999137	gene_F	64.000000	200.000000	0.025000
469.999137	gene_G	28.000000	136.000000	0.066176
469.999137	gene_H	0.000000	95.000000	0.284211
469.999137	gene_J	83.000000	297.000000	0.107744
469.999137	gene_K	139.000000	314.000000	0.000000
469.999137	promoter_A	0.000000	0.000000	0.000000
469.999137	promoter_B1	0.000000	0.000000	0.000000
469.999137	promoter_D	0.000000	0.000000	0.000000
474.999002	__gene_A*_rbs	333.000000	0.000000	0.000000
474.999002	__gene_A_rbs	345.000000	0.000000	0.000000
474.999002	__gene_B_rbs	326.000000	0.000000	0.000000
474.999002	__gene_C_rbs	314.000000	0.000000	0.000000
474.999002	__gene_D_rbs	312.000000	0.000000	0.000000
474.999002	__gene_E_rbs	307.000000	0.000000	0.000000
474.999002	__gene_F_rbs	203.000000	0.000000	0.000000
474.999002	__gene_G_rbs	138.000000	0.000000	0.000000
474.999002	__gene_H_rbs	96.000000	0.000000	0.000000
474.999002	__gene_J_rbs	299.000000	0.000000	0.000000
474.999002	__gene_K_rbs	316.000000	0.000000	0.000000
474.999002	__ribosome	0.000000	0.000000	0.000000
474.999002	bound_ecolipol	1871.000000	0.000000	0.000000
474.999002	bound_ribosome	100.000000	0.000000	0.000000
474.999002	ecoli_genome	129.000000	0.000000	0.000000
474.999002	ecoli_transcript	35877.000000	0.000000	0.000000
474.999002	ecolipol	40.000000	0.000000	0.000000
474.999002	gene_A	281.000000	345.000000	0.020290
474.999002	gene_A*	189.000000	333.000000	0.027027
474.999002	gene_B	145.000000	326.000000	0.000000
474.999002	gene_C	138.000000	315.000000	0.003175
474.999002	gene_D	112.000000	312.000000	0.016026
474.999002	gene_E	125.000000	307.000000	0.006515
474.999002	gene_F	64.000000	203.000000	0.029557
474.999002	gene_G	28.000000	138.000000	0.065217
474.999002	gene_H	0.000000	96.000000	0.281250
474.999002	gene_J	83.000000	300.000000	0.106667
474.999002	gene_K	139.000000	316.000000	0.006329
474.999002	promoter_A	0.000000	0.000000	0.000000
474.999002	promoter_B1	0.000000	0.000000	0.000000
474.999002	promoter_D	0.000000	0.000000	0.000000
479.999351	__gene_A*_rbs	337.000000	0.000000	0.000000
479.999351	__gene_A_rbs	349.000000	0.000000	0.000000
479.999351	__gene_B_rbs	328.000000	0.000000	0.000000
479.999351	__gene_C_rbs	317.000000	0.000000	0.000000
479.999351	__gene_D_rbs	315.000000	0.000000	0.000000
479.999351	__gene_E_rbs	311.000000	0.000000	0.000000
479.999351	__gene_F_rbs	206.000000	0.000000	0.000000
479.999351	__gene_G_rbs	139.000000	0.000000	0.000000
479.999351	__gene_H_rbs	96.000000	0.000000	0.000000
479.999351	__gene_J_rbs	304.000000	0.000000	0.000000
479.999351	__gene_K_rbs	320.000000	0.000000	0.000000
479.999351	__ribosome	0.000000	0.000000	0.000000
479.999351	bound_ecolipol	1870.000000	0.000000	0.000000
479.999351	bound_ribosome	100.000000	0.000000	0.000000
479.999351	ecoli_genome	130.000000	0.000000	0.000000
479.999351	ecoli_transcript	36290.000000	0.000000	0.000000
479.999351	ecolipol	38.000000	0.000000	0.000000
479.999351	gene_A	281.000000	349.000000	0.022923
479.999351	gene_A*	190.000000	337.000000	0.026706
479.999351	gene_B	145.000000	328.000000	0.003049
479.999351	gene_C	138.000000	318.000000	0.003145
479.999351	gene_D	116.000000	315.000000	0.003175
479.999351	gene_E	127.000000	311.000000	0.009646
479.999351	gene_F	64.000000	206.000000	0.029126
479.999351	gene_G	28.000000	139.000000	0.064748
479.999351	gene_H	0.000000	96.000000	0.281250
479.999351	gene_J	83.000000	304.000000	0.115132
479.999351	gene_K	141.000000	320.000000	0.000000
479.999351	promoter_A	0.000000	0.000000	0.000000
479.999351	promoter_B1	0.000000	0.000000	0.000000
479.999351	promoter_D	0.000000	0.000000	0.000000
484.999077	__gene_A*_rbs	340.000000	0.000000	0.000000
484.999077	__gene_A_rbs	353.000000	0.000000	0.000000
484.999077	__gene_B_rbs	331.000000	0.000000	0.000000
484.999077	__gene_C_rbs	321.000000	0.000000	0.000000
484.999077	__gene_D_rbs	318.000000	0.000000	0.000000
484.999077	__gene_E_rbs	315.000000	0.000000	0.000000
484.999077	__gene_F_rbs	209.000000	0.000000	0.000000
484.999077	__gene_G_rbs	142.000000	0.000000	0.000000
484.999077	__gene_H_rbs	97.000000	0.000000	0.000000
484.999077	__gene_J_rbs	308.000000	0.000000	0.000000
484.999077	__gene_K_rbs	323.000000	0.000000	0.000000
484.999077	__ribosome	0.000000	0.000000	0.000000
484.999077	bound_ecolipol	1876.000000	0.000000	0.000000
484.999077	bound_ribosome	100.000000	0.000000	0.000000
484.999077	ecoli_genome	124.000000	0.000000	0.000000
484.999077	ecoli_transcript	36653.000000	0.000000	0.000000
484.999077	ecolipol	34.000000	0.000000	0.000000
484.999077	gene_A	283.000000	353.000000	0.016997
484.999077	gene_A*	192.000000	340.000000	0.026471
484.999077	gene_B	145.000000	332.000000	0.012048
484.999077	gene_C	139.000000	322.000000	0.003106
484.999077	gene_D	116.000000	318.000000	0.003145
484.999077	gene_E	127.000000	315.000000	0.009524
484.999077	gene_F	66.000000	209.000000	0.019139
484.999077	gene_G	28.000000	142.000000	0.070423
484.999077	gene_H	0.000000	97.000000	0.288660
484.999077	gene_J	87.000000	308.000000	0.110390
484.999077	gene_K	141.000000	324.000000	0.000000
484.999077	promoter_A	0.000000	0.000000	0.000000
484.999077	promoter_B1	0.000000	0.000000	0.000000
484.999077	promoter_D	0.000000	0.000000	0.000000
489.999037	__gene_A*_rbs	344.000000	0.000000	0.000000
489.999037	__gene_A_rbs	357.000000	0.000000	0.000000
489.999037	__gene_B_rbs	336.000000	0.000000	0.000000
489.999037	__gene_C_rbs	325.000000	0.000000	0.000000
489.999037	__gene_D_rbs	321.000000	0.000000	0.000000
489.999037	__gene_E_rbs	318.000000	0.000000	0.000000
489.999037	__gene_F_rbs	212.000000	0.000000	0.000000
489.999037	__gene_G_rbs	145.000000	0.000000	0.000000
489.999037	__gene_H_rbs	98.000000	0.000000	0.000000
489.999037	__gene_J_rbs	312.000000	0.000000	0.000000
489.999037	__gene_K_rbs	327.000000	0.000000	0.000000
489.999037	__ribosome	0.000000	0.000000	0.000000
489.999037	bound_ecolipol	1862.000000	0.000000	0.000000
489.999037	bound_ribosome	100.000000	0.000000	0.000000
489.999037	ecoli_genome	138.000000	0.000000	0.000000
489.999037	ecoli_transcript	37007.000000	0.000000	0.000000
489.999037	ecolipol	46.000000	0.000000	0.000000
489.999037	gene_A	285.000000	357.000000	0.016807
489.999037	gene_A*	195.000000	344.000000	0.023256
489.999037	gene_B	145.000000	336.000000	0.017857
489.999037	gene_C	139.000000	326.000000	0.003067
489.999037	gene_D	117.000000	322.000000	0.000000
489.999037	gene_E	130.000000	318.000000	0.000000
489.999037	gene_F	67.000000	212.000000	0.014151
489.999037	gene_G	28.000000	145.000000	0.089655
489.999037	gene_H	0.000000	98.000000	0.285714
489.999037	gene_J	89.000000	312.000000	0.105769
489.999037	gene_K	141.000000	327.000000	0.006116
489.999037	promoter_A	0.000000	0.000000	0.000000
489.999037	promoter_B1	0.000000	0.000000	0.000000
489.999037	promoter_D	0.000000	0.000000	0.000000
494.999060	__gene_A*_rbs	347.000000	0.000000	0.000000
494.999060	__gene_A_rbs	360.000000	0.000000	0.000000
494.999060	__gene_B_rbs	338.000000	0.000000	0.000000
494.999060	__gene_C_rbs	329.000000	0.000000	0.000000
494.999060	__gene_D_rbs	325.000000	0.000000	0.000000
494.999060	__gene_E_rbs	320.000000	0.000000	0.000000
494.999060	__gene_F_rbs	216.000000	0.000000	0.000000
494.999060	__gene_G_rbs	146.000000	0.000000	0.000000
494.999060	__gene_H_rbs	98.000000	0.000000	0.000000
494.999060	__gene_J_rbs	316.000000	0.000000	0.000000
494.999060	__gene_K_rbs	330.000000	0.000000	0.000000
494.999060	__ribosome	0.000000	0.000000	0.000000
494.999060	bound_ecolipol	1881.000000	0.000000	0.000000
494.999060	bound_ribosome	100.000000	0.000000	0.000000
494.999060	ecoli_genome	119.000000	0.000000	0.000000
494.999060	ecoli_transcript	37381.000000	0.000000	0.000000
494.999060	ecolipol	28.000000	0.000000	0.000000
494.999060	gene_A	285.000000	360.000000	0.016667
494.999060	gene_A*	195.000000	348.000000	0.028736
494.999060	gene_B	147.000000	339.000000	0.014749
494.999060	gene_C	140.000000	329.000000	0.003040
494.999060	gene_D	117.000000	325.000000	0.000000
494.999060	gene_E	130.000000	321.000000	0.003115
494.999060	gene_F	68.000000	216.000000	0.013889
494.999060	gene_G	28.000000	146.000000	0.089041
494.999060	gene_H	0.000000	98.000000	0.285714
494.999060	gene_J	90.000000	316.000000	0.104430
494.999060	gene_K	143.000000	331.000000	0.000000
494.999060	promoter_A	0.000000	0.000000	0.000000
494.999060	promoter_B1	0.000000	0.000000	0.000000
494.999060	promoter_D	0.000000	0.000000	0.000000
499.999025	__gene_A*_rbs	351.000000	0.000000	0.000000
499.999025	__gene_A_rbs	364.000000	0.000000	0.000000
499.999025	__gene_B_rbs	343.000000	0.000000	0.000000
499.999025	__gene_C_rbs	332.000000	0.000000	0.000000
499.999025	__gene_D_rbs	329.000000	0.000000	0.000000
499.999025	__gene_E_rbs	325.000000	0.000000	0.000000
499.999025	__gene_F_rbs	219.000000	0.000000	0.000000
499.999025	__gene_G_rbs	150.000000	0.000000	0.000000
499.999025	__gene_H_rbs	100.000000	0.000000	0.000000
499.999025	__gene_J_rbs	319.000000	0.000000	0.000000
499.999025	__gene_K_rbs	335.000000	0.000000	0.000000
499.999025	__ribosome	0.000000	0.000000	0.000000
499.999025	bound_ecolipol	1873.000000	0.000000	0.000000
499.999025	bound_ribosome	100.000000	0.000000	0.000000
499.999025	ecoli_genome	127.000000	0.000000	0.000000
499.999025	ecoli_transcript	37780.000000	0.000000	0.000000
499.999025	ecolipol	36.000000	0.000000	0.000000
499.999025	gene_A	287.000000	364.000000	0.010989
499.999025	gene_A*	197.000000	351.000000	0.022792
499.999025	gene_B	150.000000	343.000000	0.008746
499.999025	gene_C	141.000000	333.000000	0.009009
499.999025	gene_D	117.000000	329.000000	0.003040
499.999025	gene_E	130.000000	325.000000	0.006154
499.999025	gene_F	68.000000	219.000000	0.013699
499.999025	gene_G	29.000000	150.000000	0.080000
499.999025	gene_H	0.000000	100.000000	0.300000
499.999025	gene_J	90.000000	319.000000	0.103448
499.999025	gene_K	143.000000	335.000000	0.002985
499.999025	promoter_A	1.000000	0.000000	0.000000
499.999025	promoter_B1	0.000000	0.000000	0.000000
499.999025	promoter_D	0.000000	0.000000	0.000000
504.999102	__gene_A*_rbs	355.000000	0.000000	0.000000
504.999102	__gene_A_rbs	367.000000	0.000000	0.000000
504.999102	__gene_B_rbs	346.000000	0.000000	0.000000
504.999102	__gene_C_rbs	336.000000	0.000000	0.000000
504.999102	__gene_D_rbs	332.000000	0.000000	0.000000
504.999102	__gene_E_rbs	328.000000	0.000000	0.000000
504.999102	__gene_F_rbs	222.000000	0.000000	0.000000
504.999102	__gene_G_rbs	151.000000	0.000000	0.000000
504.999102	__gene_H_rbs	100.000000	0.000000	0.000000
504.999102	__gene_J_rbs	323.000000	0.000000	0.000000
504.999102	__gene_K_rbs	338.000000	0.000000	0.000000
504.999102	__ribosome	0.000000	0.000000	0.000000
504.999102	bound_ecolipol	1876.000000	0.000000	0.000000
504.999102	bound_ribosome	100.000000	0.000000	0.000000
504.999102	ecoli_genome	124.000000	0.000000	0.000000
504.999102	ecoli_transcript	38162.000000	0.000000	0.000000
504.999102	ecolipol	33.000000	0.000000	0.000000
504.999102	gene_A	287.000000	367.000000	0.010899
504.999102	gene_A*	198.000000	355.000000	0.022535
504.999102	gene_B	151.000000	347.000000	0.011527
504.999102	gene_C	141.000000	336.000000	0.011905
504.999102	gene_D	117.000000	332.000000	0.003012
504.999102	gene_E	131.000000	328.000000	0.003049
504.999102	gene_F	69.000000	222.000000	0.009009
504.999102	gene_G	29.000000	151.000000	0.086093
504.999102	gene_H	0.000000	100.000000	0.300000
504.999102	gene_J	91.000000	323.000000	0.102167
504.999102	gene_K	144.000000	338.000000	0.000000
504.999102	promoter_A	0.000000	0.000000	0.000000
504.999102	promoter_B1	0.000000	0.000000	0.000000
504.999102	promoter_D	0.000000	0.000000	0.000000
509.999045	__gene_A*_rbs	359.000000	0.000000	0.000000
509.999045	__gene_A_rbs	372.000000	0.000000	0.000000
509.999045	__gene_B_rbs	350.000000	0.000000	0.000000
509.999045	__gene_C_rbs	337.000000	0.000000	0.000000
509.999045	__gene_D_rbs	336.000000	0.000000	0.000000
509.999045	__gene_E_rbs	332.000000	0.000000	0.000000
509.999045	__gene_F_rbs	224.000000	0.000000	0.000000
509.999045	__gene_G_rbs	154.000000	0.000000	0.000000
509.999045	__gene_H_rbs	101.000000	0.000000	0.000000
509.999045	__gene_J_rbs	326.000000	0.000000	0.000000
509.999045	__gene_K_rbs	342.000000	0.000000	0.000000
509.999045	__ribosome	0.000000	0.000000	0.000000
509.999045	bound_ecolipol	1871.000000	0.000000	0.000000
509.999045	bound_ribosome	100.000000	0.000000	0.000000
509.999045	ecoli_genome	129.000000	0.000000	0.000000
509.999045	ecoli_transcript	38536.000000	0.000000	0.000000
509.999045	ecolipol	37.000000	0.000000	0.000000
509.999045	gene_A	287.000000	372.000000	0.010753
509.999045	gene_A*	198.000000	359.000000	0.022284
509.999045	gene_B	152.000000	350.000000	0.008571
509.999045	gene_C	144.000000	339.000000	0.002950
509.999045	gene_D	117.000000	336.000000	0.002976
509.999045	gene_E	132.000000	332.000000	0.006024
509.999045	gene_F	69.000000	224.000000	0.013393
509.999045	gene_G	29.000000	154.000000	0.090909
509.999045	gene_H	0.000000	101.000000	0.297030
509.999045	gene_J	91.000000	326.000000	0.101227
509.999045	gene_K	144.000000	342.000000	0.002924
509.999045	promoter_A	0.000000	0.000000	0.000000
509.999045	promoter_B1	0.000000	0.000000	0.000000
509.999045	promoter_D	0.000000	0.000000	0.000000
514.999116	__gene_A*_rbs	363.000000	0.000000	0.000000
514.999116	__gene_A_rbs	375.000000	0.000000	0.000000
514.999116	__gene_B_rbs	353.000000	0.000000	0.000000
514.999116	__gene_C_rbs	342.000000	0.000000	0.000000
514.999116	__gene_D_rbs	339.000000	0.000000	0.000000
514.999116	__gene_E_rbs	336.000000	0.000000	0.000000
514.999116	__gene_F_rbs	227.000000	0.000000	0.000000
514.999116	__gene_G_rbs	156.000000	0.000000	0.000000
514.999116	__gene_H_rbs	103.000000	0.000000	0.000000
514.999116	__gene_J_rbs	329.000000	0.000000	0.000000
514.999116	__gene_K_rbs	345.000000	0.000000	0.000000
514.999116	__ribosome	0.000000	0.000000	0.000000
514.999116	bound_ecolipol	1874.000000	0.000000	0.000000
514.999116	bound_ribosome	100.000000	0.000000	0.000000
514.999116	ecoli_genome	126.000000	0.000000	0.000000
514.999116	ecoli_transcript	38890.000000	0.000000	0.000000
514.999116	ecolipol	34.000000	0.000000	0.000000
514.999116	gene_A	287.000000	375.000000	0.013333
514.999116	gene_A*	199.000000	363.000000	0.022039
514.999116	gene_B	154.000000	354.000000	0.005650
514.999116	gene_C	145.000000	343.000000	0.005831
514.999116	gene_D	118.000000	339.000000	0.002950
514.999116	gene_E	132.000000	336.000000	0.005952
514.999116	gene_F	70.000000	227.000000	0.008811
514.999116	gene_G	29.000000	156.000000	0.089744
514.999116	gene_H	0.000000	103.000000	0.291262
514.999116	gene_J	91.000000	329.000000	0.100304
514.999116	gene_K	145.000000	345.000000	0.002899
514.999116	promoter_A	0.000000	0.000000	0.000000
514.999116	promoter_B1	0.000000	0.000000	0.000000
514.999116	promoter_D	0.000000	0.000000	0.000000
519.999190	__gene_A*_rbs	367.000000	0.000000	0.000000
519.999190	__gene_A_rbs	378.000000	0.000000	0.000000
519.999190	__gene_B_rbs	358.000000	0.000000	0.000000
519.999190	__gene_C_rbs	347.000000	0.000000	0.000000
519.999190	__gene_D_rbs	343.000000	0.000000	0.000000
519.999190	__gene_E_rbs	339.000000	0.000000	0.000000
519.999190	__gene_F_rbs	230.000000	0.000000	0.000000
519.999190	__gene_G_rbs	157.000000	0.000000	0.000000
519.999190	__gene_H_rbs	104.000000	0.000000	0.000000
519.999190	__gene_J_rbs	333.000000	0.000000	0.000000
519.999190	__gene_K_rbs	349.000000	0.000000	0.000000
519.999190	__ribosome	0.000000	0.000000	0.000000
519.999190	bound_ecolipol	1876.000000	0.000000	0.000000
519.999190	bound_ribosome	100.000000	0.000000	0.000000
519.999190	ecoli_genome	124.000000	0.000000	0.000000
519.999190	ecoli_transcript	39238.000000	0.000000	0.000000
519.999190	ecolipol	30.000000	0.000000	0.000000
519.999190	gene_A	287.000000	378.000000	0.015873
519.999190	gene_A*	202.000000	367.000000	0.016349
519.999190	gene_B	155.000000	358.000000	0.005587
519.999190	gene_C	145.000000	347.000000	0.005764
519.999190	gene_D	118.000000	343.000000	0.005831
519.999190	gene_E	134.000000	339.000000	0.002950
519.999190	gene_F	70.000000	230.000000	0.008696
519.999190	gene_G	29.000000	157.000000	0.095541
519.999190	gene_H	0.000000	104.000000	0.288462
519.999190	gene_J	91.000000	333.000000	0.102102
519.999190	gene_K	146.000000	349.000000	0.000000
519.999190	promoter_A	0.000000	0.000000	0.000000
519.999190	promoter_B1	0.000000	0.000000	0.000000
519.999190	promoter_D	0.000000	0.000000	0.000000
524.999156	__gene_A*_rbs	370.000000	0.000000	0.000000
524.999156	__gene_A_rbs	382.000000	0.000000	0.000000
524.999156	__gene_B_rbs	361.000000	0.000000	0.000000
524.999156	__gene_C_rbs	351.000000	0.000000	0.000000
524.999156	__gene_D_rbs	347.000000	0.000000	0.000000
524.999156	__gene_E_rbs	343.000000	0.000000	0.000000
524.999156	__gene_F_rbs	234.000000	0.000000	0.000000
524.999156	__gene_G_rbs	161.000000	0.000000	0.000000
524.999156	__gene_H_rbs	107.000000	0.000000	0.000000
524.999156	__gene_J_rbs	337.000000	0.000000	0.000000
524.999156	__gene_K_rbs	352.000000	0.000000	0.000000
524.999156	__ribosome	0.000000	0.000000	0.000000
524.999156	bound_ecolipol	1868.000000	0.000000	0.000000
524.999156	bound_ribosome	100.000000	0.000000	0.000000
524.999156	ecoli_genome	132.000000	0.000000	0.000000
524.999156	ecoli_transcript	39652.000000	0.000000	0.000000
524.999156	ecolipol	34.000000	0.000000	0.000000
524.999156	gene_A	288.000000	382.000000	0.015707
524.999156	gene_A*	203.000000	370.000000	0.013514
524.999156	gene_B	155.000000	361.000000	0.008310
524.999156	gene_C	147.000000	351.000000	0.000000
524.999156	gene_D	118.000000	347.000000	0.005764
524.999156	gene_E	134.000000	343.000000	0.002915
524.999156	gene_F	70.000000	234.000000	0.012821
524.999156	gene_G	29.000000	161.000000	0.093168
524.999156	gene_H	0.000000	107.000000	0.280374
524.999156	gene_J	91.000000	337.000000	0.103858
524.999156	gene_K	146.000000	353.000000	0.000000
524.999156	promoter_A	0.000000	0.000000	0.000000
524.999156	promoter_B1	0.000000	0.000000	0.000000
524.999156	promoter_D	0.000000	0.000000	0.000000
529.999131	__gene_A*_rbs	374.000000	0.000000	0.000000
529.999131	__gene_A_rbs	386.000000	0.000000	0.000000
529.999131	__gene_B_rbs	364.000000	0.000000	0.000000
529.999131	__gene_C_rbs	355.000000	0.000000	0.000000
529.999131	__gene_D_rbs	351.000000	0.000000	0.000000
529.999131	__gene_E_rbs	346.000000	0.000000	0.000000
529.999131	__gene_F_rbs	236.000000	0.000000	0.000000
529.999131	__gene_G_rbs	164.000000	0.000000	0.000000
529.999131	__gene_H_rbs	108.000000	0.000000	0.000000
529.999131	__gene_J_rbs	340.000000	0.000000	0.000000
529.999131	__gene_K_rbs	356.000000	0.000000	0.000000
529.999131	__ribosome	0.000000	0.000000	0.000000
529.999131	bound_ecolipol	1859.000000	0.000000	0.000000
529.999131	bound_ribosome	100.000000	0.000000	0.000000
529.999131	ecoli_genome	141.000000	0.000000	0.000000
529.999131	ecoli_transcript	40021.000000	0.000000	0.000000
529.999131	ecolipol	43.000000	0.000000	0.000000
529.999131	gene_A	288.000000	386.000000	0.018135
529.999131	gene_A*	205.000000	374.000000	0.008021
529.999131	gene_B	156.000000	365.000000	0.005479
529.999131	gene_C	147.000000	355.000000	0.005634
529.999131	gene_D	119.000000	351.000000	0.002849
529.999131	gene_E	135.000000	346.000000	0.000000
529.999131	gene_F	70.000000	236.000000	0.012712
529.999131	gene_G	29.000000	164.000000	0.091463
529.999131	gene_H	0.000000	108.000000	0.277778
529.999131	gene_J	91.000000	340.000000	0.102941
529.999131	gene_K	146.000000	356.000000	0.005618
529.999131	promoter_A	0.000000	0.000000	0.000000
529.999131	promoter_B1	0.000000	0.000000	0.000000
529.999131	promoter_D	0.000000	0.000000	0.000000
534.999266	__gene_A*_rbs	377.000000	0.000000	0.000000
534.999266	__gene_A_rbs	389.000000	0.000000	0.000000
534.999266	__gene_B_rbs	369.000000	0.000000	0.000000
534.999266	__gene_C_rbs	358.000000	0.000000	0.000000
534.999266	__gene_D_rbs	354.000000	0.000000	0.000000
534.999266	__gene_E_rbs	350.000000	0.000000	0.000000
534.999266	__gene_F_rbs	238.000000	0.000000	0.000000
534.999266	__gene_G_rbs	167.000000	0.000000	0.000000
534.999266	__gene_H_rbs	108.000000	0.000000	0.000000
534.999266	__gene_J_rbs	344.000000	0.000000	0.000000
534.999266	__gene_K_rbs	360.000000	0.000000	0.000000
534.999266	__ribosome	0.000000	0.000000	0.000000
534.999266	bound_ecolipol	1869.000000	0.000000	0.000000
534.999266	bound_ribosome	100.000000	0.000000	0.000000
534.999266	ecoli_genome	131.000000	0.000000	0.000000
534.999266	ecoli_transcript	40391.000000	0.000000	0.000000
534.999266	ecolipol	32.000000	0.000000	0.000000
534.999266	gene_A	289.000000	389.000000	0.015424
534.999266	gene_A*	205.000000	377.000000	0.007958
534.999266	gene_B	158.000000	369.000000	0.008130
534.999266	gene_C	148.000000	358.000000	0.002793
534.999266	gene_D	119.000000	354.000000	0.005650
534.999266	gene_E	135.000000	350.000000	0.000000
534.999266	gene_F	71.000000	238.000000	0.008403
534.999266	gene_G	29.000000	167.000000	0.089820
534.999266	gene_H	0.000000	109.000000	0.293578
534.999266	gene_J	91.000000	344.000000	0.101744
534.999266	gene_K	148.000000	360.000000	0.002778
534.999266	promoter_A	0.000000	0.000000	0.000000
534.999266	promoter_B1	0.000000	0.000000	0.000000
534.999266	promoter_D	0.000000	0.000000	0.000000
539.999196	__gene_A*_rbs	381.000000	0.000000	0.000000
539.999196	__gene_A_rbs	393.000000	0.000000	0.000000
539.999196	__gene_B_rbs	373.000000	0.000000	0.000000
539.999196	__gene_C_rbs	361.000000	0.000000	0.000000
539.999196	__gene_D_rbs	357.000000	0.000000	0.000000
539.999196	__gene_E_rbs	352.000000	0.000000	0.000000
539.999196	__gene_F_rbs	240.000000	0.000000	0.000000
539.999196	__gene_G_rbs	171.000000	0.000000	0.000000
539.999196	__gene_H_rbs	112.000000	0.000000	0.000000
539.999196	__gene_J_rbs	347.000000	0.000000	0.000000
539.999196	__gene_K_rbs	363.000000	0.000000	0.000000
539.999196	__ribosome	0.000000	0.000000	0.000000
539.999196	bound_ecolipol	1864.000000	0.000000	0.000000
539.999196	bound_ribosome	100.000000	0.000000	0.000000
539.999196	ecoli_genome	136.000000	0.000000	0.000000
539.999196	ecoli_transcript	40738.000000	0.000000	0.000000
539.999196	ecolipol	38.000000	0.000000	0.000000
539.999196	gene_A	290.000000	393.000000	0.015267
539.999196	gene_A*	206.000000	381.000000	0.005249
539.999196	gene_B	158.000000	373.000000	0.008043
539.999196	gene_C	149.000000	362.000000	0.000000
539.999196	gene_D	120.000000	357.000000	0.005602
539.999196	gene_E	135.000000	353.000000	0.005666
539.999196	gene_F	71.000000	241.000000	0.012448
539.999196	gene_G	30.000000	171.000000	0.087719
539.999196	gene_H	0.000000	112.000000	0.285714
539.999196	gene_J	92.000000	347.000000	0.100865
539.999196	gene_K	149.000000	363.000000	0.000000
539.999196	promoter_A	0.000000	0.000000	0.000000
539.999196	promoter_B1	0.000000	0.000000	0.000000
539.999196	promoter_D	0.000000	0.000000	0.000000
544.999241	__gene_A*_rbs	384.000000	0.000000	0.000000
544.999241	__gene_A_rbs	396.000000	0.000000	0.000000
544.999241	__gene_B_rbs	375.000000	0.000000	0.000000
544.999241	__gene_C_rbs	365.000000	0.000000	0.000000
544.999241	__gene_D_rbs	361.000000	0.000000	0.000000
544.999241	__gene_E_rbs	357.000000	0.000000	0.000000
544.999241	__gene_F_rbs	244.000000	0.000000	0.000000
544.999241	__gene_G_rbs	174.000000	0.000000	0.000000
544.999241	__gene_H_rbs	114.000000	0.000000	0.000000
544.999241	__gene_J_rbs	351.000000	0.000000	0.000000
544.999241	__gene_K_rbs	367.000000	0.000000	0.000000
544.999241	__ribosome	0.000000	0.000000	0.000000
544.999241	bound_ecolipol	1864.000000	0.000000	0.000000
544.999241	bound_ribosome	100.000000	0.000000	0.000000
544.999241	ecoli_genome	136.000000	0.000000	0.000000
544.999241	ecoli_transcript	41094.000000	0.000000	0.000000
544.999241	ecolipol	37.000000	0.000000	0.000000
544.999241	gene_A	291.000000	396.000000	0.012626
544.999241	gene_A*	206.000000	385.000000	0.010390
544.999241	gene_B	160.000000	376.000000	0.005319
544.999241	gene_C	149.000000	365.000000	0.000000
544.999241	gene_D	120.000000	361.000000	0.005540
544.999241	gene_E	136.000000	357.000000	0.002801
544.999241	gene_F	71.000000	244.000000	0.012295
544.999241	gene_G	30.000000	174.000000	0.086207
544.999241	gene_H	0.000000	114.000000	0.280702
544.999241	gene_J	93.000000	351.000000	0.102564
544.999241	gene_K	149.000000	367.000000	0.000000
544.999241	promoter_A	0.000000	0.000000	0.000000
544.999241	promoter_B1	0.000000	0.000000	0.000000
544.999241	promoter_D	0.000000	0.000000	0.000000
549.999172	__gene_A*_rbs	389.000000	0.000000	0.000000
549.999172	__gene_A_rbs	400.000000	0.000000	0.000000
549.999172	__gene_B_rbs	380.000000	0.000000	0.000000
549.999172	__gene_C_rbs	367.000000	0.000000	0.000000
549.999172	__gene_D_rbs	365.000000	0.000000	0.000000
549.999172	__gene_E_rbs	361.000000	0.000000	0.000000
549.999172	__gene_F_rbs	246.000000	0.000000	0.000000
549.999172	__gene_G_rbs	175.000000	0.000000	0.000000
549.999172	__gene_H_rbs	116.000000	0.000000	0.000000
549.999172	__gene_J_rbs	355.000000	0.000000	0.000000
549.999172	__gene_K_rbs	371.000000	0.000000	0.000000
549.999172	__ribosome	0.000000	0.000000	0.000000
549.999172	bound_ecolipol	1871.000000	0.000000	0.000000
549.999172	bound_ribosome	100.000000	0.000000	0.000000
549.999172	ecoli_genome	129.000000	0.000000	0.000000
549.999172	ecoli_transcript	41451.000000	0.000000	0.000000
549.999172	ecolipol	34.000000	0.000000	0.000000
549.999172	gene_A	291.000000	400.000000	0.015000
549.999172	gene_A*	208.000000	389.000000	0.005141
549.999172	gene_B	161.000000	380.000000	0.002632
549.999172	gene_C	149.000000	369.000000	0.008130
549.999172	gene_D	121.000000	365.000000	0.002740
549.999172	gene_E	137.000000	361.000000	0.000000
549.999172	gene_F	72.000000	246.000000	0.012195
549.999172	gene_G	30.000000	175.000000	0.085714
549.999172	gene_H	0.000000	116.000000	0.275862
549.999172	gene_J	94.000000	355.000000	0.101408
549.999172	gene_K	149.000000	371.000000	0.002695
549.999172	promoter_A	0.000000	0.000000	0.000000
549.999172	promoter_B1	0.000000	0.000000	0.000000
549.999172	promoter_D	0.000000	0.000000	0.000000
554.999192	__gene_A*_rbs	392.000000	0.000000	0.000000
554.999192	__gene_A_rbs	403.000000	0.000000	0.000000
554.999192	__gene_B_rbs	383.000000	0.000000	0.000000
554.999192	__gene_C_rbs	372.000000	0.000000	0.000000
554.999192	__gene_D_rbs	369.000000	0.000000	0.000000
554.999192	__gene_E_rbs	365.000000	0.000000	0.000000
554.999192	__gene_F_rbs	250.000000	0.000000	0.000000
554.999192	__gene_G_rbs	177.000000	0.000000	0.000000
554.999192	__gene_H_rbs	118.000000	0.000000	0.000000
554.999192	__gene_J_rbs	358.000000	0.000000	0.000000
554.999192	__gene_K_rbs	375.000000	0.000000	0.000000
554.999192	__ribosome	0.000000	0.000000	0.000000
554.999192	bound_ecolipol	1868.000000	0.000000	0.000000
554.999192	bound_ribosome	100.000000	0.000000	0.000000
554.999192	ecoli_genome	132.000000	0.000000	0.000000
554.999192	ecoli_transcript	41861.000000	0.000000	0.000000
554.999192	ecolipol	35.000000	0.000000	0.000000
554.999192	gene_A	291.000000	403.000000	0.017370
554.999192	gene_A*	208.000000	392.000000	0.005102
554.999192	gene_B	161.000000	383.000000	0.002611
554.999192	gene_C	150.000000	373.000000	0.010724
554.999192	gene_D	122.000000	369.000000	0.000000
554.999192	gene_E	137.000000	365.000000	0.000000
554.999192	gene_F	72.000000	250.000000	0.012000
554.999192	gene_G	30.000000	177.000000	0.090395
554.999192	gene_H	0.000000	118.000000	0.271186
554.999192	gene_J	95.000000	358.000000	0.097765
554.999192	gene_K	150.000000	375.000000	0.000000
554.999192	promoter_A	0.000000	0.000000	0.000000
554.999192	promoter_B1	0.000000	0.000000	0.000000
554.999192	promoter_D	0.000000	0.000000	0.000000
559.999241	__gene_A*_rbs	396.000000	0.000000	0.000000
559.999241	__gene_A_rbs	407.000000	0.000000	0.000000
559.999241	__gene_B_rbs	386.000000	0.000000	0.000000
559.999241	__gene_C_rbs	377.000000	0.000000	0.000000
559.999241	__gene_D_rbs	373.000000	0.000000	0.000000
559.999241	__gene_E_rbs	368.000000	0.000000	0.000000
559.999241	__gene_F_rbs	252.000000	0.000000	0.000000
559.999241	__gene_G_rbs	180.000000	0.000000	0.000000
559.999241	__gene_H_rbs	121.000000	0.000000	0.000000
559.999241	__gene_J_rbs	361.000000	0.000000	0.000000
559.999241	__gene_K_rbs	379.000000	0.000000	0.000000
559.999241	__ribosome	0.000000	0.000000	0.000000
559.999241	bound_ecolipol	1870.000000	0.000000	0.000000
559.999241	bound_ribosome	100.000000	0.000000	0.000000
559.999241	ecoli_genome	130.000000	0.000000	0.000000
559.999241	ecoli_transcript	42225.000000	0.000000	0.000000
559.999241	ecolipol	31.000000	0.000000	0.000000
559.999241	gene_A	291.000000	407.000000	0.017199
559.999241	gene_A*	208.000000	396.000000	0.007576
559.999241	gene_B	162.000000	387.000000	0.002584
559.999241	gene_C	152.000000	377.000000	0.005305
559.999241	gene_D	122.000000	373.000000	0.000000
559.999241	gene_E	137.000000	368.000000	0.000000
559.999241	gene_F	72.000000	252.000000	0.011905
559.999241	gene_G	30.000000	180.000000	0.088889
559.999241	gene_H	0.000000	121.000000	0.264463
559.999241	gene_J	95.000000	361.000000	0.096953
559.999241	gene_K	150.000000	379.000000	0.002639
559.999241	promoter_A	1.000000	0.000000	0.000000
559.999241	promoter_B1	0.000000	0.000000	0.000000
559.999241	promoter_D	0.000000	0.000000	0.000000
564.999006	__gene_A*_rbs	399.000000	0.000000	0.000000
564.999006	__gene_A_rbs	410.000000	0.000000	0.000000
564.999006	__gene_B_rbs	391.000000	0.000000	0.000000
564.999006	__gene_C_rbs	379.000000	0.000000	0.000000
564.999006	__gene_D_rbs	376.000000	0.000000	0.000000
564.999006	__gene_E_rbs	372.000000	0.000000	0.000000
564.999006	__gene_F_rbs	255.000000	0.000000	0.000000
564.999006	__gene_G_rbs	183.000000	0.000000	0.000000
564.999006	__gene_H_rbs	122.000000	0.000000	0.000000
564.999006	__gene_J_rbs	365.000000	0.000000	0.000000
564.999006	__gene_K_rbs	382.000000	0.000000	0.000000
564.999006	__ribosome	0.000000	0.000000	0.000000
564.999006	bound_ecolipol	1867.000000	0.000000	0.000000
564.999006	bound_ribosome	100.000000	0.000000	0.000000
564.999006	ecoli_genome	133.000000	0.000000	0.000000
564.999006	ecoli_transcript	42584.000000	0.000000	0.000000
564.999006	ecolipol	35.000000	0.000000	0.000000
564.999006	gene_A	292.000000	410.000000	0.017073
564.999006	gene_A*	208.000000	399.000000	0.007519
564.999006	gene_B	162.000000	391.000000	0.005115
564.999006	gene_C	154.000000	380.000000	0.000000
564.999006	gene_D	122.000000	376.000000	0.000000
564.999006	gene_E	137.000000	372.000000	0.000000
564.999006	gene_F	72.000000	255.000000	0.011765
564.999006	gene_G	30.000000	183.000000	0.087432
564.999006	gene_H	0.000000	122.000000	0.262295
564.999006	gene_J	95.000000	365.000000	0.095890
564.999006	gene_K	150.000000	382.000000	0.005236
564.999006	promoter_A	0.000000	0.000000	0.000000
564.999006	promoter_B1	0.000000	0.000000	0.000000
564.999006	promoter_D	0.000000	0.000000	0.000000
569.999252	__gene_A*_rbs	403.000000	0.000000	0.000000
569.999252	__gene_A_rbs	413.000000	0.000000	0.000000
569.999252	__gene_B_rbs	394.000000	0.000000	0.000000
569.999252	__gene_C_rbs	384.000000	0.000000	0.000000
569.999252	__gene_D_rbs	380.000000	0.000000	0.000000
569.999252	__gene_E_rbs	376.000000	0.000000	0.000000
569.999252	__gene_F_rbs	257.000000	0.000000	0.000000
569.999252	__gene_G_rbs	186.000000	0.000000	0.000000
569.999252	__gene_H_rbs	123.000000	0.000000	0.000000
569.999252	__gene_J_rbs	369.000000	0.000000	0.000000
569.999252	__gene_K_rbs	386.000000	0.000000	0.000000
569.999252	__ribosome	0.000000	0.000000	0.000000
569.999252	bound_ecolipol	1871.000000	0.000000	0.000000
569.999252	bound_ribosome	100.000000	0.000000	0.000000
569.999252	ecoli_genome	129.000000	0.000000	0.000000
569.999252	ecoli_transcript	42945.000000	0.000000	0.000000
569.999252	ecolipol	31.000000	0.000000	0.000000
569.999252	gene_A	292.000000	413.000000	0.016949
569.999252	gene_A*	208.000000	403.000000	0.007444
569.999252	gene_B	163.000000	394.000000	0.005076
569.999252	gene_C	154.000000	384.000000	0.005208
569.999252	gene_D	122.000000	380.000000	0.000000
569.999252	gene_E	137.000000	376.000000	0.002660
569.999252	gene_F	73.000000	257.000000	0.007782
569.999252	gene_G	30.000000	186.000000	0.086022
569.999252	gene_H	0.000000	123.000000	0.260163
569.999252	gene_J	95.000000	369.000000	0.094851
569.999252	gene_K	152.000000	386.000000	0.000000
569.999252	promoter_A	0.000000	0.000000	0.000000
569.999252	promoter_B1	0.000000	0.000000	0.000000
569.999252	promoter_D	0.000000	0.000000	0.000000
574.999005	__gene_A*_rbs	406.000000	0.000000	0.000000
574.999005	__gene_A_rbs	417.000000	0.000000	0.000000
574.999005	__gene_B_rbs	398.000000	0.000000	0.000000
574.999005	__gene_C_rbs	386.000000	0.000000	0.000000
574.999005	__gene_D_rbs	384.000000	0.000000	0.000000
574.999005	__gene_E_rbs	379.000000	0.000000	0.000000
574.999005	__gene_F_rbs	261.000000	0.000000	0.000000
574.999005	__gene_G_rbs	188.000000	0.000000	0.000000
574.999005	__gene_H_rbs	125.000000	0.000000	0.000000
574.999005	__gene_J_rbs	372.000000	0.000000	0.000000
574.999005	__gene_K_rbs	388.000000	0.000000	0.000000
574.999005	__ribosome	0.000000	0.000000	0.000000
574.999005	bound_ecolipol	1867.000000	0.000000	0.000000
574.999005	bound_ribosome	100.000000	0.000000	0.000000
574.999005	ecoli_genome	133.000000	0.000000	0.000000
574.999005	ecoli_transcript	43341.000000	0.000000	0.000000
574.999005	ecolipol	35.000000	0.000000	0.000000
574.999005	gene_A	294.000000	417.000000	0.011990
574.999005	gene_A*	208.000000	407.000000	0.009828
574.999005	gene_B	163.000000	398.000000	0.005025
574.999005	gene_C	154.000000	387.000000	0.005168
574.999005	gene_D	122.000000	384.000000	0.000000
574.999005	gene_E	137.000000	379.000000	0.002639
574.999005	gene_F	73.000000	261.000000	0.011494
574.999005	gene_G	30.000000	188.000000	0.085106
574.999005	gene_H	0.000000	125.000000	0.256000
574.999005	gene_J	95.000000	372.000000	0.094086
574.999005	gene_K	152.000000	389.000000	0.000000
574.999005	promoter_A	0.000000	0.000000	0.000000
574.999005	promoter_B1	0.000000	0.000000	0.000000
574.999005	promoter_D	0.000000	0.000000	0.000000
579.999163	__gene_A*_rbs	410.000000	0.000000	0.000000
579.999163	__gene_A_rbs	421.000000	0.000000	0.000000
579.999163	__gene_B_rbs	402.000000	0.000000	0.000000
579.999163	__gene_C_rbs	391.000000	0.000000	0.000000
579.999163	__gene_D_rbs	387.000000	0.000000	0.000000
579.999163	__gene_E_rbs	383.000000	0.000000	0.000000
579.999163	__gene_F_rbs	263.000000	0.000000	0.000000
579.999163	__gene_G_rbs	191.000000	0.000000	0.000000
579.999163	__gene_H_rbs	127.000000	0.000000	0.000000
579.999163	__gene_J_rbs	376.000000	0.000000	0.000000
579.999163	__gene_K_rbs	393.000000	0.000000	0.000000
579.999163	__ribosome	0.000000	0.000000	0.000000
579.999163	bound_ecolipol	1866.000000	0.000000	0.000000
579.999163	bound_ribosome	100.000000	0.000000	0.000000
579.999163	ecoli_genome	134.000000	0.000000	0.000000
579.999163	ecoli_transcript	43700.000000	0.000000	0.000000
579.999163	ecolipol	38.000000	0.000000	0.000000
579.999163	gene_A	295.000000	421.000000	0.009501
579.999163	gene_A*	210.000000	410.000000	0.004878
579.999163	gene_B	165.000000	402.000000	0.002488
579.999163	gene_C	156.000000	391.000000	0.002558
579.999163	gene_D	122.000000	387.000000	0.002584
579.999163	gene_E	138.000000	383.000000	0.002611
579.999163	gene_F	73.000000	263.000000	0.011407
579.999163	gene_G	30.000000	191.000000	0.094241
579.999163	gene_H	0.000000	127.000000	0.251969
579.999163	gene_J	95.000000	376.000000	0.095745
579.999163	gene_K	152.000000	393.000000	0.002545
579.999163	promoter_A	0.000000	0.000000	0.000000
579.999163	promoter_B1	0.000000	0.000000	0.000000
579.999163	promoter_D	0.000000	0.000000	0.000000
584.999055	__gene_A*_rbs	413.000000	0.000000	0.000000
584.999055	__gene_A_rbs	425.000000	0.000000	0.000000
584.999055	__gene_B_rbs	405.000000	0.000000	0.000000
584.999055	__gene_C_rbs	394.000000	0.000000	0.000000
584.999055	__gene_D_rbs	391.000000	0.000000	0.000000
584.999055	__gene_E_rbs	386.000000	0.000000	0.000000
584.999055	__gene_F_rbs	265.000000	0.000000	0.000000
584.999055	__gene_G_rbs	194.000000	0.000000	0.000000
584.999055	__gene_H_rbs	129.000000	0.000000	0.000000
584.999055	__gene_J_rbs	380.000000	0.000000	0.000000
584.999055	__gene_K_rbs	395.000000	0.000000	0.000000
584.999055	__ribosome	0.000000	0.000000	0.000000
584.999055	bound_ecolipol	1865.000000	0.000000	0.000000
584.999055	bound_ribosome	100.000000	0.000000	0.000000
584.999055	ecoli_genome	135.000000	0.000000	0.000000
584.999055	ecoli_transcript	44075.000000	0.000000	0.000000
584.999055	ecolipol	41.000000	0.000000	0.000000
584.999055	gene_A	295.000000	425.000000	0.014118
584.999055	gene_A*	210.000000	413.000000	0.004843
584.999055	gene_B	165.000000	405.000000	0.002469
584.999055	gene_C	157.000000	394.000000	0.000000
584.999055	gene_D	122.000000	391.000000	0.002558
584.999055	gene_E	138.000000	386.000000	0.007772
584.999055	gene_F	74.000000	265.000000	0.007547
584.999055	gene_G	30.000000	194.000000	0.092784
584.999055	gene_H	0.000000	129.000000	0.248062
584.999055	gene_J	96.000000	380.000000	0.092105
584.999055	gene_K	153.000000	396.000000	0.000000
584.999055	promoter_A	0.000000	0.000000	0.000000
584.999055	promoter_B1	0.000000	0.000000	0.000000
584.999055	promoter_D	0.000000	0.000000	0.000000
589.999170	__gene_A*_rbs	417.000000	0.000000	0.000000
589.999170	__gene_A_rbs	429.000000	0.000000	0.000000
589.999170	__gene_B_rbs	409.000000	0.000000	0.000000
589.999170	__gene_C_rbs	398.000000	0.000000	0.000000
589.999170	__gene_D_rbs	394.000000	0.000000	0.000000
589.999170	__gene_E_rbs	390.000000	0.000000	0.000000
589.999170	__gene_F_rbs	267.000000	0.000000	0.000000
589.999170	__gene_G_rbs	197.000000	0.000000	0.000000
589.999170	__gene_H_rbs	131.000000	0.000000	0.000000
589.999170	__gene_J_rbs	384.000000	0.000000	0.000000
589.999170	__gene_K_rbs	400.000000	0.000000	0.000000
589.999170	__ribosome	0.000000	0.000000	0.000000
589.999170	bound_ecolipol	1872.000000	0.000000	0.000000
589.999170	bound_ribosome	100.000000	0.000000	0.000000
589.999170	ecoli_genome	128.000000	0.000000	0.000000
589.999170	ecoli_transcript	44475.000000	0.000000	0.000000
589.999170	ecolipol	34.000000	0.000000	0.000000
589.999170	gene_A	296.000000	429.000000	0.011655
589.999170	gene_A*	210.000000	417.000000	0.004796
589.999170	gene_B	166.000000	409.000000	0.002445
589.999170	gene_C	157.000000	398.000000	0.002513
589.999170	gene_D	122.000000	394.000000	0.005076
589.999170	gene_E	139.000000	390.000000	0.007692
589.999170	gene_F	75.000000	267.000000	0.003745
589.999170	gene_G	30.000000	197.000000	0.091371
589.999170	gene_H	0.000000	131.000000	0.244275
589.999170	gene_J	96.000000	384.000000	0.091146
589.999170	gene_K	153.000000	400.000000	0.000000
589.999170	promoter_A	0.000000	0.000000	0.000000
589.999170	promoter_B1	0.000000	0.000000	0.000000
589.999170	promoter_D	0.000000	0.000000	0.000000
594.999282	__gene_A*_rbs	421.000000	0.000000	0.000000
594.999282	__gene_A_rbs	432.000000	0.000000	0.000000
594.999282	__gene_B_rbs	412.000000	0.000000	0.000000
594.999282	__gene_C_rbs	402.000000	0.000000	0.000000
594.999282	__gene_D_rbs	397.000000	0.000000	0.000000
594.999282	__gene_E_rbs	393.000000	0.000000	0.000000
594.999282	__gene_F_rbs	267.000000	0.000000	0.000000
594.999282	__gene_G_rbs	199.000000	0.000000	0.000000
594.999282	__gene_H_rbs	133.000000	0.000000	0.000000
594.999282	__gene_J_rbs	388.000000	0.000000	0.000000
594.999282	__gene_K_rbs	404.000000	0.000000	0.000000
594.999282	__ribosome	0.000000	0.000000	0.000000
594.999282	bound_ecolipol	1868.000000	0.000000	0.000000
594.999282	bound_ribosome	100.000000	0.000000	0.000000
594.999282	ecoli_genome	132.000000	0.000000	0.000000
594.999282	ecoli_transcript	44867.000000	0.000000	0.000000
594.999282	ecolipol	40.000000	0.000000	0.000000
594.999282	gene_A	296.000000	432.000000	0.011574
594.999282	gene_A*	211.000000	421.000000	0.004751
594.999282	gene_B	166.000000	413.000000	0.004843
594.999282	gene_C	157.000000	402.000000	0.002488
594.999282	gene_D	123.000000	397.000000	0.002519
594.999282	gene_E	141.000000	393.000000	0.005089
594.999282	gene_F	75.000000	267.000000	0.007491
594.999282	gene_G	30.000000	199.000000	0.090452
594.999282	gene_H	0.000000	134.000000	0.238806
594.999282	gene_J	96.000000	388.000000	0.090206
594.999282	gene_K	153.000000	404.000000	0.000000
594.999282	promoter_A	0.000000	0.000000	0.000000
594.999282	promoter_B1	0.000000	0.000000	0.000000
594.999282	promoter_D	0.000000	0.000000	0.000000
599.999007	__gene_A*_rbs	423.000000	0.000000	0.000000
599.999007	__gene_A_rbs	435.000000	0.000000	0.000000
599.999007	__gene_B_rbs	415.000000	0.000000	0.000000
599.999007	__gene_C_rbs	405.000000	0.000000	0.000000
599.999007	__gene_D_rbs	401.000000	0.000000	0.000000
599.999007	__gene_E_rbs	397.000000	0.000000	0.000000
599.999007	__gene_F_rbs	270.000000	0.000000	0.000000
599.999007	__gene_G_rbs	202.000000	0.000000	0.000000
599.999007	__gene_H_rbs	135.000000	0.000000	0.000000
599.999007	__gene_J_rbs	391.000000	0.000000	0.000000
599.999007	__gene_K_rbs	407.000000	0.000000	0.000000
599.999007	__ribosome	0.000000	0.000000	0.000000
599.999007	bound_ecolipol	1875.000000	0.000000	0.000000
599.999007	bound_ribosome	100.000000	0.000000	0.000000
599.999007	ecoli_genome	125.000000	0.000000	0.000000
599.999007	ecoli_transcript	45235.000000	0.000000	0.000000
599.999007	ecolipol	34.000000	0.000000	0.000000
599.999007	gene_A	297.000000	435.000000	0.009195
599.999007	gene_A*	211.000000	424.000000	0.007075
599.999007	gene_B	166.000000	416.000000	0.004808
599.999007	gene_C	158.000000	405.000000	0.000000
599.999007	gene_D	123.000000	401.000000	0.002494
599.999007	gene_E	142.000000	397.000000	0.002519
599.999007	gene_F	75.000000	270.000000	0.007407
599.999007	gene_G	32.000000	202.000000	0.079208
599.999007	gene_H	0.000000	135.000000	0.237037
599.999007	gene_J	96.000000	391.000000	0.094629
599.999007	gene_K	153.000000	407.000000	0.004914
599.999007	promoter_A	0.000000	0.000000	0.000000
599.999007	promoter_B1	0.000000	0.000000	0.000000
599.999007	promoter_D	0.000000	0.000000	0.000000
604.999171	__gene_A*_rbs	428.000000	0.000000	0.000000
604.999171	__gene_A_rbs	439.000000	0.000000	0.000000
604.999171	__gene_B_rbs	420.000000	0.000000	0.000000
604.999171	__gene_C_rbs	408.000000	0.000000	0.000000
604.999171	__gene_D_rbs	405.000000	0.000000	0.000000
604.999171	__gene_E_rbs	400.000000	0.000000	0.000000
604.999171	__gene_F_rbs	273.000000	0.000000	0.000000
604.999171	__gene_G_rbs	203.000000	0.000000	0.000000
604.999171	__gene_H_rbs	137.000000	0.000000	0.000000
604.999171	__gene_J_rbs	393.000000	0.000000	0.000000
604.999171	__gene_K_rbs	411.000000	0.000000	0.000000
604.999171	__ribosome	0.000000	0.000000	0.000000
604.999171	bound_ecolipol	1873.000000	0.000000	0.000000
604.999171	bound_ribosome	100.000000	0.000000	0.000000
604.999171	ecoli_genome	127.000000	0.000000	0.000000
604.999171	ecoli_transcript	45658.000000	0.000000	0.000000
604.999171	ecolipol	34.000000	0.000000	0.000000
604.999171	gene_A	297.000000	439.000000	0.011390
604.999171	gene_A*	211.000000	428.000000	0.009346
604.999171	gene_B	167.000000	420.000000	0.002381
604.999171	gene_C	158.000000	409.000000	0.002445
604.999171	gene_D	124.000000	405.000000	0.002469
604.999171	gene_E	143.000000	401.000000	0.002494
604.999171	gene_F	75.000000	273.000000	0.007326
604.999171	gene_G	32.000000	203.000000	0.083744
604.999171	gene_H	0.000000	137.000000	0.233577
604.999171	gene_J	98.000000	393.000000	0.089059
604.999171	gene_K	155.000000	411.000000	0.002433
604.999171	promoter_A	0.000000	0.000000	0.000000
604.999171	promoter_B1	0.000000	0.000000	0.000000
604.999171	promoter_D	0.000000	0.000000	0.000000
609.999088	__gene_A*_rbs	431.000000	0.000000	0.000000
609.999088	__gene_A_rbs	443.000000	0.000000	0.000000
609.999088	__gene_B_rbs	424.000000	0.000000	0.000000
609.999088	__gene_C_rbs	413.000000	0.000000	0.000000
609.999088	__gene_D_rbs	409.000000	0.000000	0.000000
609.999088	__gene_E_rbs	404.000000	0.000000	0.000000
609.999088	__gene_F_rbs	275.000000	0.000000	0.000000
609.999088	__gene_G_rbs	203.000000	0.000000	0.000000
609.999088	__gene_H_rbs	140.000000	0.000000	0.000000
609.999088	__gene_J_rbs	397.000000	0.000000	0.000000
609.999088	__gene_K_rbs	415.000000	0.000000	0.000000
609.999088	__ribosome	0.000000	0.000000	0.000000
609.999088	bound_ecolipol	1884.000000	0.000000	0.000000
609.999088	bound_ribosome	100.000000	0.000000	0.000000
609.999088	ecoli_genome	116.000000	0.000000	0.000000
609.999088	ecoli_transcript	46043.000000	0.000000	0.000000
609.999088	ecolipol	26.000000	0.000000	0.000000
609.999088	gene_A	298.000000	443.000000	0.011287
609.999088	gene_A*	211.000000	431.000000	0.009281
609.999088	gene_B	168.000000	424.000000	0.000000
609.999088	gene_C	158.000000	413.000000	0.002421
609.999088	gene_D	124.000000	409.000000	0.004890
609.999088	gene_E	143.000000	404.000000	0.002475
609.999088	gene_F	75.000000	275.000000	0.007273
609.999088	gene_G	32.000000	203.000000	0.083744
609.999088	gene_H	0.000000	140.000000	0.228571
609.999088	gene_J	98.000000	397.000000	0.090680
609.999088	gene_K	156.000000	415.000000	0.000000
609.999088	promoter_A	1.000000	0.000000	0.000000
609.999088	promoter_B1	0.000000	0.000000	0.000000
609.999088	promoter_D	0.000000	0.000000	0.000000
614.999190	__gene_A*_rbs	434.000000	0.000000	0.000000
614.999190	__gene_A_rbs	447.000000	0.000000	0.000000
614.999190	__gene_B_rbs	427.000000	0.000000	0.000000
614.999190	__gene_C_rbs	416.000000	0.000000	0.000000
614.999190	__gene_D_rbs	413.000000	0.000000	0.000000
614.999190	__gene_E_rbs	408.000000	0.000000	0.000000
614.999190	__gene_F_rbs	278.000000	0.000000	0.000000
614.999190	__gene_G_rbs	206.000000	0.000000	0.000000
614.999190	__gene_H_rbs	142.000000	0.000000	0.000000
614.999190	__gene_J_rbs	401.000000	0.000000	0.000000
614.999190	__gene_K_rbs	419.000000	0.000000	0.000000
614.999190	__ribosome	0.000000	0.000000	0.000000
614.999190	bound_ecolipol	1871.000000	0.000000	0.000000
614.999190	bound_ribosome	100.000000	0.000000	0.000000
614.999190	ecoli_genome	129.000000	0.000000	0.000000
614.999190	ecoli_transcript	46409.000000	0.000000	0.000000
614.999190	ecolipol	39.000000	0.000000	0.000000
614.999190	gene_A	298.000000	447.000000	0.011186
614.999190	gene_A*	212.000000	435.000000	0.011494
614.999190	gene_B	168.000000	427.000000	0.000000
614.999190	gene_C	159.000000	417.000000	0.000000
614.999190	gene_D	124.000000	413.000000	0.004843
614.999190	gene_E	144.000000	408.000000	0.004902
614.999190	gene_F	76.000000	278.000000	0.003597
614.999190	gene_G	32.000000	206.000000	0.082524
614.999190	gene_H	0.000000	142.000000	0.225352
614.999190	gene_J	99.000000	401.000000	0.087282
614.999190	gene_K	156.000000	419.000000	0.002387
614.999190	promoter_A	0.000000	0.000000	0.000000
614.999190	promoter_B1	0.000000	0.000000	0.000000
614.999190	promoter_D	0.000000	0.000000	0.000000
619.999380	__gene_A*_rbs	438.000000	0.000000	0.000000
619.999380	__gene_A_rbs	449.000000	0.000000	0.000000
619.999380	__gene_B_rbs	430.000000	0.000000	0.000000
619.999380	__gene_C_rbs	420.000000	0.000000	0.000000
619.999380	__gene_D_rbs	416.000000	0.000000	0.000000
619.999380	__gene_E_rbs	412.000000	0.000000	0.000000
619.999380	__gene_F_rbs	280.000000	0.000000	0.000000
619.999380	__gene_G_rbs	209.000000	0.000000	0.000000
619.999380	__gene_H_rbs	143.000000	0.000000	0.000000
619.999380	__gene_J_rbs	404.000000	0.000000	0.000000
619.999380	__gene_K_rbs	423.000000	0.000000	0.000000
619.999380	__ribosome	0.000000	0.000000	0.000000
619.999380	bound_ecolipol	1878.000000	0.000000	0.000000
619.999380	bound_ribosome	100.000000	0.000000	0.000000
619.999380	ecoli_genome	122.000000	0.000000	0.000000
619.999380	ecoli_transcript	46791.000000	0.000000	0.000000
619.999380	ecolipol	33.000000	0.000000	0.000000
619.999380	gene_A	299.000000	450.000000	0.011111
619.999380	gene_A*	212.000000	439.000000	0.011390
619.999380	gene_B	168.000000	431.000000	0.000000
619.999380	gene_C	159.000000	420.000000	0.002381
619.999380	gene_D	125.000000	416.000000	0.002404
619.999380	gene_E	144.000000	412.000000	0.004854
619.999380	gene_F	76.000000	280.000000	0.003571
619.999380	gene_G	33.000000	209.000000	0.076555
619.999380	gene_H	0.000000	143.000000	0.223776
619.999380	gene_J	99.000000	405.000000	0.086420
619.999380	gene_K	157.000000	423.000000	0.004728
619.999380	promoter_A	0.000000	0.000000	0.000000
619.999380	promoter_B1	0.000000	0.000000	0.000000
619.999380	promoter_D	0.000000	0.000000	0.000000
624.999102	__gene_A*_rbs	443.000000	0.000000	0.000000
624.999102	__gene_A_rbs	454.000000	0.000000	0.000000
624.999102	__gene_B_rbs	434.000000	0.000000	0.000000
624.999102	__gene_C_rbs	424.000000	0.000000	0.000000
624.999102	__gene_D_rbs	420.000000	0.000000	0.000000
624.999102	__gene_E_rbs	414.000000	0.000000	0.000000
624.999102	__gene_F_rbs	282.000000	0.000000	0.000000
624.999102	__gene_G_rbs	212.000000	0.000000	0.000000
624.999102	__gene_H_rbs	143.000000	0.000000	0.000000
624.999102	__gene_J_rbs	408.000000	0.000000	0.000000
624.999102	__gene_K_rbs	426.000000	0.000000	0.000000
624.999102	__ribosome	0.000000	0.000000	0.000000
624.999102	bound_ecolipol	1871.000000	0.000000	0.000000
624.999102	bound_ribosome	100.000000	0.000000	0.000000
624.999102	ecoli_genome	129.000000	0.000000	0.000000
624.999102	ecoli_transcript	47150.000000	0.000000	0.000000
624.999102	ecolipol	40.000000	0.000000	0.000000
624.999102	gene_A	299.000000	454.000000	0.011013
624.999102	gene_A*	212.000000	443.000000	0.013544
624.999102	gene_B	168.000000	434.000000	0.000000
624.999102	gene_C	160.000000	424.000000	0.004717
624.999102	gene_D	126.000000	420.000000	0.000000
624.999102	gene_E	146.000000	415.000000	0.004819
624.999102	gene_F	76.000000	282.000000	0.007092
624.999102	gene_G	33.000000	212.000000	0.075472
624.999102	gene_H	0.000000	143.000000	0.223776
624.999102	gene_J	99.000000	408.000000	0.085784
624.999102	gene_K	159.000000	426.000000	0.000000
624.999102	promoter_A	0.000000	0.000000	0.000000
624.999102	promoter_B1	0.000000	0.000000	0.000000
624.999102	promoter_D	0.000000	0.000000	0.000000
629.999047	__gene_A*_rbs	446.000000	0.000000	0.000000
629.999047	__gene_A_rbs	458.000000	0.000000	0.000000
629.999047	__gene_B_rbs	437.000000	0.000000	0.000000
629.999047	__gene_C_rbs	427.000000	0.000000	0.000000
629.999047	__gene_D_rbs	424.000000	0.000000	0.000000
629.999047	__gene_E_rbs	419.000000	0.000000	0.000000
629.999047	__gene_F_rbs	283.000000	0.000000	0.000000
629.999047	__gene_G_rbs	213.000000	0.000000	0.000000
629.999047	__gene_H_rbs	144.000000	0.000000	0.000000
629.999047	__gene_J_rbs	412.000000	0.000000	0.000000
629.999047	__gene_K_rbs	430.000000	0.000000	0.000000
629.999047	__ribosome	0.000000	0.000000	0.000000
629.999047	bound_ecolipol	1883.000000	0.000000	0.000000
629.999047	bound_ribosome	100.000000	0.000000	0.000000
629.999047	ecoli_genome	117.000000	0.000000	0.000000
629.999047	ecoli_transcript	47482.000000	0.000000	0.000000
629.999047	ecolipol	28.000000	0.000000	0.000000
629.999047	gene_A	299.000000	458.000000	0.010917
629.999047	gene_A*	213.000000	446.000000	0.011211
629.999047	gene_B	168.000000	437.000000	0.000000
629.999047	gene_C	160.000000	428.000000	0.007009
629.999047	gene_D	126.000000	424.000000	0.000000
629.999047	gene_E	146.000000	419.000000	0.004773
629.999047	gene_F	76.000000	283.000000	0.007067
629.999047	gene_G	33.000000	213.000000	0.075117
629.999047	gene_H	0.000000	144.000000	0.222222
629.999047	gene_J	99.000000	412.000000	0.084951
629.999047	gene_K	159.000000	430.000000	0.000000
629.999047	promoter_A	0.000000	0.000000	0.000000
629.999047	promoter_B1	0.000000	0.000000	0.000000
629.999047	promoter_D	0.000000	0.000000	0.000000
634.999343	__gene_A*_rbs	450.000000	0.000000	0.000000
634.999343	__gene_A_rbs	462.000000	0.000000	0.000000
634.999343	__gene_B_rbs	440.000000	0.000000	0.000000
634.999343	__gene_C_rbs	431.000000	0.000000	0.000000
634.999343	__gene_D_rbs	427.000000	0.000000	0.000000
634.999343	__gene_E_rbs	423.000000	0.000000	0.000000
634.999343	__gene_F_rbs	286.000000	0.000000	0.000000
634.999343	__gene_G_rbs	213.000000	0.000000	0.000000
634.999343	__gene_H_rbs	147.000000	0.000000	0.000000
634.999343	__gene_J_rbs	416.000000	0.000000	0.000000
634.999343	__gene_K_rbs	433.000000	0.000000	0.000000
634.999343	__ribosome	0.000000	0.000000	0.000000
634.999343	bound_ecolipol	1880.000000	0.000000	0.000000
634.999343	bound_ribosome	100.000000	0.000000	0.000000
634.999343	ecoli_genome	120.000000	0.000000	0.000000
634.999343	ecoli_transcript	47867.000000	0.000000	0.000000
634.999343	ecolipol	33.000000	0.000000	0.000000
634.999343	gene_A	300.000000	462.000000	0.010823
634.999343	gene_A*	215.000000	450.000000	0.006667
634.999343	gene_B	168.000000	441.000000	0.002268
634.999343	gene_C	162.000000	432.000000	0.004630
634.999343	gene_D	126.000000	427.000000	0.002342
634.999343	gene_E	148.000000	423.000000	0.000000
634.999343	gene_F	76.000000	286.000000	0.006993
634.999343	gene_G	33.000000	213.000000	0.079812
634.999343	gene_H	0.000000	147.000000	0.217687
634.999343	gene_J	99.000000	416.000000	0.086538
634.999343	gene_K	159.000000	433.000000	0.002309
634.999343	promoter_A	0.000000	0.000000	0.000000
634.999343	promoter_B1	0.000000	0.000000	0.000000
634.999343	promoter_D	0.000000	0.000000	0.000000
639.999038	__gene_A*_rbs	453.000000	0.000000	0.000000
639.999038	__gene_A_rbs	466.000000	0.000000	0.000000
639.999038	__gene_B_rbs	444.000000	0.000000	0.000000
639.999038	__gene_C_rbs	434.000000	0.000000	0.000000
639.999038	__gene_D_rbs	431.000000	0.000000	0.000000
639.999038	__gene_E_rbs	426.000000	0.000000	0.000000
639.999038	__gene_F_rbs	289.000000	0.000000	0.000000
639.999038	__gene_G_rbs	215.000000	0.000000	0.000000
639.999038	__gene_H_rbs	150.000000	0.000000	0.000000
639.999038	__gene_J_rbs	420.000000	0.000000	0.000000
639.999038	__gene_K_rbs	436.000000	0.000000	0.000000
639.999038	__ribosome	0.000000	0.000000	0.000000
639.999038	bound_ecolipol	1865.000000	0.000000	0.000000
639.999038	bound_ribosome	100.000000	0.000000	0.000000
639.999038	ecoli_genome	135.000000	0.000000	0.000000
639.999038	ecoli_transcript	48260.000000	0.000000	0.000000
639.999038	ecolipol	47.000000	0.000000	0.000000
639.999038	gene_A	301.000000	466.000000	0.010730
639.999038	gene_A*	215.000000	453.000000	0.011038
639.999038	gene_B	168.000000	444.000000	0.002252
639.999038	gene_C	163.000000	434.000000	0.002304
639.999038	gene_D	126.000000	431.000000	0.002320
639.999038	gene_E	148.000000	426.000000	0.002347
639.999038	gene_F	77.000000	289.000000	0.003460
639.999038	gene_G	33.000000	215.000000	0.079070
639.999038	gene_H	0.000000	150.000000	0.213333
639.999038	gene_J	100.000000	420.000000	0.085714
639.999038	gene_K	160.000000	436.000000	0.000000
639.999038	promoter_A	0.000000	0.000000	0.000000
639.999038	promoter_B1	0.000000	0.000000	0.000000
639.999038	promoter_D	0.000000	0.000000	0.000000
644.999134	__gene_A*_rbs	457.000000	0.000000	0.000000
644.999134	__gene_A_rbs	469.000000	0.000000	0.000000
644.999134	__gene_B_rbs	448.000000	0.000000	0.000000
644.999134	__gene_C_rbs	437.000000	0.000000	0.000000
644.999134	__gene_D_rbs	434.000000	0.000000	0.000000
644.999134	__gene_E_rbs	430.000000	0.000000	0.000000
644.999134	__gene_F_rbs	292.000000	0.000000	0.000000
644.999134	__gene_G_rbs	218.000000	0.000000	0.000000
644.999134	__gene_H_rbs	151.000000	0.000000	0.000000
644.999134	__gene_J_rbs	422.000000	0.000000	0.000000
644.999134	__gene_K_rbs	438.000000	0.000000	0.000000
644.999134	__ribosome	0.000000	0.000000	0.000000
644.999134	bound_ecolipol	1869.000000	0.000000	0.000000
644.999134	bound_ribosome	100.000000	0.000000	0.000000
644.999134	ecoli_genome	131.000000	0.000000	0.000000
644.999134	ecoli_transcript	48655.000000	0.000000	0.000000
644.999134	ecolipol	41.000000	0.000000	0.000000
644.999134	gene_A	301.000000	469.000000	0.010661
644.999134	gene_A*	215.000000	457.000000	0.010941
644.999134	gene_B	168.000000	448.000000	0.002232
644.999134	gene_C	164.000000	437.000000	0.002288
644.999134	gene_D	126.000000	434.000000	0.002304
644.999134	gene_E	148.000000	430.000000	0.002326
644.999134	gene_F	77.000000	292.000000	0.003425
644.999134	gene_G	33.000000	218.000000	0.077982
644.999134	gene_H	0.000000	151.000000	0.211921
644.999134	gene_J	100.000000	423.000000	0.085106
644.999134	gene_K	160.000000	440.000000	0.000000
644.999134	promoter_A	0.000000	0.000000	0.000000
644.999134	promoter_B1	0.000000	0.000000	0.000000
644.999134	promoter_D	0.000000	0.000000	0.000000
649.999042	__gene_A*_rbs	460.000000	0.000000	0.000000
649.999042	__gene_A_rbs	473.000000	0.000000	0.000000
649.999042	__gene_B_rbs	452.000000	0.000000	0.000000
649.999042	__gene_C_rbs	441.000000	0.000000	0.000000
649.999042	__gene_D_rbs	438.000000	0.000000	0.000000
649.999042	__gene_E_rbs	433.000000	0.000000	0.000000
649.999042	__gene_F_rbs	296.000000	0.000000	0.000000
649.999042	__gene_G_rbs	221.000000	0.000000	0.000000
649.999042	__gene_H_rbs	151.000000	0.000000	0.000000
649.999042	__gene_J_rbs	427.000000	0.000000	0.000000
649.999042	__gene_K_rbs	443.000000	0.000000	0.000000
649.999042	__ribosome	0.000000	0.000000	0.000000
649.999042	bound_ecolipol	1865.000000	0.000000	0.000000
649.999042	bound_ribosome	100.000000	0.000000	0.000000
649.999042	ecoli_genome	135.000000	0.000000	0.000000
649.999042	ecoli_transcript	49010.000000	0.000000	0.000000
649.999042	ecolipol	45.000000	0.000000	0.000000
649.999042	gene_A	301.000000	473.000000	0.010571
649.999042	gene_A*	217.000000	460.000000	0.006522
649.999042	gene_B	169.000000	452.000000	0.000000
649.999042	gene_C	164.000000	441.000000	0.004535
649.999042	gene_D	127.000000	438.000000	0.002283
649.999042	gene_E	149.000000	433.000000	0.004619
649.999042	gene_F	77.000000	296.000000	0.003378
649.999042	gene_G	33.000000	221.000000	0.076923
649.999042	gene_H	0.000000	151.000000	0.211921
649.999042	gene_J	100.000000	427.000000	0.084309
649.999042	gene_K	160.000000	443.000000	0.002257
649.999042	promoter_A	0.000000	0.000000	0.000000
649.999042	promoter_B1	0.000000	0.000000	0.000000
649.999042	promoter_D	0.000000	0.000000	0.000000
654.999059	__gene_A*_rbs	464.000000	0.000000	0.000000
654.999059	__gene_A_rbs	476.000000	0.000000	0.000000
654.999059	__gene_B_rbs	456.000000	0.000000	0.000000
654.999059	__gene_C_rbs	446.000000	0.000000	0.000000
654.999059	__gene_D_rbs	441.000000	0.000000	0.000000
654.999059	__gene_E_rbs	437.000000	0.000000	0.000000
654.999059	__gene_F_rbs	297.000000	0.000000	0.000000
654.999059	__gene_G_rbs	222.000000	0.000000	0.000000
654.999059	__gene_H_rbs	152.000000	0.000000	0.000000
654.999059	__gene_J_rbs	430.000000	0.000000	0.000000
654.999059	__gene_K_rbs	447.000000	0.000000	0.000000
654.999059	__ribosome	0.000000	0.000000	0.000000
654.999059	bound_ecolipol	1868.000000	0.000000	0.000000
654.999059	bound_ribosome	100.000000	0.000000	0.000000
654.999059	ecoli_genome	132.000000	0.000000	0.000000
654.999059	ecoli_transcript	49426.000000	0.000000	0.000000
654.999059	ecolipol	39.000000	0.000000	0.000000
654.999059	gene_A	301.000000	476.000000	0.012605
654.999059	gene_A*	217.000000	464.000000	0.006466
654.999059	gene_B	169.000000	456.000000	0.002193
654.999059	gene_C	165.000000	446.000000	0.002242
654.999059	gene_D	127.000000	441.000000	0.004535
654.999059	gene_E	149.000000	437.000000	0.004577
654.999059	gene_F	77.000000	297.000000	0.003367
654.999059	gene_G	34.000000	222.000000	0.072072
654.999059	gene_H	0.000000	152.000000	0.210526
654.999059	gene_J	100.000000	430.000000	0.083721
654.999059	gene_K	161.000000	447.000000	0.000000
654.999059	promoter_A	0.000000	0.000000	0.000000
654.999059	promoter_B1	0.000000	0.000000	0.000000
654.999059	promoter_D	0.000000	0.000000	0.000000
659.999053	__gene_A*_rbs	467.000000	0.000000	0.000000
659.999053	__gene_A_rbs	480.000000	0.000000	0.000000
659.999053	__gene_B_rbs	459.000000	0.000000	0.000000
659.999053	__gene_C_rbs	449.000000	0.000000	0.000000
659.999053	__gene_D_rbs	445.000000	0.000000	0.000000
659.999053	__gene_E_rbs	441.000000	0.000000	0.000000
659.999053	__gene_F_rbs	300.000000	0.000000	0.000000
659.999053	__gene_G_rbs	224.000000	0.000000	0.000000
659.999053	__gene_H_rbs	154.000000	0.000000	0.000000
659.999053	__gene_J_rbs	434.000000	0.000000	0.000000
659.999053	__gene_K_rbs	451.000000	0.000000	0.000000
659.999053	__ribosome	0.000000	0.000000	0.000000
659.999053	bound_ecolipol	1874.000000	0.000000	0.000000
659.999053	bound_ribosome	100.000000	0.000000	0.000000
659.999053	ecoli_genome	126.000000	0.000000	0.000000
659.999053	ecoli_transcript	49788.000000	0.000000	0.000000
659.999053	ecolipol	36.000000	0.000000	0.000000
659.999053	gene_A	303.000000	480.000000	0.008333
659.999053	gene_A*	218.000000	467.000000	0.006424
659.999053	gene_B	169.000000	459.000000	0.006536
659.999053	gene_C	166.000000	449.000000	0.000000
659.999053	gene_D	127.000000	445.000000	0.004494
659.999053	gene_E	151.000000	441.000000	0.002268
659.999053	gene_F	77.000000	300.000000	0.003333
659.999053	gene_G	34.000000	224.000000	0.071429
659.999053	gene_H	0.000000	154.000000	0.207792
659.999053	gene_J	100.000000	434.000000	0.087558
659.999053	gene_K	161.000000	451.000000	0.000000
659.999053	promoter_A	0.000000	0.000000	0.000000
659.999053	promoter_B1	0.000000	0.000000	0.000000
659.999053	promoter_D	0.000000	0.000000	0.000000
664.999013	__gene_A*_rbs	471.000000	0.000000	0.000000
664.999013	__gene_A_rbs	483.000000	0.000000	0.000000
664.999013	__gene_B_rbs	462.000000	0.000000	0.000000
664.999013	__gene_C_rbs	453.000000	0.000000	0.000000
664.999013	__gene_D_rbs	449.000000	0.000000	0.000000
664.999013	__gene_E_rbs	445.000000	0.000000	0.000000
664.999013	__gene_F_rbs	303.000000	0.000000	0.000000
664.999013	__gene_G_rbs	225.000000	0.000000	0.000000
664.999013	__gene_H_rbs	154.000000	0.000000	0.000000
664.999013	__gene_J_rbs	438.000000	0.000000	0.000000
664.999013	__gene_K_rbs	455.000000	0.000000	0.000000
664.999013	__ribosome	0.000000	0.000000	0.000000
664.999013	bound_ecolipol	1857.000000	0.000000	0.000000
664.999013	bound_ribosome	100.000000	0.000000	0.000000
664.999013	ecoli_genome	143.000000	0.000000	0.000000
664.999013	ecoli_transcript	50155.000000	0.000000	0.000000
664.999013	ecolipol	54.000000	0.000000	0.000000
664.999013	gene_A	303.000000	483.000000	0.008282
664.999013	gene_A*	218.000000	471.000000	0.006369
664.999013	gene_B	170.000000	462.000000	0.004329
664.999013	gene_C	166.000000	453.000000	0.004415
664.999013	gene_D	128.000000	449.000000	0.002227
664.999013	gene_E	151.000000	445.000000	0.004494
664.999013	gene_F	78.000000	303.000000	0.000000
664.999013	gene_G	34.000000	225.000000	0.071111
664.999013	gene_H	0.000000	154.000000	0.207792
664.999013	gene_J	101.000000	438.000000	0.084475
664.999013	gene_K	161.000000	455.000000	0.002198
664.999013	promoter_A	0.000000	0.000000	0.000000
664.999013	promoter_B1	0.000000	0.000000	0.000000
664.999013	promoter_D	0.000000	0.000000	0.000000
669.999186	__gene_A*_rbs	475.000000	0.000000	0.000000
669.999186	__gene_A_rbs	487.000000	0.000000	0.000000
669.999186	__gene_B_rbs	466.000000	0.000000	0.000000
669.999186	__gene_C_rbs	456.000000	0.000000	0.000000
669.999186	__gene_D_rbs	453.000000	0.000000	0.000000
669.999186	__gene_E_rbs	449.000000	0.000000	0.000000
669.999186	__gene_F_rbs	307.000000	0.000000	0.000000
669.999186	__gene_G_rbs	227.000000	0.000000	0.000000
669.999186	__gene_H_rbs	154.000000	0.000000	0.000000
669.999186	__gene_J_rbs	442.000000	0.000000	0.000000
669.999186	__gene_K_rbs	458.000000	0.000000	0.000000
669.999186	__ribosome	0.000000	0.000000	0.000000
669.999186	bound_ecolipol	1872.000000	0.000000	0.000000
669.999186	bound_ribosome	100.000000	0.000000	0.000000
669.999186	ecoli_genome	128.000000	0.000000	0.000000
669.999186	ecoli_transcript	50532.000000	0.000000	0.000000
669.999186	ecolipol	39.000000	0.000000	0.000000
669.999186	gene_A	303.000000	487.000000	0.010267
669.999186	gene_A*	218.000000	475.000000	0.006316
669.999186	gene_B	171.000000	466.000000	0.004292
669.999186	gene_C	166.000000	456.000000	0.006579
669.999186	gene_D	129.000000	453.000000	0.000000
669.999186	gene_E	152.000000	449.000000	0.002227
669.999186	gene_F	78.000000	307.000000	0.000000
669.999186	gene_G	34.000000	227.000000	0.074890
669.999186	gene_H	0.000000	154.000000	0.207792
669.999186	gene_J	101.000000	442.000000	0.083710
669.999186	gene_K	162.000000	459.000000	0.000000
669.999186	promoter_A	0.000000	0.000000	0.000000
669.999186	promoter_B1	0.000000	0.000000	0.000000
669.999186	promoter_D	0.000000	0.000000	0.000000
674.999073	__gene_A*_rbs	479.000000	0.000000	0.000000
674.999073	__gene_A_rbs	491.000000	0.000000	0.000000
674.999073	__gene_B_rbs	470.000000	0.000000	0.000000
674.999073	__gene_C_rbs	460.000000	0.000000	0.000000
674.999073	__gene_D_rbs	456.000000	0.000000	0.000000
674.999073	__gene_E_rbs	452.000000	0.000000	0.000000
674.999073	__gene_F_rbs	309.000000	0.000000	0.000000
674.999073	__gene_G_rbs	228.000000	0.000000	0.000000
674.999073	__gene_H_rbs	157.000000	0.000000	0.000000
674.999073	__gene_J_rbs	445.000000	0.000000	0.000000
674.999073	__gene_K_rbs	461.000000	0.000000	0.000000
674.999073	__ribosome	0.000000	0.000000	0.000000
674.999073	bound_ecolipol	1873.000000	0.000000	0.000000
674.999073	bound_ribosome	100.000000	0.000000	0.000000
674.999073	ecoli_genome	127.000000	0.000000	0.000000
674.999073	ecoli_transcript	50875.000000	0.000000	0.000000
674.999073	ecolipol	38.000000	0.000000	0.000000
674.999073	gene_A	304.000000	491.000000	0.012220
674.999073	gene_A*	220.000000	479.000000	0.002088
674.999073	gene_B	172.000000	470.000000	0.002128
674.999073	gene_C	168.000000	460.000000	0.002174
674.999073	gene_D	129.000000	456.000000	0.000000
674.999073	gene_E	153.000000	452.000000	0.004425
674.999073	gene_F	78.000000	309.000000	0.006472
674.999073	gene_G	34.000000	228.000000	0.074561
674.999073	gene_H	0.000000	157.000000	0.203822
674.999073	gene_J	101.000000	445.000000	0.083146
674.999073	gene_K	162.000000	461.000000	0.002169
674.999073	promoter_A	0.000000	0.000000	0.000000
674.999073	promoter_B1	0.000000	0.000000	0.000000
674.999073	promoter_D	0.000000	0.000000	0.000000
679.999309	__gene_A*_rbs	483.000000	0.000000	0.000000
679.999309	__gene_A_rbs	494.000000	0.000000	0.000000
679.999309	__gene_B_rbs	474.000000	0.000000	0.000000
679.999309	__gene_C_rbs	463.000000	0.000000	0.000000
679.999309	__gene_D_rbs	460.000000	0.000000	0.000000
679.999309	__gene_E_rbs	456.000000	0.000000	0.000000
679.999309	__gene_F_rbs	310.000000	0.000000	0.000000
679.999309	__gene_G_rbs	230.000000	0.000000	0.000000
679.999309	__gene_H_rbs	157.000000	0.000000	0.000000
679.999309	__gene_J_rbs	449.000000	0.000000	0.000000
679.999309	__gene_K_rbs	465.000000	0.000000	0.000000
679.999309	__ribosome	0.000000	0.000000	0.000000
679.999309	bound_ecolipol	1878.000000	0.000000	0.000000
679.999309	bound_ribosome	100.000000	0.000000	0.000000
679.999309	ecoli_genome	122.000000	0.000000	0.000000
679.999309	ecoli_transcript	51251.000000	0.000000	0.000000
679.999309	ecolipol	34.000000	0.000000	0.000000
679.999309	gene_A	304.000000	494.000000	0.012146
679.999309	gene_A*	220.000000	483.000000	0.002070
679.999309	gene_B	173.000000	474.000000	0.000000
679.999309	gene_C	169.000000	463.000000	0.002160
679.999309	gene_D	129.000000	460.000000	0.002174
679.999309	gene_E	153.000000	456.000000	0.004386
679.999309	gene_F	78.000000	310.000000	0.009677
679.999309	gene_G	34.000000	230.000000	0.073913
679.999309	gene_H	0.000000	157.000000	0.203822
679.999309	gene_J	101.000000	449.000000	0.082405
679.999309	gene_K	163.000000	465.000000	0.000000
679.999309	promoter_A	0.000000	0.000000	0.000000
679.999309	promoter_B1	0.000000	0.000000	0.000000
679.999309	promoter_D	0.000000	0.000000	0.000000
684.999041	__gene_A*_rbs	486.000000	0.000000	0.000000
684.999041	__gene_A_rbs	498.000000	0.000000	0.000000
684.999041	__gene_B_rbs	477.000000	0.000000	0.000000
684.999041	__gene_C_rbs	467.000000	0.000000	0.000000
684.999041	__gene_D_rbs	463.000000	0.000000	0.000000
684.999041	__gene_E_rbs	459.000000	0.000000	0.000000
684.999041	__gene_F_rbs	314.000000	0.000000	0.000000
684.999041	__gene_G_rbs	233.000000	0.000000	0.000000
684.999041	__gene_H_rbs	159.000000	0.000000	0.000000
684.999041	__gene_J_rbs	453.000000	0.000000	0.000000
684.999041	__gene_K_rbs	469.000000	0.000000	0.000000
684.999041	__ribosome	0.000000	0.000000	0.000000
684.999041	bound_ecolipol	1879.000000	0.000000	0.000000
684.999041	bound_ribosome	100.000000	0.000000	0.000000
684.999041	ecoli_genome	121.000000	0.000000	0.000000
684.999041	ecoli_transcript	51618.000000	0.000000	0.000000
684.999041	ecolipol	33.000000	0.000000	0.000000
684.999041	gene_A	304.000000	498.000000	0.012048
684.999041	gene_A*	220.000000	486.000000	0.002058
684.999041	gene_B	173.000000	477.000000	0.000000
684.999041	gene_C	169.000000	467.000000	0.002141
684.999041	gene_D	129.000000	463.000000	0.002160
684.999041	gene_E	155.000000	460.000000	0.002174
684.999041	gene_F	78.000000	314.000000	0.012739
684.999041	gene_G	35.000000	233.000000	0.068670
684.999041	gene_H	0.000000	159.000000	0.201258
684.999041	gene_J	101.000000	453.000000	0.081678
684.999041	gene_K	163.000000	469.000000	0.002132
684.999041	promoter_A	0.000000	0.000000	0.000000
684.999041	promoter_B1	0.000000	0.000000	0.000000
684.999041	promoter_D	0.000000	0.000000	0.000000
689.999061	__gene_A*_rbs	488.000000	0.000000	0.000000
689.999061	__gene_A_rbs	502.000000	0.000000	0.000000
689.999061	__gene_B_rbs	481.000000	0.000000	0.000000
689.999061	__gene_C_rbs	470.000000	0.000000	0.000000
689.999061	__gene_D_rbs	467.000000	0.000000	0.000000
689.999061	__gene_E_rbs	463.000000	0.000000	0.000000
689.999061	__gene_F_rbs	317.000000	0.000000	0.000000
689.999061	__gene_G_rbs	235.000000	0.000000	0.000000
689.999061	__gene_H_rbs	160.000000	0.000000	0.000000
689.999061	__gene_J_rbs	457.000000	0.000000	0.000000
689.999061	__gene_K_rbs	473.000000	0.000000	0.000000
689.999061	__ribosome	0.000000	0.000000	0.000000
689.999061	bound_ecolipol	1866.000000	0.000000	0.000000
689.999061	bound_ribosome	100.000000	0.000000	0.000000
689.999061	ecoli_genome	134.000000	0.000000	0.000000
689.999061	ecoli_transcript	51993.000000	0.000000	0.000000
689.999061	ecolipol	43.000000	0.000000	0.000000
689.999061	gene_A	306.000000	502.000000	0.007968
689.999061	gene_A*	220.000000	489.000000	0.002045
689.999061	gene_B	173.000000	481.000000	0.000000
689.999061	gene_C	170.000000	470.000000	0.002128
689.999061	gene_D	129.000000	467.000000	0.006424
689.999061	gene_E	155.000000	463.000000	0.002160
689.999061	gene_F	78.000000	317.000000	0.015773
689.999061	gene_G	35.000000	235.000000	0.068085
689.999061	gene_H	0.000000	160.000000	0.200000
689.999061	gene_J	101.000000	457.000000	0.080963
689.999061	gene_K	164.000000	473.000000	0.000000
689.999061	promoter_A	0.000000	0.000000	0.000000
689.999061	promoter_B1	0.000000	0.000000	0.000000
689.999061	promoter_D	0.000000	0.000000	0.000000
694.999023	__gene_A*_rbs	493.000000	0.000000	0.000000
694.999023	__gene_A_rbs	505.000000	0.000000	0.000000
694.999023	__gene_B_rbs	485.000000	0.000000	0.000000
694.999023	__gene_C_rbs	474.000000	0.000000	0.000000
694.999023	__gene_D_rbs	470.000000	0.000000	0.000000
694.999023	__gene_E_rbs	467.000000	0.000000	0.000000
694.999023	__gene_F_rbs	321.000000	0.000000	0.000000
694.999023	__gene_G_rbs	237.000000	0.000000	0.000000
694.999023	__gene_H_rbs	161.000000	0.000000	0.000000
694.999023	__gene_J_rbs	459.000000	0.000000	0.000000
694.999023	__gene_K_rbs	476.000000	0.000000	0.000000
694.999023	__ribosome	0.000000	0.000000	0.000000
694.999023	bound_ecolipol	1864.000000	0.000000	0.000000
694.999023	bound_ribosome	100.000000	0.000000	0.000000
694.999023	ecoli_genome	136.000000	0.000000	0.000000
694.999023	ecoli_transcript	52385.000000	0.000000	0.000000
694.999023	ecolipol	43.000000	0.000000	0.000000
694.999023	gene_A	306.000000	505.000000	0.009901
694.999023	gene_A*	221.000000	493.000000	0.000000
694.999023	gene_B	173.000000	485.000000	0.000000
694.999023	gene_C	170.000000	474.000000	0.002110
694.999023	gene_D	129.000000	470.000000	0.006383
694.999023	gene_E	156.000000	467.000000	0.000000
694.999023	gene_F	78.000000	321.000000	0.018692
694.999023	gene_G	35.000000	237.000000	0.067511
694.999023	gene_H	0.000000	161.000000	0.198758
694.999023	gene_J	101.000000	460.000000	0.080435
694.999023	gene_K	164.000000	476.000000	0.000000
694.999023	promoter_A	0.000000	0.000000	0.000000
694.999023	promoter_B1	0.000000	0.000000	0.000000
694.999023	promoter_D	0.000000	0.000000	0.000000
699.999212	__gene_A*_rbs	497.000000	0.000000	0.000000
699.999212	__gene_A_rbs	509.000000	0.000000	0.000000
699.999212	__gene_B_rbs	489.000000	0.000000	0.000000
699.999212	__gene_C_rbs	478.000000	0.000000	0.000000
699.999212	__gene_D_rbs	474.000000	0.000000	0.000000
699.999212	__gene_E_rbs	470.000000	0.000000	0.000000
699.999212	__gene_F_rbs	324.000000	0.000000	0.000000
699.999212	__gene_G_rbs	238.000000	0.000000	0.000000
699.999212	__gene_H_rbs	163.000000	0.000000	0.000000
699.999212	__gene_J_rbs	464.000000	0.000000	0.000000
699.999212	__gene_K_rbs	480.000000	0.000000	0.000000
699.999212	__ribosome	0.000000	0.000000	0.000000
699.999212	bound_ecolipol	1871.000000	0.000000	0.000000
699.999212	bound_ribosome	100.000000	0.000000	0.000000
699.999212	ecoli_genome	129.000000	0.000000	0.000000
699.999212	ecoli_transcript	52728.000000	0.000000	0.000000
699.999212	ecolipol	36.000000	0.000000	0.000000
699.999212	gene_A	306.000000	509.000000	0.009823
699.999212	gene_A*	221.000000	497.000000	0.004024
699.999212	gene_B	173.000000	489.000000	0.000000
699.999212	gene_C	171.000000	478.000000	0.000000
699.999212	gene_D	130.000000	474.000000	0.004219
699.999212	gene_E	156.000000	470.000000	0.000000
699.999212	gene_F	78.000000	324.000000	0.018519
699.999212	gene_G	35.000000	238.000000	0.067227
699.999212	gene_H	0.000000	163.000000	0.196319
699.999212	gene_J	101.000000	464.000000	0.079741
699.999212	gene_K	164.000000	480.000000	0.000000
699.999212	promoter_A	0.000000	0.000000	0.000000
699.999212	promoter_B1	0.000000	0.000000	0.000000
699.999212	promoter_D	0.000000	0.000000	0.000000
704.999378	__gene_A*_rbs	500.000000	0.000000	0.000000
704.999378	__gene_A_rbs	512.000000	0.000000	0.000000
704.999378	__gene_B_rbs	492.000000	0.000000	0.000000
704.999378	__gene_C_rbs	482.000000	0.000000	0.000000
704.999378	__gene_D_rbs	478.000000	0.000000	0.000000
704.999378	__gene_E_rbs	473.000000	0.000000	0.000000
704.999378	__gene_F_rbs	326.000000	0.000000	0.000000
704.999378	__gene_G_rbs	239.000000	0.000000	0.000000
704.999378	__gene_H_rbs	166.000000	0.000000	0.000000
704.999378	__gene_J_rbs	468.000000	0.000000	0.000000
704.999378	__gene_K_rbs	483.000000	0.000000	0.000000
704.999378	__ribosome	0.000000	0.000000	0.000000
704.999378	bound_ecolipol	1870.000000	0.000000	0.000000
704.999378	bound_ribosome	100.000000	0.000000	0.000000
704.999378	ecoli_genome	130.000000	0.000000	0.000000
704.999378	ecoli_transcript	53133.000000	0.000000	0.000000
704.999378	ecolipol	37.000000	0.000000	0.000000
704.999378	gene_A	307.000000	512.000000	0.007812
704.999378	gene_A*	221.000000	500.000000	0.004000
704.999378	gene_B	173.000000	492.000000	0.000000
704.999378	gene_C	171.000000	482.000000	0.002075
704.999378	gene_D	132.000000	478.000000	0.000000
704.999378	gene_E	156.000000	473.000000	0.000000
704.999378	gene_F	78.000000	326.000000	0.018405
704.999378	gene_G	35.000000	239.000000	0.066946
704.999378	gene_H	0.000000	166.000000	0.192771
704.999378	gene_J	101.000000	468.000000	0.081197
704.999378	gene_K	164.000000	483.000000	0.002070
704.999378	promoter_A	0.000000	0.000000	0.000000
704.999378	promoter_B1	0.000000	0.000000	0.000000
704.999378	promoter_D	0.000000	0.000000	0.000000
709.999084	__gene_A*_rbs	504.000000	0.000000	0.000000
709.999084	__gene_A_rbs	516.000000	0.000000	0.000000
709.999084	__gene_B_rbs	496.000000	0.000000	0.000000
709.999084	__gene_C_rbs	485.000000	0.000000	0.000000
709.999084	__gene_D_rbs	482.000000	0.000000	0.000000
709.999084	__gene_E_rbs	477.000000	0.000000	0.000000
709.999084	__gene_F_rbs	329.000000	0.000000	0.000000
709.999084	__gene_G_rbs	241.000000	0.000000	0.000000
709.999084	__gene_H_rbs	167.000000	0.000000	0.000000
709.999084	__gene_J_rbs	471.000000	0.000000	0.000000
709.999084	__gene_K_rbs	487.000000	0.000000	0.000000
709.999084	__ribosome	0.000000	0.000000	0.000000
709.999084	bound_ecolipol	1864.000000	0.000000	0.000000
709.999084	bound_ribosome	100.000000	0.000000	0.000000
709.999084	ecoli_genome	136.000000	0.000000	0.000000
709.999084	ecoli_transcript	53462.000000	0.000000	0.000000
709.999084	ecolipol	41.000000	0.000000	0.000000
709.999084	gene_A	307.000000	516.000000	0.007752
709.999084	gene_A*	221.000000	504.000000	0.003968
709.999084	gene_B	173.000000	496.000000	0.000000
709.999084	gene_C	171.000000	485.000000	0.002062
709.999084	gene_D	132.000000	482.000000	0.002075
709.999084	gene_E	156.000000	478.000000	0.002092
709.999084	gene_F	78.000000	329.000000	0.018237
709.999084	gene_G	35.000000	241.000000	0.066390
709.999084	gene_H	0.000000	167.000000	0.191617
709.999084	gene_J	102.000000	471.000000	0.078556
709.999084	gene_K	165.000000	487.000000	0.000000
709.999084	promoter_A	0.000000	0.000000	0.000000
709.999084	promoter_B1	0.000000	0.000000	0.000000
709.999084	promoter_D	0.000000	0.000000	0.000000
714.999059	__gene_A*_rbs	507.000000	0.000000	0.000000
714.999059	__gene_A_rbs	520.000000	0.000000	0.000000
714.999059	__gene_B_rbs	498.000000	0.000000	0.000000
714.999059	__gene_C_rbs	489.000000	0.000000	0.000000
714.999059	__gene_D_rbs	486.000000	0.000000	0.000000
714.999059	__gene_E_rbs	481.000000	0.000000	0.000000
714.999059	__gene_F_rbs	332.000000	0.000000	0.000000
714.999059	__gene_G_rbs	243.000000	0.000000	0.000000
714.999059	__gene_H_rbs	168.000000	0.000000	0.000000
714.999059	__gene_J_rbs	475.000000	0.000000	0.000000
714.999059	__gene_K_rbs	491.000000	0.000000	0.000000
714.999059	__ribosome	0.000000	0.000000	0.000000
714.999059	bound_ecolipol	1871.000000	0.000000	0.000000
714.999059	bound_ribosome	100.000000	0.000000	0.000000
714.999059	ecoli_genome	129.000000	0.000000	0.000000
714.999059	ecoli_transcript	53837.000000	0.000000	0.000000
714.999059	ecolipol	34.000000	0.000000	0.000000
714.999059	gene_A	307.000000	520.000000	0.007692
714.999059	gene_A*	221.000000	507.000000	0.005917
714.999059	gene_B	173.000000	499.000000	0.002004
714.999059	gene_C	172.000000	489.000000	0.000000
714.999059	gene_D	132.000000	486.000000	0.002058
714.999059	gene_E	156.000000	481.000000	0.002079
714.999059	gene_F	80.000000	332.000000	0.012048
714.999059	gene_G	35.000000	243.000000	0.065844
714.999059	gene_H	0.000000	168.000000	0.190476
714.999059	gene_J	102.000000	475.000000	0.080000
714.999059	gene_K	165.000000	491.000000	0.000000
714.999059	promoter_A	0.000000	0.000000	0.000000
714.999059	promoter_B1	0.000000	0.000000	0.000000
714.999059	promoter_D	0.000000	0.000000	0.000000
719.999060	__gene_A*_rbs	511.000000	0.000000	0.000000
719.999060	__gene_A_rbs	523.000000	0.000000	0.000000
719.999060	__gene_B_rbs	503.000000	0.000000	0.000000
719.999060	__gene_C_rbs	492.000000	0.000000	0.000000
719.999060	__gene_D_rbs	489.000000	0.000000	0.000000
719.999060	__gene_E_rbs	485.000000	0.000000	0.000000
719.999060	__gene_F_rbs	335.000000	0.000000	0.000000
719.999060	__gene_G_rbs	246.000000	0.000000	0.000000
719.999060	__gene_H_rbs	168.000000	0.000000	0.000000
719.999060	__gene_J_rbs	478.000000	0.000000	0.000000
719.999060	__gene_K_rbs	493.000000	0.000000	0.000000
719.999060	__ribosome	0.000000	0.000000	0.000000
719.999060	bound_ecolipol	1866.000000	0.000000	0.000000
719.999060	bound_ribosome	100.000000	0.000000	0.000000
719.999060	ecoli_genome	134.000000	0.000000	0.000000
719.999060	ecoli_transcript	54215.000000	0.000000	0.000000
719.999060	ecolipol	41.000000	0.000000	0.000000
719.999060	gene_A	308.000000	523.000000	0.005736
719.999060	gene_A*	221.000000	511.000000	0.007828
719.999060	gene_B	173.000000	503.000000	0.001988
719.999060	gene_C	172.000000	492.000000	0.000000
719.999060	gene_D	132.000000	489.000000	0.004090
719.999060	gene_E	157.000000	485.000000	0.000000
719.999060	gene_F	80.000000	335.000000	0.011940
719.999060	gene_G	35.000000	246.000000	0.065041
719.999060	gene_H	0.000000	168.000000	0.190476
719.999060	gene_J	102.000000	478.000000	0.079498
719.999060	gene_K	165.000000	494.000000	0.000000
719.999060	promoter_A	0.000000	0.000000	0.000000
719.999060	promoter_B1	0.000000	0.000000	0.000000
719.999060	promoter_D	0.000000	0.000000	0.000000
724.999395	__gene_A*_rbs	515.000000	0.000000	0.000000
724.999395	__gene_A_rbs	527.000000	0.000000	0.000000
724.999395	__gene_B_rbs	507.000000	0.000000	0.000000
724.999395	__gene_C_rbs	496.000000	0.000000	0.000000
724.999395	__gene_D_rbs	492.000000	0.000000	0.000000
724.999395	__gene_E_rbs	488.000000	0.000000	0.000000
724.999395	__gene_F_rbs	338.000000	0.000000	0.000000
724.999395	__gene_G_rbs	247.000000	0.000000	0.000000
724.999395	__gene_H_rbs	170.000000	0.000000	0.000000
724.999395	__gene_J_rbs	482.000000	0.000000	0.000000
724.999395	__gene_K_rbs	498.000000	0.000000	0.000000
724.999395	__ribosome	0.000000	0.000000	0.000000
724.999395	bound_ecolipol	1862.000000	0.000000	0.000000
724.999395	bound_ribosome	100.000000	0.000000	0.000000
724.999395	ecoli_genome	138.000000	0.000000	0.000000
724.999395	ecoli_transcript	54611.000000	0.000000	0.000000
724.999395	ecolipol	45.000000	0.000000	0.000000
724.999395	gene_A	310.000000	527.000000	0.001898
724.999395	gene_A*	221.000000	515.000000	0.009709
724.999395	gene_B	174.000000	507.000000	0.001972
724.999395	gene_C	172.000000	496.000000	0.000000
724.999395	gene_D	133.000000	492.000000	0.002033
724.999395	gene_E	157.000000	489.000000	0.004090
724.999395	gene_F	81.000000	338.000000	0.011834
724.999395	gene_G	35.000000	247.000000	0.064777
724.999395	gene_H	0.000000	170.000000	0.188235
724.999395	gene_J	102.000000	482.000000	0.078838
724.999395	gene_K	165.000000	498.000000	0.000000
724.999395	promoter_A	1.000000	0.000000	0.000000
724.999395	promoter_B1	0.000000	0.000000	0.000000
724.999395	promoter_D	0.000000	0.000000	0.000000
729.999011	__gene_A*_rbs	519.000000	0.000000	0.000000
729.999011	__gene_A_rbs	530.000000	0.000000	0.000000
729.999011	__gene_B_rbs	510.000000	0.000000	0.000000
729.999011	__gene_C_rbs	498.000000	0.000000	0.000000
729.999011	__gene_D_rbs	496.000000	0.000000	0.000000
729.999011	__gene_E_rbs	492.000000	0.000000	0.000000
729.999011	__gene_F_rbs	341.000000	0.000000	0.000000
729.999011	__gene_G_rbs	249.000000	0.000000	0.000000
729.999011	__gene_H_rbs	171.000000	0.000000	0.000000
729.999011	__gene_J_rbs	486.000000	0.000000	0.000000
729.999011	__gene_K_rbs	501.000000	0.000000	0.000000
729.999011	__ribosome	0.000000	0.000000	0.000000
729.999011	bound_ecolipol	1864.000000	0.000000	0.000000
729.999011	bound_ribosome	100.000000	0.000000	0.000000
729.999011	ecoli_genome	136.000000	0.000000	0.000000
729.999011	ecoli_transcript	55022.000000	0.000000	0.000000
729.999011	ecolipol	42.000000	0.000000	0.000000
729.999011	gene_A	310.000000	530.000000	0.001887
729.999011	gene_A*	221.000000	519.000000	0.009634
729.999011	gene_B	174.000000	510.000000	0.001961
729.999011	gene_C	172.000000	500.000000	0.002000
729.999011	gene_D	133.000000	496.000000	0.002016
729.999011	gene_E	157.000000	492.000000	0.004065
729.999011	gene_F	82.000000	341.000000	0.008798
729.999011	gene_G	35.000000	249.000000	0.064257
729.999011	gene_H	0.000000	171.000000	0.187135
729.999011	gene_J	102.000000	486.000000	0.078189
729.999011	gene_K	165.000000	501.000000	0.000000
729.999011	promoter_A	0.000000	0.000000	0.000000
729.999011	promoter_B1	0.000000	0.000000	0.000000
729.999011	promoter_D	0.000000	0.000000	0.000000
734.999226	__gene_A*_rbs	522.000000	0.000000	0.000000
734.999226	__gene_A_rbs	534.000000	0.000000	0.000000
734.999226	__gene_B_rbs	513.000000	0.000000	0.000000
734.999226	__gene_C_rbs	502.000000	0.000000	0.000000
734.999226	__gene_D_rbs	500.000000	0.000000	0.000000
734.999226	__gene_E_rbs	496.000000	0.000000	0.000000
734.999226	__gene_F_rbs	344.000000	0.000000	0.000000
734.999226	__gene_G_rbs	251.000000	0.000000	0.000000
734.999226	__gene_H_rbs	173.000000	0.000000	0.000000
734.999226	__gene_J_rbs	489.000000	0.000000	0.000000
734.999226	__gene_K_rbs	504.000000	0.000000	0.000000
734.999226	__ribosome	0.000000	0.000000	0.000000
734.999226	bound_ecolipol	1866.000000	0.000000	0.000000
734.999226	bound_ribosome	100.000000	0.000000	0.000000
734.999226	ecoli_genome	134.000000	0.000000	0.000000
734.999226	ecoli_transcript	55389.000000	0.000000	0.000000
734.999226	ecolipol	44.000000	0.000000	0.000000
734.999226	gene_A	310.000000	534.000000	0.001873
734.999226	gene_A*	223.000000	522.000000	0.007663
734.999226	gene_B	174.000000	513.000000	0.003899
734.999226	gene_C	173.000000	503.000000	0.003976
734.999226	gene_D	134.000000	500.000000	0.000000
734.999226	gene_E	159.000000	496.000000	0.000000
734.999226	gene_F	83.000000	344.000000	0.008721
734.999226	gene_G	35.000000	251.000000	0.063745
734.999226	gene_H	0.000000	173.000000	0.184971
734.999226	gene_J	103.000000	489.000000	0.077710
734.999226	gene_K	165.000000	505.000000	0.003960
734.999226	promoter_A	0.000000	0.000000	0.000000
734.999226	promoter_B1	0.000000	0.000000	0.000000
734.999226	promoter_D	0.000000	0.000000	0.000000
739.999100	__gene_A*_rbs	526.000000	0.000000	0.000000
739.999100	__gene_A_rbs	538.000000	0.000000	0.000000
739.999100	__gene_B_rbs	516.000000	0.000000	0.000000
739.999100	__gene_C_rbs	507.000000	0.000000	0.000000
739.999100	__gene_D_rbs	503.000000	0.000000	0.000000
739.999100	__gene_E_rbs	498.000000	0.000000	0.000000
739.999100	__gene_F_rbs	347.000000	0.000000	0.000000
739.999100	__gene_G_rbs	254.000000	0.000000	0.000000
739.999100	__gene_H_rbs	173.000000	0.000000	0.000000
739.999100	__gene_J_rbs	493.000000	0.000000	0.000000
739.999100	__gene_K_rbs	509.000000	0.000000	0.000000
739.999100	__ribosome	0.000000	0.000000	0.000000
739.999100	bound_ecolipol	1867.000000	0.000000	0.000000
739.999100	bound_ribosome	100.000000	0.000000	0.000000
739.999100	ecoli_genome	133.000000	0.000000	0.000000
739.999100	ecoli_transcript	55768.000000	0.000000	0.000000
739.999100	ecolipol	43.000000	0.000000	0.000000
739.999100	gene_A	310.000000	538.000000	0.003717
739.999100	gene_A*	223.000000	526.000000	0.009506
739.999100	gene_B	175.000000	517.000000	0.003868
739.999100	gene_C	174.000000	507.000000	0.003945
739.999100	gene_D	134.000000	503.000000	0.000000
739.999100	gene_E	159.000000	499.000000	0.002004
739.999100	gene_F	84.000000	347.000000	0.005764
739.999100	gene_G	35.000000	254.000000	0.062992
739.999100	gene_H	0.000000	173.000000	0.184971
739.999100	gene_J	103.000000	493.000000	0.077079
739.999100	gene_K	167.000000	509.000000	0.000000
739.999100	promoter_A	0.000000	0.000000	0.000000
739.999100	promoter_B1	0.000000	0.000000	0.000000
739.999100	promoter_D	0.000000	0.000000	0.000000
744.999023	__gene_A*_rbs	529.000000	0.000000	0.000000
744.999023	__gene_A_rbs	541.000000	0.000000	0.000000
744.999023	__gene_B_rbs	521.000000	0.000000	0.000000
744.999023	__gene_C_rbs	509.000000	0.000000	0.000000
744.999023	__gene_D_rbs	507.000000	0.000000	0.000000
744.999023	__gene_E_rbs	503.000000	0.000000	0.000000
744.999023	__gene_F_rbs	351.000000	0.000000	0.000000
744.999023	__gene_G_rbs	254.000000	0.000000	0.000000
744.999023	__gene_H_rbs	175.000000	0.000000	0.000000
744.999023	__gene_J_rbs	497.000000	0.000000	0.000000
744.999023	__gene_K_rbs	512.000000	0.000000	0.000000
744.999023	__ribosome	0.000000	0.000000	0.000000
744.999023	bound_ecolipol	1877.000000	0.000000	0.000000
744.999023	bound_ribosome	100.000000	0.000000	0.000000
744.999023	ecoli_genome	123.000000	0.000000	0.000000
744.999023	ecoli_transcript	56130.000000	0.000000	0.000000
744.999023	ecolipol	32.000000	0.000000	0.000000
744.999023	gene_A	311.000000	541.000000	0.003697
744.999023	gene_A*	223.000000	529.000000	0.009452
744.999023	gene_B	176.000000	521.000000	0.001919
744.999023	gene_C	176.000000	510.000000	0.000000
744.999023	gene_D	134.000000	507.000000	0.000000
744.999023	gene_E	159.000000	503.000000	0.003976
744.999023	gene_F	84.000000	351.000000	0.005698
744.999023	gene_G	35.000000	254.000000	0.066929
744.999023	gene_H	0.000000	175.000000	0.182857
744.999023	gene_J	103.000000	497.000000	0.076459
744.999023	gene_K	167.000000	512.000000	0.001953
744.999023	promoter_A	0.000000	0.000000	0.000000
744.999023	promoter_B1	0.000000	0.000000	0.000000
744.999023	promoter_D	0.000000	0.000000	0.000000
749.999213	__gene_A*_rbs	533.000000	0.000000	0.000000
749.999213	__gene_A_rbs	545.000000	0.000000	0.000000
749.999213	__gene_B_rbs	524.000000	0.000000	0.000000
749.999213	__gene_C_rbs	513.000000	0.000000	0.000000
749.999213	__gene_D_rbs	510.000000	0.000000	0.000000
749.999213	__gene_E_rbs	506.000000	0.000000	0.000000
749.999213	__gene_F_rbs	352.000000	0.000000	0.000000
749.999213	__gene_G_rbs	256.000000	0.000000	0.000000
749.999213	__gene_H_rbs	175.000000	0.000000	0.000000
749.999213	__gene_J_rbs	500.000000	0.000000	0.000000
749.999213	__gene_K_rbs	516.000000	0.000000	0.000000
749.999213	__ribosome	0.000000	0.000000	0.000000
749.999213	bound_ecolipol	1880.000000	0.000000	0.000000
749.999213	bound_ribosome	100.000000	0.000000	0.000000
749.999213	ecoli_genome	120.000000	0.000000	0.000000
749.999213	ecoli_transcript	56504.000000	0.000000	0.000000
749.999213	ecolipol	30.000000	0.000000	0.000000
749.999213	gene_A	311.000000	545.000000	0.003670
749.999213	gene_A*	224.000000	533.000000	0.007505
749.999213	gene_B	177.000000	524.000000	0.003817
749.999213	gene_C	176.000000	514.000000	0.001946
749.999213	gene_D	134.000000	510.000000	0.000000
749.999213	gene_E	160.000000	506.000000	0.001976
749.999213	gene_F	84.000000	352.000000	0.005682
749.999213	gene_G	35.000000	256.000000	0.066406
749.999213	gene_H	0.000000	175.000000	0.182857
749.999213	gene_J	103.000000	500.000000	0.076000
749.999213	gene_K	168.000000	516.000000	0.001938
749.999213	promoter_A	0.000000	0.000000	0.000000
749.999213	promoter_B1	0.000000	0.000000	0.000000
749.999213	promoter_D	0.000000	0.000000	0.000000
754.999118	__gene_A*_rbs	537.000000	0.000000	0.000000
754.999118	__gene_A_rbs	548.000000	0.000000	0.000000
754.999118	__gene_B_rbs	528.000000	0.000000	0.000000
754.999118	__gene_C_rbs	517.000000	0.000000	0.000000
754.999118	__gene_D_rbs	514.000000	0.000000	0.000000
754.999118	__gene_E_rbs	510.000000	0.000000	0.000000
754.999118	__gene_F_rbs	355.000000	0.000000	0.000000
754.999118	__gene_G_rbs	256.000000	0.000000	0.000000
754.999118	__gene_H_rbs	178.000000	0.000000	0.000000
754.999118	__gene_J_rbs	504.000000	0.000000	0.000000
754.999118	__gene_K_rbs	520.000000	0.000000	0.000000
754.999118	__ribosome	0.000000	0.000000	0.000000
754.999118	bound_ecolipol	1868.000000	0.000000	0.000000
754.999118	bound_ribosome	100.000000	0.000000	0.000000
754.999118	ecoli_genome	132.000000	0.000000	0.000000
754.999118	ecoli_transcript	56881.000000	0.000000	0.000000
754.999118	ecolipol	43.000000	0.000000	0.000000
754.999118	gene_A	311.000000	548.000000	0.003650
754.999118	gene_A*	225.000000	537.000000	0.005587
754.999118	gene_B	177.000000	528.000000	0.003788
754.999118	gene_C	176.000000	517.000000	0.001934
754.999118	gene_D	134.000000	514.000000	0.001946
754.999118	gene_E	161.000000	510.000000	0.000000
754.999118	gene_F	84.000000	355.000000	0.005634
754.999118	gene_G	35.000000	256.000000	0.070312
754.999118	gene_H	0.000000	178.000000	0.179775
754.999118	gene_J	103.000000	504.000000	0.075397
754.999118	gene_K	168.000000	520.000000	0.001923
754.999118	promoter_A	0.000000	0.000000	0.000000
754.999118	promoter_B1	0.000000	0.000000	0.000000
754.999118	promoter_D	0.000000	0.000000	0.000000
759.999088	__gene_A*_rbs	540.000000	0.000000	0.000000
759.999088	__gene_A_rbs	552.000000	0.000000	0.000000
759.999088	__gene_B_rbs	532.000000	0.000000	0.000000
759.999088	__gene_C_rbs	520.000000	0.000000	0.000000
759.999088	__gene_D_rbs	517.000000	0.000000	0.000000
759.999088	__gene_E_rbs	514.000000	0.000000	0.000000
759.999088	__gene_F_rbs	358.000000	0.000000	0.000000
759.999088	__gene_G_rbs	259.000000	0.000000	0.000000
759.999088	__gene_H_rbs	178.000000	0.000000	0.000000
759.999088	__gene_J_rbs	507.000000	0.000000	0.000000
759.999088	__gene_K_rbs	523.000000	0.000000	0.000000
759.999088	__ribosome	0.000000	0.000000	0.000000
759.999088	bound_ecolipol	1873.000000	0.000000	0.000000
759.999088	bound_ribosome	100.000000	0.000000	0.000000
759.999088	ecoli_genome	127.000000	0.000000	0.000000
759.999088	ecoli_transcript	57272.000000	0.000000	0.000000
759.999088	ecolipol	38.000000	0.000000	0.000000
759.999088	gene_A	311.000000	552.000000	0.003623
759.999088	gene_A*	226.000000	540.000000	0.007407
759.999088	gene_B	179.000000	532.000000	0.000000
759.999088	gene_C	177.000000	521.000000	0.005758
759.999088	gene_D	134.000000	517.000000	0.003868
759.999088	gene_E	161.000000	514.000000	0.000000
759.999088	gene_F	84.000000	358.000000	0.005587
759.999088	gene_G	36.000000	259.000000	0.065637
759.999088	gene_H	0.000000	178.000000	0.179775
759.999088	gene_J	103.000000	507.000000	0.074951
759.999088	gene_K	169.000000	523.000000	0.000000
759.999088	promoter_A	0.000000	0.000000	0.000000
759.999088	promoter_B1	0.000000	0.000000	0.000000
759.999088	promoter_D	0.000000	0.000000	0.000000
764.999118	__gene_A*_rbs	543.000000	0.000000	0.000000
764.999118	__gene_A_rbs	555.000000	0.000000	0.000000
764.999118	__gene_B_rbs	535.000000	0.000000	0.000000
764.999118	__gene_C_rbs	525.000000	0.000000	0.000000
764.999118	__gene_D_rbs	521.000000	0.000000	0.000000
764.999118	__gene_E_rbs	516.000000	0.000000	0.000000
764.999118	__gene_F_rbs	361.000000	0.000000	0.000000
764.999118	__gene_G_rbs	261.000000	0.000000	0.000000
764.999118	__gene_H_rbs	180.000000	0.000000	0.000000
764.999118	__gene_J_rbs	511.000000	0.000000	0.000000
764.999118	__gene_K_rbs	527.000000	0.000000	0.000000
764.999118	__ribosome	0.000000	0.000000	0.000000
764.999118	bound_ecolipol	1870.000000	0.000000	0.000000
764.999118	bound_ribosome	100.000000	0.000000	0.000000
764.999118	ecoli_genome	130.000000	0.000000	0.000000
764.999118	ecoli_transcript	57639.000000	0.000000	0.000000
764.999118	ecolipol	40.000000	0.000000	0.000000
764.999118	gene_A	311.000000	555.000000	0.003604
764.999118	gene_A*	226.000000	544.000000	0.009191
764.999118	gene_B	179.000000	535.000000	0.000000
764.999118	gene_C	179.000000	525.000000	0.001905
764.999118	gene_D	134.000000	521.000000	0.003839
764.999118	gene_E	161.000000	517.000000	0.001934
764.999118	gene_F	85.000000	361.000000	0.002770
764.999118	gene_G	36.000000	261.000000	0.065134
764.999118	gene_H	0.000000	180.000000	0.177778
764.999118	gene_J	103.000000	511.000000	0.074364
764.999118	gene_K	169.000000	527.000000	0.001898
764.999118	promoter_A	0.000000	0.000000	0.000000
764.999118	promoter_B1	0.000000	0.000000	0.000000
764.999118	promoter_D	0.000000	0.000000	0.000000
769.999115	__gene_A*_rbs	548.000000	0.000000	0.000000
769.999115	__gene_A_rbs	558.000000	0.000000	0.000000
769.999115	__gene_B_rbs	539.000000	0.000000	0.000000
769.999115	__gene_C_rbs	528.000000	0.000000	0.000000
769.999115	__gene_D_rbs	525.000000	0.000000	0.000000
769.999115	__gene_E_rbs	520.000000	0.000000	0.000000
769.999115	__gene_F_rbs	363.000000	0.000000	0.000000
769.999115	__gene_G_rbs	264.000000	0.000000	0.000000
769.999115	__gene_H_rbs	180.000000	0.000000	0.000000
769.999115	__gene_J_rbs	514.000000	0.000000	0.000000
769.999115	__gene_K_rbs	530.000000	0.000000	0.000000
769.999115	__ribosome	0.000000	0.000000	0.000000
769.999115	bound_ecolipol	1873.000000	0.000000	0.000000
769.999115	bound_ribosome	100.000000	0.000000	0.000000
769.999115	ecoli_genome	127.000000	0.000000	0.000000
769.999115	ecoli_transcript	58004.000000	0.000000	0.000000
769.999115	ecolipol	35.000000	0.000000	0.000000
769.999115	gene_A	311.000000	559.000000	0.005367
769.999115	gene_A*	227.000000	548.000000	0.007299
769.999115	gene_B	179.000000	539.000000	0.000000
769.999115	gene_C	180.000000	528.000000	0.001894
769.999115	gene_D	135.000000	525.000000	0.001905
769.999115	gene_E	161.000000	520.000000	0.003846
769.999115	gene_F	85.000000	363.000000	0.002755
769.999115	gene_G	37.000000	264.000000	0.060606
769.999115	gene_H	0.000000	180.000000	0.177778
769.999115	gene_J	103.000000	514.000000	0.073930
769.999115	gene_K	170.000000	531.000000	0.003766
769.999115	promoter_A	0.000000	0.000000	0.000000
769.999115	promoter_B1	0.000000	0.000000	0.000000
769.999115	promoter_D	0.000000	0.000000	0.000000
774.999025	__gene_A*_rbs	552.000000	0.000000	0.000000
774.999025	__gene_A_rbs	563.000000	0.000000	0.000000
774.999025	__gene_B_rbs	542.000000	0.000000	0.000000
774.999025	__gene_C_rbs	532.000000	0.000000	0.000000
774.999025	__gene_D_rbs	528.000000	0.000000	0.000000
774.999025	__gene_E_rbs	523.000000	0.000000	0.000000
774.999025	__gene_F_rbs	366.000000	0.000000	0.000000
774.999025	__gene_G_rbs	267.000000	0.000000	0.000000
774.999025	__gene_H_rbs	181.000000	0.000000	0.000000
774.999025	__gene_J_rbs	517.000000	0.000000	0.000000
774.999025	__gene_K_rbs	534.000000	0.000000	0.000000
774.999025	__ribosome	0.000000	0.000000	0.000000
774.999025	bound_ecolipol	1870.000000	0.000000	0.000000
774.999025	bound_ribosome	100.000000	0.000000	0.000000
774.999025	ecoli_genome	130.000000	0.000000	0.000000
774.999025	ecoli_transcript	58353.000000	0.000000	0.000000
774.999025	ecolipol	39.000000	0.000000	0.000000
774.999025	gene_A	311.000000	563.000000	0.005329
774.999025	gene_A*	228.000000	552.000000	0.005435
774.999025	gene_B	179.000000	542.000000	0.000000
774.999025	gene_C	180.000000	532.000000	0.003759
774.999025	gene_D	136.000000	528.000000	0.000000
774.999025	gene_E	161.000000	524.000000	0.005725
774.999025	gene_F	85.000000	366.000000	0.002732
774.999025	gene_G	37.000000	267.000000	0.063670
774.999025	gene_H	0.000000	181.000000	0.176796
774.999025	gene_J	103.000000	518.000000	0.073359
774.999025	gene_K	171.000000	534.000000	0.001873
774.999025	promoter_A	0.000000	0.000000	0.000000
774.999025	promoter_B1	0.000000	0.000000	0.000000
774.999025	promoter_D	0.000000	0.000000	0.000000
779.999018	__gene_A*_rbs	555.000000	0.000000	0.000000
779.999018	__gene_A_rbs	566.000000	0.000000	0.000000
779.999018	__gene_B_rbs	546.000000	0.000000	0.000000
779.999018	__gene_C_rbs	536.000000	0.000000	0.000000
779.999018	__gene_D_rbs	532.000000	0.000000	0.000000
779.999018	__gene_E_rbs	528.000000	0.000000	0.000000
779.999018	__gene_F_rbs	368.000000	0.000000	0.000000
779.999018	__gene_G_rbs	268.000000	0.000000	0.000000
779.999018	__gene_H_rbs	183.000000	0.000000	0.000000
779.999018	__gene_J_rbs	521.000000	0.000000	0.000000
779.999018	__gene_K_rbs	538.000000	0.000000	0.000000
779.999018	__ribosome	0.000000	0.000000	0.000000
779.999018	bound_ecolipol	1876.000000	0.000000	0.000000
779.999018	bound_ribosome	100.000000	0.000000	0.000000
779.999018	ecoli_genome	124.000000	0.000000	0.000000
779.999018	ecoli_transcript	58718.000000	0.000000	0.000000
779.999018	ecolipol	33.000000	0.000000	0.000000
779.999018	gene_A	311.000000	566.000000	0.005300
779.999018	gene_A*	228.000000	555.000000	0.010811
779.999018	gene_B	179.000000	546.000000	0.000000
779.999018	gene_C	181.000000	536.000000	0.003731
779.999018	gene_D	136.000000	532.000000	0.000000
779.999018	gene_E	163.000000	528.000000	0.001894
779.999018	gene_F	86.000000	368.000000	0.000000
779.999018	gene_G	37.000000	268.000000	0.063433
779.999018	gene_H	0.000000	183.000000	0.174863
779.999018	gene_J	103.000000	521.000000	0.074856
779.999018	gene_K	172.000000	538.000000	0.000000
779.999018	promoter_A	0.000000	0.000000	0.000000
779.999018	promoter_B1	0.000000	0.000000	0.000000
779.999018	promoter_D	0.000000	0.000000	0.000000
784.999250	__gene_A*_rbs	558.000000	0.000000	0.000000
784.999250	__gene_A_rbs	570.000000	0.000000	0.000000
784.999250	__gene_B_rbs	550.000000	0.000000	0.000000
784.999250	__gene_C_rbs	540.000000	0.000000	0.000000
784.999250	__gene_D_rbs	536.000000	0.000000	0.000000
784.999250	__gene_E_rbs	531.000000	0.000000	0.000000
784.999250	__gene_F_rbs	371.000000	0.000000	0.000000
784.999250	__gene_G_rbs	271.000000	0.000000	0.000000
784.999250	__gene_H_rbs	186.000000	0.000000	0.000000
784.999250	__gene_J_rbs	525.000000	0.000000	0.000000
784.999250	__gene_K_rbs	541.000000	0.000000	0.000000
784.999250	__ribosome	0.000000	0.000000	0.000000
784.999250	bound_ecolipol	1857.000000	0.000000	0.000000
784.999250	bound_ribosome	100.000000	0.000000	0.000000
784.999250	ecoli_genome	143.000000	0.000000	0.000000
784.999250	ecoli_transcript	59095.000000	0.000000	0.000000
784.999250	ecolipol	50.000000	0.000000	0.000000
784.999250	gene_A	311.000000	570.000000	0.005263
784.999250	gene_A*	228.000000	558.000000	0.010753
784.999250	gene_B	179.000000	550.000000	0.001818
784.999250	gene_C	182.000000	540.000000	0.001852
784.999250	gene_D	136.000000	536.000000	0.001866
784.999250	gene_E	164.000000	531.000000	0.000000
784.999250	gene_F	86.000000	371.000000	0.000000
784.999250	gene_G	37.000000	271.000000	0.062731
784.999250	gene_H	0.000000	186.000000	0.172043
784.999250	gene_J	103.000000	525.000000	0.074286
784.999250	gene_K	172.000000	541.000000	0.000000
784.999250	promoter_A	0.000000	0.000000	0.000000
784.999250	promoter_B1	0.000000	0.000000	0.000000
784.999250	promoter_D	0.000000	0.000000	0.000000
789.999060	__gene_A*_rbs	562.000000	0.000000	0.000000
789.999060	__gene_A_rbs	573.000000	0.000000	0.000000
789.999060	__gene_B_rbs	554.000000	0.000000	0.000000
789.999060	__gene_C_rbs	544.000000	0.000000	0.000000
789.999060	__gene_D_rbs	539.000000	0.000000	0.000000
789.999060	__gene_E_rbs	535.000000	0.000000	0.000000
789.999060	__gene_F_rbs	375.000000	0.000000	0.000000
789.999060	__gene_G_rbs	273.000000	0.000000	0.000000
789.999060	__gene_H_rbs	187.000000	0.000000	0.000000
789.999060	__gene_J_rbs	528.000000	0.000000	0.000000
789.999060	__gene_K_rbs	545.000000	0.000000	0.000000
789.999060	__ribosome	0.000000	0.000000	0.000000
789.999060	bound_ecolipol	1868.000000	0.000000	0.000000
789.999060	bound_ribosome	100.000000	0.000000	0.000000
789.999060	ecoli_genome	132.000000	0.000000	0.000000
789.999060	ecoli_transcript	59487.000000	0.000000	0.000000
789.999060	ecolipol	39.000000	0.000000	0.000000
789.999060	gene_A	311.000000	573.000000	0.005236
789.999060	gene_A*	228.000000	562.000000	0.010676
789.999060	gene_B	179.000000	554.000000	0.001805
789.999060	gene_C	183.000000	544.000000	0.000000
789.999060	gene_D	136.000000	539.000000	0.003711
789.999060	gene_E	164.000000	535.000000	0.000000
789.999060	gene_F	86.000000	375.000000	0.000000
789.999060	gene_G	37.000000	273.000000	0.062271
789.999060	gene_H	0.000000	187.000000	0.171123
789.999060	gene_J	103.000000	528.000000	0.073864
789.999060	gene_K	172.000000	545.000000	0.000000
789.999060	promoter_A	0.000000	0.000000	0.000000
789.999060	promoter_B1	0.000000	0.000000	0.000000
789.999060	promoter_D	0.000000	0.000000	0.000000
794.999216	__gene_A*_rbs	566.000000	0.000000	0.000000
794.999216	__gene_A_rbs	577.000000	0.000000	0.000000
794.999216	__gene_B_rbs	557.000000	0.000000	0.000000
794.999216	__gene_C_rbs	547.000000	0.000000	0.000000
794.999216	__gene_D_rbs	543.000000	0.000000	0.000000
794.999216	__gene_E_rbs	539.000000	0.000000	0.000000
794.999216	__gene_F_rbs	377.000000	0.000000	0.000000
794.999216	__gene_G_rbs	275.000000	0.000000	0.000000
794.999216	__gene_H_rbs	188.000000	0.000000	0.000000
794.999216	__gene_J_rbs	532.000000	0.000000	0.000000
794.999216	__gene_K_rbs	549.000000	0.000000	0.000000
794.999216	__ribosome	0.000000	0.000000	0.000000
794.999216	bound_ecolipol	1871.000000	0.000000	0.000000
794.999216	bound_ribosome	100.000000	0.000000	0.000000
794.999216	ecoli_genome	129.000000	0.000000	0.000000
794.999216	ecoli_transcript	59867.000000	0.000000	0.000000
794.999216	ecolipol	35.000000	0.000000	0.000000
794.999216	gene_A	312.000000	577.000000	0.005199
794.999216	gene_A*	230.000000	566.000000	0.008834
794.999216	gene_B	179.000000	557.000000	0.003591
794.999216	gene_C	183.000000	547.000000	0.000000
794.999216	gene_D	136.000000	543.000000	0.003683
794.999216	gene_E	164.000000	539.000000	0.000000
794.999216	gene_F	86.000000	377.000000	0.000000
794.999216	gene_G	37.000000	275.000000	0.061818
794.999216	gene_H	0.000000	188.000000	0.170213
794.999216	gene_J	103.000000	532.000000	0.073308
794.999216	gene_K	172.000000	549.000000	0.000000
794.999216	promoter_A	0.000000	0.000000	0.000000
794.999216	promoter_B1	0.000000	0.000000	0.000000
794.999216	promoter_D	0.000000	0.000000	0.000000
799.999078	__gene_A*_rbs	569.000000	0.000000	0.000000
799.999078	__gene_A_rbs	581.000000	0.000000	0.000000
799.999078	__gene_B_rbs	561.000000	0.000000	0.000000
799.999078	__gene_C_rbs	551.000000	0.000000	0.000000
799.999078	__gene_D_rbs	547.000000	0.000000	0.000000
799.999078	__gene_E_rbs	543.000000	0.000000	0.000000
799.999078	__gene_F_rbs	379.000000	0.000000	0.000000
799.999078	__gene_G_rbs	277.000000	0.000000	0.000000
799.999078	__gene_H_rbs	191.000000	0.000000	0.000000
799.999078	__gene_J_rbs	536.000000	0.000000	0.000000
799.999078	__gene_K_rbs	553.000000	0.000000	0.000000
799.999078	__ribosome	0.000000	0.000000	0.000000
799.999078	bound_ecolipol	1864.000000	0.000000	0.000000
799.999078	bound_ribosome	100.000000	0.000000	0.000000
799.999078	ecoli_genome	136.000000	0.000000	0.000000
799.999078	ecoli_transcript	60267.000000	0.000000	0.000000
799.999078	ecolipol	43.000000	0.000000	0.000000
799.999078	gene_A	313.000000	581.000000	0.005164
799.999078	gene_A*	231.000000	569.000000	0.007030
799.999078	gene_B	180.000000	561.000000	0.001783
799.999078	gene_C	183.000000	551.000000	0.000000
799.999078	gene_D	137.000000	547.000000	0.003656
799.999078	gene_E	164.000000	543.000000	0.000000
799.999078	gene_F	86.000000	379.000000	0.000000
799.999078	gene_G	37.000000	277.000000	0.061372
799.999078	gene_H	0.000000	191.000000	0.172775
799.999078	gene_J	103.000000	536.000000	0.074627
799.999078	gene_K	172.000000	553.000000	0.000000
799.999078	promoter_A	0.000000	0.000000	0.000000
799.999078	promoter_B1	0.000000	0.000000	0.000000
799.999078	promoter_D	0.000000	0.000000	0.000000
804.999136	__gene_A*_rbs	573.000000	0.000000	0.000000
804.999136	__gene_A_rbs	584.000000	0.000000	0.000000
804.999136	__gene_B_rbs	564.000000	0.000000	0.000000
804.999136	__gene_C_rbs	555.000000	0.000000	0.000000
804.999136	__gene_D_rbs	551.000000	0.000000	0.000000
804.999136	__gene_E_rbs	546.000000	0.000000	0.000000
804.999136	__gene_F_rbs	383.000000	0.000000	0.000000
804.999136	__gene_G_rbs	279.000000	0.000000	0.000000
804.999136	__gene_H_rbs	191.000000	0.000000	0.000000
804.999136	__gene_J_rbs	540.000000	0.000000	0.000000
804.999136	__gene_K_rbs	556.000000	0.000000	0.000000
804.999136	__ribosome	0.000000	0.000000	0.000000
804.999136	bound_ecolipol	1867.000000	0.000000	0.000000
804.999136	bound_ribosome	100.000000	0.000000	0.000000
804.999136	ecoli_genome	133.000000	0.000000	0.000000
804.999136	ecoli_transcript	60617.000000	0.000000	0.000000
804.999136	ecolipol	41.000000	0.000000	0.000000
804.999136	gene_A	313.000000	584.000000	0.005137
804.999136	gene_A*	231.000000	573.000000	0.006981
804.999136	gene_B	181.000000	565.000000	0.000000
804.999136	gene_C	183.000000	555.000000	0.000000
804.999136	gene_D	138.000000	551.000000	0.001815
804.999136	gene_E	164.000000	547.000000	0.000000
804.999136	gene_F	86.000000	383.000000	0.000000
804.999136	gene_G	37.000000	279.000000	0.060932
804.999136	gene_H	0.000000	191.000000	0.172775
804.999136	gene_J	103.000000	540.000000	0.075926
804.999136	gene_K	172.000000	556.000000	0.001799
804.999136	promoter_A	0.000000	0.000000	0.000000
804.999136	promoter_B1	0.000000	0.000000	0.000000
804.999136	promoter_D	0.000000	0.000000	0.000000
809.999265	__gene_A*_rbs	577.000000	0.000000	0.000000
809.999265	__gene_A_rbs	588.000000	0.000000	0.000000
809.999265	__gene_B_rbs	567.000000	0.000000	0.000000
809.999265	__gene_C_rbs	558.000000	0.000000	0.000000
809.999265	__gene_D_rbs	554.000000	0.000000	0.000000
809.999265	__gene_E_rbs	550.000000	0.000000	0.000000
809.999265	__gene_F_rbs	386.000000	0.000000	0.000000
809.999265	__gene_G_rbs	281.000000	0.000000	0.000000
809.999265	__gene_H_rbs	190.000000	0.000000	0.000000
809.999265	__gene_J_rbs	543.000000	0.000000	0.000000
809.999265	__gene_K_rbs	560.000000	0.000000	0.000000
809.999265	__ribosome	0.000000	0.000000	0.000000
809.999265	bound_ecolipol	1880.000000	0.000000	0.000000
809.999265	bound_ribosome	100.000000	0.000000	0.000000
809.999265	ecoli_genome	120.000000	0.000000	0.000000
809.999265	ecoli_transcript	60982.000000	0.000000	0.000000
809.999265	ecolipol	28.000000	0.000000	0.000000
809.999265	gene_A	313.000000	588.000000	0.005102
809.999265	gene_A*	232.000000	577.000000	0.006932
809.999265	gene_B	181.000000	568.000000	0.001761
809.999265	gene_C	183.000000	558.000000	0.000000
809.999265	gene_D	138.000000	554.000000	0.001805
809.999265	gene_E	164.000000	550.000000	0.000000
809.999265	gene_F	86.000000	386.000000	0.000000
809.999265	gene_G	37.000000	281.000000	0.060498
809.999265	gene_H	0.000000	191.000000	0.178010
809.999265	gene_J	104.000000	543.000000	0.073665
809.999265	gene_K	173.000000	560.000000	0.000000
809.999265	promoter_A	0.000000	0.000000	0.000000
809.999265	promoter_B1	0.000000	0.000000	0.000000
809.999265	promoter_D	0.000000	0.000000	0.000000
814.999024	__gene_A*_rbs	580.000000	0.000000	0.000000
814.999024	__gene_A_rbs	592.000000	0.000000	0.000000
814.999024	__gene_B_rbs	572.000000	0.000000	0.000000
814.999024	__gene_C_rbs	561.000000	0.000000	0.000000
814.999024	__gene_D_rbs	558.000000	0.000000	0.000000
814.999024	__gene_E_rbs	554.000000	0.000000	0.000000
814.999024	__gene_F_rbs	389.000000	0.000000	0.000000
814.999024	__gene_G_rbs	283.000000	0.000000	0.000000
814.999024	__gene_H_rbs	192.000000	0.000000	0.000000
814.999024	__gene_J_rbs	547.000000	0.000000	0.000000
814.999024	__gene_K_rbs	563.000000	0.000000	0.000000
814.999024	__ribosome	0.000000	0.000000	0.000000
814.999024	bound_ecolipol	1871.000000	0.000000	0.000000
814.999024	bound_ribosome	100.000000	0.000000	0.000000
814.999024	ecoli_genome	129.000000	0.000000	0.000000
814.999024	ecoli_transcript	61398.000000	0.000000	0.000000
814.999024	ecolipol	39.000000	0.000000	0.000000
814.999024	gene_A	313.000000	592.000000	0.005068
814.999024	gene_A*	234.000000	580.000000	0.003448
814.999024	gene_B	181.000000	572.000000	0.003497
814.999024	gene_C	183.000000	561.000000	0.000000
814.999024	gene_D	139.000000	558.000000	0.001792
814.999024	gene_E	164.000000	554.000000	0.000000
814.999024	gene_F	86.000000	389.000000	0.000000
814.999024	gene_G	37.000000	283.000000	0.060071
814.999024	gene_H	0.000000	192.000000	0.182292
814.999024	gene_J	104.000000	547.000000	0.073126
814.999024	gene_K	173.000000	563.000000	0.000000
814.999024	promoter_A	0.000000	0.000000	0.000000
814.999024	promoter_B1	0.000000	0.000000	0.000000
814.999024	promoter_D	0.000000	0.000000	0.000000
819.999614	__gene_A*_rbs	583.000000	0.000000	0.000000
819.999614	__gene_A_rbs	595.000000	0.000000	0.000000
819.999614	__gene_B_rbs	575.000000	0.000000	0.000000
819.999614	__gene_C_rbs	563.000000	0.000000	0.000000
819.999614	__gene_D_rbs	561.000000	0.000000	0.000000
819.999614	__gene_E_rbs	558.000000	0.000000	0.000000
819.999614	__gene_F_rbs	392.000000	0.000000	0.000000
819.999614	__gene_G_rbs	285.000000	0.000000	0.000000
819.999614	__gene_H_rbs	193.000000	0.000000	0.000000
819.999614	__gene_J_rbs	551.000000	0.000000	0.000000
819.999614	__gene_K_rbs	566.000000	0.000000	0.000000
819.999614	__ribosome	0.000000	0.000000	0.000000
819.999614	bound_ecolipol	1885.000000	0.000000	0.000000
819.999614	bound_ribosome	100.000000	0.000000	0.000000
819.999614	ecoli_genome	115.000000	0.000000	0.000000
819.999614	ecoli_transcript	61748.000000	0.000000	0.000000
819.999614	ecolipol	27.000000	0.000000	0.000000
819.999614	gene_A	313.000000	595.000000	0.005042
819.999614	gene_A*	234.000000	583.000000	0.003431
819.999614	gene_B	181.000000	575.000000	0.003478
819.999614	gene_C	183.000000	564.000000	0.000000
819.999614	gene_D	139.000000	561.000000	0.001783
819.999614	gene_E	164.000000	558.000000	0.000000
819.999614	gene_F	86.000000	392.000000	0.000000
819.999614	gene_G	37.000000	285.000000	0.059649
819.999614	gene_H	0.000000	193.000000	0.181347
819.999614	gene_J	104.000000	551.000000	0.072595
819.999614	gene_K	173.000000	566.000000	0.000000
819.999614	promoter_A	0.000000	0.000000	0.000000
819.999614	promoter_B1	0.000000	0.000000	0.000000
819.999614	promoter_D	0.000000	0.000000	0.000000
824.999000	__gene_A*_rbs	588.000000	0.000000	0.000000
824.999000	__gene_A_rbs	599.000000	0.000000	0.000000
824.999000	__gene_B_rbs	578.000000	0.000000	0.000000
824.999000	__gene_C_rbs	567.000000	0.000000	0.000000
824.999000	__gene_D_rbs	565.000000	0.000000	0.000000
824.999000	__gene_E_rbs	561.000000	0.000000	0.000000
824.999000	__gene_F_rbs	395.000000	0.000000	0.000000
824.999000	__gene_G_rbs	287.000000	0.000000	0.000000
824.999000	__gene_H_rbs	194.000000	0.000000	0.000000
824.999000	__gene_J_rbs	555.000000	0.000000	0.000000
824.999000	__gene_K_rbs	570.000000	0.000000	0.000000
824.999000	__ribosome	0.000000	0.000000	0.000000
824.999000	bound_ecolipol	1868.000000	0.000000	0.000000
824.999000	bound_ribosome	100.000000	0.000000	0.000000
824.999000	ecoli_genome	132.000000	0.000000	0.000000
824.999000	ecoli_transcript	62124.000000	0.000000	0.000000
824.999000	ecolipol	45.000000	0.000000	0.000000
824.999000	gene_A	314.000000	599.000000	0.003339
824.999000	gene_A*	234.000000	588.000000	0.003401
824.999000	gene_B	183.000000	579.000000	0.001727
824.999000	gene_C	183.000000	568.000000	0.001761
824.999000	gene_D	139.000000	565.000000	0.001770
824.999000	gene_E	164.000000	561.000000	0.000000
824.999000	gene_F	86.000000	395.000000	0.000000
824.999000	gene_G	37.000000	287.000000	0.059233
824.999000	gene_H	0.000000	194.000000	0.185567
824.999000	gene_J	104.000000	555.000000	0.072072
824.999000	gene_K	173.000000	570.000000	0.000000
824.999000	promoter_A	1.000000	0.000000	0.000000
824.999000	promoter_B1	0.000000	0.000000	0.000000
824.999000	promoter_D	0.000000	0.000000	0.000000
829.999696	__gene_A*_rbs	591.000000	0.000000	0.000000
829.999696	__gene_A_rbs	603.000000	0.000000	0.000000
829.999696	__gene_B_rbs	582.000000	0.000000	0.000000
829.999696	__gene_C_rbs	572.000000	0.000000	0.000000
829.999696	__gene_D_rbs	568.000000	0.000000	0.000000
829.999696	__gene_E_rbs	564.000000	0.000000	0.000000
829.999696	__gene_F_rbs	396.000000	0.000000	0.000000
829.999696	__gene_G_rbs	288.000000	0.000000	0.000000
829.999696	__gene_H_rbs	196.000000	0.000000	0.000000
829.999696	__gene_J_rbs	558.000000	0.000000	0.000000
829.999696	__gene_K_rbs	574.000000	0.000000	0.000000
829.999696	__ribosome	0.000000	0.000000	0.000000
829.999696	bound_ecolipol	1881.000000	0.000000	0.000000
829.999696	bound_ribosome	100.000000	0.000000	0.000000
829.999696	ecoli_genome	119.000000	0.000000	0.000000
829.999696	ecoli_transcript	62501.000000	0.000000	0.000000
829.999696	ecolipol	32.000000	0.000000	0.000000
829.999696	gene_A	314.000000	603.000000	0.003317
829.999696	gene_A*	235.000000	591.000000	0.001692
829.999696	gene_B	183.000000	582.000000	0.001718
829.999696	gene_C	184.000000	572.000000	0.000000
829.999696	gene_D	140.000000	568.000000	0.000000
829.999696	gene_E	164.000000	564.000000	0.001773
829.999696	gene_F	86.000000	396.000000	0.000000
829.999696	gene_G	37.000000	288.000000	0.059028
829.999696	gene_H	0.000000	196.000000	0.183673
829.999696	gene_J	104.000000	558.000000	0.073477
829.999696	gene_K	173.000000	574.000000	0.001742
829.999696	promoter_A	0.000000	0.000000	0.000000
829.999696	promoter_B1	0.000000	0.000000	0.000000
829.999696	promoter_D	0.000000	0.000000	0.000000
834.999379	__gene_A*_rbs	595.000000	0.000000	0.000000
834.999379	__gene_A_rbs	606.000000	0.000000	0.000000
834.999379	__gene_B_rbs	586.000000	0.000000	0.000000
834.999379	__gene_C_rbs	576.000000	0.000000	0.000000
834.999379	__gene_D_rbs	572.000000	0.000000	0.000000
834.999379	__gene_E_rbs	568.000000	0.000000	0.000000
834.999379	__gene_F_rbs	399.000000	0.000000	0.000000
834.999379	__gene_G_rbs	289.000000	0.000000	0.000000
834.999379	__gene_H_rbs	196.000000	0.000000	0.000000
834.999379	__gene_J_rbs	562.000000	0.000000	0.000000
834.999379	__gene_K_rbs	578.000000	0.000000	0.000000
834.999379	__ribosome	0.000000	0.000000	0.000000
834.999379	bound_ecolipol	1882.000000	0.000000	0.000000
834.999379	bound_ribosome	100.000000	0.000000	0.000000
834.999379	ecoli_genome	118.000000	0.000000	0.000000
834.999379	ecoli_transcript	62841.000000	0.000000	0.000000
834.999379	ecolipol	31.000000	0.000000	0.000000
834.999379	gene_A	314.000000	606.000000	0.003300
834.999379	gene_A*	235.000000	595.000000	0.001681
834.999379	gene_B	184.000000	586.000000	0.000000
834.999379	gene_C	184.000000	576.000000	0.000000
834.999379	gene_D	140.000000	572.000000	0.001748
834.999379	gene_E	165.000000	568.000000	0.001761
834.999379	gene_F	86.000000	399.000000	0.000000
834.999379	gene_G	37.000000	289.000000	0.062284
834.999379	gene_H	0.000000	196.000000	0.183673
834.999379	gene_J	105.000000	562.000000	0.071174
834.999379	gene_K	173.000000	578.000000	0.001730
834.999379	promoter_A	0.000000	0.000000	0.000000
834.999379	promoter_B1	0.000000	0.000000	0.000000
834.999379	promoter_D	0.000000	0.000000	0.000000
839.999000	__gene_A*_rbs	597.000000	0.000000	0.000000
839.999000	__gene_A_rbs	610.000000	0.000000	0.000000
839.999000	__gene_B_rbs	590.000000	0.000000	0.000000
839.999000	__gene_C_rbs	578.000000	0.000000	0.000000
839.999000	__gene_D_rbs	575.000000	0.000000	0.000000
839.999000	__gene_E_rbs	571.000000	0.000000	0.000000
839.999000	__gene_F_rbs	401.000000	0.000000	0.000000
839.999000	__gene_G_rbs	292.000000	0.000000	0.000000
839.999000	__gene_H_rbs	197.000000	0.000000	0.000000
839.999000	__gene_J_rbs	565.000000	0.000000	0.000000
839.999000	__gene_K_rbs	582.000000	0.000000	0.000000
839.999000	__ribosome	0.000000	0.000000	0.000000
839.999000	bound_ecolipol	1878.000000	0.000000	0.000000
839.999000	bound_ribosome	100.000000	0.000000	0.000000
839.999000	ecoli_genome	122.000000	0.000000	0.000000
839.999000	ecoli_transcript	63213.000000	0.000000	0.000000
839.999000	ecolipol	33.000000	0.000000	0.000000
839.999000	gene_A	314.000000	610.000000	0.003279
839.999000	gene_A*	235.000000	597.000000	0.003350
839.999000	gene_B	184.000000	590.000000	0.000000
839.999000	gene_C	184.000000	579.000000	0.000000
839.999000	gene_D	140.000000	575.000000	0.001739
839.999000	gene_E	165.000000	571.000000	0.001751
839.999000	gene_F	86.000000	401.000000	0.000000
839.999000	gene_G	37.000000	292.000000	0.061644
839.999000	gene_H	0.000000	197.000000	0.182741
839.999000	gene_J	106.000000	565.000000	0.070796
839.999000	gene_K	174.000000	582.000000	0.000000
839.999000	promoter_A	0.000000	0.000000	0.000000
839.999000	promoter_B1	0.000000	0.000000	0.000000
839.999000	promoter_D	0.000000	0.000000	0.000000
844.999093	__gene_A*_rbs	601.000000	0.000000	0.000000
844.999093	__gene_A_rbs	614.000000	0.000000	0.000000
844.999093	__gene_B_rbs	593.000000	0.000000	0.000000
844.999093	__gene_C_rbs	583.000000	0.000000	0.000000
844.999093	__gene_D_rbs	579.000000	0.000000	0.000000
844.999093	__gene_E_rbs	575.000000	0.000000	0.000000
844.999093	__gene_F_rbs	403.000000	0.000000	0.000000
844.999093	__gene_G_rbs	294.000000	0.000000	0.000000
844.999093	__gene_H_rbs	198.000000	0.000000	0.000000
844.999093	__gene_J_rbs	569.000000	0.000000	0.000000
844.999093	__gene_K_rbs	585.000000	0.000000	0.000000
844.999093	__ribosome	0.000000	0.000000	0.000000
844.999093	bound_ecolipol	1876.000000	0.000000	0.000000
844.999093	bound_ribosome	100.000000	0.000000	0.000000
844.999093	ecoli_genome	124.000000	0.000000	0.000000
844.999093	ecoli_transcript	63593.000000	0.000000	0.000000
844.999093	ecolipol	36.000000	0.000000	0.000000
844.999093	gene_A	315.000000	614.000000	0.001629
844.999093	gene_A*	236.000000	601.000000	0.001664
844.999093	gene_B	184.000000	593.000000	0.000000
844.999093	gene_C	184.000000	583.000000	0.001715
844.999093	gene_D	140.000000	579.000000	0.001727
844.999093	gene_E	166.000000	575.000000	0.000000
844.999093	gene_F	86.000000	403.000000	0.000000
844.999093	gene_G	37.000000	294.000000	0.064626
844.999093	gene_H	0.000000	198.000000	0.181818
844.999093	gene_J	106.000000	569.000000	0.072056
844.999093	gene_K	174.000000	585.000000	0.000000
844.999093	promoter_A	1.000000	0.000000	0.000000
844.999093	promoter_B1	0.000000	0.000000	0.000000
844.999093	promoter_D	0.000000	0.000000	0.000000
849.999050	__gene_A*_rbs	605.000000	0.000000	0.000000
849.999050	__gene_A_rbs	618.000000	0.000000	0.000000
849.999050	__gene_B_rbs	597.000000	0.000000	0.000000
849.999050	__gene_C_rbs	586.000000	0.000000	0.000000
849.999050	__gene_D_rbs	583.000000	0.000000	0.000000
849.999050	__gene_E_rbs	579.000000	0.000000	0.000000
849.999050	__gene_F_rbs	405.000000	0.000000	0.000000
849.999050	__gene_G_rbs	297.000000	0.000000	0.000000
849.999050	__gene_H_rbs	199.000000	0.000000	0.000000
849.999050	__gene_J_rbs	572.000000	0.000000	0.000000
849.999050	__gene_K_rbs	589.000000	0.000000	0.000000
849.999050	__ribosome	0.000000	0.000000	0.000000
849.999050	bound_ecolipol	1872.000000	0.000000	0.000000
849.999050	bound_ribosome	100.000000	0.000000	0.000000
849.999050	ecoli_genome	128.000000	0.000000	0.000000
849.999050	ecoli_transcript	63956.000000	0.000000	0.000000
849.999050	ecolipol	38.000000	0.000000	0.000000
849.999050	gene_A	315.000000	618.000000	0.001618
849.999050	gene_A*	236.000000	605.000000	0.001653
849.999050	gene_B	184.000000	597.000000	0.000000
849.999050	gene_C	184.000000	587.000000	0.001704
849.999050	gene_D	141.000000	583.000000	0.000000
849.999050	gene_E	166.000000	579.000000	0.000000
849.999050	gene_F	86.000000	406.000000	0.002463
849.999050	gene_G	37.000000	297.000000	0.063973
849.999050	gene_H	0.000000	199.000000	0.180905
849.999050	gene_J	106.000000	572.000000	0.071678
849.999050	gene_K	174.000000	589.000000	0.000000
849.999050	promoter_A	0.000000	0.000000	0.000000
849.999050	promoter_B1	0.000000	0.000000	0.000000
849.999050	promoter_D	0.000000	0.000000	0.000000
854.999271	__gene_A*_rbs	609.000000	0.000000	0.000000
854.999271	__gene_A_rbs	621.000000	0.000000	0.000000
854.999271	__gene_B_rbs	601.000000	0.000000	0.000000
854.999271	__gene_C_rbs	590.000000	0.000000	0.000000
854.999271	__gene_D_rbs	586.000000	0.000000	0.000000
854.999271	__gene_E_rbs	582.000000	0.000000	0.000000
854.999271	__gene_F_rbs	408.000000	0.000000	0.000000
854.999271	__gene_G_rbs	299.000000	0.000000	0.000000
854.999271	__gene_H_rbs	199.000000	0.000000	0.000000
854.999271	__gene_J_rbs	576.000000	0.000000	0.000000
854.999271	__gene_K_rbs	593.000000	0.000000	0.000000
854.999271	__ribosome	0.000000	0.000000	0.000000
854.999271	bound_ecolipol	1870.000000	0.000000	0.000000
854.999271	bound_ribosome	100.000000	0.000000	0.000000
854.999271	ecoli_genome	130.000000	0.000000	0.000000
854.999271	ecoli_transcript	64372.000000	0.000000	0.000000
854.999271	ecolipol	43.000000	0.000000	0.000000
854.999271	gene_A	316.000000	621.000000	0.003221
854.999271	gene_A*	236.000000	609.000000	0.001642
854.999271	gene_B	184.000000	601.000000	0.000000
854.999271	gene_C	185.000000	590.000000	0.000000
854.999271	gene_D	141.000000	586.000000	0.001706
854.999271	gene_E	166.000000	582.000000	0.000000
854.999271	gene_F	86.000000	408.000000	0.002451
854.999271	gene_G	38.000000	299.000000	0.060201
854.999271	gene_H	0.000000	199.000000	0.180905
854.999271	gene_J	106.000000	576.000000	0.071181
854.999271	gene_K	174.000000	593.000000	0.000000
854.999271	promoter_A	0.000000	0.000000	0.000000
854.999271	promoter_B1	0.000000	0.000000	0.000000
854.999271	promoter_D	0.000000	0.000000	0.000000
859.999006	__gene_A*_rbs	613.000000	0.000000	0.000000
859.999006	__gene_A_rbs	625.000000	0.000000	0.000000
859.999006	__gene_B_rbs	604.000000	0.000000	0.000000
859.999006	__gene_C_rbs	594.000000	0.000000	0.000000
859.999006	__gene_D_rbs	589.000000	0.000000	0.000000
859.999006	__gene_E_rbs	586.000000	0.000000	0.000000
859.999006	__gene_F_rbs	411.000000	0.000000	0.000000
859.999006	__gene_G_rbs	302.000000	0.000000	0.000000
859.999006	__gene_H_rbs	202.000000	0.000000	0.000000
859.999006	__gene_J_rbs	580.000000	0.000000	0.000000
859.999006	__gene_K_rbs	596.000000	0.000000	0.000000
859.999006	__ribosome	0.000000	0.000000	0.000000
859.999006	bound_ecolipol	1867.000000	0.000000	0.000000
859.999006	bound_ribosome	100.000000	0.000000	0.000000
859.999006	ecoli_genome	133.000000	0.000000	0.000000
859.999006	ecoli_transcript	64760.000000	0.000000	0.000000
859.999006	ecolipol	43.000000	0.000000	0.000000
859.999006	gene_A	316.000000	625.000000	0.003200
859.999006	gene_A*	236.000000	613.000000	0.003263
859.999006	gene_B	184.000000	604.000000	0.000000
859.999006	gene_C	185.000000	594.000000	0.000000
859.999006	gene_D	141.000000	589.000000	0.001698
859.999006	gene_E	166.000000	586.000000	0.000000
859.999006	gene_F	86.000000	411.000000	0.002433
859.999006	gene_G	39.000000	302.000000	0.056291
859.999006	gene_H	0.000000	202.000000	0.178218
859.999006	gene_J	106.000000	580.000000	0.070690
859.999006	gene_K	174.000000	596.000000	0.000000
859.999006	promoter_A	0.000000	0.000000	0.000000
859.999006	promoter_B1	0.000000	0.000000	0.000000
859.999006	promoter_D	0.000000	0.000000	0.000000
864.999103	__gene_A*_rbs	616.000000	0.000000	0.000000
864.999103	__gene_A_rbs	629.000000	0.000000	0.000000
864.999103	__gene_B_rbs	608.000000	0.000000	0.000000
864.999103	__gene_C_rbs	598.000000	0.000000	0.000000
864.999103	__gene_D_rbs	594.000000	0.000000	0.000000
864.999103	__gene_E_rbs	589.000000	0.000000	0.000000
864.999103	__gene_F_rbs	414.000000	0.000000	0.000000
864.999103	__gene_G_rbs	304.000000	0.000000	0.000000
864.999103	__gene_H_rbs	204.000000	0.000000	0.000000
864.999103	__gene_J_rbs	584.000000	0.000000	0.000000
864.999103	__gene_K_rbs	600.000000	0.000000	0.000000
864.999103	__ribosome	0.000000	0.000000	0.000000
864.999103	bound_ecolipol	1876.000000	0.000000	0.000000
864.999103	bound_ribosome	100.000000	0.000000	0.000000
864.999103	ecoli_genome	124.000000	0.000000	0.000000
864.999103	ecoli_transcript	65134.000000	0.000000	0.000000
864.999103	ecolipol	33.000000	0.000000	0.000000
864.999103	gene_A	316.000000	629.000000	0.003180
864.999103	gene_A*	236.000000	616.000000	0.003247
864.999103	gene_B	184.000000	608.000000	0.000000
864.999103	gene_C	185.000000	598.000000	0.000000
864.999103	gene_D	141.000000	594.000000	0.001684
864.999103	gene_E	166.000000	589.000000	0.000000
864.999103	gene_F	86.000000	414.000000	0.002415
864.999103	gene_G	39.000000	304.000000	0.055921
864.999103	gene_H	0.000000	204.000000	0.176471
864.999103	gene_J	106.000000	584.000000	0.070205
864.999103	gene_K	174.000000	600.000000	0.000000
864.999103	promoter_A	1.000000	0.000000	0.000000
864.999103	promoter_B1	0.000000	0.000000	0.000000
864.999103	promoter_D	0.000000	0.000000	0.000000
869.999348	__gene_A*_rbs	620.000000	0.000000	0.000000
869.999348	__gene_A_rbs	633.000000	0.000000	0.000000
869.999348	__gene_B_rbs	612.000000	0.000000	0.000000
869.999348	__gene_C_rbs	602.000000	0.000000	0.000000
869.999348	__gene_D_rbs	597.000000	0.000000	0.000000
869.999348	__gene_E_rbs	593.000000	0.000000	0.000000
869.999348	__gene_F_rbs	418.000000	0.000000	0.000000
869.999348	__gene_G_rbs	305.000000	0.000000	0.000000
869.999348	__gene_H_rbs	206.000000	0.000000	0.000000
869.999348	__gene_J_rbs	587.000000	0.000000	0.000000
869.999348	__gene_K_rbs	604.000000	0.000000	0.000000
869.999348	__ribosome	0.000000	0.000000	0.000000
869.999348	bound_ecolipol	1884.000000	0.000000	0.000000
869.999348	bound_ribosome	100.000000	0.000000	0.000000
869.999348	ecoli_genome	116.000000	0.000000	0.000000
869.999348	ecoli_transcript	65464.000000	0.000000	0.000000
869.999348	ecolipol	24.000000	0.000000	0.000000
869.999348	gene_A	316.000000	633.000000	0.003160
869.999348	gene_A*	236.000000	620.000000	0.003226
869.999348	gene_B	184.000000	612.000000	0.000000
869.999348	gene_C	185.000000	602.000000	0.000000
869.999348	gene_D	142.000000	597.000000	0.000000
869.999348	gene_E	166.000000	593.000000	0.000000
869.999348	gene_F	86.000000	418.000000	0.002392
869.999348	gene_G	39.000000	305.000000	0.055738
869.999348	gene_H	0.000000	206.000000	0.179612
869.999348	gene_J	106.000000	587.000000	0.069847
869.999348	gene_K	174.000000	604.000000	0.000000
869.999348	promoter_A	0.000000	0.000000	0.000000
869.999348	promoter_B1	0.000000	0.000000	0.000000
869.999348	promoter_D	0.000000	0.000000	0.000000
874.999011	__gene_A*_rbs	624.000000	0.000000	0.000000
874.999011	__gene_A_rbs	637.000000	0.000000	0.000000
874.999011	__gene_B_rbs	615.000000	0.000000	0.000000
874.999011	__gene_C_rbs	605.000000	0.000000	0.000000
874.999011	__gene_D_rbs	601.000000	0.000000	0.000000
874.999011	__gene_E_rbs	597.000000	0.000000	0.000000
874.999011	__gene_F_rbs	420.000000	0.000000	0.000000
874.999011	__gene_G_rbs	307.000000	0.000000	0.000000
874.999011	__gene_H_rbs	206.000000	0.000000	0.000000
874.999011	__gene_J_rbs	589.000000	0.000000	0.000000
874.999011	__gene_K_rbs	607.000000	0.000000	0.000000
874.999011	__ribosome	0.000000	0.000000	0.000000
874.999011	bound_ecolipol	1871.000000	0.000000	0.000000
874.999011	bound_ribosome	100.000000	0.000000	0.000000
874.999011	ecoli_genome	129.000000	0.000000	0.000000
874.999011	ecoli_transcript	65849.000000	0.000000	0.000000
874.999011	ecolipol	37.000000	0.000000	0.000000
874.999011	gene_A	316.000000	637.000000	0.003140
874.999011	gene_A*	237.000000	624.000000	0.001603
874.999011	gene_B	184.000000	615.000000	0.000000
874.999011	gene_C	185.000000	605.000000	0.000000
874.999011	gene_D	142.000000	601.000000	0.000000
874.999011	gene_E	166.000000	597.000000	0.000000
874.999011	gene_F	86.000000	420.000000	0.004762
874.999011	gene_G	39.000000	307.000000	0.055375
874.999011	gene_H	0.000000	206.000000	0.179612
874.999011	gene_J	106.000000	589.000000	0.069610
874.999011	gene_K	174.000000	607.000000	0.000000
874.999011	promoter_A	0.000000	0.000000	0.000000
874.999011	promoter_B1	0.000000	0.000000	0.000000
874.999011	promoter_D	0.000000	0.000000	0.000000
879.999060	__gene_A*_rbs	627.000000	0.000000	0.000000
879.999060	__gene_A_rbs	640.000000	0.000000	0.000000
879.999060	__gene_B_rbs	619.000000	0.000000	0.000000
879.999060	__gene_C_rbs	609.000000	0.000000	0.000000
879.999060	__gene_D_rbs	605.000000	0.000000	0.000000
879.999060	__gene_E_rbs	600.000000	0.000000	0.000000
879.999060	__gene_F_rbs	422.000000	0.000000	0.000000
879.999060	__gene_G_rbs	310.000000	0.000000	0.000000
879.999060	__gene_H_rbs	207.000000	0.000000	0.000000
879.999060	__gene_J_rbs	593.000000	0.000000	0.000000
879.999060	__gene_K_rbs	611.000000	0.000000	0.000000
879.999060	__ribosome	0.000000	0.000000	0.000000
879.999060	bound_ecolipol	1871.000000	0.000000	0.000000
879.999060	bound_ribosome	100.000000	0.000000	0.000000
879.999060	ecoli_genome	129.000000	0.000000	0.000000
879.999060	ecoli_transcript	66206.000000	0.000000	0.000000
879.999060	ecolipol	38.000000	0.000000	0.000000
879.999060	gene_A	316.000000	640.000000	0.003125
879.999060	gene_A*	237.000000	627.000000	0.001595
879.999060	gene_B	184.000000	619.000000	0.000000
879.999060	gene_C	185.000000	609.000000	0.000000
879.999060	gene_D	142.000000	605.000000	0.000000
879.999060	gene_E	166.000000	600.000000	0.000000
879.999060	gene_F	86.000000	422.000000	0.004739
879.999060	gene_G	39.000000	310.000000	0.054839
879.999060	gene_H	0.000000	207.000000	0.178744
879.999060	gene_J	106.000000	593.000000	0.069140
879.999060	gene_K	174.000000	611.000000	0.000000
879.999060	promoter_A	0.000000	0.000000	0.000000
879.999060	promoter_B1	0.000000	0.000000	0.000000
879.999060	promoter_D	0.000000	0.000000	0.000000
884.999172	__gene_A*_rbs	631.000000	0.000000	0.000000
884.999172	__gene_A_rbs	643.000000	0.000000	0.000000
884.999172	__gene_B_rbs	622.000000	0.000000	0.000000
884.999172	__gene_C_rbs	612.000000	0.000000	0.000000
884.999172	__gene_D_rbs	608.000000	0.000000	0.000000
884.999172	__gene_E_rbs	604.000000	0.000000	0.000000
884.999172	__gene_F_rbs	424.000000	0.000000	0.000000
884.999172	__gene_G_rbs	311.000000	0.000000	0.000000
884.999172	__gene_H_rbs	207.000000	0.000000	0.000000
884.999172	__gene_J_rbs	597.000000	0.000000	0.000000
884.999172	__gene_K_rbs	614.000000	0.000000	0.000000
884.999172	__ribosome	0.000000	0.000000	0.000000
884.999172	bound_ecolipol	1876.000000	0.000000	0.000000
884.999172	bound_ribosome	100.000000	0.000000	0.000000
884.999172	ecoli_genome	124.000000	0.000000	0.000000
884.999172	ecoli_transcript	66578.000000	0.000000	0.000000
884.999172	ecolipol	35.000000	0.000000	0.000000
884.999172	gene_A	316.000000	643.000000	0.003110
884.999172	gene_A*	237.000000	631.000000	0.001585
884.999172	gene_B	184.000000	622.000000	0.000000
884.999172	gene_C	185.000000	612.000000	0.000000
884.999172	gene_D	142.000000	608.000000	0.000000
884.999172	gene_E	166.000000	604.000000	0.000000
884.999172	gene_F	86.000000	424.000000	0.004717
884.999172	gene_G	39.000000	311.000000	0.054662
884.999172	gene_H	0.000000	207.000000	0.178744
884.999172	gene_J	106.000000	597.000000	0.068677
884.999172	gene_K	174.000000	614.000000	0.000000
884.999172	promoter_A	0.000000	0.000000	0.000000
884.999172	promoter_B1	0.000000	0.000000	0.000000
884.999172	promoter_D	0.000000	0.000000	0.000000
889.999912	__gene_A*_rbs	635.000000	0.000000	0.000000
889.999912	__gene_A_rbs	647.000000	0.000000	0.000000
889.999912	__gene_B_rbs	626.000000	0.000000	0.000000
889.999912	__gene_C_rbs	616.000000	0.000000	0.000000
889.999912	__gene_D_rbs	612.000000	0.000000	0.000000
889.999912	__gene_E_rbs	608.000000	0.000000	0.000000
889.999912	__gene_F_rbs	426.000000	0.000000	0.000000
889.999912	__gene_G_rbs	313.000000	0.000000	0.000000
889.999912	__gene_H_rbs	208.000000	0.000000	0.000000
889.999912	__gene_J_rbs	601.000000	0.000000	0.000000
889.999912	__gene_K_rbs	618.000000	0.000000	0.000000
889.999912	__ribosome	0.000000	0.000000	0.000000
889.999912	bound_ecolipol	1872.000000	0.000000	0.000000
889.999912	bound_ribosome	100.000000	0.000000	0.000000
889.999912	ecoli_genome	128.000000	0.000000	0.000000
889.999912	ecoli_transcript	66937.000000	0.000000	0.000000
889.999912	ecolipol	43.000000	0.000000	0.000000
889.999912	gene_A	316.000000	647.000000	0.003091
889.999912	gene_A*	237.000000	635.000000	0.001575
889.999912	gene_B	184.000000	626.000000	0.000000
889.999912	gene_C	185.000000	616.000000	0.000000
889.999912	gene_D	142.000000	612.000000	0.000000
889.999912	gene_E	166.000000	608.000000	0.000000
889.999912	gene_F	86.000000	426.000000	0.004695
889.999912	gene_G	39.000000	313.000000	0.054313
889.999912	gene_H	0.000000	208.000000	0.177885
889.999912	gene_J	106.000000	601.000000	0.068220
889.999912	gene_K	174.000000	618.000000	0.000000
889.999912	promoter_A	0.000000	0.000000	0.000000
889.999912	promoter_B1	0.000000	0.000000	0.000000
889.999912	promoter_D	0.000000	0.000000	0.000000
894.999026	__gene_A*_rbs	639.000000	0.000000	0.000000
894.999026	__gene_A_rbs	651.000000	0.000000	0.000000
894.999026	__gene_B_rbs	630.000000	0.000000	0.000000
894.999026	__gene_C_rbs	620.000000	0.000000	0.000000
894.999026	__gene_D_rbs	616.000000	0.000000	0.000000
894.999026	__gene_E_rbs	611.000000	0.000000	0.000000
894.999026	__gene_F_rbs	428.000000	0.000000	0.000000
894.999026	__gene_G_rbs	314.000000	0.000000	0.000000
894.999026	__gene_H_rbs	211.000000	0.000000	0.000000
894.999026	__gene_J_rbs	604.000000	0.000000	0.000000
894.999026	__gene_K_rbs	621.000000	0.000000	0.000000
894.999026	__ribosome	0.000000	0.000000	0.000000
894.999026	bound_ecolipol	1865.000000	0.000000	0.000000
894.999026	bound_ribosome	100.000000	0.000000	0.000000
894.999026	ecoli_genome	135.000000	0.000000	0.000000
894.999026	ecoli_transcript	67329.000000	0.000000	0.000000
894.999026	ecolipol	49.000000	0.000000	0.000000
894.999026	gene_A	316.000000	651.000000	0.003072
894.999026	gene_A*	238.000000	639.000000	0.000000
894.999026	gene_B	184.000000	630.000000	0.000000
894.999026	gene_C	185.000000	620.000000	0.000000
894.999026	gene_D	142.000000	616.000000	0.001623
894.999026	gene_E	166.000000	611.000000	0.000000
894.999026	gene_F	87.000000	428.000000	0.002336
894.999026	gene_G	39.000000	314.000000	0.054140
894.999026	gene_H	0.000000	211.000000	0.175355
894.999026	gene_J	106.000000	604.000000	0.067881
894.999026	gene_K	174.000000	621.000000	0.001610
894.999026	promoter_A	0.000000	0.000000	0.000000
894.999026	promoter_B1	0.000000	0.000000	0.000000
894.999026	promoter_D	0.000000	0.000000	0.000000
899.999128	__gene_A*_rbs	641.000000	0.000000	0.000000
899.999128	__gene_A_rbs	653.000000	0.000000	0.000000
899.999128	__gene_B_rbs	634.000000	0.000000	0.000000
899.999128	__gene_C_rbs	623.000000	0.000000	0.000000
899.999128	__gene_D_rbs	619.000000	0.000000	0.000000
899.999128	__gene_E_rbs	615.000000	0.000000	0.000000
899.999128	__gene_F_rbs	432.000000	0.000000	0.000000
899.999128	__gene_G_rbs	315.000000	0.000000	0.000000
899.999128	__gene_H_rbs	212.000000	0.000000	0.000000
899.999128	__gene_J_rbs	608.000000	0.000000	0.000000
899.999128	__gene_K_rbs	625.000000	0.000000	0.000000
899.999128	__ribosome	0.000000	0.000000	0.000000
899.999128	bound_ecolipol	1872.000000	0.000000	0.000000
899.999128	bound_ribosome	100.000000	0.000000	0.000000
899.999128	ecoli_genome	128.000000	0.000000	0.000000
899.999128	ecoli_transcript	67708.000000	0.000000	0.000000
899.999128	ecolipol	40.000000	0.000000	0.000000
899.999128	gene_A	316.000000	654.000000	0.004587
899.999128	gene_A*	238.000000	641.000000	0.000000
899.999128	gene_B	184.000000	634.000000	0.000000
899.999128	gene_C	185.000000	623.000000	0.000000
899.999128	gene_D	142.000000	619.000000	0.001616
899.999128	gene_E	166.000000	615.000000	0.000000
899.999128	gene_F	87.000000	432.000000	0.002315
899.999128	gene_G	39.000000	315.000000	0.053968
899.999128	gene_H	0.000000	212.000000	0.174528
899.999128	gene_J	106.000000	608.000000	0.067434
899.999128	gene_K	175.000000	625.000000	0.000000
899.999128	promoter_A	0.000000	0.000000	0.000000
899.999128	promoter_B1	0.000000	0.000000	0.000000
899.999128	promoter_D	0.000000	0.000000	0.000000
904.999081	__gene_A*_rbs	645.000000	0.000000	0.000000
904.999081	__gene_A_rbs	658.000000	0.000000	0.000000
904.999081	__gene_B_rbs	637.000000	0.000000	0.000000
904.999081	__gene_C_rbs	627.000000	0.000000	0.000000
904.999081	__gene_D_rbs	623.000000	0.000000	0.000000
904.999081	__gene_E_rbs	619.000000	0.000000	0.000000
904.999081	__gene_F_rbs	435.000000	0.000000	0.000000
904.999081	__gene_G_rbs	316.000000	0.000000	0.000000
904.999081	__gene_H_rbs	214.000000	0.000000	0.000000
904.999081	__gene_J_rbs	612.000000	0.000000	0.000000
904.999081	__gene_K_rbs	629.000000	0.000000	0.000000
904.999081	__ribosome	0.000000	0.000000	0.000000
904.999081	bound_ecolipol	1876.000000	0.000000	0.000000
904.999081	bound_ribosome	100.000000	0.000000	0.000000
904.999081	ecoli_genome	124.000000	0.000000	0.000000
904.999081	ecoli_transcript	68063.000000	0.000000	0.000000
904.999081	ecolipol	35.000000	0.000000	0.000000
904.999081	gene_A	317.000000	658.000000	0.003040
904.999081	gene_A*	238.000000	645.000000	0.000000
904.999081	gene_B	184.000000	637.000000	0.000000
904.999081	gene_C	185.000000	627.000000	0.000000
904.999081	gene_D	142.000000	623.000000	0.001605
904.999081	gene_E	166.000000	619.000000	0.000000
904.999081	gene_F	87.000000	435.000000	0.002299
904.999081	gene_G	39.000000	316.000000	0.053797
904.999081	gene_H	0.000000	214.000000	0.177570
904.999081	gene_J	106.000000	612.000000	0.066993
904.999081	gene_K	175.000000	629.000000	0.000000
904.999081	promoter_A	0.000000	0.000000	0.000000
904.999081	promoter_B1	0.000000	0.000000	0.000000
904.999081	promoter_D	0.000000	0.000000	0.000000
909.999058	__gene_A*_rbs	649.000000	0.000000	0.000000
909.999058	__gene_A_rbs	661.000000	0.000000	0.000000
909.999058	__gene_B_rbs	641.000000	0.000000	0.000000
909.999058	__gene_C_rbs	630.000000	0.000000	0.000000
909.999058	__gene_D_rbs	627.000000	0.000000	0.000000
909.999058	__gene_E_rbs	623.000000	0.000000	0.000000
909.999058	__gene_F_rbs	437.000000	0.000000	0.000000
909.999058	__gene_G_rbs	319.000000	0.000000	0.000000
909.999058	__gene_H_rbs	215.000000	0.000000	0.000000
909.999058	__gene_J_rbs	616.000000	0.000000	0.000000
909.999058	__gene_K_rbs	632.000000	0.000000	0.000000
909.999058	__ribosome	0.000000	0.000000	0.000000
909.999058	bound_ecolipol	1872.000000	0.000000	0.000000
909.999058	bound_ribosome	100.000000	0.000000	0.000000
909.999058	ecoli_genome	128.000000	0.000000	0.000000
909.999058	ecoli_transcript	68445.000000	0.000000	0.000000
909.999058	ecolipol	41.000000	0.000000	0.000000
909.999058	gene_A	318.000000	661.000000	0.001513
909.999058	gene_A*	238.000000	649.000000	0.000000
909.999058	gene_B	184.000000	641.000000	0.001560
909.999058	gene_C	185.000000	630.000000	0.001587
909.999058	gene_D	143.000000	627.000000	0.000000
909.999058	gene_E	166.000000	623.000000	0.000000
909.999058	gene_F	87.000000	437.000000	0.002288
909.999058	gene_G	39.000000	319.000000	0.053292
909.999058	gene_H	0.000000	215.000000	0.176744
909.999058	gene_J	106.000000	616.000000	0.066558
909.999058	gene_K	175.000000	632.000000	0.000000
909.999058	promoter_A	0.000000	0.000000	0.000000
909.999058	promoter_B1	0.000000	0.000000	0.000000
909.999058	promoter_D	0.000000	0.000000	0.000000
914.999177	__gene_A*_rbs	653.000000	0.000000	0.000000
914.999177	__gene_A_rbs	665.000000	0.000000	0.000000
914.999177	__gene_B_rbs	645.000000	0.000000	0.000000
914.999177	__gene_C_rbs	634.000000	0.000000	0.000000
914.999177	__gene_D_rbs	631.000000	0.000000	0.000000
914.999177	__gene_E_rbs	627.000000	0.000000	0.000000
914.999177	__gene_F_rbs	439.000000	0.000000	0.000000
914.999177	__gene_G_rbs	319.000000	0.000000	0.000000
914.999177	__gene_H_rbs	216.000000	0.000000	0.000000
914.999177	__gene_J_rbs	619.000000	0.000000	0.000000
914.999177	__gene_K_rbs	636.000000	0.000000	0.000000
914.999177	__ribosome	0.000000	0.000000	0.000000
914.999177	bound_ecolipol	1879.000000	0.000000	0.000000
914.999177	bound_ribosome	100.000000	0.000000	0.000000
914.999177	ecoli_genome	121.000000	0.000000	0.000000
914.999177	ecoli_transcript	68809.000000	0.000000	0.000000
914.999177	ecolipol	33.000000	0.000000	0.000000
914.999177	gene_A	318.000000	665.000000	0.001504
914.999177	gene_A*	238.000000	653.000000	0.000000
914.999177	gene_B	184.000000	645.000000	0.001550
914.999177	gene_C	185.000000	634.000000	0.001577
914.999177	gene_D	143.000000	631.000000	0.000000
914.999177	gene_E	166.000000	627.000000	0.000000
914.999177	gene_F	87.000000	439.000000	0.002278
914.999177	gene_G	39.000000	319.000000	0.053292
914.999177	gene_H	0.000000	216.000000	0.175926
914.999177	gene_J	106.000000	619.000000	0.066236
914.999177	gene_K	175.000000	636.000000	0.000000
914.999177	promoter_A	0.000000	0.000000	0.000000
914.999177	promoter_B1	0.000000	0.000000	0.000000
914.999177	promoter_D	0.000000	0.000000	0.000000
919.999177	__gene_A*_rbs	656.000000	0.000000	0.000000
919.999177	__gene_A_rbs	669.000000	0.000000	0.000000
919.999177	__gene_B_rbs	648.000000	0.000000	0.000000
919.999177	__gene_C_rbs	638.000000	0.000000	0.000000
919.999177	__gene_D_rbs	634.000000	0.000000	0.000000
919.999177	__gene_E_rbs	630.000000	0.000000	0.000000
919.999177	__gene_F_rbs	441.000000	0.000000	0.000000
919.999177	__gene_G_rbs	321.000000	0.000000	0.000000
919.999177	__gene_H_rbs	217.000000	0.000000	0.000000
919.999177	__gene_J_rbs	623.000000	0.000000	0.000000
919.999177	__gene_K_rbs	640.000000	0.000000	0.000000
919.999177	__ribosome	0.000000	0.000000	0.000000
919.999177	bound_ecolipol	1871.000000	0.000000	0.000000
919.999177	bound_ribosome	100.000000	0.000000	0.000000
919.999177	ecoli_genome	129.000000	0.000000	0.000000
919.999177	ecoli_transcript	69162.000000	0.000000	0.000000
919.999177	ecolipol	42.000000	0.000000	0.000000
919.999177	gene_A	318.000000	669.000000	0.001495
919.999177	gene_A*	238.000000	656.000000	0.000000
919.999177	gene_B	184.000000	648.000000	0.001543
919.999177	gene_C	186.000000	638.000000	0.000000
919.999177	gene_D	143.000000	634.000000	0.000000
919.999177	gene_E	166.000000	630.000000	0.001587
919.999177	gene_F	87.000000	441.000000	0.002268
919.999177	gene_G	39.000000	321.000000	0.052960
919.999177	gene_H	0.000000	217.000000	0.175115
919.999177	gene_J	106.000000	623.000000	0.065811
919.999177	gene_K	175.000000	640.000000	0.000000
919.999177	promoter_A	0.000000	0.000000	0.000000
919.999177	promoter_B1	0.000000	0.000000	0.000000
919.999177	promoter_D	0.000000	0.000000	0.000000
924.999009	__gene_A*_rbs	660.000000	0.000000	0.000000
924.999009	__gene_A_rbs	673.000000	0.000000	0.000000
924.999009	__gene_B_rbs	652.000000	0.000000	0.000000
924.999009	__gene_C_rbs	642.000000	0.000000	0.000000
924.999009	__gene_D_rbs	637.000000	0.000000	0.000000
924.999009	__gene_E_rbs	634.000000	0.000000	0.000000
924.999009	__gene_F_rbs	444.000000	0.000000	0.000000
924.999009	__gene_G_rbs	322.000000	0.000000	0.000000
924.999009	__gene_H_rbs	219.000000	0.000000	0.000000
924.999009	__gene_J_rbs	626.000000	0.000000	0.000000
924.999009	__gene_K_rbs	644.000000	0.000000	0.000000
924.999009	__ribosome	0.000000	0.000000	0.000000
924.999009	bound_ecolipol	1870.000000	0.000000	0.000000
924.999009	bound_ribosome	100.000000	0.000000	0.000000
924.999009	ecoli_genome	130.000000	0.000000	0.000000
924.999009	ecoli_transcript	69551.000000	0.000000	0.000000
924.999009	ecolipol	42.000000	0.000000	0.000000
924.999009	gene_A	318.000000	673.000000	0.002972
924.999009	gene_A*	238.000000	660.000000	0.000000
924.999009	gene_B	185.000000	652.000000	0.000000
924.999009	gene_C	186.000000	642.000000	0.000000
924.999009	gene_D	143.000000	637.000000	0.000000
924.999009	gene_E	166.000000	634.000000	0.001577
924.999009	gene_F	88.000000	444.000000	0.000000
924.999009	gene_G	39.000000	322.000000	0.052795
924.999009	gene_H	0.000000	219.000000	0.173516
924.999009	gene_J	106.000000	626.000000	0.067093
924.999009	gene_K	175.000000	644.000000	0.000000
924.999009	promoter_A	0.000000	0.000000	0.000000
924.999009	promoter_B1	0.000000	0.000000	0.000000
924.999009	promoter_D	0.000000	0.000000	0.000000
929.999016	__gene_A*_rbs	664.000000	0.000000	0.000000
929.999016	__gene_A_rbs	676.000000	0.000000	0.000000
929.999016	__gene_B_rbs	655.000000	0.000000	0.000000
929.999016	__gene_C_rbs	645.000000	0.000000	0.000000
929.999016	__gene_D_rbs	641.000000	0.000000	0.000000
929.999016	__gene_E_rbs	637.000000	0.000000	0.000000
929.999016	__gene_F_rbs	448.000000	0.000000	0.000000
929.999016	__gene_G_rbs	323.000000	0.000000	0.000000
929.999016	__gene_H_rbs	220.000000	0.000000	0.000000
929.999016	__gene_J_rbs	630.000000	0.000000	0.000000
929.999016	__gene_K_rbs	647.000000	0.000000	0.000000
929.999016	__ribosome	0.000000	0.000000	0.000000
929.999016	bound_ecolipol	1867.000000	0.000000	0.000000
929.999016	bound_ribosome	100.000000	0.000000	0.000000
929.999016	ecoli_genome	133.000000	0.000000	0.000000
929.999016	ecoli_transcript	69908.000000	0.000000	0.000000
929.999016	ecolipol	43.000000	0.000000	0.000000
929.999016	gene_A	318.000000	676.000000	0.002959
929.999016	gene_A*	238.000000	664.000000	0.001506
929.999016	gene_B	185.000000	655.000000	0.000000
929.999016	gene_C	186.000000	645.000000	0.001550
929.999016	gene_D	143.000000	641.000000	0.000000
929.999016	gene_E	167.000000	637.000000	0.000000
929.999016	gene_F	88.000000	448.000000	0.000000
929.999016	gene_G	39.000000	323.000000	0.052632
929.999016	gene_H	0.000000	220.000000	0.172727
929.999016	gene_J	107.000000	630.000000	0.065079
929.999016	gene_K	175.000000	647.000000	0.000000
929.999016	promoter_A	0.000000	0.000000	0.000000
929.999016	promoter_B1	0.000000	0.000000	0.000000
929.999016	promoter_D	0.000000	0.000000	0.000000
934.999081	__gene_A*_rbs	668.000000	0.000000	0.000000
934.999081	__gene_A_rbs	679.000000	0.000000	0.000000
934.999081	__gene_B_rbs	659.000000	0.000000	0.000000
934.999081	__gene_C_rbs	649.000000	0.000000	0.000000
934.999081	__gene_D_rbs	645.000000	0.000000	0.000000
934.999081	__gene_E_rbs	640.000000	0.000000	0.000000
934.999081	__gene_F_rbs	451.000000	0.000000	0.000000
934.999081	__gene_G_rbs	324.000000	0.000000	0.000000
934.999081	__gene_H_rbs	222.000000	0.000000	0.000000
934.999081	__gene_J_rbs	634.000000	0.000000	0.000000
934.999081	__gene_K_rbs	651.000000	0.000000	0.000000
934.999081	__ribosome	0.000000	0.000000	0.000000
934.999081	bound_ecolipol	1874.000000	0.000000	0.000000
934.999081	bound_ribosome	100.000000	0.000000	0.000000
934.999081	ecoli_genome	126.000000	0.000000	0.000000
934.999081	ecoli_transcript	70287.000000	0.000000	0.000000
934.999081	ecolipol	35.000000	0.000000	0.000000
934.999081	gene_A	318.000000	679.000000	0.002946
934.999081	gene_A*	238.000000	668.000000	0.001497
934.999081	gene_B	185.000000	659.000000	0.000000
934.999081	gene_C	187.000000	649.000000	0.000000
934.999081	gene_D	143.000000	645.000000	0.000000
934.999081	gene_E	167.000000	640.000000	0.000000
934.999081	gene_F	88.000000	451.000000	0.000000
934.999081	gene_G	39.000000	324.000000	0.052469
934.999081	gene_H	0.000000	222.000000	0.171171
934.999081	gene_J	107.000000	634.000000	0.064669
934.999081	gene_K	175.000000	651.000000	0.001536
934.999081	promoter_A	0.000000	0.000000	0.000000
934.999081	promoter_B1	0.000000	0.000000	0.000000
934.999081	promoter_D	0.000000	0.000000	0.000000
939.999286	__gene_A*_rbs	671.000000	0.000000	0.000000
939.999286	__gene_A_rbs	683.000000	0.000000	0.000000
939.999286	__gene_B_rbs	663.000000	0.000000	0.000000
939.999286	__gene_C_rbs	653.000000	0.000000	0.000000
939.999286	__gene_D_rbs	649.000000	0.000000	0.000000
939.999286	__gene_E_rbs	644.000000	0.000000	0.000000
939.999286	__gene_F_rbs	455.000000	0.000000	0.000000
939.999286	__gene_G_rbs	327.000000	0.000000	0.000000
939.999286	__gene_H_rbs	223.000000	0.000000	0.000000
939.999286	__gene_J_rbs	638.000000	0.000000	0.000000
939.999286	__gene_K_rbs	655.000000	0.000000	0.000000
939.999286	__ribosome	0.000000	0.000000	0.000000
939.999286	bound_ecolipol	1870.000000	0.000000	0.000000
939.999286	bound_ribosome	100.000000	0.000000	0.000000
939.999286	ecoli_genome	130.000000	0.000000	0.000000
939.999286	ecoli_transcript	70669.000000	0.000000	0.000000
939.999286	ecolipol	37.000000	0.000000	0.000000
939.999286	gene_A	318.000000	683.000000	0.002928
939.999286	gene_A*	238.000000	672.000000	0.001488
939.999286	gene_B	185.000000	663.000000	0.000000
939.999286	gene_C	187.000000	653.000000	0.000000
939.999286	gene_D	143.000000	649.000000	0.000000
939.999286	gene_E	167.000000	644.000000	0.001553
939.999286	gene_F	88.000000	455.000000	0.000000
939.999286	gene_G	39.000000	327.000000	0.051988
939.999286	gene_H	0.000000	223.000000	0.170404
939.999286	gene_J	107.000000	638.000000	0.064263
939.999286	gene_K	176.000000	655.000000	0.000000
939.999286	promoter_A	0.000000	0.000000	0.000000
939.999286	promoter_B1	0.000000	0.000000	0.000000
939.999286	promoter_D	0.000000	0.000000	0.000000
944.999541	__gene_A*_rbs	675.000000	0.000000	0.000000
944.999541	__gene_A_rbs	687.000000	0.000000	0.000000
944.999541	__gene_B_rbs	665.000000	0.000000	0.000000
944.999541	__gene_C_rbs	657.000000	0.000000	0.000000
944.999541	__gene_D_rbs	652.000000	0.000000	0.000000
944.999541	__gene_E_rbs	648.000000	0.000000	0.000000
944.999541	__gene_F_rbs	458.000000	0.000000	0.000000
944.999541	__gene_G_rbs	329.000000	0.000000	0.000000
944.999541	__gene_H_rbs	224.000000	0.000000	0.000000
944.999541	__gene_J_rbs	641.000000	0.000000	0.000000
944.999541	__gene_K_rbs	658.000000	0.000000	0.000000
944.999541	__ribosome	0.000000	0.000000	0.000000
944.999541	bound_ecolipol	1872.000000	0.000000	0.000000
944.999541	bound_ribosome	100.000000	0.000000	0.000000
944.999541	ecoli_genome	128.000000	0.000000	0.000000
944.999541	ecoli_transcript	71028.000000	0.000000	0.000000
944.999541	ecolipol	36.000000	0.000000	0.000000
944.999541	gene_A	318.000000	687.000000	0.002911
944.999541	gene_A*	238.000000	675.000000	0.001481
944.999541	gene_B	185.000000	666.000000	0.000000
944.999541	gene_C	187.000000	657.000000	0.000000
944.999541	gene_D	143.000000	652.000000	0.000000
944.999541	gene_E	167.000000	648.000000	0.001543
944.999541	gene_F	88.000000	458.000000	0.000000
944.999541	gene_G	39.000000	329.000000	0.051672
944.999541	gene_H	0.000000	224.000000	0.169643
944.999541	gene_J	107.000000	641.000000	0.063963
944.999541	gene_K	176.000000	658.000000	0.000000
944.999541	promoter_A	0.000000	0.000000	0.000000
944.999541	promoter_B1	0.000000	0.000000	0.000000
944.999541	promoter_D	0.000000	0.000000	0.000000
949.999050	__gene_A*_rbs	679.000000	0.000000	0.000000
949.999050	__gene_A_rbs	690.000000	0.000000	0.000000
949.999050	__gene_B_rbs	671.000000	0.000000	0.000000
949.999050	__gene_C_rbs	660.000000	0.000000	0.000000
949.999050	__gene_D_rbs	656.000000	0.000000	0.000000
949.999050	__gene_E_rbs	652.000000	0.000000	0.000000
949.999050	__gene_F_rbs	461.000000	0.000000	0.000000
949.999050	__gene_G_rbs	331.000000	0.000000	0.000000
949.999050	__gene_H_rbs	225.000000	0.000000	0.000000
949.999050	__gene_J_rbs	645.000000	0.000000	0.000000
949.999050	__gene_K_rbs	661.000000	0.000000	0.000000
949.999050	__ribosome	0.000000	0.000000	0.000000
949.999050	bound_ecolipol	1866.000000	0.000000	0.000000
949.999050	bound_ribosome	100.000000	0.000000	0.000000
949.999050	ecoli_genome	134.000000	0.000000	0.000000
949.999050	ecoli_transcript	71400.000000	0.000000	0.000000
949.999050	ecolipol	41.000000	0.000000	0.000000
949.999050	gene_A	318.000000	690.000000	0.002899
949.999050	gene_A*	238.000000	679.000000	0.001473
949.999050	gene_B	185.000000	671.000000	0.000000
949.999050	gene_C	187.000000	660.000000	0.000000
949.999050	gene_D	143.000000	656.000000	0.001524
949.999050	gene_E	168.000000	652.000000	0.000000
949.999050	gene_F	88.000000	461.000000	0.000000
949.999050	gene_G	39.000000	331.000000	0.051360
949.999050	gene_H	0.000000	225.000000	0.168889
949.999050	gene_J	107.000000	645.000000	0.063566
949.999050	gene_K	176.000000	662.000000	0.000000
949.999050	promoter_A	0.000000	0.000000	0.000000
949.999050	promoter_B1	0.000000	0.000000	0.000000
949.999050	promoter_D	0.000000	0.000000	0.000000
954.999010	__gene_A*_rbs	682.000000	0.000000	0.000000
954.999010	__gene_A_rbs	694.000000	0.000000	0.000000
954.999010	__gene_B_rbs	674.000000	0.000000	0.000000
954.999010	__gene_C_rbs	664.000000	0.000000	0.000000
954.999010	__gene_D_rbs	660.000000	0.000000	0.000000
954.999010	__gene_E_rbs	654.000000	0.000000	0.000000
954.999010	__gene_F_rbs	462.000000	0.000000	0.000000
954.999010	__gene_G_rbs	334.000000	0.000000	0.000000
954.999010	__gene_H_rbs	228.000000	0.000000	0.000000
954.999010	__gene_J_rbs	649.000000	0.000000	0.000000
954.999010	__gene_K_rbs	666.000000	0.000000	0.000000
954.999010	__ribosome	0.000000	0.000000	0.000000
954.999010	bound_ecolipol	1870.000000	0.000000	0.000000
954.999010	bound_ribosome	100.000000	0.000000	0.000000
954.999010	ecoli_genome	130.000000	0.000000	0.000000
954.999010	ecoli_transcript	71756.000000	0.000000	0.000000
954.999010	ecolipol	37.000000	0.000000	0.000000
954.999010	gene_A	319.000000	694.000000	0.001441
954.999010	gene_A*	238.000000	682.000000	0.001466
954.999010	gene_B	185.000000	674.000000	0.000000
954.999010	gene_C	187.000000	664.000000	0.000000
954.999010	gene_D	143.000000	660.000000	0.001515
954.999010	gene_E	168.000000	655.000000	0.001527
954.999010	gene_F	88.000000	462.000000	0.000000
954.999010	gene_G	39.000000	334.000000	0.050898
954.999010	gene_H	0.000000	228.000000	0.166667
954.999010	gene_J	107.000000	649.000000	0.063174
954.999010	gene_K	176.000000	666.000000	0.000000
954.999010	promoter_A	0.000000	0.000000	0.000000
954.999010	promoter_B1	0.000000	0.000000	0.000000
954.999010	promoter_D	0.000000	0.000000	0.000000
959.999194	__gene_A*_rbs	686.000000	0.000000	0.000000
959.999194	__gene_A_rbs	697.000000	0.000000	0.000000
959.999194	__gene_B_rbs	678.000000	0.000000	0.000000
959.999194	__gene_C_rbs	667.000000	0.000000	0.000000
959.999194	__gene_D_rbs	663.000000	0.000000	0.000000
959.999194	__gene_E_rbs	659.000000	0.000000	0.000000
959.999194	__gene_F_rbs	465.000000	0.000000	0.000000
959.999194	__gene_G_rbs	336.000000	0.000000	0.000000
959.999194	__gene_H_rbs	230.000000	0.000000	0.000000
959.999194	__gene_J_rbs	653.000000	0.000000	0.000000
959.999194	__gene_K_rbs	669.000000	0.000000	0.000000
959.999194	__ribosome	0.000000	0.000000	0.000000
959.999194	bound_ecolipol	1860.000000	0.000000	0.000000
959.999194	bound_ribosome	100.000000	0.000000	0.000000
959.999194	ecoli_genome	140.000000	0.000000	0.000000
959.999194	ecoli_transcript	72176.000000	0.000000	0.000000
959.999194	ecolipol	45.000000	0.000000	0.000000
959.999194	gene_A	319.000000	697.000000	0.001435
959.999194	gene_A*	239.000000	686.000000	0.000000
959.999194	gene_B	185.000000	678.000000	0.000000
959.999194	gene_C	187.000000	667.000000	0.000000
959.999194	gene_D	143.000000	663.000000	0.001508
959.999194	gene_E	168.000000	659.000000	0.001517
959.999194	gene_F	88.000000	465.000000	0.000000
959.999194	gene_G	39.000000	336.000000	0.050595
959.999194	gene_H	0.000000	230.000000	0.165217
959.999194	gene_J	107.000000	653.000000	0.064319
959.999194	gene_K	176.000000	669.000000	0.000000
959.999194	promoter_A	0.000000	0.000000	0.000000
959.999194	promoter_B1	0.000000	0.000000	0.000000
959.999194	promoter_D	0.000000	0.000000	0.000000
964.999147	__gene_A*_rbs	690.000000	0.000000	0.000000
964.999147	__gene_A_rbs	701.000000	0.000000	0.000000
964.999147	__gene_B_rbs	681.000000	0.000000	0.000000
964.999147	__gene_C_rbs	671.000000	0.000000	0.000000
964.999147	__gene_D_rbs	667.000000	0.000000	0.000000
964.999147	__gene_E_rbs	663.000000	0.000000	0.000000
964.999147	__gene_F_rbs	468.000000	0.000000	0.000000
964.999147	__gene_G_rbs	338.000000	0.000000	0.000000
964.999147	__gene_H_rbs	231.000000	0.000000	0.000000
964.999147	__gene_J_rbs	656.000000	0.000000	0.000000
964.999147	__gene_K_rbs	673.000000	0.000000	0.000000
964.999147	__ribosome	0.000000	0.000000	0.000000
964.999147	bound_ecolipol	1868.000000	0.000000	0.000000
964.999147	bound_ribosome	100.000000	0.000000	0.000000
964.999147	ecoli_genome	132.000000	0.000000	0.000000
964.999147	ecoli_transcript	72585.000000	0.000000	0.000000
964.999147	ecolipol	38.000000	0.000000	0.000000
964.999147	gene_A	319.000000	701.000000	0.001427
964.999147	gene_A*	239.000000	690.000000	0.001449
964.999147	gene_B	185.000000	681.000000	0.000000
964.999147	gene_C	187.000000	671.000000	0.000000
964.999147	gene_D	144.000000	667.000000	0.000000
964.999147	gene_E	169.000000	663.000000	0.000000
964.999147	gene_F	88.000000	468.000000	0.000000
964.999147	gene_G	39.000000	338.000000	0.053254
964.999147	gene_H	0.000000	231.000000	0.164502
964.999147	gene_J	108.000000	656.000000	0.064024
964.999147	gene_K	176.000000	673.000000	0.000000
964.999147	promoter_A	0.000000	0.000000	0.000000
964.999147	promoter_B1	0.000000	0.000000	0.000000
964.999147	promoter_D	0.000000	0.000000	0.000000
969.999136	__gene_A*_rbs	693.000000	0.000000	0.000000
969.999136	__gene_A_rbs	704.000000	0.000000	0.000000
969.999136	__gene_B_rbs	685.000000	0.000000	0.000000
969.999136	__gene_C_rbs	675.000000	0.000000	0.000000
969.999136	__gene_D_rbs	670.000000	0.000000	0.000000
969.999136	__gene_E_rbs	666.000000	0.000000	0.000000
969.999136	__gene_F_rbs	470.000000	0.000000	0.000000
969.999136	__gene_G_rbs	340.000000	0.000000	0.000000
969.999136	__gene_H_rbs	233.000000	0.000000	0.000000
969.999136	__gene_J_rbs	660.000000	0.000000	0.000000
969.999136	__gene_K_rbs	675.000000	0.000000	0.000000
969.999136	__ribosome	0.000000	0.000000	0.000000
969.999136	bound_ecolipol	1869.000000	0.000000	0.000000
969.999136	bound_ribosome	100.000000	0.000000	0.000000
969.999136	ecoli_genome	131.000000	0.000000	0.000000
969.999136	ecoli_transcript	72983.000000	0.000000	0.000000
969.999136	ecolipol	36.000000	0.000000	0.000000
969.999136	gene_A	319.000000	704.000000	0.001420
969.999136	gene_A*	239.000000	693.000000	0.001443
969.999136	gene_B	185.000000	685.000000	0.001460
969.999136	gene_C	187.000000	675.000000	0.000000
969.999136	gene_D	144.000000	670.000000	0.000000
969.999136	gene_E	169.000000	666.000000	0.000000
969.999136	gene_F	88.000000	470.000000	0.000000
969.999136	gene_G	39.000000	340.000000	0.052941
969.999136	gene_H	0.000000	233.000000	0.163090
969.999136	gene_J	109.000000	660.000000	0.062121
969.999136	gene_K	176.000000	676.000000	0.000000
969.999136	promoter_A	0.000000	0.000000	0.000000
969.999136	promoter_B1	0.000000	0.000000	0.000000
969.999136	promoter_D	0.000000	0.000000	0.000000
974.999163	__gene_A*_rbs	697.000000	0.000000	0.000000
974.999163	__gene_A_rbs	708.000000	0.000000	0.000000
974.999163	__gene_B_rbs	689.000000	0.000000	0.000000
974.999163	__gene_C_rbs	678.000000	0.000000	0.000000
974.999163	__gene_D_rbs	674.000000	0.000000	0.000000
974.999163	__gene_E_rbs	670.000000	0.000000	0.000000
974.999163	__gene_F_rbs	473.000000	0.000000	0.000000
974.999163	__gene_G_rbs	343.000000	0.000000	0.000000
974.999163	__gene_H_rbs	234.000000	0.000000	0.000000
974.999163	__gene_J_rbs	663.000000	0.000000	0.000000
974.999163	__gene_K_rbs	680.000000	0.000000	0.000000
974.999163	__ribosome	0.000000	0.000000	0.000000
974.999163	bound_ecolipol	1866.000000	0.000000	0.000000
974.999163	bound_ribosome	100.000000	0.000000	0.000000
974.999163	ecoli_genome	134.000000	0.000000	0.000000
974.999163	ecoli_transcript	73399.000000	0.000000	0.000000
974.999163	ecolipol	38.000000	0.000000	0.000000
974.999163	gene_A	320.000000	708.000000	0.000000
974.999163	gene_A*	239.000000	697.000000	0.001435
974.999163	gene_B	185.000000	689.000000	0.001451
974.999163	gene_C	187.000000	678.000000	0.000000
974.999163	gene_D	144.000000	674.000000	0.000000
974.999163	gene_E	169.000000	670.000000	0.000000
974.999163	gene_F	88.000000	473.000000	0.000000
974.999163	gene_G	39.000000	343.000000	0.052478
974.999163	gene_H	0.000000	234.000000	0.162393
974.999163	gene_J	109.000000	663.000000	0.061840
974.999163	gene_K	176.000000	680.000000	0.001471
974.999163	promoter_A	0.000000	0.000000	0.000000
974.999163	promoter_B1	0.000000	0.000000	0.000000
974.999163	promoter_D	0.000000	0.000000	0.000000
979.999056	__gene_A*_rbs	701.000000	0.000000	0.000000
979.999056	__gene_A_rbs	712.000000	0.000000	0.000000
979.999056	__gene_B_rbs	692.000000	0.000000	0.000000
979.999056	__gene_C_rbs	682.000000	0.000000	0.000000
979.999056	__gene_D_rbs	678.000000	0.000000	0.000000
979.999056	__gene_E_rbs	674.000000	0.000000	0.000000
979.999056	__gene_F_rbs	477.000000	0.000000	0.000000
979.999056	__gene_G_rbs	346.000000	0.000000	0.000000
979.999056	__gene_H_rbs	234.000000	0.000000	0.000000
979.999056	__gene_J_rbs	667.000000	0.000000	0.000000
979.999056	__gene_K_rbs	684.000000	0.000000	0.000000
979.999056	__ribosome	0.000000	0.000000	0.000000
979.999056	bound_ecolipol	1872.000000	0.000000	0.000000
979.999056	bound_ribosome	100.000000	0.000000	0.000000
979.999056	ecoli_genome	128.000000	0.000000	0.000000
979.999056	ecoli_transcript	73768.000000	0.000000	0.000000
979.999056	ecolipol	34.000000	0.000000	0.000000
979.999056	gene_A	320.000000	712.000000	0.000000
979.999056	gene_A*	239.000000	701.000000	0.001427
979.999056	gene_B	186.000000	692.000000	0.000000
979.999056	gene_C	187.000000	682.000000	0.001466
979.999056	gene_D	144.000000	678.000000	0.000000
979.999056	gene_E	169.000000	674.000000	0.000000
979.999056	gene_F	88.000000	477.000000	0.000000
979.999056	gene_G	39.000000	346.000000	0.052023
979.999056	gene_H	0.000000	234.000000	0.162393
979.999056	gene_J	109.000000	667.000000	0.061469
979.999056	gene_K	177.000000	684.000000	0.001462
979.999056	promoter_A	0.000000	0.000000	0.000000
979.999056	promoter_B1	0.000000	0.000000	0.000000
979.999056	promoter_D	0.000000	0.000000	0.000000
984.999209	__gene_A*_rbs	704.000000	0.000000	0.000000
984.999209	__gene_A_rbs	716.000000	0.000000	0.000000
984.999209	__gene_B_rbs	696.000000	0.000000	0.000000
984.999209	__gene_C_rbs	685.000000	0.000000	0.000000
984.999209	__gene_D_rbs	682.000000	0.000000	0.000000
984.999209	__gene_E_rbs	677.000000	0.000000	0.000000
984.999209	__gene_F_rbs	478.000000	0.000000	0.000000
984.999209	__gene_G_rbs	350.000000	0.000000	0.000000
984.999209	__gene_H_rbs	236.000000	0.000000	0.000000
984.999209	__gene_J_rbs	670.000000	0.000000	0.000000
984.999209	__gene_K_rbs	687.000000	0.000000	0.000000
984.999209	__ribosome	0.000000	0.000000	0.000000
984.999209	bound_ecolipol	1869.000000	0.000000	0.000000
984.999209	bound_ribosome	100.000000	0.000000	0.000000
984.999209	ecoli_genome	131.000000	0.000000	0.000000
984.999209	ecoli_transcript	74125.000000	0.000000	0.000000
984.999209	ecolipol	40.000000	0.000000	0.000000
984.999209	gene_A	320.000000	716.000000	0.000000
984.999209	gene_A*	239.000000	704.000000	0.001420
984.999209	gene_B	186.000000	696.000000	0.000000
984.999209	gene_C	187.000000	686.000000	0.002915
984.999209	gene_D	144.000000	682.000000	0.000000
984.999209	gene_E	169.000000	677.000000	0.000000
984.999209	gene_F	88.000000	478.000000	0.000000
984.999209	gene_G	40.000000	350.000000	0.051429
984.999209	gene_H	0.000000	236.000000	0.161017
984.999209	gene_J	109.000000	670.000000	0.061194
984.999209	gene_K	178.000000	687.000000	0.000000
984.999209	promoter_A	0.000000	0.000000	0.000000
984.999209	promoter_B1	0.000000	0.000000	0.000000
984.999209	promoter_D	0.000000	0.000000	0.000000
989.999289	__gene_A*_rbs	708.000000	0.000000	0.000000
989.999289	__gene_A_rbs	720.000000	0.000000	0.000000
989.999289	__gene_B_rbs	699.000000	0.000000	0.000000
989.999289	__gene_C_rbs	689.000000	0.000000	0.000000
989.999289	__gene_D_rbs	685.000000	0.000000	0.000000
989.999289	__gene_E_rbs	680.000000	0.000000	0.000000
989.999289	__gene_F_rbs	480.000000	0.000000	0.000000
989.999289	__gene_G_rbs	352.000000	0.000000	0.000000
989.999289	__gene_H_rbs	237.000000	0.000000	0.000000
989.999289	__gene_J_rbs	674.000000	0.000000	0.000000
989.999289	__gene_K_rbs	691.000000	0.000000	0.000000
989.999289	__ribosome	0.000000	0.000000	0.000000
989.999289	bound_ecolipol	1864.000000	0.000000	0.000000
989.999289	bound_ribosome	100.000000	0.000000	0.000000
989.999289	ecoli_genome	136.000000	0.000000	0.000000
989.999289	ecoli_transcript	74520.000000	0.000000	0.000000
989.999289	ecolipol	44.000000	0.000000	0.000000
989.999289	gene_A	320.000000	720.000000	0.000000
989.999289	gene_A*	239.000000	708.000000	0.002825
989.999289	gene_B	186.000000	699.000000	0.000000
989.999289	gene_C	188.000000	689.000000	0.001451
989.999289	gene_D	144.000000	685.000000	0.000000
989.999289	gene_E	169.000000	680.000000	0.000000
989.999289	gene_F	88.000000	480.000000	0.000000
989.999289	gene_G	40.000000	352.000000	0.051136
989.999289	gene_H	0.000000	237.000000	0.160338
989.999289	gene_J	109.000000	674.000000	0.060831
989.999289	gene_K	178.000000	691.000000	0.000000
989.999289	promoter_A	0.000000	0.000000	0.000000
989.999289	promoter_B1	0.000000	0.000000	0.000000
989.999289	promoter_D	0.000000	0.000000	0.000000
994.999543	__gene_A*_rbs	711.000000	0.000000	0.000000
994.999543	__gene_A_rbs	723.000000	0.000000	0.000000
994.999543	__gene_B_rbs	703.000000	0.000000	0.000000
994.999543	__gene_C_rbs	693.000000	0.000000	0.000000
994.999543	__gene_D_rbs	688.000000	0.000000	0.000000
994.999543	__gene_E_rbs	684.000000	0.000000	0.000000
994.999543	__gene_F_rbs	482.000000	0.000000	0.000000
994.999543	__gene_G_rbs	353.000000	0.000000	0.000000
994.999543	__gene_H_rbs	239.000000	0.000000	0.000000
994.999543	__gene_J_rbs	678.000000	0.000000	0.000000
994.999543	__gene_K_rbs	693.000000	0.000000	0.000000
994.999543	__ribosome	0.000000	0.000000	0.000000
994.999543	bound_ecolipol	1875.000000	0.000000	0.000000
994.999543	bound_ribosome	100.000000	0.000000	0.000000
994.999543	ecoli_genome	125.000000	0.000000	0.000000
994.999543	ecoli_transcript	74890.000000	0.000000	0.000000
994.999543	ecolipol	35.000000	0.000000	0.000000
994.999543	gene_A	320.000000	723.000000	0.000000
994.999543	gene_A*	239.000000	711.000000	0.002813
994.999543	gene_B	186.000000	703.000000	0.000000
994.999543	gene_C	189.000000	693.000000	0.000000
994.999543	gene_D	144.000000	688.000000	0.000000
994.999543	gene_E	169.000000	684.000000	0.000000
994.999543	gene_F	88.000000	482.000000	0.000000
994.999543	gene_G	40.000000	354.000000	0.053672
994.999543	gene_H	0.000000	239.000000	0.158996
994.999543	gene_J	109.000000	678.000000	0.060472
994.999543	gene_K	178.000000	694.000000	0.000000
994.999543	promoter_A	0.000000	0.000000	0.000000
994.999543	promoter_B1	0.000000	0.000000	0.000000
994.999543	promoter_D	0.000000	0.000000	0.000000
999.999051	__gene_A*_rbs	715.000000	0.000000	0.000000
999.999051	__gene_A_rbs	727.000000	0.000000	0.000000
999.999051	__gene_B_rbs	707.000000	0.000000	0.000000
999.999051	__gene_C_rbs	696.000000	0.000000	0.000000
999.999051	__gene_D_rbs	692.000000	0.000000	0.000000
999.999051	__gene_E_rbs	688.000000	0.000000	0.000000
999.999051	__gene_F_rbs	483.000000	0.000000	0.000000
999.999051	__gene_G_rbs	354.000000	0.000000	0.000000
999.999051	__gene_H_rbs	241.000000	0.000000	0.000000
999.999051	__gene_J_rbs	682.000000	0.000000	0.000000
999.999051	__gene_K_rbs	698.000000	0.000000	0.000000
999.999051	__ribosome	0.000000	0.000000	0.000000
999.999051	bound_ecolipol	1872.000000	0.000000	0.000000
999.999051	bound_ribosome	100.000000	0.000000	0.000000
999.999051	ecoli_genome	128.000000	0.000000	0.000000
999.999051	ecoli_transcript	75285.000000	0.000000	0.000000
999.999051	ecolipol	42.000000	0.000000	0.000000
999.999051	gene_A	320.000000	727.000000	0.000000
999.999051	gene_A*	240.000000	715.000000	0.001399
999.999051	gene_B	186.000000	707.000000	0.000000
999.999051	gene_C	189.000000	696.000000	0.000000
999.999051	gene_D	144.000000	692.000000	0.000000
999.999051	gene_E	169.000000	688.000000	0.000000
999.999051	gene_F	88.000000	483.000000	0.000000
999.999051	gene_G	41.000000	354.000000	0.050847
999.999051	gene_H	0.000000	241.000000	0.161826
999.999051	gene_J	109.000000	682.000000	0.061584
999.999051	gene_K	178.000000	698.000000	0.000000
999.999051	promoter_A	0.000000	0.000000	0.000000
999.999051	promoter_B1	0.000000	0.000000	0.000000
999.999051	promoter_D	0.000000	0.000000	0.000000
1004.999061	__gene_A*_rbs	719.000000	0.000000	0.000000
1004.999061	__gene_A_rbs	731.000000	0.000000	0.000000
1004.999061	__gene_B_rbs	710.000000	0.000000	0.000000
1004.999061	__gene_C_rbs	700.000000	0.000000	0.000000
1004.999061	__gene_D_rbs	696.000000	0.000000	0.000000
1004.999061	__gene_E_rbs	692.000000	0.000000	0.000000
1004.999061	__gene_F_rbs	484.000000	0.000000	0.000000
1004.999061	__gene_G_rbs	355.000000	0.000000	0.000000
1004.999061	__gene_H_rbs	245.000000	0.000000	0.000000
1004.999061	__gene_J_rbs	685.000000	0.000000	0.000000
1004.999061	__gene_K_rbs	702.000000	0.000000	0.000000
1004.999061	__ribosome	0.000000	0.000000	0.000000
1004.999061	bound_ecolipol	1869.000000	0.000000	0.000000
1004.999061	bound_ribosome	100.000000	0.000000	0.000000
1004.999061	ecoli_genome	131.000000	0.000000	0.000000
1004.999061	ecoli_transcript	75663.000000	0.000000	0.000000
1004.999061	ecolipol	44.000000	0.000000	0.000000
1004.999061	gene_A	320.000000	731.000000	0.000000
1004.999061	gene_A*	240.000000	719.000000	0.001391
1004.999061	gene_B	186.000000	710.000000	0.000000
1004.999061	gene_C	189.000000	700.000000	0.000000
1004.999061	gene_D	144.000000	696.000000	0.000000
1004.999061	gene_E	169.000000	692.000000	0.000000
1004.999061	gene_F	88.000000	484.000000	0.000000
1004.999061	gene_G	41.000000	355.000000	0.050704
1004.999061	gene_H	0.000000	245.000000	0.159184
1004.999061	gene_J	109.000000	685.000000	0.061314
1004.999061	gene_K	178.000000	702.000000	0.000000
1004.999061	promoter_A	0.000000	0.000000	0.000000
1004.999061	promoter_B1	0.000000	0.000000	0.000000
1004.999061	promoter_D	0.000000	0.000000	0.000000
1009.999074	__gene_A*_rbs	722.000000	0.000000	0.000000
1009.999074	__gene_A_rbs	734.000000	0.000000	0.000000
1009.999074	__gene_B_rbs	714.000000	0.000000	0.000000
1009.999074	__gene_C_rbs	704.000000	0.000000	0.000000
1009.999074	__gene_D_rbs	699.000000	0.000000	0.000000
1009.999074	__gene_E_rbs	695.000000	0.000000	0.000000
1009.999074	__gene_F_rbs	486.000000	0.000000	0.000000
1009.999074	__gene_G_rbs	358.000000	0.000000	0.000000
1009.999074	__gene_H_rbs	247.000000	0.000000	0.000000
1009.999074	__gene_J_rbs	689.000000	0.000000	0.000000
1009.999074	__gene_K_rbs	705.000000	0.000000	0.000000
1009.999074	__ribosome	0.000000	0.000000	0.000000
1009.999074	bound_ecolipol	1875.000000	0.000000	0.000000
1009.999074	bound_ribosome	100.000000	0.000000	0.000000
1009.999074	ecoli_genome	125.000000	0.000000	0.000000
1009.999074	ecoli_transcript	76029.000000	0.000000	0.000000
1009.999074	ecolipol	36.000000	0.000000	0.000000
1009.999074	gene_A	320.000000	734.000000	0.000000
1009.999074	gene_A*	240.000000	722.000000	0.001385
1009.999074	gene_B	186.000000	714.000000	0.000000
1009.999074	gene_C	189.000000	704.000000	0.000000
1009.999074	gene_D	144.000000	699.000000	0.000000
1009.999074	gene_E	169.000000	695.000000	0.000000
1009.999074	gene_F	88.000000	486.000000	0.000000
1009.999074	gene_G	41.000000	358.000000	0.050279
1009.999074	gene_H	0.000000	247.000000	0.157895
1009.999074	gene_J	109.000000	689.000000	0.060958
1009.999074	gene_K	178.000000	705.000000	0.000000
1009.999074	promoter_A	0.000000	0.000000	0.000000
1009.999074	promoter_B1	0.000000	0.000000	0.000000
1009.999074	promoter_D	0.000000	0.000000	0.000000
1014.999030	__gene_A*_rbs	726.000000	0.000000	0.000000
1014.999030	__gene_A_rbs	738.000000	0.000000	0.000000
1014.999030	__gene_B_rbs	718.000000	0.000000	0.000000
1014.999030	__gene_C_rbs	707.000000	0.000000	0.000000
1014.999030	__gene_D_rbs	703.000000	0.000000	0.000000
1014.999030	__gene_E_rbs	699.000000	0.000000	0.000000
1014.999030	__gene_F_rbs	489.000000	0.000000	0.000000
1014.999030	__gene_G_rbs	360.000000	0.000000	0.000000
1014.999030	__gene_H_rbs	247.000000	0.000000	0.000000
1014.999030	__gene_J_rbs	692.000000	0.000000	0.000000
1014.999030	__gene_K_rbs	709.000000	0.000000	0.000000
1014.999030	__ribosome	0.000000	0.000000	0.000000
1014.999030	bound_ecolipol	1873.000000	0.000000	0.000000
1014.999030	bound_ribosome	100.000000	0.000000	0.000000
1014.999030	ecoli_genome	127.000000	0.000000	0.000000
1014.999030	ecoli_transcript	76412.000000	0.000000	0.000000
1014.999030	ecolipol	38.000000	0.000000	0.000000
1014.999030	gene_A	320.000000	738.000000	0.000000
1014.999030	gene_A*	240.000000	726.000000	0.001377
1014.999030	gene_B	186.000000	718.000000	0.000000
1014.999030	gene_C	189.000000	707.000000	0.000000
1014.999030	gene_D	144.000000	703.000000	0.000000
1014.999030	gene_E	169.000000	699.000000	0.000000
1014.999030	gene_F	88.000000	489.000000	0.000000
1014.999030	gene_G	41.000000	360.000000	0.050000
1014.999030	gene_H	0.000000	247.000000	0.157895
1014.999030	gene_J	109.000000	692.000000	0.060694
1014.999030	gene_K	178.000000	709.000000	0.000000
1014.999030	promoter_A	0.000000	0.000000	0.000000
1014.999030	promoter_B1	0.000000	0.000000	0.000000
1014.999030	promoter_D	0.000000	0.000000	0.000000
1019.999121	__gene_A*_rbs	730.000000	0.000000	0.000000
1019.999121	__gene_A_rbs	742.000000	0.000000	0.000000
1019.999121	__gene_B_rbs	721.000000	0.000000	0.000000
1019.999121	__gene_C_rbs	710.000000	0.000000	0.000000
1019.999121	__gene_D_rbs	707.000000	0.000000	0.000000
1019.999121	__gene_E_rbs	703.000000	0.000000	0.000000
1019.999121	__gene_F_rbs	493.000000	0.000000	0.000000
1019.999121	__gene_G_rbs	360.000000	0.000000	0.000000
1019.999121	__gene_H_rbs	248.000000	0.000000	0.000000
1019.999121	__gene_J_rbs	696.000000	0.000000	0.000000
1019.999121	__gene_K_rbs	712.000000	0.000000	0.000000
1019.999121	__ribosome	0.000000	0.000000	0.000000
1019.999121	bound_ecolipol	1878.000000	0.000000	0.000000
1019.999121	bound_ribosome	100.000000	0.000000	0.000000
1019.999121	ecoli_genome	122.000000	0.000000	0.000000
1019.999121	ecoli_transcript	76803.000000	0.000000	0.000000
1019.999121	ecolipol	34.000000	0.000000	0.000000
1019.999121	gene_A	320.000000	742.000000	0.000000
1019.999121	gene_A*	240.000000	730.000000	0.001370
1019.999121	gene_B	186.000000	721.000000	0.000000
1019.999121	gene_C	189.000000	710.000000	0.000000
1019.999121	gene_D	144.000000	707.000000	0.000000
1019.999121	gene_E	169.000000	703.000000	0.000000
1019.999121	gene_F	88.000000	493.000000	0.000000
1019.999121	gene_G	41.000000	360.000000	0.050000
1019.999121	gene_H	0.000000	248.000000	0.157258
1019.999121	gene_J	109.000000	696.000000	0.060345
1019.999121	gene_K	178.000000	713.000000	0.000000
1019.999121	promoter_A	0.000000	0.000000	0.000000
1019.999121	promoter_B1	0.000000	0.000000	0.000000
1019.999121	promoter_D	0.000000	0.000000	0.000000
1024.999048	__gene_A*_rbs	734.000000	0.000000	0.000000
1024.999048	__gene_A_rbs	746.000000	0.000000	0.000000
1024.999048	__gene_B_rbs	725.000000	0.000000	0.000000
1024.999048	__gene_C_rbs	714.000000	0.000000	0.000000
1024.999048	__gene_D_rbs	711.000000	0.000000	0.000000
1024.999048	__gene_E_rbs	706.000000	0.000000	0.000000
1024.999048	__gene_F_rbs	495.000000	0.000000	0.000000
1024.999048	__gene_G_rbs	364.000000	0.000000	0.000000
1024.999048	__gene_H_rbs	250.000000	0.000000	0.000000
1024.999048	__gene_J_rbs	700.000000	0.000000	0.000000
1024.999048	__gene_K_rbs	716.000000	0.000000	0.000000
1024.999048	__ribosome	0.000000	0.000000	0.000000
1024.999048	bound_ecolipol	1864.000000	0.000000	0.000000
1024.999048	bound_ribosome	100.000000	0.000000	0.000000
1024.999048	ecoli_genome	136.000000	0.000000	0.000000
1024.999048	ecoli_transcript	77184.000000	0.000000	0.000000
1024.999048	ecolipol	47.000000	0.000000	0.000000
1024.999048	gene_A	320.000000	746.000000	0.000000
1024.999048	gene_A*	241.000000	734.000000	0.000000
1024.999048	gene_B	186.000000	725.000000	0.000000
1024.999048	gene_C	189.000000	714.000000	0.000000
1024.999048	gene_D	144.000000	711.000000	0.001406
1024.999048	gene_E	169.000000	706.000000	0.000000
1024.999048	gene_F	88.000000	495.000000	0.000000
1024.999048	gene_G	41.000000	364.000000	0.049451
1024.999048	gene_H	0.000000	250.000000	0.156000
1024.999048	gene_J	109.000000	700.000000	0.060000
1024.999048	gene_K	178.000000	716.000000	0.000000
1024.999048	promoter_A	0.000000	0.000000	0.000000
1024.999048	promoter_B1	0.000000	0.000000	0.000000
1024.999048	promoter_D	0.000000	0.000000	0.000000
1029.999055	__gene_A*_rbs	737.000000	0.000000	0.000000
1029.999055	__gene_A_rbs	749.000000	0.000000	0.000000
1029.999055	__gene_B_rbs	729.000000	0.000000	0.000000
1029.999055	__gene_C_rbs	718.000000	0.000000	0.000000
1029.999055	__gene_D_rbs	714.000000	0.000000	0.000000
1029.999055	__gene_E_rbs	710.000000	0.000000	0.000000
1029.999055	__gene_F_rbs	498.000000	0.000000	0.000000
1029.999055	__gene_G_rbs	365.000000	0.000000	0.000000
1029.999055	__gene_H_rbs	251.000000	0.000000	0.000000
1029.999055	__gene_J_rbs	704.000000	0.000000	0.000000
1029.999055	__gene_K_rbs	720.000000	0.000000	0.000000
1029.999055	__ribosome	0.000000	0.000000	0.000000
1029.999055	bound_ecolipol	1880.000000	0.000000	0.000000
1029.999055	bound_ribosome	100.000000	0.000000	0.000000
1029.999055	ecoli_genome	120.000000	0.000000	0.000000
1029.999055	ecoli_transcript	77525.000000	0.000000	0.000000
1029.999055	ecolipol	34.000000	0.000000	0.000000
1029.999055	gene_A	320.000000	749.000000	0.000000
1029.999055	gene_A*	241.000000	737.000000	0.000000
1029.999055	gene_B	186.000000	729.000000	0.000000
1029.999055	gene_C	189.000000	718.000000	0.000000
1029.999055	gene_D	144.000000	714.000000	0.001401
1029.999055	gene_E	169.000000	710.000000	0.000000
1029.999055	gene_F	88.000000	498.000000	0.000000
1029.999055	gene_G	41.000000	365.000000	0.049315
1029.999055	gene_H	0.000000	251.000000	0.155378
1029.999055	gene_J	109.000000	704.000000	0.059659
1029.999055	gene_K	178.000000	720.000000	0.000000
1029.999055	promoter_A	0.000000	0.000000	0.000000
1029.999055	promoter_B1	0.000000	0.000000	0.000000
1029.999055	promoter_D	0.000000	0.000000	0.000000
1034.999070	__gene_A*_rbs	740.000000	0.000000	0.000000
1034.999070	__gene_A_rbs	752.000000	0.000000	0.000000
1034.999070	__gene_B_rbs	733.000000	0.000000	0.000000
1034.999070	__gene_C_rbs	722.000000	0.000000	0.000000
1034.999070	__gene_D_rbs	718.000000	0.000000	0.000000
1034.999070	__gene_E_rbs	714.000000	0.000000	0.000000
1034.999070	__gene_F_rbs	501.000000	0.000000	0.000000
1034.999070	__gene_G_rbs	366.000000	0.000000	0.000000
1034.999070	__gene_H_rbs	251.000000	0.000000	0.000000
1034.999070	__gene_J_rbs	708.000000	0.000000	0.000000
1034.999070	__gene_K_rbs	724.000000	0.000000	0.000000
1034.999070	__ribosome	0.000000	0.000000	0.000000
1034.999070	bound_ecolipol	1884.000000	0.000000	0.000000
1034.999070	bound_ribosome	100.000000	0.000000	0.000000
1034.999070	ecoli_genome	116.000000	0.000000	0.000000
1034.999070	ecoli_transcript	77854.000000	0.000000	0.000000
1034.999070	ecolipol	29.000000	0.000000	0.000000
1034.999070	gene_A	320.000000	752.000000	0.000000
1034.999070	gene_A*	241.000000	740.000000	0.000000
1034.999070	gene_B	186.000000	733.000000	0.000000
1034.999070	gene_C	189.000000	722.000000	0.000000
1034.999070	gene_D	144.000000	718.000000	0.001393
1034.999070	gene_E	169.000000	714.000000	0.000000
1034.999070	gene_F	88.000000	501.000000	0.000000
1034.999070	gene_G	41.000000	366.000000	0.049180
1034.999070	gene_H	0.000000	251.000000	0.155378
1034.999070	gene_J	109.000000	708.000000	0.059322
1034.999070	gene_K	178.000000	724.000000	0.000000
1034.999070	promoter_A	0.000000	0.000000	0.000000
1034.999070	promoter_B1	0.000000	0.000000	0.000000
1034.999070	promoter_D	0.000000	0.000000	0.000000
1039.999139	__gene_A*_rbs	743.000000	0.000000	0.000000
1039.999139	__gene_A_rbs	756.000000	0.000000	0.000000
1039.999139	__gene_B_rbs	736.000000	0.000000	0.000000
1039.999139	__gene_C_rbs	725.000000	0.000000	0.000000
1039.999139	__gene_D_rbs	722.000000	0.000000	0.000000
1039.999139	__gene_E_rbs	718.000000	0.000000	0.000000
1039.999139	__gene_F_rbs	503.000000	0.000000	0.000000
1039.999139	__gene_G_rbs	367.000000	0.000000	0.000000
1039.999139	__gene_H_rbs	253.000000	0.000000	0.000000
1039.999139	__gene_J_rbs	711.000000	0.000000	0.000000
1039.999139	__gene_K_rbs	727.000000	0.000000	0.000000
1039.999139	__ribosome	0.000000	0.000000	0.000000
1039.999139	bound_ecolipol	1878.000000	0.000000	0.000000
1039.999139	bound_ribosome	100.000000	0.000000	0.000000
1039.999139	ecoli_genome	122.000000	0.000000	0.000000
1039.999139	ecoli_transcript	78226.000000	0.000000	0.000000
1039.999139	ecolipol	38.000000	0.000000	0.000000
1039.999139	gene_A	320.000000	756.000000	0.000000
1039.999139	gene_A*	241.000000	743.000000	0.000000
1039.999139	gene_B	186.000000	736.000000	0.000000
1039.999139	gene_C	189.000000	725.000000	0.000000
1039.999139	gene_D	145.000000	722.000000	0.001385
1039.999139	gene_E	169.000000	718.000000	0.000000
1039.999139	gene_F	88.000000	503.000000	0.000000
1039.999139	gene_G	41.000000	367.000000	0.049046
1039.999139	gene_H	0.000000	253.000000	0.154150
1039.999139	gene_J	109.000000	711.000000	0.059072
1039.999139	gene_K	178.000000	727.000000	0.000000
1039.999139	promoter_A	0.000000	0.000000	0.000000
1039.999139	promoter_B1	0.000000	0.000000	0.000000
1039.999139	promoter_D	0.000000	0.000000	0.000000
1044.999225	__gene_A*_rbs	747.000000	0.000000	0.000000
1044.999225	__gene_A_rbs	760.000000	0.000000	0.000000
1044.999225	__gene_B_rbs	739.000000	0.000000	0.000000
1044.999225	__gene_C_rbs	729.000000	0.000000	0.000000
1044.999225	__gene_D_rbs	725.000000	0.000000	0.000000
1044.999225	__gene_E_rbs	722.000000	0.000000	0.000000
1044.999225	__gene_F_rbs	504.000000	0.000000	0.000000
1044.999225	__gene_G_rbs	368.000000	0.000000	0.000000
1044.999225	__gene_H_rbs	254.000000	0.000000	0.000000
1044.999225	__gene_J_rbs	715.000000	0.000000	0.000000
1044.999225	__gene_K_rbs	731.000000	0.000000	0.000000
1044.999225	__ribosome	0.000000	0.000000	0.000000
1044.999225	bound_ecolipol	1881.000000	0.000000	0.000000
1044.999225	bound_ribosome	100.000000	0.000000	0.000000
1044.999225	ecoli_genome	119.000000	0.000000	0.000000
1044.999225	ecoli_transcript	78606.000000	0.000000	0.000000
1044.999225	ecolipol	33.000000	0.000000	0.000000
1044.999225	gene_A	320.000000	760.000000	0.000000
1044.999225	gene_A*	241.000000	747.000000	0.000000
1044.999225	gene_B	186.000000	739.000000	0.000000
1044.999225	gene_C	189.000000	729.000000	0.000000
1044.999225	gene_D	145.000000	725.000000	0.001379
1044.999225	gene_E	169.000000	722.000000	0.000000
1044.999225	gene_F	88.000000	504.000000	0.000000
1044.999225	gene_G	41.000000	368.000000	0.048913
1044.999225	gene_H	0.000000	254.000000	0.153543
1044.999225	gene_J	109.000000	715.000000	0.058741
1044.999225	gene_K	178.000000	731.000000	0.000000
1044.999225	promoter_A	0.000000	0.000000	0.000000
1044.999225	promoter_B1	0.000000	0.000000	0.000000
1044.999225	promoter_D	0.000000	0.000000	0.000000
1049.999342	__gene_A*_rbs	751.000000	0.000000	0.000000
1049.999342	__gene_A_rbs	764.000000	0.000000	0.000000
1049.999342	__gene_B_rbs	744.000000	0.000000	0.000000
1049.999342	__gene_C_rbs	733.000000	0.000000	0.000000
1049.999342	__gene_D_rbs	729.000000	0.000000	0.000000
1049.999342	__gene_E_rbs	725.000000	0.000000	0.000000
1049.999342	__gene_F_rbs	508.000000	0.000000	0.000000
1049.999342	__gene_G_rbs	369.000000	0.000000	0.000000
1049.999342	__gene_H_rbs	255.000000	0.000000	0.000000
1049.999342	__gene_J_rbs	719.000000	0.000000	0.000000
1049.999342	__gene_K_rbs	735.000000	0.000000	0.000000
1049.999342	__ribosome	0.000000	0.000000	0.000000
1049.999342	bound_ecolipol	1870.000000	0.000000	0.000000
1049.999342	bound_ribosome	100.000000	0.000000	0.000000
1049.999342	ecoli_genome	130.000000	0.000000	0.000000
1049.999342	ecoli_transcript	78996.000000	0.000000	0.000000
1049.999342	ecolipol	45.000000	0.000000	0.000000
1049.999342	gene_A	320.000000	764.000000	0.000000
1049.999342	gene_A*	241.000000	751.000000	0.000000
1049.999342	gene_B	186.000000	744.000000	0.000000
1049.999342	gene_C	189.000000	733.000000	0.000000
1049.999342	gene_D	145.000000	729.000000	0.001372
1049.999342	gene_E	169.000000	725.000000	0.000000
1049.999342	gene_F	88.000000	508.000000	0.000000
1049.999342	gene_G	41.000000	369.000000	0.048780
1049.999342	gene_H	0.000000	255.000000	0.152941
1049.999342	gene_J	109.000000	719.000000	0.058414
1049.999342	gene_K	178.000000	735.000000	0.000000
1049.999342	promoter_A	0.000000	0.000000	0.000000
1049.999342	promoter_B1	0.000000	0.000000	0.000000
1049.999342	promoter_D	0.000000	0.000000	0.000000
1054.999040	__gene_A*_rbs	755.000000	0.000000	0.000000
1054.999040	__gene_A_rbs	767.000000	0.000000	0.000000
1054.999040	__gene_B_rbs	747.000000	0.000000	0.000000
1054.999040	__gene_C_rbs	737.000000	0.000000	0.000000
1054.999040	__gene_D_rbs	733.000000	0.000000	0.000000
1054.999040	__gene_E_rbs	728.000000	0.000000	0.000000
1054.999040	__gene_F_rbs	510.000000	0.000000	0.000000
1054.999040	__gene_G_rbs	369.000000	0.000000	0.000000
1054.999040	__gene_H_rbs	255.000000	0.000000	0.000000
1054.999040	__gene_J_rbs	722.000000	0.000000	0.000000
1054.999040	__gene_K_rbs	739.000000	0.000000	0.000000
1054.999040	__ribosome	0.000000	0.000000	0.000000
1054.999040	bound_ecolipol	1864.000000	0.000000	0.000000
1054.999040	bound_ribosome	100.000000	0.000000	0.000000
1054.999040	ecoli_genome	136.000000	0.000000	0.000000
1054.999040	ecoli_transcript	79360.000000	0.000000	0.000000
1054.999040	ecolipol	51.000000	0.000000	0.000000
1054.999040	gene_A	320.000000	767.000000	0.000000
1054.999040	gene_A*	241.000000	755.000000	0.000000
1054.999040	gene_B	186.000000	747.000000	0.000000
1054.999040	gene_C	189.000000	737.000000	0.000000
1054.999040	gene_D	146.000000	733.000000	0.001364
1054.999040	gene_E	169.000000	728.000000	0.000000
1054.999040	gene_F	88.000000	510.000000	0.000000
1054.999040	gene_G	41.000000	369.000000	0.048780
1054.999040	gene_H	0.000000	255.000000	0.152941
1054.999040	gene_J	109.000000	722.000000	0.058172
1054.999040	gene_K	178.000000	739.000000	0.000000
1054.999040	promoter_A	0.000000	0.000000	0.000000
1054.999040	promoter_B1	0.000000	0.000000	0.000000
1054.999040	promoter_D	0.000000	0.000000	0.000000
1059.999395	__gene_A*_rbs	758.000000	0.000000	0.000000
1059.999395	__gene_A_rbs	771.000000	0.000000	0.000000
1059.999395	__gene_B_rbs	751.000000	0.000000	0.000000
1059.999395	__gene_C_rbs	740.000000	0.000000	0.000000
1059.999395	__gene_D_rbs	736.000000	0.000000	0.000000
1059.999395	__gene_E_rbs	732.000000	0.000000	0.000000
1059.999395	__gene_F_rbs	513.000000	0.000000	0.000000
1059.999395	__gene_G_rbs	373.000000	0.000000	0.000000
1059.999395	__gene_H_rbs	255.000000	0.000000	0.000000
1059.999395	__gene_J_rbs	726.000000	0.000000	0.000000
1059.999395	__gene_K_rbs	742.000000	0.000000	0.000000
1059.999395	__ribosome	0.000000	0.000000	0.000000
1059.999395	bound_ecolipol	1868.000000	0.000000	0.000000
1059.999395	bound_ribosome	100.000000	0.000000	0.000000
1059.999395	ecoli_genome	132.000000	0.000000	0.000000
1059.999395	ecoli_transcript	79698.000000	0.000000	0.000000
1059.999395	ecolipol	45.000000	0.000000	0.000000
1059.999395	gene_A	320.000000	771.000000	0.000000
1059.999395	gene_A*	241.000000	758.000000	0.000000
1059.999395	gene_B	186.000000	751.000000	0.000000
1059.999395	gene_C	189.000000	740.000000	0.000000
1059.999395	gene_D	146.000000	736.000000	0.001359
1059.999395	gene_E	169.000000	732.000000	0.000000
1059.999395	gene_F	88.000000	513.000000	0.000000
1059.999395	gene_G	41.000000	373.000000	0.048257
1059.999395	gene_H	0.000000	255.000000	0.152941
1059.999395	gene_J	109.000000	726.000000	0.057851
1059.999395	gene_K	178.000000	742.000000	0.000000
1059.999395	promoter_A	1.000000	0.000000	0.000000
1059.999395	promoter_B1	0.000000	0.000000	0.000000
1059.999395	promoter_D	0.000000	0.000000	0.000000
1064.999209	__gene_A*_rbs	762.000000	0.000000	0.000000
1064.999209	__gene_A_rbs	775.000000	0.000000	0.000000
1064.999209	__gene_B_rbs	754.000000	0.000000	0.000000
1064.999209	__gene_C_rbs	744.000000	0.000000	0.000000
1064.999209	__gene_D_rbs	740.000000	0.000000	0.000000
1064.999209	__gene_E_rbs	736.000000	0.000000	0.000000
1064.999209	__gene_F_rbs	516.000000	0.000000	0.000000
1064.999209	__gene_G_rbs	375.000000	0.000000	0.000000
1064.999209	__gene_H_rbs	257.000000	0.000000	0.000000
1064.999209	__gene_J_rbs	729.000000	0.000000	0.000000
1064.999209	__gene_K_rbs	746.000000	0.000000	0.000000
1064.999209	__ribosome	0.000000	0.000000	0.000000
1064.999209	bound_ecolipol	1868.000000	0.000000	0.000000
1064.999209	bound_ribosome	100.000000	0.000000	0.000000
1064.999209	ecoli_genome	132.000000	0.000000	0.000000
1064.999209	ecoli_transcript	80113.000000	0.000000	0.000000
1064.999209	ecolipol	43.000000	0.000000	0.000000
1064.999209	gene_A	320.000000	775.000000	0.000000
1064.999209	gene_A*	241.000000	762.000000	0.000000
1064.999209	gene_B	186.000000	754.000000	0.000000
1064.999209	gene_C	189.000000	744.000000	0.000000
1064.999209	gene_D	146.000000	740.000000	0.001351
1064.999209	gene_E	169.000000	736.000000	0.000000
1064.999209	gene_F	88.000000	516.000000	0.000000
1064.999209	gene_G	41.000000	375.000000	0.048000
1064.999209	gene_H	0.000000	257.000000	0.151751
1064.999209	gene_J	109.000000	729.000000	0.057613
1064.999209	gene_K	178.000000	746.000000	0.000000
1064.999209	promoter_A	0.000000	0.000000	0.000000
1064.999209	promoter_B1	0.000000	0.000000	0.000000
1064.999209	promoter_D	0.000000	0.000000	0.000000
1069.999102	__gene_A*_rbs	766.000000	0.000000	0.000000
1069.999102	__gene_A_rbs	778.000000	0.000000	0.000000
1069.999102	__gene_B_rbs	757.000000	0.000000	0.000000
1069.999102	__gene_C_rbs	748.000000	0.000000	0.000000
1069.999102	__gene_D_rbs	743.000000	0.000000	0.000000
1069.999102	__gene_E_rbs	740.000000	0.000000	0.000000
1069.999102	__gene_F_rbs	519.000000	0.000000	0.000000
1069.999102	__gene_G_rbs	376.000000	0.000000	0.000000
1069.999102	__gene_H_rbs	257.000000	0.000000	0.000000
1069.999102	__gene_J_rbs	733.000000	0.000000	0.000000
1069.999102	__gene_K_rbs	750.000000	0.000000	0.000000
1069.999102	__ribosome	0.000000	0.000000	0.000000
1069.999102	bound_ecolipol	1878.000000	0.000000	0.000000
1069.999102	bound_ribosome	100.000000	0.000000	0.000000
1069.999102	ecoli_genome	122.000000	0.000000	0.000000
1069.999102	ecoli_transcript	80478.000000	0.000000	0.000000
1069.999102	ecolipol	34.000000	0.000000	0.000000
1069.999102	gene_A	320.000000	778.000000	0.001285
1069.999102	gene_A*	241.000000	766.000000	0.000000
1069.999102	gene_B	186.000000	757.000000	0.000000
1069.999102	gene_C	189.000000	748.000000	0.000000
1069.999102	gene_D	147.000000	743.000000	0.000000
1069.999102	gene_E	169.000000	740.000000	0.000000
1069.999102	gene_F	88.000000	519.000000	0.000000
1069.999102	gene_G	41.000000	376.000000	0.047872
1069.999102	gene_H	0.000000	257.000000	0.151751
1069.999102	gene_J	109.000000	733.000000	0.057299
1069.999102	gene_K	178.000000	750.000000	0.000000
1069.999102	promoter_A	0.000000	0.000000	0.000000
1069.999102	promoter_B1	0.000000	0.000000	0.000000
1069.999102	promoter_D	0.000000	0.000000	0.000000
1074.999191	__gene_A*_rbs	769.000000	0.000000	0.000000
1074.999191	__gene_A_rbs	782.000000	0.000000	0.000000
1074.999191	__gene_B_rbs	761.000000	0.000000	0.000000
1074.999191	__gene_C_rbs	751.000000	0.000000	0.000000
1074.999191	__gene_D_rbs	747.000000	0.000000	0.000000
1074.999191	__gene_E_rbs	743.000000	0.000000	0.000000
1074.999191	__gene_F_rbs	522.000000	0.000000	0.000000
1074.999191	__gene_G_rbs	378.000000	0.000000	0.000000
1074.999191	__gene_H_rbs	260.000000	0.000000	0.000000
1074.999191	__gene_J_rbs	737.000000	0.000000	0.000000
1074.999191	__gene_K_rbs	753.000000	0.000000	0.000000
1074.999191	__ribosome	0.000000	0.000000	0.000000
1074.999191	bound_ecolipol	1865.000000	0.000000	0.000000
1074.999191	bound_ribosome	100.000000	0.000000	0.000000
1074.999191	ecoli_genome	135.000000	0.000000	0.000000
1074.999191	ecoli_transcript	80880.000000	0.000000	0.000000
1074.999191	ecolipol	46.000000	0.000000	0.000000
1074.999191	gene_A	320.000000	782.000000	0.001279
1074.999191	gene_A*	241.000000	769.000000	0.000000
1074.999191	gene_B	186.000000	761.000000	0.000000
1074.999191	gene_C	189.000000	751.000000	0.000000
1074.999191	gene_D	147.000000	747.000000	0.000000
1074.999191	gene_E	169.000000	743.000000	0.000000
1074.999191	gene_F	88.000000	522.000000	0.000000
1074.999191	gene_G	41.000000	378.000000	0.047619
1074.999191	gene_H	0.000000	260.000000	0.150000
1074.999191	gene_J	109.000000	737.000000	0.056988
1074.999191	gene_K	178.000000	753.000000	0.000000
1074.999191	promoter_A	0.000000	0.000000	0.000000
1074.999191	promoter_B1	0.000000	0.000000	0.000000
1074.999191	promoter_D	0.000000	0.000000	0.000000
1079.999117	__gene_A*_rbs	773.000000	0.000000	0.000000
1079.999117	__gene_A_rbs	786.000000	0.000000	0.000000
1079.999117	__gene_B_rbs	765.000000	0.000000	0.000000
1079.999117	__gene_C_rbs	754.000000	0.000000	0.000000
1079.999117	__gene_D_rbs	751.000000	0.000000	0.000000
1079.999117	__gene_E_rbs	747.000000	0.000000	0.000000
1079.999117	__gene_F_rbs	525.000000	0.000000	0.000000
1079.999117	__gene_G_rbs	381.000000	0.000000	0.000000
1079.999117	__gene_H_rbs	261.000000	0.000000	0.000000
1079.999117	__gene_J_rbs	740.000000	0.000000	0.000000
1079.999117	__gene_K_rbs	756.000000	0.000000	0.000000
1079.999117	__ribosome	0.000000	0.000000	0.000000
1079.999117	bound_ecolipol	1878.000000	0.000000	0.000000
1079.999117	bound_ribosome	100.000000	0.000000	0.000000
1079.999117	ecoli_genome	122.000000	0.000000	0.000000
1079.999117	ecoli_transcript	81224.000000	0.000000	0.000000
1079.999117	ecolipol	33.000000	0.000000	0.000000
1079.999117	gene_A	320.000000	786.000000	0.001272
1079.999117	gene_A*	241.000000	773.000000	0.000000
1079.999117	gene_B	186.000000	765.000000	0.000000
1079.999117	gene_C	189.000000	754.000000	0.000000
1079.999117	gene_D	147.000000	751.000000	0.000000
1079.999117	gene_E	169.000000	747.000000	0.000000
1079.999117	gene_F	88.000000	525.000000	0.000000
1079.999117	gene_G	41.000000	381.000000	0.047244
1079.999117	gene_H	0.000000	261.000000	0.149425
1079.999117	gene_J	109.000000	740.000000	0.056757
1079.999117	gene_K	178.000000	756.000000	0.000000
1079.999117	promoter_A	0.000000	0.000000	0.000000
1079.999117	promoter_B1	0.000000	0.000000	0.000000
1079.999117	promoter_D	0.000000	0.000000	0.000000
1084.999228	__gene_A*_rbs	777.000000	0.000000	0.000000
1084.999228	__gene_A_rbs	789.000000	0.000000	0.000000
1084.999228	__gene_B_rbs	768.000000	0.000000	0.000000
1084.999228	__gene_C_rbs	758.000000	0.000000	0.000000
1084.999228	__gene_D_rbs	755.000000	0.000000	0.000000
1084.999228	__gene_E_rbs	751.000000	0.000000	0.000000
1084.999228	__gene_F_rbs	527.000000	0.000000	0.000000
1084.999228	__gene_G_rbs	383.000000	0.000000	0.000000
1084.999228	__gene_H_rbs	262.000000	0.000000	0.000000
1084.999228	__gene_J_rbs	744.000000	0.000000	0.000000
1084.999228	__gene_K_rbs	760.000000	0.000000	0.000000
1084.999228	__ribosome	0.000000	0.000000	0.000000
1084.999228	bound_ecolipol	1862.000000	0.000000	0.000000
1084.999228	bound_ribosome	100.000000	0.000000	0.000000
1084.999228	ecoli_genome	138.000000	0.000000	0.000000
1084.999228	ecoli_transcript	81635.000000	0.000000	0.000000
1084.999228	ecolipol	46.000000	0.000000	0.000000
1084.999228	gene_A	320.000000	789.000000	0.001267
1084.999228	gene_A*	241.000000	777.000000	0.000000
1084.999228	gene_B	186.000000	768.000000	0.000000
1084.999228	gene_C	189.000000	758.000000	0.000000
1084.999228	gene_D	147.000000	755.000000	0.000000
1084.999228	gene_E	169.000000	751.000000	0.000000
1084.999228	gene_F	88.000000	527.000000	0.000000
1084.999228	gene_G	41.000000	383.000000	0.046997
1084.999228	gene_H	0.000000	262.000000	0.148855
1084.999228	gene_J	109.000000	744.000000	0.056452
1084.999228	gene_K	178.000000	760.000000	0.000000
1084.999228	promoter_A	0.000000	0.000000	0.000000
1084.999228	promoter_B1	0.000000	0.000000	0.000000
1084.999228	promoter_D	1.000000	0.000000	0.000000
1089.999461	__gene_A*_rbs	781.000000	0.000000	0.000000
1089.999461	__gene_A_rbs	793.000000	0.000000	0.000000
1089.999461	__gene_B_rbs	772.000000	0.000000	0.000000
1089.999461	__gene_C_rbs	762.000000	0.000000	0.000000
1089.999461	__gene_D_rbs	758.000000	0.000000	0.000000
1089.999461	__gene_E_rbs	754.000000	0.000000	0.000000
1089.999461	__gene_F_rbs	530.000000	0.000000	0.000000
1089.999461	__gene_G_rbs	386.000000	0.000000	0.000000
1089.999461	__gene_H_rbs	263.000000	0.000000	0.000000
1089.999461	__gene_J_rbs	747.000000	0.000000	0.000000
1089.999461	__gene_K_rbs	764.000000	0.000000	0.000000
1089.999461	__ribosome	0.000000	0.000000	0.000000
1089.999461	bound_ecolipol	1867.000000	0.000000	0.000000
1089.999461	bound_ribosome	100.000000	0.000000	0.000000
1089.999461	ecoli_genome	133.000000	0.000000	0.000000
1089.999461	ecoli_transcript	81992.000000	0.000000	0.000000
1089.999461	ecolipol	39.000000	0.000000	0.000000
1089.999461	gene_A	320.000000	793.000000	0.001261
1089.999461	gene_A*	241.000000	781.000000	0.000000
1089.999461	gene_B	186.000000	772.000000	0.000000
1089.999461	gene_C	189.000000	762.000000	0.000000
1089.999461	gene_D	147.000000	758.000000	0.000000
1089.999461	gene_E	169.000000	754.000000	0.000000
1089.999461	gene_F	88.000000	530.000000	0.000000
1089.999461	gene_G	41.000000	386.000000	0.046632
1089.999461	gene_H	0.000000	263.000000	0.148289
1089.999461	gene_J	109.000000	747.000000	0.056225
1089.999461	gene_K	178.000000	764.000000	0.000000
1089.999461	promoter_A	0.000000	0.000000	0.000000
1089.999461	promoter_B1	0.000000	0.000000	0.000000
1089.999461	promoter_D	0.000000	0.000000	0.000000
1094.999086	__gene_A*_rbs	785.000000	0.000000	0.000000
1094.999086	__gene_A_rbs	796.000000	0.000000	0.000000
1094.999086	__gene_B_rbs	775.000000	0.000000	0.000000
1094.999086	__gene_C_rbs	766.000000	0.000000	0.000000
1094.999086	__gene_D_rbs	762.000000	0.000000	0.000000
1094.999086	__gene_E_rbs	758.000000	0.000000	0.000000
1094.999086	__gene_F_rbs	534.000000	0.000000	0.000000
1094.999086	__gene_G_rbs	387.000000	0.000000	0.000000
1094.999086	__gene_H_rbs	266.000000	0.000000	0.000000
1094.999086	__gene_J_rbs	752.000000	0.000000	0.000000
1094.999086	__gene_K_rbs	768.000000	0.000000	0.000000
1094.999086	__ribosome	0.000000	0.000000	0.000000
1094.999086	bound_ecolipol	1866.000000	0.000000	0.000000
1094.999086	bound_ribosome	100.000000	0.000000	0.000000
1094.999086	ecoli_genome	134.000000	0.000000	0.000000
1094.999086	ecoli_transcript	82358.000000	0.000000	0.000000
1094.999086	ecolipol	39.000000	0.000000	0.000000
1094.999086	gene_A	320.000000	796.000000	0.001256
1094.999086	gene_A*	241.000000	785.000000	0.000000
1094.999086	gene_B	186.000000	775.000000	0.000000
1094.999086	gene_C	189.000000	766.000000	0.000000
1094.999086	gene_D	147.000000	762.000000	0.000000
1094.999086	gene_E	169.000000	758.000000	0.000000
1094.999086	gene_F	88.000000	534.000000	0.000000
1094.999086	gene_G	41.000000	387.000000	0.046512
1094.999086	gene_H	0.000000	266.000000	0.146617
1094.999086	gene_J	109.000000	752.000000	0.055851
1094.999086	gene_K	178.000000	768.000000	0.000000
1094.999086	promoter_A	0.000000	0.000000	0.000000
1094.999086	promoter_B1	0.000000	0.000000	0.000000
1094.999086	promoter_D	0.000000	0.000000	0.000000
1099.999941	__gene_A*_rbs	788.000000	0.000000	0.000000
1099.999941	__gene_A_rbs	800.000000	0.000000	0.000000
1099.999941	__gene_B_rbs	779.000000	0.000000	0.000000
1099.999941	__gene_C_rbs	769.000000	0.000000	0.000000
1099.999941	__gene_D_rbs	765.000000	0.000000	0.000000
1099.999941	__gene_E_rbs	761.000000	0.000000	0.000000
1099.999941	__gene_F_rbs	537.000000	0.000000	0.000000
1099.999941	__gene_G_rbs	390.000000	0.000000	0.000000
1099.999941	__gene_H_rbs	266.000000	0.000000	0.000000
1099.999941	__gene_J_rbs	755.000000	0.000000	0.000000
1099.999941	__gene_K_rbs	771.000000	0.000000	0.000000
1099.999941	__ribosome	0.000000	0.000000	0.000000
1099.999941	bound_ecolipol	1873.000000	0.000000	0.000000
1099.999941	bound_ribosome	100.000000	0.000000	0.000000
1099.999941	ecoli_genome	127.000000	0.000000	0.000000
1099.999941	ecoli_transcript	82727.000000	0.000000	0.000000
1099.999941	ecolipol	32.000000	0.000000	0.000000
1099.999941	gene_A	320.000000	800.000000	0.001250
1099.999941	gene_A*	241.000000	788.000000	0.000000
1099.999941	gene_B	186.000000	779.000000	0.000000
1099.999941	gene_C	189.000000	769.000000	0.000000
1099.999941	gene_D	147.000000	765.000000	0.000000
1099.999941	gene_E	169.000000	761.000000	0.000000
1099.999941	gene_F	88.000000	537.000000	0.000000
1099.999941	gene_G	41.000000	390.000000	0.046154
1099.999941	gene_H	0.000000	266.000000	0.146617
1099.999941	gene_J	109.000000	755.000000	0.055629
1099.999941	gene_K	178.000000	771.000000	0.000000
1099.999941	promoter_A	0.000000	0.000000	0.000000
1099.999941	promoter_B1	0.000000	0.000000	0.000000
1099.999941	promoter_D	0.000000	0.000000	0.000000
1104.999260	__gene_A*_rbs	792.000000	0.000000	0.000000
1104.999260	__gene_A_rbs	804.000000	0.000000	0.000000
1104.999260	__gene_B_rbs	783.000000	0.000000	0.000000
1104.999260	__gene_C_rbs	773.000000	0.000000	0.000000
1104.999260	__gene_D_rbs	769.000000	0.000000	0.000000
1104.999260	__gene_E_rbs	765.000000	0.000000	0.000000
1104.999260	__gene_F_rbs	539.000000	0.000000	0.000000
1104.999260	__gene_G_rbs	394.000000	0.000000	0.000000
1104.999260	__gene_H_rbs	268.000000	0.000000	0.000000
1104.999260	__gene_J_rbs	759.000000	0.000000	0.000000
1104.999260	__gene_K_rbs	775.000000	0.000000	0.000000
1104.999260	__ribosome	0.000000	0.000000	0.000000
1104.999260	bound_ecolipol	1861.000000	0.000000	0.000000
1104.999260	bound_ribosome	100.000000	0.000000	0.000000
1104.999260	ecoli_genome	139.000000	0.000000	0.000000
1104.999260	ecoli_transcript	83125.000000	0.000000	0.000000
1104.999260	ecolipol	43.000000	0.000000	0.000000
1104.999260	gene_A	320.000000	804.000000	0.001244
1104.999260	gene_A*	241.000000	792.000000	0.000000
1104.999260	gene_B	186.000000	783.000000	0.000000
1104.999260	gene_C	189.000000	773.000000	0.000000
1104.999260	gene_D	147.000000	769.000000	0.000000
1104.999260	gene_E	169.000000	765.000000	0.000000
1104.999260	gene_F	88.000000	539.000000	0.000000
1104.999260	gene_G	41.000000	394.000000	0.045685
1104.999260	gene_H	0.000000	268.000000	0.145522
1104.999260	gene_J	109.000000	759.000000	0.055336
1104.999260	gene_K	178.000000	775.000000	0.000000
1104.999260	promoter_A	0.000000	0.000000	0.000000
1104.999260	promoter_B1	0.000000	0.000000	0.000000
1104.999260	promoter_D	0.000000	0.000000	0.000000
1109.999011	__gene_A*_rbs	795.000000	0.000000	0.000000
1109.999011	__gene_A_rbs	807.000000	0.000000	0.000000
1109.999011	__gene_B_rbs	787.000000	0.000000	0.000000
1109.999011	__gene_C_rbs	777.000000	0.000000	0.000000
1109.999011	__gene_D_rbs	773.000000	0.000000	0.000000
1109.999011	__gene_E_rbs	769.000000	0.000000	0.000000
1109.999011	__gene_F_rbs	542.000000	0.000000	0.000000
1109.999011	__gene_G_rbs	396.000000	0.000000	0.000000
1109.999011	__gene_H_rbs	270.000000	0.000000	0.000000
1109.999011	__gene_J_rbs	762.000000	0.000000	0.000000
1109.999011	__gene_K_rbs	778.000000	0.000000	0.000000
1109.999011	__ribosome	0.000000	0.000000	0.000000
1109.999011	bound_ecolipol	1860.000000	0.000000	0.000000
1109.999011	bound_ribosome	100.000000	0.000000	0.000000
1109.999011	ecoli_genome	140.000000	0.000000	0.000000
1109.999011	ecoli_transcript	83493.000000	0.000000	0.000000
1109.999011	ecolipol	43.000000	0.000000	0.000000
1109.999011	gene_A	320.000000	807.000000	0.001239
1109.999011	gene_A*	241.000000	795.000000	0.000000
1109.999011	gene_B	186.000000	787.000000	0.000000
1109.999011	gene_C	189.000000	777.000000	0.000000
1109.999011	gene_D	147.000000	773.000000	0.000000
1109.999011	gene_E	169.000000	769.000000	0.000000
1109.999011	gene_F	88.000000	542.000000	0.000000
1109.999011	gene_G	41.000000	396.000000	0.045455
1109.999011	gene_H	0.000000	270.000000	0.144444
1109.999011	gene_J	109.000000	762.000000	0.055118
1109.999011	gene_K	178.000000	778.000000	0.000000
1109.999011	promoter_A	0.000000	0.000000	0.000000
1109.999011	promoter_B1	0.000000	0.000000	0.000000
1109.999011	promoter_D	0.000000	0.000000	0.000000
1114.999202	__gene_A*_rbs	799.000000	0.000000	0.000000
1114.999202	__gene_A_rbs	811.000000	0.000000	0.000000
1114.999202	__gene_B_rbs	791.000000	0.000000	0.000000
1114.999202	__gene_C_rbs	780.000000	0.000000	0.000000
1114.999202	__gene_D_rbs	776.000000	0.000000	0.000000
1114.999202	__gene_E_rbs	772.000000	0.000000	0.000000
1114.999202	__gene_F_rbs	544.000000	0.000000	0.000000
1114.999202	__gene_G_rbs	398.000000	0.000000	0.000000
1114.999202	__gene_H_rbs	271.000000	0.000000	0.000000
1114.999202	__gene_J_rbs	766.000000	0.000000	0.000000
1114.999202	__gene_K_rbs	782.000000	0.000000	0.000000
1114.999202	__ribosome	0.000000	0.000000	0.000000
1114.999202	bound_ecolipol	1872.000000	0.000000	0.000000
1114.999202	bound_ribosome	100.000000	0.000000	0.000000
1114.999202	ecoli_genome	128.000000	0.000000	0.000000
1114.999202	ecoli_transcript	83866.000000	0.000000	0.000000
1114.999202	ecolipol	35.000000	0.000000	0.000000
1114.999202	gene_A	320.000000	811.000000	0.001233
1114.999202	gene_A*	241.000000	799.000000	0.000000
1114.999202	gene_B	186.000000	791.000000	0.000000
1114.999202	gene_C	189.000000	780.000000	0.000000
1114.999202	gene_D	147.000000	776.000000	0.000000
1114.999202	gene_E	169.000000	772.000000	0.000000
1114.999202	gene_F	88.000000	544.000000	0.000000
1114.999202	gene_G	41.000000	398.000000	0.045226
1114.999202	gene_H	0.000000	271.000000	0.143911
1114.999202	gene_J	109.000000	766.000000	0.054830
1114.999202	gene_K	178.000000	782.000000	0.000000
1114.999202	promoter_A	0.000000	0.000000	0.000000
1114.999202	promoter_B1	0.000000	0.000000	0.000000
1114.999202	promoter_D	0.000000	0.000000	0.000000
1119.999287	__gene_A*_rbs	803.000000	0.000000	0.000000
1119.999287	__gene_A_rbs	814.000000	0.000000	0.000000
1119.999287	__gene_B_rbs	794.000000	0.000000	0.000000
1119.999287	__gene_C_rbs	782.000000	0.000000	0.000000
1119.999287	__gene_D_rbs	780.000000	0.000000	0.000000
1119.999287	__gene_E_rbs	776.000000	0.000000	0.000000
1119.999287	__gene_F_rbs	546.000000	0.000000	0.000000
1119.999287	__gene_G_rbs	401.000000	0.000000	0.000000
1119.999287	__gene_H_rbs	272.000000	0.000000	0.000000
1119.999287	__gene_J_rbs	769.000000	0.000000	0.000000
1119.999287	__gene_K_rbs	786.000000	0.000000	0.000000
1119.999287	__ribosome	0.000000	0.000000	0.000000
1119.999287	bound_ecolipol	1875.000000	0.000000	0.000000
1119.999287	bound_ribosome	100.000000	0.000000	0.000000
1119.999287	ecoli_genome	125.000000	0.000000	0.000000
1119.999287	ecoli_transcript	84225.000000	0.000000	0.000000
1119.999287	ecolipol	32.000000	0.000000	0.000000
1119.999287	gene_A	320.000000	814.000000	0.001229
1119.999287	gene_A*	241.000000	803.000000	0.000000
1119.999287	gene_B	186.000000	794.000000	0.000000
1119.999287	gene_C	189.000000	783.000000	0.000000
1119.999287	gene_D	147.000000	780.000000	0.000000
1119.999287	gene_E	169.000000	776.000000	0.000000
1119.999287	gene_F	88.000000	546.000000	0.000000
1119.999287	gene_G	41.000000	401.000000	0.044888
1119.999287	gene_H	0.000000	272.000000	0.143382
1119.999287	gene_J	109.000000	769.000000	0.054616
1119.999287	gene_K	178.000000	786.000000	0.000000
1119.999287	promoter_A	0.000000	0.000000	0.000000
1119.999287	promoter_B1	0.000000	0.000000	0.000000
1119.999287	promoter_D	0.000000	0.000000	0.000000
1124.999207	__gene_A*_rbs	807.000000	0.000000	0.000000
1124.999207	__gene_A_rbs	818.000000	0.000000	0.000000
1124.999207	__gene_B_rbs	798.000000	0.000000	0.000000
1124.999207	__gene_C_rbs	788.000000	0.000000	0.000000
1124.999207	__gene_D_rbs	783.000000	0.000000	0.000000
1124.999207	__gene_E_rbs	780.000000	0.000000	0.000000
1124.999207	__gene_F_rbs	549.000000	0.000000	0.000000
1124.999207	__gene_G_rbs	403.000000	0.000000	0.000000
1124.999207	__gene_H_rbs	274.000000	0.000000	0.000000
1124.999207	__gene_J_rbs	773.000000	0.000000	0.000000
1124.999207	__gene_K_rbs	789.000000	0.000000	0.000000
1124.999207	__ribosome	0.000000	0.000000	0.000000
1124.999207	bound_ecolipol	1867.000000	0.000000	0.000000
1124.999207	bound_ribosome	100.000000	0.000000	0.000000
1124.999207	ecoli_genome	133.000000	0.000000	0.000000
1124.999207	ecoli_transcript	84581.000000	0.000000	0.000000
1124.999207	ecolipol	40.000000	0.000000	0.000000
1124.999207	gene_A	321.000000	818.000000	0.000000
1124.999207	gene_A*	241.000000	807.000000	0.001239
1124.999207	gene_B	186.000000	798.000000	0.000000
1124.999207	gene_C	189.000000	788.000000	0.000000
1124.999207	gene_D	147.000000	783.000000	0.000000
1124.999207	gene_E	169.000000	780.000000	0.000000
1124.999207	gene_F	88.000000	549.000000	0.000000
1124.999207	gene_G	41.000000	403.000000	0.044665
1124.999207	gene_H	0.000000	274.000000	0.142336
1124.999207	gene_J	109.000000	773.000000	0.054334
1124.999207	gene_K	178.000000	789.000000	0.000000
1124.999207	promoter_A	0.000000	0.000000	0.000000
1124.999207	promoter_B1	0.000000	0.000000	0.000000
1124.999207	promoter_D	0.000000	0.000000	0.000000
1129.999239	__gene_A*_rbs	810.000000	0.000000	0.000000
1129.999239	__gene_A_rbs	821.000000	0.000000	0.000000
1129.999239	__gene_B_rbs	802.000000	0.000000	0.000000
1129.999239	__gene_C_rbs	791.000000	0.000000	0.000000
1129.999239	__gene_D_rbs	787.000000	0.000000	0.000000
1129.999239	__gene_E_rbs	783.000000	0.000000	0.000000
1129.999239	__gene_F_rbs	552.000000	0.000000	0.000000
1129.999239	__gene_G_rbs	405.000000	0.000000	0.000000
1129.999239	__gene_H_rbs	276.000000	0.000000	0.000000
1129.999239	__gene_J_rbs	777.000000	0.000000	0.000000
1129.999239	__gene_K_rbs	793.000000	0.000000	0.000000
1129.999239	__ribosome	0.000000	0.000000	0.000000
1129.999239	bound_ecolipol	1865.000000	0.000000	0.000000
1129.999239	bound_ribosome	100.000000	0.000000	0.000000
1129.999239	ecoli_genome	135.000000	0.000000	0.000000
1129.999239	ecoli_transcript	84989.000000	0.000000	0.000000
1129.999239	ecolipol	43.000000	0.000000	0.000000
1129.999239	gene_A	321.000000	821.000000	0.000000
1129.999239	gene_A*	241.000000	810.000000	0.001235
1129.999239	gene_B	186.000000	802.000000	0.000000
1129.999239	gene_C	189.000000	791.000000	0.000000
1129.999239	gene_D	147.000000	787.000000	0.000000
1129.999239	gene_E	169.000000	783.000000	0.000000
1129.999239	gene_F	88.000000	552.000000	0.000000
1129.999239	gene_G	41.000000	405.000000	0.044444
1129.999239	gene_H	0.000000	276.000000	0.141304
1129.999239	gene_J	109.000000	777.000000	0.054054
1129.999239	gene_K	178.000000	793.000000	0.000000
1129.999239	promoter_A	0.000000	0.000000	0.000000
1129.999239	promoter_B1	0.000000	0.000000	0.000000
1129.999239	promoter_D	0.000000	0.000000	0.000000
1134.999052	__gene_A*_rbs	814.000000	0.000000	0.000000
1134.999052	__gene_A_rbs	825.000000	0.000000	0.000000
1134.999052	__gene_B_rbs	805.000000	0.000000	0.000000
1134.999052	__gene_C_rbs	795.000000	0.000000	0.000000
1134.999052	__gene_D_rbs	791.000000	0.000000	0.000000
1134.999052	__gene_E_rbs	786.000000	0.000000	0.000000
1134.999052	__gene_F_rbs	554.000000	0.000000	0.000000
1134.999052	__gene_G_rbs	408.000000	0.000000	0.000000
1134.999052	__gene_H_rbs	277.000000	0.000000	0.000000
1134.999052	__gene_J_rbs	780.000000	0.000000	0.000000
1134.999052	__gene_K_rbs	797.000000	0.000000	0.000000
1134.999052	__ribosome	0.000000	0.000000	0.000000
1134.999052	bound_ecolipol	1874.000000	0.000000	0.000000
1134.999052	bound_ribosome	100.000000	0.000000	0.000000
1134.999052	ecoli_genome	126.000000	0.000000	0.000000
1134.999052	ecoli_transcript	85351.000000	0.000000	0.000000
1134.999052	ecolipol	34.000000	0.000000	0.000000
1134.999052	gene_A	321.000000	825.000000	0.000000
1134.999052	gene_A*	241.000000	814.000000	0.001229
1134.999052	gene_B	186.000000	805.000000	0.000000
1134.999052	gene_C	189.000000	795.000000	0.000000
1134.999052	gene_D	147.000000	791.000000	0.000000
1134.999052	gene_E	169.000000	786.000000	0.000000
1134.999052	gene_F	88.000000	554.000000	0.000000
1134.999052	gene_G	41.000000	408.000000	0.044118
1134.999052	gene_H	0.000000	277.000000	0.140794
1134.999052	gene_J	109.000000	780.000000	0.053846
1134.999052	gene_K	178.000000	797.000000	0.000000
1134.999052	promoter_A	0.000000	0.000000	0.000000
1134.999052	promoter_B1	0.000000	0.000000	0.000000
1134.999052	promoter_D	0.000000	0.000000	0.000000
1139.999089	__gene_A*_rbs	817.000000	0.000000	0.000000
1139.999089	__gene_A_rbs	829.000000	0.000000	0.000000
1139.999089	__gene_B_rbs	809.000000	0.000000	0.000000
1139.999089	__gene_C_rbs	798.000000	0.000000	0.000000
1139.999089	__gene_D_rbs	795.000000	0.000000	0.000000
1139.999089	__gene_E_rbs	790.000000	0.000000	0.000000
1139.999089	__gene_F_rbs	558.000000	0.000000	0.000000
1139.999089	__gene_G_rbs	410.000000	0.000000	0.000000
1139.999089	__gene_H_rbs	278.000000	0.000000	0.000000
1139.999089	__gene_J_rbs	784.000000	0.000000	0.000000
1139.999089	__gene_K_rbs	800.000000	0.000000	0.000000
1139.999089	__ribosome	0.000000	0.000000	0.000000
1139.999089	bound_ecolipol	1869.000000	0.000000	0.000000
1139.999089	bound_ribosome	100.000000	0.000000	0.000000
1139.999089	ecoli_genome	131.000000	0.000000	0.000000
1139.999089	ecoli_transcript	85698.000000	0.000000	0.000000
1139.999089	ecolipol	40.000000	0.000000	0.000000
1139.999089	gene_A	321.000000	829.000000	0.000000
1139.999089	gene_A*	241.000000	817.000000	0.001224
1139.999089	gene_B	186.000000	809.000000	0.000000
1139.999089	gene_C	189.000000	798.000000	0.000000
1139.999089	gene_D	147.000000	795.000000	0.000000
1139.999089	gene_E	169.000000	790.000000	0.000000
1139.999089	gene_F	88.000000	558.000000	0.000000
1139.999089	gene_G	41.000000	410.000000	0.043902
1139.999089	gene_H	0.000000	278.000000	0.140288
1139.999089	gene_J	109.000000	784.000000	0.053571
1139.999089	gene_K	178.000000	800.000000	0.000000
1139.999089	promoter_A	0.000000	0.000000	0.000000
1139.999089	promoter_B1	0.000000	0.000000	0.000000
1139.999089	promoter_D	0.000000	0.000000	0.000000
1144.999167	__gene_A*_rbs	821.000000	0.000000	0.000000
1144.999167	__gene_A_rbs	832.000000	0.000000	0.000000
1144.999167	__gene_B_rbs	812.000000	0.000000	0.000000
1144.999167	__gene_C_rbs	802.000000	0.000000	0.000000
1144.999167	__gene_D_rbs	798.000000	0.000000	0.000000
1144.999167	__gene_E_rbs	794.000000	0.000000	0.000000
1144.999167	__gene_F_rbs	561.000000	0.000000	0.000000
1144.999167	__gene_G_rbs	413.000000	0.000000	0.000000
1144.999167	__gene_H_rbs	279.000000	0.000000	0.000000
1144.999167	__gene_J_rbs	787.000000	0.000000	0.000000
1144.999167	__gene_K_rbs	804.000000	0.000000	0.000000
1144.999167	__ribosome	0.000000	0.000000	0.000000
1144.999167	bound_ecolipol	1872.000000	0.000000	0.000000
1144.999167	bound_ribosome	100.000000	0.000000	0.000000
1144.999167	ecoli_genome	128.000000	0.000000	0.000000
1144.999167	ecoli_transcript	86087.000000	0.000000	0.000000
1144.999167	ecolipol	35.000000	0.000000	0.000000
1144.999167	gene_A	321.000000	832.000000	0.000000
1144.999167	gene_A*	241.000000	821.000000	0.001218
1144.999167	gene_B	186.000000	812.000000	0.000000
1144.999167	gene_C	189.000000	802.000000	0.000000
1144.999167	gene_D	147.000000	798.000000	0.000000
1144.999167	gene_E	169.000000	794.000000	0.000000
1144.999167	gene_F	88.000000	561.000000	0.000000
1144.999167	gene_G	41.000000	413.000000	0.043584
1144.999167	gene_H	0.000000	279.000000	0.139785
1144.999167	gene_J	109.000000	787.000000	0.053367
1144.999167	gene_K	178.000000	804.000000	0.000000
1144.999167	promoter_A	0.000000	0.000000	0.000000
1144.999167	promoter_B1	0.000000	0.000000	0.000000
1144.999167	promoter_D	0.000000	0.000000	0.000000
1149.999066	__gene_A*_rbs	825.000000	0.000000	0.000000
1149.999066	__gene_A_rbs	836.000000	0.000000	0.000000
1149.999066	__gene_B_rbs	816.000000	0.000000	0.000000
1149.999066	__gene_C_rbs	805.000000	0.000000	0.000000
1149.999066	__gene_D_rbs	802.000000	0.000000	0.000000
1149.999066	__gene_E_rbs	798.000000	0.000000	0.000000
1149.999066	__gene_F_rbs	564.000000	0.000000	0.000000
1149.999066	__gene_G_rbs	415.000000	0.000000	0.000000
1149.999066	__gene_H_rbs	282.000000	0.000000	0.000000
1149.999066	__gene_J_rbs	791.000000	0.000000	0.000000
1149.999066	__gene_K_rbs	807.000000	0.000000	0.000000
1149.999066	__ribosome	0.000000	0.000000	0.000000
1149.999066	bound_ecolipol	1873.000000	0.000000	0.000000
1149.999066	bound_ribosome	100.000000	0.000000	0.000000
1149.999066	ecoli_genome	127.000000	0.000000	0.000000
1149.999066	ecoli_transcript	86470.000000	0.000000	0.000000
1149.999066	ecolipol	33.000000	0.000000	0.000000
1149.999066	gene_A	321.000000	836.000000	0.000000
1149.999066	gene_A*	241.000000	825.000000	0.001212
1149.999066	gene_B	186.000000	816.000000	0.000000
1149.999066	gene_C	189.000000	805.000000	0.000000
1149.999066	gene_D	147.000000	802.000000	0.000000
1149.999066	gene_E	169.000000	798.000000	0.000000
1149.999066	gene_F	88.000000	564.000000	0.000000
1149.999066	gene_G	41.000000	415.000000	0.043373
1149.999066	gene_H	0.000000	282.000000	0.138298
1149.999066	gene_J	109.000000	791.000000	0.053097
1149.999066	gene_K	178.000000	807.000000	0.000000
1149.999066	promoter_A	1.000000	0.000000	0.000000
1149.999066	promoter_B1	0.000000	0.000000	0.000000
1149.999066	promoter_D	0.000000	0.000000	0.000000
1154.999273	__gene_A*_rbs	828.000000	0.000000	0.000000
1154.999273	__gene_A_rbs	840.000000	0.000000	0.000000
1154.999273	__gene_B_rbs	820.000000	0.000000	0.000000
1154.999273	__gene_C_rbs	809.000000	0.000000	0.000000
1154.999273	__gene_D_rbs	805.000000	0.000000	0.000000
1154.999273	__gene_E_rbs	801.000000	0.000000	0.000000
1154.999273	__gene_F_rbs	567.000000	0.000000	0.000000
1154.999273	__gene_G_rbs	417.000000	0.000000	0.000000
1154.999273	__gene_H_rbs	283.000000	0.000000	0.000000
1154.999273	__gene_J_rbs	794.000000	0.000000	0.000000
1154.999273	__gene_K_rbs	811.000000	0.000000	0.000000
1154.999273	__ribosome	0.000000	0.000000	0.000000
1154.999273	bound_ecolipol	1868.000000	0.000000	0.000000
1154.999273	bound_ribosome	100.000000	0.000000	0.000000
1154.999273	ecoli_genome	132.000000	0.000000	0.000000
1154.999273	ecoli_transcript	86853.000000	0.000000	0.000000
1154.999273	ecolipol	38.000000	0.000000	0.000000
1154.999273	gene_A	321.000000	840.000000	0.000000
1154.999273	gene_A*	241.000000	828.000000	0.001208
1154.999273	gene_B	186.000000	820.000000	0.000000
1154.999273	gene_C	189.000000	810.000000	0.000000
1154.999273	gene_D	147.000000	805.000000	0.000000
1154.999273	gene_E	169.000000	801.000000	0.000000
1154.999273	gene_F	88.000000	567.000000	0.000000
1154.999273	gene_G	41.000000	417.000000	0.043165
1154.999273	gene_H	0.000000	283.000000	0.137809
1154.999273	gene_J	109.000000	794.000000	0.052897
1154.999273	gene_K	178.000000	811.000000	0.000000
1154.999273	promoter_A	0.000000	0.000000	0.000000
1154.999273	promoter_B1	0.000000	0.000000	0.000000
1154.999273	promoter_D	0.000000	0.000000	0.000000
1159.999299	__gene_A*_rbs	831.000000	0.000000	0.000000
1159.999299	__gene_A_rbs	843.000000	0.000000	0.000000
1159.999299	__gene_B_rbs	823.000000	0.000000	0.000000
1159.999299	__gene_C_rbs	813.000000	0.000000	0.000000
1159.999299	__gene_D_rbs	809.000000	0.000000	0.000000
1159.999299	__gene_E_rbs	805.000000	0.000000	0.000000
1159.999299	__gene_F_rbs	570.000000	0.000000	0.000000
1159.999299	__gene_G_rbs	418.000000	0.000000	0.000000
1159.999299	__gene_H_rbs	285.000000	0.000000	0.000000
1159.999299	__gene_J_rbs	798.000000	0.000000	0.000000
1159.999299	__gene_K_rbs	815.000000	0.000000	0.000000
1159.999299	__ribosome	0.000000	0.000000	0.000000
1159.999299	bound_ecolipol	1879.000000	0.000000	0.000000
1159.999299	bound_ribosome	100.000000	0.000000	0.000000
1159.999299	ecoli_genome	121.000000	0.000000	0.000000
1159.999299	ecoli_transcript	87213.000000	0.000000	0.000000
1159.999299	ecolipol	27.000000	0.000000	0.000000
1159.999299	gene_A	321.000000	843.000000	0.000000
1159.999299	gene_A*	242.000000	831.000000	0.000000
1159.999299	gene_B	186.000000	823.000000	0.000000
1159.999299	gene_C	189.000000	813.000000	0.000000
1159.999299	gene_D	147.000000	809.000000	0.000000
1159.999299	gene_E	169.000000	805.000000	0.000000
1159.999299	gene_F	88.000000	570.000000	0.001754
1159.999299	gene_G	41.000000	418.000000	0.043062
1159.999299	gene_H	0.000000	285.000000	0.136842
1159.999299	gene_J	109.000000	798.000000	0.052632
1159.999299	gene_K	178.000000	815.000000	0.000000
1159.999299	promoter_A	0.000000	0.000000	0.000000
1159.999299	promoter_B1	0.000000	0.000000	0.000000
1159.999299	promoter_D	0.000000	0.000000	0.000000
1164.999027	__gene_A*_rbs	835.000000	0.000000	0.000000
1164.999027	__gene_A_rbs	846.000000	0.000000	0.000000
1164.999027	__gene_B_rbs	827.000000	0.000000	0.000000
1164.999027	__gene_C_rbs	817.000000	0.000000	0.000000
1164.999027	__gene_D_rbs	813.000000	0.000000	0.000000
1164.999027	__gene_E_rbs	809.000000	0.000000	0.000000
1164.999027	__gene_F_rbs	572.000000	0.000000	0.000000
1164.999027	__gene_G_rbs	421.000000	0.000000	0.000000
1164.999027	__gene_H_rbs	287.000000	0.000000	0.000000
1164.999027	__gene_J_rbs	802.000000	0.000000	0.000000
1164.999027	__gene_K_rbs	819.000000	0.000000	0.000000
1164.999027	__ribosome	0.000000	0.000000	0.000000
1164.999027	bound_ecolipol	1870.000000	0.000000	0.000000
1164.999027	bound_ribosome	100.000000	0.000000	0.000000
1164.999027	ecoli_genome	130.000000	0.000000	0.000000
1164.999027	ecoli_transcript	87565.000000	0.000000	0.000000
1164.999027	ecolipol	37.000000	0.000000	0.000000
1164.999027	gene_A	321.000000	846.000000	0.000000
1164.999027	gene_A*	242.000000	835.000000	0.000000
1164.999027	gene_B	186.000000	827.000000	0.000000
1164.999027	gene_C	189.000000	817.000000	0.000000
1164.999027	gene_D	147.000000	813.000000	0.000000
1164.999027	gene_E	169.000000	809.000000	0.000000
1164.999027	gene_F	88.000000	572.000000	0.001748
1164.999027	gene_G	41.000000	421.000000	0.042755
1164.999027	gene_H	0.000000	287.000000	0.135889
1164.999027	gene_J	109.000000	802.000000	0.052369
1164.999027	gene_K	178.000000	819.000000	0.000000
1164.999027	promoter_A	0.000000	0.000000	0.000000
1164.999027	promoter_B1	0.000000	0.000000	0.000000
1164.999027	promoter_D	0.000000	0.000000	0.000000
1169.999607	__gene_A*_rbs	838.000000	0.000000	0.000000
1169.999607	__gene_A_rbs	850.000000	0.000000	0.000000
1169.999607	__gene_B_rbs	831.000000	0.000000	0.000000
1169.999607	__gene_C_rbs	821.000000	0.000000	0.000000
1169.999607	__gene_D_rbs	817.000000	0.000000	0.000000
1169.999607	__gene_E_rbs	812.000000	0.000000	0.000000
1169.999607	__gene_F_rbs	573.000000	0.000000	0.000000
1169.999607	__gene_G_rbs	423.000000	0.000000	0.000000
1169.999607	__gene_H_rbs	287.000000	0.000000	0.000000
1169.999607	__gene_J_rbs	806.000000	0.000000	0.000000
1169.999607	__gene_K_rbs	823.000000	0.000000	0.000000
1169.999607	__ribosome	0.000000	0.000000	0.000000
1169.999607	bound_ecolipol	1867.000000	0.000000	0.000000
1169.999607	bound_ribosome	100.000000	0.000000	0.000000
1169.999607	ecoli_genome	133.000000	0.000000	0.000000
1169.999607	ecoli_transcript	87965.000000	0.000000	0.000000
1169.999607	ecolipol	42.000000	0.000000	0.000000
1169.999607	gene_A	321.000000	850.000000	0.000000
1169.999607	gene_A*	242.000000	838.000000	0.000000
1169.999607	gene_B	186.000000	831.000000	0.000000
1169.999607	gene_C	189.000000	821.000000	0.000000
1169.999607	gene_D	147.000000	817.000000	0.000000
1169.999607	gene_E	169.000000	812.000000	0.000000
1169.999607	gene_F	88.000000	573.000000	0.001745
1169.999607	gene_G	41.000000	423.000000	0.042553
1169.999607	gene_H	0.000000	287.000000	0.135889
1169.999607	gene_J	109.000000	806.000000	0.052109
1169.999607	gene_K	178.000000	823.000000	0.000000
1169.999607	promoter_A	0.000000	0.000000	0.000000
1169.999607	promoter_B1	0.000000	0.000000	0.000000
1169.999607	promoter_D	0.000000	0.000000	0.000000
1174.999036	__gene_A*_rbs	842.000000	0.000000	0.000000
1174.999036	__gene_A_rbs	854.000000	0.000000	0.000000
1174.999036	__gene_B_rbs	834.000000	0.000000	0.000000
1174.999036	__gene_C_rbs	825.000000	0.000000	0.000000
1174.999036	__gene_D_rbs	820.000000	0.000000	0.000000
1174.999036	__gene_E_rbs	816.000000	0.000000	0.000000
1174.999036	__gene_F_rbs	575.000000	0.000000	0.000000
1174.999036	__gene_G_rbs	424.000000	0.000000	0.000000
1174.999036	__gene_H_rbs	288.000000	0.000000	0.000000
1174.999036	__gene_J_rbs	810.000000	0.000000	0.000000
1174.999036	__gene_K_rbs	827.000000	0.000000	0.000000
1174.999036	__ribosome	0.000000	0.000000	0.000000
1174.999036	bound_ecolipol	1880.000000	0.000000	0.000000
1174.999036	bound_ribosome	100.000000	0.000000	0.000000
1174.999036	ecoli_genome	120.000000	0.000000	0.000000
1174.999036	ecoli_transcript	88338.000000	0.000000	0.000000
1174.999036	ecolipol	31.000000	0.000000	0.000000
1174.999036	gene_A	321.000000	854.000000	0.000000
1174.999036	gene_A*	242.000000	842.000000	0.000000
1174.999036	gene_B	186.000000	834.000000	0.000000
1174.999036	gene_C	189.000000	825.000000	0.000000
1174.999036	gene_D	147.000000	820.000000	0.000000
1174.999036	gene_E	169.000000	816.000000	0.000000
1174.999036	gene_F	88.000000	575.000000	0.001739
1174.999036	gene_G	41.000000	424.000000	0.042453
1174.999036	gene_H	0.000000	288.000000	0.135417
1174.999036	gene_J	109.000000	810.000000	0.051852
1174.999036	gene_K	178.000000	827.000000	0.000000
1174.999036	promoter_A	0.000000	0.000000	0.000000
1174.999036	promoter_B1	0.000000	0.000000	0.000000
1174.999036	promoter_D	0.000000	0.000000	0.000000
1179.999031	__gene_A*_rbs	846.000000	0.000000	0.000000
1179.999031	__gene_A_rbs	857.000000	0.000000	0.000000
1179.999031	__gene_B_rbs	837.000000	0.000000	0.000000
1179.999031	__gene_C_rbs	828.000000	0.000000	0.000000
1179.999031	__gene_D_rbs	824.000000	0.000000	0.000000
1179.999031	__gene_E_rbs	820.000000	0.000000	0.000000
1179.999031	__gene_F_rbs	577.000000	0.000000	0.000000
1179.999031	__gene_G_rbs	425.000000	0.000000	0.000000
1179.999031	__gene_H_rbs	289.000000	0.000000	0.000000
1179.999031	__gene_J_rbs	814.000000	0.000000	0.000000
1179.999031	__gene_K_rbs	830.000000	0.000000	0.000000
1179.999031	__ribosome	0.000000	0.000000	0.000000
1179.999031	bound_ecolipol	1887.000000	0.000000	0.000000
1179.999031	bound_ribosome	100.000000	0.000000	0.000000
1179.999031	ecoli_genome	113.000000	0.000000	0.000000
1179.999031	ecoli_transcript	88681.000000	0.000000	0.000000
1179.999031	ecolipol	26.000000	0.000000	0.000000
1179.999031	gene_A	321.000000	857.000000	0.000000
1179.999031	gene_A*	242.000000	846.000000	0.000000
1179.999031	gene_B	186.000000	837.000000	0.000000
1179.999031	gene_C	189.000000	828.000000	0.000000
1179.999031	gene_D	147.000000	824.000000	0.000000
1179.999031	gene_E	169.000000	820.000000	0.000000
1179.999031	gene_F	88.000000	577.000000	0.001733
1179.999031	gene_G	41.000000	425.000000	0.042353
1179.999031	gene_H	0.000000	289.000000	0.134948
1179.999031	gene_J	109.000000	814.000000	0.051597
1179.999031	gene_K	178.000000	830.000000	0.000000
1179.999031	promoter_A	0.000000	0.000000	0.000000
1179.999031	promoter_B1	0.000000	0.000000	0.000000
1179.999031	promoter_D	0.000000	0.000000	0.000000
1184.999103	__gene_A*_rbs	849.000000	0.000000	0.000000
1184.999103	__gene_A_rbs	861.000000	0.000000	0.000000
1184.999103	__gene_B_rbs	841.000000	0.000000	0.000000
1184.999103	__gene_C_rbs	832.000000	0.000000	0.000000
1184.999103	__gene_D_rbs	828.000000	0.000000	0.000000
1184.999103	__gene_E_rbs	823.000000	0.000000	0.000000
1184.999103	__gene_F_rbs	580.000000	0.000000	0.000000
1184.999103	__gene_G_rbs	427.000000	0.000000	0.000000
1184.999103	__gene_H_rbs	291.000000	0.000000	0.000000
1184.999103	__gene_J_rbs	817.000000	0.000000	0.000000
1184.999103	__gene_K_rbs	834.000000	0.000000	0.000000
1184.999103	__ribosome	0.000000	0.000000	0.000000
1184.999103	bound_ecolipol	1887.000000	0.000000	0.000000
1184.999103	bound_ribosome	100.000000	0.000000	0.000000
1184.999103	ecoli_genome	113.000000	0.000000	0.000000
1184.999103	ecoli_transcript	89031.000000	0.000000	0.000000
1184.999103	ecolipol	28.000000	0.000000	0.000000
1184.999103	gene_A	321.000000	861.000000	0.000000
1184.999103	gene_A*	242.000000	849.000000	0.000000
1184.999103	gene_B	186.000000	841.000000	0.000000
1184.999103	gene_C	189.000000	832.000000	0.000000
1184.999103	gene_D	147.000000	828.000000	0.000000
1184.999103	gene_E	169.000000	823.000000	0.000000
1184.999103	gene_F	88.000000	580.000000	0.001724
1184.999103	gene_G	41.000000	427.000000	0.042155
1184.999103	gene_H	0.000000	291.000000	0.134021
1184.999103	gene_J	109.000000	817.000000	0.051408
1184.999103	gene_K	178.000000	834.000000	0.000000
1184.999103	promoter_A	0.000000	0.000000	0.000000
1184.999103	promoter_B1	0.000000	0.000000	0.000000
1184.999103	promoter_D	0.000000	0.000000	0.000000
1189.999235	__gene_A*_rbs	853.000000	0.000000	0.000000
1189.999235	__gene_A_rbs	865.000000	0.000000	0.000000
1189.999235	__gene_B_rbs	845.000000	0.000000	0.000000
1189.999235	__gene_C_rbs	835.000000	0.000000	0.000000
1189.999235	__gene_D_rbs	831.000000	0.000000	0.000000
1189.999235	__gene_E_rbs	827.000000	0.000000	0.000000
1189.999235	__gene_F_rbs	581.000000	0.000000	0.000000
1189.999235	__gene_G_rbs	431.000000	0.000000	0.000000
1189.999235	__gene_H_rbs	291.000000	0.000000	0.000000
1189.999235	__gene_J_rbs	821.000000	0.000000	0.000000
1189.999235	__gene_K_rbs	837.000000	0.000000	0.000000
1189.999235	__ribosome	0.000000	0.000000	0.000000
1189.999235	bound_ecolipol	1869.000000	0.000000	0.000000
1189.999235	bound_ribosome	100.000000	0.000000	0.000000
1189.999235	ecoli_genome	131.000000	0.000000	0.000000
1189.999235	ecoli_transcript	89412.000000	0.000000	0.000000
1189.999235	ecolipol	45.000000	0.000000	0.000000
1189.999235	gene_A	321.000000	865.000000	0.000000
1189.999235	gene_A*	242.000000	853.000000	0.000000
1189.999235	gene_B	186.000000	845.000000	0.000000
1189.999235	gene_C	189.000000	835.000000	0.000000
1189.999235	gene_D	147.000000	831.000000	0.000000
1189.999235	gene_E	169.000000	827.000000	0.000000
1189.999235	gene_F	88.000000	581.000000	0.001721
1189.999235	gene_G	41.000000	431.000000	0.041763
1189.999235	gene_H	0.000000	291.000000	0.134021
1189.999235	gene_J	109.000000	821.000000	0.051157
1189.999235	gene_K	178.000000	837.000000	0.000000
1189.999235	promoter_A	0.000000	0.000000	0.000000
1189.999235	promoter_B1	0.000000	0.000000	0.000000
1189.999235	promoter_D	0.000000	0.000000	0.000000
1194.999327	__gene_A*_rbs	857.000000	0.000000	0.000000
1194.999327	__gene_A_rbs	869.000000	0.000000	0.000000
1194.999327	__gene_B_rbs	848.000000	0.000000	0.000000
1194.999327	__gene_C_rbs	838.000000	0.000000	0.000000
1194.999327	__gene_D_rbs	835.000000	0.000000	0.000000
1194.999327	__gene_E_rbs	831.000000	0.000000	0.000000
1194.999327	__gene_F_rbs	583.000000	0.000000	0.000000
1194.999327	__gene_G_rbs	433.000000	0.000000	0.000000
1194.999327	__gene_H_rbs	291.000000	0.000000	0.000000
1194.999327	__gene_J_rbs	825.000000	0.000000	0.000000
1194.999327	__gene_K_rbs	840.000000	0.000000	0.000000
1194.999327	__ribosome	0.000000	0.000000	0.000000
1194.999327	bound_ecolipol	1877.000000	0.000000	0.000000
1194.999327	bound_ribosome	100.000000	0.000000	0.000000
1194.999327	ecoli_genome	123.000000	0.000000	0.000000
1194.999327	ecoli_transcript	89777.000000	0.000000	0.000000
1194.999327	ecolipol	39.000000	0.000000	0.000000
1194.999327	gene_A	321.000000	869.000000	0.000000
1194.999327	gene_A*	242.000000	857.000000	0.000000
1194.999327	gene_B	186.000000	848.000000	0.000000
1194.999327	gene_C	189.000000	838.000000	0.000000
1194.999327	gene_D	147.000000	835.000000	0.000000
1194.999327	gene_E	169.000000	831.000000	0.000000
1194.999327	gene_F	88.000000	583.000000	0.001715
1194.999327	gene_G	41.000000	433.000000	0.041570
1194.999327	gene_H	0.000000	291.000000	0.134021
1194.999327	gene_J	109.000000	825.000000	0.050909
1194.999327	gene_K	178.000000	840.000000	0.000000
1194.999327	promoter_A	0.000000	0.000000	0.000000
1194.999327	promoter_B1	0.000000	0.000000	0.000000
1194.999327	promoter_D	0.000000	0.000000	0.000000
1199.999131	__gene_A*_rbs	861.000000	0.000000	0.000000
1199.999131	__gene_A_rbs	873.000000	0.000000	0.000000
1199.999131	__gene_B_rbs	852.000000	0.000000	0.000000
1199.999131	__gene_C_rbs	842.000000	0.000000	0.000000
1199.999131	__gene_D_rbs	839.000000	0.000000	0.000000
1199.999131	__gene_E_rbs	835.000000	0.000000	0.000000
1199.999131	__gene_F_rbs	584.000000	0.000000	0.000000
1199.999131	__gene_G_rbs	436.000000	0.000000	0.000000
1199.999131	__gene_H_rbs	293.000000	0.000000	0.000000
1199.999131	__gene_J_rbs	828.000000	0.000000	0.000000
1199.999131	__gene_K_rbs	844.000000	0.000000	0.000000
1199.999131	__ribosome	0.000000	0.000000	0.000000
1199.999131	bound_ecolipol	1879.000000	0.000000	0.000000
1199.999131	bound_ribosome	100.000000	0.000000	0.000000
1199.999131	ecoli_genome	121.000000	0.000000	0.000000
1199.999131	ecoli_transcript	90135.000000	0.000000	0.000000
1199.999131	ecolipol	35.000000	0.000000	0.000000
1199.999131	gene_A	321.000000	873.000000	0.000000
1199.999131	gene_A*	242.000000	861.000000	0.000000
1199.999131	gene_B	186.000000	852.000000	0.000000
1199.999131	gene_C	189.000000	842.000000	0.000000
1199.999131	gene_D	147.000000	839.000000	0.000000
1199.999131	gene_E	169.000000	835.000000	0.000000
1199.999131	gene_F	89.000000	584.000000	0.000000
1199.999131	gene_G	41.000000	436.000000	0.041284
1199.999131	gene_H	0.000000	293.000000	0.133106
1199.999131	gene_J	109.000000	828.000000	0.050725
1199.999131	gene_K	178.000000	844.000000	0.001185
1199.999131	promoter_A	0.000000	0.000000	0.000000
1199.999131	promoter_B1	0.000000	0.000000	0.000000
1199.999131	promoter_D	0.000000	0.000000	0.000000
