time	species	protein	transcript	ribo_density
0.000000	__gene_A*_rbs	0.000000	0.000000	0.000000
0.000000	__gene_A_rbs	0.000000	0.000000	0.000000
0.000000	__gene_B_rbs	0.000000	0.000000	0.000000
0.000000	__gene_C_rbs	0.000000	0.000000	0.000000
0.000000	__gene_D_rbs	0.000000	0.000000	0.000000
0.000000	__gene_E_rbs	0.000000	0.000000	0.000000
0.000000	__gene_F_rbs	0.000000	0.000000	0.000000
0.000000	__gene_G_rbs	0.000000	0.000000	0.000000
0.000000	__gene_H_rbs	0.000000	0.000000	0.000000
0.000000	__gene_J_rbs	0.000000	0.000000	0.000000
0.000000	__gene_K_rbs	0.000000	0.000000	0.000000
0.000000	__ribosome	100.000000	0.000000	0.000000
0.000000	bound_ecolipol	2000.000000	0.000000	0.000000
0.000000	bound_ribosome	100.000000	0.000000	0.000000
0.000000	ecoli_genome	0.000000	0.000000	0.000000
0.000000	ecoli_transcript	0.000000	0.000000	0.000000
0.000000	ecolipol	0.000000	0.000000	0.000000
0.000000	promoter_A	1.000000	0.000000	0.000000
0.000000	promoter_B1	1.000000	0.000000	0.000000
0.000000	promoter_D	1.000000	0.000000	0.000000
4.999723	__gene_A*_rbs	0.000000	0.000000	0.000000
4.999723	__gene_A_rbs	0.000000	0.000000	0.000000
4.999723	__gene_B_rbs	0.000000	0.000000	0.000000
4.999723	__gene_C_rbs	0.000000	0.000000	0.000000
4.999723	__gene_D_rbs	2.000000	0.000000	0.000000
4.999723	__gene_E_rbs	0.000000	0.000000	0.000000
4.999723	__gene_F_rbs	0.000000	0.000000	0.000000
4.999723	__gene_G_rbs	0.000000	0.000000	0.000000
4.999723	__gene_H_rbs	0.000000	0.000000	0.000000
4.999723	__gene_J_rbs	0.000000	0.000000	0.000000
4.999723	__gene_K_rbs	0.000000	0.000000	0.000000
4.999723	__ribosome	92.000000	0.000000	0.000000
4.999723	bound_ecolipol	1923.000000	0.000000	0.000000
4.999723	bound_ribosome	100.000000	0.000000	0.000000
4.999723	ecoli_genome	77.000000	0.000000	0.000000
4.999723	ecoli_transcript	399.000000	0.000000	0.000000
4.999723	ecolipol	69.000000	0.000000	0.000000
4.999723	gene_D	0.000000	3.000000	2.666667
4.999723	promoter_A	1.000000	0.000000	0.000000
4.999723	promoter_B1	0.000000	0.000000	0.000000
4.999723	promoter_D	0.000000	0.000000	0.000000
9.999042	__gene_A*_rbs	0.000000	0.000000	0.000000
9.999042	__gene_A_rbs	0.000000	0.000000	0.000000
9.999042	__gene_B_rbs	1.000000	0.000000	0.000000
9.999042	__gene_C_rbs	0.000000	0.000000	0.000000
9.999042	__gene_D_rbs	5.000000	0.000000	0.000000
9.999042	__gene_E_rbs	1.000000	0.000000	0.000000
9.999042	__gene_F_rbs	0.000000	0.000000	0.000000
9.999042	__gene_G_rbs	0.000000	0.000000	0.000000
9.999042	__gene_H_rbs	0.000000	0.000000	0.000000
9.999042	__gene_J_rbs	0.000000	0.000000	0.000000
9.999042	__gene_K_rbs	0.000000	0.000000	0.000000
9.999042	__ribosome	65.000000	0.000000	0.000000
9.999042	bound_ecolipol	1925.000000	0.000000	0.000000
9.999042	bound_ribosome	100.000000	0.000000	0.000000
9.999042	ecoli_genome	75.000000	0.000000	0.000000
9.999042	ecoli_transcript	767.000000	0.000000	0.000000
9.999042	ecolipol	59.000000	0.000000	0.000000
9.999042	gene_B	0.000000	3.000000	1.666667
9.999042	gene_D	0.000000	7.000000	3.857143
9.999042	gene_E	0.000000	3.000000	1.000000
9.999042	promoter_A	1.000000	0.000000	0.000000
9.999042	promoter_B1	0.000000	0.000000	0.000000
9.999042	promoter_D	0.000000	0.000000	0.000000
14.999131	__gene_A*_rbs	0.000000	0.000000	0.000000
14.999131	__gene_A_rbs	0.000000	0.000000	0.000000
14.999131	__gene_B_rbs	5.000000	0.000000	0.000000
14.999131	__gene_C_rbs	0.000000	0.000000	0.000000
14.999131	__gene_D_rbs	10.000000	0.000000	0.000000
14.999131	__gene_E_rbs	3.000000	0.000000	0.000000
14.999131	__gene_F_rbs	0.000000	0.000000	0.000000
14.999131	__gene_G_rbs	0.000000	0.000000	0.000000
14.999131	__gene_H_rbs	0.000000	0.000000	0.000000
14.999131	__gene_J_rbs	1.000000	0.000000	0.000000
14.999131	__gene_K_rbs	0.000000	0.000000	0.000000
14.999131	__ribosome	27.000000	0.000000	0.000000
14.999131	bound_ecolipol	1920.000000	0.000000	0.000000
14.999131	bound_ribosome	100.000000	0.000000	0.000000
14.999131	ecoli_genome	80.000000	0.000000	0.000000
14.999131	ecoli_transcript	1169.000000	0.000000	0.000000
14.999131	ecolipol	57.000000	0.000000	0.000000
14.999131	gene_B	0.000000	6.000000	2.333333
14.999131	gene_D	0.000000	11.000000	4.636364
14.999131	gene_E	0.000000	7.000000	1.142857
14.999131	gene_J	0.000000	1.000000	0.000000
14.999131	promoter_A	1.000000	0.000000	0.000000
14.999131	promoter_B1	0.000000	0.000000	0.000000
14.999131	promoter_D	0.000000	0.000000	0.000000
19.999266	__gene_A*_rbs	0.000000	0.000000	0.000000
19.999266	__gene_A_rbs	0.000000	0.000000	0.000000
19.999266	__gene_B_rbs	10.000000	0.000000	0.000000
19.999266	__gene_C_rbs	1.000000	0.000000	0.000000
19.999266	__gene_D_rbs	12.000000	0.000000	0.000000
19.999266	__gene_E_rbs	6.000000	0.000000	0.000000
19.999266	__gene_F_rbs	0.000000	0.000000	0.000000
19.999266	__gene_G_rbs	0.000000	0.000000	0.000000
19.999266	__gene_H_rbs	0.000000	0.000000	0.000000
19.999266	__gene_J_rbs	1.000000	0.000000	0.000000
19.999266	__gene_K_rbs	2.000000	0.000000	0.000000
19.999266	__ribosome	13.000000	0.000000	0.000000
19.999266	bound_ecolipol	1911.000000	0.000000	0.000000
19.999266	bound_ribosome	100.000000	0.000000	0.000000
19.999266	ecoli_genome	89.000000	0.000000	0.000000
19.999266	ecoli_transcript	1566.000000	0.000000	0.000000
19.999266	ecolipol	60.000000	0.000000	0.000000
19.999266	gene_A	0.000000	1.000000	2.000000
19.999266	gene_B	2.000000	10.000000	1.800000
19.999266	gene_C	0.000000	1.000000	0.000000
19.999266	gene_D	6.000000	14.000000	4.000000
19.999266	gene_E	3.000000	11.000000	0.909091
19.999266	gene_J	0.000000	4.000000	0.250000
19.999266	gene_K	0.000000	2.000000	0.000000
19.999266	promoter_A	1.000000	0.000000	0.000000
19.999266	promoter_B1	0.000000	0.000000	0.000000
19.999266	promoter_D	0.000000	0.000000	0.000000
24.999210	__gene_A*_rbs	0.000000	0.000000	0.000000
24.999210	__gene_A_rbs	1.000000	0.000000	0.000000
24.999210	__gene_B_rbs	13.000000	0.000000	0.000000
24.999210	__gene_C_rbs	3.000000	0.000000	0.000000
24.999210	__gene_D_rbs	16.000000	0.000000	0.000000
24.999210	__gene_E_rbs	11.000000	0.000000	0.000000
24.999210	__gene_F_rbs	3.000000	0.000000	0.000000
24.999210	__gene_G_rbs	0.000000	0.000000	0.000000
24.999210	__gene_H_rbs	0.000000	0.000000	0.000000
24.999210	__gene_J_rbs	5.000000	0.000000	0.000000
24.999210	__gene_K_rbs	2.000000	0.000000	0.000000
24.999210	__ribosome	5.000000	0.000000	0.000000
24.999210	bound_ecolipol	1910.000000	0.000000	0.000000
24.999210	bound_ribosome	100.000000	0.000000	0.000000
24.999210	ecoli_genome	90.000000	0.000000	0.000000
24.999210	ecoli_transcript	1964.000000	0.000000	0.000000
24.999210	ecolipol	54.000000	0.000000	0.000000
24.999210	gene_A	0.000000	1.000000	3.000000
24.999210	gene_B	9.000000	13.000000	1.769231
24.999210	gene_C	0.000000	4.000000	0.250000
24.999210	gene_D	23.000000	18.000000	2.777778
24.999210	gene_E	9.000000	14.000000	0.785714
24.999210	gene_F	0.000000	3.000000	0.666667
24.999210	gene_J	1.000000	6.000000	0.333333
24.999210	gene_K	0.000000	5.000000	0.600000
24.999210	promoter_A	1.000000	0.000000	0.000000
24.999210	promoter_B1	0.000000	0.000000	0.000000
24.999210	promoter_D	0.000000	0.000000	0.000000
29.999002	__gene_A*_rbs	0.000000	0.000000	0.000000
29.999002	__gene_A_rbs	1.000000	0.000000	0.000000
29.999002	__gene_B_rbs	15.000000	0.000000	0.000000
29.999002	__gene_C_rbs	6.000000	0.000000	0.000000
29.999002	__gene_D_rbs	19.000000	0.000000	0.000000
29.999002	__gene_E_rbs	15.000000	0.000000	0.000000
29.999002	__gene_F_rbs	5.000000	0.000000	0.000000
29.999002	__gene_G_rbs	0.000000	0.000000	0.000000
29.999002	__gene_H_rbs	0.000000	0.000000	0.000000
29.999002	__gene_J_rbs	10.000000	0.000000	0.000000
29.999002	__gene_K_rbs	9.000000	0.000000	0.000000
29.999002	__ribosome	9.000000	0.000000	0.000000
29.999002	bound_ecolipol	1905.000000	0.000000	0.000000
29.999002	bound_ribosome	100.000000	0.000000	0.000000
29.999002	ecoli_genome	95.000000	0.000000	0.000000
29.999002	ecoli_transcript	2322.000000	0.000000	0.000000
29.999002	ecolipol	55.000000	0.000000	0.000000
29.999002	gene_A	0.000000	1.000000	4.000000
29.999002	gene_B	19.000000	16.000000	1.312500
29.999002	gene_C	0.000000	7.000000	0.571429
29.999002	gene_D	49.000000	22.000000	1.636364
29.999002	gene_E	15.000000	18.000000	0.777778
29.999002	gene_F	0.000000	5.000000	0.800000
29.999002	gene_J	1.000000	8.000000	0.375000
29.999002	gene_K	3.000000	9.000000	0.555556
29.999002	promoter_A	1.000000	0.000000	0.000000
29.999002	promoter_B1	0.000000	0.000000	0.000000
29.999002	promoter_D	0.000000	0.000000	0.000000
34.999526	__gene_A*_rbs	1.000000	0.000000	0.000000
34.999526	__gene_A_rbs	1.000000	0.000000	0.000000
34.999526	__gene_B_rbs	17.000000	0.000000	0.000000
34.999526	__gene_C_rbs	10.000000	0.000000	0.000000
34.999526	__gene_D_rbs	24.000000	0.000000	0.000000
34.999526	__gene_E_rbs	16.000000	0.000000	0.000000
34.999526	__gene_F_rbs	7.000000	0.000000	0.000000
34.999526	__gene_G_rbs	0.000000	0.000000	0.000000
34.999526	__gene_H_rbs	0.000000	0.000000	0.000000
34.999526	__gene_J_rbs	14.000000	0.000000	0.000000
34.999526	__gene_K_rbs	10.000000	0.000000	0.000000
34.999526	__ribosome	5.000000	0.000000	0.000000
34.999526	bound_ecolipol	1907.000000	0.000000	0.000000
34.999526	bound_ribosome	100.000000	0.000000	0.000000
34.999526	ecoli_genome	93.000000	0.000000	0.000000
34.999526	ecoli_transcript	2705.000000	0.000000	0.000000
34.999526	ecolipol	50.000000	0.000000	0.000000
34.999526	gene_A	0.000000	1.000000	4.000000
34.999526	gene_A*	0.000000	1.000000	0.000000
34.999526	gene_B	28.000000	20.000000	1.000000
34.999526	gene_C	2.000000	10.000000	0.600000
34.999526	gene_D	60.000000	24.000000	1.375000
34.999526	gene_E	20.000000	21.000000	0.666667
34.999526	gene_F	0.000000	8.000000	1.125000
34.999526	gene_J	1.000000	12.000000	0.583333
34.999526	gene_K	7.000000	12.000000	0.166667
34.999526	promoter_A	1.000000	0.000000	0.000000
34.999526	promoter_B1	0.000000	0.000000	0.000000
34.999526	promoter_D	0.000000	0.000000	0.000000
39.999037	__gene_A*_rbs	1.000000	0.000000	0.000000
39.999037	__gene_A_rbs	1.000000	0.000000	0.000000
39.999037	__gene_B_rbs	22.000000	0.000000	0.000000
39.999037	__gene_C_rbs	13.000000	0.000000	0.000000
39.999037	__gene_D_rbs	28.000000	0.000000	0.000000
39.999037	__gene_E_rbs	22.000000	0.000000	0.000000
39.999037	__gene_F_rbs	11.000000	0.000000	0.000000
39.999037	__gene_G_rbs	0.000000	0.000000	0.000000
39.999037	__gene_H_rbs	0.000000	0.000000	0.000000
39.999037	__gene_J_rbs	16.000000	0.000000	0.000000
39.999037	__gene_K_rbs	15.000000	0.000000	0.000000
39.999037	__ribosome	6.000000	0.000000	0.000000
39.999037	bound_ecolipol	1890.000000	0.000000	0.000000
39.999037	bound_ribosome	100.000000	0.000000	0.000000
39.999037	ecoli_genome	110.000000	0.000000	0.000000
39.999037	ecoli_transcript	3125.000000	0.000000	0.000000
39.999037	ecolipol	64.000000	0.000000	0.000000
39.999037	gene_A	0.000000	1.000000	4.000000
39.999037	gene_A*	0.000000	1.000000	0.000000
39.999037	gene_B	34.000000	23.000000	0.782609
39.999037	gene_C	5.000000	14.000000	0.500000
39.999037	gene_D	70.000000	28.000000	1.071429
39.999037	gene_E	31.000000	25.000000	0.560000
39.999037	gene_F	0.000000	11.000000	0.818182
39.999037	gene_J	3.000000	15.000000	0.666667
39.999037	gene_K	9.000000	16.000000	0.125000
39.999037	promoter_A	1.000000	0.000000	0.000000
39.999037	promoter_B1	0.000000	0.000000	0.000000
39.999037	promoter_D	0.000000	0.000000	0.000000
44.999031	__gene_A*_rbs	1.000000	0.000000	0.000000
44.999031	__gene_A_rbs	2.000000	0.000000	0.000000
44.999031	__gene_B_rbs	25.000000	0.000000	0.000000
44.999031	__gene_C_rbs	14.000000	0.000000	0.000000
44.999031	__gene_D_rbs	32.000000	0.000000	0.000000
44.999031	__gene_E_rbs	28.000000	0.000000	0.000000
44.999031	__gene_F_rbs	14.000000	0.000000	0.000000
44.999031	__gene_G_rbs	0.000000	0.000000	0.000000
44.999031	__gene_H_rbs	0.000000	0.000000	0.000000
44.999031	__gene_J_rbs	21.000000	0.000000	0.000000
44.999031	__gene_K_rbs	19.000000	0.000000	0.000000
44.999031	__ribosome	5.000000	0.000000	0.000000
44.999031	bound_ecolipol	1894.000000	0.000000	0.000000
44.999031	bound_ribosome	100.000000	0.000000	0.000000
44.999031	ecoli_genome	106.000000	0.000000	0.000000
44.999031	ecoli_transcript	3517.000000	0.000000	0.000000
44.999031	ecolipol	58.000000	0.000000	0.000000
44.999031	gene_A	0.000000	2.000000	2.000000
44.999031	gene_A*	0.000000	1.000000	0.000000
44.999031	gene_B	45.000000	27.000000	0.629630
44.999031	gene_C	9.000000	17.000000	0.470588
44.999031	gene_D	82.000000	31.000000	0.903226
44.999031	gene_E	34.000000	28.000000	0.571429
44.999031	gene_F	0.000000	15.000000	0.800000
44.999031	gene_J	9.000000	19.000000	0.473684
44.999031	gene_K	11.000000	19.000000	0.052632
44.999031	promoter_A	1.000000	0.000000	0.000000
44.999031	promoter_B1	0.000000	0.000000	0.000000
44.999031	promoter_D	0.000000	0.000000	0.000000
49.999165	__gene_A*_rbs	1.000000	0.000000	0.000000
49.999165	__gene_A_rbs	2.000000	0.000000	0.000000
49.999165	__gene_B_rbs	31.000000	0.000000	0.000000
49.999165	__gene_C_rbs	20.000000	0.000000	0.000000
49.999165	__gene_D_rbs	34.000000	0.000000	0.000000
49.999165	__gene_E_rbs	28.000000	0.000000	0.000000
49.999165	__gene_F_rbs	16.000000	0.000000	0.000000
49.999165	__gene_G_rbs	0.000000	0.000000	0.000000
49.999165	__gene_H_rbs	0.000000	0.000000	0.000000
49.999165	__gene_J_rbs	25.000000	0.000000	0.000000
49.999165	__gene_K_rbs	22.000000	0.000000	0.000000
49.999165	__ribosome	0.000000	0.000000	0.000000
49.999165	bound_ecolipol	1885.000000	0.000000	0.000000
49.999165	bound_ribosome	100.000000	0.000000	0.000000
49.999165	ecoli_genome	115.000000	0.000000	0.000000
49.999165	ecoli_transcript	3915.000000	0.000000	0.000000
49.999165	ecolipol	64.000000	0.000000	0.000000
49.999165	gene_A	0.000000	2.000000	2.000000
49.999165	gene_A*	0.000000	1.000000	0.000000
49.999165	gene_B	50.000000	31.000000	0.677419
49.999165	gene_C	12.000000	21.000000	0.380952
49.999165	gene_D	92.000000	36.000000	0.722222
49.999165	gene_E	45.000000	32.000000	0.406250
49.999165	gene_F	0.000000	16.000000	0.812500
49.999165	gene_J	12.000000	23.000000	0.478261
49.999165	gene_K	12.000000	23.000000	0.173913
49.999165	promoter_A	1.000000	0.000000	0.000000
49.999165	promoter_B1	0.000000	0.000000	0.000000
49.999165	promoter_D	0.000000	0.000000	0.000000
54.999134	__gene_A*_rbs	1.000000	0.000000	0.000000
54.999134	__gene_A_rbs	2.000000	0.000000	0.000000
54.999134	__gene_B_rbs	33.000000	0.000000	0.000000
54.999134	__gene_C_rbs	23.000000	0.000000	0.000000
54.999134	__gene_D_rbs	40.000000	0.000000	0.000000
54.999134	__gene_E_rbs	32.000000	0.000000	0.000000
54.999134	__gene_F_rbs	19.000000	0.000000	0.000000
54.999134	__gene_G_rbs	0.000000	0.000000	0.000000
54.999134	__gene_H_rbs	0.000000	0.000000	0.000000
54.999134	__gene_J_rbs	30.000000	0.000000	0.000000
54.999134	__gene_K_rbs	26.000000	0.000000	0.000000
54.999134	__ribosome	3.000000	0.000000	0.000000
54.999134	bound_ecolipol	1909.000000	0.000000	0.000000
54.999134	bound_ribosome	100.000000	0.000000	0.000000
54.999134	ecoli_genome	91.000000	0.000000	0.000000
54.999134	ecoli_transcript	4277.000000	0.000000	0.000000
54.999134	ecolipol	37.000000	0.000000	0.000000
54.999134	gene_A	0.000000	2.000000	2.000000
54.999134	gene_A*	0.000000	1.000000	0.000000
54.999134	gene_B	59.000000	35.000000	0.485714
54.999134	gene_C	18.000000	24.000000	0.291667
54.999134	gene_D	100.000000	40.000000	0.575000
54.999134	gene_E	51.000000	35.000000	0.400000
54.999134	gene_F	0.000000	19.000000	0.842105
54.999134	gene_J	16.000000	28.000000	0.357143
54.999134	gene_K	15.000000	26.000000	0.230769
54.999134	promoter_A	1.000000	0.000000	0.000000
54.999134	promoter_B1	0.000000	0.000000	0.000000
54.999134	promoter_D	0.000000	0.000000	0.000000
59.999858	__gene_A*_rbs	2.000000	0.000000	0.000000
59.999858	__gene_A_rbs	2.000000	0.000000	0.000000
59.999858	__gene_B_rbs	36.000000	0.000000	0.000000
59.999858	__gene_C_rbs	27.000000	0.000000	0.000000
59.999858	__gene_D_rbs	41.000000	0.000000	0.000000
59.999858	__gene_E_rbs	39.000000	0.000000	0.000000
59.999858	__gene_F_rbs	21.000000	0.000000	0.000000
59.999858	__gene_G_rbs	0.000000	0.000000	0.000000
59.999858	__gene_H_rbs	0.000000	0.000000	0.000000
59.999858	__gene_J_rbs	31.000000	0.000000	0.000000
59.999858	__gene_K_rbs	25.000000	0.000000	0.000000
59.999858	__ribosome	2.000000	0.000000	0.000000
59.999858	bound_ecolipol	1896.000000	0.000000	0.000000
59.999858	bound_ribosome	100.000000	0.000000	0.000000
59.999858	ecoli_genome	104.000000	0.000000	0.000000
59.999858	ecoli_transcript	4632.000000	0.000000	0.000000
59.999858	ecolipol	48.000000	0.000000	0.000000
59.999858	gene_A	0.000000	2.000000	2.000000
59.999858	gene_A*	0.000000	2.000000	0.000000
59.999858	gene_B	67.000000	38.000000	0.473684
59.999858	gene_C	20.000000	28.000000	0.428571
59.999858	gene_D	110.000000	43.000000	0.418605
59.999858	gene_E	58.000000	39.000000	0.282051
59.999858	gene_F	0.000000	21.000000	0.904762
59.999858	gene_J	19.000000	31.000000	0.387097
59.999858	gene_K	20.000000	29.000000	0.137931
59.999858	promoter_A	1.000000	0.000000	0.000000
59.999858	promoter_B1	0.000000	0.000000	0.000000
59.999858	promoter_D	0.000000	0.000000	0.000000
64.999024	__gene_A*_rbs	2.000000	0.000000	0.000000
64.999024	__gene_A_rbs	2.000000	0.000000	0.000000
64.999024	__gene_B_rbs	41.000000	0.000000	0.000000
64.999024	__gene_C_rbs	31.000000	0.000000	0.000000
64.999024	__gene_D_rbs	47.000000	0.000000	0.000000
64.999024	__gene_E_rbs	41.000000	0.000000	0.000000
64.999024	__gene_F_rbs	21.000000	0.000000	0.000000
64.999024	__gene_G_rbs	3.000000	0.000000	0.000000
64.999024	__gene_H_rbs	0.000000	0.000000	0.000000
64.999024	__gene_J_rbs	35.000000	0.000000	0.000000
64.999024	__gene_K_rbs	32.000000	0.000000	0.000000
64.999024	__ribosome	3.000000	0.000000	0.000000
64.999024	bound_ecolipol	1892.000000	0.000000	0.000000
64.999024	bound_ribosome	100.000000	0.000000	0.000000
64.999024	ecoli_genome	108.000000	0.000000	0.000000
64.999024	ecoli_transcript	5007.000000	0.000000	0.000000
64.999024	ecolipol	53.000000	0.000000	0.000000
64.999024	gene_A	0.000000	2.000000	2.000000
64.999024	gene_A*	0.000000	2.000000	0.000000
64.999024	gene_B	73.000000	42.000000	0.523810
64.999024	gene_C	26.000000	32.000000	0.281250
64.999024	gene_D	118.000000	47.000000	0.382979
64.999024	gene_E	66.000000	42.000000	0.166667
64.999024	gene_F	2.000000	22.000000	0.954545
64.999024	gene_G	0.000000	3.000000	0.333333
64.999024	gene_J	24.000000	35.000000	0.314286
64.999024	gene_K	23.000000	33.000000	0.121212
64.999024	promoter_A	1.000000	0.000000	0.000000
64.999024	promoter_B1	0.000000	0.000000	0.000000
64.999024	promoter_D	0.000000	0.000000	0.000000
69.999298	__gene_A*_rbs	2.000000	0.000000	0.000000
69.999298	__gene_A_rbs	2.000000	0.000000	0.000000
69.999298	__gene_B_rbs	44.000000	0.000000	0.000000
69.999298	__gene_C_rbs	34.000000	0.000000	0.000000
69.999298	__gene_D_rbs	49.000000	0.000000	0.000000
69.999298	__gene_E_rbs	44.000000	0.000000	0.000000
69.999298	__gene_F_rbs	23.000000	0.000000	0.000000
69.999298	__gene_G_rbs	4.000000	0.000000	0.000000
69.999298	__gene_H_rbs	0.000000	0.000000	0.000000
69.999298	__gene_J_rbs	39.000000	0.000000	0.000000
69.999298	__gene_K_rbs	36.000000	0.000000	0.000000
69.999298	__ribosome	0.000000	0.000000	0.000000
69.999298	bound_ecolipol	1902.000000	0.000000	0.000000
69.999298	bound_ribosome	100.000000	0.000000	0.000000
69.999298	ecoli_genome	98.000000	0.000000	0.000000
69.999298	ecoli_transcript	5416.000000	0.000000	0.000000
69.999298	ecolipol	41.000000	0.000000	0.000000
69.999298	gene_A	1.000000	2.000000	1.500000
69.999298	gene_A*	0.000000	2.000000	0.000000
69.999298	gene_B	81.000000	45.000000	0.400000
69.999298	gene_C	33.000000	35.000000	0.142857
69.999298	gene_D	123.000000	50.000000	0.380000
69.999298	gene_E	69.000000	46.000000	0.195652
69.999298	gene_F	4.000000	23.000000	0.913043
69.999298	gene_G	0.000000	4.000000	0.250000
69.999298	gene_J	25.000000	38.000000	0.473684
69.999298	gene_K	26.000000	36.000000	0.166667
69.999298	promoter_A	1.000000	0.000000	0.000000
69.999298	promoter_B1	0.000000	0.000000	0.000000
69.999298	promoter_D	0.000000	0.000000	0.000000
74.999043	__gene_A*_rbs	2.000000	0.000000	0.000000
74.999043	__gene_A_rbs	2.000000	0.000000	0.000000
74.999043	__gene_B_rbs	48.000000	0.000000	0.000000
74.999043	__gene_C_rbs	37.000000	0.000000	0.000000
74.999043	__gene_D_rbs	54.000000	0.000000	0.000000
74.999043	__gene_E_rbs	50.000000	0.000000	0.000000
74.999043	__gene_F_rbs	26.000000	0.000000	0.000000
74.999043	__gene_G_rbs	6.000000	0.000000	0.000000
74.999043	__gene_H_rbs	0.000000	0.000000	0.000000
74.999043	__gene_J_rbs	41.000000	0.000000	0.000000
74.999043	__gene_K_rbs	40.000000	0.000000	0.000000
74.999043	__ribosome	2.000000	0.000000	0.000000
74.999043	bound_ecolipol	1895.000000	0.000000	0.000000
74.999043	bound_ribosome	100.000000	0.000000	0.000000
74.999043	ecoli_genome	105.000000	0.000000	0.000000
74.999043	ecoli_transcript	5817.000000	0.000000	0.000000
74.999043	ecolipol	47.000000	0.000000	0.000000
74.999043	gene_A	3.000000	2.000000	0.500000
74.999043	gene_A*	0.000000	2.000000	0.500000
74.999043	gene_B	93.000000	48.000000	0.229167
74.999043	gene_C	35.000000	39.000000	0.179487
74.999043	gene_D	127.000000	54.000000	0.351852
74.999043	gene_E	75.000000	50.000000	0.160000
74.999043	gene_F	5.000000	26.000000	0.884615
74.999043	gene_G	0.000000	6.000000	0.166667
74.999043	gene_J	29.000000	42.000000	0.452381
74.999043	gene_K	31.000000	40.000000	0.200000
74.999043	promoter_A	1.000000	0.000000	0.000000
74.999043	promoter_B1	0.000000	0.000000	0.000000
74.999043	promoter_D	0.000000	0.000000	0.000000
79.999267	__gene_A*_rbs	2.000000	0.000000	0.000000
79.999267	__gene_A_rbs	2.000000	0.000000	0.000000
79.999267	__gene_B_rbs	50.000000	0.000000	0.000000
79.999267	__gene_C_rbs	41.000000	0.000000	0.000000
79.999267	__gene_D_rbs	57.000000	0.000000	0.000000
79.999267	__gene_E_rbs	54.000000	0.000000	0.000000
79.999267	__gene_F_rbs	27.000000	0.000000	0.000000
79.999267	__gene_G_rbs	7.000000	0.000000	0.000000
79.999267	__gene_H_rbs	2.000000	0.000000	0.000000
79.999267	__gene_J_rbs	46.000000	0.000000	0.000000
79.999267	__gene_K_rbs	43.000000	0.000000	0.000000
79.999267	__ribosome	0.000000	0.000000	0.000000
79.999267	bound_ecolipol	1904.000000	0.000000	0.000000
79.999267	bound_ribosome	100.000000	0.000000	0.000000
79.999267	ecoli_genome	96.000000	0.000000	0.000000
79.999267	ecoli_transcript	6202.000000	0.000000	0.000000
79.999267	ecolipol	36.000000	0.000000	0.000000
79.999267	gene_A	3.000000	2.000000	0.500000
79.999267	gene_A*	0.000000	2.000000	0.500000
79.999267	gene_B	95.000000	52.000000	0.230769
79.999267	gene_C	39.000000	43.000000	0.186047
79.999267	gene_D	137.000000	57.000000	0.228070
79.999267	gene_E	78.000000	54.000000	0.259259
79.999267	gene_F	9.000000	28.000000	0.785714
79.999267	gene_G	1.000000	7.000000	0.142857
79.999267	gene_H	0.000000	2.000000	0.000000
79.999267	gene_J	31.000000	46.000000	0.434783
79.999267	gene_K	37.000000	44.000000	0.181818
79.999267	promoter_A	1.000000	0.000000	0.000000
79.999267	promoter_B1	0.000000	0.000000	0.000000
79.999267	promoter_D	0.000000	0.000000	0.000000
84.999315	__gene_A*_rbs	2.000000	0.000000	0.000000
84.999315	__gene_A_rbs	2.000000	0.000000	0.000000
84.999315	__gene_B_rbs	56.000000	0.000000	0.000000
84.999315	__gene_C_rbs	46.000000	0.000000	0.000000
84.999315	__gene_D_rbs	57.000000	0.000000	0.000000
84.999315	__gene_E_rbs	56.000000	0.000000	0.000000
84.999315	__gene_F_rbs	32.000000	0.000000	0.000000
84.999315	__gene_G_rbs	10.000000	0.000000	0.000000
84.999315	__gene_H_rbs	3.000000	0.000000	0.000000
84.999315	__gene_J_rbs	46.000000	0.000000	0.000000
84.999315	__gene_K_rbs	47.000000	0.000000	0.000000
84.999315	__ribosome	2.000000	0.000000	0.000000
84.999315	bound_ecolipol	1890.000000	0.000000	0.000000
84.999315	bound_ribosome	100.000000	0.000000	0.000000
84.999315	ecoli_genome	110.000000	0.000000	0.000000
84.999315	ecoli_transcript	6599.000000	0.000000	0.000000
84.999315	ecolipol	47.000000	0.000000	0.000000
84.999315	gene_A	4.000000	2.000000	0.500000
84.999315	gene_A*	0.000000	2.000000	1.000000
84.999315	gene_B	100.000000	56.000000	0.125000
84.999315	gene_C	43.000000	46.000000	0.195652
84.999315	gene_D	140.000000	61.000000	0.213115
84.999315	gene_E	85.000000	57.000000	0.245614
84.999315	gene_F	11.000000	32.000000	0.718750
84.999315	gene_G	1.000000	10.000000	0.100000
84.999315	gene_H	0.000000	3.000000	0.333333
84.999315	gene_J	35.000000	50.000000	0.500000
84.999315	gene_K	44.000000	48.000000	0.041667
84.999315	promoter_A	1.000000	0.000000	0.000000
84.999315	promoter_B1	0.000000	0.000000	0.000000
84.999315	promoter_D	0.000000	0.000000	0.000000
89.999107	__gene_A*_rbs	2.000000	0.000000	0.000000
89.999107	__gene_A_rbs	2.000000	0.000000	0.000000
89.999107	__gene_B_rbs	60.000000	0.000000	0.000000
89.999107	__gene_C_rbs	49.000000	0.000000	0.000000
89.999107	__gene_D_rbs	65.000000	0.000000	0.000000
89.999107	__gene_E_rbs	60.000000	0.000000	0.000000
89.999107	__gene_F_rbs	35.000000	0.000000	0.000000
89.999107	__gene_G_rbs	13.000000	0.000000	0.000000
89.999107	__gene_H_rbs	4.000000	0.000000	0.000000
89.999107	__gene_J_rbs	54.000000	0.000000	0.000000
89.999107	__gene_K_rbs	50.000000	0.000000	0.000000
89.999107	__ribosome	1.000000	0.000000	0.000000
89.999107	bound_ecolipol	1891.000000	0.000000	0.000000
89.999107	bound_ribosome	100.000000	0.000000	0.000000
89.999107	ecoli_genome	109.000000	0.000000	0.000000
89.999107	ecoli_transcript	6976.000000	0.000000	0.000000
89.999107	ecolipol	44.000000	0.000000	0.000000
89.999107	gene_A	4.000000	2.000000	0.500000
89.999107	gene_A*	0.000000	2.000000	1.000000
89.999107	gene_B	104.000000	60.000000	0.150000
89.999107	gene_C	48.000000	50.000000	0.220000
89.999107	gene_D	145.000000	65.000000	0.153846
89.999107	gene_E	92.000000	61.000000	0.147541
89.999107	gene_F	13.000000	35.000000	0.685714
89.999107	gene_G	1.000000	13.000000	0.153846
89.999107	gene_H	0.000000	4.000000	0.250000
89.999107	gene_J	41.000000	53.000000	0.396226
89.999107	gene_K	45.000000	51.000000	0.176471
89.999107	promoter_A	1.000000	0.000000	0.000000
89.999107	promoter_B1	0.000000	0.000000	0.000000
89.999107	promoter_D	0.000000	0.000000	0.000000
94.999197	__gene_A*_rbs	2.000000	0.000000	0.000000
94.999197	__gene_A_rbs	2.000000	0.000000	0.000000
94.999197	__gene_B_rbs	63.000000	0.000000	0.000000
94.999197	__gene_C_rbs	52.000000	0.000000	0.000000
94.999197	__gene_D_rbs	68.000000	0.000000	0.000000
94.999197	__gene_E_rbs	64.000000	0.000000	0.000000
94.999197	__gene_F_rbs	37.000000	0.000000	0.000000
94.999197	__gene_G_rbs	14.000000	0.000000	0.000000
94.999197	__gene_H_rbs	5.000000	0.000000	0.000000
94.999197	__gene_J_rbs	57.000000	0.000000	0.000000
94.999197	__gene_K_rbs	55.000000	0.000000	0.000000
94.999197	__ribosome	2.000000	0.000000	0.000000
94.999197	bound_ecolipol	1885.000000	0.000000	0.000000
94.999197	bound_ribosome	100.000000	0.000000	0.000000
94.999197	ecoli_genome	115.000000	0.000000	0.000000
94.999197	ecoli_transcript	7365.000000	0.000000	0.000000
94.999197	ecolipol	50.000000	0.000000	0.000000
94.999197	gene_A	4.000000	2.000000	0.500000
94.999197	gene_A*	0.000000	2.000000	1.000000
94.999197	gene_B	107.000000	63.000000	0.222222
94.999197	gene_C	54.000000	53.000000	0.169811
94.999197	gene_D	150.000000	68.000000	0.117647
94.999197	gene_E	99.000000	64.000000	0.093750
94.999197	gene_F	14.000000	37.000000	0.675676
94.999197	gene_G	1.000000	15.000000	0.200000
94.999197	gene_H	0.000000	5.000000	0.200000
94.999197	gene_J	44.000000	57.000000	0.403509
94.999197	gene_K	53.000000	55.000000	0.109091
94.999197	promoter_A	1.000000	0.000000	0.000000
94.999197	promoter_B1	0.000000	0.000000	0.000000
94.999197	promoter_D	0.000000	0.000000	0.000000
99.999297	__gene_A*_rbs	2.000000	0.000000	0.000000
99.999297	__gene_A_rbs	2.000000	0.000000	0.000000
99.999297	__gene_B_rbs	66.000000	0.000000	0.000000
99.999297	__gene_C_rbs	55.000000	0.000000	0.000000
99.999297	__gene_D_rbs	71.000000	0.000000	0.000000
99.999297	__gene_E_rbs	68.000000	0.000000	0.000000
99.999297	__gene_F_rbs	40.000000	0.000000	0.000000
99.999297	__gene_G_rbs	17.000000	0.000000	0.000000
99.999297	__gene_H_rbs	7.000000	0.000000	0.000000
99.999297	__gene_J_rbs	60.000000	0.000000	0.000000
99.999297	__gene_K_rbs	58.000000	0.000000	0.000000
99.999297	__ribosome	0.000000	0.000000	0.000000
99.999297	bound_ecolipol	1890.000000	0.000000	0.000000
99.999297	bound_ribosome	100.000000	0.000000	0.000000
99.999297	ecoli_genome	110.000000	0.000000	0.000000
99.999297	ecoli_transcript	7709.000000	0.000000	0.000000
99.999297	ecolipol	42.000000	0.000000	0.000000
99.999297	gene_A	4.000000	2.000000	0.500000
99.999297	gene_A*	0.000000	2.000000	1.000000
99.999297	gene_B	112.000000	67.000000	0.298507
99.999297	gene_C	60.000000	56.000000	0.125000
99.999297	gene_D	152.000000	72.000000	0.111111
99.999297	gene_E	101.000000	68.000000	0.102941
99.999297	gene_F	16.000000	40.000000	0.600000
99.999297	gene_G	2.000000	17.000000	0.117647
99.999297	gene_H	0.000000	7.000000	0.142857
99.999297	gene_J	47.000000	61.000000	0.426230
99.999297	gene_K	59.000000	58.000000	0.034483
99.999297	promoter_A	1.000000	0.000000	0.000000
99.999297	promoter_B1	0.000000	0.000000	0.000000
99.999297	promoter_D	0.000000	0.000000	0.000000
104.999601	__gene_A*_rbs	2.000000	0.000000	0.000000
104.999601	__gene_A_rbs	2.000000	0.000000	0.000000
104.999601	__gene_B_rbs	69.000000	0.000000	0.000000
104.999601	__gene_C_rbs	59.000000	0.000000	0.000000
104.999601	__gene_D_rbs	75.000000	0.000000	0.000000
104.999601	__gene_E_rbs	70.000000	0.000000	0.000000
104.999601	__gene_F_rbs	44.000000	0.000000	0.000000
104.999601	__gene_G_rbs	18.000000	0.000000	0.000000
104.999601	__gene_H_rbs	10.000000	0.000000	0.000000
104.999601	__gene_J_rbs	64.000000	0.000000	0.000000
104.999601	__gene_K_rbs	58.000000	0.000000	0.000000
104.999601	__ribosome	0.000000	0.000000	0.000000
104.999601	bound_ecolipol	1886.000000	0.000000	0.000000
104.999601	bound_ribosome	100.000000	0.000000	0.000000
104.999601	ecoli_genome	114.000000	0.000000	0.000000
104.999601	ecoli_transcript	8071.000000	0.000000	0.000000
104.999601	ecolipol	42.000000	0.000000	0.000000
104.999601	gene_A	4.000000	2.000000	0.500000
104.999601	gene_A*	0.000000	2.000000	1.000000
104.999601	gene_B	117.000000	70.000000	0.271429
104.999601	gene_C	64.000000	60.000000	0.133333
104.999601	gene_D	155.000000	76.000000	0.065789
104.999601	gene_E	106.000000	71.000000	0.084507
104.999601	gene_F	20.000000	44.000000	0.477273
104.999601	gene_G	2.000000	18.000000	0.166667
104.999601	gene_H	0.000000	10.000000	0.100000
104.999601	gene_J	50.000000	65.000000	0.446154
104.999601	gene_K	61.000000	62.000000	0.080645
104.999601	promoter_A	1.000000	0.000000	0.000000
104.999601	promoter_B1	0.000000	0.000000	0.000000
104.999601	promoter_D	0.000000	0.000000	0.000000
109.999222	__gene_A*_rbs	2.000000	0.000000	0.000000
109.999222	__gene_A_rbs	2.000000	0.000000	0.000000
109.999222	__gene_B_rbs	74.000000	0.000000	0.000000
109.999222	__gene_C_rbs	62.000000	0.000000	0.000000
109.999222	__gene_D_rbs	78.000000	0.000000	0.000000
109.999222	__gene_E_rbs	74.000000	0.000000	0.000000
109.999222	__gene_F_rbs	46.000000	0.000000	0.000000
109.999222	__gene_G_rbs	19.000000	0.000000	0.000000
109.999222	__gene_H_rbs	10.000000	0.000000	0.000000
109.999222	__gene_J_rbs	67.000000	0.000000	0.000000
109.999222	__gene_K_rbs	64.000000	0.000000	0.000000
109.999222	__ribosome	2.000000	0.000000	0.000000
109.999222	bound_ecolipol	1893.000000	0.000000	0.000000
109.999222	bound_ribosome	100.000000	0.000000	0.000000
109.999222	ecoli_genome	107.000000	0.000000	0.000000
109.999222	ecoli_transcript	8426.000000	0.000000	0.000000
109.999222	ecolipol	37.000000	0.000000	0.000000
109.999222	gene_A	4.000000	2.000000	0.500000
109.999222	gene_A*	1.000000	2.000000	0.500000
109.999222	gene_B	126.000000	74.000000	0.216216
109.999222	gene_C	68.000000	64.000000	0.125000
109.999222	gene_D	158.000000	79.000000	0.101266
109.999222	gene_E	108.000000	74.000000	0.094595
109.999222	gene_F	24.000000	47.000000	0.425532
109.999222	gene_G	3.000000	19.000000	0.157895
109.999222	gene_H	0.000000	10.000000	0.100000
109.999222	gene_J	57.000000	69.000000	0.376812
109.999222	gene_K	64.000000	65.000000	0.107692
109.999222	promoter_A	1.000000	0.000000	0.000000
109.999222	promoter_B1	0.000000	0.000000	0.000000
109.999222	promoter_D	0.000000	0.000000	0.000000
114.999101	__gene_A*_rbs	2.000000	0.000000	0.000000
114.999101	__gene_A_rbs	2.000000	0.000000	0.000000
114.999101	__gene_B_rbs	78.000000	0.000000	0.000000
114.999101	__gene_C_rbs	67.000000	0.000000	0.000000
114.999101	__gene_D_rbs	81.000000	0.000000	0.000000
114.999101	__gene_E_rbs	76.000000	0.000000	0.000000
114.999101	__gene_F_rbs	48.000000	0.000000	0.000000
114.999101	__gene_G_rbs	21.000000	0.000000	0.000000
114.999101	__gene_H_rbs	13.000000	0.000000	0.000000
114.999101	__gene_J_rbs	72.000000	0.000000	0.000000
114.999101	__gene_K_rbs	68.000000	0.000000	0.000000
114.999101	__ribosome	0.000000	0.000000	0.000000
114.999101	bound_ecolipol	1881.000000	0.000000	0.000000
114.999101	bound_ribosome	100.000000	0.000000	0.000000
114.999101	ecoli_genome	119.000000	0.000000	0.000000
114.999101	ecoli_transcript	8803.000000	0.000000	0.000000
114.999101	ecolipol	49.000000	0.000000	0.000000
114.999101	gene_A	4.000000	2.000000	0.500000
114.999101	gene_A*	1.000000	2.000000	1.000000
114.999101	gene_B	135.000000	78.000000	0.141026
114.999101	gene_C	72.000000	67.000000	0.104478
114.999101	gene_D	160.000000	82.000000	0.121951
114.999101	gene_E	112.000000	78.000000	0.115385
114.999101	gene_F	26.000000	48.000000	0.416667
114.999101	gene_G	4.000000	21.000000	0.142857
114.999101	gene_H	0.000000	13.000000	0.076923
114.999101	gene_J	58.000000	73.000000	0.438356
114.999101	gene_K	70.000000	69.000000	0.057971
114.999101	promoter_A	1.000000	0.000000	0.000000
114.999101	promoter_B1	0.000000	0.000000	0.000000
114.999101	promoter_D	0.000000	0.000000	0.000000
119.999032	__gene_A*_rbs	2.000000	0.000000	0.000000
119.999032	__gene_A_rbs	2.000000	0.000000	0.000000
119.999032	__gene_B_rbs	81.000000	0.000000	0.000000
119.999032	__gene_C_rbs	69.000000	0.000000	0.000000
119.999032	__gene_D_rbs	85.000000	0.000000	0.000000
119.999032	__gene_E_rbs	82.000000	0.000000	0.000000
119.999032	__gene_F_rbs	51.000000	0.000000	0.000000
119.999032	__gene_G_rbs	23.000000	0.000000	0.000000
119.999032	__gene_H_rbs	14.000000	0.000000	0.000000
119.999032	__gene_J_rbs	74.000000	0.000000	0.000000
119.999032	__gene_K_rbs	72.000000	0.000000	0.000000
119.999032	__ribosome	1.000000	0.000000	0.000000
119.999032	bound_ecolipol	1884.000000	0.000000	0.000000
119.999032	bound_ribosome	100.000000	0.000000	0.000000
119.999032	ecoli_genome	116.000000	0.000000	0.000000
119.999032	ecoli_transcript	9189.000000	0.000000	0.000000
119.999032	ecolipol	43.000000	0.000000	0.000000
119.999032	gene_A	4.000000	2.000000	0.500000
119.999032	gene_A*	2.000000	2.000000	0.500000
119.999032	gene_B	140.000000	81.000000	0.098765
119.999032	gene_C	76.000000	71.000000	0.098592
119.999032	gene_D	160.000000	86.000000	0.151163
119.999032	gene_E	115.000000	82.000000	0.097561
119.999032	gene_F	29.000000	51.000000	0.372549
119.999032	gene_G	4.000000	23.000000	0.173913
119.999032	gene_H	0.000000	14.000000	0.071429
119.999032	gene_J	61.000000	76.000000	0.447368
119.999032	gene_K	74.000000	73.000000	0.041096
119.999032	promoter_A	1.000000	0.000000	0.000000
119.999032	promoter_B1	0.000000	0.000000	0.000000
119.999032	promoter_D	0.000000	0.000000	0.000000
124.999113	__gene_A*_rbs	2.000000	0.000000	0.000000
124.999113	__gene_A_rbs	2.000000	0.000000	0.000000
124.999113	__gene_B_rbs	84.000000	0.000000	0.000000
124.999113	__gene_C_rbs	75.000000	0.000000	0.000000
124.999113	__gene_D_rbs	89.000000	0.000000	0.000000
124.999113	__gene_E_rbs	85.000000	0.000000	0.000000
124.999113	__gene_F_rbs	53.000000	0.000000	0.000000
124.999113	__gene_G_rbs	26.000000	0.000000	0.000000
124.999113	__gene_H_rbs	14.000000	0.000000	0.000000
124.999113	__gene_J_rbs	76.000000	0.000000	0.000000
124.999113	__gene_K_rbs	75.000000	0.000000	0.000000
124.999113	__ribosome	0.000000	0.000000	0.000000
124.999113	bound_ecolipol	1900.000000	0.000000	0.000000
124.999113	bound_ribosome	100.000000	0.000000	0.000000
124.999113	ecoli_genome	100.000000	0.000000	0.000000
124.999113	ecoli_transcript	9544.000000	0.000000	0.000000
124.999113	ecolipol	27.000000	0.000000	0.000000
124.999113	gene_A	4.000000	2.000000	0.500000
124.999113	gene_A*	2.000000	2.000000	0.500000
124.999113	gene_B	144.000000	85.000000	0.141176
124.999113	gene_C	79.000000	75.000000	0.120000
124.999113	gene_D	165.000000	90.000000	0.133333
124.999113	gene_E	121.000000	86.000000	0.058140
124.999113	gene_F	33.000000	53.000000	0.358491
124.999113	gene_G	6.000000	26.000000	0.076923
124.999113	gene_H	0.000000	14.000000	0.142857
124.999113	gene_J	66.000000	79.000000	0.417722
124.999113	gene_K	76.000000	76.000000	0.052632
124.999113	promoter_A	1.000000	0.000000	0.000000
124.999113	promoter_B1	0.000000	0.000000	0.000000
124.999113	promoter_D	0.000000	0.000000	0.000000
129.999253	__gene_A*_rbs	2.000000	0.000000	0.000000
129.999253	__gene_A_rbs	2.000000	0.000000	0.000000
129.999253	__gene_B_rbs	87.000000	0.000000	0.000000
129.999253	__gene_C_rbs	78.000000	0.000000	0.000000
129.999253	__gene_D_rbs	92.000000	0.000000	0.000000
129.999253	__gene_E_rbs	89.000000	0.000000	0.000000
129.999253	__gene_F_rbs	56.000000	0.000000	0.000000
129.999253	__gene_G_rbs	27.000000	0.000000	0.000000
129.999253	__gene_H_rbs	15.000000	0.000000	0.000000
129.999253	__gene_J_rbs	82.000000	0.000000	0.000000
129.999253	__gene_K_rbs	80.000000	0.000000	0.000000
129.999253	__ribosome	0.000000	0.000000	0.000000
129.999253	bound_ecolipol	1885.000000	0.000000	0.000000
129.999253	bound_ribosome	100.000000	0.000000	0.000000
129.999253	ecoli_genome	115.000000	0.000000	0.000000
129.999253	ecoli_transcript	9931.000000	0.000000	0.000000
129.999253	ecolipol	44.000000	0.000000	0.000000
129.999253	gene_A	4.000000	2.000000	0.500000
129.999253	gene_A*	2.000000	2.000000	0.500000
129.999253	gene_B	148.000000	88.000000	0.125000
129.999253	gene_C	85.000000	78.000000	0.064103
129.999253	gene_D	170.000000	93.000000	0.118280
129.999253	gene_E	123.000000	89.000000	0.056180
129.999253	gene_F	35.000000	56.000000	0.357143
129.999253	gene_G	6.000000	27.000000	0.185185
129.999253	gene_H	0.000000	15.000000	0.133333
129.999253	gene_J	68.000000	82.000000	0.414634
129.999253	gene_K	79.000000	80.000000	0.062500
129.999253	promoter_A	1.000000	0.000000	0.000000
129.999253	promoter_B1	0.000000	0.000000	0.000000
129.999253	promoter_D	0.000000	0.000000	0.000000
134.999329	__gene_A*_rbs	2.000000	0.000000	0.000000
134.999329	__gene_A_rbs	2.000000	0.000000	0.000000
134.999329	__gene_B_rbs	91.000000	0.000000	0.000000
134.999329	__gene_C_rbs	81.000000	0.000000	0.000000
134.999329	__gene_D_rbs	96.000000	0.000000	0.000000
134.999329	__gene_E_rbs	93.000000	0.000000	0.000000
134.999329	__gene_F_rbs	57.000000	0.000000	0.000000
134.999329	__gene_G_rbs	28.000000	0.000000	0.000000
134.999329	__gene_H_rbs	16.000000	0.000000	0.000000
134.999329	__gene_J_rbs	82.000000	0.000000	0.000000
134.999329	__gene_K_rbs	83.000000	0.000000	0.000000
134.999329	__ribosome	1.000000	0.000000	0.000000
134.999329	bound_ecolipol	1887.000000	0.000000	0.000000
134.999329	bound_ribosome	100.000000	0.000000	0.000000
134.999329	ecoli_genome	113.000000	0.000000	0.000000
134.999329	ecoli_transcript	10343.000000	0.000000	0.000000
134.999329	ecolipol	45.000000	0.000000	0.000000
134.999329	gene_A	5.000000	2.000000	0.000000
134.999329	gene_A*	2.000000	2.000000	1.000000
134.999329	gene_B	152.000000	92.000000	0.141304
134.999329	gene_C	89.000000	81.000000	0.049383
134.999329	gene_D	172.000000	97.000000	0.154639
134.999329	gene_E	126.000000	93.000000	0.043011
134.999329	gene_F	38.000000	58.000000	0.327586
134.999329	gene_G	7.000000	28.000000	0.214286
134.999329	gene_H	0.000000	16.000000	0.187500
134.999329	gene_J	72.000000	86.000000	0.383721
134.999329	gene_K	84.000000	83.000000	0.000000
134.999329	promoter_A	1.000000	0.000000	0.000000
134.999329	promoter_B1	0.000000	0.000000	0.000000
134.999329	promoter_D	0.000000	0.000000	0.000000
139.999309	__gene_A*_rbs	2.000000	0.000000	0.000000
139.999309	__gene_A_rbs	2.000000	0.000000	0.000000
139.999309	__gene_B_rbs	96.000000	0.000000	0.000000
139.999309	__gene_C_rbs	84.000000	0.000000	0.000000
139.999309	__gene_D_rbs	100.000000	0.000000	0.000000
139.999309	__gene_E_rbs	94.000000	0.000000	0.000000
139.999309	__gene_F_rbs	60.000000	0.000000	0.000000
139.999309	__gene_G_rbs	31.000000	0.000000	0.000000
139.999309	__gene_H_rbs	17.000000	0.000000	0.000000
139.999309	__gene_J_rbs	88.000000	0.000000	0.000000
139.999309	__gene_K_rbs	87.000000	0.000000	0.000000
139.999309	__ribosome	0.000000	0.000000	0.000000
139.999309	bound_ecolipol	1894.000000	0.000000	0.000000
139.999309	bound_ribosome	100.000000	0.000000	0.000000
139.999309	ecoli_genome	106.000000	0.000000	0.000000
139.999309	ecoli_transcript	10711.000000	0.000000	0.000000
139.999309	ecolipol	39.000000	0.000000	0.000000
139.999309	gene_A	5.000000	2.000000	0.000000
139.999309	gene_A*	2.000000	2.000000	1.000000
139.999309	gene_B	158.000000	96.000000	0.072917
139.999309	gene_C	90.000000	85.000000	0.047059
139.999309	gene_D	177.000000	101.000000	0.158416
139.999309	gene_E	129.000000	96.000000	0.041667
139.999309	gene_F	40.000000	61.000000	0.311475
139.999309	gene_G	7.000000	31.000000	0.225806
139.999309	gene_H	0.000000	17.000000	0.176471
139.999309	gene_J	74.000000	90.000000	0.388889
139.999309	gene_K	84.000000	87.000000	0.034483
139.999309	promoter_A	1.000000	0.000000	0.000000
139.999309	promoter_B1	0.000000	0.000000	0.000000
139.999309	promoter_D	0.000000	0.000000	0.000000
144.999542	__gene_A*_rbs	2.000000	0.000000	0.000000
144.999542	__gene_A_rbs	2.000000	0.000000	0.000000
144.999542	__gene_B_rbs	99.000000	0.000000	0.000000
144.999542	__gene_C_rbs	87.000000	0.000000	0.000000
144.999542	__gene_D_rbs	104.000000	0.000000	0.000000
144.999542	__gene_E_rbs	99.000000	0.000000	0.000000
144.999542	__gene_F_rbs	63.000000	0.000000	0.000000
144.999542	__gene_G_rbs	33.000000	0.000000	0.000000
144.999542	__gene_H_rbs	17.000000	0.000000	0.000000
144.999542	__gene_J_rbs	94.000000	0.000000	0.000000
144.999542	__gene_K_rbs	89.000000	0.000000	0.000000
144.999542	__ribosome	0.000000	0.000000	0.000000
144.999542	bound_ecolipol	1892.000000	0.000000	0.000000
144.999542	bound_ribosome	100.000000	0.000000	0.000000
144.999542	ecoli_genome	108.000000	0.000000	0.000000
144.999542	ecoli_transcript	11059.000000	0.000000	0.000000
144.999542	ecolipol	42.000000	0.000000	0.000000
144.999542	gene_A	5.000000	2.000000	0.000000
144.999542	gene_A*	3.000000	2.000000	0.500000
144.999542	gene_B	160.000000	99.000000	0.090909
144.999542	gene_C	94.000000	89.000000	0.033708
144.999542	gene_D	181.000000	104.000000	0.144231
144.999542	gene_E	130.000000	100.000000	0.050000
144.999542	gene_F	41.000000	63.000000	0.317460
144.999542	gene_G	8.000000	33.000000	0.242424
144.999542	gene_H	0.000000	17.000000	0.176471
144.999542	gene_J	74.000000	94.000000	0.372340
144.999542	gene_K	87.000000	91.000000	0.010989
144.999542	promoter_A	1.000000	0.000000	0.000000
144.999542	promoter_B1	0.000000	0.000000	0.000000
144.999542	promoter_D	0.000000	0.000000	0.000000
149.999067	__gene_A*_rbs	2.000000	0.000000	0.000000
149.999067	__gene_A_rbs	3.000000	0.000000	0.000000
149.999067	__gene_B_rbs	101.000000	0.000000	0.000000
149.999067	__gene_C_rbs	91.000000	0.000000	0.000000
149.999067	__gene_D_rbs	108.000000	0.000000	0.000000
149.999067	__gene_E_rbs	103.000000	0.000000	0.000000
149.999067	__gene_F_rbs	67.000000	0.000000	0.000000
149.999067	__gene_G_rbs	37.000000	0.000000	0.000000
149.999067	__gene_H_rbs	18.000000	0.000000	0.000000
149.999067	__gene_J_rbs	97.000000	0.000000	0.000000
149.999067	__gene_K_rbs	94.000000	0.000000	0.000000
149.999067	__ribosome	0.000000	0.000000	0.000000
149.999067	bound_ecolipol	1888.000000	0.000000	0.000000
149.999067	bound_ribosome	100.000000	0.000000	0.000000
149.999067	ecoli_genome	112.000000	0.000000	0.000000
149.999067	ecoli_transcript	11434.000000	0.000000	0.000000
149.999067	ecolipol	42.000000	0.000000	0.000000
149.999067	gene_A	5.000000	3.000000	0.000000
149.999067	gene_A*	3.000000	2.000000	0.500000
149.999067	gene_B	165.000000	102.000000	0.058824
149.999067	gene_C	94.000000	92.000000	0.065217
149.999067	gene_D	187.000000	108.000000	0.111111
149.999067	gene_E	133.000000	104.000000	0.048077
149.999067	gene_F	41.000000	67.000000	0.313433
149.999067	gene_G	9.000000	37.000000	0.216216
149.999067	gene_H	0.000000	18.000000	0.222222
149.999067	gene_J	74.000000	97.000000	0.360825
149.999067	gene_K	88.000000	94.000000	0.021277
149.999067	promoter_A	1.000000	0.000000	0.000000
149.999067	promoter_B1	0.000000	0.000000	0.000000
149.999067	promoter_D	0.000000	0.000000	0.000000
154.999146	__gene_A*_rbs	2.000000	0.000000	0.000000
154.999146	__gene_A_rbs	4.000000	0.000000	0.000000
154.999146	__gene_B_rbs	105.000000	0.000000	0.000000
154.999146	__gene_C_rbs	94.000000	0.000000	0.000000
154.999146	__gene_D_rbs	111.000000	0.000000	0.000000
154.999146	__gene_E_rbs	108.000000	0.000000	0.000000
154.999146	__gene_F_rbs	70.000000	0.000000	0.000000
154.999146	__gene_G_rbs	38.000000	0.000000	0.000000
154.999146	__gene_H_rbs	20.000000	0.000000	0.000000
154.999146	__gene_J_rbs	100.000000	0.000000	0.000000
154.999146	__gene_K_rbs	98.000000	0.000000	0.000000
154.999146	__ribosome	0.000000	0.000000	0.000000
154.999146	bound_ecolipol	1888.000000	0.000000	0.000000
154.999146	bound_ribosome	100.000000	0.000000	0.000000
154.999146	ecoli_genome	112.000000	0.000000	0.000000
154.999146	ecoli_transcript	11805.000000	0.000000	0.000000
154.999146	ecolipol	39.000000	0.000000	0.000000
154.999146	gene_A	5.000000	4.000000	0.000000
154.999146	gene_A*	3.000000	2.000000	0.500000
154.999146	gene_B	167.000000	106.000000	0.066038
154.999146	gene_C	97.000000	96.000000	0.083333
154.999146	gene_D	193.000000	112.000000	0.080357
154.999146	gene_E	135.000000	108.000000	0.027778
154.999146	gene_F	46.000000	70.000000	0.242857
154.999146	gene_G	12.000000	38.000000	0.236842
154.999146	gene_H	0.000000	20.000000	0.200000
154.999146	gene_J	74.000000	101.000000	0.366337
154.999146	gene_K	90.000000	98.000000	0.051020
154.999146	promoter_A	1.000000	0.000000	0.000000
154.999146	promoter_B1	0.000000	0.000000	0.000000
154.999146	promoter_D	0.000000	0.000000	0.000000
159.999004	__gene_A*_rbs	2.000000	0.000000	0.000000
159.999004	__gene_A_rbs	4.000000	0.000000	0.000000
159.999004	__gene_B_rbs	110.000000	0.000000	0.000000
159.999004	__gene_C_rbs	100.000000	0.000000	0.000000
159.999004	__gene_D_rbs	115.000000	0.000000	0.000000
159.999004	__gene_E_rbs	111.000000	0.000000	0.000000
159.999004	__gene_F_rbs	71.000000	0.000000	0.000000
159.999004	__gene_G_rbs	40.000000	0.000000	0.000000
159.999004	__gene_H_rbs	22.000000	0.000000	0.000000
159.999004	__gene_J_rbs	103.000000	0.000000	0.000000
159.999004	__gene_K_rbs	101.000000	0.000000	0.000000
159.999004	__ribosome	0.000000	0.000000	0.000000
159.999004	bound_ecolipol	1883.000000	0.000000	0.000000
159.999004	bound_ribosome	100.000000	0.000000	0.000000
159.999004	ecoli_genome	117.000000	0.000000	0.000000
159.999004	ecoli_transcript	12183.000000	0.000000	0.000000
159.999004	ecolipol	45.000000	0.000000	0.000000
159.999004	gene_A	5.000000	4.000000	0.000000
159.999004	gene_A*	3.000000	2.000000	0.500000
159.999004	gene_B	170.000000	110.000000	0.063636
159.999004	gene_C	102.000000	100.000000	0.040000
159.999004	gene_D	196.000000	116.000000	0.094828
159.999004	gene_E	138.000000	111.000000	0.009009
159.999004	gene_F	48.000000	71.000000	0.253521
159.999004	gene_G	12.000000	40.000000	0.250000
159.999004	gene_H	0.000000	22.000000	0.181818
159.999004	gene_J	75.000000	105.000000	0.400000
159.999004	gene_K	95.000000	102.000000	0.019608
159.999004	promoter_A	1.000000	0.000000	0.000000
159.999004	promoter_B1	0.000000	0.000000	0.000000
159.999004	promoter_D	0.000000	0.000000	0.000000
164.999016	__gene_A*_rbs	3.000000	0.000000	0.000000
164.999016	__gene_A_rbs	4.000000	0.000000	0.000000
164.999016	__gene_B_rbs	114.000000	0.000000	0.000000
164.999016	__gene_C_rbs	103.000000	0.000000	0.000000
164.999016	__gene_D_rbs	119.000000	0.000000	0.000000
164.999016	__gene_E_rbs	115.000000	0.000000	0.000000
164.999016	__gene_F_rbs	74.000000	0.000000	0.000000
164.999016	__gene_G_rbs	42.000000	0.000000	0.000000
164.999016	__gene_H_rbs	24.000000	0.000000	0.000000
164.999016	__gene_J_rbs	109.000000	0.000000	0.000000
164.999016	__gene_K_rbs	104.000000	0.000000	0.000000
164.999016	__ribosome	0.000000	0.000000	0.000000
164.999016	bound_ecolipol	1883.000000	0.000000	0.000000
164.999016	bound_ribosome	100.000000	0.000000	0.000000
164.999016	ecoli_genome	117.000000	0.000000	0.000000
164.999016	ecoli_transcript	12591.000000	0.000000	0.000000
164.999016	ecolipol	45.000000	0.000000	0.000000
164.999016	gene_A	5.000000	4.000000	0.000000
164.999016	gene_A*	3.000000	3.000000	0.333333
164.999016	gene_B	173.000000	114.000000	0.078947
164.999016	gene_C	105.000000	104.000000	0.019231
164.999016	gene_D	199.000000	119.000000	0.100840
164.999016	gene_E	138.000000	115.000000	0.008696
164.999016	gene_F	50.000000	74.000000	0.243243
164.999016	gene_G	13.000000	42.000000	0.214286
164.999016	gene_H	0.000000	24.000000	0.208333
164.999016	gene_J	79.000000	109.000000	0.357798
164.999016	gene_K	96.000000	105.000000	0.038095
164.999016	promoter_A	1.000000	0.000000	0.000000
164.999016	promoter_B1	0.000000	0.000000	0.000000
164.999016	promoter_D	0.000000	0.000000	0.000000
169.999111	__gene_A*_rbs	4.000000	0.000000	0.000000
169.999111	__gene_A_rbs	4.000000	0.000000	0.000000
169.999111	__gene_B_rbs	118.000000	0.000000	0.000000
169.999111	__gene_C_rbs	106.000000	0.000000	0.000000
169.999111	__gene_D_rbs	123.000000	0.000000	0.000000
169.999111	__gene_E_rbs	119.000000	0.000000	0.000000
169.999111	__gene_F_rbs	77.000000	0.000000	0.000000
169.999111	__gene_G_rbs	45.000000	0.000000	0.000000
169.999111	__gene_H_rbs	26.000000	0.000000	0.000000
169.999111	__gene_J_rbs	112.000000	0.000000	0.000000
169.999111	__gene_K_rbs	108.000000	0.000000	0.000000
169.999111	__ribosome	0.000000	0.000000	0.000000
169.999111	bound_ecolipol	1879.000000	0.000000	0.000000
169.999111	bound_ribosome	100.000000	0.000000	0.000000
169.999111	ecoli_genome	121.000000	0.000000	0.000000
169.999111	ecoli_transcript	12990.000000	0.000000	0.000000
169.999111	ecolipol	45.000000	0.000000	0.000000
169.999111	gene_A	5.000000	4.000000	0.000000
169.999111	gene_A*	3.000000	4.000000	0.250000
169.999111	gene_B	176.000000	118.000000	0.101695
169.999111	gene_C	106.000000	107.000000	0.028037
169.999111	gene_D	202.000000	123.000000	0.097561
169.999111	gene_E	139.000000	119.000000	0.008403
169.999111	gene_F	53.000000	77.000000	0.194805
169.999111	gene_G	13.000000	45.000000	0.200000
169.999111	gene_H	0.000000	26.000000	0.192308
169.999111	gene_J	80.000000	112.000000	0.339286
169.999111	gene_K	99.000000	109.000000	0.036697
169.999111	promoter_A	1.000000	0.000000	0.000000
169.999111	promoter_B1	0.000000	0.000000	0.000000
169.999111	promoter_D	0.000000	0.000000	0.000000
174.999117	__gene_A*_rbs	4.000000	0.000000	0.000000
174.999117	__gene_A_rbs	4.000000	0.000000	0.000000
174.999117	__gene_B_rbs	121.000000	0.000000	0.000000
174.999117	__gene_C_rbs	108.000000	0.000000	0.000000
174.999117	__gene_D_rbs	124.000000	0.000000	0.000000
174.999117	__gene_E_rbs	122.000000	0.000000	0.000000
174.999117	__gene_F_rbs	79.000000	0.000000	0.000000
174.999117	__gene_G_rbs	48.000000	0.000000	0.000000
174.999117	__gene_H_rbs	27.000000	0.000000	0.000000
174.999117	__gene_J_rbs	116.000000	0.000000	0.000000
174.999117	__gene_K_rbs	110.000000	0.000000	0.000000
174.999117	__ribosome	0.000000	0.000000	0.000000
174.999117	bound_ecolipol	1888.000000	0.000000	0.000000
174.999117	bound_ribosome	100.000000	0.000000	0.000000
174.999117	ecoli_genome	112.000000	0.000000	0.000000
174.999117	ecoli_transcript	13346.000000	0.000000	0.000000
174.999117	ecolipol	38.000000	0.000000	0.000000
174.999117	gene_A	5.000000	4.000000	0.000000
174.999117	gene_A*	4.000000	4.000000	0.000000
174.999117	gene_B	178.000000	121.000000	0.090909
174.999117	gene_C	107.000000	110.000000	0.027273
174.999117	gene_D	207.000000	126.000000	0.095238
174.999117	gene_E	139.000000	122.000000	0.032787
174.999117	gene_F	56.000000	79.000000	0.151899
174.999117	gene_G	15.000000	48.000000	0.145833
174.999117	gene_H	0.000000	27.000000	0.222222
174.999117	gene_J	80.000000	116.000000	0.327586
174.999117	gene_K	100.000000	112.000000	0.062500
174.999117	promoter_A	1.000000	0.000000	0.000000
174.999117	promoter_B1	0.000000	0.000000	0.000000
174.999117	promoter_D	0.000000	0.000000	0.000000
179.999207	__gene_A*_rbs	4.000000	0.000000	0.000000
179.999207	__gene_A_rbs	4.000000	0.000000	0.000000
179.999207	__gene_B_rbs	125.000000	0.000000	0.000000
179.999207	__gene_C_rbs	114.000000	0.000000	0.000000
179.999207	__gene_D_rbs	128.000000	0.000000	0.000000
179.999207	__gene_E_rbs	124.000000	0.000000	0.000000
179.999207	__gene_F_rbs	82.000000	0.000000	0.000000
179.999207	__gene_G_rbs	50.000000	0.000000	0.000000
179.999207	__gene_H_rbs	29.000000	0.000000	0.000000
179.999207	__gene_J_rbs	120.000000	0.000000	0.000000
179.999207	__gene_K_rbs	115.000000	0.000000	0.000000
179.999207	__ribosome	0.000000	0.000000	0.000000
179.999207	bound_ecolipol	1885.000000	0.000000	0.000000
179.999207	bound_ribosome	100.000000	0.000000	0.000000
179.999207	ecoli_genome	115.000000	0.000000	0.000000
179.999207	ecoli_transcript	13723.000000	0.000000	0.000000
179.999207	ecolipol	40.000000	0.000000	0.000000
179.999207	gene_A	5.000000	4.000000	0.000000
179.999207	gene_A*	4.000000	4.000000	0.000000
179.999207	gene_B	187.000000	125.000000	0.040000
179.999207	gene_C	109.000000	114.000000	0.017544
179.999207	gene_D	211.000000	130.000000	0.100000
179.999207	gene_E	140.000000	126.000000	0.071429
179.999207	gene_F	58.000000	82.000000	0.121951
179.999207	gene_G	15.000000	50.000000	0.180000
179.999207	gene_H	0.000000	29.000000	0.206897
179.999207	gene_J	82.000000	120.000000	0.333333
179.999207	gene_K	105.000000	115.000000	0.052174
179.999207	promoter_A	1.000000	0.000000	0.000000
179.999207	promoter_B1	0.000000	0.000000	0.000000
179.999207	promoter_D	0.000000	0.000000	0.000000
184.999136	__gene_A*_rbs	4.000000	0.000000	0.000000
184.999136	__gene_A_rbs	4.000000	0.000000	0.000000
184.999136	__gene_B_rbs	128.000000	0.000000	0.000000
184.999136	__gene_C_rbs	115.000000	0.000000	0.000000
184.999136	__gene_D_rbs	134.000000	0.000000	0.000000
184.999136	__gene_E_rbs	128.000000	0.000000	0.000000
184.999136	__gene_F_rbs	84.000000	0.000000	0.000000
184.999136	__gene_G_rbs	52.000000	0.000000	0.000000
184.999136	__gene_H_rbs	31.000000	0.000000	0.000000
184.999136	__gene_J_rbs	123.000000	0.000000	0.000000
184.999136	__gene_K_rbs	119.000000	0.000000	0.000000
184.999136	__ribosome	0.000000	0.000000	0.000000
184.999136	bound_ecolipol	1884.000000	0.000000	0.000000
184.999136	bound_ribosome	100.000000	0.000000	0.000000
184.999136	ecoli_genome	116.000000	0.000000	0.000000
184.999136	ecoli_transcript	14134.000000	0.000000	0.000000
184.999136	ecolipol	41.000000	0.000000	0.000000
184.999136	gene_A	5.000000	4.000000	0.000000
184.999136	gene_A*	4.000000	4.000000	0.000000
184.999136	gene_B	189.000000	128.000000	0.062500
184.999136	gene_C	110.000000	117.000000	0.017094
184.999136	gene_D	214.000000	134.000000	0.119403
184.999136	gene_E	143.000000	129.000000	0.062016
184.999136	gene_F	60.000000	85.000000	0.105882
184.999136	gene_G	15.000000	52.000000	0.192308
184.999136	gene_H	0.000000	31.000000	0.193548
184.999136	gene_J	83.000000	123.000000	0.317073
184.999136	gene_K	111.000000	119.000000	0.016807
184.999136	promoter_A	1.000000	0.000000	0.000000
184.999136	promoter_B1	0.000000	0.000000	0.000000
184.999136	promoter_D	0.000000	0.000000	0.000000
189.999032	__gene_A*_rbs	4.000000	0.000000	0.000000
189.999032	__gene_A_rbs	4.000000	0.000000	0.000000
189.999032	__gene_B_rbs	132.000000	0.000000	0.000000
189.999032	__gene_C_rbs	121.000000	0.000000	0.000000
189.999032	__gene_D_rbs	137.000000	0.000000	0.000000
189.999032	__gene_E_rbs	133.000000	0.000000	0.000000
189.999032	__gene_F_rbs	88.000000	0.000000	0.000000
189.999032	__gene_G_rbs	54.000000	0.000000	0.000000
189.999032	__gene_H_rbs	34.000000	0.000000	0.000000
189.999032	__gene_J_rbs	127.000000	0.000000	0.000000
189.999032	__gene_K_rbs	122.000000	0.000000	0.000000
189.999032	__ribosome	0.000000	0.000000	0.000000
189.999032	bound_ecolipol	1893.000000	0.000000	0.000000
189.999032	bound_ribosome	100.000000	0.000000	0.000000
189.999032	ecoli_genome	107.000000	0.000000	0.000000
189.999032	ecoli_transcript	14509.000000	0.000000	0.000000
189.999032	ecolipol	32.000000	0.000000	0.000000
189.999032	gene_A	5.000000	4.000000	0.000000
189.999032	gene_A*	4.000000	4.000000	0.000000
189.999032	gene_B	191.000000	132.000000	0.060606
189.999032	gene_C	111.000000	121.000000	0.016529
189.999032	gene_D	218.000000	137.000000	0.116788
189.999032	gene_E	149.000000	133.000000	0.030075
189.999032	gene_F	61.000000	88.000000	0.125000
189.999032	gene_G	15.000000	54.000000	0.203704
189.999032	gene_H	0.000000	34.000000	0.205882
189.999032	gene_J	83.000000	127.000000	0.314961
189.999032	gene_K	113.000000	123.000000	0.008130
189.999032	promoter_A	1.000000	0.000000	0.000000
189.999032	promoter_B1	0.000000	0.000000	0.000000
189.999032	promoter_D	0.000000	0.000000	0.000000
194.999460	__gene_A*_rbs	4.000000	0.000000	0.000000
194.999460	__gene_A_rbs	4.000000	0.000000	0.000000
194.999460	__gene_B_rbs	135.000000	0.000000	0.000000
194.999460	__gene_C_rbs	124.000000	0.000000	0.000000
194.999460	__gene_D_rbs	141.000000	0.000000	0.000000
194.999460	__gene_E_rbs	137.000000	0.000000	0.000000
194.999460	__gene_F_rbs	90.000000	0.000000	0.000000
194.999460	__gene_G_rbs	56.000000	0.000000	0.000000
194.999460	__gene_H_rbs	37.000000	0.000000	0.000000
194.999460	__gene_J_rbs	128.000000	0.000000	0.000000
194.999460	__gene_K_rbs	126.000000	0.000000	0.000000
194.999460	__ribosome	0.000000	0.000000	0.000000
194.999460	bound_ecolipol	1878.000000	0.000000	0.000000
194.999460	bound_ribosome	100.000000	0.000000	0.000000
194.999460	ecoli_genome	122.000000	0.000000	0.000000
194.999460	ecoli_transcript	14855.000000	0.000000	0.000000
194.999460	ecolipol	48.000000	0.000000	0.000000
194.999460	gene_A	5.000000	4.000000	0.000000
194.999460	gene_A*	4.000000	4.000000	0.000000
194.999460	gene_B	196.000000	135.000000	0.037037
194.999460	gene_C	112.000000	125.000000	0.016000
194.999460	gene_D	221.000000	141.000000	0.127660
194.999460	gene_E	151.000000	137.000000	0.021898
194.999460	gene_F	63.000000	90.000000	0.122222
194.999460	gene_G	15.000000	56.000000	0.196429
194.999460	gene_H	0.000000	37.000000	0.189189
194.999460	gene_J	83.000000	131.000000	0.320611
194.999460	gene_K	114.000000	127.000000	0.007874
194.999460	promoter_A	1.000000	0.000000	0.000000
194.999460	promoter_B1	0.000000	0.000000	0.000000
194.999460	promoter_D	0.000000	0.000000	0.000000
199.999027	__gene_A*_rbs	4.000000	0.000000	0.000000
199.999027	__gene_A_rbs	4.000000	0.000000	0.000000
199.999027	__gene_B_rbs	139.000000	0.000000	0.000000
199.999027	__gene_C_rbs	128.000000	0.000000	0.000000
199.999027	__gene_D_rbs	145.000000	0.000000	0.000000
199.999027	__gene_E_rbs	140.000000	0.000000	0.000000
199.999027	__gene_F_rbs	93.000000	0.000000	0.000000
199.999027	__gene_G_rbs	58.000000	0.000000	0.000000
199.999027	__gene_H_rbs	37.000000	0.000000	0.000000
199.999027	__gene_J_rbs	134.000000	0.000000	0.000000
199.999027	__gene_K_rbs	131.000000	0.000000	0.000000
199.999027	__ribosome	0.000000	0.000000	0.000000
199.999027	bound_ecolipol	1886.000000	0.000000	0.000000
199.999027	bound_ribosome	100.000000	0.000000	0.000000
199.999027	ecoli_genome	114.000000	0.000000	0.000000
199.999027	ecoli_transcript	15251.000000	0.000000	0.000000
199.999027	ecolipol	41.000000	0.000000	0.000000
199.999027	gene_A	5.000000	4.000000	0.000000
199.999027	gene_A*	4.000000	4.000000	0.000000
199.999027	gene_B	197.000000	139.000000	0.071942
199.999027	gene_C	113.000000	129.000000	0.023256
199.999027	gene_D	229.000000	145.000000	0.075862
199.999027	gene_E	153.000000	141.000000	0.021277
199.999027	gene_F	64.000000	93.000000	0.107527
199.999027	gene_G	16.000000	58.000000	0.189655
199.999027	gene_H	0.000000	37.000000	0.189189
199.999027	gene_J	85.000000	134.000000	0.320896
199.999027	gene_K	115.000000	131.000000	0.015267
199.999027	promoter_A	1.000000	0.000000	0.000000
199.999027	promoter_B1	0.000000	0.000000	0.000000
199.999027	promoter_D	0.000000	0.000000	0.000000
204.999201	__gene_A*_rbs	4.000000	0.000000	0.000000
204.999201	__gene_A_rbs	4.000000	0.000000	0.000000
204.999201	__gene_B_rbs	141.000000	0.000000	0.000000
204.999201	__gene_C_rbs	131.000000	0.000000	0.000000
204.999201	__gene_D_rbs	148.000000	0.000000	0.000000
204.999201	__gene_E_rbs	144.000000	0.000000	0.000000
204.999201	__gene_F_rbs	95.000000	0.000000	0.000000
204.999201	__gene_G_rbs	60.000000	0.000000	0.000000
204.999201	__gene_H_rbs	38.000000	0.000000	0.000000
204.999201	__gene_J_rbs	137.000000	0.000000	0.000000
204.999201	__gene_K_rbs	135.000000	0.000000	0.000000
204.999201	__ribosome	0.000000	0.000000	0.000000
204.999201	bound_ecolipol	1891.000000	0.000000	0.000000
204.999201	bound_ribosome	100.000000	0.000000	0.000000
204.999201	ecoli_genome	109.000000	0.000000	0.000000
204.999201	ecoli_transcript	15619.000000	0.000000	0.000000
204.999201	ecolipol	36.000000	0.000000	0.000000
204.999201	gene_A	5.000000	4.000000	0.000000
204.999201	gene_A*	4.000000	4.000000	0.000000
204.999201	gene_B	199.000000	142.000000	0.077465
204.999201	gene_C	115.000000	132.000000	0.030303
204.999201	gene_D	235.000000	149.000000	0.060403
204.999201	gene_E	154.000000	144.000000	0.034722
204.999201	gene_F	67.000000	95.000000	0.073684
204.999201	gene_G	17.000000	60.000000	0.166667
204.999201	gene_H	0.000000	38.000000	0.263158
204.999201	gene_J	87.000000	138.000000	0.311594
204.999201	gene_K	117.000000	135.000000	0.007407
204.999201	promoter_A	1.000000	0.000000	0.000000
204.999201	promoter_B1	0.000000	0.000000	0.000000
204.999201	promoter_D	0.000000	0.000000	0.000000
209.999332	__gene_A*_rbs	4.000000	0.000000	0.000000
209.999332	__gene_A_rbs	4.000000	0.000000	0.000000
209.999332	__gene_B_rbs	147.000000	0.000000	0.000000
209.999332	__gene_C_rbs	136.000000	0.000000	0.000000
209.999332	__gene_D_rbs	150.000000	0.000000	0.000000
209.999332	__gene_E_rbs	148.000000	0.000000	0.000000
209.999332	__gene_F_rbs	98.000000	0.000000	0.000000
209.999332	__gene_G_rbs	61.000000	0.000000	0.000000
209.999332	__gene_H_rbs	40.000000	0.000000	0.000000
209.999332	__gene_J_rbs	140.000000	0.000000	0.000000
209.999332	__gene_K_rbs	138.000000	0.000000	0.000000
209.999332	__ribosome	0.000000	0.000000	0.000000
209.999332	bound_ecolipol	1890.000000	0.000000	0.000000
209.999332	bound_ribosome	100.000000	0.000000	0.000000
209.999332	ecoli_genome	110.000000	0.000000	0.000000
209.999332	ecoli_transcript	16023.000000	0.000000	0.000000
209.999332	ecolipol	39.000000	0.000000	0.000000
209.999332	gene_A	5.000000	4.000000	0.000000
209.999332	gene_A*	4.000000	4.000000	0.250000
209.999332	gene_B	205.000000	147.000000	0.054422
209.999332	gene_C	116.000000	136.000000	0.044118
209.999332	gene_D	238.000000	152.000000	0.059211
209.999332	gene_E	156.000000	148.000000	0.040541
209.999332	gene_F	68.000000	98.000000	0.061224
209.999332	gene_G	17.000000	62.000000	0.209677
209.999332	gene_H	0.000000	40.000000	0.250000
209.999332	gene_J	89.000000	141.000000	0.290780
209.999332	gene_K	118.000000	138.000000	0.000000
209.999332	promoter_A	1.000000	0.000000	0.000000
209.999332	promoter_B1	0.000000	0.000000	0.000000
209.999332	promoter_D	0.000000	0.000000	0.000000
214.999202	__gene_A*_rbs	4.000000	0.000000	0.000000
214.999202	__gene_A_rbs	4.000000	0.000000	0.000000
214.999202	__gene_B_rbs	150.000000	0.000000	0.000000
214.999202	__gene_C_rbs	139.000000	0.000000	0.000000
214.999202	__gene_D_rbs	156.000000	0.000000	0.000000
214.999202	__gene_E_rbs	152.000000	0.000000	0.000000
214.999202	__gene_F_rbs	101.000000	0.000000	0.000000
214.999202	__gene_G_rbs	62.000000	0.000000	0.000000
214.999202	__gene_H_rbs	42.000000	0.000000	0.000000
214.999202	__gene_J_rbs	145.000000	0.000000	0.000000
214.999202	__gene_K_rbs	141.000000	0.000000	0.000000
214.999202	__ribosome	0.000000	0.000000	0.000000
214.999202	bound_ecolipol	1887.000000	0.000000	0.000000
214.999202	bound_ribosome	100.000000	0.000000	0.000000
214.999202	ecoli_genome	113.000000	0.000000	0.000000
214.999202	ecoli_transcript	16428.000000	0.000000	0.000000
214.999202	ecolipol	42.000000	0.000000	0.000000
214.999202	gene_A	5.000000	4.000000	0.000000
214.999202	gene_A*	4.000000	4.000000	0.250000
214.999202	gene_B	208.000000	150.000000	0.040000
214.999202	gene_C	119.000000	140.000000	0.042857
214.999202	gene_D	240.000000	156.000000	0.051282
214.999202	gene_E	160.000000	152.000000	0.032895
214.999202	gene_F	68.000000	101.000000	0.079208
214.999202	gene_G	18.000000	62.000000	0.193548
214.999202	gene_H	0.000000	42.000000	0.238095
214.999202	gene_J	90.000000	145.000000	0.289655
214.999202	gene_K	118.000000	142.000000	0.014085
214.999202	promoter_A	1.000000	0.000000	0.000000
214.999202	promoter_B1	0.000000	0.000000	0.000000
214.999202	promoter_D	0.000000	0.000000	0.000000
219.999094	__gene_A*_rbs	4.000000	0.000000	0.000000
219.999094	__gene_A_rbs	4.000000	0.000000	0.000000
219.999094	__gene_B_rbs	153.000000	0.000000	0.000000
219.999094	__gene_C_rbs	143.000000	0.000000	0.000000
219.999094	__gene_D_rbs	158.000000	0.000000	0.000000
219.999094	__gene_E_rbs	155.000000	0.000000	0.000000
219.999094	__gene_F_rbs	104.000000	0.000000	0.000000
219.999094	__gene_G_rbs	64.000000	0.000000	0.000000
219.999094	__gene_H_rbs	44.000000	0.000000	0.000000
219.999094	__gene_J_rbs	148.000000	0.000000	0.000000
219.999094	__gene_K_rbs	145.000000	0.000000	0.000000
219.999094	__ribosome	0.000000	0.000000	0.000000
219.999094	bound_ecolipol	1890.000000	0.000000	0.000000
219.999094	bound_ribosome	100.000000	0.000000	0.000000
219.999094	ecoli_genome	110.000000	0.000000	0.000000
219.999094	ecoli_transcript	16804.000000	0.000000	0.000000
219.999094	ecolipol	40.000000	0.000000	0.000000
219.999094	gene_A	5.000000	4.000000	0.000000
219.999094	gene_A*	4.000000	4.000000	0.250000
219.999094	gene_B	212.000000	154.000000	0.032468
219.999094	gene_C	122.000000	144.000000	0.027778
219.999094	gene_D	244.000000	160.000000	0.043750
219.999094	gene_E	162.000000	155.000000	0.051613
219.999094	gene_F	68.000000	104.000000	0.076923
219.999094	gene_G	18.000000	64.000000	0.187500
219.999094	gene_H	0.000000	44.000000	0.250000
219.999094	gene_J	92.000000	149.000000	0.281879
219.999094	gene_K	120.000000	146.000000	0.013699
219.999094	promoter_A	0.000000	0.000000	0.000000
219.999094	promoter_B1	0.000000	0.000000	0.000000
219.999094	promoter_D	0.000000	0.000000	0.000000
224.999047	__gene_A*_rbs	4.000000	0.000000	0.000000
224.999047	__gene_A_rbs	5.000000	0.000000	0.000000
224.999047	__gene_B_rbs	157.000000	0.000000	0.000000
224.999047	__gene_C_rbs	147.000000	0.000000	0.000000
224.999047	__gene_D_rbs	164.000000	0.000000	0.000000
224.999047	__gene_E_rbs	160.000000	0.000000	0.000000
224.999047	__gene_F_rbs	107.000000	0.000000	0.000000
224.999047	__gene_G_rbs	66.000000	0.000000	0.000000
224.999047	__gene_H_rbs	45.000000	0.000000	0.000000
224.999047	__gene_J_rbs	153.000000	0.000000	0.000000
224.999047	__gene_K_rbs	149.000000	0.000000	0.000000
224.999047	__ribosome	0.000000	0.000000	0.000000
224.999047	bound_ecolipol	1880.000000	0.000000	0.000000
224.999047	bound_ribosome	100.000000	0.000000	0.000000
224.999047	ecoli_genome	120.000000	0.000000	0.000000
224.999047	ecoli_transcript	17194.000000	0.000000	0.000000
224.999047	ecolipol	49.000000	0.000000	0.000000
224.999047	gene_A	5.000000	5.000000	0.000000
224.999047	gene_A*	4.000000	4.000000	0.250000
224.999047	gene_B	213.000000	157.000000	0.038217
224.999047	gene_C	126.000000	147.000000	0.006803
224.999047	gene_D	247.000000	164.000000	0.036585
224.999047	gene_E	165.000000	160.000000	0.062500
224.999047	gene_F	68.000000	107.000000	0.084112
224.999047	gene_G	18.000000	66.000000	0.212121
224.999047	gene_H	0.000000	45.000000	0.244444
224.999047	gene_J	93.000000	153.000000	0.267974
224.999047	gene_K	122.000000	149.000000	0.006711
224.999047	promoter_A	1.000000	0.000000	0.000000
224.999047	promoter_B1	0.000000	0.000000	0.000000
224.999047	promoter_D	0.000000	0.000000	0.000000
229.999218	__gene_A*_rbs	4.000000	0.000000	0.000000
229.999218	__gene_A_rbs	5.000000	0.000000	0.000000
229.999218	__gene_B_rbs	161.000000	0.000000	0.000000
229.999218	__gene_C_rbs	150.000000	0.000000	0.000000
229.999218	__gene_D_rbs	167.000000	0.000000	0.000000
229.999218	__gene_E_rbs	163.000000	0.000000	0.000000
229.999218	__gene_F_rbs	110.000000	0.000000	0.000000
229.999218	__gene_G_rbs	68.000000	0.000000	0.000000
229.999218	__gene_H_rbs	45.000000	0.000000	0.000000
229.999218	__gene_J_rbs	157.000000	0.000000	0.000000
229.999218	__gene_K_rbs	151.000000	0.000000	0.000000
229.999218	__ribosome	0.000000	0.000000	0.000000
229.999218	bound_ecolipol	1882.000000	0.000000	0.000000
229.999218	bound_ribosome	100.000000	0.000000	0.000000
229.999218	ecoli_genome	118.000000	0.000000	0.000000
229.999218	ecoli_transcript	17568.000000	0.000000	0.000000
229.999218	ecolipol	47.000000	0.000000	0.000000
229.999218	gene_A	5.000000	5.000000	0.000000
229.999218	gene_A*	4.000000	4.000000	0.250000
229.999218	gene_B	215.000000	161.000000	0.024845
229.999218	gene_C	126.000000	151.000000	0.013245
229.999218	gene_D	248.000000	167.000000	0.029940
229.999218	gene_E	170.000000	163.000000	0.036810
229.999218	gene_F	70.000000	110.000000	0.063636
229.999218	gene_G	18.000000	68.000000	0.205882
229.999218	gene_H	0.000000	45.000000	0.266667
229.999218	gene_J	93.000000	157.000000	0.273885
229.999218	gene_K	123.000000	153.000000	0.039216
229.999218	promoter_A	1.000000	0.000000	0.000000
229.999218	promoter_B1	0.000000	0.000000	0.000000
229.999218	promoter_D	0.000000	0.000000	0.000000
234.999044	__gene_A*_rbs	5.000000	0.000000	0.000000
234.999044	__gene_A_rbs	5.000000	0.000000	0.000000
234.999044	__gene_B_rbs	165.000000	0.000000	0.000000
234.999044	__gene_C_rbs	153.000000	0.000000	0.000000
234.999044	__gene_D_rbs	171.000000	0.000000	0.000000
234.999044	__gene_E_rbs	167.000000	0.000000	0.000000
234.999044	__gene_F_rbs	114.000000	0.000000	0.000000
234.999044	__gene_G_rbs	69.000000	0.000000	0.000000
234.999044	__gene_H_rbs	45.000000	0.000000	0.000000
234.999044	__gene_J_rbs	159.000000	0.000000	0.000000
234.999044	__gene_K_rbs	156.000000	0.000000	0.000000
234.999044	__ribosome	1.000000	0.000000	0.000000
234.999044	bound_ecolipol	1891.000000	0.000000	0.000000
234.999044	bound_ribosome	100.000000	0.000000	0.000000
234.999044	ecoli_genome	109.000000	0.000000	0.000000
234.999044	ecoli_transcript	17935.000000	0.000000	0.000000
234.999044	ecolipol	37.000000	0.000000	0.000000
234.999044	gene_A	5.000000	5.000000	0.200000
234.999044	gene_A*	4.000000	5.000000	0.200000
234.999044	gene_B	218.000000	165.000000	0.030303
234.999044	gene_C	127.000000	154.000000	0.032468
234.999044	gene_D	251.000000	171.000000	0.017544
234.999044	gene_E	175.000000	167.000000	0.011976
234.999044	gene_F	73.000000	114.000000	0.043860
234.999044	gene_G	18.000000	70.000000	0.242857
234.999044	gene_H	0.000000	45.000000	0.288889
234.999044	gene_J	95.000000	160.000000	0.275000
234.999044	gene_K	128.000000	156.000000	0.019231
234.999044	promoter_A	1.000000	0.000000	0.000000
234.999044	promoter_B1	0.000000	0.000000	0.000000
234.999044	promoter_D	0.000000	0.000000	0.000000
239.999146	__gene_A*_rbs	5.000000	0.000000	0.000000
239.999146	__gene_A_rbs	5.000000	0.000000	0.000000
239.999146	__gene_B_rbs	168.000000	0.000000	0.000000
239.999146	__gene_C_rbs	157.000000	0.000000	0.000000
239.999146	__gene_D_rbs	173.000000	0.000000	0.000000
239.999146	__gene_E_rbs	170.000000	0.000000	0.000000
239.999146	__gene_F_rbs	116.000000	0.000000	0.000000
239.999146	__gene_G_rbs	72.000000	0.000000	0.000000
239.999146	__gene_H_rbs	47.000000	0.000000	0.000000
239.999146	__gene_J_rbs	163.000000	0.000000	0.000000
239.999146	__gene_K_rbs	160.000000	0.000000	0.000000
239.999146	__ribosome	0.000000	0.000000	0.000000
239.999146	bound_ecolipol	1883.000000	0.000000	0.000000
239.999146	bound_ribosome	100.000000	0.000000	0.000000
239.999146	ecoli_genome	117.000000	0.000000	0.000000
239.999146	ecoli_transcript	18335.000000	0.000000	0.000000
239.999146	ecolipol	44.000000	0.000000	0.000000
239.999146	gene_A	5.000000	5.000000	0.200000
239.999146	gene_A*	4.000000	5.000000	0.200000
239.999146	gene_B	219.000000	168.000000	0.023810
239.999146	gene_C	128.000000	158.000000	0.037975
239.999146	gene_D	252.000000	175.000000	0.017143
239.999146	gene_E	176.000000	170.000000	0.005882
239.999146	gene_F	74.000000	116.000000	0.051724
239.999146	gene_G	18.000000	72.000000	0.250000
239.999146	gene_H	0.000000	47.000000	0.297872
239.999146	gene_J	96.000000	164.000000	0.274390
239.999146	gene_K	131.000000	160.000000	0.006250
239.999146	promoter_A	1.000000	0.000000	0.000000
239.999146	promoter_B1	0.000000	0.000000	0.000000
239.999146	promoter_D	0.000000	0.000000	0.000000
244.999203	__gene_A*_rbs	5.000000	0.000000	0.000000
244.999203	__gene_A_rbs	5.000000	0.000000	0.000000
244.999203	__gene_B_rbs	172.000000	0.000000	0.000000
244.999203	__gene_C_rbs	162.000000	0.000000	0.000000
244.999203	__gene_D_rbs	177.000000	0.000000	0.000000
244.999203	__gene_E_rbs	174.000000	0.000000	0.000000
244.999203	__gene_F_rbs	119.000000	0.000000	0.000000
244.999203	__gene_G_rbs	74.000000	0.000000	0.000000
244.999203	__gene_H_rbs	48.000000	0.000000	0.000000
244.999203	__gene_J_rbs	167.000000	0.000000	0.000000
244.999203	__gene_K_rbs	163.000000	0.000000	0.000000
244.999203	__ribosome	0.000000	0.000000	0.000000
244.999203	bound_ecolipol	1884.000000	0.000000	0.000000
244.999203	bound_ribosome	100.000000	0.000000	0.000000
244.999203	ecoli_genome	116.000000	0.000000	0.000000
244.999203	ecoli_transcript	18712.000000	0.000000	0.000000
244.999203	ecolipol	42.000000	0.000000	0.000000
244.999203	gene_A	5.000000	5.000000	0.200000
244.999203	gene_A*	5.000000	5.000000	0.000000
244.999203	gene_B	219.000000	172.000000	0.029070
244.999203	gene_C	132.000000	162.000000	0.030864
244.999203	gene_D	253.000000	178.000000	0.028090
244.999203	gene_E	177.000000	174.000000	0.005747
244.999203	gene_F	74.000000	119.000000	0.050420
244.999203	gene_G	20.000000	74.000000	0.229730
244.999203	gene_H	0.000000	48.000000	0.291667
244.999203	gene_J	99.000000	167.000000	0.269461
244.999203	gene_K	132.000000	164.000000	0.006098
244.999203	promoter_A	1.000000	0.000000	0.000000
244.999203	promoter_B1	0.000000	0.000000	0.000000
244.999203	promoter_D	0.000000	0.000000	0.000000
249.999118	__gene_A*_rbs	4.000000	0.000000	0.000000
249.999118	__gene_A_rbs	5.000000	0.000000	0.000000
249.999118	__gene_B_rbs	176.000000	0.000000	0.000000
249.999118	__gene_C_rbs	165.000000	0.000000	0.000000
249.999118	__gene_D_rbs	182.000000	0.000000	0.000000
249.999118	__gene_E_rbs	178.000000	0.000000	0.000000
249.999118	__gene_F_rbs	123.000000	0.000000	0.000000
249.999118	__gene_G_rbs	77.000000	0.000000	0.000000
249.999118	__gene_H_rbs	50.000000	0.000000	0.000000
249.999118	__gene_J_rbs	169.000000	0.000000	0.000000
249.999118	__gene_K_rbs	167.000000	0.000000	0.000000
249.999118	__ribosome	2.000000	0.000000	0.000000
249.999118	bound_ecolipol	1881.000000	0.000000	0.000000
249.999118	bound_ribosome	100.000000	0.000000	0.000000
249.999118	ecoli_genome	119.000000	0.000000	0.000000
249.999118	ecoli_transcript	19078.000000	0.000000	0.000000
249.999118	ecolipol	43.000000	0.000000	0.000000
249.999118	gene_A	5.000000	5.000000	0.200000
249.999118	gene_A*	5.000000	5.000000	0.000000
249.999118	gene_B	223.000000	176.000000	0.011364
249.999118	gene_C	136.000000	165.000000	0.024242
249.999118	gene_D	254.000000	182.000000	0.021978
249.999118	gene_E	178.000000	178.000000	0.000000
249.999118	gene_F	74.000000	123.000000	0.048780
249.999118	gene_G	21.000000	77.000000	0.207792
249.999118	gene_H	0.000000	50.000000	0.280000
249.999118	gene_J	101.000000	170.000000	0.276471
249.999118	gene_K	133.000000	167.000000	0.023952
249.999118	promoter_A	1.000000	0.000000	0.000000
249.999118	promoter_B1	0.000000	0.000000	0.000000
249.999118	promoter_D	0.000000	0.000000	0.000000
254.999006	__gene_A*_rbs	5.000000	0.000000	0.000000
254.999006	__gene_A_rbs	5.000000	0.000000	0.000000
254.999006	__gene_B_rbs	177.000000	0.000000	0.000000
254.999006	__gene_C_rbs	168.000000	0.000000	0.000000
254.999006	__gene_D_rbs	186.000000	0.000000	0.000000
254.999006	__gene_E_rbs	181.000000	0.000000	0.000000
254.999006	__gene_F_rbs	125.000000	0.000000	0.000000
254.999006	__gene_G_rbs	80.000000	0.000000	0.000000
254.999006	__gene_H_rbs	50.000000	0.000000	0.000000
254.999006	__gene_J_rbs	174.000000	0.000000	0.000000
254.999006	__gene_K_rbs	171.000000	0.000000	0.000000
254.999006	__ribosome	0.000000	0.000000	0.000000
254.999006	bound_ecolipol	1877.000000	0.000000	0.000000
254.999006	bound_ribosome	100.000000	0.000000	0.000000
254.999006	ecoli_genome	123.000000	0.000000	0.000000
254.999006	ecoli_transcript	19466.000000	0.000000	0.000000
254.999006	ecolipol	48.000000	0.000000	0.000000
254.999006	gene_A	5.000000	5.000000	0.200000
254.999006	gene_A*	5.000000	5.000000	0.000000
254.999006	gene_B	223.000000	179.000000	0.027933
254.999006	gene_C	138.000000	169.000000	0.023669
254.999006	gene_D	255.000000	186.000000	0.021505
254.999006	gene_E	178.000000	181.000000	0.005525
254.999006	gene_F	75.000000	125.000000	0.048000
254.999006	gene_G	22.000000	80.000000	0.187500
254.999006	gene_H	0.000000	51.000000	0.352941
254.999006	gene_J	104.000000	174.000000	0.258621
254.999006	gene_K	137.000000	171.000000	0.005848
254.999006	promoter_A	1.000000	0.000000	0.000000
254.999006	promoter_B1	0.000000	0.000000	0.000000
254.999006	promoter_D	0.000000	0.000000	0.000000
259.999057	__gene_A*_rbs	5.000000	0.000000	0.000000
259.999057	__gene_A_rbs	5.000000	0.000000	0.000000
259.999057	__gene_B_rbs	182.000000	0.000000	0.000000
259.999057	__gene_C_rbs	172.000000	0.000000	0.000000
259.999057	__gene_D_rbs	189.000000	0.000000	0.000000
259.999057	__gene_E_rbs	185.000000	0.000000	0.000000
259.999057	__gene_F_rbs	128.000000	0.000000	0.000000
259.999057	__gene_G_rbs	82.000000	0.000000	0.000000
259.999057	__gene_H_rbs	52.000000	0.000000	0.000000
259.999057	__gene_J_rbs	178.000000	0.000000	0.000000
259.999057	__gene_K_rbs	174.000000	0.000000	0.000000
259.999057	__ribosome	0.000000	0.000000	0.000000
259.999057	bound_ecolipol	1888.000000	0.000000	0.000000
259.999057	bound_ribosome	100.000000	0.000000	0.000000
259.999057	ecoli_genome	112.000000	0.000000	0.000000
259.999057	ecoli_transcript	19847.000000	0.000000	0.000000
259.999057	ecolipol	36.000000	0.000000	0.000000
259.999057	gene_A	5.000000	5.000000	0.200000
259.999057	gene_A*	5.000000	5.000000	0.000000
259.999057	gene_B	225.000000	183.000000	0.038251
259.999057	gene_C	140.000000	172.000000	0.011628
259.999057	gene_D	258.000000	189.000000	0.010582
259.999057	gene_E	179.000000	185.000000	0.016216
259.999057	gene_F	76.000000	128.000000	0.039062
259.999057	gene_G	23.000000	82.000000	0.182927
259.999057	gene_H	0.000000	52.000000	0.346154
259.999057	gene_J	105.000000	178.000000	0.264045
259.999057	gene_K	138.000000	174.000000	0.000000
259.999057	promoter_A	1.000000	0.000000	0.000000
259.999057	promoter_B1	0.000000	0.000000	0.000000
259.999057	promoter_D	0.000000	0.000000	0.000000
264.999223	__gene_A*_rbs	5.000000	0.000000	0.000000
264.999223	__gene_A_rbs	5.000000	0.000000	0.000000
264.999223	__gene_B_rbs	187.000000	0.000000	0.000000
264.999223	__gene_C_rbs	176.000000	0.000000	0.000000
264.999223	__gene_D_rbs	193.000000	0.000000	0.000000
264.999223	__gene_E_rbs	188.000000	0.000000	0.000000
264.999223	__gene_F_rbs	132.000000	0.000000	0.000000
264.999223	__gene_G_rbs	83.000000	0.000000	0.000000
264.999223	__gene_H_rbs	55.000000	0.000000	0.000000
264.999223	__gene_J_rbs	181.000000	0.000000	0.000000
264.999223	__gene_K_rbs	178.000000	0.000000	0.000000
264.999223	__ribosome	0.000000	0.000000	0.000000
264.999223	bound_ecolipol	1883.000000	0.000000	0.000000
264.999223	bound_ribosome	100.000000	0.000000	0.000000
264.999223	ecoli_genome	117.000000	0.000000	0.000000
264.999223	ecoli_transcript	20229.000000	0.000000	0.000000
264.999223	ecolipol	40.000000	0.000000	0.000000
264.999223	gene_A	5.000000	5.000000	0.200000
264.999223	gene_A*	5.000000	5.000000	0.000000
264.999223	gene_B	226.000000	187.000000	0.032086
264.999223	gene_C	142.000000	176.000000	0.000000
264.999223	gene_D	258.000000	193.000000	0.015544
264.999223	gene_E	179.000000	189.000000	0.015873
264.999223	gene_F	76.000000	132.000000	0.053030
264.999223	gene_G	23.000000	83.000000	0.180723
264.999223	gene_H	0.000000	55.000000	0.327273
264.999223	gene_J	106.000000	181.000000	0.259669
264.999223	gene_K	138.000000	178.000000	0.000000
264.999223	promoter_A	1.000000	0.000000	0.000000
264.999223	promoter_B1	0.000000	0.000000	0.000000
264.999223	promoter_D	0.000000	0.000000	0.000000
269.999042	__gene_A*_rbs	5.000000	0.000000	0.000000
269.999042	__gene_A_rbs	5.000000	0.000000	0.000000
269.999042	__gene_B_rbs	191.000000	0.000000	0.000000
269.999042	__gene_C_rbs	178.000000	0.000000	0.000000
269.999042	__gene_D_rbs	197.000000	0.000000	0.000000
269.999042	__gene_E_rbs	192.000000	0.000000	0.000000
269.999042	__gene_F_rbs	135.000000	0.000000	0.000000
269.999042	__gene_G_rbs	86.000000	0.000000	0.000000
269.999042	__gene_H_rbs	57.000000	0.000000	0.000000
269.999042	__gene_J_rbs	185.000000	0.000000	0.000000
269.999042	__gene_K_rbs	181.000000	0.000000	0.000000
269.999042	__ribosome	0.000000	0.000000	0.000000
269.999042	bound_ecolipol	1885.000000	0.000000	0.000000
269.999042	bound_ribosome	100.000000	0.000000	0.000000
269.999042	ecoli_genome	115.000000	0.000000	0.000000
269.999042	ecoli_transcript	20569.000000	0.000000	0.000000
269.999042	ecolipol	38.000000	0.000000	0.000000
269.999042	gene_A	5.000000	5.000000	0.200000
269.999042	gene_A*	5.000000	5.000000	0.000000
269.999042	gene_B	229.000000	191.000000	0.020942
269.999042	gene_C	142.000000	180.000000	0.005556
269.999042	gene_D	259.000000	197.000000	0.015228
269.999042	gene_E	182.000000	192.000000	0.015625
269.999042	gene_F	77.000000	135.000000	0.044444
269.999042	gene_G	23.000000	86.000000	0.174419
269.999042	gene_H	0.000000	57.000000	0.315789
269.999042	gene_J	107.000000	185.000000	0.254054
269.999042	gene_K	138.000000	182.000000	0.010989
269.999042	promoter_A	1.000000	0.000000	0.000000
269.999042	promoter_B1	0.000000	0.000000	0.000000
269.999042	promoter_D	0.000000	0.000000	0.000000
274.999049	__gene_A*_rbs	5.000000	0.000000	0.000000
274.999049	__gene_A_rbs	5.000000	0.000000	0.000000
274.999049	__gene_B_rbs	194.000000	0.000000	0.000000
274.999049	__gene_C_rbs	184.000000	0.000000	0.000000
274.999049	__gene_D_rbs	201.000000	0.000000	0.000000
274.999049	__gene_E_rbs	195.000000	0.000000	0.000000
274.999049	__gene_F_rbs	135.000000	0.000000	0.000000
274.999049	__gene_G_rbs	88.000000	0.000000	0.000000
274.999049	__gene_H_rbs	57.000000	0.000000	0.000000
274.999049	__gene_J_rbs	189.000000	0.000000	0.000000
274.999049	__gene_K_rbs	185.000000	0.000000	0.000000
274.999049	__ribosome	0.000000	0.000000	0.000000
274.999049	bound_ecolipol	1879.000000	0.000000	0.000000
274.999049	bound_ribosome	100.000000	0.000000	0.000000
274.999049	ecoli_genome	121.000000	0.000000	0.000000
274.999049	ecoli_transcript	20951.000000	0.000000	0.000000
274.999049	ecolipol	44.000000	0.000000	0.000000
274.999049	gene_A	5.000000	5.000000	0.200000
274.999049	gene_A*	5.000000	5.000000	0.000000
274.999049	gene_B	232.000000	194.000000	0.010309
274.999049	gene_C	143.000000	184.000000	0.005435
274.999049	gene_D	260.000000	201.000000	0.014925
274.999049	gene_E	183.000000	196.000000	0.020408
274.999049	gene_F	77.000000	136.000000	0.051471
274.999049	gene_G	24.000000	88.000000	0.170455
274.999049	gene_H	0.000000	58.000000	0.327586
274.999049	gene_J	108.000000	189.000000	0.248677
274.999049	gene_K	140.000000	185.000000	0.005405
274.999049	promoter_A	1.000000	0.000000	0.000000
274.999049	promoter_B1	0.000000	0.000000	0.000000
274.999049	promoter_D	0.000000	0.000000	0.000000
279.999076	__gene_A*_rbs	5.000000	0.000000	0.000000
279.999076	__gene_A_rbs	5.000000	0.000000	0.000000
279.999076	__gene_B_rbs	198.000000	0.000000	0.000000
279.999076	__gene_C_rbs	187.000000	0.000000	0.000000
279.999076	__gene_D_rbs	203.000000	0.000000	0.000000
279.999076	__gene_E_rbs	200.000000	0.000000	0.000000
279.999076	__gene_F_rbs	140.000000	0.000000	0.000000
279.999076	__gene_G_rbs	90.000000	0.000000	0.000000
279.999076	__gene_H_rbs	58.000000	0.000000	0.000000
279.999076	__gene_J_rbs	193.000000	0.000000	0.000000
279.999076	__gene_K_rbs	189.000000	0.000000	0.000000
279.999076	__ribosome	0.000000	0.000000	0.000000
279.999076	bound_ecolipol	1891.000000	0.000000	0.000000
279.999076	bound_ribosome	100.000000	0.000000	0.000000
279.999076	ecoli_genome	109.000000	0.000000	0.000000
279.999076	ecoli_transcript	21334.000000	0.000000	0.000000
279.999076	ecolipol	34.000000	0.000000	0.000000
279.999076	gene_A	5.000000	5.000000	0.200000
279.999076	gene_A*	5.000000	5.000000	0.000000
279.999076	gene_B	233.000000	198.000000	0.005051
279.999076	gene_C	143.000000	187.000000	0.010695
279.999076	gene_D	261.000000	205.000000	0.029268
279.999076	gene_E	186.000000	200.000000	0.010000
279.999076	gene_F	80.000000	140.000000	0.028571
279.999076	gene_G	24.000000	90.000000	0.166667
279.999076	gene_H	0.000000	59.000000	0.355932
279.999076	gene_J	109.000000	193.000000	0.243523
279.999076	gene_K	141.000000	189.000000	0.005291
279.999076	promoter_A	1.000000	0.000000	0.000000
279.999076	promoter_B1	0.000000	0.000000	0.000000
279.999076	promoter_D	0.000000	0.000000	0.000000
284.999205	__gene_A*_rbs	5.000000	0.000000	0.000000
284.999205	__gene_A_rbs	5.000000	0.000000	0.000000
284.999205	__gene_B_rbs	202.000000	0.000000	0.000000
284.999205	__gene_C_rbs	191.000000	0.000000	0.000000
284.999205	__gene_D_rbs	208.000000	0.000000	0.000000
284.999205	__gene_E_rbs	203.000000	0.000000	0.000000
284.999205	__gene_F_rbs	143.000000	0.000000	0.000000
284.999205	__gene_G_rbs	93.000000	0.000000	0.000000
284.999205	__gene_H_rbs	60.000000	0.000000	0.000000
284.999205	__gene_J_rbs	197.000000	0.000000	0.000000
284.999205	__gene_K_rbs	193.000000	0.000000	0.000000
284.999205	__ribosome	0.000000	0.000000	0.000000
284.999205	bound_ecolipol	1890.000000	0.000000	0.000000
284.999205	bound_ribosome	100.000000	0.000000	0.000000
284.999205	ecoli_genome	110.000000	0.000000	0.000000
284.999205	ecoli_transcript	21686.000000	0.000000	0.000000
284.999205	ecolipol	33.000000	0.000000	0.000000
284.999205	gene_A	6.000000	5.000000	0.000000
284.999205	gene_A*	5.000000	5.000000	0.000000
284.999205	gene_B	233.000000	202.000000	0.014851
284.999205	gene_C	144.000000	191.000000	0.005236
284.999205	gene_D	262.000000	208.000000	0.028846
284.999205	gene_E	187.000000	204.000000	0.009804
284.999205	gene_F	80.000000	143.000000	0.027972
284.999205	gene_G	24.000000	93.000000	0.172043
284.999205	gene_H	0.000000	60.000000	0.350000
284.999205	gene_J	109.000000	197.000000	0.238579
284.999205	gene_K	142.000000	193.000000	0.000000
284.999205	promoter_A	1.000000	0.000000	0.000000
284.999205	promoter_B1	0.000000	0.000000	0.000000
284.999205	promoter_D	0.000000	0.000000	0.000000
289.999016	__gene_A*_rbs	5.000000	0.000000	0.000000
289.999016	__gene_A_rbs	5.000000	0.000000	0.000000
289.999016	__gene_B_rbs	206.000000	0.000000	0.000000
289.999016	__gene_C_rbs	195.000000	0.000000	0.000000
289.999016	__gene_D_rbs	212.000000	0.000000	0.000000
289.999016	__gene_E_rbs	207.000000	0.000000	0.000000
289.999016	__gene_F_rbs	146.000000	0.000000	0.000000
289.999016	__gene_G_rbs	95.000000	0.000000	0.000000
289.999016	__gene_H_rbs	63.000000	0.000000	0.000000
289.999016	__gene_J_rbs	201.000000	0.000000	0.000000
289.999016	__gene_K_rbs	197.000000	0.000000	0.000000
289.999016	__ribosome	0.000000	0.000000	0.000000
289.999016	bound_ecolipol	1886.000000	0.000000	0.000000
289.999016	bound_ribosome	100.000000	0.000000	0.000000
289.999016	ecoli_genome	114.000000	0.000000	0.000000
289.999016	ecoli_transcript	22066.000000	0.000000	0.000000
289.999016	ecolipol	34.000000	0.000000	0.000000
289.999016	gene_A	6.000000	5.000000	0.000000
289.999016	gene_A*	5.000000	5.000000	0.000000
289.999016	gene_B	234.000000	206.000000	0.009709
289.999016	gene_C	145.000000	195.000000	0.000000
289.999016	gene_D	263.000000	212.000000	0.023585
289.999016	gene_E	188.000000	208.000000	0.009615
289.999016	gene_F	80.000000	146.000000	0.034247
289.999016	gene_G	24.000000	95.000000	0.168421
289.999016	gene_H	0.000000	63.000000	0.333333
289.999016	gene_J	109.000000	201.000000	0.243781
289.999016	gene_K	142.000000	197.000000	0.000000
289.999016	promoter_A	1.000000	0.000000	0.000000
289.999016	promoter_B1	0.000000	0.000000	0.000000
289.999016	promoter_D	0.000000	0.000000	0.000000
294.999027	__gene_A*_rbs	5.000000	0.000000	0.000000
294.999027	__gene_A_rbs	5.000000	0.000000	0.000000
294.999027	__gene_B_rbs	209.000000	0.000000	0.000000
294.999027	__gene_C_rbs	199.000000	0.000000	0.000000
294.999027	__gene_D_rbs	215.000000	0.000000	0.000000
294.999027	__gene_E_rbs	211.000000	0.000000	0.000000
294.999027	__gene_F_rbs	149.000000	0.000000	0.000000
294.999027	__gene_G_rbs	98.000000	0.000000	0.000000
294.999027	__gene_H_rbs	64.000000	0.000000	0.000000
294.999027	__gene_J_rbs	204.000000	0.000000	0.000000
294.999027	__gene_K_rbs	201.000000	0.000000	0.000000
294.999027	__ribosome	0.000000	0.000000	0.000000
294.999027	bound_ecolipol	1891.000000	0.000000	0.000000
294.999027	bound_ribosome	100.000000	0.000000	0.000000
294.999027	ecoli_genome	109.000000	0.000000	0.000000
294.999027	ecoli_transcript	22417.000000	0.000000	0.000000
294.999027	ecolipol	32.000000	0.000000	0.000000
294.999027	gene_A	6.000000	5.000000	0.000000
294.999027	gene_A*	5.000000	5.000000	0.000000
294.999027	gene_B	234.000000	209.000000	0.009569
294.999027	gene_C	145.000000	199.000000	0.005025
294.999027	gene_D	266.000000	216.000000	0.018519
294.999027	gene_E	190.000000	211.000000	0.004739
294.999027	gene_F	81.000000	150.000000	0.033333
294.999027	gene_G	25.000000	98.000000	0.163265
294.999027	gene_H	0.000000	64.000000	0.328125
294.999027	gene_J	111.000000	204.000000	0.230392
294.999027	gene_K	142.000000	201.000000	0.014925
294.999027	promoter_A	1.000000	0.000000	0.000000
294.999027	promoter_B1	0.000000	0.000000	0.000000
294.999027	promoter_D	0.000000	0.000000	0.000000
299.999371	__gene_A*_rbs	5.000000	0.000000	0.000000
299.999371	__gene_A_rbs	5.000000	0.000000	0.000000
299.999371	__gene_B_rbs	213.000000	0.000000	0.000000
299.999371	__gene_C_rbs	202.000000	0.000000	0.000000
299.999371	__gene_D_rbs	219.000000	0.000000	0.000000
299.999371	__gene_E_rbs	215.000000	0.000000	0.000000
299.999371	__gene_F_rbs	152.000000	0.000000	0.000000
299.999371	__gene_G_rbs	100.000000	0.000000	0.000000
299.999371	__gene_H_rbs	65.000000	0.000000	0.000000
299.999371	__gene_J_rbs	207.000000	0.000000	0.000000
299.999371	__gene_K_rbs	204.000000	0.000000	0.000000
299.999371	__ribosome	1.000000	0.000000	0.000000
299.999371	bound_ecolipol	1882.000000	0.000000	0.000000
299.999371	bound_ribosome	100.000000	0.000000	0.000000
299.999371	ecoli_genome	118.000000	0.000000	0.000000
299.999371	ecoli_transcript	22794.000000	0.000000	0.000000
299.999371	ecolipol	42.000000	0.000000	0.000000
299.999371	gene_A	6.000000	5.000000	0.000000
299.999371	gene_A*	5.000000	5.000000	0.000000
299.999371	gene_B	236.000000	213.000000	0.000000
299.999371	gene_C	146.000000	202.000000	0.000000
299.999371	gene_D	268.000000	219.000000	0.013699
299.999371	gene_E	190.000000	215.000000	0.004651
299.999371	gene_F	81.000000	152.000000	0.039474
299.999371	gene_G	26.000000	100.000000	0.160000
299.999371	gene_H	0.000000	65.000000	0.338462
299.999371	gene_J	111.000000	208.000000	0.245192
299.999371	gene_K	145.000000	204.000000	0.000000
299.999371	promoter_A	1.000000	0.000000	0.000000
299.999371	promoter_B1	0.000000	0.000000	0.000000
299.999371	promoter_D	0.000000	0.000000	0.000000
304.999494	__gene_A*_rbs	5.000000	0.000000	0.000000
304.999494	__gene_A_rbs	6.000000	0.000000	0.000000
304.999494	__gene_B_rbs	217.000000	0.000000	0.000000
304.999494	__gene_C_rbs	206.000000	0.000000	0.000000
304.999494	__gene_D_rbs	223.000000	0.000000	0.000000
304.999494	__gene_E_rbs	219.000000	0.000000	0.000000
304.999494	__gene_F_rbs	154.000000	0.000000	0.000000
304.999494	__gene_G_rbs	102.000000	0.000000	0.000000
304.999494	__gene_H_rbs	66.000000	0.000000	0.000000
304.999494	__gene_J_rbs	212.000000	0.000000	0.000000
304.999494	__gene_K_rbs	208.000000	0.000000	0.000000
304.999494	__ribosome	0.000000	0.000000	0.000000
304.999494	bound_ecolipol	1884.000000	0.000000	0.000000
304.999494	bound_ribosome	100.000000	0.000000	0.000000
304.999494	ecoli_genome	116.000000	0.000000	0.000000
304.999494	ecoli_transcript	23177.000000	0.000000	0.000000
304.999494	ecolipol	42.000000	0.000000	0.000000
304.999494	gene_A	6.000000	6.000000	0.000000
304.999494	gene_A*	5.000000	5.000000	0.000000
304.999494	gene_B	236.000000	217.000000	0.004608
304.999494	gene_C	146.000000	206.000000	0.004854
304.999494	gene_D	268.000000	223.000000	0.013453
304.999494	gene_E	191.000000	219.000000	0.004566
304.999494	gene_F	82.000000	154.000000	0.038961
304.999494	gene_G	26.000000	102.000000	0.156863
304.999494	gene_H	0.000000	66.000000	0.333333
304.999494	gene_J	112.000000	212.000000	0.235849
304.999494	gene_K	145.000000	208.000000	0.000000
304.999494	promoter_A	1.000000	0.000000	0.000000
304.999494	promoter_B1	0.000000	0.000000	0.000000
304.999494	promoter_D	0.000000	0.000000	0.000000
309.999231	__gene_A*_rbs	5.000000	0.000000	0.000000
309.999231	__gene_A_rbs	6.000000	0.000000	0.000000
309.999231	__gene_B_rbs	220.000000	0.000000	0.000000
309.999231	__gene_C_rbs	210.000000	0.000000	0.000000
309.999231	__gene_D_rbs	226.000000	0.000000	0.000000
309.999231	__gene_E_rbs	223.000000	0.000000	0.000000
309.999231	__gene_F_rbs	156.000000	0.000000	0.000000
309.999231	__gene_G_rbs	105.000000	0.000000	0.000000
309.999231	__gene_H_rbs	67.000000	0.000000	0.000000
309.999231	__gene_J_rbs	216.000000	0.000000	0.000000
309.999231	__gene_K_rbs	212.000000	0.000000	0.000000
309.999231	__ribosome	1.000000	0.000000	0.000000
309.999231	bound_ecolipol	1877.000000	0.000000	0.000000
309.999231	bound_ribosome	100.000000	0.000000	0.000000
309.999231	ecoli_genome	123.000000	0.000000	0.000000
309.999231	ecoli_transcript	23558.000000	0.000000	0.000000
309.999231	ecolipol	47.000000	0.000000	0.000000
309.999231	gene_A	6.000000	6.000000	0.000000
309.999231	gene_A*	5.000000	5.000000	0.000000
309.999231	gene_B	236.000000	220.000000	0.004545
309.999231	gene_C	146.000000	210.000000	0.004762
309.999231	gene_D	269.000000	227.000000	0.013216
309.999231	gene_E	191.000000	223.000000	0.004484
309.999231	gene_F	83.000000	156.000000	0.032051
309.999231	gene_G	27.000000	105.000000	0.142857
309.999231	gene_H	0.000000	67.000000	0.328358
309.999231	gene_J	112.000000	216.000000	0.231481
309.999231	gene_K	145.000000	212.000000	0.004717
309.999231	promoter_A	1.000000	0.000000	0.000000
309.999231	promoter_B1	0.000000	0.000000	0.000000
309.999231	promoter_D	0.000000	0.000000	0.000000
314.999083	__gene_A*_rbs	5.000000	0.000000	0.000000
314.999083	__gene_A_rbs	6.000000	0.000000	0.000000
314.999083	__gene_B_rbs	224.000000	0.000000	0.000000
314.999083	__gene_C_rbs	213.000000	0.000000	0.000000
314.999083	__gene_D_rbs	230.000000	0.000000	0.000000
314.999083	__gene_E_rbs	226.000000	0.000000	0.000000
314.999083	__gene_F_rbs	159.000000	0.000000	0.000000
314.999083	__gene_G_rbs	108.000000	0.000000	0.000000
314.999083	__gene_H_rbs	67.000000	0.000000	0.000000
314.999083	__gene_J_rbs	218.000000	0.000000	0.000000
314.999083	__gene_K_rbs	215.000000	0.000000	0.000000
314.999083	__ribosome	0.000000	0.000000	0.000000
314.999083	bound_ecolipol	1889.000000	0.000000	0.000000
314.999083	bound_ribosome	100.000000	0.000000	0.000000
314.999083	ecoli_genome	111.000000	0.000000	0.000000
314.999083	ecoli_transcript	23931.000000	0.000000	0.000000
314.999083	ecolipol	38.000000	0.000000	0.000000
314.999083	gene_A	6.000000	6.000000	0.000000
314.999083	gene_A*	5.000000	5.000000	0.000000
314.999083	gene_B	237.000000	224.000000	0.004464
314.999083	gene_C	147.000000	213.000000	0.000000
314.999083	gene_D	270.000000	230.000000	0.013043
314.999083	gene_E	192.000000	226.000000	0.008850
314.999083	gene_F	83.000000	159.000000	0.031447
314.999083	gene_G	28.000000	108.000000	0.138889
314.999083	gene_H	0.000000	68.000000	0.338235
314.999083	gene_J	113.000000	219.000000	0.228311
314.999083	gene_K	146.000000	215.000000	0.004651
314.999083	promoter_A	1.000000	0.000000	0.000000
314.999083	promoter_B1	0.000000	0.000000	0.000000
314.999083	promoter_D	0.000000	0.000000	0.000000
319.999183	__gene_A*_rbs	6.000000	0.000000	0.000000
319.999183	__gene_A_rbs	6.000000	0.000000	0.000000
319.999183	__gene_B_rbs	228.000000	0.000000	0.000000
319.999183	__gene_C_rbs	217.000000	0.000000	0.000000
319.999183	__gene_D_rbs	234.000000	0.000000	0.000000
319.999183	__gene_E_rbs	228.000000	0.000000	0.000000
319.999183	__gene_F_rbs	161.000000	0.000000	0.000000
319.999183	__gene_G_rbs	110.000000	0.000000	0.000000
319.999183	__gene_H_rbs	68.000000	0.000000	0.000000
319.999183	__gene_J_rbs	223.000000	0.000000	0.000000
319.999183	__gene_K_rbs	219.000000	0.000000	0.000000
319.999183	__ribosome	0.000000	0.000000	0.000000
319.999183	bound_ecolipol	1881.000000	0.000000	0.000000
319.999183	bound_ribosome	100.000000	0.000000	0.000000
319.999183	ecoli_genome	119.000000	0.000000	0.000000
319.999183	ecoli_transcript	24290.000000	0.000000	0.000000
319.999183	ecolipol	48.000000	0.000000	0.000000
319.999183	gene_A	6.000000	6.000000	0.000000
319.999183	gene_A*	5.000000	6.000000	0.000000
319.999183	gene_B	237.000000	228.000000	0.008772
319.999183	gene_C	147.000000	217.000000	0.000000
319.999183	gene_D	271.000000	234.000000	0.012821
319.999183	gene_E	192.000000	229.000000	0.008734
319.999183	gene_F	84.000000	161.000000	0.024845
319.999183	gene_G	28.000000	110.000000	0.136364
319.999183	gene_H	0.000000	68.000000	0.338235
319.999183	gene_J	114.000000	223.000000	0.228700
319.999183	gene_K	147.000000	219.000000	0.000000
319.999183	promoter_A	1.000000	0.000000	0.000000
319.999183	promoter_B1	0.000000	0.000000	0.000000
319.999183	promoter_D	0.000000	0.000000	0.000000
324.999206	__gene_A*_rbs	6.000000	0.000000	0.000000
324.999206	__gene_A_rbs	6.000000	0.000000	0.000000
324.999206	__gene_B_rbs	231.000000	0.000000	0.000000
324.999206	__gene_C_rbs	220.000000	0.000000	0.000000
324.999206	__gene_D_rbs	238.000000	0.000000	0.000000
324.999206	__gene_E_rbs	233.000000	0.000000	0.000000
324.999206	__gene_F_rbs	163.000000	0.000000	0.000000
324.999206	__gene_G_rbs	113.000000	0.000000	0.000000
324.999206	__gene_H_rbs	71.000000	0.000000	0.000000
324.999206	__gene_J_rbs	226.000000	0.000000	0.000000
324.999206	__gene_K_rbs	222.000000	0.000000	0.000000
324.999206	__ribosome	0.000000	0.000000	0.000000
324.999206	bound_ecolipol	1889.000000	0.000000	0.000000
324.999206	bound_ribosome	100.000000	0.000000	0.000000
324.999206	ecoli_genome	111.000000	0.000000	0.000000
324.999206	ecoli_transcript	24648.000000	0.000000	0.000000
324.999206	ecolipol	42.000000	0.000000	0.000000
324.999206	gene_A	6.000000	6.000000	0.000000
324.999206	gene_A*	5.000000	6.000000	0.000000
324.999206	gene_B	238.000000	231.000000	0.012987
324.999206	gene_C	147.000000	220.000000	0.000000
324.999206	gene_D	272.000000	238.000000	0.012605
324.999206	gene_E	194.000000	233.000000	0.000000
324.999206	gene_F	84.000000	163.000000	0.030675
324.999206	gene_G	28.000000	113.000000	0.132743
324.999206	gene_H	0.000000	71.000000	0.323944
324.999206	gene_J	115.000000	226.000000	0.221239
324.999206	gene_K	147.000000	222.000000	0.004505
324.999206	promoter_A	1.000000	0.000000	0.000000
324.999206	promoter_B1	0.000000	0.000000	0.000000
324.999206	promoter_D	0.000000	0.000000	0.000000
329.999072	__gene_A*_rbs	6.000000	0.000000	0.000000
329.999072	__gene_A_rbs	6.000000	0.000000	0.000000
329.999072	__gene_B_rbs	235.000000	0.000000	0.000000
329.999072	__gene_C_rbs	224.000000	0.000000	0.000000
329.999072	__gene_D_rbs	241.000000	0.000000	0.000000
329.999072	__gene_E_rbs	236.000000	0.000000	0.000000
329.999072	__gene_F_rbs	165.000000	0.000000	0.000000
329.999072	__gene_G_rbs	115.000000	0.000000	0.000000
329.999072	__gene_H_rbs	72.000000	0.000000	0.000000
329.999072	__gene_J_rbs	229.000000	0.000000	0.000000
329.999072	__gene_K_rbs	226.000000	0.000000	0.000000
329.999072	__ribosome	0.000000	0.000000	0.000000
329.999072	bound_ecolipol	1884.000000	0.000000	0.000000
329.999072	bound_ribosome	100.000000	0.000000	0.000000
329.999072	ecoli_genome	116.000000	0.000000	0.000000
329.999072	ecoli_transcript	25041.000000	0.000000	0.000000
329.999072	ecolipol	48.000000	0.000000	0.000000
329.999072	gene_A	6.000000	6.000000	0.000000
329.999072	gene_A*	5.000000	6.000000	0.000000
329.999072	gene_B	239.000000	235.000000	0.008511
329.999072	gene_C	147.000000	224.000000	0.000000
329.999072	gene_D	272.000000	241.000000	0.020747
329.999072	gene_E	194.000000	237.000000	0.000000
329.999072	gene_F	85.000000	165.000000	0.024242
329.999072	gene_G	28.000000	115.000000	0.130435
329.999072	gene_H	0.000000	72.000000	0.319444
329.999072	gene_J	115.000000	230.000000	0.221739
329.999072	gene_K	148.000000	226.000000	0.000000
329.999072	promoter_A	1.000000	0.000000	0.000000
329.999072	promoter_B1	0.000000	0.000000	0.000000
329.999072	promoter_D	0.000000	0.000000	0.000000
334.999051	__gene_A*_rbs	6.000000	0.000000	0.000000
334.999051	__gene_A_rbs	6.000000	0.000000	0.000000
334.999051	__gene_B_rbs	239.000000	0.000000	0.000000
334.999051	__gene_C_rbs	227.000000	0.000000	0.000000
334.999051	__gene_D_rbs	245.000000	0.000000	0.000000
334.999051	__gene_E_rbs	240.000000	0.000000	0.000000
334.999051	__gene_F_rbs	168.000000	0.000000	0.000000
334.999051	__gene_G_rbs	117.000000	0.000000	0.000000
334.999051	__gene_H_rbs	72.000000	0.000000	0.000000
334.999051	__gene_J_rbs	234.000000	0.000000	0.000000
334.999051	__gene_K_rbs	230.000000	0.000000	0.000000
334.999051	__ribosome	0.000000	0.000000	0.000000
334.999051	bound_ecolipol	1895.000000	0.000000	0.000000
334.999051	bound_ribosome	100.000000	0.000000	0.000000
334.999051	ecoli_genome	105.000000	0.000000	0.000000
334.999051	ecoli_transcript	25388.000000	0.000000	0.000000
334.999051	ecolipol	35.000000	0.000000	0.000000
334.999051	gene_A	6.000000	6.000000	0.000000
334.999051	gene_A*	5.000000	6.000000	0.000000
334.999051	gene_B	240.000000	239.000000	0.008368
334.999051	gene_C	147.000000	228.000000	0.004386
334.999051	gene_D	274.000000	245.000000	0.012245
334.999051	gene_E	194.000000	240.000000	0.004167
334.999051	gene_F	85.000000	168.000000	0.023810
334.999051	gene_G	29.000000	118.000000	0.127119
334.999051	gene_H	0.000000	72.000000	0.319444
334.999051	gene_J	116.000000	234.000000	0.213675
334.999051	gene_K	148.000000	230.000000	0.004348
334.999051	promoter_A	1.000000	0.000000	0.000000
334.999051	promoter_B1	0.000000	0.000000	0.000000
334.999051	promoter_D	0.000000	0.000000	0.000000
339.999692	__gene_A*_rbs	6.000000	0.000000	0.000000
339.999692	__gene_A_rbs	6.000000	0.000000	0.000000
339.999692	__gene_B_rbs	242.000000	0.000000	0.000000
339.999692	__gene_C_rbs	231.000000	0.000000	0.000000
339.999692	__gene_D_rbs	248.000000	0.000000	0.000000
339.999692	__gene_E_rbs	244.000000	0.000000	0.000000
339.999692	__gene_F_rbs	171.000000	0.000000	0.000000
339.999692	__gene_G_rbs	121.000000	0.000000	0.000000
339.999692	__gene_H_rbs	74.000000	0.000000	0.000000
339.999692	__gene_J_rbs	238.000000	0.000000	0.000000
339.999692	__gene_K_rbs	234.000000	0.000000	0.000000
339.999692	__ribosome	0.000000	0.000000	0.000000
339.999692	bound_ecolipol	1893.000000	0.000000	0.000000
339.999692	bound_ribosome	100.000000	0.000000	0.000000
339.999692	ecoli_genome	107.000000	0.000000	0.000000
339.999692	ecoli_transcript	25749.000000	0.000000	0.000000
339.999692	ecolipol	38.000000	0.000000	0.000000
339.999692	gene_A	6.000000	6.000000	0.000000
339.999692	gene_A*	5.000000	6.000000	0.000000
339.999692	gene_B	241.000000	242.000000	0.004132
339.999692	gene_C	147.000000	232.000000	0.012931
339.999692	gene_D	275.000000	248.000000	0.012097
339.999692	gene_E	195.000000	244.000000	0.008197
339.999692	gene_F	87.000000	171.000000	0.011696
339.999692	gene_G	29.000000	121.000000	0.123967
339.999692	gene_H	0.000000	74.000000	0.310811
339.999692	gene_J	116.000000	238.000000	0.214286
339.999692	gene_K	149.000000	234.000000	0.000000
339.999692	promoter_A	1.000000	0.000000	0.000000
339.999692	promoter_B1	0.000000	0.000000	0.000000
339.999692	promoter_D	0.000000	0.000000	0.000000
344.999290	__gene_A*_rbs	6.000000	0.000000	0.000000
344.999290	__gene_A_rbs	6.000000	0.000000	0.000000
344.999290	__gene_B_rbs	246.000000	0.000000	0.000000
344.999290	__gene_C_rbs	235.000000	0.000000	0.000000
344.999290	__gene_D_rbs	250.000000	0.000000	0.000000
344.999290	__gene_E_rbs	248.000000	0.000000	0.000000
344.999290	__gene_F_rbs	175.000000	0.000000	0.000000
344.999290	__gene_G_rbs	122.000000	0.000000	0.000000
344.999290	__gene_H_rbs	75.000000	0.000000	0.000000
344.999290	__gene_J_rbs	241.000000	0.000000	0.000000
344.999290	__gene_K_rbs	235.000000	0.000000	0.000000
344.999290	__ribosome	0.000000	0.000000	0.000000
344.999290	bound_ecolipol	1897.000000	0.000000	0.000000
344.999290	bound_ribosome	100.000000	0.000000	0.000000
344.999290	ecoli_genome	103.000000	0.000000	0.000000
344.999290	ecoli_transcript	26104.000000	0.000000	0.000000
344.999290	ecolipol	31.000000	0.000000	0.000000
344.999290	gene_A	6.000000	6.000000	0.000000
344.999290	gene_A*	5.000000	6.000000	0.000000
344.999290	gene_B	242.000000	246.000000	0.000000
344.999290	gene_C	148.000000	235.000000	0.008511
344.999290	gene_D	277.000000	252.000000	0.011905
344.999290	gene_E	195.000000	248.000000	0.012097
344.999290	gene_F	87.000000	175.000000	0.011429
344.999290	gene_G	29.000000	122.000000	0.122951
344.999290	gene_H	0.000000	75.000000	0.306667
344.999290	gene_J	117.000000	241.000000	0.207469
344.999290	gene_K	149.000000	237.000000	0.008439
344.999290	promoter_A	1.000000	0.000000	0.000000
344.999290	promoter_B1	0.000000	0.000000	0.000000
344.999290	promoter_D	0.000000	0.000000	0.000000
349.999377	__gene_A*_rbs	6.000000	0.000000	0.000000
349.999377	__gene_A_rbs	6.000000	0.000000	0.000000
349.999377	__gene_B_rbs	250.000000	0.000000	0.000000
349.999377	__gene_C_rbs	239.000000	0.000000	0.000000
349.999377	__gene_D_rbs	256.000000	0.000000	0.000000
349.999377	__gene_E_rbs	251.000000	0.000000	0.000000
349.999377	__gene_F_rbs	179.000000	0.000000	0.000000
349.999377	__gene_G_rbs	123.000000	0.000000	0.000000
349.999377	__gene_H_rbs	76.000000	0.000000	0.000000
349.999377	__gene_J_rbs	245.000000	0.000000	0.000000
349.999377	__gene_K_rbs	241.000000	0.000000	0.000000
349.999377	__ribosome	0.000000	0.000000	0.000000
349.999377	bound_ecolipol	1869.000000	0.000000	0.000000
349.999377	bound_ribosome	100.000000	0.000000	0.000000
349.999377	ecoli_genome	131.000000	0.000000	0.000000
349.999377	ecoli_transcript	26532.000000	0.000000	0.000000
349.999377	ecolipol	58.000000	0.000000	0.000000
349.999377	gene_A	6.000000	6.000000	0.000000
349.999377	gene_A*	5.000000	6.000000	0.000000
349.999377	gene_B	242.000000	250.000000	0.004000
349.999377	gene_C	150.000000	239.000000	0.004184
349.999377	gene_D	277.000000	256.000000	0.011719
349.999377	gene_E	197.000000	251.000000	0.003984
349.999377	gene_F	88.000000	179.000000	0.005587
349.999377	gene_G	29.000000	123.000000	0.121951
349.999377	gene_H	0.000000	76.000000	0.302632
349.999377	gene_J	117.000000	245.000000	0.204082
349.999377	gene_K	149.000000	241.000000	0.020747
349.999377	promoter_A	1.000000	0.000000	0.000000
349.999377	promoter_B1	0.000000	0.000000	0.000000
349.999377	promoter_D	0.000000	0.000000	0.000000
354.999145	__gene_A*_rbs	6.000000	0.000000	0.000000
354.999145	__gene_A_rbs	6.000000	0.000000	0.000000
354.999145	__gene_B_rbs	253.000000	0.000000	0.000000
354.999145	__gene_C_rbs	243.000000	0.000000	0.000000
354.999145	__gene_D_rbs	259.000000	0.000000	0.000000
354.999145	__gene_E_rbs	255.000000	0.000000	0.000000
354.999145	__gene_F_rbs	181.000000	0.000000	0.000000
354.999145	__gene_G_rbs	125.000000	0.000000	0.000000
354.999145	__gene_H_rbs	79.000000	0.000000	0.000000
354.999145	__gene_J_rbs	248.000000	0.000000	0.000000
354.999145	__gene_K_rbs	244.000000	0.000000	0.000000
354.999145	__ribosome	0.000000	0.000000	0.000000
354.999145	bound_ecolipol	1893.000000	0.000000	0.000000
354.999145	bound_ribosome	100.000000	0.000000	0.000000
354.999145	ecoli_genome	107.000000	0.000000	0.000000
354.999145	ecoli_transcript	26895.000000	0.000000	0.000000
354.999145	ecolipol	35.000000	0.000000	0.000000
354.999145	gene_A	6.000000	6.000000	0.000000
354.999145	gene_A*	5.000000	6.000000	0.000000
354.999145	gene_B	242.000000	253.000000	0.003953
354.999145	gene_C	150.000000	243.000000	0.012346
354.999145	gene_D	278.000000	259.000000	0.011583
354.999145	gene_E	198.000000	255.000000	0.000000
354.999145	gene_F	88.000000	181.000000	0.016575
354.999145	gene_G	30.000000	125.000000	0.112000
354.999145	gene_H	0.000000	79.000000	0.291139
354.999145	gene_J	117.000000	248.000000	0.205645
354.999145	gene_K	154.000000	244.000000	0.008197
354.999145	promoter_A	1.000000	0.000000	0.000000
354.999145	promoter_B1	0.000000	0.000000	0.000000
354.999145	promoter_D	0.000000	0.000000	0.000000
359.999513	__gene_A*_rbs	6.000000	0.000000	0.000000
359.999513	__gene_A_rbs	6.000000	0.000000	0.000000
359.999513	__gene_B_rbs	257.000000	0.000000	0.000000
359.999513	__gene_C_rbs	245.000000	0.000000	0.000000
359.999513	__gene_D_rbs	263.000000	0.000000	0.000000
359.999513	__gene_E_rbs	259.000000	0.000000	0.000000
359.999513	__gene_F_rbs	184.000000	0.000000	0.000000
359.999513	__gene_G_rbs	127.000000	0.000000	0.000000
359.999513	__gene_H_rbs	80.000000	0.000000	0.000000
359.999513	__gene_J_rbs	251.000000	0.000000	0.000000
359.999513	__gene_K_rbs	248.000000	0.000000	0.000000
359.999513	__ribosome	0.000000	0.000000	0.000000
359.999513	bound_ecolipol	1876.000000	0.000000	0.000000
359.999513	bound_ribosome	100.000000	0.000000	0.000000
359.999513	ecoli_genome	124.000000	0.000000	0.000000
359.999513	ecoli_transcript	27294.000000	0.000000	0.000000
359.999513	ecolipol	51.000000	0.000000	0.000000
359.999513	gene_A	6.000000	6.000000	0.000000
359.999513	gene_A*	5.000000	6.000000	0.000000
359.999513	gene_B	243.000000	257.000000	0.000000
359.999513	gene_C	152.000000	246.000000	0.012195
359.999513	gene_D	280.000000	263.000000	0.007605
359.999513	gene_E	198.000000	259.000000	0.011583
359.999513	gene_F	88.000000	184.000000	0.016304
359.999513	gene_G	30.000000	127.000000	0.110236
359.999513	gene_H	0.000000	80.000000	0.287500
359.999513	gene_J	118.000000	252.000000	0.206349
359.999513	gene_K	156.000000	248.000000	0.000000
359.999513	promoter_A	1.000000	0.000000	0.000000
359.999513	promoter_B1	0.000000	0.000000	0.000000
359.999513	promoter_D	0.000000	0.000000	0.000000
364.999185	__gene_A*_rbs	6.000000	0.000000	0.000000
364.999185	__gene_A_rbs	6.000000	0.000000	0.000000
364.999185	__gene_B_rbs	261.000000	0.000000	0.000000
364.999185	__gene_C_rbs	250.000000	0.000000	0.000000
364.999185	__gene_D_rbs	266.000000	0.000000	0.000000
364.999185	__gene_E_rbs	263.000000	0.000000	0.000000
364.999185	__gene_F_rbs	187.000000	0.000000	0.000000
364.999185	__gene_G_rbs	127.000000	0.000000	0.000000
364.999185	__gene_H_rbs	81.000000	0.000000	0.000000
364.999185	__gene_J_rbs	256.000000	0.000000	0.000000
364.999185	__gene_K_rbs	252.000000	0.000000	0.000000
364.999185	__ribosome	0.000000	0.000000	0.000000
364.999185	bound_ecolipol	1882.000000	0.000000	0.000000
364.999185	bound_ribosome	100.000000	0.000000	0.000000
364.999185	ecoli_genome	118.000000	0.000000	0.000000
364.999185	ecoli_transcript	27660.000000	0.000000	0.000000
364.999185	ecolipol	44.000000	0.000000	0.000000
364.999185	gene_A	6.000000	6.000000	0.000000
364.999185	gene_A*	5.000000	6.000000	0.000000
364.999185	gene_B	243.000000	261.000000	0.003831
364.999185	gene_C	153.000000	250.000000	0.012000
364.999185	gene_D	281.000000	267.000000	0.007491
364.999185	gene_E	199.000000	263.000000	0.007605
364.999185	gene_F	88.000000	187.000000	0.016043
364.999185	gene_G	30.000000	127.000000	0.110236
364.999185	gene_H	0.000000	81.000000	0.283951
364.999185	gene_J	119.000000	256.000000	0.203125
364.999185	gene_K	156.000000	252.000000	0.000000
364.999185	promoter_A	1.000000	0.000000	0.000000
364.999185	promoter_B1	0.000000	0.000000	0.000000
364.999185	promoter_D	0.000000	0.000000	0.000000
369.999036	__gene_A*_rbs	6.000000	0.000000	0.000000
369.999036	__gene_A_rbs	6.000000	0.000000	0.000000
369.999036	__gene_B_rbs	265.000000	0.000000	0.000000
369.999036	__gene_C_rbs	253.000000	0.000000	0.000000
369.999036	__gene_D_rbs	270.000000	0.000000	0.000000
369.999036	__gene_E_rbs	266.000000	0.000000	0.000000
369.999036	__gene_F_rbs	188.000000	0.000000	0.000000
369.999036	__gene_G_rbs	129.000000	0.000000	0.000000
369.999036	__gene_H_rbs	83.000000	0.000000	0.000000
369.999036	__gene_J_rbs	259.000000	0.000000	0.000000
369.999036	__gene_K_rbs	256.000000	0.000000	0.000000
369.999036	__ribosome	0.000000	0.000000	0.000000
369.999036	bound_ecolipol	1883.000000	0.000000	0.000000
369.999036	bound_ribosome	100.000000	0.000000	0.000000
369.999036	ecoli_genome	117.000000	0.000000	0.000000
369.999036	ecoli_transcript	28064.000000	0.000000	0.000000
369.999036	ecolipol	47.000000	0.000000	0.000000
369.999036	gene_A	6.000000	6.000000	0.000000
369.999036	gene_A*	5.000000	6.000000	0.000000
369.999036	gene_B	243.000000	265.000000	0.003774
369.999036	gene_C	155.000000	254.000000	0.007874
369.999036	gene_D	281.000000	271.000000	0.014760
369.999036	gene_E	201.000000	266.000000	0.007519
369.999036	gene_F	89.000000	188.000000	0.010638
369.999036	gene_G	30.000000	129.000000	0.108527
369.999036	gene_H	0.000000	83.000000	0.277108
369.999036	gene_J	120.000000	259.000000	0.196911
369.999036	gene_K	156.000000	256.000000	0.003906
369.999036	promoter_A	1.000000	0.000000	0.000000
369.999036	promoter_B1	0.000000	0.000000	0.000000
369.999036	promoter_D	0.000000	0.000000	0.000000
374.999074	__gene_A*_rbs	6.000000	0.000000	0.000000
374.999074	__gene_A_rbs	6.000000	0.000000	0.000000
374.999074	__gene_B_rbs	268.000000	0.000000	0.000000
374.999074	__gene_C_rbs	257.000000	0.000000	0.000000
374.999074	__gene_D_rbs	274.000000	0.000000	0.000000
374.999074	__gene_E_rbs	270.000000	0.000000	0.000000
374.999074	__gene_F_rbs	190.000000	0.000000	0.000000
374.999074	__gene_G_rbs	132.000000	0.000000	0.000000
374.999074	__gene_H_rbs	84.000000	0.000000	0.000000
374.999074	__gene_J_rbs	263.000000	0.000000	0.000000
374.999074	__gene_K_rbs	260.000000	0.000000	0.000000
374.999074	__ribosome	0.000000	0.000000	0.000000
374.999074	bound_ecolipol	1888.000000	0.000000	0.000000
374.999074	bound_ribosome	100.000000	0.000000	0.000000
374.999074	ecoli_genome	112.000000	0.000000	0.000000
374.999074	ecoli_transcript	28450.000000	0.000000	0.000000
374.999074	ecolipol	38.000000	0.000000	0.000000
374.999074	gene_A	6.000000	6.000000	0.000000
374.999074	gene_A*	5.000000	6.000000	0.000000
374.999074	gene_B	243.000000	268.000000	0.007463
374.999074	gene_C	156.000000	257.000000	0.003891
374.999074	gene_D	282.000000	274.000000	0.010949
374.999074	gene_E	201.000000	270.000000	0.007407
374.999074	gene_F	89.000000	190.000000	0.010526
374.999074	gene_G	30.000000	132.000000	0.113636
374.999074	gene_H	0.000000	84.000000	0.285714
374.999074	gene_J	120.000000	263.000000	0.193916
374.999074	gene_K	157.000000	260.000000	0.000000
374.999074	promoter_A	1.000000	0.000000	0.000000
374.999074	promoter_B1	0.000000	0.000000	0.000000
374.999074	promoter_D	0.000000	0.000000	0.000000
379.999218	__gene_A*_rbs	6.000000	0.000000	0.000000
379.999218	__gene_A_rbs	6.000000	0.000000	0.000000
379.999218	__gene_B_rbs	271.000000	0.000000	0.000000
379.999218	__gene_C_rbs	260.000000	0.000000	0.000000
379.999218	__gene_D_rbs	278.000000	0.000000	0.000000
379.999218	__gene_E_rbs	274.000000	0.000000	0.000000
379.999218	__gene_F_rbs	194.000000	0.000000	0.000000
379.999218	__gene_G_rbs	134.000000	0.000000	0.000000
379.999218	__gene_H_rbs	84.000000	0.000000	0.000000
379.999218	__gene_J_rbs	266.000000	0.000000	0.000000
379.999218	__gene_K_rbs	263.000000	0.000000	0.000000
379.999218	__ribosome	0.000000	0.000000	0.000000
379.999218	bound_ecolipol	1882.000000	0.000000	0.000000
379.999218	bound_ribosome	100.000000	0.000000	0.000000
379.999218	ecoli_genome	118.000000	0.000000	0.000000
379.999218	ecoli_transcript	28819.000000	0.000000	0.000000
379.999218	ecolipol	45.000000	0.000000	0.000000
379.999218	gene_A	6.000000	6.000000	0.000000
379.999218	gene_A*	5.000000	6.000000	0.000000
379.999218	gene_B	244.000000	271.000000	0.007380
379.999218	gene_C	157.000000	261.000000	0.000000
379.999218	gene_D	282.000000	278.000000	0.014388
379.999218	gene_E	203.000000	274.000000	0.000000
379.999218	gene_F	89.000000	194.000000	0.010309
379.999218	gene_G	30.000000	134.000000	0.111940
379.999218	gene_H	0.000000	84.000000	0.285714
379.999218	gene_J	120.000000	266.000000	0.191729
379.999218	gene_K	157.000000	263.000000	0.007605
379.999218	promoter_A	1.000000	0.000000	0.000000
379.999218	promoter_B1	0.000000	0.000000	0.000000
379.999218	promoter_D	0.000000	0.000000	0.000000
384.999053	__gene_A*_rbs	6.000000	0.000000	0.000000
384.999053	__gene_A_rbs	6.000000	0.000000	0.000000
384.999053	__gene_B_rbs	275.000000	0.000000	0.000000
384.999053	__gene_C_rbs	265.000000	0.000000	0.000000
384.999053	__gene_D_rbs	282.000000	0.000000	0.000000
384.999053	__gene_E_rbs	277.000000	0.000000	0.000000
384.999053	__gene_F_rbs	196.000000	0.000000	0.000000
384.999053	__gene_G_rbs	136.000000	0.000000	0.000000
384.999053	__gene_H_rbs	86.000000	0.000000	0.000000
384.999053	__gene_J_rbs	270.000000	0.000000	0.000000
384.999053	__gene_K_rbs	267.000000	0.000000	0.000000
384.999053	__ribosome	0.000000	0.000000	0.000000
384.999053	bound_ecolipol	1882.000000	0.000000	0.000000
384.999053	bound_ribosome	100.000000	0.000000	0.000000
384.999053	ecoli_genome	118.000000	0.000000	0.000000
384.999053	ecoli_transcript	29185.000000	0.000000	0.000000
384.999053	ecolipol	45.000000	0.000000	0.000000
384.999053	gene_A	6.000000	6.000000	0.000000
384.999053	gene_A*	5.000000	6.000000	0.000000
384.999053	gene_B	244.000000	275.000000	0.007273
384.999053	gene_C	157.000000	265.000000	0.003774
384.999053	gene_D	285.000000	282.000000	0.007092
384.999053	gene_E	203.000000	277.000000	0.003610
384.999053	gene_F	89.000000	196.000000	0.010204
384.999053	gene_G	30.000000	136.000000	0.110294
384.999053	gene_H	0.000000	86.000000	0.290698
384.999053	gene_J	120.000000	270.000000	0.188889
384.999053	gene_K	159.000000	267.000000	0.003745
384.999053	promoter_A	1.000000	0.000000	0.000000
384.999053	promoter_B1	0.000000	0.000000	0.000000
384.999053	promoter_D	0.000000	0.000000	0.000000
389.999086	__gene_A*_rbs	6.000000	0.000000	0.000000
389.999086	__gene_A_rbs	6.000000	0.000000	0.000000
389.999086	__gene_B_rbs	279.000000	0.000000	0.000000
389.999086	__gene_C_rbs	269.000000	0.000000	0.000000
389.999086	__gene_D_rbs	286.000000	0.000000	0.000000
389.999086	__gene_E_rbs	281.000000	0.000000	0.000000
389.999086	__gene_F_rbs	198.000000	0.000000	0.000000
389.999086	__gene_G_rbs	138.000000	0.000000	0.000000
389.999086	__gene_H_rbs	86.000000	0.000000	0.000000
389.999086	__gene_J_rbs	274.000000	0.000000	0.000000
389.999086	__gene_K_rbs	271.000000	0.000000	0.000000
389.999086	__ribosome	0.000000	0.000000	0.000000
389.999086	bound_ecolipol	1890.000000	0.000000	0.000000
389.999086	bound_ribosome	100.000000	0.000000	0.000000
389.999086	ecoli_genome	110.000000	0.000000	0.000000
389.999086	ecoli_transcript	29548.000000	0.000000	0.000000
389.999086	ecolipol	41.000000	0.000000	0.000000
389.999086	gene_A	6.000000	6.000000	0.000000
389.999086	gene_A*	5.000000	6.000000	0.000000
389.999086	gene_B	246.000000	279.000000	0.000000
389.999086	gene_C	158.000000	269.000000	0.003717
389.999086	gene_D	285.000000	286.000000	0.006993
389.999086	gene_E	203.000000	281.000000	0.007117
389.999086	gene_F	89.000000	198.000000	0.010101
389.999086	gene_G	30.000000	138.000000	0.115942
389.999086	gene_H	0.000000	86.000000	0.290698
389.999086	gene_J	120.000000	274.000000	0.189781
389.999086	gene_K	160.000000	271.000000	0.000000
389.999086	promoter_A	1.000000	0.000000	0.000000
389.999086	promoter_B1	0.000000	0.000000	0.000000
389.999086	promoter_D	0.000000	0.000000	0.000000
394.999238	__gene_A*_rbs	6.000000	0.000000	0.000000
394.999238	__gene_A_rbs	6.000000	0.000000	0.000000
394.999238	__gene_B_rbs	282.000000	0.000000	0.000000
394.999238	__gene_C_rbs	273.000000	0.000000	0.000000
394.999238	__gene_D_rbs	289.000000	0.000000	0.000000
394.999238	__gene_E_rbs	284.000000	0.000000	0.000000
394.999238	__gene_F_rbs	202.000000	0.000000	0.000000
394.999238	__gene_G_rbs	140.000000	0.000000	0.000000
394.999238	__gene_H_rbs	88.000000	0.000000	0.000000
394.999238	__gene_J_rbs	277.000000	0.000000	0.000000
394.999238	__gene_K_rbs	274.000000	0.000000	0.000000
394.999238	__ribosome	0.000000	0.000000	0.000000
394.999238	bound_ecolipol	1882.000000	0.000000	0.000000
394.999238	bound_ribosome	100.000000	0.000000	0.000000
394.999238	ecoli_genome	118.000000	0.000000	0.000000
394.999238	ecoli_transcript	29902.000000	0.000000	0.000000
394.999238	ecolipol	47.000000	0.000000	0.000000
394.999238	gene_A	6.000000	6.000000	0.000000
394.999238	gene_A*	5.000000	6.000000	0.000000
394.999238	gene_B	246.000000	282.000000	0.000000
394.999238	gene_C	158.000000	273.000000	0.003663
394.999238	gene_D	286.000000	289.000000	0.003460
394.999238	gene_E	204.000000	284.000000	0.003521
394.999238	gene_F	89.000000	202.000000	0.009901
394.999238	gene_G	30.000000	140.000000	0.114286
394.999238	gene_H	0.000000	88.000000	0.284091
394.999238	gene_J	120.000000	277.000000	0.194946
394.999238	gene_K	160.000000	274.000000	0.000000
394.999238	promoter_A	1.000000	0.000000	0.000000
394.999238	promoter_B1	0.000000	0.000000	0.000000
394.999238	promoter_D	0.000000	0.000000	0.000000
399.999068	__gene_A*_rbs	6.000000	0.000000	0.000000
399.999068	__gene_A_rbs	6.000000	0.000000	0.000000
399.999068	__gene_B_rbs	286.000000	0.000000	0.000000
399.999068	__gene_C_rbs	276.000000	0.000000	0.000000
399.999068	__gene_D_rbs	292.000000	0.000000	0.000000
399.999068	__gene_E_rbs	288.000000	0.000000	0.000000
399.999068	__gene_F_rbs	204.000000	0.000000	0.000000
399.999068	__gene_G_rbs	143.000000	0.000000	0.000000
399.999068	__gene_H_rbs	90.000000	0.000000	0.000000
399.999068	__gene_J_rbs	281.000000	0.000000	0.000000
399.999068	__gene_K_rbs	278.000000	0.000000	0.000000
399.999068	__ribosome	0.000000	0.000000	0.000000
399.999068	bound_ecolipol	1890.000000	0.000000	0.000000
399.999068	bound_ribosome	100.000000	0.000000	0.000000
399.999068	ecoli_genome	110.000000	0.000000	0.000000
399.999068	ecoli_transcript	30270.000000	0.000000	0.000000
399.999068	ecolipol	39.000000	0.000000	0.000000
399.999068	gene_A	6.000000	6.000000	0.000000
399.999068	gene_A*	5.000000	6.000000	0.000000
399.999068	gene_B	246.000000	286.000000	0.000000
399.999068	gene_C	159.000000	276.000000	0.003623
399.999068	gene_D	287.000000	292.000000	0.006849
399.999068	gene_E	205.000000	288.000000	0.006944
399.999068	gene_F	91.000000	204.000000	0.000000
399.999068	gene_G	30.000000	143.000000	0.118881
399.999068	gene_H	0.000000	90.000000	0.277778
399.999068	gene_J	122.000000	281.000000	0.185053
399.999068	gene_K	160.000000	278.000000	0.003597
399.999068	promoter_A	1.000000	0.000000	0.000000
399.999068	promoter_B1	0.000000	0.000000	0.000000
399.999068	promoter_D	0.000000	0.000000	0.000000
404.999021	__gene_A*_rbs	6.000000	0.000000	0.000000
404.999021	__gene_A_rbs	6.000000	0.000000	0.000000
404.999021	__gene_B_rbs	289.000000	0.000000	0.000000
404.999021	__gene_C_rbs	279.000000	0.000000	0.000000
404.999021	__gene_D_rbs	296.000000	0.000000	0.000000
404.999021	__gene_E_rbs	292.000000	0.000000	0.000000
404.999021	__gene_F_rbs	207.000000	0.000000	0.000000
404.999021	__gene_G_rbs	145.000000	0.000000	0.000000
404.999021	__gene_H_rbs	91.000000	0.000000	0.000000
404.999021	__gene_J_rbs	285.000000	0.000000	0.000000
404.999021	__gene_K_rbs	280.000000	0.000000	0.000000
404.999021	__ribosome	0.000000	0.000000	0.000000
404.999021	bound_ecolipol	1890.000000	0.000000	0.000000
404.999021	bound_ribosome	100.000000	0.000000	0.000000
404.999021	ecoli_genome	110.000000	0.000000	0.000000
404.999021	ecoli_transcript	30624.000000	0.000000	0.000000
404.999021	ecolipol	39.000000	0.000000	0.000000
404.999021	gene_A	6.000000	6.000000	0.000000
404.999021	gene_A*	5.000000	6.000000	0.000000
404.999021	gene_B	246.000000	289.000000	0.000000
404.999021	gene_C	160.000000	279.000000	0.000000
404.999021	gene_D	287.000000	296.000000	0.006757
404.999021	gene_E	205.000000	292.000000	0.006849
404.999021	gene_F	91.000000	207.000000	0.000000
404.999021	gene_G	30.000000	145.000000	0.117241
404.999021	gene_H	0.000000	91.000000	0.274725
404.999021	gene_J	122.000000	285.000000	0.182456
404.999021	gene_K	161.000000	281.000000	0.007117
404.999021	promoter_A	1.000000	0.000000	0.000000
404.999021	promoter_B1	0.000000	0.000000	0.000000
404.999021	promoter_D	0.000000	0.000000	0.000000
409.999139	__gene_A*_rbs	6.000000	0.000000	0.000000
409.999139	__gene_A_rbs	6.000000	0.000000	0.000000
409.999139	__gene_B_rbs	293.000000	0.000000	0.000000
409.999139	__gene_C_rbs	283.000000	0.000000	0.000000
409.999139	__gene_D_rbs	300.000000	0.000000	0.000000
409.999139	__gene_E_rbs	295.000000	0.000000	0.000000
409.999139	__gene_F_rbs	210.000000	0.000000	0.000000
409.999139	__gene_G_rbs	147.000000	0.000000	0.000000
409.999139	__gene_H_rbs	91.000000	0.000000	0.000000
409.999139	__gene_J_rbs	289.000000	0.000000	0.000000
409.999139	__gene_K_rbs	285.000000	0.000000	0.000000
409.999139	__ribosome	0.000000	0.000000	0.000000
409.999139	bound_ecolipol	1879.000000	0.000000	0.000000
409.999139	bound_ribosome	100.000000	0.000000	0.000000
409.999139	ecoli_genome	121.000000	0.000000	0.000000
409.999139	ecoli_transcript	31005.000000	0.000000	0.000000
409.999139	ecolipol	52.000000	0.000000	0.000000
409.999139	gene_A	6.000000	6.000000	0.000000
409.999139	gene_A*	5.000000	6.000000	0.000000
409.999139	gene_B	246.000000	293.000000	0.003413
409.999139	gene_C	160.000000	283.000000	0.000000
409.999139	gene_D	287.000000	300.000000	0.006667
409.999139	gene_E	207.000000	295.000000	0.003390
409.999139	gene_F	91.000000	210.000000	0.000000
409.999139	gene_G	30.000000	147.000000	0.115646
409.999139	gene_H	0.000000	91.000000	0.274725
409.999139	gene_J	122.000000	289.000000	0.183391
409.999139	gene_K	162.000000	285.000000	0.003509
409.999139	promoter_A	1.000000	0.000000	0.000000
409.999139	promoter_B1	0.000000	0.000000	0.000000
409.999139	promoter_D	0.000000	0.000000	0.000000
414.999381	__gene_A*_rbs	6.000000	0.000000	0.000000
414.999381	__gene_A_rbs	6.000000	0.000000	0.000000
414.999381	__gene_B_rbs	297.000000	0.000000	0.000000
414.999381	__gene_C_rbs	287.000000	0.000000	0.000000
414.999381	__gene_D_rbs	304.000000	0.000000	0.000000
414.999381	__gene_E_rbs	299.000000	0.000000	0.000000
414.999381	__gene_F_rbs	214.000000	0.000000	0.000000
414.999381	__gene_G_rbs	149.000000	0.000000	0.000000
414.999381	__gene_H_rbs	92.000000	0.000000	0.000000
414.999381	__gene_J_rbs	293.000000	0.000000	0.000000
414.999381	__gene_K_rbs	288.000000	0.000000	0.000000
414.999381	__ribosome	0.000000	0.000000	0.000000
414.999381	bound_ecolipol	1875.000000	0.000000	0.000000
414.999381	bound_ribosome	100.000000	0.000000	0.000000
414.999381	ecoli_genome	125.000000	0.000000	0.000000
414.999381	ecoli_transcript	31369.000000	0.000000	0.000000
414.999381	ecolipol	54.000000	0.000000	0.000000
414.999381	gene_A	6.000000	6.000000	0.000000
414.999381	gene_A*	5.000000	6.000000	0.000000
414.999381	gene_B	246.000000	297.000000	0.003367
414.999381	gene_C	160.000000	287.000000	0.003484
414.999381	gene_D	289.000000	304.000000	0.000000
414.999381	gene_E	207.000000	299.000000	0.003344
414.999381	gene_F	91.000000	214.000000	0.000000
414.999381	gene_G	30.000000	149.000000	0.120805
414.999381	gene_H	0.000000	92.000000	0.271739
414.999381	gene_J	123.000000	293.000000	0.180887
414.999381	gene_K	163.000000	288.000000	0.003472
414.999381	promoter_A	1.000000	0.000000	0.000000
414.999381	promoter_B1	0.000000	0.000000	0.000000
414.999381	promoter_D	0.000000	0.000000	0.000000
419.999079	__gene_A*_rbs	6.000000	0.000000	0.000000
419.999079	__gene_A_rbs	6.000000	0.000000	0.000000
419.999079	__gene_B_rbs	300.000000	0.000000	0.000000
419.999079	__gene_C_rbs	289.000000	0.000000	0.000000
419.999079	__gene_D_rbs	307.000000	0.000000	0.000000
419.999079	__gene_E_rbs	303.000000	0.000000	0.000000
419.999079	__gene_F_rbs	218.000000	0.000000	0.000000
419.999079	__gene_G_rbs	150.000000	0.000000	0.000000
419.999079	__gene_H_rbs	94.000000	0.000000	0.000000
419.999079	__gene_J_rbs	296.000000	0.000000	0.000000
419.999079	__gene_K_rbs	292.000000	0.000000	0.000000
419.999079	__ribosome	0.000000	0.000000	0.000000
419.999079	bound_ecolipol	1884.000000	0.000000	0.000000
419.999079	bound_ribosome	100.000000	0.000000	0.000000
419.999079	ecoli_genome	116.000000	0.000000	0.000000
419.999079	ecoli_transcript	31742.000000	0.000000	0.000000
419.999079	ecolipol	42.000000	0.000000	0.000000
419.999079	gene_A	6.000000	6.000000	0.000000
419.999079	gene_A*	5.000000	6.000000	0.000000
419.999079	gene_B	247.000000	300.000000	0.000000
419.999079	gene_C	160.000000	290.000000	0.010345
419.999079	gene_D	289.000000	307.000000	0.000000
419.999079	gene_E	208.000000	303.000000	0.003300
419.999079	gene_F	91.000000	218.000000	0.000000
419.999079	gene_G	30.000000	150.000000	0.120000
419.999079	gene_H	0.000000	94.000000	0.265957
419.999079	gene_J	124.000000	296.000000	0.175676
419.999079	gene_K	163.000000	292.000000	0.003425
419.999079	promoter_A	1.000000	0.000000	0.000000
419.999079	promoter_B1	0.000000	0.000000	0.000000
419.999079	promoter_D	0.000000	0.000000	0.000000
424.999034	__gene_A*_rbs	6.000000	0.000000	0.000000
424.999034	__gene_A_rbs	6.000000	0.000000	0.000000
424.999034	__gene_B_rbs	304.000000	0.000000	0.000000
424.999034	__gene_C_rbs	293.000000	0.000000	0.000000
424.999034	__gene_D_rbs	311.000000	0.000000	0.000000
424.999034	__gene_E_rbs	307.000000	0.000000	0.000000
424.999034	__gene_F_rbs	221.000000	0.000000	0.000000
424.999034	__gene_G_rbs	152.000000	0.000000	0.000000
424.999034	__gene_H_rbs	96.000000	0.000000	0.000000
424.999034	__gene_J_rbs	299.000000	0.000000	0.000000
424.999034	__gene_K_rbs	296.000000	0.000000	0.000000
424.999034	__ribosome	0.000000	0.000000	0.000000
424.999034	bound_ecolipol	1884.000000	0.000000	0.000000
424.999034	bound_ribosome	100.000000	0.000000	0.000000
424.999034	ecoli_genome	116.000000	0.000000	0.000000
424.999034	ecoli_transcript	32111.000000	0.000000	0.000000
424.999034	ecolipol	43.000000	0.000000	0.000000
424.999034	gene_A	6.000000	6.000000	0.000000
424.999034	gene_A*	5.000000	6.000000	0.000000
424.999034	gene_B	247.000000	304.000000	0.000000
424.999034	gene_C	162.000000	294.000000	0.010204
424.999034	gene_D	289.000000	311.000000	0.000000
424.999034	gene_E	208.000000	307.000000	0.003257
424.999034	gene_F	91.000000	221.000000	0.004525
424.999034	gene_G	30.000000	152.000000	0.118421
424.999034	gene_H	0.000000	96.000000	0.260417
424.999034	gene_J	124.000000	300.000000	0.173333
424.999034	gene_K	164.000000	296.000000	0.000000
424.999034	promoter_A	1.000000	0.000000	0.000000
424.999034	promoter_B1	0.000000	0.000000	0.000000
424.999034	promoter_D	0.000000	0.000000	0.000000
429.999285	__gene_A*_rbs	6.000000	0.000000	0.000000
429.999285	__gene_A_rbs	7.000000	0.000000	0.000000
429.999285	__gene_B_rbs	307.000000	0.000000	0.000000
429.999285	__gene_C_rbs	298.000000	0.000000	0.000000
429.999285	__gene_D_rbs	314.000000	0.000000	0.000000
429.999285	__gene_E_rbs	310.000000	0.000000	0.000000
429.999285	__gene_F_rbs	225.000000	0.000000	0.000000
429.999285	__gene_G_rbs	154.000000	0.000000	0.000000
429.999285	__gene_H_rbs	98.000000	0.000000	0.000000
429.999285	__gene_J_rbs	304.000000	0.000000	0.000000
429.999285	__gene_K_rbs	300.000000	0.000000	0.000000
429.999285	__ribosome	0.000000	0.000000	0.000000
429.999285	bound_ecolipol	1877.000000	0.000000	0.000000
429.999285	bound_ribosome	100.000000	0.000000	0.000000
429.999285	ecoli_genome	123.000000	0.000000	0.000000
429.999285	ecoli_transcript	32504.000000	0.000000	0.000000
429.999285	ecolipol	46.000000	0.000000	0.000000
429.999285	gene_A	6.000000	7.000000	0.000000
429.999285	gene_A*	5.000000	6.000000	0.000000
429.999285	gene_B	247.000000	307.000000	0.000000
429.999285	gene_C	163.000000	298.000000	0.006711
429.999285	gene_D	289.000000	314.000000	0.000000
429.999285	gene_E	209.000000	310.000000	0.003226
429.999285	gene_F	91.000000	225.000000	0.004444
429.999285	gene_G	30.000000	154.000000	0.123377
429.999285	gene_H	0.000000	98.000000	0.255102
429.999285	gene_J	124.000000	304.000000	0.171053
429.999285	gene_K	164.000000	300.000000	0.000000
429.999285	promoter_A	1.000000	0.000000	0.000000
429.999285	promoter_B1	0.000000	0.000000	0.000000
429.999285	promoter_D	0.000000	0.000000	0.000000
434.999160	__gene_A*_rbs	6.000000	0.000000	0.000000
434.999160	__gene_A_rbs	7.000000	0.000000	0.000000
434.999160	__gene_B_rbs	311.000000	0.000000	0.000000
434.999160	__gene_C_rbs	302.000000	0.000000	0.000000
434.999160	__gene_D_rbs	318.000000	0.000000	0.000000
434.999160	__gene_E_rbs	313.000000	0.000000	0.000000
434.999160	__gene_F_rbs	229.000000	0.000000	0.000000
434.999160	__gene_G_rbs	157.000000	0.000000	0.000000
434.999160	__gene_H_rbs	99.000000	0.000000	0.000000
434.999160	__gene_J_rbs	307.000000	0.000000	0.000000
434.999160	__gene_K_rbs	303.000000	0.000000	0.000000
434.999160	__ribosome	0.000000	0.000000	0.000000
434.999160	bound_ecolipol	1891.000000	0.000000	0.000000
434.999160	bound_ribosome	100.000000	0.000000	0.000000
434.999160	ecoli_genome	109.000000	0.000000	0.000000
434.999160	ecoli_transcript	32875.000000	0.000000	0.000000
434.999160	ecolipol	30.000000	0.000000	0.000000
434.999160	gene_A	6.000000	7.000000	0.000000
434.999160	gene_A*	5.000000	6.000000	0.000000
434.999160	gene_B	247.000000	311.000000	0.000000
434.999160	gene_C	165.000000	302.000000	0.003311
434.999160	gene_D	289.000000	318.000000	0.000000
434.999160	gene_E	210.000000	313.000000	0.000000
434.999160	gene_F	91.000000	229.000000	0.004367
434.999160	gene_G	30.000000	157.000000	0.121019
434.999160	gene_H	0.000000	99.000000	0.252525
434.999160	gene_J	124.000000	307.000000	0.169381
434.999160	gene_K	164.000000	303.000000	0.006601
434.999160	promoter_A	1.000000	0.000000	0.000000
434.999160	promoter_B1	0.000000	0.000000	0.000000
434.999160	promoter_D	0.000000	0.000000	0.000000
439.999061	__gene_A*_rbs	6.000000	0.000000	0.000000
439.999061	__gene_A_rbs	7.000000	0.000000	0.000000
439.999061	__gene_B_rbs	315.000000	0.000000	0.000000
439.999061	__gene_C_rbs	304.000000	0.000000	0.000000
439.999061	__gene_D_rbs	322.000000	0.000000	0.000000
439.999061	__gene_E_rbs	318.000000	0.000000	0.000000
439.999061	__gene_F_rbs	231.000000	0.000000	0.000000
439.999061	__gene_G_rbs	160.000000	0.000000	0.000000
439.999061	__gene_H_rbs	100.000000	0.000000	0.000000
439.999061	__gene_J_rbs	311.000000	0.000000	0.000000
439.999061	__gene_K_rbs	306.000000	0.000000	0.000000
439.999061	__ribosome	0.000000	0.000000	0.000000
439.999061	bound_ecolipol	1885.000000	0.000000	0.000000
439.999061	bound_ribosome	100.000000	0.000000	0.000000
439.999061	ecoli_genome	115.000000	0.000000	0.000000
439.999061	ecoli_transcript	33234.000000	0.000000	0.000000
439.999061	ecolipol	36.000000	0.000000	0.000000
439.999061	gene_A	6.000000	7.000000	0.000000
439.999061	gene_A*	5.000000	6.000000	0.000000
439.999061	gene_B	247.000000	315.000000	0.000000
439.999061	gene_C	165.000000	305.000000	0.003279
439.999061	gene_D	289.000000	322.000000	0.003106
439.999061	gene_E	210.000000	318.000000	0.000000
439.999061	gene_F	91.000000	231.000000	0.004329
439.999061	gene_G	30.000000	160.000000	0.118750
439.999061	gene_H	0.000000	100.000000	0.250000
439.999061	gene_J	124.000000	311.000000	0.167203
439.999061	gene_K	166.000000	306.000000	0.003268
439.999061	promoter_A	1.000000	0.000000	0.000000
439.999061	promoter_B1	0.000000	0.000000	0.000000
439.999061	promoter_D	0.000000	0.000000	0.000000
444.999099	__gene_A*_rbs	7.000000	0.000000	0.000000
444.999099	__gene_A_rbs	7.000000	0.000000	0.000000
444.999099	__gene_B_rbs	319.000000	0.000000	0.000000
444.999099	__gene_C_rbs	308.000000	0.000000	0.000000
444.999099	__gene_D_rbs	325.000000	0.000000	0.000000
444.999099	__gene_E_rbs	321.000000	0.000000	0.000000
444.999099	__gene_F_rbs	233.000000	0.000000	0.000000
444.999099	__gene_G_rbs	161.000000	0.000000	0.000000
444.999099	__gene_H_rbs	102.000000	0.000000	0.000000
444.999099	__gene_J_rbs	314.000000	0.000000	0.000000
444.999099	__gene_K_rbs	310.000000	0.000000	0.000000
444.999099	__ribosome	0.000000	0.000000	0.000000
444.999099	bound_ecolipol	1877.000000	0.000000	0.000000
444.999099	bound_ribosome	100.000000	0.000000	0.000000
444.999099	ecoli_genome	123.000000	0.000000	0.000000
444.999099	ecoli_transcript	33579.000000	0.000000	0.000000
444.999099	ecolipol	43.000000	0.000000	0.000000
444.999099	gene_A	6.000000	7.000000	0.000000
444.999099	gene_A*	5.000000	7.000000	0.000000
444.999099	gene_B	247.000000	319.000000	0.000000
444.999099	gene_C	166.000000	308.000000	0.000000
444.999099	gene_D	289.000000	325.000000	0.003077
444.999099	gene_E	210.000000	321.000000	0.003115
444.999099	gene_F	91.000000	233.000000	0.004292
444.999099	gene_G	30.000000	161.000000	0.118012
444.999099	gene_H	0.000000	102.000000	0.245098
444.999099	gene_J	124.000000	314.000000	0.168790
444.999099	gene_K	167.000000	310.000000	0.000000
444.999099	promoter_A	1.000000	0.000000	0.000000
444.999099	promoter_B1	0.000000	0.000000	0.000000
444.999099	promoter_D	0.000000	0.000000	0.000000
449.999131	__gene_A*_rbs	7.000000	0.000000	0.000000
449.999131	__gene_A_rbs	7.000000	0.000000	0.000000
449.999131	__gene_B_rbs	322.000000	0.000000	0.000000
449.999131	__gene_C_rbs	312.000000	0.000000	0.000000
449.999131	__gene_D_rbs	329.000000	0.000000	0.000000
449.999131	__gene_E_rbs	325.000000	0.000000	0.000000
449.999131	__gene_F_rbs	234.000000	0.000000	0.000000
449.999131	__gene_G_rbs	164.000000	0.000000	0.000000
449.999131	__gene_H_rbs	104.000000	0.000000	0.000000
449.999131	__gene_J_rbs	318.000000	0.000000	0.000000
449.999131	__gene_K_rbs	314.000000	0.000000	0.000000
449.999131	__ribosome	0.000000	0.000000	0.000000
449.999131	bound_ecolipol	1880.000000	0.000000	0.000000
449.999131	bound_ribosome	100.000000	0.000000	0.000000
449.999131	ecoli_genome	120.000000	0.000000	0.000000
449.999131	ecoli_transcript	33955.000000	0.000000	0.000000
449.999131	ecolipol	43.000000	0.000000	0.000000
449.999131	gene_A	6.000000	7.000000	0.000000
449.999131	gene_A*	5.000000	7.000000	0.000000
449.999131	gene_B	247.000000	322.000000	0.000000
449.999131	gene_C	166.000000	312.000000	0.000000
449.999131	gene_D	289.000000	329.000000	0.003040
449.999131	gene_E	210.000000	325.000000	0.003077
449.999131	gene_F	91.000000	234.000000	0.004274
449.999131	gene_G	31.000000	164.000000	0.109756
449.999131	gene_H	0.000000	104.000000	0.240385
449.999131	gene_J	124.000000	318.000000	0.166667
449.999131	gene_K	167.000000	314.000000	0.003185
449.999131	promoter_A	1.000000	0.000000	0.000000
449.999131	promoter_B1	0.000000	0.000000	0.000000
449.999131	promoter_D	0.000000	0.000000	0.000000
454.999051	__gene_A*_rbs	7.000000	0.000000	0.000000
454.999051	__gene_A_rbs	7.000000	0.000000	0.000000
454.999051	__gene_B_rbs	327.000000	0.000000	0.000000
454.999051	__gene_C_rbs	314.000000	0.000000	0.000000
454.999051	__gene_D_rbs	333.000000	0.000000	0.000000
454.999051	__gene_E_rbs	329.000000	0.000000	0.000000
454.999051	__gene_F_rbs	236.000000	0.000000	0.000000
454.999051	__gene_G_rbs	167.000000	0.000000	0.000000
454.999051	__gene_H_rbs	105.000000	0.000000	0.000000
454.999051	__gene_J_rbs	322.000000	0.000000	0.000000
454.999051	__gene_K_rbs	318.000000	0.000000	0.000000
454.999051	__ribosome	0.000000	0.000000	0.000000
454.999051	bound_ecolipol	1877.000000	0.000000	0.000000
454.999051	bound_ribosome	100.000000	0.000000	0.000000
454.999051	ecoli_genome	123.000000	0.000000	0.000000
454.999051	ecoli_transcript	34316.000000	0.000000	0.000000
454.999051	ecolipol	46.000000	0.000000	0.000000
454.999051	gene_A	6.000000	7.000000	0.000000
454.999051	gene_A*	5.000000	7.000000	0.000000
454.999051	gene_B	247.000000	327.000000	0.000000
454.999051	gene_C	166.000000	315.000000	0.000000
454.999051	gene_D	290.000000	333.000000	0.003003
454.999051	gene_E	211.000000	329.000000	0.000000
454.999051	gene_F	91.000000	236.000000	0.004237
454.999051	gene_G	31.000000	167.000000	0.113772
454.999051	gene_H	0.000000	105.000000	0.238095
454.999051	gene_J	124.000000	322.000000	0.164596
454.999051	gene_K	168.000000	318.000000	0.003145
454.999051	promoter_A	1.000000	0.000000	0.000000
454.999051	promoter_B1	0.000000	0.000000	0.000000
454.999051	promoter_D	0.000000	0.000000	0.000000
459.999082	__gene_A*_rbs	7.000000	0.000000	0.000000
459.999082	__gene_A_rbs	7.000000	0.000000	0.000000
459.999082	__gene_B_rbs	330.000000	0.000000	0.000000
459.999082	__gene_C_rbs	319.000000	0.000000	0.000000
459.999082	__gene_D_rbs	336.000000	0.000000	0.000000
459.999082	__gene_E_rbs	332.000000	0.000000	0.000000
459.999082	__gene_F_rbs	238.000000	0.000000	0.000000
459.999082	__gene_G_rbs	169.000000	0.000000	0.000000
459.999082	__gene_H_rbs	107.000000	0.000000	0.000000
459.999082	__gene_J_rbs	326.000000	0.000000	0.000000
459.999082	__gene_K_rbs	321.000000	0.000000	0.000000
459.999082	__ribosome	0.000000	0.000000	0.000000
459.999082	bound_ecolipol	1875.000000	0.000000	0.000000
459.999082	bound_ribosome	100.000000	0.000000	0.000000
459.999082	ecoli_genome	125.000000	0.000000	0.000000
459.999082	ecoli_transcript	34680.000000	0.000000	0.000000
459.999082	ecolipol	48.000000	0.000000	0.000000
459.999082	gene_A	6.000000	7.000000	0.000000
459.999082	gene_A*	5.000000	7.000000	0.000000
459.999082	gene_B	247.000000	330.000000	0.000000
459.999082	gene_C	166.000000	319.000000	0.000000
459.999082	gene_D	290.000000	336.000000	0.002976
459.999082	gene_E	211.000000	333.000000	0.000000
459.999082	gene_F	91.000000	238.000000	0.008403
459.999082	gene_G	31.000000	169.000000	0.112426
459.999082	gene_H	0.000000	107.000000	0.233645
459.999082	gene_J	124.000000	326.000000	0.162577
459.999082	gene_K	169.000000	321.000000	0.000000
459.999082	promoter_A	1.000000	0.000000	0.000000
459.999082	promoter_B1	0.000000	0.000000	0.000000
459.999082	promoter_D	0.000000	0.000000	0.000000
464.999226	__gene_A*_rbs	7.000000	0.000000	0.000000
464.999226	__gene_A_rbs	7.000000	0.000000	0.000000
464.999226	__gene_B_rbs	334.000000	0.000000	0.000000
464.999226	__gene_C_rbs	323.000000	0.000000	0.000000
464.999226	__gene_D_rbs	340.000000	0.000000	0.000000
464.999226	__gene_E_rbs	336.000000	0.000000	0.000000
464.999226	__gene_F_rbs	241.000000	0.000000	0.000000
464.999226	__gene_G_rbs	172.000000	0.000000	0.000000
464.999226	__gene_H_rbs	109.000000	0.000000	0.000000
464.999226	__gene_J_rbs	330.000000	0.000000	0.000000
464.999226	__gene_K_rbs	325.000000	0.000000	0.000000
464.999226	__ribosome	0.000000	0.000000	0.000000
464.999226	bound_ecolipol	1881.000000	0.000000	0.000000
464.999226	bound_ribosome	100.000000	0.000000	0.000000
464.999226	ecoli_genome	119.000000	0.000000	0.000000
464.999226	ecoli_transcript	35052.000000	0.000000	0.000000
464.999226	ecolipol	43.000000	0.000000	0.000000
464.999226	gene_A	6.000000	7.000000	0.000000
464.999226	gene_A*	5.000000	7.000000	0.000000
464.999226	gene_B	247.000000	334.000000	0.000000
464.999226	gene_C	166.000000	323.000000	0.000000
464.999226	gene_D	290.000000	340.000000	0.002941
464.999226	gene_E	211.000000	336.000000	0.000000
464.999226	gene_F	92.000000	241.000000	0.008299
464.999226	gene_G	31.000000	172.000000	0.110465
464.999226	gene_H	0.000000	109.000000	0.229358
464.999226	gene_J	124.000000	330.000000	0.160606
464.999226	gene_K	169.000000	325.000000	0.000000
464.999226	promoter_A	1.000000	0.000000	0.000000
464.999226	promoter_B1	0.000000	0.000000	0.000000
464.999226	promoter_D	0.000000	0.000000	0.000000
469.999044	__gene_A*_rbs	7.000000	0.000000	0.000000
469.999044	__gene_A_rbs	7.000000	0.000000	0.000000
469.999044	__gene_B_rbs	337.000000	0.000000	0.000000
469.999044	__gene_C_rbs	327.000000	0.000000	0.000000
469.999044	__gene_D_rbs	344.000000	0.000000	0.000000
469.999044	__gene_E_rbs	340.000000	0.000000	0.000000
469.999044	__gene_F_rbs	243.000000	0.000000	0.000000
469.999044	__gene_G_rbs	175.000000	0.000000	0.000000
469.999044	__gene_H_rbs	112.000000	0.000000	0.000000
469.999044	__gene_J_rbs	332.000000	0.000000	0.000000
469.999044	__gene_K_rbs	329.000000	0.000000	0.000000
469.999044	__ribosome	0.000000	0.000000	0.000000
469.999044	bound_ecolipol	1867.000000	0.000000	0.000000
469.999044	bound_ribosome	100.000000	0.000000	0.000000
469.999044	ecoli_genome	133.000000	0.000000	0.000000
469.999044	ecoli_transcript	35447.000000	0.000000	0.000000
469.999044	ecolipol	56.000000	0.000000	0.000000
469.999044	gene_A	6.000000	7.000000	0.000000
469.999044	gene_A*	5.000000	7.000000	0.000000
469.999044	gene_B	247.000000	337.000000	0.000000
469.999044	gene_C	166.000000	327.000000	0.000000
469.999044	gene_D	291.000000	344.000000	0.000000
469.999044	gene_E	211.000000	340.000000	0.000000
469.999044	gene_F	92.000000	243.000000	0.008230
469.999044	gene_G	31.000000	175.000000	0.108571
469.999044	gene_H	0.000000	112.000000	0.223214
469.999044	gene_J	124.000000	333.000000	0.162162
469.999044	gene_K	169.000000	329.000000	0.000000
469.999044	promoter_A	1.000000	0.000000	0.000000
469.999044	promoter_B1	0.000000	0.000000	0.000000
469.999044	promoter_D	0.000000	0.000000	0.000000
474.999098	__gene_A*_rbs	7.000000	0.000000	0.000000
474.999098	__gene_A_rbs	7.000000	0.000000	0.000000
474.999098	__gene_B_rbs	341.000000	0.000000	0.000000
474.999098	__gene_C_rbs	331.000000	0.000000	0.000000
474.999098	__gene_D_rbs	348.000000	0.000000	0.000000
474.999098	__gene_E_rbs	343.000000	0.000000	0.000000
474.999098	__gene_F_rbs	245.000000	0.000000	0.000000
474.999098	__gene_G_rbs	179.000000	0.000000	0.000000
474.999098	__gene_H_rbs	115.000000	0.000000	0.000000
474.999098	__gene_J_rbs	337.000000	0.000000	0.000000
474.999098	__gene_K_rbs	332.000000	0.000000	0.000000
474.999098	__ribosome	0.000000	0.000000	0.000000
474.999098	bound_ecolipol	1879.000000	0.000000	0.000000
474.999098	bound_ribosome	100.000000	0.000000	0.000000
474.999098	ecoli_genome	121.000000	0.000000	0.000000
474.999098	ecoli_transcript	35819.000000	0.000000	0.000000
474.999098	ecolipol	44.000000	0.000000	0.000000
474.999098	gene_A	6.000000	7.000000	0.000000
474.999098	gene_A*	5.000000	7.000000	0.000000
474.999098	gene_B	247.000000	341.000000	0.002933
474.999098	gene_C	166.000000	331.000000	0.000000
474.999098	gene_D	291.000000	348.000000	0.000000
474.999098	gene_E	211.000000	343.000000	0.000000
474.999098	gene_F	92.000000	245.000000	0.008163
474.999098	gene_G	32.000000	179.000000	0.100559
474.999098	gene_H	0.000000	115.000000	0.217391
474.999098	gene_J	124.000000	337.000000	0.160237
474.999098	gene_K	169.000000	332.000000	0.000000
474.999098	promoter_A	1.000000	0.000000	0.000000
474.999098	promoter_B1	0.000000	0.000000	0.000000
474.999098	promoter_D	0.000000	0.000000	0.000000
479.999400	__gene_A*_rbs	7.000000	0.000000	0.000000
479.999400	__gene_A_rbs	7.000000	0.000000	0.000000
479.999400	__gene_B_rbs	345.000000	0.000000	0.000000
479.999400	__gene_C_rbs	333.000000	0.000000	0.000000
479.999400	__gene_D_rbs	351.000000	0.000000	0.000000
479.999400	__gene_E_rbs	347.000000	0.000000	0.000000
479.999400	__gene_F_rbs	247.000000	0.000000	0.000000
479.999400	__gene_G_rbs	182.000000	0.000000	0.000000
479.999400	__gene_H_rbs	117.000000	0.000000	0.000000
479.999400	__gene_J_rbs	341.000000	0.000000	0.000000
479.999400	__gene_K_rbs	335.000000	0.000000	0.000000
479.999400	__ribosome	0.000000	0.000000	0.000000
479.999400	bound_ecolipol	1881.000000	0.000000	0.000000
479.999400	bound_ribosome	100.000000	0.000000	0.000000
479.999400	ecoli_genome	119.000000	0.000000	0.000000
479.999400	ecoli_transcript	36191.000000	0.000000	0.000000
479.999400	ecolipol	42.000000	0.000000	0.000000
479.999400	gene_A	6.000000	7.000000	0.000000
479.999400	gene_A*	5.000000	7.000000	0.000000
479.999400	gene_B	247.000000	345.000000	0.002899
479.999400	gene_C	166.000000	333.000000	0.000000
479.999400	gene_D	291.000000	351.000000	0.000000
479.999400	gene_E	211.000000	347.000000	0.000000
479.999400	gene_F	92.000000	247.000000	0.008097
479.999400	gene_G	32.000000	182.000000	0.098901
479.999400	gene_H	0.000000	117.000000	0.213675
479.999400	gene_J	124.000000	341.000000	0.158358
479.999400	gene_K	169.000000	335.000000	0.000000
479.999400	promoter_A	1.000000	0.000000	0.000000
479.999400	promoter_B1	0.000000	0.000000	0.000000
479.999400	promoter_D	0.000000	0.000000	0.000000
484.999147	__gene_A*_rbs	7.000000	0.000000	0.000000
484.999147	__gene_A_rbs	7.000000	0.000000	0.000000
484.999147	__gene_B_rbs	349.000000	0.000000	0.000000
484.999147	__gene_C_rbs	337.000000	0.000000	0.000000
484.999147	__gene_D_rbs	355.000000	0.000000	0.000000
484.999147	__gene_E_rbs	351.000000	0.000000	0.000000
484.999147	__gene_F_rbs	250.000000	0.000000	0.000000
484.999147	__gene_G_rbs	184.000000	0.000000	0.000000
484.999147	__gene_H_rbs	119.000000	0.000000	0.000000
484.999147	__gene_J_rbs	344.000000	0.000000	0.000000
484.999147	__gene_K_rbs	339.000000	0.000000	0.000000
484.999147	__ribosome	0.000000	0.000000	0.000000
484.999147	bound_ecolipol	1888.000000	0.000000	0.000000
484.999147	bound_ribosome	100.000000	0.000000	0.000000
484.999147	ecoli_genome	112.000000	0.000000	0.000000
484.999147	ecoli_transcript	36564.000000	0.000000	0.000000
484.999147	ecolipol	39.000000	0.000000	0.000000
484.999147	gene_A	6.000000	7.000000	0.000000
484.999147	gene_A*	5.000000	7.000000	0.000000
484.999147	gene_B	248.000000	349.000000	0.000000
484.999147	gene_C	166.000000	337.000000	0.000000
484.999147	gene_D	291.000000	355.000000	0.000000
484.999147	gene_E	211.000000	351.000000	0.000000
484.999147	gene_F	92.000000	250.000000	0.008000
484.999147	gene_G	32.000000	184.000000	0.103261
484.999147	gene_H	0.000000	119.000000	0.210084
484.999147	gene_J	124.000000	344.000000	0.156977
484.999147	gene_K	169.000000	339.000000	0.000000
484.999147	promoter_A	1.000000	0.000000	0.000000
484.999147	promoter_B1	0.000000	0.000000	0.000000
484.999147	promoter_D	0.000000	0.000000	0.000000
489.999314	__gene_A*_rbs	7.000000	0.000000	0.000000
489.999314	__gene_A_rbs	7.000000	0.000000	0.000000
489.999314	__gene_B_rbs	352.000000	0.000000	0.000000
489.999314	__gene_C_rbs	341.000000	0.000000	0.000000
489.999314	__gene_D_rbs	358.000000	0.000000	0.000000
489.999314	__gene_E_rbs	355.000000	0.000000	0.000000
489.999314	__gene_F_rbs	252.000000	0.000000	0.000000
489.999314	__gene_G_rbs	185.000000	0.000000	0.000000
489.999314	__gene_H_rbs	121.000000	0.000000	0.000000
489.999314	__gene_J_rbs	348.000000	0.000000	0.000000
489.999314	__gene_K_rbs	343.000000	0.000000	0.000000
489.999314	__ribosome	0.000000	0.000000	0.000000
489.999314	bound_ecolipol	1888.000000	0.000000	0.000000
489.999314	bound_ribosome	100.000000	0.000000	0.000000
489.999314	ecoli_genome	112.000000	0.000000	0.000000
489.999314	ecoli_transcript	36960.000000	0.000000	0.000000
489.999314	ecolipol	39.000000	0.000000	0.000000
489.999314	gene_A	6.000000	7.000000	0.000000
489.999314	gene_A*	5.000000	7.000000	0.000000
489.999314	gene_B	248.000000	352.000000	0.000000
489.999314	gene_C	166.000000	341.000000	0.000000
489.999314	gene_D	291.000000	358.000000	0.000000
489.999314	gene_E	211.000000	355.000000	0.000000
489.999314	gene_F	92.000000	252.000000	0.007937
489.999314	gene_G	32.000000	185.000000	0.102703
489.999314	gene_H	0.000000	121.000000	0.206612
489.999314	gene_J	124.000000	348.000000	0.155172
489.999314	gene_K	169.000000	343.000000	0.000000
489.999314	promoter_A	1.000000	0.000000	0.000000
489.999314	promoter_B1	0.000000	0.000000	0.000000
489.999314	promoter_D	0.000000	0.000000	0.000000
494.999391	__gene_A*_rbs	7.000000	0.000000	0.000000
494.999391	__gene_A_rbs	7.000000	0.000000	0.000000
494.999391	__gene_B_rbs	356.000000	0.000000	0.000000
494.999391	__gene_C_rbs	345.000000	0.000000	0.000000
494.999391	__gene_D_rbs	362.000000	0.000000	0.000000
494.999391	__gene_E_rbs	358.000000	0.000000	0.000000
494.999391	__gene_F_rbs	255.000000	0.000000	0.000000
494.999391	__gene_G_rbs	185.000000	0.000000	0.000000
494.999391	__gene_H_rbs	124.000000	0.000000	0.000000
494.999391	__gene_J_rbs	351.000000	0.000000	0.000000
494.999391	__gene_K_rbs	347.000000	0.000000	0.000000
494.999391	__ribosome	0.000000	0.000000	0.000000
494.999391	bound_ecolipol	1888.000000	0.000000	0.000000
494.999391	bound_ribosome	100.000000	0.000000	0.000000
494.999391	ecoli_genome	112.000000	0.000000	0.000000
494.999391	ecoli_transcript	37321.000000	0.000000	0.000000
494.999391	ecolipol	42.000000	0.000000	0.000000
494.999391	gene_A	6.000000	7.000000	0.000000
494.999391	gene_A*	5.000000	7.000000	0.000000
494.999391	gene_B	248.000000	356.000000	0.000000
494.999391	gene_C	166.000000	345.000000	0.000000
494.999391	gene_D	291.000000	362.000000	0.000000
494.999391	gene_E	211.000000	358.000000	0.000000
494.999391	gene_F	92.000000	255.000000	0.007843
494.999391	gene_G	32.000000	185.000000	0.102703
494.999391	gene_H	0.000000	124.000000	0.201613
494.999391	gene_J	124.000000	351.000000	0.153846
494.999391	gene_K	169.000000	347.000000	0.000000
494.999391	promoter_A	1.000000	0.000000	0.000000
494.999391	promoter_B1	0.000000	0.000000	0.000000
494.999391	promoter_D	0.000000	0.000000	0.000000
499.999013	__gene_A*_rbs	7.000000	0.000000	0.000000
499.999013	__gene_A_rbs	7.000000	0.000000	0.000000
499.999013	__gene_B_rbs	359.000000	0.000000	0.000000
499.999013	__gene_C_rbs	349.000000	0.000000	0.000000
499.999013	__gene_D_rbs	366.000000	0.000000	0.000000
499.999013	__gene_E_rbs	362.000000	0.000000	0.000000
499.999013	__gene_F_rbs	257.000000	0.000000	0.000000
499.999013	__gene_G_rbs	188.000000	0.000000	0.000000
499.999013	__gene_H_rbs	124.000000	0.000000	0.000000
499.999013	__gene_J_rbs	355.000000	0.000000	0.000000
499.999013	__gene_K_rbs	351.000000	0.000000	0.000000
499.999013	__ribosome	0.000000	0.000000	0.000000
499.999013	bound_ecolipol	1892.000000	0.000000	0.000000
499.999013	bound_ribosome	100.000000	0.000000	0.000000
499.999013	ecoli_genome	108.000000	0.000000	0.000000
499.999013	ecoli_transcript	37677.000000	0.000000	0.000000
499.999013	ecolipol	40.000000	0.000000	0.000000
499.999013	gene_A	6.000000	7.000000	0.000000
499.999013	gene_A*	5.000000	7.000000	0.000000
499.999013	gene_B	248.000000	359.000000	0.000000
499.999013	gene_C	166.000000	349.000000	0.000000
499.999013	gene_D	291.000000	366.000000	0.000000
499.999013	gene_E	211.000000	362.000000	0.000000
499.999013	gene_F	92.000000	257.000000	0.007782
499.999013	gene_G	32.000000	188.000000	0.101064
499.999013	gene_H	0.000000	124.000000	0.201613
499.999013	gene_J	124.000000	355.000000	0.152113
499.999013	gene_K	169.000000	351.000000	0.000000
499.999013	promoter_A	1.000000	0.000000	0.000000
499.999013	promoter_B1	0.000000	0.000000	0.000000
499.999013	promoter_D	0.000000	0.000000	0.000000
504.999061	__gene_A*_rbs	7.000000	0.000000	0.000000
504.999061	__gene_A_rbs	7.000000	0.000000	0.000000
504.999061	__gene_B_rbs	363.000000	0.000000	0.000000
504.999061	__gene_C_rbs	352.000000	0.000000	0.000000
504.999061	__gene_D_rbs	370.000000	0.000000	0.000000
504.999061	__gene_E_rbs	365.000000	0.000000	0.000000
504.999061	__gene_F_rbs	260.000000	0.000000	0.000000
504.999061	__gene_G_rbs	189.000000	0.000000	0.000000
504.999061	__gene_H_rbs	125.000000	0.000000	0.000000
504.999061	__gene_J_rbs	359.000000	0.000000	0.000000
504.999061	__gene_K_rbs	354.000000	0.000000	0.000000
504.999061	__ribosome	0.000000	0.000000	0.000000
504.999061	bound_ecolipol	1877.000000	0.000000	0.000000
504.999061	bound_ribosome	100.000000	0.000000	0.000000
504.999061	ecoli_genome	123.000000	0.000000	0.000000
504.999061	ecoli_transcript	38068.000000	0.000000	0.000000
504.999061	ecolipol	56.000000	0.000000	0.000000
504.999061	gene_A	6.000000	7.000000	0.000000
504.999061	gene_A*	5.000000	7.000000	0.000000
504.999061	gene_B	248.000000	363.000000	0.000000
504.999061	gene_C	166.000000	352.000000	0.000000
504.999061	gene_D	291.000000	370.000000	0.000000
504.999061	gene_E	211.000000	365.000000	0.000000
504.999061	gene_F	93.000000	260.000000	0.003846
504.999061	gene_G	33.000000	189.000000	0.100529
504.999061	gene_H	0.000000	125.000000	0.200000
504.999061	gene_J	124.000000	359.000000	0.150418
504.999061	gene_K	169.000000	354.000000	0.002825
504.999061	promoter_A	1.000000	0.000000	0.000000
504.999061	promoter_B1	0.000000	0.000000	0.000000
504.999061	promoter_D	0.000000	0.000000	0.000000
509.999144	__gene_A*_rbs	7.000000	0.000000	0.000000
509.999144	__gene_A_rbs	7.000000	0.000000	0.000000
509.999144	__gene_B_rbs	366.000000	0.000000	0.000000
509.999144	__gene_C_rbs	356.000000	0.000000	0.000000
509.999144	__gene_D_rbs	373.000000	0.000000	0.000000
509.999144	__gene_E_rbs	369.000000	0.000000	0.000000
509.999144	__gene_F_rbs	263.000000	0.000000	0.000000
509.999144	__gene_G_rbs	192.000000	0.000000	0.000000
509.999144	__gene_H_rbs	125.000000	0.000000	0.000000
509.999144	__gene_J_rbs	362.000000	0.000000	0.000000
509.999144	__gene_K_rbs	357.000000	0.000000	0.000000
509.999144	__ribosome	0.000000	0.000000	0.000000
509.999144	bound_ecolipol	1895.000000	0.000000	0.000000
509.999144	bound_ribosome	100.000000	0.000000	0.000000
509.999144	ecoli_genome	105.000000	0.000000	0.000000
509.999144	ecoli_transcript	38455.000000	0.000000	0.000000
509.999144	ecolipol	37.000000	0.000000	0.000000
509.999144	gene_A	6.000000	7.000000	0.000000
509.999144	gene_A*	5.000000	7.000000	0.000000
509.999144	gene_B	248.000000	366.000000	0.000000
509.999144	gene_C	166.000000	356.000000	0.000000
509.999144	gene_D	291.000000	373.000000	0.002681
509.999144	gene_E	211.000000	369.000000	0.000000
509.999144	gene_F	94.000000	263.000000	0.000000
509.999144	gene_G	33.000000	192.000000	0.098958
509.999144	gene_H	0.000000	125.000000	0.200000
509.999144	gene_J	124.000000	362.000000	0.151934
509.999144	gene_K	170.000000	357.000000	0.000000
509.999144	promoter_A	1.000000	0.000000	0.000000
509.999144	promoter_B1	0.000000	0.000000	0.000000
509.999144	promoter_D	0.000000	0.000000	0.000000
514.999074	__gene_A*_rbs	7.000000	0.000000	0.000000
514.999074	__gene_A_rbs	7.000000	0.000000	0.000000
514.999074	__gene_B_rbs	370.000000	0.000000	0.000000
514.999074	__gene_C_rbs	359.000000	0.000000	0.000000
514.999074	__gene_D_rbs	377.000000	0.000000	0.000000
514.999074	__gene_E_rbs	373.000000	0.000000	0.000000
514.999074	__gene_F_rbs	264.000000	0.000000	0.000000
514.999074	__gene_G_rbs	194.000000	0.000000	0.000000
514.999074	__gene_H_rbs	127.000000	0.000000	0.000000
514.999074	__gene_J_rbs	366.000000	0.000000	0.000000
514.999074	__gene_K_rbs	361.000000	0.000000	0.000000
514.999074	__ribosome	0.000000	0.000000	0.000000
514.999074	bound_ecolipol	1891.000000	0.000000	0.000000
514.999074	bound_ribosome	100.000000	0.000000	0.000000
514.999074	ecoli_genome	109.000000	0.000000	0.000000
514.999074	ecoli_transcript	38839.000000	0.000000	0.000000
514.999074	ecolipol	41.000000	0.000000	0.000000
514.999074	gene_A	6.000000	7.000000	0.000000
514.999074	gene_A*	5.000000	7.000000	0.000000
514.999074	gene_B	248.000000	370.000000	0.000000
514.999074	gene_C	166.000000	359.000000	0.000000
514.999074	gene_D	291.000000	377.000000	0.002653
514.999074	gene_E	211.000000	373.000000	0.002681
514.999074	gene_F	94.000000	264.000000	0.000000
514.999074	gene_G	33.000000	194.000000	0.097938
514.999074	gene_H	0.000000	127.000000	0.196850
514.999074	gene_J	125.000000	366.000000	0.147541
514.999074	gene_K	170.000000	361.000000	0.000000
514.999074	promoter_A	1.000000	0.000000	0.000000
514.999074	promoter_B1	0.000000	0.000000	0.000000
514.999074	promoter_D	0.000000	0.000000	0.000000
519.999235	__gene_A*_rbs	7.000000	0.000000	0.000000
519.999235	__gene_A_rbs	7.000000	0.000000	0.000000
519.999235	__gene_B_rbs	374.000000	0.000000	0.000000
519.999235	__gene_C_rbs	363.000000	0.000000	0.000000
519.999235	__gene_D_rbs	381.000000	0.000000	0.000000
519.999235	__gene_E_rbs	376.000000	0.000000	0.000000
519.999235	__gene_F_rbs	267.000000	0.000000	0.000000
519.999235	__gene_G_rbs	196.000000	0.000000	0.000000
519.999235	__gene_H_rbs	127.000000	0.000000	0.000000
519.999235	__gene_J_rbs	370.000000	0.000000	0.000000
519.999235	__gene_K_rbs	363.000000	0.000000	0.000000
519.999235	__ribosome	0.000000	0.000000	0.000000
519.999235	bound_ecolipol	1893.000000	0.000000	0.000000
519.999235	bound_ribosome	100.000000	0.000000	0.000000
519.999235	ecoli_genome	107.000000	0.000000	0.000000
519.999235	ecoli_transcript	39238.000000	0.000000	0.000000
519.999235	ecolipol	40.000000	0.000000	0.000000
519.999235	gene_A	6.000000	7.000000	0.000000
519.999235	gene_A*	5.000000	7.000000	0.000000
519.999235	gene_B	248.000000	374.000000	0.000000
519.999235	gene_C	166.000000	363.000000	0.000000
519.999235	gene_D	291.000000	381.000000	0.002625
519.999235	gene_E	212.000000	376.000000	0.000000
519.999235	gene_F	94.000000	267.000000	0.000000
519.999235	gene_G	34.000000	196.000000	0.091837
519.999235	gene_H	0.000000	127.000000	0.196850
519.999235	gene_J	125.000000	370.000000	0.148649
519.999235	gene_K	170.000000	364.000000	0.002747
519.999235	promoter_A	1.000000	0.000000	0.000000
519.999235	promoter_B1	0.000000	0.000000	0.000000
519.999235	promoter_D	0.000000	0.000000	0.000000
524.999007	__gene_A*_rbs	7.000000	0.000000	0.000000
524.999007	__gene_A_rbs	7.000000	0.000000	0.000000
524.999007	__gene_B_rbs	377.000000	0.000000	0.000000
524.999007	__gene_C_rbs	366.000000	0.000000	0.000000
524.999007	__gene_D_rbs	384.000000	0.000000	0.000000
524.999007	__gene_E_rbs	380.000000	0.000000	0.000000
524.999007	__gene_F_rbs	269.000000	0.000000	0.000000
524.999007	__gene_G_rbs	199.000000	0.000000	0.000000
524.999007	__gene_H_rbs	129.000000	0.000000	0.000000
524.999007	__gene_J_rbs	373.000000	0.000000	0.000000
524.999007	__gene_K_rbs	368.000000	0.000000	0.000000
524.999007	__ribosome	0.000000	0.000000	0.000000
524.999007	bound_ecolipol	1884.000000	0.000000	0.000000
524.999007	bound_ribosome	100.000000	0.000000	0.000000
524.999007	ecoli_genome	116.000000	0.000000	0.000000
524.999007	ecoli_transcript	39624.000000	0.000000	0.000000
524.999007	ecolipol	48.000000	0.000000	0.000000
524.999007	gene_A	6.000000	7.000000	0.000000
524.999007	gene_A*	5.000000	7.000000	0.000000
524.999007	gene_B	248.000000	377.000000	0.000000
524.999007	gene_C	166.000000	366.000000	0.005464
524.999007	gene_D	292.000000	384.000000	0.000000
524.999007	gene_E	212.000000	380.000000	0.000000
524.999007	gene_F	94.000000	269.000000	0.000000
524.999007	gene_G	34.000000	199.000000	0.090452
524.999007	gene_H	0.000000	129.000000	0.193798
524.999007	gene_J	126.000000	373.000000	0.144772
524.999007	gene_K	170.000000	368.000000	0.002717
524.999007	promoter_A	1.000000	0.000000	0.000000
524.999007	promoter_B1	0.000000	0.000000	0.000000
524.999007	promoter_D	0.000000	0.000000	0.000000
529.999081	__gene_A*_rbs	7.000000	0.000000	0.000000
529.999081	__gene_A_rbs	8.000000	0.000000	0.000000
529.999081	__gene_B_rbs	381.000000	0.000000	0.000000
529.999081	__gene_C_rbs	370.000000	0.000000	0.000000
529.999081	__gene_D_rbs	388.000000	0.000000	0.000000
529.999081	__gene_E_rbs	383.000000	0.000000	0.000000
529.999081	__gene_F_rbs	272.000000	0.000000	0.000000
529.999081	__gene_G_rbs	199.000000	0.000000	0.000000
529.999081	__gene_H_rbs	132.000000	0.000000	0.000000
529.999081	__gene_J_rbs	377.000000	0.000000	0.000000
529.999081	__gene_K_rbs	372.000000	0.000000	0.000000
529.999081	__ribosome	0.000000	0.000000	0.000000
529.999081	bound_ecolipol	1868.000000	0.000000	0.000000
529.999081	bound_ribosome	100.000000	0.000000	0.000000
529.999081	ecoli_genome	132.000000	0.000000	0.000000
529.999081	ecoli_transcript	40012.000000	0.000000	0.000000
529.999081	ecolipol	61.000000	0.000000	0.000000
529.999081	gene_A	6.000000	8.000000	0.000000
529.999081	gene_A*	5.000000	7.000000	0.000000
529.999081	gene_B	248.000000	381.000000	0.002625
529.999081	gene_C	166.000000	370.000000	0.005405
529.999081	gene_D	292.000000	388.000000	0.000000
529.999081	gene_E	212.000000	383.000000	0.000000
529.999081	gene_F	94.000000	272.000000	0.000000
529.999081	gene_G	34.000000	199.000000	0.090452
529.999081	gene_H	0.000000	132.000000	0.189394
529.999081	gene_J	126.000000	377.000000	0.143236
529.999081	gene_K	171.000000	372.000000	0.000000
529.999081	promoter_A	1.000000	0.000000	0.000000
529.999081	promoter_B1	0.000000	0.000000	0.000000
529.999081	promoter_D	0.000000	0.000000	0.000000
534.999054	__gene_A*_rbs	7.000000	0.000000	0.000000
534.999054	__gene_A_rbs	8.000000	0.000000	0.000000
534.999054	__gene_B_rbs	385.000000	0.000000	0.000000
534.999054	__gene_C_rbs	374.000000	0.000000	0.000000
534.999054	__gene_D_rbs	391.000000	0.000000	0.000000
534.999054	__gene_E_rbs	387.000000	0.000000	0.000000
534.999054	__gene_F_rbs	275.000000	0.000000	0.000000
534.999054	__gene_G_rbs	202.000000	0.000000	0.000000
534.999054	__gene_H_rbs	133.000000	0.000000	0.000000
534.999054	__gene_J_rbs	380.000000	0.000000	0.000000
534.999054	__gene_K_rbs	376.000000	0.000000	0.000000
534.999054	__ribosome	0.000000	0.000000	0.000000
534.999054	bound_ecolipol	1880.000000	0.000000	0.000000
534.999054	bound_ribosome	100.000000	0.000000	0.000000
534.999054	ecoli_genome	120.000000	0.000000	0.000000
534.999054	ecoli_transcript	40386.000000	0.000000	0.000000
534.999054	ecolipol	50.000000	0.000000	0.000000
534.999054	gene_A	6.000000	8.000000	0.000000
534.999054	gene_A*	5.000000	7.000000	0.000000
534.999054	gene_B	248.000000	385.000000	0.002597
534.999054	gene_C	168.000000	374.000000	0.002674
534.999054	gene_D	292.000000	391.000000	0.000000
534.999054	gene_E	212.000000	387.000000	0.000000
534.999054	gene_F	94.000000	275.000000	0.000000
534.999054	gene_G	34.000000	202.000000	0.089109
534.999054	gene_H	0.000000	133.000000	0.187970
534.999054	gene_J	126.000000	380.000000	0.144737
534.999054	gene_K	171.000000	376.000000	0.000000
534.999054	promoter_A	1.000000	0.000000	0.000000
534.999054	promoter_B1	0.000000	0.000000	0.000000
534.999054	promoter_D	0.000000	0.000000	0.000000
539.999180	__gene_A*_rbs	7.000000	0.000000	0.000000
539.999180	__gene_A_rbs	8.000000	0.000000	0.000000
539.999180	__gene_B_rbs	388.000000	0.000000	0.000000
539.999180	__gene_C_rbs	378.000000	0.000000	0.000000
539.999180	__gene_D_rbs	394.000000	0.000000	0.000000
539.999180	__gene_E_rbs	391.000000	0.000000	0.000000
539.999180	__gene_F_rbs	275.000000	0.000000	0.000000
539.999180	__gene_G_rbs	203.000000	0.000000	0.000000
539.999180	__gene_H_rbs	134.000000	0.000000	0.000000
539.999180	__gene_J_rbs	384.000000	0.000000	0.000000
539.999180	__gene_K_rbs	380.000000	0.000000	0.000000
539.999180	__ribosome	0.000000	0.000000	0.000000
539.999180	bound_ecolipol	1897.000000	0.000000	0.000000
539.999180	bound_ribosome	100.000000	0.000000	0.000000
539.999180	ecoli_genome	103.000000	0.000000	0.000000
539.999180	ecoli_transcript	40755.000000	0.000000	0.000000
539.999180	ecolipol	34.000000	0.000000	0.000000
539.999180	gene_A	6.000000	8.000000	0.000000
539.999180	gene_A*	5.000000	7.000000	0.000000
539.999180	gene_B	249.000000	388.000000	0.000000
539.999180	gene_C	168.000000	378.000000	0.002646
539.999180	gene_D	292.000000	395.000000	0.002532
539.999180	gene_E	212.000000	391.000000	0.000000
539.999180	gene_F	94.000000	275.000000	0.000000
539.999180	gene_G	34.000000	203.000000	0.088670
539.999180	gene_H	0.000000	134.000000	0.186567
539.999180	gene_J	126.000000	384.000000	0.143229
539.999180	gene_K	171.000000	380.000000	0.000000
539.999180	promoter_A	1.000000	0.000000	0.000000
539.999180	promoter_B1	0.000000	0.000000	0.000000
539.999180	promoter_D	0.000000	0.000000	0.000000
544.999208	__gene_A*_rbs	8.000000	0.000000	0.000000
544.999208	__gene_A_rbs	8.000000	0.000000	0.000000
544.999208	__gene_B_rbs	392.000000	0.000000	0.000000
544.999208	__gene_C_rbs	381.000000	0.000000	0.000000
544.999208	__gene_D_rbs	399.000000	0.000000	0.000000
544.999208	__gene_E_rbs	395.000000	0.000000	0.000000
544.999208	__gene_F_rbs	276.000000	0.000000	0.000000
544.999208	__gene_G_rbs	205.000000	0.000000	0.000000
544.999208	__gene_H_rbs	135.000000	0.000000	0.000000
544.999208	__gene_J_rbs	387.000000	0.000000	0.000000
544.999208	__gene_K_rbs	383.000000	0.000000	0.000000
544.999208	__ribosome	0.000000	0.000000	0.000000
544.999208	bound_ecolipol	1890.000000	0.000000	0.000000
544.999208	bound_ribosome	100.000000	0.000000	0.000000
544.999208	ecoli_genome	110.000000	0.000000	0.000000
544.999208	ecoli_transcript	41138.000000	0.000000	0.000000
544.999208	ecolipol	40.000000	0.000000	0.000000
544.999208	gene_A	6.000000	8.000000	0.000000
544.999208	gene_A*	5.000000	8.000000	0.000000
544.999208	gene_B	249.000000	392.000000	0.000000
544.999208	gene_C	169.000000	381.000000	0.000000
544.999208	gene_D	292.000000	399.000000	0.002506
544.999208	gene_E	212.000000	395.000000	0.000000
544.999208	gene_F	94.000000	276.000000	0.003623
544.999208	gene_G	34.000000	205.000000	0.087805
544.999208	gene_H	0.000000	135.000000	0.185185
544.999208	gene_J	126.000000	387.000000	0.142119
544.999208	gene_K	171.000000	383.000000	0.000000
544.999208	promoter_A	1.000000	0.000000	0.000000
544.999208	promoter_B1	0.000000	0.000000	0.000000
544.999208	promoter_D	0.000000	0.000000	0.000000
549.999038	__gene_A*_rbs	8.000000	0.000000	0.000000
549.999038	__gene_A_rbs	8.000000	0.000000	0.000000
549.999038	__gene_B_rbs	396.000000	0.000000	0.000000
549.999038	__gene_C_rbs	385.000000	0.000000	0.000000
549.999038	__gene_D_rbs	403.000000	0.000000	0.000000
549.999038	__gene_E_rbs	398.000000	0.000000	0.000000
549.999038	__gene_F_rbs	279.000000	0.000000	0.000000
549.999038	__gene_G_rbs	208.000000	0.000000	0.000000
549.999038	__gene_H_rbs	136.000000	0.000000	0.000000
549.999038	__gene_J_rbs	391.000000	0.000000	0.000000
549.999038	__gene_K_rbs	387.000000	0.000000	0.000000
549.999038	__ribosome	0.000000	0.000000	0.000000
549.999038	bound_ecolipol	1890.000000	0.000000	0.000000
549.999038	bound_ribosome	100.000000	0.000000	0.000000
549.999038	ecoli_genome	110.000000	0.000000	0.000000
549.999038	ecoli_transcript	41501.000000	0.000000	0.000000
549.999038	ecolipol	42.000000	0.000000	0.000000
549.999038	gene_A	6.000000	8.000000	0.000000
549.999038	gene_A*	5.000000	8.000000	0.000000
549.999038	gene_B	249.000000	396.000000	0.000000
549.999038	gene_C	169.000000	385.000000	0.000000
549.999038	gene_D	292.000000	403.000000	0.002481
549.999038	gene_E	212.000000	398.000000	0.000000
549.999038	gene_F	94.000000	279.000000	0.003584
549.999038	gene_G	34.000000	208.000000	0.086538
549.999038	gene_H	0.000000	136.000000	0.183824
549.999038	gene_J	126.000000	391.000000	0.140665
549.999038	gene_K	171.000000	387.000000	0.000000
549.999038	promoter_A	1.000000	0.000000	0.000000
549.999038	promoter_B1	0.000000	0.000000	0.000000
549.999038	promoter_D	0.000000	0.000000	0.000000
554.999155	__gene_A*_rbs	8.000000	0.000000	0.000000
554.999155	__gene_A_rbs	8.000000	0.000000	0.000000
554.999155	__gene_B_rbs	399.000000	0.000000	0.000000
554.999155	__gene_C_rbs	389.000000	0.000000	0.000000
554.999155	__gene_D_rbs	406.000000	0.000000	0.000000
554.999155	__gene_E_rbs	402.000000	0.000000	0.000000
554.999155	__gene_F_rbs	281.000000	0.000000	0.000000
554.999155	__gene_G_rbs	209.000000	0.000000	0.000000
554.999155	__gene_H_rbs	137.000000	0.000000	0.000000
554.999155	__gene_J_rbs	395.000000	0.000000	0.000000
554.999155	__gene_K_rbs	390.000000	0.000000	0.000000
554.999155	__ribosome	0.000000	0.000000	0.000000
554.999155	bound_ecolipol	1891.000000	0.000000	0.000000
554.999155	bound_ribosome	100.000000	0.000000	0.000000
554.999155	ecoli_genome	109.000000	0.000000	0.000000
554.999155	ecoli_transcript	41882.000000	0.000000	0.000000
554.999155	ecolipol	41.000000	0.000000	0.000000
554.999155	gene_A	6.000000	8.000000	0.000000
554.999155	gene_A*	5.000000	8.000000	0.000000
554.999155	gene_B	249.000000	399.000000	0.000000
554.999155	gene_C	169.000000	389.000000	0.002571
554.999155	gene_D	293.000000	406.000000	0.000000
554.999155	gene_E	212.000000	402.000000	0.000000
554.999155	gene_F	94.000000	281.000000	0.003559
554.999155	gene_G	34.000000	209.000000	0.086124
554.999155	gene_H	0.000000	137.000000	0.182482
554.999155	gene_J	126.000000	395.000000	0.139241
554.999155	gene_K	171.000000	390.000000	0.000000
554.999155	promoter_A	1.000000	0.000000	0.000000
554.999155	promoter_B1	0.000000	0.000000	0.000000
554.999155	promoter_D	0.000000	0.000000	0.000000
559.999320	__gene_A*_rbs	8.000000	0.000000	0.000000
559.999320	__gene_A_rbs	8.000000	0.000000	0.000000
559.999320	__gene_B_rbs	404.000000	0.000000	0.000000
559.999320	__gene_C_rbs	392.000000	0.000000	0.000000
559.999320	__gene_D_rbs	409.000000	0.000000	0.000000
559.999320	__gene_E_rbs	406.000000	0.000000	0.000000
559.999320	__gene_F_rbs	284.000000	0.000000	0.000000
559.999320	__gene_G_rbs	211.000000	0.000000	0.000000
559.999320	__gene_H_rbs	138.000000	0.000000	0.000000
559.999320	__gene_J_rbs	399.000000	0.000000	0.000000
559.999320	__gene_K_rbs	394.000000	0.000000	0.000000
559.999320	__ribosome	0.000000	0.000000	0.000000
559.999320	bound_ecolipol	1890.000000	0.000000	0.000000
559.999320	bound_ribosome	100.000000	0.000000	0.000000
559.999320	ecoli_genome	110.000000	0.000000	0.000000
559.999320	ecoli_transcript	42226.000000	0.000000	0.000000
559.999320	ecolipol	41.000000	0.000000	0.000000
559.999320	gene_A	6.000000	8.000000	0.000000
559.999320	gene_A*	5.000000	8.000000	0.000000
559.999320	gene_B	249.000000	404.000000	0.000000
559.999320	gene_C	169.000000	392.000000	0.002551
559.999320	gene_D	293.000000	409.000000	0.000000
559.999320	gene_E	212.000000	406.000000	0.000000
559.999320	gene_F	94.000000	284.000000	0.003521
559.999320	gene_G	34.000000	211.000000	0.085308
559.999320	gene_H	0.000000	138.000000	0.181159
559.999320	gene_J	126.000000	399.000000	0.137845
559.999320	gene_K	171.000000	394.000000	0.000000
559.999320	promoter_A	1.000000	0.000000	0.000000
559.999320	promoter_B1	0.000000	0.000000	0.000000
559.999320	promoter_D	0.000000	0.000000	0.000000
564.999292	__gene_A*_rbs	8.000000	0.000000	0.000000
564.999292	__gene_A_rbs	8.000000	0.000000	0.000000
564.999292	__gene_B_rbs	407.000000	0.000000	0.000000
564.999292	__gene_C_rbs	396.000000	0.000000	0.000000
564.999292	__gene_D_rbs	413.000000	0.000000	0.000000
564.999292	__gene_E_rbs	409.000000	0.000000	0.000000
564.999292	__gene_F_rbs	287.000000	0.000000	0.000000
564.999292	__gene_G_rbs	215.000000	0.000000	0.000000
564.999292	__gene_H_rbs	142.000000	0.000000	0.000000
564.999292	__gene_J_rbs	403.000000	0.000000	0.000000
564.999292	__gene_K_rbs	398.000000	0.000000	0.000000
564.999292	__ribosome	0.000000	0.000000	0.000000
564.999292	bound_ecolipol	1895.000000	0.000000	0.000000
564.999292	bound_ribosome	100.000000	0.000000	0.000000
564.999292	ecoli_genome	105.000000	0.000000	0.000000
564.999292	ecoli_transcript	42625.000000	0.000000	0.000000
564.999292	ecolipol	34.000000	0.000000	0.000000
564.999292	gene_A	6.000000	8.000000	0.000000
564.999292	gene_A*	5.000000	8.000000	0.000000
564.999292	gene_B	249.000000	407.000000	0.002457
564.999292	gene_C	170.000000	396.000000	0.000000
564.999292	gene_D	293.000000	413.000000	0.000000
564.999292	gene_E	212.000000	409.000000	0.000000
564.999292	gene_F	94.000000	287.000000	0.003484
564.999292	gene_G	34.000000	215.000000	0.083721
564.999292	gene_H	0.000000	142.000000	0.176056
564.999292	gene_J	126.000000	403.000000	0.136476
564.999292	gene_K	171.000000	398.000000	0.000000
564.999292	promoter_A	1.000000	0.000000	0.000000
564.999292	promoter_B1	0.000000	0.000000	0.000000
564.999292	promoter_D	0.000000	0.000000	0.000000
569.999044	__gene_A*_rbs	8.000000	0.000000	0.000000
569.999044	__gene_A_rbs	8.000000	0.000000	0.000000
569.999044	__gene_B_rbs	411.000000	0.000000	0.000000
569.999044	__gene_C_rbs	399.000000	0.000000	0.000000
569.999044	__gene_D_rbs	417.000000	0.000000	0.000000
569.999044	__gene_E_rbs	413.000000	0.000000	0.000000
569.999044	__gene_F_rbs	290.000000	0.000000	0.000000
569.999044	__gene_G_rbs	218.000000	0.000000	0.000000
569.999044	__gene_H_rbs	143.000000	0.000000	0.000000
569.999044	__gene_J_rbs	406.000000	0.000000	0.000000
569.999044	__gene_K_rbs	401.000000	0.000000	0.000000
569.999044	__ribosome	0.000000	0.000000	0.000000
569.999044	bound_ecolipol	1881.000000	0.000000	0.000000
569.999044	bound_ribosome	100.000000	0.000000	0.000000
569.999044	ecoli_genome	119.000000	0.000000	0.000000
569.999044	ecoli_transcript	43016.000000	0.000000	0.000000
569.999044	ecolipol	48.000000	0.000000	0.000000
569.999044	gene_A	6.000000	8.000000	0.000000
569.999044	gene_A*	5.000000	8.000000	0.000000
569.999044	gene_B	249.000000	411.000000	0.002433
569.999044	gene_C	170.000000	399.000000	0.000000
569.999044	gene_D	293.000000	417.000000	0.000000
569.999044	gene_E	212.000000	413.000000	0.000000
569.999044	gene_F	94.000000	290.000000	0.003448
569.999044	gene_G	34.000000	218.000000	0.082569
569.999044	gene_H	0.000000	143.000000	0.174825
569.999044	gene_J	126.000000	406.000000	0.135468
569.999044	gene_K	171.000000	401.000000	0.000000
569.999044	promoter_A	1.000000	0.000000	0.000000
569.999044	promoter_B1	0.000000	0.000000	0.000000
569.999044	promoter_D	0.000000	0.000000	0.000000
574.999245	__gene_A*_rbs	8.000000	0.000000	0.000000
574.999245	__gene_A_rbs	8.000000	0.000000	0.000000
574.999245	__gene_B_rbs	414.000000	0.000000	0.000000
574.999245	__gene_C_rbs	403.000000	0.000000	0.000000
574.999245	__gene_D_rbs	421.000000	0.000000	0.000000
574.999245	__gene_E_rbs	417.000000	0.000000	0.000000
574.999245	__gene_F_rbs	292.000000	0.000000	0.000000
574.999245	__gene_G_rbs	221.000000	0.000000	0.000000
574.999245	__gene_H_rbs	143.000000	0.000000	0.000000
574.999245	__gene_J_rbs	410.000000	0.000000	0.000000
574.999245	__gene_K_rbs	405.000000	0.000000	0.000000
574.999245	__ribosome	0.000000	0.000000	0.000000
574.999245	bound_ecolipol	1879.000000	0.000000	0.000000
574.999245	bound_ribosome	100.000000	0.000000	0.000000
574.999245	ecoli_genome	121.000000	0.000000	0.000000
574.999245	ecoli_transcript	43409.000000	0.000000	0.000000
574.999245	ecolipol	50.000000	0.000000	0.000000
574.999245	gene_A	6.000000	8.000000	0.000000
574.999245	gene_A*	5.000000	8.000000	0.000000
574.999245	gene_B	250.000000	414.000000	0.000000
574.999245	gene_C	170.000000	403.000000	0.000000
574.999245	gene_D	293.000000	421.000000	0.000000
574.999245	gene_E	212.000000	417.000000	0.000000
574.999245	gene_F	94.000000	292.000000	0.003425
574.999245	gene_G	34.000000	221.000000	0.081448
574.999245	gene_H	0.000000	143.000000	0.174825
574.999245	gene_J	126.000000	410.000000	0.136585
574.999245	gene_K	171.000000	405.000000	0.000000
574.999245	promoter_A	1.000000	0.000000	0.000000
574.999245	promoter_B1	0.000000	0.000000	0.000000
574.999245	promoter_D	0.000000	0.000000	0.000000
579.999585	__gene_A*_rbs	8.000000	0.000000	0.000000
579.999585	__gene_A_rbs	8.000000	0.000000	0.000000
579.999585	__gene_B_rbs	418.000000	0.000000	0.000000
579.999585	__gene_C_rbs	407.000000	0.000000	0.000000
579.999585	__gene_D_rbs	424.000000	0.000000	0.000000
579.999585	__gene_E_rbs	420.000000	0.000000	0.000000
579.999585	__gene_F_rbs	294.000000	0.000000	0.000000
579.999585	__gene_G_rbs	222.000000	0.000000	0.000000
579.999585	__gene_H_rbs	146.000000	0.000000	0.000000
579.999585	__gene_J_rbs	414.000000	0.000000	0.000000
579.999585	__gene_K_rbs	409.000000	0.000000	0.000000
579.999585	__ribosome	0.000000	0.000000	0.000000
579.999585	bound_ecolipol	1887.000000	0.000000	0.000000
579.999585	bound_ribosome	100.000000	0.000000	0.000000
579.999585	ecoli_genome	113.000000	0.000000	0.000000
579.999585	ecoli_transcript	43793.000000	0.000000	0.000000
579.999585	ecolipol	43.000000	0.000000	0.000000
579.999585	gene_A	6.000000	8.000000	0.000000
579.999585	gene_A*	5.000000	8.000000	0.000000
579.999585	gene_B	250.000000	418.000000	0.000000
579.999585	gene_C	170.000000	407.000000	0.000000
579.999585	gene_D	293.000000	424.000000	0.000000
579.999585	gene_E	212.000000	420.000000	0.000000
579.999585	gene_F	94.000000	294.000000	0.006803
579.999585	gene_G	34.000000	222.000000	0.081081
579.999585	gene_H	0.000000	146.000000	0.171233
579.999585	gene_J	127.000000	414.000000	0.132850
579.999585	gene_K	171.000000	409.000000	0.000000
579.999585	promoter_A	1.000000	0.000000	0.000000
579.999585	promoter_B1	0.000000	0.000000	0.000000
579.999585	promoter_D	0.000000	0.000000	0.000000
584.999251	__gene_A*_rbs	8.000000	0.000000	0.000000
584.999251	__gene_A_rbs	8.000000	0.000000	0.000000
584.999251	__gene_B_rbs	422.000000	0.000000	0.000000
584.999251	__gene_C_rbs	411.000000	0.000000	0.000000
584.999251	__gene_D_rbs	428.000000	0.000000	0.000000
584.999251	__gene_E_rbs	424.000000	0.000000	0.000000
584.999251	__gene_F_rbs	297.000000	0.000000	0.000000
584.999251	__gene_G_rbs	222.000000	0.000000	0.000000
584.999251	__gene_H_rbs	148.000000	0.000000	0.000000
584.999251	__gene_J_rbs	418.000000	0.000000	0.000000
584.999251	__gene_K_rbs	413.000000	0.000000	0.000000
584.999251	__ribosome	0.000000	0.000000	0.000000
584.999251	bound_ecolipol	1892.000000	0.000000	0.000000
584.999251	bound_ribosome	100.000000	0.000000	0.000000
584.999251	ecoli_genome	108.000000	0.000000	0.000000
584.999251	ecoli_transcript	44139.000000	0.000000	0.000000
584.999251	ecolipol	36.000000	0.000000	0.000000
584.999251	gene_A	6.000000	8.000000	0.000000
584.999251	gene_A*	5.000000	8.000000	0.000000
584.999251	gene_B	250.000000	422.000000	0.000000
584.999251	gene_C	170.000000	411.000000	0.000000
584.999251	gene_D	293.000000	428.000000	0.000000
584.999251	gene_E	212.000000	424.000000	0.000000
584.999251	gene_F	94.000000	297.000000	0.006734
584.999251	gene_G	34.000000	222.000000	0.081081
584.999251	gene_H	0.000000	148.000000	0.168919
584.999251	gene_J	127.000000	418.000000	0.131579
584.999251	gene_K	171.000000	413.000000	0.000000
584.999251	promoter_A	1.000000	0.000000	0.000000
584.999251	promoter_B1	0.000000	0.000000	0.000000
584.999251	promoter_D	0.000000	0.000000	0.000000
589.999207	__gene_A*_rbs	8.000000	0.000000	0.000000
589.999207	__gene_A_rbs	8.000000	0.000000	0.000000
589.999207	__gene_B_rbs	426.000000	0.000000	0.000000
589.999207	__gene_C_rbs	415.000000	0.000000	0.000000
589.999207	__gene_D_rbs	432.000000	0.000000	0.000000
589.999207	__gene_E_rbs	428.000000	0.000000	0.000000
589.999207	__gene_F_rbs	301.000000	0.000000	0.000000
589.999207	__gene_G_rbs	224.000000	0.000000	0.000000
589.999207	__gene_H_rbs	150.000000	0.000000	0.000000
589.999207	__gene_J_rbs	422.000000	0.000000	0.000000
589.999207	__gene_K_rbs	416.000000	0.000000	0.000000
589.999207	__ribosome	0.000000	0.000000	0.000000
589.999207	bound_ecolipol	1880.000000	0.000000	0.000000
589.999207	bound_ribosome	100.000000	0.000000	0.000000
589.999207	ecoli_genome	120.000000	0.000000	0.000000
589.999207	ecoli_transcript	44512.000000	0.000000	0.000000
589.999207	ecolipol	49.000000	0.000000	0.000000
589.999207	gene_A	6.000000	8.000000	0.000000
589.999207	gene_A*	5.000000	8.000000	0.000000
589.999207	gene_B	250.000000	426.000000	0.000000
589.999207	gene_C	170.000000	415.000000	0.000000
589.999207	gene_D	293.000000	432.000000	0.000000
589.999207	gene_E	212.000000	428.000000	0.000000
589.999207	gene_F	95.000000	301.000000	0.006645
589.999207	gene_G	34.000000	224.000000	0.080357
589.999207	gene_H	0.000000	150.000000	0.166667
589.999207	gene_J	127.000000	422.000000	0.130332
589.999207	gene_K	171.000000	416.000000	0.000000
589.999207	promoter_A	1.000000	0.000000	0.000000
589.999207	promoter_B1	0.000000	0.000000	0.000000
589.999207	promoter_D	0.000000	0.000000	0.000000
594.999425	__gene_A*_rbs	8.000000	0.000000	0.000000
594.999425	__gene_A_rbs	8.000000	0.000000	0.000000
594.999425	__gene_B_rbs	429.000000	0.000000	0.000000
594.999425	__gene_C_rbs	418.000000	0.000000	0.000000
594.999425	__gene_D_rbs	436.000000	0.000000	0.000000
594.999425	__gene_E_rbs	432.000000	0.000000	0.000000
594.999425	__gene_F_rbs	303.000000	0.000000	0.000000
594.999425	__gene_G_rbs	226.000000	0.000000	0.000000
594.999425	__gene_H_rbs	150.000000	0.000000	0.000000
594.999425	__gene_J_rbs	425.000000	0.000000	0.000000
594.999425	__gene_K_rbs	420.000000	0.000000	0.000000
594.999425	__ribosome	0.000000	0.000000	0.000000
594.999425	bound_ecolipol	1881.000000	0.000000	0.000000
594.999425	bound_ribosome	100.000000	0.000000	0.000000
594.999425	ecoli_genome	119.000000	0.000000	0.000000
594.999425	ecoli_transcript	44870.000000	0.000000	0.000000
594.999425	ecolipol	48.000000	0.000000	0.000000
594.999425	gene_A	6.000000	8.000000	0.000000
594.999425	gene_A*	5.000000	8.000000	0.000000
594.999425	gene_B	250.000000	429.000000	0.000000
594.999425	gene_C	170.000000	418.000000	0.000000
594.999425	gene_D	293.000000	436.000000	0.000000
594.999425	gene_E	212.000000	432.000000	0.000000
594.999425	gene_F	95.000000	303.000000	0.006601
594.999425	gene_G	34.000000	226.000000	0.079646
594.999425	gene_H	0.000000	150.000000	0.166667
594.999425	gene_J	127.000000	425.000000	0.129412
594.999425	gene_K	171.000000	420.000000	0.000000
594.999425	promoter_A	1.000000	0.000000	0.000000
594.999425	promoter_B1	0.000000	0.000000	0.000000
594.999425	promoter_D	0.000000	0.000000	0.000000
599.999295	__gene_A*_rbs	8.000000	0.000000	0.000000
599.999295	__gene_A_rbs	9.000000	0.000000	0.000000
599.999295	__gene_B_rbs	432.000000	0.000000	0.000000
599.999295	__gene_C_rbs	422.000000	0.000000	0.000000
599.999295	__gene_D_rbs	440.000000	0.000000	0.000000
599.999295	__gene_E_rbs	435.000000	0.000000	0.000000
599.999295	__gene_F_rbs	307.000000	0.000000	0.000000
599.999295	__gene_G_rbs	228.000000	0.000000	0.000000
599.999295	__gene_H_rbs	151.000000	0.000000	0.000000
599.999295	__gene_J_rbs	429.000000	0.000000	0.000000
599.999295	__gene_K_rbs	424.000000	0.000000	0.000000
599.999295	__ribosome	0.000000	0.000000	0.000000
599.999295	bound_ecolipol	1886.000000	0.000000	0.000000
599.999295	bound_ribosome	100.000000	0.000000	0.000000
599.999295	ecoli_genome	114.000000	0.000000	0.000000
599.999295	ecoli_transcript	45239.000000	0.000000	0.000000
599.999295	ecolipol	41.000000	0.000000	0.000000
599.999295	gene_A	6.000000	9.000000	0.000000
599.999295	gene_A*	5.000000	8.000000	0.000000
599.999295	gene_B	250.000000	432.000000	0.000000
599.999295	gene_C	170.000000	422.000000	0.000000
599.999295	gene_D	293.000000	440.000000	0.000000
599.999295	gene_E	212.000000	435.000000	0.000000
599.999295	gene_F	95.000000	307.000000	0.006515
599.999295	gene_G	34.000000	228.000000	0.078947
599.999295	gene_H	0.000000	151.000000	0.165563
599.999295	gene_J	127.000000	429.000000	0.128205
599.999295	gene_K	171.000000	424.000000	0.000000
599.999295	promoter_A	0.000000	0.000000	0.000000
599.999295	promoter_B1	0.000000	0.000000	0.000000
599.999295	promoter_D	0.000000	0.000000	0.000000
604.999012	__gene_A*_rbs	8.000000	0.000000	0.000000
604.999012	__gene_A_rbs	9.000000	0.000000	0.000000
604.999012	__gene_B_rbs	436.000000	0.000000	0.000000
604.999012	__gene_C_rbs	426.000000	0.000000	0.000000
604.999012	__gene_D_rbs	443.000000	0.000000	0.000000
604.999012	__gene_E_rbs	439.000000	0.000000	0.000000
604.999012	__gene_F_rbs	308.000000	0.000000	0.000000
604.999012	__gene_G_rbs	231.000000	0.000000	0.000000
604.999012	__gene_H_rbs	153.000000	0.000000	0.000000
604.999012	__gene_J_rbs	433.000000	0.000000	0.000000
604.999012	__gene_K_rbs	428.000000	0.000000	0.000000
604.999012	__ribosome	0.000000	0.000000	0.000000
604.999012	bound_ecolipol	1884.000000	0.000000	0.000000
604.999012	bound_ribosome	100.000000	0.000000	0.000000
604.999012	ecoli_genome	116.000000	0.000000	0.000000
604.999012	ecoli_transcript	45637.000000	0.000000	0.000000
604.999012	ecolipol	41.000000	0.000000	0.000000
604.999012	gene_A	6.000000	9.000000	0.000000
604.999012	gene_A*	5.000000	8.000000	0.000000
604.999012	gene_B	250.000000	436.000000	0.000000
604.999012	gene_C	170.000000	426.000000	0.000000
604.999012	gene_D	293.000000	443.000000	0.000000
604.999012	gene_E	212.000000	439.000000	0.000000
604.999012	gene_F	95.000000	308.000000	0.006494
604.999012	gene_G	34.000000	231.000000	0.077922
604.999012	gene_H	0.000000	153.000000	0.163399
604.999012	gene_J	127.000000	433.000000	0.127021
604.999012	gene_K	171.000000	428.000000	0.000000
604.999012	promoter_A	1.000000	0.000000	0.000000
604.999012	promoter_B1	0.000000	0.000000	0.000000
604.999012	promoter_D	0.000000	0.000000	0.000000
609.999180	__gene_A*_rbs	8.000000	0.000000	0.000000
609.999180	__gene_A_rbs	9.000000	0.000000	0.000000
609.999180	__gene_B_rbs	439.000000	0.000000	0.000000
609.999180	__gene_C_rbs	429.000000	0.000000	0.000000
609.999180	__gene_D_rbs	447.000000	0.000000	0.000000
609.999180	__gene_E_rbs	443.000000	0.000000	0.000000
609.999180	__gene_F_rbs	310.000000	0.000000	0.000000
609.999180	__gene_G_rbs	234.000000	0.000000	0.000000
609.999180	__gene_H_rbs	154.000000	0.000000	0.000000
609.999180	__gene_J_rbs	437.000000	0.000000	0.000000
609.999180	__gene_K_rbs	431.000000	0.000000	0.000000
609.999180	__ribosome	0.000000	0.000000	0.000000
609.999180	bound_ecolipol	1898.000000	0.000000	0.000000
609.999180	bound_ribosome	100.000000	0.000000	0.000000
609.999180	ecoli_genome	102.000000	0.000000	0.000000
609.999180	ecoli_transcript	46042.000000	0.000000	0.000000
609.999180	ecolipol	30.000000	0.000000	0.000000
609.999180	gene_A	6.000000	9.000000	0.000000
609.999180	gene_A*	5.000000	8.000000	0.000000
609.999180	gene_B	250.000000	439.000000	0.000000
609.999180	gene_C	170.000000	429.000000	0.000000
609.999180	gene_D	293.000000	447.000000	0.000000
609.999180	gene_E	212.000000	443.000000	0.000000
609.999180	gene_F	95.000000	310.000000	0.006452
609.999180	gene_G	34.000000	234.000000	0.076923
609.999180	gene_H	0.000000	154.000000	0.162338
609.999180	gene_J	127.000000	437.000000	0.125858
609.999180	gene_K	171.000000	431.000000	0.000000
609.999180	promoter_A	1.000000	0.000000	0.000000
609.999180	promoter_B1	0.000000	0.000000	0.000000
609.999180	promoter_D	0.000000	0.000000	0.000000
614.999169	__gene_A*_rbs	9.000000	0.000000	0.000000
614.999169	__gene_A_rbs	9.000000	0.000000	0.000000
614.999169	__gene_B_rbs	443.000000	0.000000	0.000000
614.999169	__gene_C_rbs	433.000000	0.000000	0.000000
614.999169	__gene_D_rbs	450.000000	0.000000	0.000000
614.999169	__gene_E_rbs	446.000000	0.000000	0.000000
614.999169	__gene_F_rbs	313.000000	0.000000	0.000000
614.999169	__gene_G_rbs	237.000000	0.000000	0.000000
614.999169	__gene_H_rbs	155.000000	0.000000	0.000000
614.999169	__gene_J_rbs	440.000000	0.000000	0.000000
614.999169	__gene_K_rbs	435.000000	0.000000	0.000000
614.999169	__ribosome	0.000000	0.000000	0.000000
614.999169	bound_ecolipol	1882.000000	0.000000	0.000000
614.999169	bound_ribosome	100.000000	0.000000	0.000000
614.999169	ecoli_genome	118.000000	0.000000	0.000000
614.999169	ecoli_transcript	46443.000000	0.000000	0.000000
614.999169	ecolipol	47.000000	0.000000	0.000000
614.999169	gene_A	6.000000	9.000000	0.000000
614.999169	gene_A*	5.000000	9.000000	0.000000
614.999169	gene_B	250.000000	443.000000	0.000000
614.999169	gene_C	170.000000	433.000000	0.000000
614.999169	gene_D	293.000000	450.000000	0.000000
614.999169	gene_E	212.000000	446.000000	0.000000
614.999169	gene_F	95.000000	313.000000	0.006390
614.999169	gene_G	34.000000	237.000000	0.075949
614.999169	gene_H	0.000000	155.000000	0.161290
614.999169	gene_J	127.000000	440.000000	0.125000
614.999169	gene_K	171.000000	435.000000	0.000000
614.999169	promoter_A	1.000000	0.000000	0.000000
614.999169	promoter_B1	0.000000	0.000000	0.000000
614.999169	promoter_D	0.000000	0.000000	0.000000
619.999009	__gene_A*_rbs	9.000000	0.000000	0.000000
619.999009	__gene_A_rbs	9.000000	0.000000	0.000000
619.999009	__gene_B_rbs	447.000000	0.000000	0.000000
619.999009	__gene_C_rbs	436.000000	0.000000	0.000000
619.999009	__gene_D_rbs	454.000000	0.000000	0.000000
619.999009	__gene_E_rbs	450.000000	0.000000	0.000000
619.999009	__gene_F_rbs	316.000000	0.000000	0.000000
619.999009	__gene_G_rbs	238.000000	0.000000	0.000000
619.999009	__gene_H_rbs	157.000000	0.000000	0.000000
619.999009	__gene_J_rbs	443.000000	0.000000	0.000000
619.999009	__gene_K_rbs	439.000000	0.000000	0.000000
619.999009	__ribosome	0.000000	0.000000	0.000000
619.999009	bound_ecolipol	1895.000000	0.000000	0.000000
619.999009	bound_ribosome	100.000000	0.000000	0.000000
619.999009	ecoli_genome	105.000000	0.000000	0.000000
619.999009	ecoli_transcript	46800.000000	0.000000	0.000000
619.999009	ecolipol	31.000000	0.000000	0.000000
619.999009	gene_A	6.000000	9.000000	0.000000
619.999009	gene_A*	5.000000	9.000000	0.000000
619.999009	gene_B	250.000000	447.000000	0.000000
619.999009	gene_C	170.000000	436.000000	0.000000
619.999009	gene_D	293.000000	454.000000	0.000000
619.999009	gene_E	212.000000	450.000000	0.000000
619.999009	gene_F	95.000000	316.000000	0.006329
619.999009	gene_G	34.000000	238.000000	0.075630
619.999009	gene_H	0.000000	157.000000	0.159236
619.999009	gene_J	127.000000	443.000000	0.124153
619.999009	gene_K	171.000000	439.000000	0.000000
619.999009	promoter_A	0.000000	0.000000	0.000000
619.999009	promoter_B1	0.000000	0.000000	0.000000
619.999009	promoter_D	0.000000	0.000000	0.000000
624.999622	__gene_A*_rbs	9.000000	0.000000	0.000000
624.999622	__gene_A_rbs	10.000000	0.000000	0.000000
624.999622	__gene_B_rbs	451.000000	0.000000	0.000000
624.999622	__gene_C_rbs	440.000000	0.000000	0.000000
624.999622	__gene_D_rbs	458.000000	0.000000	0.000000
624.999622	__gene_E_rbs	453.000000	0.000000	0.000000
624.999622	__gene_F_rbs	318.000000	0.000000	0.000000
624.999622	__gene_G_rbs	240.000000	0.000000	0.000000
624.999622	__gene_H_rbs	158.000000	0.000000	0.000000
624.999622	__gene_J_rbs	447.000000	0.000000	0.000000
624.999622	__gene_K_rbs	442.000000	0.000000	0.000000
624.999622	__ribosome	0.000000	0.000000	0.000000
624.999622	bound_ecolipol	1896.000000	0.000000	0.000000
624.999622	bound_ribosome	100.000000	0.000000	0.000000
624.999622	ecoli_genome	104.000000	0.000000	0.000000
624.999622	ecoli_transcript	47176.000000	0.000000	0.000000
624.999622	ecolipol	32.000000	0.000000	0.000000
624.999622	gene_A	6.000000	10.000000	0.000000
624.999622	gene_A*	5.000000	9.000000	0.000000
624.999622	gene_B	250.000000	451.000000	0.002217
624.999622	gene_C	170.000000	440.000000	0.000000
624.999622	gene_D	293.000000	458.000000	0.000000
624.999622	gene_E	212.000000	453.000000	0.000000
624.999622	gene_F	96.000000	318.000000	0.003145
624.999622	gene_G	34.000000	240.000000	0.075000
624.999622	gene_H	0.000000	158.000000	0.158228
624.999622	gene_J	127.000000	447.000000	0.123043
624.999622	gene_K	171.000000	442.000000	0.000000
624.999622	promoter_A	1.000000	0.000000	0.000000
624.999622	promoter_B1	0.000000	0.000000	0.000000
624.999622	promoter_D	0.000000	0.000000	0.000000
629.999230	__gene_A*_rbs	9.000000	0.000000	0.000000
629.999230	__gene_A_rbs	10.000000	0.000000	0.000000
629.999230	__gene_B_rbs	454.000000	0.000000	0.000000
629.999230	__gene_C_rbs	444.000000	0.000000	0.000000
629.999230	__gene_D_rbs	462.000000	0.000000	0.000000
629.999230	__gene_E_rbs	457.000000	0.000000	0.000000
629.999230	__gene_F_rbs	321.000000	0.000000	0.000000
629.999230	__gene_G_rbs	243.000000	0.000000	0.000000
629.999230	__gene_H_rbs	158.000000	0.000000	0.000000
629.999230	__gene_J_rbs	451.000000	0.000000	0.000000
629.999230	__gene_K_rbs	446.000000	0.000000	0.000000
629.999230	__ribosome	0.000000	0.000000	0.000000
629.999230	bound_ecolipol	1874.000000	0.000000	0.000000
629.999230	bound_ribosome	100.000000	0.000000	0.000000
629.999230	ecoli_genome	126.000000	0.000000	0.000000
629.999230	ecoli_transcript	47556.000000	0.000000	0.000000
629.999230	ecolipol	57.000000	0.000000	0.000000
629.999230	gene_A	6.000000	10.000000	0.000000
629.999230	gene_A*	5.000000	9.000000	0.000000
629.999230	gene_B	250.000000	454.000000	0.004405
629.999230	gene_C	170.000000	444.000000	0.000000
629.999230	gene_D	293.000000	462.000000	0.000000
629.999230	gene_E	212.000000	457.000000	0.000000
629.999230	gene_F	97.000000	321.000000	0.000000
629.999230	gene_G	34.000000	243.000000	0.074074
629.999230	gene_H	0.000000	158.000000	0.158228
629.999230	gene_J	127.000000	451.000000	0.121951
629.999230	gene_K	171.000000	446.000000	0.000000
629.999230	promoter_A	1.000000	0.000000	0.000000
629.999230	promoter_B1	0.000000	0.000000	0.000000
629.999230	promoter_D	0.000000	0.000000	0.000000
634.999294	__gene_A*_rbs	10.000000	0.000000	0.000000
634.999294	__gene_A_rbs	10.000000	0.000000	0.000000
634.999294	__gene_B_rbs	458.000000	0.000000	0.000000
634.999294	__gene_C_rbs	447.000000	0.000000	0.000000
634.999294	__gene_D_rbs	465.000000	0.000000	0.000000
634.999294	__gene_E_rbs	461.000000	0.000000	0.000000
634.999294	__gene_F_rbs	323.000000	0.000000	0.000000
634.999294	__gene_G_rbs	246.000000	0.000000	0.000000
634.999294	__gene_H_rbs	159.000000	0.000000	0.000000
634.999294	__gene_J_rbs	455.000000	0.000000	0.000000
634.999294	__gene_K_rbs	449.000000	0.000000	0.000000
634.999294	__ribosome	0.000000	0.000000	0.000000
634.999294	bound_ecolipol	1885.000000	0.000000	0.000000
634.999294	bound_ribosome	100.000000	0.000000	0.000000
634.999294	ecoli_genome	115.000000	0.000000	0.000000
634.999294	ecoli_transcript	47918.000000	0.000000	0.000000
634.999294	ecolipol	46.000000	0.000000	0.000000
634.999294	gene_A	6.000000	10.000000	0.000000
634.999294	gene_A*	5.000000	10.000000	0.000000
634.999294	gene_B	251.000000	458.000000	0.002183
634.999294	gene_C	170.000000	447.000000	0.000000
634.999294	gene_D	293.000000	465.000000	0.000000
634.999294	gene_E	212.000000	461.000000	0.000000
634.999294	gene_F	97.000000	323.000000	0.000000
634.999294	gene_G	34.000000	246.000000	0.077236
634.999294	gene_H	0.000000	159.000000	0.157233
634.999294	gene_J	127.000000	455.000000	0.120879
634.999294	gene_K	171.000000	449.000000	0.000000
634.999294	promoter_A	1.000000	0.000000	0.000000
634.999294	promoter_B1	0.000000	0.000000	0.000000
634.999294	promoter_D	0.000000	0.000000	0.000000
639.999034	__gene_A*_rbs	10.000000	0.000000	0.000000
639.999034	__gene_A_rbs	10.000000	0.000000	0.000000
639.999034	__gene_B_rbs	461.000000	0.000000	0.000000
639.999034	__gene_C_rbs	451.000000	0.000000	0.000000
639.999034	__gene_D_rbs	469.000000	0.000000	0.000000
639.999034	__gene_E_rbs	465.000000	0.000000	0.000000
639.999034	__gene_F_rbs	326.000000	0.000000	0.000000
639.999034	__gene_G_rbs	247.000000	0.000000	0.000000
639.999034	__gene_H_rbs	161.000000	0.000000	0.000000
639.999034	__gene_J_rbs	458.000000	0.000000	0.000000
639.999034	__gene_K_rbs	453.000000	0.000000	0.000000
639.999034	__ribosome	0.000000	0.000000	0.000000
639.999034	bound_ecolipol	1890.000000	0.000000	0.000000
639.999034	bound_ribosome	100.000000	0.000000	0.000000
639.999034	ecoli_genome	110.000000	0.000000	0.000000
639.999034	ecoli_transcript	48307.000000	0.000000	0.000000
639.999034	ecolipol	39.000000	0.000000	0.000000
639.999034	gene_A	6.000000	10.000000	0.000000
639.999034	gene_A*	5.000000	10.000000	0.000000
639.999034	gene_B	252.000000	462.000000	0.002165
639.999034	gene_C	170.000000	451.000000	0.000000
639.999034	gene_D	293.000000	469.000000	0.000000
639.999034	gene_E	212.000000	465.000000	0.000000
639.999034	gene_F	97.000000	326.000000	0.000000
639.999034	gene_G	34.000000	247.000000	0.076923
639.999034	gene_H	0.000000	161.000000	0.155280
639.999034	gene_J	127.000000	458.000000	0.120087
639.999034	gene_K	171.000000	453.000000	0.000000
639.999034	promoter_A	1.000000	0.000000	0.000000
639.999034	promoter_B1	0.000000	0.000000	0.000000
639.999034	promoter_D	0.000000	0.000000	0.000000
644.999188	__gene_A*_rbs	10.000000	0.000000	0.000000
644.999188	__gene_A_rbs	10.000000	0.000000	0.000000
644.999188	__gene_B_rbs	465.000000	0.000000	0.000000
644.999188	__gene_C_rbs	454.000000	0.000000	0.000000
644.999188	__gene_D_rbs	472.000000	0.000000	0.000000
644.999188	__gene_E_rbs	468.000000	0.000000	0.000000
644.999188	__gene_F_rbs	329.000000	0.000000	0.000000
644.999188	__gene_G_rbs	251.000000	0.000000	0.000000
644.999188	__gene_H_rbs	163.000000	0.000000	0.000000
644.999188	__gene_J_rbs	461.000000	0.000000	0.000000
644.999188	__gene_K_rbs	457.000000	0.000000	0.000000
644.999188	__ribosome	0.000000	0.000000	0.000000
644.999188	bound_ecolipol	1882.000000	0.000000	0.000000
644.999188	bound_ribosome	100.000000	0.000000	0.000000
644.999188	ecoli_genome	118.000000	0.000000	0.000000
644.999188	ecoli_transcript	48699.000000	0.000000	0.000000
644.999188	ecolipol	49.000000	0.000000	0.000000
644.999188	gene_A	6.000000	10.000000	0.000000
644.999188	gene_A*	5.000000	10.000000	0.000000
644.999188	gene_B	252.000000	465.000000	0.002151
644.999188	gene_C	170.000000	454.000000	0.000000
644.999188	gene_D	293.000000	472.000000	0.000000
644.999188	gene_E	212.000000	468.000000	0.000000
644.999188	gene_F	97.000000	329.000000	0.000000
644.999188	gene_G	34.000000	251.000000	0.075697
644.999188	gene_H	0.000000	163.000000	0.153374
644.999188	gene_J	127.000000	461.000000	0.119306
644.999188	gene_K	171.000000	457.000000	0.000000
644.999188	promoter_A	1.000000	0.000000	0.000000
644.999188	promoter_B1	0.000000	0.000000	0.000000
644.999188	promoter_D	0.000000	0.000000	0.000000
649.999249	__gene_A*_rbs	10.000000	0.000000	0.000000
649.999249	__gene_A_rbs	10.000000	0.000000	0.000000
649.999249	__gene_B_rbs	469.000000	0.000000	0.000000
649.999249	__gene_C_rbs	458.000000	0.000000	0.000000
649.999249	__gene_D_rbs	476.000000	0.000000	0.000000
649.999249	__gene_E_rbs	472.000000	0.000000	0.000000
649.999249	__gene_F_rbs	332.000000	0.000000	0.000000
649.999249	__gene_G_rbs	251.000000	0.000000	0.000000
649.999249	__gene_H_rbs	165.000000	0.000000	0.000000
649.999249	__gene_J_rbs	465.000000	0.000000	0.000000
649.999249	__gene_K_rbs	460.000000	0.000000	0.000000
649.999249	__ribosome	0.000000	0.000000	0.000000
649.999249	bound_ecolipol	1889.000000	0.000000	0.000000
649.999249	bound_ribosome	100.000000	0.000000	0.000000
649.999249	ecoli_genome	111.000000	0.000000	0.000000
649.999249	ecoli_transcript	49080.000000	0.000000	0.000000
649.999249	ecolipol	41.000000	0.000000	0.000000
649.999249	gene_A	6.000000	10.000000	0.000000
649.999249	gene_A*	5.000000	10.000000	0.000000
649.999249	gene_B	252.000000	469.000000	0.002132
649.999249	gene_C	170.000000	458.000000	0.000000
649.999249	gene_D	293.000000	476.000000	0.000000
649.999249	gene_E	212.000000	472.000000	0.000000
649.999249	gene_F	97.000000	332.000000	0.000000
649.999249	gene_G	34.000000	251.000000	0.075697
649.999249	gene_H	0.000000	165.000000	0.151515
649.999249	gene_J	127.000000	465.000000	0.118280
649.999249	gene_K	171.000000	460.000000	0.000000
649.999249	promoter_A	1.000000	0.000000	0.000000
649.999249	promoter_B1	0.000000	0.000000	0.000000
649.999249	promoter_D	0.000000	0.000000	0.000000
654.999435	__gene_A*_rbs	10.000000	0.000000	0.000000
654.999435	__gene_A_rbs	12.000000	0.000000	0.000000
654.999435	__gene_B_rbs	473.000000	0.000000	0.000000
654.999435	__gene_C_rbs	462.000000	0.000000	0.000000
654.999435	__gene_D_rbs	480.000000	0.000000	0.000000
654.999435	__gene_E_rbs	476.000000	0.000000	0.000000
654.999435	__gene_F_rbs	335.000000	0.000000	0.000000
654.999435	__gene_G_rbs	252.000000	0.000000	0.000000
654.999435	__gene_H_rbs	166.000000	0.000000	0.000000
654.999435	__gene_J_rbs	469.000000	0.000000	0.000000
654.999435	__gene_K_rbs	464.000000	0.000000	0.000000
654.999435	__ribosome	0.000000	0.000000	0.000000
654.999435	bound_ecolipol	1885.000000	0.000000	0.000000
654.999435	bound_ribosome	100.000000	0.000000	0.000000
654.999435	ecoli_genome	115.000000	0.000000	0.000000
654.999435	ecoli_transcript	49446.000000	0.000000	0.000000
654.999435	ecolipol	40.000000	0.000000	0.000000
654.999435	gene_A	6.000000	12.000000	0.000000
654.999435	gene_A*	5.000000	10.000000	0.000000
654.999435	gene_B	253.000000	473.000000	0.000000
654.999435	gene_C	170.000000	462.000000	0.002165
654.999435	gene_D	293.000000	480.000000	0.000000
654.999435	gene_E	212.000000	476.000000	0.000000
654.999435	gene_F	97.000000	335.000000	0.000000
654.999435	gene_G	35.000000	252.000000	0.075397
654.999435	gene_H	0.000000	166.000000	0.150602
654.999435	gene_J	127.000000	469.000000	0.117271
654.999435	gene_K	171.000000	464.000000	0.000000
654.999435	promoter_A	0.000000	0.000000	0.000000
654.999435	promoter_B1	0.000000	0.000000	0.000000
654.999435	promoter_D	0.000000	0.000000	0.000000
659.999227	__gene_A*_rbs	10.000000	0.000000	0.000000
659.999227	__gene_A_rbs	12.000000	0.000000	0.000000
659.999227	__gene_B_rbs	477.000000	0.000000	0.000000
659.999227	__gene_C_rbs	466.000000	0.000000	0.000000
659.999227	__gene_D_rbs	484.000000	0.000000	0.000000
659.999227	__gene_E_rbs	479.000000	0.000000	0.000000
659.999227	__gene_F_rbs	339.000000	0.000000	0.000000
659.999227	__gene_G_rbs	255.000000	0.000000	0.000000
659.999227	__gene_H_rbs	167.000000	0.000000	0.000000
659.999227	__gene_J_rbs	472.000000	0.000000	0.000000
659.999227	__gene_K_rbs	468.000000	0.000000	0.000000
659.999227	__ribosome	0.000000	0.000000	0.000000
659.999227	bound_ecolipol	1884.000000	0.000000	0.000000
659.999227	bound_ribosome	100.000000	0.000000	0.000000
659.999227	ecoli_genome	116.000000	0.000000	0.000000
659.999227	ecoli_transcript	49852.000000	0.000000	0.000000
659.999227	ecolipol	40.000000	0.000000	0.000000
659.999227	gene_A	6.000000	12.000000	0.000000
659.999227	gene_A*	5.000000	10.000000	0.000000
659.999227	gene_B	253.000000	477.000000	0.000000
659.999227	gene_C	171.000000	466.000000	0.000000
659.999227	gene_D	293.000000	484.000000	0.000000
659.999227	gene_E	212.000000	479.000000	0.000000
659.999227	gene_F	97.000000	339.000000	0.000000
659.999227	gene_G	35.000000	255.000000	0.074510
659.999227	gene_H	0.000000	167.000000	0.149701
659.999227	gene_J	127.000000	473.000000	0.118393
659.999227	gene_K	171.000000	468.000000	0.000000
659.999227	promoter_A	1.000000	0.000000	0.000000
659.999227	promoter_B1	0.000000	0.000000	0.000000
659.999227	promoter_D	0.000000	0.000000	0.000000
664.999113	__gene_A*_rbs	10.000000	0.000000	0.000000
664.999113	__gene_A_rbs	12.000000	0.000000	0.000000
664.999113	__gene_B_rbs	480.000000	0.000000	0.000000
664.999113	__gene_C_rbs	470.000000	0.000000	0.000000
664.999113	__gene_D_rbs	486.000000	0.000000	0.000000
664.999113	__gene_E_rbs	483.000000	0.000000	0.000000
664.999113	__gene_F_rbs	341.000000	0.000000	0.000000
664.999113	__gene_G_rbs	259.000000	0.000000	0.000000
664.999113	__gene_H_rbs	167.000000	0.000000	0.000000
664.999113	__gene_J_rbs	477.000000	0.000000	0.000000
664.999113	__gene_K_rbs	472.000000	0.000000	0.000000
664.999113	__ribosome	0.000000	0.000000	0.000000
664.999113	bound_ecolipol	1882.000000	0.000000	0.000000
664.999113	bound_ribosome	100.000000	0.000000	0.000000
664.999113	ecoli_genome	118.000000	0.000000	0.000000
664.999113	ecoli_transcript	50231.000000	0.000000	0.000000
664.999113	ecolipol	42.000000	0.000000	0.000000
664.999113	gene_A	6.000000	12.000000	0.000000
664.999113	gene_A*	5.000000	10.000000	0.000000
664.999113	gene_B	253.000000	480.000000	0.000000
664.999113	gene_C	171.000000	470.000000	0.000000
664.999113	gene_D	293.000000	487.000000	0.002053
664.999113	gene_E	212.000000	483.000000	0.000000
664.999113	gene_F	97.000000	341.000000	0.000000
664.999113	gene_G	35.000000	259.000000	0.073359
664.999113	gene_H	0.000000	167.000000	0.149701
664.999113	gene_J	128.000000	477.000000	0.115304
664.999113	gene_K	171.000000	472.000000	0.000000
664.999113	promoter_A	1.000000	0.000000	0.000000
664.999113	promoter_B1	0.000000	0.000000	0.000000
664.999113	promoter_D	0.000000	0.000000	0.000000
669.999099	__gene_A*_rbs	12.000000	0.000000	0.000000
669.999099	__gene_A_rbs	12.000000	0.000000	0.000000
669.999099	__gene_B_rbs	484.000000	0.000000	0.000000
669.999099	__gene_C_rbs	473.000000	0.000000	0.000000
669.999099	__gene_D_rbs	491.000000	0.000000	0.000000
669.999099	__gene_E_rbs	485.000000	0.000000	0.000000
669.999099	__gene_F_rbs	344.000000	0.000000	0.000000
669.999099	__gene_G_rbs	261.000000	0.000000	0.000000
669.999099	__gene_H_rbs	168.000000	0.000000	0.000000
669.999099	__gene_J_rbs	480.000000	0.000000	0.000000
669.999099	__gene_K_rbs	475.000000	0.000000	0.000000
669.999099	__ribosome	0.000000	0.000000	0.000000
669.999099	bound_ecolipol	1879.000000	0.000000	0.000000
669.999099	bound_ribosome	100.000000	0.000000	0.000000
669.999099	ecoli_genome	121.000000	0.000000	0.000000
669.999099	ecoli_transcript	50624.000000	0.000000	0.000000
669.999099	ecolipol	44.000000	0.000000	0.000000
669.999099	gene_A	6.000000	12.000000	0.000000
669.999099	gene_A*	5.000000	12.000000	0.000000
669.999099	gene_B	253.000000	484.000000	0.000000
669.999099	gene_C	171.000000	473.000000	0.000000
669.999099	gene_D	293.000000	491.000000	0.002037
669.999099	gene_E	212.000000	486.000000	0.000000
669.999099	gene_F	97.000000	344.000000	0.000000
669.999099	gene_G	35.000000	261.000000	0.072797
669.999099	gene_H	0.000000	168.000000	0.148810
669.999099	gene_J	128.000000	480.000000	0.114583
669.999099	gene_K	171.000000	475.000000	0.000000
669.999099	promoter_A	1.000000	0.000000	0.000000
669.999099	promoter_B1	0.000000	0.000000	0.000000
669.999099	promoter_D	0.000000	0.000000	0.000000
674.999805	__gene_A*_rbs	12.000000	0.000000	0.000000
674.999805	__gene_A_rbs	12.000000	0.000000	0.000000
674.999805	__gene_B_rbs	487.000000	0.000000	0.000000
674.999805	__gene_C_rbs	477.000000	0.000000	0.000000
674.999805	__gene_D_rbs	495.000000	0.000000	0.000000
674.999805	__gene_E_rbs	490.000000	0.000000	0.000000
674.999805	__gene_F_rbs	345.000000	0.000000	0.000000
674.999805	__gene_G_rbs	264.000000	0.000000	0.000000
674.999805	__gene_H_rbs	169.000000	0.000000	0.000000
674.999805	__gene_J_rbs	483.000000	0.000000	0.000000
674.999805	__gene_K_rbs	479.000000	0.000000	0.000000
674.999805	__ribosome	0.000000	0.000000	0.000000
674.999805	bound_ecolipol	1877.000000	0.000000	0.000000
674.999805	bound_ribosome	100.000000	0.000000	0.000000
674.999805	ecoli_genome	123.000000	0.000000	0.000000
674.999805	ecoli_transcript	50998.000000	0.000000	0.000000
674.999805	ecolipol	47.000000	0.000000	0.000000
674.999805	gene_A	6.000000	12.000000	0.000000
674.999805	gene_A*	5.000000	12.000000	0.000000
674.999805	gene_B	253.000000	487.000000	0.000000
674.999805	gene_C	171.000000	477.000000	0.000000
674.999805	gene_D	293.000000	495.000000	0.002020
674.999805	gene_E	212.000000	490.000000	0.000000
674.999805	gene_F	97.000000	345.000000	0.000000
674.999805	gene_G	35.000000	264.000000	0.071970
674.999805	gene_H	0.000000	169.000000	0.147929
674.999805	gene_J	128.000000	483.000000	0.113872
674.999805	gene_K	171.000000	479.000000	0.000000
674.999805	promoter_A	1.000000	0.000000	0.000000
674.999805	promoter_B1	0.000000	0.000000	0.000000
674.999805	promoter_D	0.000000	0.000000	0.000000
679.999128	__gene_A*_rbs	12.000000	0.000000	0.000000
679.999128	__gene_A_rbs	12.000000	0.000000	0.000000
679.999128	__gene_B_rbs	491.000000	0.000000	0.000000
679.999128	__gene_C_rbs	481.000000	0.000000	0.000000
679.999128	__gene_D_rbs	498.000000	0.000000	0.000000
679.999128	__gene_E_rbs	494.000000	0.000000	0.000000
679.999128	__gene_F_rbs	347.000000	0.000000	0.000000
679.999128	__gene_G_rbs	266.000000	0.000000	0.000000
679.999128	__gene_H_rbs	172.000000	0.000000	0.000000
679.999128	__gene_J_rbs	487.000000	0.000000	0.000000
679.999128	__gene_K_rbs	483.000000	0.000000	0.000000
679.999128	__ribosome	0.000000	0.000000	0.000000
679.999128	bound_ecolipol	1875.000000	0.000000	0.000000
679.999128	bound_ribosome	100.000000	0.000000	0.000000
679.999128	ecoli_genome	125.000000	0.000000	0.000000
679.999128	ecoli_transcript	51364.000000	0.000000	0.000000
679.999128	ecolipol	55.000000	0.000000	0.000000
679.999128	gene_A	6.000000	12.000000	0.000000
679.999128	gene_A*	5.000000	12.000000	0.000000
679.999128	gene_B	253.000000	491.000000	0.000000
679.999128	gene_C	171.000000	481.000000	0.000000
679.999128	gene_D	294.000000	498.000000	0.000000
679.999128	gene_E	212.000000	494.000000	0.000000
679.999128	gene_F	97.000000	347.000000	0.000000
679.999128	gene_G	35.000000	266.000000	0.071429
679.999128	gene_H	0.000000	172.000000	0.145349
679.999128	gene_J	128.000000	487.000000	0.112936
679.999128	gene_K	171.000000	483.000000	0.002070
679.999128	promoter_A	1.000000	0.000000	0.000000
679.999128	promoter_B1	0.000000	0.000000	0.000000
679.999128	promoter_D	0.000000	0.000000	0.000000
684.999378	__gene_A*_rbs	12.000000	0.000000	0.000000
684.999378	__gene_A_rbs	12.000000	0.000000	0.000000
684.999378	__gene_B_rbs	494.000000	0.000000	0.000000
684.999378	__gene_C_rbs	485.000000	0.000000	0.000000
684.999378	__gene_D_rbs	502.000000	0.000000	0.000000
684.999378	__gene_E_rbs	497.000000	0.000000	0.000000
684.999378	__gene_F_rbs	348.000000	0.000000	0.000000
684.999378	__gene_G_rbs	269.000000	0.000000	0.000000
684.999378	__gene_H_rbs	175.000000	0.000000	0.000000
684.999378	__gene_J_rbs	489.000000	0.000000	0.000000
684.999378	__gene_K_rbs	487.000000	0.000000	0.000000
684.999378	__ribosome	0.000000	0.000000	0.000000
684.999378	bound_ecolipol	1886.000000	0.000000	0.000000
684.999378	bound_ribosome	100.000000	0.000000	0.000000
684.999378	ecoli_genome	114.000000	0.000000	0.000000
684.999378	ecoli_transcript	51754.000000	0.000000	0.000000
684.999378	ecolipol	42.000000	0.000000	0.000000
684.999378	gene_A	6.000000	12.000000	0.000000
684.999378	gene_A*	5.000000	12.000000	0.000000
684.999378	gene_B	253.000000	494.000000	0.000000
684.999378	gene_C	171.000000	485.000000	0.000000
684.999378	gene_D	294.000000	502.000000	0.000000
684.999378	gene_E	212.000000	497.000000	0.000000
684.999378	gene_F	97.000000	348.000000	0.000000
684.999378	gene_G	35.000000	269.000000	0.070632
684.999378	gene_H	0.000000	175.000000	0.142857
684.999378	gene_J	128.000000	490.000000	0.114286
684.999378	gene_K	172.000000	487.000000	0.000000
684.999378	promoter_A	1.000000	0.000000	0.000000
684.999378	promoter_B1	0.000000	0.000000	0.000000
684.999378	promoter_D	0.000000	0.000000	0.000000
689.999382	__gene_A*_rbs	12.000000	0.000000	0.000000
689.999382	__gene_A_rbs	12.000000	0.000000	0.000000
689.999382	__gene_B_rbs	497.000000	0.000000	0.000000
689.999382	__gene_C_rbs	488.000000	0.000000	0.000000
689.999382	__gene_D_rbs	506.000000	0.000000	0.000000
689.999382	__gene_E_rbs	501.000000	0.000000	0.000000
689.999382	__gene_F_rbs	352.000000	0.000000	0.000000
689.999382	__gene_G_rbs	270.000000	0.000000	0.000000
689.999382	__gene_H_rbs	177.000000	0.000000	0.000000
689.999382	__gene_J_rbs	494.000000	0.000000	0.000000
689.999382	__gene_K_rbs	490.000000	0.000000	0.000000
689.999382	__ribosome	0.000000	0.000000	0.000000
689.999382	bound_ecolipol	1889.000000	0.000000	0.000000
689.999382	bound_ribosome	100.000000	0.000000	0.000000
689.999382	ecoli_genome	111.000000	0.000000	0.000000
689.999382	ecoli_transcript	52144.000000	0.000000	0.000000
689.999382	ecolipol	39.000000	0.000000	0.000000
689.999382	gene_A	6.000000	12.000000	0.000000
689.999382	gene_A*	5.000000	12.000000	0.000000
689.999382	gene_B	253.000000	497.000000	0.000000
689.999382	gene_C	171.000000	488.000000	0.000000
689.999382	gene_D	294.000000	506.000000	0.001976
689.999382	gene_E	212.000000	501.000000	0.000000
689.999382	gene_F	97.000000	352.000000	0.000000
689.999382	gene_G	35.000000	270.000000	0.070370
689.999382	gene_H	0.000000	177.000000	0.141243
689.999382	gene_J	129.000000	494.000000	0.111336
689.999382	gene_K	172.000000	490.000000	0.000000
689.999382	promoter_A	1.000000	0.000000	0.000000
689.999382	promoter_B1	0.000000	0.000000	0.000000
689.999382	promoter_D	0.000000	0.000000	0.000000
694.999208	__gene_A*_rbs	12.000000	0.000000	0.000000
694.999208	__gene_A_rbs	12.000000	0.000000	0.000000
694.999208	__gene_B_rbs	501.000000	0.000000	0.000000
694.999208	__gene_C_rbs	492.000000	0.000000	0.000000
694.999208	__gene_D_rbs	509.000000	0.000000	0.000000
694.999208	__gene_E_rbs	504.000000	0.000000	0.000000
694.999208	__gene_F_rbs	354.000000	0.000000	0.000000
694.999208	__gene_G_rbs	271.000000	0.000000	0.000000
694.999208	__gene_H_rbs	179.000000	0.000000	0.000000
694.999208	__gene_J_rbs	498.000000	0.000000	0.000000
694.999208	__gene_K_rbs	494.000000	0.000000	0.000000
694.999208	__ribosome	0.000000	0.000000	0.000000
694.999208	bound_ecolipol	1884.000000	0.000000	0.000000
694.999208	bound_ribosome	100.000000	0.000000	0.000000
694.999208	ecoli_genome	116.000000	0.000000	0.000000
694.999208	ecoli_transcript	52501.000000	0.000000	0.000000
694.999208	ecolipol	44.000000	0.000000	0.000000
694.999208	gene_A	6.000000	12.000000	0.000000
694.999208	gene_A*	5.000000	12.000000	0.000000
694.999208	gene_B	253.000000	501.000000	0.000000
694.999208	gene_C	171.000000	492.000000	0.000000
694.999208	gene_D	294.000000	509.000000	0.001965
694.999208	gene_E	212.000000	505.000000	0.000000
694.999208	gene_F	97.000000	354.000000	0.000000
694.999208	gene_G	35.000000	271.000000	0.070111
694.999208	gene_H	0.000000	179.000000	0.139665
694.999208	gene_J	129.000000	498.000000	0.110442
694.999208	gene_K	172.000000	494.000000	0.000000
694.999208	promoter_A	1.000000	0.000000	0.000000
694.999208	promoter_B1	0.000000	0.000000	0.000000
694.999208	promoter_D	0.000000	0.000000	0.000000
699.999465	__gene_A*_rbs	12.000000	0.000000	0.000000
699.999465	__gene_A_rbs	13.000000	0.000000	0.000000
699.999465	__gene_B_rbs	504.000000	0.000000	0.000000
699.999465	__gene_C_rbs	495.000000	0.000000	0.000000
699.999465	__gene_D_rbs	513.000000	0.000000	0.000000
699.999465	__gene_E_rbs	509.000000	0.000000	0.000000
699.999465	__gene_F_rbs	355.000000	0.000000	0.000000
699.999465	__gene_G_rbs	272.000000	0.000000	0.000000
699.999465	__gene_H_rbs	180.000000	0.000000	0.000000
699.999465	__gene_J_rbs	502.000000	0.000000	0.000000
699.999465	__gene_K_rbs	497.000000	0.000000	0.000000
699.999465	__ribosome	0.000000	0.000000	0.000000
699.999465	bound_ecolipol	1887.000000	0.000000	0.000000
699.999465	bound_ribosome	100.000000	0.000000	0.000000
699.999465	ecoli_genome	113.000000	0.000000	0.000000
699.999465	ecoli_transcript	52868.000000	0.000000	0.000000
699.999465	ecolipol	43.000000	0.000000	0.000000
699.999465	gene_A	6.000000	13.000000	0.000000
699.999465	gene_A*	5.000000	12.000000	0.000000
699.999465	gene_B	253.000000	504.000000	0.000000
699.999465	gene_C	171.000000	495.000000	0.000000
699.999465	gene_D	294.000000	513.000000	0.001949
699.999465	gene_E	212.000000	509.000000	0.000000
699.999465	gene_F	97.000000	355.000000	0.000000
699.999465	gene_G	35.000000	272.000000	0.069853
699.999465	gene_H	0.000000	180.000000	0.138889
699.999465	gene_J	129.000000	502.000000	0.109562
699.999465	gene_K	172.000000	497.000000	0.000000
699.999465	promoter_A	0.000000	0.000000	0.000000
699.999465	promoter_B1	0.000000	0.000000	0.000000
699.999465	promoter_D	0.000000	0.000000	0.000000
704.999212	__gene_A*_rbs	12.000000	0.000000	0.000000
704.999212	__gene_A_rbs	14.000000	0.000000	0.000000
704.999212	__gene_B_rbs	508.000000	0.000000	0.000000
704.999212	__gene_C_rbs	498.000000	0.000000	0.000000
704.999212	__gene_D_rbs	517.000000	0.000000	0.000000
704.999212	__gene_E_rbs	512.000000	0.000000	0.000000
704.999212	__gene_F_rbs	357.000000	0.000000	0.000000
704.999212	__gene_G_rbs	275.000000	0.000000	0.000000
704.999212	__gene_H_rbs	181.000000	0.000000	0.000000
704.999212	__gene_J_rbs	505.000000	0.000000	0.000000
704.999212	__gene_K_rbs	499.000000	0.000000	0.000000
704.999212	__ribosome	0.000000	0.000000	0.000000
704.999212	bound_ecolipol	1882.000000	0.000000	0.000000
704.999212	bound_ribosome	100.000000	0.000000	0.000000
704.999212	ecoli_genome	118.000000	0.000000	0.000000
704.999212	ecoli_transcript	53246.000000	0.000000	0.000000
704.999212	ecolipol	47.000000	0.000000	0.000000
704.999212	gene_A	6.000000	14.000000	0.000000
704.999212	gene_A*	5.000000	12.000000	0.000000
704.999212	gene_B	253.000000	508.000000	0.001969
704.999212	gene_C	171.000000	498.000000	0.000000
704.999212	gene_D	295.000000	517.000000	0.000000
704.999212	gene_E	212.000000	512.000000	0.000000
704.999212	gene_F	97.000000	357.000000	0.000000
704.999212	gene_G	35.000000	275.000000	0.069091
704.999212	gene_H	0.000000	181.000000	0.138122
704.999212	gene_J	129.000000	505.000000	0.108911
704.999212	gene_K	172.000000	499.000000	0.000000
704.999212	promoter_A	1.000000	0.000000	0.000000
704.999212	promoter_B1	0.000000	0.000000	0.000000
704.999212	promoter_D	0.000000	0.000000	0.000000
709.999765	__gene_A*_rbs	13.000000	0.000000	0.000000
709.999765	__gene_A_rbs	14.000000	0.000000	0.000000
709.999765	__gene_B_rbs	511.000000	0.000000	0.000000
709.999765	__gene_C_rbs	501.000000	0.000000	0.000000
709.999765	__gene_D_rbs	520.000000	0.000000	0.000000
709.999765	__gene_E_rbs	516.000000	0.000000	0.000000
709.999765	__gene_F_rbs	360.000000	0.000000	0.000000
709.999765	__gene_G_rbs	278.000000	0.000000	0.000000
709.999765	__gene_H_rbs	182.000000	0.000000	0.000000
709.999765	__gene_J_rbs	509.000000	0.000000	0.000000
709.999765	__gene_K_rbs	503.000000	0.000000	0.000000
709.999765	__ribosome	0.000000	0.000000	0.000000
709.999765	bound_ecolipol	1879.000000	0.000000	0.000000
709.999765	bound_ribosome	100.000000	0.000000	0.000000
709.999765	ecoli_genome	121.000000	0.000000	0.000000
709.999765	ecoli_transcript	53651.000000	0.000000	0.000000
709.999765	ecolipol	53.000000	0.000000	0.000000
709.999765	gene_A	6.000000	14.000000	0.000000
709.999765	gene_A*	5.000000	13.000000	0.000000
709.999765	gene_B	253.000000	511.000000	0.001957
709.999765	gene_C	171.000000	501.000000	0.000000
709.999765	gene_D	295.000000	520.000000	0.000000
709.999765	gene_E	212.000000	516.000000	0.000000
709.999765	gene_F	97.000000	360.000000	0.000000
709.999765	gene_G	35.000000	278.000000	0.068345
709.999765	gene_H	0.000000	182.000000	0.137363
709.999765	gene_J	129.000000	509.000000	0.108055
709.999765	gene_K	172.000000	503.000000	0.000000
709.999765	promoter_A	1.000000	0.000000	0.000000
709.999765	promoter_B1	0.000000	0.000000	0.000000
709.999765	promoter_D	0.000000	0.000000	0.000000
714.999152	__gene_A*_rbs	14.000000	0.000000	0.000000
714.999152	__gene_A_rbs	14.000000	0.000000	0.000000
714.999152	__gene_B_rbs	515.000000	0.000000	0.000000
714.999152	__gene_C_rbs	505.000000	0.000000	0.000000
714.999152	__gene_D_rbs	525.000000	0.000000	0.000000
714.999152	__gene_E_rbs	520.000000	0.000000	0.000000
714.999152	__gene_F_rbs	362.000000	0.000000	0.000000
714.999152	__gene_G_rbs	280.000000	0.000000	0.000000
714.999152	__gene_H_rbs	183.000000	0.000000	0.000000
714.999152	__gene_J_rbs	513.000000	0.000000	0.000000
714.999152	__gene_K_rbs	507.000000	0.000000	0.000000
714.999152	__ribosome	0.000000	0.000000	0.000000
714.999152	bound_ecolipol	1889.000000	0.000000	0.000000
714.999152	bound_ribosome	100.000000	0.000000	0.000000
714.999152	ecoli_genome	111.000000	0.000000	0.000000
714.999152	ecoli_transcript	54018.000000	0.000000	0.000000
714.999152	ecolipol	42.000000	0.000000	0.000000
714.999152	gene_A	6.000000	14.000000	0.000000
714.999152	gene_A*	5.000000	14.000000	0.000000
714.999152	gene_B	253.000000	515.000000	0.001942
714.999152	gene_C	171.000000	505.000000	0.000000
714.999152	gene_D	295.000000	525.000000	0.000000
714.999152	gene_E	212.000000	520.000000	0.000000
714.999152	gene_F	97.000000	362.000000	0.000000
714.999152	gene_G	35.000000	280.000000	0.067857
714.999152	gene_H	0.000000	183.000000	0.136612
714.999152	gene_J	129.000000	513.000000	0.107212
714.999152	gene_K	172.000000	507.000000	0.000000
714.999152	promoter_A	1.000000	0.000000	0.000000
714.999152	promoter_B1	0.000000	0.000000	0.000000
714.999152	promoter_D	0.000000	0.000000	0.000000
719.999060	__gene_A*_rbs	14.000000	0.000000	0.000000
719.999060	__gene_A_rbs	14.000000	0.000000	0.000000
719.999060	__gene_B_rbs	518.000000	0.000000	0.000000
719.999060	__gene_C_rbs	508.000000	0.000000	0.000000
719.999060	__gene_D_rbs	528.000000	0.000000	0.000000
719.999060	__gene_E_rbs	524.000000	0.000000	0.000000
719.999060	__gene_F_rbs	363.000000	0.000000	0.000000
719.999060	__gene_G_rbs	281.000000	0.000000	0.000000
719.999060	__gene_H_rbs	183.000000	0.000000	0.000000
719.999060	__gene_J_rbs	517.000000	0.000000	0.000000
719.999060	__gene_K_rbs	510.000000	0.000000	0.000000
719.999060	__ribosome	0.000000	0.000000	0.000000
719.999060	bound_ecolipol	1893.000000	0.000000	0.000000
719.999060	bound_ribosome	100.000000	0.000000	0.000000
719.999060	ecoli_genome	107.000000	0.000000	0.000000
719.999060	ecoli_transcript	54393.000000	0.000000	0.000000
719.999060	ecolipol	42.000000	0.000000	0.000000
719.999060	gene_A	6.000000	14.000000	0.071429
719.999060	gene_A*	5.000000	14.000000	0.000000
719.999060	gene_B	254.000000	518.000000	0.000000
719.999060	gene_C	171.000000	508.000000	0.000000
719.999060	gene_D	295.000000	528.000000	0.000000
719.999060	gene_E	212.000000	524.000000	0.000000
719.999060	gene_F	97.000000	363.000000	0.000000
719.999060	gene_G	35.000000	281.000000	0.067616
719.999060	gene_H	0.000000	183.000000	0.136612
719.999060	gene_J	129.000000	517.000000	0.106383
719.999060	gene_K	172.000000	510.000000	0.000000
719.999060	promoter_A	1.000000	0.000000	0.000000
719.999060	promoter_B1	0.000000	0.000000	0.000000
719.999060	promoter_D	0.000000	0.000000	0.000000
724.999177	__gene_A*_rbs	14.000000	0.000000	0.000000
724.999177	__gene_A_rbs	14.000000	0.000000	0.000000
724.999177	__gene_B_rbs	522.000000	0.000000	0.000000
724.999177	__gene_C_rbs	512.000000	0.000000	0.000000
724.999177	__gene_D_rbs	531.000000	0.000000	0.000000
724.999177	__gene_E_rbs	527.000000	0.000000	0.000000
724.999177	__gene_F_rbs	366.000000	0.000000	0.000000
724.999177	__gene_G_rbs	281.000000	0.000000	0.000000
724.999177	__gene_H_rbs	185.000000	0.000000	0.000000
724.999177	__gene_J_rbs	520.000000	0.000000	0.000000
724.999177	__gene_K_rbs	514.000000	0.000000	0.000000
724.999177	__ribosome	0.000000	0.000000	0.000000
724.999177	bound_ecolipol	1896.000000	0.000000	0.000000
724.999177	bound_ribosome	100.000000	0.000000	0.000000
724.999177	ecoli_genome	104.000000	0.000000	0.000000
724.999177	ecoli_transcript	54770.000000	0.000000	0.000000
724.999177	ecolipol	42.000000	0.000000	0.000000
724.999177	gene_A	6.000000	14.000000	0.071429
724.999177	gene_A*	5.000000	14.000000	0.000000
724.999177	gene_B	254.000000	522.000000	0.000000
724.999177	gene_C	171.000000	512.000000	0.000000
724.999177	gene_D	295.000000	531.000000	0.000000
724.999177	gene_E	212.000000	527.000000	0.000000
724.999177	gene_F	97.000000	366.000000	0.000000
724.999177	gene_G	35.000000	281.000000	0.067616
724.999177	gene_H	0.000000	185.000000	0.135135
724.999177	gene_J	129.000000	520.000000	0.105769
724.999177	gene_K	172.000000	514.000000	0.000000
724.999177	promoter_A	0.000000	0.000000	0.000000
724.999177	promoter_B1	0.000000	0.000000	0.000000
724.999177	promoter_D	0.000000	0.000000	0.000000
729.999271	__gene_A*_rbs	14.000000	0.000000	0.000000
729.999271	__gene_A_rbs	15.000000	0.000000	0.000000
729.999271	__gene_B_rbs	526.000000	0.000000	0.000000
729.999271	__gene_C_rbs	516.000000	0.000000	0.000000
729.999271	__gene_D_rbs	535.000000	0.000000	0.000000
729.999271	__gene_E_rbs	531.000000	0.000000	0.000000
729.999271	__gene_F_rbs	369.000000	0.000000	0.000000
729.999271	__gene_G_rbs	282.000000	0.000000	0.000000
729.999271	__gene_H_rbs	187.000000	0.000000	0.000000
729.999271	__gene_J_rbs	524.000000	0.000000	0.000000
729.999271	__gene_K_rbs	518.000000	0.000000	0.000000
729.999271	__ribosome	0.000000	0.000000	0.000000
729.999271	bound_ecolipol	1888.000000	0.000000	0.000000
729.999271	bound_ribosome	100.000000	0.000000	0.000000
729.999271	ecoli_genome	112.000000	0.000000	0.000000
729.999271	ecoli_transcript	55149.000000	0.000000	0.000000
729.999271	ecolipol	48.000000	0.000000	0.000000
729.999271	gene_A	6.000000	15.000000	0.066667
729.999271	gene_A*	5.000000	14.000000	0.000000
729.999271	gene_B	254.000000	526.000000	0.000000
729.999271	gene_C	171.000000	516.000000	0.000000
729.999271	gene_D	295.000000	535.000000	0.000000
729.999271	gene_E	212.000000	531.000000	0.000000
729.999271	gene_F	97.000000	369.000000	0.000000
729.999271	gene_G	35.000000	282.000000	0.067376
729.999271	gene_H	0.000000	187.000000	0.133690
729.999271	gene_J	129.000000	524.000000	0.104962
729.999271	gene_K	172.000000	518.000000	0.000000
729.999271	promoter_A	1.000000	0.000000	0.000000
729.999271	promoter_B1	0.000000	0.000000	0.000000
729.999271	promoter_D	0.000000	0.000000	0.000000
734.999122	__gene_A*_rbs	14.000000	0.000000	0.000000
734.999122	__gene_A_rbs	15.000000	0.000000	0.000000
734.999122	__gene_B_rbs	529.000000	0.000000	0.000000
734.999122	__gene_C_rbs	519.000000	0.000000	0.000000
734.999122	__gene_D_rbs	538.000000	0.000000	0.000000
734.999122	__gene_E_rbs	535.000000	0.000000	0.000000
734.999122	__gene_F_rbs	372.000000	0.000000	0.000000
734.999122	__gene_G_rbs	286.000000	0.000000	0.000000
734.999122	__gene_H_rbs	188.000000	0.000000	0.000000
734.999122	__gene_J_rbs	527.000000	0.000000	0.000000
734.999122	__gene_K_rbs	521.000000	0.000000	0.000000
734.999122	__ribosome	0.000000	0.000000	0.000000
734.999122	bound_ecolipol	1888.000000	0.000000	0.000000
734.999122	bound_ribosome	100.000000	0.000000	0.000000
734.999122	ecoli_genome	112.000000	0.000000	0.000000
734.999122	ecoli_transcript	55532.000000	0.000000	0.000000
734.999122	ecolipol	47.000000	0.000000	0.000000
734.999122	gene_A	6.000000	15.000000	0.066667
734.999122	gene_A*	5.000000	14.000000	0.000000
734.999122	gene_B	254.000000	529.000000	0.000000
734.999122	gene_C	171.000000	519.000000	0.000000
734.999122	gene_D	295.000000	538.000000	0.000000
734.999122	gene_E	212.000000	535.000000	0.000000
734.999122	gene_F	97.000000	372.000000	0.000000
734.999122	gene_G	35.000000	286.000000	0.066434
734.999122	gene_H	0.000000	188.000000	0.132979
734.999122	gene_J	129.000000	527.000000	0.104364
734.999122	gene_K	172.000000	521.000000	0.000000
734.999122	promoter_A	1.000000	0.000000	0.000000
734.999122	promoter_B1	0.000000	0.000000	0.000000
734.999122	promoter_D	0.000000	0.000000	0.000000
739.999149	__gene_A*_rbs	15.000000	0.000000	0.000000
739.999149	__gene_A_rbs	15.000000	0.000000	0.000000
739.999149	__gene_B_rbs	533.000000	0.000000	0.000000
739.999149	__gene_C_rbs	523.000000	0.000000	0.000000
739.999149	__gene_D_rbs	542.000000	0.000000	0.000000
739.999149	__gene_E_rbs	538.000000	0.000000	0.000000
739.999149	__gene_F_rbs	375.000000	0.000000	0.000000
739.999149	__gene_G_rbs	288.000000	0.000000	0.000000
739.999149	__gene_H_rbs	188.000000	0.000000	0.000000
739.999149	__gene_J_rbs	531.000000	0.000000	0.000000
739.999149	__gene_K_rbs	525.000000	0.000000	0.000000
739.999149	__ribosome	0.000000	0.000000	0.000000
739.999149	bound_ecolipol	1886.000000	0.000000	0.000000
739.999149	bound_ribosome	100.000000	0.000000	0.000000
739.999149	ecoli_genome	114.000000	0.000000	0.000000
739.999149	ecoli_transcript	55913.000000	0.000000	0.000000
739.999149	ecolipol	46.000000	0.000000	0.000000
739.999149	gene_A	6.000000	15.000000	0.066667
739.999149	gene_A*	5.000000	15.000000	0.000000
739.999149	gene_B	254.000000	533.000000	0.000000
739.999149	gene_C	171.000000	523.000000	0.000000
739.999149	gene_D	295.000000	542.000000	0.000000
739.999149	gene_E	212.000000	538.000000	0.000000
739.999149	gene_F	97.000000	375.000000	0.000000
739.999149	gene_G	35.000000	288.000000	0.065972
739.999149	gene_H	0.000000	188.000000	0.132979
739.999149	gene_J	129.000000	531.000000	0.103578
739.999149	gene_K	172.000000	525.000000	0.000000
739.999149	promoter_A	1.000000	0.000000	0.000000
739.999149	promoter_B1	0.000000	0.000000	0.000000
739.999149	promoter_D	0.000000	0.000000	0.000000
744.999263	__gene_A*_rbs	15.000000	0.000000	0.000000
744.999263	__gene_A_rbs	15.000000	0.000000	0.000000
744.999263	__gene_B_rbs	536.000000	0.000000	0.000000
744.999263	__gene_C_rbs	527.000000	0.000000	0.000000
744.999263	__gene_D_rbs	546.000000	0.000000	0.000000
744.999263	__gene_E_rbs	541.000000	0.000000	0.000000
744.999263	__gene_F_rbs	377.000000	0.000000	0.000000
744.999263	__gene_G_rbs	290.000000	0.000000	0.000000
744.999263	__gene_H_rbs	189.000000	0.000000	0.000000
744.999263	__gene_J_rbs	535.000000	0.000000	0.000000
744.999263	__gene_K_rbs	528.000000	0.000000	0.000000
744.999263	__ribosome	0.000000	0.000000	0.000000
744.999263	bound_ecolipol	1889.000000	0.000000	0.000000
744.999263	bound_ribosome	100.000000	0.000000	0.000000
744.999263	ecoli_genome	111.000000	0.000000	0.000000
744.999263	ecoli_transcript	56267.000000	0.000000	0.000000
744.999263	ecolipol	42.000000	0.000000	0.000000
744.999263	gene_A	6.000000	15.000000	0.066667
744.999263	gene_A*	5.000000	15.000000	0.000000
744.999263	gene_B	254.000000	536.000000	0.000000
744.999263	gene_C	171.000000	527.000000	0.000000
744.999263	gene_D	295.000000	546.000000	0.000000
744.999263	gene_E	212.000000	541.000000	0.000000
744.999263	gene_F	97.000000	377.000000	0.000000
744.999263	gene_G	35.000000	290.000000	0.065517
744.999263	gene_H	0.000000	189.000000	0.132275
744.999263	gene_J	129.000000	535.000000	0.102804
744.999263	gene_K	172.000000	528.000000	0.000000
744.999263	promoter_A	1.000000	0.000000	0.000000
744.999263	promoter_B1	0.000000	0.000000	0.000000
744.999263	promoter_D	0.000000	0.000000	0.000000
749.999077	__gene_A*_rbs	15.000000	0.000000	0.000000
749.999077	__gene_A_rbs	15.000000	0.000000	0.000000
749.999077	__gene_B_rbs	540.000000	0.000000	0.000000
749.999077	__gene_C_rbs	530.000000	0.000000	0.000000
749.999077	__gene_D_rbs	550.000000	0.000000	0.000000
749.999077	__gene_E_rbs	545.000000	0.000000	0.000000
749.999077	__gene_F_rbs	378.000000	0.000000	0.000000
749.999077	__gene_G_rbs	291.000000	0.000000	0.000000
749.999077	__gene_H_rbs	192.000000	0.000000	0.000000
749.999077	__gene_J_rbs	539.000000	0.000000	0.000000
749.999077	__gene_K_rbs	531.000000	0.000000	0.000000
749.999077	__ribosome	0.000000	0.000000	0.000000
749.999077	bound_ecolipol	1881.000000	0.000000	0.000000
749.999077	bound_ribosome	100.000000	0.000000	0.000000
749.999077	ecoli_genome	119.000000	0.000000	0.000000
749.999077	ecoli_transcript	56650.000000	0.000000	0.000000
749.999077	ecolipol	51.000000	0.000000	0.000000
749.999077	gene_A	6.000000	15.000000	0.066667
749.999077	gene_A*	5.000000	15.000000	0.000000
749.999077	gene_B	254.000000	540.000000	0.000000
749.999077	gene_C	171.000000	530.000000	0.000000
749.999077	gene_D	295.000000	550.000000	0.000000
749.999077	gene_E	212.000000	545.000000	0.000000
749.999077	gene_F	97.000000	378.000000	0.000000
749.999077	gene_G	35.000000	291.000000	0.065292
749.999077	gene_H	0.000000	192.000000	0.130208
749.999077	gene_J	129.000000	539.000000	0.102041
749.999077	gene_K	172.000000	531.000000	0.000000
749.999077	promoter_A	1.000000	0.000000	0.000000
749.999077	promoter_B1	0.000000	0.000000	0.000000
749.999077	promoter_D	0.000000	0.000000	0.000000
754.999058	__gene_A*_rbs	15.000000	0.000000	0.000000
754.999058	__gene_A_rbs	15.000000	0.000000	0.000000
754.999058	__gene_B_rbs	544.000000	0.000000	0.000000
754.999058	__gene_C_rbs	533.000000	0.000000	0.000000
754.999058	__gene_D_rbs	553.000000	0.000000	0.000000
754.999058	__gene_E_rbs	549.000000	0.000000	0.000000
754.999058	__gene_F_rbs	382.000000	0.000000	0.000000
754.999058	__gene_G_rbs	293.000000	0.000000	0.000000
754.999058	__gene_H_rbs	194.000000	0.000000	0.000000
754.999058	__gene_J_rbs	542.000000	0.000000	0.000000
754.999058	__gene_K_rbs	535.000000	0.000000	0.000000
754.999058	__ribosome	0.000000	0.000000	0.000000
754.999058	bound_ecolipol	1883.000000	0.000000	0.000000
754.999058	bound_ribosome	100.000000	0.000000	0.000000
754.999058	ecoli_genome	117.000000	0.000000	0.000000
754.999058	ecoli_transcript	57039.000000	0.000000	0.000000
754.999058	ecolipol	50.000000	0.000000	0.000000
754.999058	gene_A	6.000000	15.000000	0.066667
754.999058	gene_A*	5.000000	15.000000	0.000000
754.999058	gene_B	254.000000	544.000000	0.000000
754.999058	gene_C	171.000000	533.000000	0.000000
754.999058	gene_D	295.000000	553.000000	0.000000
754.999058	gene_E	212.000000	549.000000	0.000000
754.999058	gene_F	97.000000	382.000000	0.000000
754.999058	gene_G	35.000000	293.000000	0.064846
754.999058	gene_H	0.000000	194.000000	0.128866
754.999058	gene_J	129.000000	542.000000	0.101476
754.999058	gene_K	172.000000	535.000000	0.000000
754.999058	promoter_A	0.000000	0.000000	0.000000
754.999058	promoter_B1	0.000000	0.000000	0.000000
754.999058	promoter_D	0.000000	0.000000	0.000000
759.999163	__gene_A*_rbs	15.000000	0.000000	0.000000
759.999163	__gene_A_rbs	17.000000	0.000000	0.000000
759.999163	__gene_B_rbs	547.000000	0.000000	0.000000
759.999163	__gene_C_rbs	537.000000	0.000000	0.000000
759.999163	__gene_D_rbs	556.000000	0.000000	0.000000
759.999163	__gene_E_rbs	552.000000	0.000000	0.000000
759.999163	__gene_F_rbs	383.000000	0.000000	0.000000
759.999163	__gene_G_rbs	294.000000	0.000000	0.000000
759.999163	__gene_H_rbs	195.000000	0.000000	0.000000
759.999163	__gene_J_rbs	546.000000	0.000000	0.000000
759.999163	__gene_K_rbs	539.000000	0.000000	0.000000
759.999163	__ribosome	0.000000	0.000000	0.000000
759.999163	bound_ecolipol	1891.000000	0.000000	0.000000
759.999163	bound_ribosome	100.000000	0.000000	0.000000
759.999163	ecoli_genome	109.000000	0.000000	0.000000
759.999163	ecoli_transcript	57374.000000	0.000000	0.000000
759.999163	ecolipol	42.000000	0.000000	0.000000
759.999163	gene_A	6.000000	17.000000	0.058824
759.999163	gene_A*	5.000000	15.000000	0.000000
759.999163	gene_B	254.000000	547.000000	0.000000
759.999163	gene_C	171.000000	537.000000	0.000000
759.999163	gene_D	295.000000	556.000000	0.000000
759.999163	gene_E	212.000000	552.000000	0.000000
759.999163	gene_F	97.000000	383.000000	0.000000
759.999163	gene_G	35.000000	294.000000	0.064626
759.999163	gene_H	0.000000	195.000000	0.128205
759.999163	gene_J	129.000000	546.000000	0.100733
759.999163	gene_K	172.000000	539.000000	0.000000
759.999163	promoter_A	1.000000	0.000000	0.000000
759.999163	promoter_B1	0.000000	0.000000	0.000000
759.999163	promoter_D	0.000000	0.000000	0.000000
764.999105	__gene_A*_rbs	15.000000	0.000000	0.000000
764.999105	__gene_A_rbs	17.000000	0.000000	0.000000
764.999105	__gene_B_rbs	551.000000	0.000000	0.000000
764.999105	__gene_C_rbs	541.000000	0.000000	0.000000
764.999105	__gene_D_rbs	560.000000	0.000000	0.000000
764.999105	__gene_E_rbs	556.000000	0.000000	0.000000
764.999105	__gene_F_rbs	387.000000	0.000000	0.000000
764.999105	__gene_G_rbs	296.000000	0.000000	0.000000
764.999105	__gene_H_rbs	196.000000	0.000000	0.000000
764.999105	__gene_J_rbs	550.000000	0.000000	0.000000
764.999105	__gene_K_rbs	543.000000	0.000000	0.000000
764.999105	__ribosome	0.000000	0.000000	0.000000
764.999105	bound_ecolipol	1894.000000	0.000000	0.000000
764.999105	bound_ribosome	100.000000	0.000000	0.000000
764.999105	ecoli_genome	106.000000	0.000000	0.000000
764.999105	ecoli_transcript	57745.000000	0.000000	0.000000
764.999105	ecolipol	35.000000	0.000000	0.000000
764.999105	gene_A	6.000000	17.000000	0.058824
764.999105	gene_A*	5.000000	15.000000	0.000000
764.999105	gene_B	254.000000	551.000000	0.000000
764.999105	gene_C	171.000000	541.000000	0.000000
764.999105	gene_D	295.000000	560.000000	0.000000
764.999105	gene_E	212.000000	556.000000	0.000000
764.999105	gene_F	97.000000	387.000000	0.000000
764.999105	gene_G	35.000000	296.000000	0.064189
764.999105	gene_H	0.000000	196.000000	0.127551
764.999105	gene_J	129.000000	550.000000	0.100000
764.999105	gene_K	172.000000	543.000000	0.000000
764.999105	promoter_A	1.000000	0.000000	0.000000
764.999105	promoter_B1	0.000000	0.000000	0.000000
764.999105	promoter_D	0.000000	0.000000	0.000000
769.999458	__gene_A*_rbs	15.000000	0.000000	0.000000
769.999458	__gene_A_rbs	18.000000	0.000000	0.000000
769.999458	__gene_B_rbs	555.000000	0.000000	0.000000
769.999458	__gene_C_rbs	545.000000	0.000000	0.000000
769.999458	__gene_D_rbs	564.000000	0.000000	0.000000
769.999458	__gene_E_rbs	560.000000	0.000000	0.000000
769.999458	__gene_F_rbs	390.000000	0.000000	0.000000
769.999458	__gene_G_rbs	297.000000	0.000000	0.000000
769.999458	__gene_H_rbs	197.000000	0.000000	0.000000
769.999458	__gene_J_rbs	553.000000	0.000000	0.000000
769.999458	__gene_K_rbs	547.000000	0.000000	0.000000
769.999458	__ribosome	0.000000	0.000000	0.000000
769.999458	bound_ecolipol	1881.000000	0.000000	0.000000
769.999458	bound_ribosome	100.000000	0.000000	0.000000
769.999458	ecoli_genome	119.000000	0.000000	0.000000
769.999458	ecoli_transcript	58130.000000	0.000000	0.000000
769.999458	ecolipol	49.000000	0.000000	0.000000
769.999458	gene_A	7.000000	18.000000	0.000000
769.999458	gene_A*	5.000000	15.000000	0.000000
769.999458	gene_B	254.000000	555.000000	0.000000
769.999458	gene_C	171.000000	545.000000	0.000000
769.999458	gene_D	295.000000	564.000000	0.000000
769.999458	gene_E	212.000000	560.000000	0.001786
769.999458	gene_F	97.000000	390.000000	0.000000
769.999458	gene_G	35.000000	297.000000	0.063973
769.999458	gene_H	0.000000	197.000000	0.126904
769.999458	gene_J	129.000000	553.000000	0.099458
769.999458	gene_K	172.000000	547.000000	0.000000
769.999458	promoter_A	1.000000	0.000000	0.000000
769.999458	promoter_B1	0.000000	0.000000	0.000000
769.999458	promoter_D	0.000000	0.000000	0.000000
774.999137	__gene_A*_rbs	17.000000	0.000000	0.000000
774.999137	__gene_A_rbs	18.000000	0.000000	0.000000
774.999137	__gene_B_rbs	558.000000	0.000000	0.000000
774.999137	__gene_C_rbs	549.000000	0.000000	0.000000
774.999137	__gene_D_rbs	568.000000	0.000000	0.000000
774.999137	__gene_E_rbs	564.000000	0.000000	0.000000
774.999137	__gene_F_rbs	391.000000	0.000000	0.000000
774.999137	__gene_G_rbs	299.000000	0.000000	0.000000
774.999137	__gene_H_rbs	198.000000	0.000000	0.000000
774.999137	__gene_J_rbs	557.000000	0.000000	0.000000
774.999137	__gene_K_rbs	550.000000	0.000000	0.000000
774.999137	__ribosome	0.000000	0.000000	0.000000
774.999137	bound_ecolipol	1887.000000	0.000000	0.000000
774.999137	bound_ribosome	100.000000	0.000000	0.000000
774.999137	ecoli_genome	113.000000	0.000000	0.000000
774.999137	ecoli_transcript	58536.000000	0.000000	0.000000
774.999137	ecolipol	43.000000	0.000000	0.000000
774.999137	gene_A	7.000000	18.000000	0.000000
774.999137	gene_A*	5.000000	17.000000	0.000000
774.999137	gene_B	254.000000	558.000000	0.000000
774.999137	gene_C	171.000000	549.000000	0.000000
774.999137	gene_D	295.000000	568.000000	0.000000
774.999137	gene_E	212.000000	564.000000	0.001773
774.999137	gene_F	97.000000	391.000000	0.000000
774.999137	gene_G	35.000000	299.000000	0.063545
774.999137	gene_H	0.000000	198.000000	0.126263
774.999137	gene_J	129.000000	557.000000	0.098743
774.999137	gene_K	172.000000	550.000000	0.000000
774.999137	promoter_A	1.000000	0.000000	0.000000
774.999137	promoter_B1	0.000000	0.000000	0.000000
774.999137	promoter_D	0.000000	0.000000	0.000000
779.999211	__gene_A*_rbs	17.000000	0.000000	0.000000
779.999211	__gene_A_rbs	18.000000	0.000000	0.000000
779.999211	__gene_B_rbs	561.000000	0.000000	0.000000
779.999211	__gene_C_rbs	552.000000	0.000000	0.000000
779.999211	__gene_D_rbs	571.000000	0.000000	0.000000
779.999211	__gene_E_rbs	567.000000	0.000000	0.000000
779.999211	__gene_F_rbs	392.000000	0.000000	0.000000
779.999211	__gene_G_rbs	303.000000	0.000000	0.000000
779.999211	__gene_H_rbs	200.000000	0.000000	0.000000
779.999211	__gene_J_rbs	560.000000	0.000000	0.000000
779.999211	__gene_K_rbs	553.000000	0.000000	0.000000
779.999211	__ribosome	0.000000	0.000000	0.000000
779.999211	bound_ecolipol	1890.000000	0.000000	0.000000
779.999211	bound_ribosome	100.000000	0.000000	0.000000
779.999211	ecoli_genome	110.000000	0.000000	0.000000
779.999211	ecoli_transcript	58919.000000	0.000000	0.000000
779.999211	ecolipol	43.000000	0.000000	0.000000
779.999211	gene_A	7.000000	18.000000	0.000000
779.999211	gene_A*	5.000000	17.000000	0.000000
779.999211	gene_B	254.000000	561.000000	0.000000
779.999211	gene_C	171.000000	552.000000	0.000000
779.999211	gene_D	295.000000	571.000000	0.000000
779.999211	gene_E	213.000000	567.000000	0.000000
779.999211	gene_F	97.000000	392.000000	0.000000
779.999211	gene_G	35.000000	303.000000	0.062706
779.999211	gene_H	0.000000	200.000000	0.125000
779.999211	gene_J	129.000000	560.000000	0.098214
779.999211	gene_K	172.000000	553.000000	0.001808
779.999211	promoter_A	1.000000	0.000000	0.000000
779.999211	promoter_B1	0.000000	0.000000	0.000000
779.999211	promoter_D	0.000000	0.000000	0.000000
784.999118	__gene_A*_rbs	18.000000	0.000000	0.000000
784.999118	__gene_A_rbs	18.000000	0.000000	0.000000
784.999118	__gene_B_rbs	565.000000	0.000000	0.000000
784.999118	__gene_C_rbs	555.000000	0.000000	0.000000
784.999118	__gene_D_rbs	575.000000	0.000000	0.000000
784.999118	__gene_E_rbs	571.000000	0.000000	0.000000
784.999118	__gene_F_rbs	395.000000	0.000000	0.000000
784.999118	__gene_G_rbs	305.000000	0.000000	0.000000
784.999118	__gene_H_rbs	200.000000	0.000000	0.000000
784.999118	__gene_J_rbs	564.000000	0.000000	0.000000
784.999118	__gene_K_rbs	557.000000	0.000000	0.000000
784.999118	__ribosome	0.000000	0.000000	0.000000
784.999118	bound_ecolipol	1880.000000	0.000000	0.000000
784.999118	bound_ribosome	100.000000	0.000000	0.000000
784.999118	ecoli_genome	120.000000	0.000000	0.000000
784.999118	ecoli_transcript	59320.000000	0.000000	0.000000
784.999118	ecolipol	54.000000	0.000000	0.000000
784.999118	gene_A	7.000000	18.000000	0.000000
784.999118	gene_A*	5.000000	18.000000	0.000000
784.999118	gene_B	254.000000	565.000000	0.000000
784.999118	gene_C	171.000000	555.000000	0.000000
784.999118	gene_D	295.000000	575.000000	0.000000
784.999118	gene_E	213.000000	571.000000	0.000000
784.999118	gene_F	97.000000	395.000000	0.002532
784.999118	gene_G	35.000000	305.000000	0.062295
784.999118	gene_H	0.000000	200.000000	0.125000
784.999118	gene_J	129.000000	564.000000	0.097518
784.999118	gene_K	173.000000	557.000000	0.000000
784.999118	promoter_A	1.000000	0.000000	0.000000
784.999118	promoter_B1	0.000000	0.000000	0.000000
784.999118	promoter_D	0.000000	0.000000	0.000000
789.999107	__gene_A*_rbs	18.000000	0.000000	0.000000
789.999107	__gene_A_rbs	18.000000	0.000000	0.000000
789.999107	__gene_B_rbs	569.000000	0.000000	0.000000
789.999107	__gene_C_rbs	559.000000	0.000000	0.000000
789.999107	__gene_D_rbs	578.000000	0.000000	0.000000
789.999107	__gene_E_rbs	575.000000	0.000000	0.000000
789.999107	__gene_F_rbs	397.000000	0.000000	0.000000
789.999107	__gene_G_rbs	307.000000	0.000000	0.000000
789.999107	__gene_H_rbs	201.000000	0.000000	0.000000
789.999107	__gene_J_rbs	568.000000	0.000000	0.000000
789.999107	__gene_K_rbs	560.000000	0.000000	0.000000
789.999107	__ribosome	0.000000	0.000000	0.000000
789.999107	bound_ecolipol	1885.000000	0.000000	0.000000
789.999107	bound_ribosome	100.000000	0.000000	0.000000
789.999107	ecoli_genome	115.000000	0.000000	0.000000
789.999107	ecoli_transcript	59696.000000	0.000000	0.000000
789.999107	ecolipol	48.000000	0.000000	0.000000
789.999107	gene_A	7.000000	18.000000	0.000000
789.999107	gene_A*	5.000000	18.000000	0.000000
789.999107	gene_B	254.000000	569.000000	0.000000
789.999107	gene_C	171.000000	559.000000	0.000000
789.999107	gene_D	295.000000	578.000000	0.000000
789.999107	gene_E	213.000000	575.000000	0.000000
789.999107	gene_F	97.000000	397.000000	0.002519
789.999107	gene_G	35.000000	307.000000	0.061889
789.999107	gene_H	0.000000	201.000000	0.124378
789.999107	gene_J	129.000000	568.000000	0.096831
789.999107	gene_K	173.000000	560.000000	0.000000
789.999107	promoter_A	1.000000	0.000000	0.000000
789.999107	promoter_B1	0.000000	0.000000	0.000000
789.999107	promoter_D	0.000000	0.000000	0.000000
794.999011	__gene_A*_rbs	18.000000	0.000000	0.000000
794.999011	__gene_A_rbs	18.000000	0.000000	0.000000
794.999011	__gene_B_rbs	572.000000	0.000000	0.000000
794.999011	__gene_C_rbs	562.000000	0.000000	0.000000
794.999011	__gene_D_rbs	582.000000	0.000000	0.000000
794.999011	__gene_E_rbs	578.000000	0.000000	0.000000
794.999011	__gene_F_rbs	400.000000	0.000000	0.000000
794.999011	__gene_G_rbs	309.000000	0.000000	0.000000
794.999011	__gene_H_rbs	204.000000	0.000000	0.000000
794.999011	__gene_J_rbs	572.000000	0.000000	0.000000
794.999011	__gene_K_rbs	564.000000	0.000000	0.000000
794.999011	__ribosome	0.000000	0.000000	0.000000
794.999011	bound_ecolipol	1890.000000	0.000000	0.000000
794.999011	bound_ribosome	100.000000	0.000000	0.000000
794.999011	ecoli_genome	110.000000	0.000000	0.000000
794.999011	ecoli_transcript	60046.000000	0.000000	0.000000
794.999011	ecolipol	43.000000	0.000000	0.000000
794.999011	gene_A	7.000000	18.000000	0.000000
794.999011	gene_A*	5.000000	18.000000	0.000000
794.999011	gene_B	254.000000	572.000000	0.000000
794.999011	gene_C	171.000000	562.000000	0.000000
794.999011	gene_D	295.000000	582.000000	0.000000
794.999011	gene_E	213.000000	578.000000	0.000000
794.999011	gene_F	97.000000	400.000000	0.002500
794.999011	gene_G	35.000000	309.000000	0.061489
794.999011	gene_H	0.000000	204.000000	0.122549
794.999011	gene_J	129.000000	572.000000	0.096154
794.999011	gene_K	173.000000	564.000000	0.000000
794.999011	promoter_A	1.000000	0.000000	0.000000
794.999011	promoter_B1	0.000000	0.000000	0.000000
794.999011	promoter_D	0.000000	0.000000	0.000000
799.999415	__gene_A*_rbs	18.000000	0.000000	0.000000
799.999415	__gene_A_rbs	18.000000	0.000000	0.000000
799.999415	__gene_B_rbs	575.000000	0.000000	0.000000
799.999415	__gene_C_rbs	566.000000	0.000000	0.000000
799.999415	__gene_D_rbs	585.000000	0.000000	0.000000
799.999415	__gene_E_rbs	581.000000	0.000000	0.000000
799.999415	__gene_F_rbs	402.000000	0.000000	0.000000
799.999415	__gene_G_rbs	311.000000	0.000000	0.000000
799.999415	__gene_H_rbs	207.000000	0.000000	0.000000
799.999415	__gene_J_rbs	575.000000	0.000000	0.000000
799.999415	__gene_K_rbs	568.000000	0.000000	0.000000
799.999415	__ribosome	0.000000	0.000000	0.000000
799.999415	bound_ecolipol	1888.000000	0.000000	0.000000
799.999415	bound_ribosome	100.000000	0.000000	0.000000
799.999415	ecoli_genome	112.000000	0.000000	0.000000
799.999415	ecoli_transcript	60416.000000	0.000000	0.000000
799.999415	ecolipol	45.000000	0.000000	0.000000
799.999415	gene_A	7.000000	18.000000	0.000000
799.999415	gene_A*	5.000000	18.000000	0.000000
799.999415	gene_B	254.000000	575.000000	0.000000
799.999415	gene_C	171.000000	566.000000	0.000000
799.999415	gene_D	295.000000	585.000000	0.000000
799.999415	gene_E	213.000000	581.000000	0.000000
799.999415	gene_F	97.000000	402.000000	0.002488
799.999415	gene_G	35.000000	311.000000	0.061093
799.999415	gene_H	0.000000	207.000000	0.120773
799.999415	gene_J	129.000000	575.000000	0.095652
799.999415	gene_K	173.000000	568.000000	0.000000
799.999415	promoter_A	1.000000	0.000000	0.000000
799.999415	promoter_B1	0.000000	0.000000	0.000000
799.999415	promoter_D	0.000000	0.000000	0.000000
804.999716	__gene_A*_rbs	18.000000	0.000000	0.000000
804.999716	__gene_A_rbs	18.000000	0.000000	0.000000
804.999716	__gene_B_rbs	579.000000	0.000000	0.000000
804.999716	__gene_C_rbs	570.000000	0.000000	0.000000
804.999716	__gene_D_rbs	589.000000	0.000000	0.000000
804.999716	__gene_E_rbs	585.000000	0.000000	0.000000
804.999716	__gene_F_rbs	403.000000	0.000000	0.000000
804.999716	__gene_G_rbs	313.000000	0.000000	0.000000
804.999716	__gene_H_rbs	208.000000	0.000000	0.000000
804.999716	__gene_J_rbs	579.000000	0.000000	0.000000
804.999716	__gene_K_rbs	572.000000	0.000000	0.000000
804.999716	__ribosome	0.000000	0.000000	0.000000
804.999716	bound_ecolipol	1895.000000	0.000000	0.000000
804.999716	bound_ribosome	100.000000	0.000000	0.000000
804.999716	ecoli_genome	105.000000	0.000000	0.000000
804.999716	ecoli_transcript	60764.000000	0.000000	0.000000
804.999716	ecolipol	38.000000	0.000000	0.000000
804.999716	gene_A	7.000000	18.000000	0.000000
804.999716	gene_A*	5.000000	18.000000	0.000000
804.999716	gene_B	254.000000	579.000000	0.000000
804.999716	gene_C	171.000000	570.000000	0.000000
804.999716	gene_D	295.000000	589.000000	0.000000
804.999716	gene_E	213.000000	585.000000	0.000000
804.999716	gene_F	97.000000	403.000000	0.002481
804.999716	gene_G	35.000000	313.000000	0.060703
804.999716	gene_H	0.000000	208.000000	0.120192
804.999716	gene_J	129.000000	579.000000	0.094991
804.999716	gene_K	173.000000	572.000000	0.000000
804.999716	promoter_A	1.000000	0.000000	0.000000
804.999716	promoter_B1	0.000000	0.000000	0.000000
804.999716	promoter_D	0.000000	0.000000	0.000000
810.000304	__gene_A*_rbs	18.000000	0.000000	0.000000
810.000304	__gene_A_rbs	19.000000	0.000000	0.000000
810.000304	__gene_B_rbs	583.000000	0.000000	0.000000
810.000304	__gene_C_rbs	573.000000	0.000000	0.000000
810.000304	__gene_D_rbs	592.000000	0.000000	0.000000
810.000304	__gene_E_rbs	588.000000	0.000000	0.000000
810.000304	__gene_F_rbs	406.000000	0.000000	0.000000
810.000304	__gene_G_rbs	316.000000	0.000000	0.000000
810.000304	__gene_H_rbs	208.000000	0.000000	0.000000
810.000304	__gene_J_rbs	582.000000	0.000000	0.000000
810.000304	__gene_K_rbs	575.000000	0.000000	0.000000
810.000304	__ribosome	0.000000	0.000000	0.000000
810.000304	bound_ecolipol	1890.000000	0.000000	0.000000
810.000304	bound_ribosome	100.000000	0.000000	0.000000
810.000304	ecoli_genome	110.000000	0.000000	0.000000
810.000304	ecoli_transcript	61150.000000	0.000000	0.000000
810.000304	ecolipol	42.000000	0.000000	0.000000
810.000304	gene_A	7.000000	19.000000	0.000000
810.000304	gene_A*	5.000000	18.000000	0.000000
810.000304	gene_B	254.000000	583.000000	0.000000
810.000304	gene_C	171.000000	573.000000	0.000000
810.000304	gene_D	295.000000	592.000000	0.000000
810.000304	gene_E	213.000000	588.000000	0.000000
810.000304	gene_F	97.000000	406.000000	0.002463
810.000304	gene_G	35.000000	316.000000	0.060127
810.000304	gene_H	0.000000	208.000000	0.120192
810.000304	gene_J	129.000000	582.000000	0.094502
810.000304	gene_K	173.000000	575.000000	0.000000
810.000304	promoter_A	1.000000	0.000000	0.000000
810.000304	promoter_B1	0.000000	0.000000	0.000000
810.000304	promoter_D	0.000000	0.000000	0.000000
814.999045	__gene_A*_rbs	18.000000	0.000000	0.000000
814.999045	__gene_A_rbs	19.000000	0.000000	0.000000
814.999045	__gene_B_rbs	586.000000	0.000000	0.000000
814.999045	__gene_C_rbs	577.000000	0.000000	0.000000
814.999045	__gene_D_rbs	596.000000	0.000000	0.000000
814.999045	__gene_E_rbs	592.000000	0.000000	0.000000
814.999045	__gene_F_rbs	410.000000	0.000000	0.000000
814.999045	__gene_G_rbs	319.000000	0.000000	0.000000
814.999045	__gene_H_rbs	209.000000	0.000000	0.000000
814.999045	__gene_J_rbs	586.000000	0.000000	0.000000
814.999045	__gene_K_rbs	578.000000	0.000000	0.000000
814.999045	__ribosome	0.000000	0.000000	0.000000
814.999045	bound_ecolipol	1888.000000	0.000000	0.000000
814.999045	bound_ribosome	100.000000	0.000000	0.000000
814.999045	ecoli_genome	112.000000	0.000000	0.000000
814.999045	ecoli_transcript	61556.000000	0.000000	0.000000
814.999045	ecolipol	41.000000	0.000000	0.000000
814.999045	gene_A	7.000000	19.000000	0.000000
814.999045	gene_A*	5.000000	18.000000	0.000000
814.999045	gene_B	254.000000	586.000000	0.000000
814.999045	gene_C	171.000000	577.000000	0.000000
814.999045	gene_D	295.000000	596.000000	0.000000
814.999045	gene_E	213.000000	592.000000	0.000000
814.999045	gene_F	97.000000	410.000000	0.002439
814.999045	gene_G	35.000000	319.000000	0.059561
814.999045	gene_H	0.000000	209.000000	0.119617
814.999045	gene_J	129.000000	586.000000	0.093857
814.999045	gene_K	173.000000	578.000000	0.000000
814.999045	promoter_A	1.000000	0.000000	0.000000
814.999045	promoter_B1	0.000000	0.000000	0.000000
814.999045	promoter_D	0.000000	0.000000	0.000000
819.999021	__gene_A*_rbs	18.000000	0.000000	0.000000
819.999021	__gene_A_rbs	19.000000	0.000000	0.000000
819.999021	__gene_B_rbs	590.000000	0.000000	0.000000
819.999021	__gene_C_rbs	580.000000	0.000000	0.000000
819.999021	__gene_D_rbs	599.000000	0.000000	0.000000
819.999021	__gene_E_rbs	596.000000	0.000000	0.000000
819.999021	__gene_F_rbs	412.000000	0.000000	0.000000
819.999021	__gene_G_rbs	320.000000	0.000000	0.000000
819.999021	__gene_H_rbs	212.000000	0.000000	0.000000
819.999021	__gene_J_rbs	590.000000	0.000000	0.000000
819.999021	__gene_K_rbs	582.000000	0.000000	0.000000
819.999021	__ribosome	0.000000	0.000000	0.000000
819.999021	bound_ecolipol	1887.000000	0.000000	0.000000
819.999021	bound_ribosome	100.000000	0.000000	0.000000
819.999021	ecoli_genome	113.000000	0.000000	0.000000
819.999021	ecoli_transcript	61923.000000	0.000000	0.000000
819.999021	ecolipol	42.000000	0.000000	0.000000
819.999021	gene_A	7.000000	19.000000	0.000000
819.999021	gene_A*	5.000000	18.000000	0.000000
819.999021	gene_B	254.000000	590.000000	0.000000
819.999021	gene_C	171.000000	580.000000	0.000000
819.999021	gene_D	295.000000	599.000000	0.000000
819.999021	gene_E	213.000000	596.000000	0.000000
819.999021	gene_F	97.000000	412.000000	0.002427
819.999021	gene_G	35.000000	320.000000	0.059375
819.999021	gene_H	0.000000	212.000000	0.117925
819.999021	gene_J	129.000000	590.000000	0.093220
819.999021	gene_K	173.000000	582.000000	0.000000
819.999021	promoter_A	1.000000	0.000000	0.000000
819.999021	promoter_B1	0.000000	0.000000	0.000000
819.999021	promoter_D	0.000000	0.000000	0.000000
824.999029	__gene_A*_rbs	19.000000	0.000000	0.000000
824.999029	__gene_A_rbs	19.000000	0.000000	0.000000
824.999029	__gene_B_rbs	594.000000	0.000000	0.000000
824.999029	__gene_C_rbs	583.000000	0.000000	0.000000
824.999029	__gene_D_rbs	603.000000	0.000000	0.000000
824.999029	__gene_E_rbs	600.000000	0.000000	0.000000
824.999029	__gene_F_rbs	414.000000	0.000000	0.000000
824.999029	__gene_G_rbs	321.000000	0.000000	0.000000
824.999029	__gene_H_rbs	213.000000	0.000000	0.000000
824.999029	__gene_J_rbs	593.000000	0.000000	0.000000
824.999029	__gene_K_rbs	585.000000	0.000000	0.000000
824.999029	__ribosome	0.000000	0.000000	0.000000
824.999029	bound_ecolipol	1881.000000	0.000000	0.000000
824.999029	bound_ribosome	100.000000	0.000000	0.000000
824.999029	ecoli_genome	119.000000	0.000000	0.000000
824.999029	ecoli_transcript	62277.000000	0.000000	0.000000
824.999029	ecolipol	51.000000	0.000000	0.000000
824.999029	gene_A	7.000000	19.000000	0.000000
824.999029	gene_A*	5.000000	19.000000	0.000000
824.999029	gene_B	254.000000	594.000000	0.000000
824.999029	gene_C	171.000000	583.000000	0.000000
824.999029	gene_D	295.000000	603.000000	0.000000
824.999029	gene_E	213.000000	600.000000	0.000000
824.999029	gene_F	97.000000	414.000000	0.002415
824.999029	gene_G	35.000000	321.000000	0.059190
824.999029	gene_H	0.000000	213.000000	0.117371
824.999029	gene_J	129.000000	593.000000	0.092749
824.999029	gene_K	173.000000	585.000000	0.000000
824.999029	promoter_A	1.000000	0.000000	0.000000
824.999029	promoter_B1	0.000000	0.000000	0.000000
824.999029	promoter_D	0.000000	0.000000	0.000000
829.999258	__gene_A*_rbs	19.000000	0.000000	0.000000
829.999258	__gene_A_rbs	19.000000	0.000000	0.000000
829.999258	__gene_B_rbs	597.000000	0.000000	0.000000
829.999258	__gene_C_rbs	587.000000	0.000000	0.000000
829.999258	__gene_D_rbs	607.000000	0.000000	0.000000
829.999258	__gene_E_rbs	603.000000	0.000000	0.000000
829.999258	__gene_F_rbs	417.000000	0.000000	0.000000
829.999258	__gene_G_rbs	324.000000	0.000000	0.000000
829.999258	__gene_H_rbs	215.000000	0.000000	0.000000
829.999258	__gene_J_rbs	596.000000	0.000000	0.000000
829.999258	__gene_K_rbs	589.000000	0.000000	0.000000
829.999258	__ribosome	0.000000	0.000000	0.000000
829.999258	bound_ecolipol	1883.000000	0.000000	0.000000
829.999258	bound_ribosome	100.000000	0.000000	0.000000
829.999258	ecoli_genome	117.000000	0.000000	0.000000
829.999258	ecoli_transcript	62669.000000	0.000000	0.000000
829.999258	ecolipol	49.000000	0.000000	0.000000
829.999258	gene_A	7.000000	19.000000	0.000000
829.999258	gene_A*	5.000000	19.000000	0.000000
829.999258	gene_B	254.000000	597.000000	0.000000
829.999258	gene_C	171.000000	587.000000	0.001704
829.999258	gene_D	295.000000	607.000000	0.000000
829.999258	gene_E	213.000000	603.000000	0.000000
829.999258	gene_F	98.000000	417.000000	0.000000
829.999258	gene_G	35.000000	324.000000	0.058642
829.999258	gene_H	0.000000	215.000000	0.116279
829.999258	gene_J	129.000000	596.000000	0.092282
829.999258	gene_K	173.000000	589.000000	0.000000
829.999258	promoter_A	1.000000	0.000000	0.000000
829.999258	promoter_B1	0.000000	0.000000	0.000000
829.999258	promoter_D	0.000000	0.000000	0.000000
834.999324	__gene_A*_rbs	19.000000	0.000000	0.000000
834.999324	__gene_A_rbs	19.000000	0.000000	0.000000
834.999324	__gene_B_rbs	601.000000	0.000000	0.000000
834.999324	__gene_C_rbs	590.000000	0.000000	0.000000
834.999324	__gene_D_rbs	610.000000	0.000000	0.000000
834.999324	__gene_E_rbs	606.000000	0.000000	0.000000
834.999324	__gene_F_rbs	420.000000	0.000000	0.000000
834.999324	__gene_G_rbs	327.000000	0.000000	0.000000
834.999324	__gene_H_rbs	215.000000	0.000000	0.000000
834.999324	__gene_J_rbs	600.000000	0.000000	0.000000
834.999324	__gene_K_rbs	592.000000	0.000000	0.000000
834.999324	__ribosome	0.000000	0.000000	0.000000
834.999324	bound_ecolipol	1878.000000	0.000000	0.000000
834.999324	bound_ribosome	100.000000	0.000000	0.000000
834.999324	ecoli_genome	122.000000	0.000000	0.000000
834.999324	ecoli_transcript	63085.000000	0.000000	0.000000
834.999324	ecolipol	53.000000	0.000000	0.000000
834.999324	gene_A	7.000000	19.000000	0.000000
834.999324	gene_A*	5.000000	19.000000	0.000000
834.999324	gene_B	254.000000	601.000000	0.000000
834.999324	gene_C	172.000000	590.000000	0.000000
834.999324	gene_D	295.000000	610.000000	0.000000
834.999324	gene_E	213.000000	606.000000	0.000000
834.999324	gene_F	98.000000	420.000000	0.002381
834.999324	gene_G	35.000000	327.000000	0.058104
834.999324	gene_H	0.000000	215.000000	0.116279
834.999324	gene_J	129.000000	600.000000	0.091667
834.999324	gene_K	173.000000	592.000000	0.000000
834.999324	promoter_A	1.000000	0.000000	0.000000
834.999324	promoter_B1	0.000000	0.000000	0.000000
834.999324	promoter_D	0.000000	0.000000	0.000000
839.999124	__gene_A*_rbs	19.000000	0.000000	0.000000
839.999124	__gene_A_rbs	19.000000	0.000000	0.000000
839.999124	__gene_B_rbs	605.000000	0.000000	0.000000
839.999124	__gene_C_rbs	594.000000	0.000000	0.000000
839.999124	__gene_D_rbs	613.000000	0.000000	0.000000
839.999124	__gene_E_rbs	610.000000	0.000000	0.000000
839.999124	__gene_F_rbs	422.000000	0.000000	0.000000
839.999124	__gene_G_rbs	328.000000	0.000000	0.000000
839.999124	__gene_H_rbs	216.000000	0.000000	0.000000
839.999124	__gene_J_rbs	603.000000	0.000000	0.000000
839.999124	__gene_K_rbs	596.000000	0.000000	0.000000
839.999124	__ribosome	0.000000	0.000000	0.000000
839.999124	bound_ecolipol	1886.000000	0.000000	0.000000
839.999124	bound_ribosome	100.000000	0.000000	0.000000
839.999124	ecoli_genome	114.000000	0.000000	0.000000
839.999124	ecoli_transcript	63439.000000	0.000000	0.000000
839.999124	ecolipol	43.000000	0.000000	0.000000
839.999124	gene_A	7.000000	19.000000	0.000000
839.999124	gene_A*	5.000000	19.000000	0.000000
839.999124	gene_B	254.000000	605.000000	0.000000
839.999124	gene_C	172.000000	594.000000	0.000000
839.999124	gene_D	295.000000	613.000000	0.000000
839.999124	gene_E	213.000000	610.000000	0.000000
839.999124	gene_F	98.000000	422.000000	0.002370
839.999124	gene_G	35.000000	328.000000	0.057927
839.999124	gene_H	0.000000	216.000000	0.115741
839.999124	gene_J	129.000000	603.000000	0.091211
839.999124	gene_K	173.000000	596.000000	0.000000
839.999124	promoter_A	1.000000	0.000000	0.000000
839.999124	promoter_B1	0.000000	0.000000	0.000000
839.999124	promoter_D	0.000000	0.000000	0.000000
844.999286	__gene_A*_rbs	19.000000	0.000000	0.000000
844.999286	__gene_A_rbs	19.000000	0.000000	0.000000
844.999286	__gene_B_rbs	609.000000	0.000000	0.000000
844.999286	__gene_C_rbs	598.000000	0.000000	0.000000
844.999286	__gene_D_rbs	616.000000	0.000000	0.000000
844.999286	__gene_E_rbs	613.000000	0.000000	0.000000
844.999286	__gene_F_rbs	425.000000	0.000000	0.000000
844.999286	__gene_G_rbs	330.000000	0.000000	0.000000
844.999286	__gene_H_rbs	219.000000	0.000000	0.000000
844.999286	__gene_J_rbs	607.000000	0.000000	0.000000
844.999286	__gene_K_rbs	600.000000	0.000000	0.000000
844.999286	__ribosome	0.000000	0.000000	0.000000
844.999286	bound_ecolipol	1883.000000	0.000000	0.000000
844.999286	bound_ribosome	100.000000	0.000000	0.000000
844.999286	ecoli_genome	117.000000	0.000000	0.000000
844.999286	ecoli_transcript	63824.000000	0.000000	0.000000
844.999286	ecolipol	45.000000	0.000000	0.000000
844.999286	gene_A	7.000000	19.000000	0.000000
844.999286	gene_A*	5.000000	19.000000	0.000000
844.999286	gene_B	254.000000	609.000000	0.000000
844.999286	gene_C	172.000000	598.000000	0.000000
844.999286	gene_D	295.000000	616.000000	0.000000
844.999286	gene_E	213.000000	613.000000	0.000000
844.999286	gene_F	98.000000	425.000000	0.002353
844.999286	gene_G	35.000000	330.000000	0.057576
844.999286	gene_H	0.000000	219.000000	0.114155
844.999286	gene_J	129.000000	607.000000	0.090610
844.999286	gene_K	173.000000	600.000000	0.000000
844.999286	promoter_A	1.000000	0.000000	0.000000
844.999286	promoter_B1	0.000000	0.000000	0.000000
844.999286	promoter_D	0.000000	0.000000	0.000000
849.999107	__gene_A*_rbs	19.000000	0.000000	0.000000
849.999107	__gene_A_rbs	19.000000	0.000000	0.000000
849.999107	__gene_B_rbs	612.000000	0.000000	0.000000
849.999107	__gene_C_rbs	601.000000	0.000000	0.000000
849.999107	__gene_D_rbs	620.000000	0.000000	0.000000
849.999107	__gene_E_rbs	616.000000	0.000000	0.000000
849.999107	__gene_F_rbs	429.000000	0.000000	0.000000
849.999107	__gene_G_rbs	332.000000	0.000000	0.000000
849.999107	__gene_H_rbs	219.000000	0.000000	0.000000
849.999107	__gene_J_rbs	611.000000	0.000000	0.000000
849.999107	__gene_K_rbs	603.000000	0.000000	0.000000
849.999107	__ribosome	0.000000	0.000000	0.000000
849.999107	bound_ecolipol	1877.000000	0.000000	0.000000
849.999107	bound_ribosome	100.000000	0.000000	0.000000
849.999107	ecoli_genome	123.000000	0.000000	0.000000
849.999107	ecoli_transcript	64193.000000	0.000000	0.000000
849.999107	ecolipol	52.000000	0.000000	0.000000
849.999107	gene_A	7.000000	19.000000	0.000000
849.999107	gene_A*	5.000000	19.000000	0.000000
849.999107	gene_B	254.000000	612.000000	0.000000
849.999107	gene_C	172.000000	601.000000	0.000000
849.999107	gene_D	295.000000	620.000000	0.000000
849.999107	gene_E	213.000000	616.000000	0.000000
849.999107	gene_F	98.000000	429.000000	0.002331
849.999107	gene_G	35.000000	332.000000	0.057229
849.999107	gene_H	0.000000	219.000000	0.114155
849.999107	gene_J	129.000000	611.000000	0.090016
849.999107	gene_K	173.000000	603.000000	0.000000
849.999107	promoter_A	1.000000	0.000000	0.000000
849.999107	promoter_B1	0.000000	0.000000	0.000000
849.999107	promoter_D	0.000000	0.000000	0.000000
854.999020	__gene_A*_rbs	19.000000	0.000000	0.000000
854.999020	__gene_A_rbs	19.000000	0.000000	0.000000
854.999020	__gene_B_rbs	616.000000	0.000000	0.000000
854.999020	__gene_C_rbs	605.000000	0.000000	0.000000
854.999020	__gene_D_rbs	623.000000	0.000000	0.000000
854.999020	__gene_E_rbs	620.000000	0.000000	0.000000
854.999020	__gene_F_rbs	432.000000	0.000000	0.000000
854.999020	__gene_G_rbs	335.000000	0.000000	0.000000
854.999020	__gene_H_rbs	220.000000	0.000000	0.000000
854.999020	__gene_J_rbs	614.000000	0.000000	0.000000
854.999020	__gene_K_rbs	607.000000	0.000000	0.000000
854.999020	__ribosome	0.000000	0.000000	0.000000
854.999020	bound_ecolipol	1883.000000	0.000000	0.000000
854.999020	bound_ribosome	100.000000	0.000000	0.000000
854.999020	ecoli_genome	117.000000	0.000000	0.000000
854.999020	ecoli_transcript	64560.000000	0.000000	0.000000
854.999020	ecolipol	45.000000	0.000000	0.000000
854.999020	gene_A	7.000000	19.000000	0.000000
854.999020	gene_A*	5.000000	19.000000	0.000000
854.999020	gene_B	254.000000	616.000000	0.000000
854.999020	gene_C	172.000000	605.000000	0.000000
854.999020	gene_D	295.000000	623.000000	0.000000
854.999020	gene_E	213.000000	620.000000	0.000000
854.999020	gene_F	98.000000	432.000000	0.002315
854.999020	gene_G	35.000000	335.000000	0.056716
854.999020	gene_H	0.000000	220.000000	0.113636
854.999020	gene_J	129.000000	614.000000	0.089577
854.999020	gene_K	173.000000	607.000000	0.000000
854.999020	promoter_A	1.000000	0.000000	0.000000
854.999020	promoter_B1	0.000000	0.000000	0.000000
854.999020	promoter_D	0.000000	0.000000	0.000000
859.999215	__gene_A*_rbs	19.000000	0.000000	0.000000
859.999215	__gene_A_rbs	19.000000	0.000000	0.000000
859.999215	__gene_B_rbs	620.000000	0.000000	0.000000
859.999215	__gene_C_rbs	609.000000	0.000000	0.000000
859.999215	__gene_D_rbs	627.000000	0.000000	0.000000
859.999215	__gene_E_rbs	623.000000	0.000000	0.000000
859.999215	__gene_F_rbs	435.000000	0.000000	0.000000
859.999215	__gene_G_rbs	338.000000	0.000000	0.000000
859.999215	__gene_H_rbs	222.000000	0.000000	0.000000
859.999215	__gene_J_rbs	617.000000	0.000000	0.000000
859.999215	__gene_K_rbs	611.000000	0.000000	0.000000
859.999215	__ribosome	0.000000	0.000000	0.000000
859.999215	bound_ecolipol	1883.000000	0.000000	0.000000
859.999215	bound_ribosome	100.000000	0.000000	0.000000
859.999215	ecoli_genome	117.000000	0.000000	0.000000
859.999215	ecoli_transcript	64962.000000	0.000000	0.000000
859.999215	ecolipol	43.000000	0.000000	0.000000
859.999215	gene_A	7.000000	19.000000	0.000000
859.999215	gene_A*	5.000000	19.000000	0.000000
859.999215	gene_B	254.000000	620.000000	0.000000
859.999215	gene_C	172.000000	609.000000	0.000000
859.999215	gene_D	295.000000	627.000000	0.000000
859.999215	gene_E	213.000000	623.000000	0.000000
859.999215	gene_F	98.000000	435.000000	0.002299
859.999215	gene_G	35.000000	338.000000	0.056213
859.999215	gene_H	0.000000	222.000000	0.112613
859.999215	gene_J	129.000000	617.000000	0.089141
859.999215	gene_K	173.000000	611.000000	0.000000
859.999215	promoter_A	1.000000	0.000000	0.000000
859.999215	promoter_B1	0.000000	0.000000	0.000000
859.999215	promoter_D	0.000000	0.000000	0.000000
864.999074	__gene_A*_rbs	19.000000	0.000000	0.000000
864.999074	__gene_A_rbs	20.000000	0.000000	0.000000
864.999074	__gene_B_rbs	623.000000	0.000000	0.000000
864.999074	__gene_C_rbs	613.000000	0.000000	0.000000
864.999074	__gene_D_rbs	631.000000	0.000000	0.000000
864.999074	__gene_E_rbs	627.000000	0.000000	0.000000
864.999074	__gene_F_rbs	438.000000	0.000000	0.000000
864.999074	__gene_G_rbs	340.000000	0.000000	0.000000
864.999074	__gene_H_rbs	223.000000	0.000000	0.000000
864.999074	__gene_J_rbs	621.000000	0.000000	0.000000
864.999074	__gene_K_rbs	615.000000	0.000000	0.000000
864.999074	__ribosome	0.000000	0.000000	0.000000
864.999074	bound_ecolipol	1881.000000	0.000000	0.000000
864.999074	bound_ribosome	100.000000	0.000000	0.000000
864.999074	ecoli_genome	119.000000	0.000000	0.000000
864.999074	ecoli_transcript	65348.000000	0.000000	0.000000
864.999074	ecolipol	43.000000	0.000000	0.000000
864.999074	gene_A	7.000000	20.000000	0.000000
864.999074	gene_A*	5.000000	19.000000	0.000000
864.999074	gene_B	254.000000	623.000000	0.000000
864.999074	gene_C	172.000000	613.000000	0.000000
864.999074	gene_D	295.000000	631.000000	0.000000
864.999074	gene_E	213.000000	627.000000	0.000000
864.999074	gene_F	98.000000	438.000000	0.002283
864.999074	gene_G	35.000000	340.000000	0.055882
864.999074	gene_H	0.000000	223.000000	0.112108
864.999074	gene_J	129.000000	621.000000	0.088567
864.999074	gene_K	173.000000	615.000000	0.000000
864.999074	promoter_A	1.000000	0.000000	0.000000
864.999074	promoter_B1	0.000000	0.000000	0.000000
864.999074	promoter_D	0.000000	0.000000	0.000000
869.999280	__gene_A*_rbs	19.000000	0.000000	0.000000
869.999280	__gene_A_rbs	20.000000	0.000000	0.000000
869.999280	__gene_B_rbs	627.000000	0.000000	0.000000
869.999280	__gene_C_rbs	616.000000	0.000000	0.000000
869.999280	__gene_D_rbs	635.000000	0.000000	0.000000
869.999280	__gene_E_rbs	630.000000	0.000000	0.000000
869.999280	__gene_F_rbs	440.000000	0.000000	0.000000
869.999280	__gene_G_rbs	341.000000	0.000000	0.000000
869.999280	__gene_H_rbs	224.000000	0.000000	0.000000
869.999280	__gene_J_rbs	624.000000	0.000000	0.000000
869.999280	__gene_K_rbs	618.000000	0.000000	0.000000
869.999280	__ribosome	0.000000	0.000000	0.000000
869.999280	bound_ecolipol	1875.000000	0.000000	0.000000
869.999280	bound_ribosome	100.000000	0.000000	0.000000
869.999280	ecoli_genome	125.000000	0.000000	0.000000
869.999280	ecoli_transcript	65730.000000	0.000000	0.000000
869.999280	ecolipol	50.000000	0.000000	0.000000
869.999280	gene_A	7.000000	20.000000	0.000000
869.999280	gene_A*	5.000000	19.000000	0.000000
869.999280	gene_B	254.000000	627.000000	0.000000
869.999280	gene_C	172.000000	616.000000	0.000000
869.999280	gene_D	295.000000	635.000000	0.000000
869.999280	gene_E	213.000000	630.000000	0.000000
869.999280	gene_F	98.000000	440.000000	0.002273
869.999280	gene_G	35.000000	341.000000	0.055718
869.999280	gene_H	0.000000	224.000000	0.111607
869.999280	gene_J	129.000000	624.000000	0.088141
869.999280	gene_K	173.000000	618.000000	0.000000
869.999280	promoter_A	1.000000	0.000000	0.000000
869.999280	promoter_B1	0.000000	0.000000	0.000000
869.999280	promoter_D	0.000000	0.000000	0.000000
874.999066	__gene_A*_rbs	19.000000	0.000000	0.000000
874.999066	__gene_A_rbs	20.000000	0.000000	0.000000
874.999066	__gene_B_rbs	631.000000	0.000000	0.000000
874.999066	__gene_C_rbs	620.000000	0.000000	0.000000
874.999066	__gene_D_rbs	639.000000	0.000000	0.000000
874.999066	__gene_E_rbs	634.000000	0.000000	0.000000
874.999066	__gene_F_rbs	443.000000	0.000000	0.000000
874.999066	__gene_G_rbs	344.000000	0.000000	0.000000
874.999066	__gene_H_rbs	225.000000	0.000000	0.000000
874.999066	__gene_J_rbs	628.000000	0.000000	0.000000
874.999066	__gene_K_rbs	622.000000	0.000000	0.000000
874.999066	__ribosome	0.000000	0.000000	0.000000
874.999066	bound_ecolipol	1878.000000	0.000000	0.000000
874.999066	bound_ribosome	100.000000	0.000000	0.000000
874.999066	ecoli_genome	122.000000	0.000000	0.000000
874.999066	ecoli_transcript	66117.000000	0.000000	0.000000
874.999066	ecolipol	48.000000	0.000000	0.000000
874.999066	gene_A	7.000000	20.000000	0.000000
874.999066	gene_A*	5.000000	19.000000	0.000000
874.999066	gene_B	254.000000	631.000000	0.000000
874.999066	gene_C	172.000000	620.000000	0.000000
874.999066	gene_D	295.000000	639.000000	0.000000
874.999066	gene_E	213.000000	634.000000	0.000000
874.999066	gene_F	98.000000	443.000000	0.002257
874.999066	gene_G	35.000000	344.000000	0.055233
874.999066	gene_H	0.000000	225.000000	0.111111
874.999066	gene_J	129.000000	628.000000	0.087580
874.999066	gene_K	173.000000	622.000000	0.000000
874.999066	promoter_A	1.000000	0.000000	0.000000
874.999066	promoter_B1	0.000000	0.000000	0.000000
874.999066	promoter_D	0.000000	0.000000	0.000000
879.999227	__gene_A*_rbs	20.000000	0.000000	0.000000
879.999227	__gene_A_rbs	20.000000	0.000000	0.000000
879.999227	__gene_B_rbs	634.000000	0.000000	0.000000
879.999227	__gene_C_rbs	624.000000	0.000000	0.000000
879.999227	__gene_D_rbs	642.000000	0.000000	0.000000
879.999227	__gene_E_rbs	638.000000	0.000000	0.000000
879.999227	__gene_F_rbs	445.000000	0.000000	0.000000
879.999227	__gene_G_rbs	347.000000	0.000000	0.000000
879.999227	__gene_H_rbs	227.000000	0.000000	0.000000
879.999227	__gene_J_rbs	632.000000	0.000000	0.000000
879.999227	__gene_K_rbs	626.000000	0.000000	0.000000
879.999227	__ribosome	0.000000	0.000000	0.000000
879.999227	bound_ecolipol	1890.000000	0.000000	0.000000
879.999227	bound_ribosome	100.000000	0.000000	0.000000
879.999227	ecoli_genome	110.000000	0.000000	0.000000
879.999227	ecoli_transcript	66516.000000	0.000000	0.000000
879.999227	ecolipol	36.000000	0.000000	0.000000
879.999227	gene_A	7.000000	20.000000	0.000000
879.999227	gene_A*	5.000000	20.000000	0.000000
879.999227	gene_B	254.000000	634.000000	0.000000
879.999227	gene_C	172.000000	624.000000	0.000000
879.999227	gene_D	295.000000	642.000000	0.000000
879.999227	gene_E	213.000000	638.000000	0.000000
879.999227	gene_F	99.000000	445.000000	0.002247
879.999227	gene_G	35.000000	347.000000	0.054755
879.999227	gene_H	0.000000	227.000000	0.110132
879.999227	gene_J	129.000000	632.000000	0.087025
879.999227	gene_K	173.000000	626.000000	0.000000
879.999227	promoter_A	1.000000	0.000000	0.000000
879.999227	promoter_B1	0.000000	0.000000	0.000000
879.999227	promoter_D	0.000000	0.000000	0.000000
884.999122	__gene_A*_rbs	20.000000	0.000000	0.000000
884.999122	__gene_A_rbs	20.000000	0.000000	0.000000
884.999122	__gene_B_rbs	638.000000	0.000000	0.000000
884.999122	__gene_C_rbs	628.000000	0.000000	0.000000
884.999122	__gene_D_rbs	646.000000	0.000000	0.000000
884.999122	__gene_E_rbs	642.000000	0.000000	0.000000
884.999122	__gene_F_rbs	448.000000	0.000000	0.000000
884.999122	__gene_G_rbs	350.000000	0.000000	0.000000
884.999122	__gene_H_rbs	228.000000	0.000000	0.000000
884.999122	__gene_J_rbs	635.000000	0.000000	0.000000
884.999122	__gene_K_rbs	630.000000	0.000000	0.000000
884.999122	__ribosome	0.000000	0.000000	0.000000
884.999122	bound_ecolipol	1881.000000	0.000000	0.000000
884.999122	bound_ribosome	100.000000	0.000000	0.000000
884.999122	ecoli_genome	119.000000	0.000000	0.000000
884.999122	ecoli_transcript	66906.000000	0.000000	0.000000
884.999122	ecolipol	44.000000	0.000000	0.000000
884.999122	gene_A	7.000000	20.000000	0.000000
884.999122	gene_A*	5.000000	20.000000	0.000000
884.999122	gene_B	254.000000	638.000000	0.000000
884.999122	gene_C	172.000000	628.000000	0.000000
884.999122	gene_D	295.000000	646.000000	0.000000
884.999122	gene_E	213.000000	642.000000	0.000000
884.999122	gene_F	99.000000	448.000000	0.002232
884.999122	gene_G	35.000000	350.000000	0.054286
884.999122	gene_H	0.000000	228.000000	0.109649
884.999122	gene_J	129.000000	635.000000	0.086614
884.999122	gene_K	173.000000	630.000000	0.000000
884.999122	promoter_A	1.000000	0.000000	0.000000
884.999122	promoter_B1	0.000000	0.000000	0.000000
884.999122	promoter_D	0.000000	0.000000	0.000000
889.999222	__gene_A*_rbs	20.000000	0.000000	0.000000
889.999222	__gene_A_rbs	20.000000	0.000000	0.000000
889.999222	__gene_B_rbs	641.000000	0.000000	0.000000
889.999222	__gene_C_rbs	631.000000	0.000000	0.000000
889.999222	__gene_D_rbs	650.000000	0.000000	0.000000
889.999222	__gene_E_rbs	645.000000	0.000000	0.000000
889.999222	__gene_F_rbs	451.000000	0.000000	0.000000
889.999222	__gene_G_rbs	350.000000	0.000000	0.000000
889.999222	__gene_H_rbs	229.000000	0.000000	0.000000
889.999222	__gene_J_rbs	639.000000	0.000000	0.000000
889.999222	__gene_K_rbs	633.000000	0.000000	0.000000
889.999222	__ribosome	0.000000	0.000000	0.000000
889.999222	bound_ecolipol	1885.000000	0.000000	0.000000
889.999222	bound_ribosome	100.000000	0.000000	0.000000
889.999222	ecoli_genome	115.000000	0.000000	0.000000
889.999222	ecoli_transcript	67273.000000	0.000000	0.000000
889.999222	ecolipol	42.000000	0.000000	0.000000
889.999222	gene_A	7.000000	20.000000	0.000000
889.999222	gene_A*	5.000000	20.000000	0.000000
889.999222	gene_B	254.000000	641.000000	0.000000
889.999222	gene_C	172.000000	631.000000	0.000000
889.999222	gene_D	295.000000	650.000000	0.000000
889.999222	gene_E	213.000000	645.000000	0.000000
889.999222	gene_F	99.000000	451.000000	0.002217
889.999222	gene_G	35.000000	350.000000	0.054286
889.999222	gene_H	0.000000	229.000000	0.109170
889.999222	gene_J	129.000000	639.000000	0.086072
889.999222	gene_K	173.000000	633.000000	0.000000
889.999222	promoter_A	1.000000	0.000000	0.000000
889.999222	promoter_B1	0.000000	0.000000	0.000000
889.999222	promoter_D	0.000000	0.000000	0.000000
894.999001	__gene_A*_rbs	20.000000	0.000000	0.000000
894.999001	__gene_A_rbs	20.000000	0.000000	0.000000
894.999001	__gene_B_rbs	645.000000	0.000000	0.000000
894.999001	__gene_C_rbs	635.000000	0.000000	0.000000
894.999001	__gene_D_rbs	653.000000	0.000000	0.000000
894.999001	__gene_E_rbs	649.000000	0.000000	0.000000
894.999001	__gene_F_rbs	454.000000	0.000000	0.000000
894.999001	__gene_G_rbs	353.000000	0.000000	0.000000
894.999001	__gene_H_rbs	232.000000	0.000000	0.000000
894.999001	__gene_J_rbs	642.000000	0.000000	0.000000
894.999001	__gene_K_rbs	637.000000	0.000000	0.000000
894.999001	__ribosome	0.000000	0.000000	0.000000
894.999001	bound_ecolipol	1891.000000	0.000000	0.000000
894.999001	bound_ribosome	100.000000	0.000000	0.000000
894.999001	ecoli_genome	109.000000	0.000000	0.000000
894.999001	ecoli_transcript	67648.000000	0.000000	0.000000
894.999001	ecolipol	34.000000	0.000000	0.000000
894.999001	gene_A	7.000000	20.000000	0.000000
894.999001	gene_A*	5.000000	20.000000	0.000000
894.999001	gene_B	254.000000	645.000000	0.000000
894.999001	gene_C	172.000000	635.000000	0.000000
894.999001	gene_D	295.000000	653.000000	0.000000
894.999001	gene_E	213.000000	649.000000	0.000000
894.999001	gene_F	99.000000	454.000000	0.002203
894.999001	gene_G	35.000000	353.000000	0.053824
894.999001	gene_H	0.000000	232.000000	0.107759
894.999001	gene_J	129.000000	642.000000	0.085670
894.999001	gene_K	173.000000	637.000000	0.000000
894.999001	promoter_A	1.000000	0.000000	0.000000
894.999001	promoter_B1	0.000000	0.000000	0.000000
894.999001	promoter_D	0.000000	0.000000	0.000000
899.999158	__gene_A*_rbs	20.000000	0.000000	0.000000
899.999158	__gene_A_rbs	20.000000	0.000000	0.000000
899.999158	__gene_B_rbs	649.000000	0.000000	0.000000
899.999158	__gene_C_rbs	639.000000	0.000000	0.000000
899.999158	__gene_D_rbs	657.000000	0.000000	0.000000
899.999158	__gene_E_rbs	653.000000	0.000000	0.000000
899.999158	__gene_F_rbs	458.000000	0.000000	0.000000
899.999158	__gene_G_rbs	356.000000	0.000000	0.000000
899.999158	__gene_H_rbs	234.000000	0.000000	0.000000
899.999158	__gene_J_rbs	646.000000	0.000000	0.000000
899.999158	__gene_K_rbs	640.000000	0.000000	0.000000
899.999158	__ribosome	0.000000	0.000000	0.000000
899.999158	bound_ecolipol	1885.000000	0.000000	0.000000
899.999158	bound_ribosome	100.000000	0.000000	0.000000
899.999158	ecoli_genome	115.000000	0.000000	0.000000
899.999158	ecoli_transcript	68047.000000	0.000000	0.000000
899.999158	ecolipol	38.000000	0.000000	0.000000
899.999158	gene_A	7.000000	20.000000	0.000000
899.999158	gene_A*	5.000000	20.000000	0.000000
899.999158	gene_B	254.000000	649.000000	0.000000
899.999158	gene_C	172.000000	639.000000	0.000000
899.999158	gene_D	295.000000	657.000000	0.000000
899.999158	gene_E	213.000000	653.000000	0.000000
899.999158	gene_F	99.000000	458.000000	0.002183
899.999158	gene_G	35.000000	356.000000	0.053371
899.999158	gene_H	0.000000	234.000000	0.106838
899.999158	gene_J	129.000000	646.000000	0.085139
899.999158	gene_K	173.000000	640.000000	0.000000
899.999158	promoter_A	1.000000	0.000000	0.000000
899.999158	promoter_B1	0.000000	0.000000	0.000000
899.999158	promoter_D	0.000000	0.000000	0.000000
904.999053	__gene_A*_rbs	20.000000	0.000000	0.000000
904.999053	__gene_A_rbs	20.000000	0.000000	0.000000
904.999053	__gene_B_rbs	652.000000	0.000000	0.000000
904.999053	__gene_C_rbs	642.000000	0.000000	0.000000
904.999053	__gene_D_rbs	661.000000	0.000000	0.000000
904.999053	__gene_E_rbs	656.000000	0.000000	0.000000
904.999053	__gene_F_rbs	460.000000	0.000000	0.000000
904.999053	__gene_G_rbs	358.000000	0.000000	0.000000
904.999053	__gene_H_rbs	235.000000	0.000000	0.000000
904.999053	__gene_J_rbs	650.000000	0.000000	0.000000
904.999053	__gene_K_rbs	644.000000	0.000000	0.000000
904.999053	__ribosome	0.000000	0.000000	0.000000
904.999053	bound_ecolipol	1883.000000	0.000000	0.000000
904.999053	bound_ribosome	100.000000	0.000000	0.000000
904.999053	ecoli_genome	117.000000	0.000000	0.000000
904.999053	ecoli_transcript	68430.000000	0.000000	0.000000
904.999053	ecolipol	43.000000	0.000000	0.000000
904.999053	gene_A	7.000000	20.000000	0.000000
904.999053	gene_A*	5.000000	20.000000	0.000000
904.999053	gene_B	254.000000	652.000000	0.000000
904.999053	gene_C	172.000000	642.000000	0.000000
904.999053	gene_D	295.000000	661.000000	0.000000
904.999053	gene_E	213.000000	656.000000	0.000000
904.999053	gene_F	99.000000	460.000000	0.002174
904.999053	gene_G	35.000000	358.000000	0.053073
904.999053	gene_H	0.000000	235.000000	0.106383
904.999053	gene_J	129.000000	650.000000	0.084615
904.999053	gene_K	173.000000	644.000000	0.000000
904.999053	promoter_A	1.000000	0.000000	0.000000
904.999053	promoter_B1	0.000000	0.000000	0.000000
904.999053	promoter_D	0.000000	0.000000	0.000000
909.999024	__gene_A*_rbs	20.000000	0.000000	0.000000
909.999024	__gene_A_rbs	20.000000	0.000000	0.000000
909.999024	__gene_B_rbs	656.000000	0.000000	0.000000
909.999024	__gene_C_rbs	646.000000	0.000000	0.000000
909.999024	__gene_D_rbs	664.000000	0.000000	0.000000
909.999024	__gene_E_rbs	660.000000	0.000000	0.000000
909.999024	__gene_F_rbs	462.000000	0.000000	0.000000
909.999024	__gene_G_rbs	361.000000	0.000000	0.000000
909.999024	__gene_H_rbs	236.000000	0.000000	0.000000
909.999024	__gene_J_rbs	654.000000	0.000000	0.000000
909.999024	__gene_K_rbs	648.000000	0.000000	0.000000
909.999024	__ribosome	0.000000	0.000000	0.000000
909.999024	bound_ecolipol	1884.000000	0.000000	0.000000
909.999024	bound_ribosome	100.000000	0.000000	0.000000
909.999024	ecoli_genome	116.000000	0.000000	0.000000
909.999024	ecoli_transcript	68789.000000	0.000000	0.000000
909.999024	ecolipol	42.000000	0.000000	0.000000
909.999024	gene_A	7.000000	20.000000	0.000000
909.999024	gene_A*	5.000000	20.000000	0.000000
909.999024	gene_B	254.000000	656.000000	0.000000
909.999024	gene_C	172.000000	646.000000	0.000000
909.999024	gene_D	295.000000	664.000000	0.000000
909.999024	gene_E	213.000000	660.000000	0.000000
909.999024	gene_F	99.000000	462.000000	0.002165
909.999024	gene_G	35.000000	361.000000	0.052632
909.999024	gene_H	0.000000	236.000000	0.105932
909.999024	gene_J	129.000000	654.000000	0.084098
909.999024	gene_K	173.000000	648.000000	0.000000
909.999024	promoter_A	1.000000	0.000000	0.000000
909.999024	promoter_B1	0.000000	0.000000	0.000000
909.999024	promoter_D	0.000000	0.000000	0.000000
914.999137	__gene_A*_rbs	20.000000	0.000000	0.000000
914.999137	__gene_A_rbs	20.000000	0.000000	0.000000
914.999137	__gene_B_rbs	659.000000	0.000000	0.000000
914.999137	__gene_C_rbs	649.000000	0.000000	0.000000
914.999137	__gene_D_rbs	668.000000	0.000000	0.000000
914.999137	__gene_E_rbs	664.000000	0.000000	0.000000
914.999137	__gene_F_rbs	466.000000	0.000000	0.000000
914.999137	__gene_G_rbs	363.000000	0.000000	0.000000
914.999137	__gene_H_rbs	238.000000	0.000000	0.000000
914.999137	__gene_J_rbs	657.000000	0.000000	0.000000
914.999137	__gene_K_rbs	651.000000	0.000000	0.000000
914.999137	__ribosome	0.000000	0.000000	0.000000
914.999137	bound_ecolipol	1868.000000	0.000000	0.000000
914.999137	bound_ribosome	100.000000	0.000000	0.000000
914.999137	ecoli_genome	132.000000	0.000000	0.000000
914.999137	ecoli_transcript	69204.000000	0.000000	0.000000
914.999137	ecolipol	57.000000	0.000000	0.000000
914.999137	gene_A	7.000000	20.000000	0.000000
914.999137	gene_A*	5.000000	20.000000	0.000000
914.999137	gene_B	254.000000	659.000000	0.000000
914.999137	gene_C	172.000000	649.000000	0.000000
914.999137	gene_D	295.000000	668.000000	0.000000
914.999137	gene_E	213.000000	664.000000	0.000000
914.999137	gene_F	99.000000	466.000000	0.002146
914.999137	gene_G	35.000000	363.000000	0.052342
914.999137	gene_H	0.000000	238.000000	0.105042
914.999137	gene_J	129.000000	657.000000	0.083714
914.999137	gene_K	173.000000	651.000000	0.000000
914.999137	promoter_A	1.000000	0.000000	0.000000
914.999137	promoter_B1	0.000000	0.000000	0.000000
914.999137	promoter_D	0.000000	0.000000	0.000000
919.999181	__gene_A*_rbs	20.000000	0.000000	0.000000
919.999181	__gene_A_rbs	20.000000	0.000000	0.000000
919.999181	__gene_B_rbs	663.000000	0.000000	0.000000
919.999181	__gene_C_rbs	653.000000	0.000000	0.000000
919.999181	__gene_D_rbs	672.000000	0.000000	0.000000
919.999181	__gene_E_rbs	668.000000	0.000000	0.000000
919.999181	__gene_F_rbs	468.000000	0.000000	0.000000
919.999181	__gene_G_rbs	365.000000	0.000000	0.000000
919.999181	__gene_H_rbs	239.000000	0.000000	0.000000
919.999181	__gene_J_rbs	661.000000	0.000000	0.000000
919.999181	__gene_K_rbs	656.000000	0.000000	0.000000
919.999181	__ribosome	0.000000	0.000000	0.000000
919.999181	bound_ecolipol	1885.000000	0.000000	0.000000
919.999181	bound_ribosome	100.000000	0.000000	0.000000
919.999181	ecoli_genome	115.000000	0.000000	0.000000
919.999181	ecoli_transcript	69569.000000	0.000000	0.000000
919.999181	ecolipol	41.000000	0.000000	0.000000
919.999181	gene_A	7.000000	20.000000	0.000000
919.999181	gene_A*	5.000000	20.000000	0.000000
919.999181	gene_B	254.000000	663.000000	0.000000
919.999181	gene_C	172.000000	653.000000	0.001531
919.999181	gene_D	295.000000	672.000000	0.000000
919.999181	gene_E	213.000000	668.000000	0.000000
919.999181	gene_F	100.000000	468.000000	0.000000
919.999181	gene_G	35.000000	365.000000	0.052055
919.999181	gene_H	0.000000	239.000000	0.104603
919.999181	gene_J	129.000000	661.000000	0.083207
919.999181	gene_K	173.000000	656.000000	0.000000
919.999181	promoter_A	1.000000	0.000000	0.000000
919.999181	promoter_B1	0.000000	0.000000	0.000000
919.999181	promoter_D	0.000000	0.000000	0.000000
924.999357	__gene_A*_rbs	20.000000	0.000000	0.000000
924.999357	__gene_A_rbs	20.000000	0.000000	0.000000
924.999357	__gene_B_rbs	667.000000	0.000000	0.000000
924.999357	__gene_C_rbs	657.000000	0.000000	0.000000
924.999357	__gene_D_rbs	676.000000	0.000000	0.000000
924.999357	__gene_E_rbs	672.000000	0.000000	0.000000
924.999357	__gene_F_rbs	470.000000	0.000000	0.000000
924.999357	__gene_G_rbs	367.000000	0.000000	0.000000
924.999357	__gene_H_rbs	242.000000	0.000000	0.000000
924.999357	__gene_J_rbs	665.000000	0.000000	0.000000
924.999357	__gene_K_rbs	659.000000	0.000000	0.000000
924.999357	__ribosome	0.000000	0.000000	0.000000
924.999357	bound_ecolipol	1889.000000	0.000000	0.000000
924.999357	bound_ribosome	100.000000	0.000000	0.000000
924.999357	ecoli_genome	111.000000	0.000000	0.000000
924.999357	ecoli_transcript	69943.000000	0.000000	0.000000
924.999357	ecolipol	37.000000	0.000000	0.000000
924.999357	gene_A	7.000000	20.000000	0.000000
924.999357	gene_A*	5.000000	20.000000	0.000000
924.999357	gene_B	254.000000	667.000000	0.000000
924.999357	gene_C	173.000000	657.000000	0.000000
924.999357	gene_D	295.000000	676.000000	0.000000
924.999357	gene_E	213.000000	672.000000	0.000000
924.999357	gene_F	100.000000	470.000000	0.000000
924.999357	gene_G	35.000000	367.000000	0.051771
924.999357	gene_H	0.000000	242.000000	0.103306
924.999357	gene_J	129.000000	665.000000	0.082707
924.999357	gene_K	173.000000	659.000000	0.001517
924.999357	promoter_A	1.000000	0.000000	0.000000
924.999357	promoter_B1	0.000000	0.000000	0.000000
924.999357	promoter_D	0.000000	0.000000	0.000000
929.999149	__gene_A*_rbs	20.000000	0.000000	0.000000
929.999149	__gene_A_rbs	20.000000	0.000000	0.000000
929.999149	__gene_B_rbs	671.000000	0.000000	0.000000
929.999149	__gene_C_rbs	661.000000	0.000000	0.000000
929.999149	__gene_D_rbs	680.000000	0.000000	0.000000
929.999149	__gene_E_rbs	676.000000	0.000000	0.000000
929.999149	__gene_F_rbs	473.000000	0.000000	0.000000
929.999149	__gene_G_rbs	369.000000	0.000000	0.000000
929.999149	__gene_H_rbs	243.000000	0.000000	0.000000
929.999149	__gene_J_rbs	669.000000	0.000000	0.000000
929.999149	__gene_K_rbs	663.000000	0.000000	0.000000
929.999149	__ribosome	0.000000	0.000000	0.000000
929.999149	bound_ecolipol	1889.000000	0.000000	0.000000
929.999149	bound_ribosome	100.000000	0.000000	0.000000
929.999149	ecoli_genome	111.000000	0.000000	0.000000
929.999149	ecoli_transcript	70307.000000	0.000000	0.000000
929.999149	ecolipol	39.000000	0.000000	0.000000
929.999149	gene_A	7.000000	20.000000	0.000000
929.999149	gene_A*	5.000000	20.000000	0.000000
929.999149	gene_B	254.000000	671.000000	0.000000
929.999149	gene_C	173.000000	661.000000	0.000000
929.999149	gene_D	295.000000	680.000000	0.000000
929.999149	gene_E	213.000000	676.000000	0.000000
929.999149	gene_F	100.000000	473.000000	0.000000
929.999149	gene_G	35.000000	369.000000	0.051491
929.999149	gene_H	0.000000	243.000000	0.102881
929.999149	gene_J	129.000000	669.000000	0.082212
929.999149	gene_K	173.000000	663.000000	0.001508
929.999149	promoter_A	1.000000	0.000000	0.000000
929.999149	promoter_B1	0.000000	0.000000	0.000000
929.999149	promoter_D	0.000000	0.000000	0.000000
934.999229	__gene_A*_rbs	20.000000	0.000000	0.000000
934.999229	__gene_A_rbs	20.000000	0.000000	0.000000
934.999229	__gene_B_rbs	675.000000	0.000000	0.000000
934.999229	__gene_C_rbs	665.000000	0.000000	0.000000
934.999229	__gene_D_rbs	683.000000	0.000000	0.000000
934.999229	__gene_E_rbs	679.000000	0.000000	0.000000
934.999229	__gene_F_rbs	476.000000	0.000000	0.000000
934.999229	__gene_G_rbs	372.000000	0.000000	0.000000
934.999229	__gene_H_rbs	244.000000	0.000000	0.000000
934.999229	__gene_J_rbs	672.000000	0.000000	0.000000
934.999229	__gene_K_rbs	666.000000	0.000000	0.000000
934.999229	__ribosome	0.000000	0.000000	0.000000
934.999229	bound_ecolipol	1886.000000	0.000000	0.000000
934.999229	bound_ribosome	100.000000	0.000000	0.000000
934.999229	ecoli_genome	114.000000	0.000000	0.000000
934.999229	ecoli_transcript	70664.000000	0.000000	0.000000
934.999229	ecolipol	40.000000	0.000000	0.000000
934.999229	gene_A	7.000000	20.000000	0.000000
934.999229	gene_A*	5.000000	20.000000	0.000000
934.999229	gene_B	254.000000	675.000000	0.000000
934.999229	gene_C	173.000000	665.000000	0.001504
934.999229	gene_D	295.000000	683.000000	0.000000
934.999229	gene_E	213.000000	679.000000	0.000000
934.999229	gene_F	100.000000	476.000000	0.000000
934.999229	gene_G	35.000000	372.000000	0.051075
934.999229	gene_H	0.000000	244.000000	0.102459
934.999229	gene_J	129.000000	672.000000	0.081845
934.999229	gene_K	174.000000	666.000000	0.000000
934.999229	promoter_A	1.000000	0.000000	0.000000
934.999229	promoter_B1	0.000000	0.000000	0.000000
934.999229	promoter_D	0.000000	0.000000	0.000000
939.999085	__gene_A*_rbs	20.000000	0.000000	0.000000
939.999085	__gene_A_rbs	20.000000	0.000000	0.000000
939.999085	__gene_B_rbs	678.000000	0.000000	0.000000
939.999085	__gene_C_rbs	668.000000	0.000000	0.000000
939.999085	__gene_D_rbs	687.000000	0.000000	0.000000
939.999085	__gene_E_rbs	683.000000	0.000000	0.000000
939.999085	__gene_F_rbs	478.000000	0.000000	0.000000
939.999085	__gene_G_rbs	376.000000	0.000000	0.000000
939.999085	__gene_H_rbs	245.000000	0.000000	0.000000
939.999085	__gene_J_rbs	676.000000	0.000000	0.000000
939.999085	__gene_K_rbs	670.000000	0.000000	0.000000
939.999085	__ribosome	0.000000	0.000000	0.000000
939.999085	bound_ecolipol	1882.000000	0.000000	0.000000
939.999085	bound_ribosome	100.000000	0.000000	0.000000
939.999085	ecoli_genome	118.000000	0.000000	0.000000
939.999085	ecoli_transcript	71025.000000	0.000000	0.000000
939.999085	ecolipol	42.000000	0.000000	0.000000
939.999085	gene_A	7.000000	20.000000	0.000000
939.999085	gene_A*	5.000000	20.000000	0.000000
939.999085	gene_B	254.000000	678.000000	0.000000
939.999085	gene_C	173.000000	668.000000	0.001497
939.999085	gene_D	295.000000	687.000000	0.000000
939.999085	gene_E	213.000000	683.000000	0.000000
939.999085	gene_F	100.000000	478.000000	0.000000
939.999085	gene_G	35.000000	376.000000	0.050532
939.999085	gene_H	0.000000	245.000000	0.102041
939.999085	gene_J	129.000000	676.000000	0.081361
939.999085	gene_K	174.000000	670.000000	0.000000
939.999085	promoter_A	1.000000	0.000000	0.000000
939.999085	promoter_B1	0.000000	0.000000	0.000000
939.999085	promoter_D	0.000000	0.000000	0.000000
944.999398	__gene_A*_rbs	20.000000	0.000000	0.000000
944.999398	__gene_A_rbs	20.000000	0.000000	0.000000
944.999398	__gene_B_rbs	682.000000	0.000000	0.000000
944.999398	__gene_C_rbs	671.000000	0.000000	0.000000
944.999398	__gene_D_rbs	691.000000	0.000000	0.000000
944.999398	__gene_E_rbs	687.000000	0.000000	0.000000
944.999398	__gene_F_rbs	480.000000	0.000000	0.000000
944.999398	__gene_G_rbs	378.000000	0.000000	0.000000
944.999398	__gene_H_rbs	248.000000	0.000000	0.000000
944.999398	__gene_J_rbs	680.000000	0.000000	0.000000
944.999398	__gene_K_rbs	674.000000	0.000000	0.000000
944.999398	__ribosome	0.000000	0.000000	0.000000
944.999398	bound_ecolipol	1881.000000	0.000000	0.000000
944.999398	bound_ribosome	100.000000	0.000000	0.000000
944.999398	ecoli_genome	119.000000	0.000000	0.000000
944.999398	ecoli_transcript	71403.000000	0.000000	0.000000
944.999398	ecolipol	46.000000	0.000000	0.000000
944.999398	gene_A	7.000000	20.000000	0.000000
944.999398	gene_A*	5.000000	20.000000	0.000000
944.999398	gene_B	254.000000	682.000000	0.000000
944.999398	gene_C	174.000000	671.000000	0.000000
944.999398	gene_D	295.000000	691.000000	0.001447
944.999398	gene_E	213.000000	687.000000	0.000000
944.999398	gene_F	100.000000	480.000000	0.000000
944.999398	gene_G	35.000000	378.000000	0.050265
944.999398	gene_H	0.000000	248.000000	0.100806
944.999398	gene_J	129.000000	680.000000	0.080882
944.999398	gene_K	174.000000	674.000000	0.000000
944.999398	promoter_A	1.000000	0.000000	0.000000
944.999398	promoter_B1	0.000000	0.000000	0.000000
944.999398	promoter_D	0.000000	0.000000	0.000000
949.999043	__gene_A*_rbs	20.000000	0.000000	0.000000
949.999043	__gene_A_rbs	20.000000	0.000000	0.000000
949.999043	__gene_B_rbs	686.000000	0.000000	0.000000
949.999043	__gene_C_rbs	675.000000	0.000000	0.000000
949.999043	__gene_D_rbs	694.000000	0.000000	0.000000
949.999043	__gene_E_rbs	690.000000	0.000000	0.000000
949.999043	__gene_F_rbs	480.000000	0.000000	0.000000
949.999043	__gene_G_rbs	381.000000	0.000000	0.000000
949.999043	__gene_H_rbs	250.000000	0.000000	0.000000
949.999043	__gene_J_rbs	684.000000	0.000000	0.000000
949.999043	__gene_K_rbs	677.000000	0.000000	0.000000
949.999043	__ribosome	0.000000	0.000000	0.000000
949.999043	bound_ecolipol	1887.000000	0.000000	0.000000
949.999043	bound_ribosome	100.000000	0.000000	0.000000
949.999043	ecoli_genome	113.000000	0.000000	0.000000
949.999043	ecoli_transcript	71779.000000	0.000000	0.000000
949.999043	ecolipol	42.000000	0.000000	0.000000
949.999043	gene_A	7.000000	20.000000	0.000000
949.999043	gene_A*	5.000000	20.000000	0.000000
949.999043	gene_B	254.000000	686.000000	0.000000
949.999043	gene_C	174.000000	675.000000	0.000000
949.999043	gene_D	295.000000	694.000000	0.001441
949.999043	gene_E	213.000000	690.000000	0.000000
949.999043	gene_F	100.000000	480.000000	0.000000
949.999043	gene_G	35.000000	381.000000	0.049869
949.999043	gene_H	0.000000	250.000000	0.100000
949.999043	gene_J	129.000000	684.000000	0.080409
949.999043	gene_K	174.000000	677.000000	0.000000
949.999043	promoter_A	1.000000	0.000000	0.000000
949.999043	promoter_B1	0.000000	0.000000	0.000000
949.999043	promoter_D	0.000000	0.000000	0.000000
954.999034	__gene_A*_rbs	20.000000	0.000000	0.000000
954.999034	__gene_A_rbs	20.000000	0.000000	0.000000
954.999034	__gene_B_rbs	690.000000	0.000000	0.000000
954.999034	__gene_C_rbs	679.000000	0.000000	0.000000
954.999034	__gene_D_rbs	698.000000	0.000000	0.000000
954.999034	__gene_E_rbs	694.000000	0.000000	0.000000
954.999034	__gene_F_rbs	482.000000	0.000000	0.000000
954.999034	__gene_G_rbs	383.000000	0.000000	0.000000
954.999034	__gene_H_rbs	251.000000	0.000000	0.000000
954.999034	__gene_J_rbs	688.000000	0.000000	0.000000
954.999034	__gene_K_rbs	681.000000	0.000000	0.000000
954.999034	__ribosome	0.000000	0.000000	0.000000
954.999034	bound_ecolipol	1888.000000	0.000000	0.000000
954.999034	bound_ribosome	100.000000	0.000000	0.000000
954.999034	ecoli_genome	112.000000	0.000000	0.000000
954.999034	ecoli_transcript	72157.000000	0.000000	0.000000
954.999034	ecolipol	46.000000	0.000000	0.000000
954.999034	gene_A	7.000000	20.000000	0.000000
954.999034	gene_A*	5.000000	20.000000	0.000000
954.999034	gene_B	254.000000	690.000000	0.000000
954.999034	gene_C	174.000000	679.000000	0.000000
954.999034	gene_D	295.000000	698.000000	0.001433
954.999034	gene_E	213.000000	694.000000	0.000000
954.999034	gene_F	100.000000	482.000000	0.000000
954.999034	gene_G	35.000000	383.000000	0.049608
954.999034	gene_H	0.000000	251.000000	0.099602
954.999034	gene_J	129.000000	688.000000	0.079942
954.999034	gene_K	174.000000	681.000000	0.000000
954.999034	promoter_A	1.000000	0.000000	0.000000
954.999034	promoter_B1	0.000000	0.000000	0.000000
954.999034	promoter_D	0.000000	0.000000	0.000000
959.999199	__gene_A*_rbs	20.000000	0.000000	0.000000
959.999199	__gene_A_rbs	20.000000	0.000000	0.000000
959.999199	__gene_B_rbs	693.000000	0.000000	0.000000
959.999199	__gene_C_rbs	683.000000	0.000000	0.000000
959.999199	__gene_D_rbs	702.000000	0.000000	0.000000
959.999199	__gene_E_rbs	697.000000	0.000000	0.000000
959.999199	__gene_F_rbs	484.000000	0.000000	0.000000
959.999199	__gene_G_rbs	384.000000	0.000000	0.000000
959.999199	__gene_H_rbs	252.000000	0.000000	0.000000
959.999199	__gene_J_rbs	692.000000	0.000000	0.000000
959.999199	__gene_K_rbs	685.000000	0.000000	0.000000
959.999199	__ribosome	0.000000	0.000000	0.000000
959.999199	bound_ecolipol	1883.000000	0.000000	0.000000
959.999199	bound_ribosome	100.000000	0.000000	0.000000
959.999199	ecoli_genome	117.000000	0.000000	0.000000
959.999199	ecoli_transcript	72519.000000	0.000000	0.000000
959.999199	ecolipol	49.000000	0.000000	0.000000
959.999199	gene_A	7.000000	20.000000	0.000000
959.999199	gene_A*	5.000000	20.000000	0.000000
959.999199	gene_B	254.000000	693.000000	0.000000
959.999199	gene_C	174.000000	683.000000	0.001464
959.999199	gene_D	296.000000	702.000000	0.000000
959.999199	gene_E	213.000000	697.000000	0.000000
959.999199	gene_F	100.000000	484.000000	0.000000
959.999199	gene_G	35.000000	384.000000	0.049479
959.999199	gene_H	0.000000	252.000000	0.099206
959.999199	gene_J	129.000000	692.000000	0.079480
959.999199	gene_K	174.000000	685.000000	0.000000
959.999199	promoter_A	1.000000	0.000000	0.000000
959.999199	promoter_B1	0.000000	0.000000	0.000000
959.999199	promoter_D	0.000000	0.000000	0.000000
964.999056	__gene_A*_rbs	20.000000	0.000000	0.000000
964.999056	__gene_A_rbs	20.000000	0.000000	0.000000
964.999056	__gene_B_rbs	697.000000	0.000000	0.000000
964.999056	__gene_C_rbs	686.000000	0.000000	0.000000
964.999056	__gene_D_rbs	706.000000	0.000000	0.000000
964.999056	__gene_E_rbs	701.000000	0.000000	0.000000
964.999056	__gene_F_rbs	488.000000	0.000000	0.000000
964.999056	__gene_G_rbs	386.000000	0.000000	0.000000
964.999056	__gene_H_rbs	253.000000	0.000000	0.000000
964.999056	__gene_J_rbs	695.000000	0.000000	0.000000
964.999056	__gene_K_rbs	689.000000	0.000000	0.000000
964.999056	__ribosome	0.000000	0.000000	0.000000
964.999056	bound_ecolipol	1891.000000	0.000000	0.000000
964.999056	bound_ribosome	100.000000	0.000000	0.000000
964.999056	ecoli_genome	109.000000	0.000000	0.000000
964.999056	ecoli_transcript	72901.000000	0.000000	0.000000
964.999056	ecolipol	42.000000	0.000000	0.000000
964.999056	gene_A	7.000000	20.000000	0.000000
964.999056	gene_A*	5.000000	20.000000	0.000000
964.999056	gene_B	254.000000	697.000000	0.000000
964.999056	gene_C	174.000000	686.000000	0.001458
964.999056	gene_D	296.000000	706.000000	0.000000
964.999056	gene_E	213.000000	701.000000	0.000000
964.999056	gene_F	100.000000	488.000000	0.000000
964.999056	gene_G	35.000000	386.000000	0.049223
964.999056	gene_H	0.000000	253.000000	0.098814
964.999056	gene_J	129.000000	695.000000	0.079137
964.999056	gene_K	174.000000	689.000000	0.000000
964.999056	promoter_A	1.000000	0.000000	0.000000
964.999056	promoter_B1	0.000000	0.000000	0.000000
964.999056	promoter_D	0.000000	0.000000	0.000000
969.999380	__gene_A*_rbs	20.000000	0.000000	0.000000
969.999380	__gene_A_rbs	20.000000	0.000000	0.000000
969.999380	__gene_B_rbs	700.000000	0.000000	0.000000
969.999380	__gene_C_rbs	690.000000	0.000000	0.000000
969.999380	__gene_D_rbs	709.000000	0.000000	0.000000
969.999380	__gene_E_rbs	705.000000	0.000000	0.000000
969.999380	__gene_F_rbs	491.000000	0.000000	0.000000
969.999380	__gene_G_rbs	388.000000	0.000000	0.000000
969.999380	__gene_H_rbs	254.000000	0.000000	0.000000
969.999380	__gene_J_rbs	698.000000	0.000000	0.000000
969.999380	__gene_K_rbs	692.000000	0.000000	0.000000
969.999380	__ribosome	0.000000	0.000000	0.000000
969.999380	bound_ecolipol	1884.000000	0.000000	0.000000
969.999380	bound_ribosome	100.000000	0.000000	0.000000
969.999380	ecoli_genome	116.000000	0.000000	0.000000
969.999380	ecoli_transcript	73307.000000	0.000000	0.000000
969.999380	ecolipol	51.000000	0.000000	0.000000
969.999380	gene_A	7.000000	20.000000	0.000000
969.999380	gene_A*	5.000000	20.000000	0.000000
969.999380	gene_B	254.000000	700.000000	0.000000
969.999380	gene_C	175.000000	690.000000	0.000000
969.999380	gene_D	296.000000	709.000000	0.000000
969.999380	gene_E	213.000000	705.000000	0.000000
969.999380	gene_F	100.000000	491.000000	0.000000
969.999380	gene_G	35.000000	388.000000	0.051546
969.999380	gene_H	0.000000	254.000000	0.098425
969.999380	gene_J	129.000000	698.000000	0.078797
969.999380	gene_K	174.000000	692.000000	0.000000
969.999380	promoter_A	1.000000	0.000000	0.000000
969.999380	promoter_B1	0.000000	0.000000	0.000000
969.999380	promoter_D	0.000000	0.000000	0.000000
974.999100	__gene_A*_rbs	20.000000	0.000000	0.000000
974.999100	__gene_A_rbs	20.000000	0.000000	0.000000
974.999100	__gene_B_rbs	704.000000	0.000000	0.000000
974.999100	__gene_C_rbs	694.000000	0.000000	0.000000
974.999100	__gene_D_rbs	713.000000	0.000000	0.000000
974.999100	__gene_E_rbs	708.000000	0.000000	0.000000
974.999100	__gene_F_rbs	493.000000	0.000000	0.000000
974.999100	__gene_G_rbs	390.000000	0.000000	0.000000
974.999100	__gene_H_rbs	254.000000	0.000000	0.000000
974.999100	__gene_J_rbs	701.000000	0.000000	0.000000
974.999100	__gene_K_rbs	696.000000	0.000000	0.000000
974.999100	__ribosome	0.000000	0.000000	0.000000
974.999100	bound_ecolipol	1889.000000	0.000000	0.000000
974.999100	bound_ribosome	100.000000	0.000000	0.000000
974.999100	ecoli_genome	111.000000	0.000000	0.000000
974.999100	ecoli_transcript	73685.000000	0.000000	0.000000
974.999100	ecolipol	46.000000	0.000000	0.000000
974.999100	gene_A	7.000000	20.000000	0.000000
974.999100	gene_A*	5.000000	20.000000	0.000000
974.999100	gene_B	254.000000	704.000000	0.000000
974.999100	gene_C	175.000000	694.000000	0.000000
974.999100	gene_D	296.000000	713.000000	0.000000
974.999100	gene_E	213.000000	708.000000	0.000000
974.999100	gene_F	100.000000	493.000000	0.000000
974.999100	gene_G	35.000000	390.000000	0.051282
974.999100	gene_H	0.000000	254.000000	0.098425
974.999100	gene_J	129.000000	701.000000	0.078459
974.999100	gene_K	174.000000	696.000000	0.000000
974.999100	promoter_A	1.000000	0.000000	0.000000
974.999100	promoter_B1	0.000000	0.000000	0.000000
974.999100	promoter_D	0.000000	0.000000	0.000000
979.999277	__gene_A*_rbs	20.000000	0.000000	0.000000
979.999277	__gene_A_rbs	20.000000	0.000000	0.000000
979.999277	__gene_B_rbs	708.000000	0.000000	0.000000
979.999277	__gene_C_rbs	697.000000	0.000000	0.000000
979.999277	__gene_D_rbs	717.000000	0.000000	0.000000
979.999277	__gene_E_rbs	712.000000	0.000000	0.000000
979.999277	__gene_F_rbs	495.000000	0.000000	0.000000
979.999277	__gene_G_rbs	391.000000	0.000000	0.000000
979.999277	__gene_H_rbs	255.000000	0.000000	0.000000
979.999277	__gene_J_rbs	705.000000	0.000000	0.000000
979.999277	__gene_K_rbs	700.000000	0.000000	0.000000
979.999277	__ribosome	0.000000	0.000000	0.000000
979.999277	bound_ecolipol	1892.000000	0.000000	0.000000
979.999277	bound_ribosome	100.000000	0.000000	0.000000
979.999277	ecoli_genome	108.000000	0.000000	0.000000
979.999277	ecoli_transcript	74097.000000	0.000000	0.000000
979.999277	ecolipol	43.000000	0.000000	0.000000
979.999277	gene_A	7.000000	20.000000	0.000000
979.999277	gene_A*	5.000000	20.000000	0.000000
979.999277	gene_B	254.000000	708.000000	0.000000
979.999277	gene_C	175.000000	697.000000	0.000000
979.999277	gene_D	296.000000	717.000000	0.000000
979.999277	gene_E	213.000000	712.000000	0.000000
979.999277	gene_F	100.000000	495.000000	0.000000
979.999277	gene_G	35.000000	391.000000	0.051151
979.999277	gene_H	0.000000	255.000000	0.098039
979.999277	gene_J	129.000000	705.000000	0.078014
979.999277	gene_K	174.000000	700.000000	0.000000
979.999277	promoter_A	1.000000	0.000000	0.000000
979.999277	promoter_B1	0.000000	0.000000	0.000000
979.999277	promoter_D	0.000000	0.000000	0.000000
984.999037	__gene_A*_rbs	20.000000	0.000000	0.000000
984.999037	__gene_A_rbs	20.000000	0.000000	0.000000
984.999037	__gene_B_rbs	712.000000	0.000000	0.000000
984.999037	__gene_C_rbs	701.000000	0.000000	0.000000
984.999037	__gene_D_rbs	720.000000	0.000000	0.000000
984.999037	__gene_E_rbs	716.000000	0.000000	0.000000
984.999037	__gene_F_rbs	498.000000	0.000000	0.000000
984.999037	__gene_G_rbs	394.000000	0.000000	0.000000
984.999037	__gene_H_rbs	257.000000	0.000000	0.000000
984.999037	__gene_J_rbs	709.000000	0.000000	0.000000
984.999037	__gene_K_rbs	703.000000	0.000000	0.000000
984.999037	__ribosome	0.000000	0.000000	0.000000
984.999037	bound_ecolipol	1890.000000	0.000000	0.000000
984.999037	bound_ribosome	100.000000	0.000000	0.000000
984.999037	ecoli_genome	110.000000	0.000000	0.000000
984.999037	ecoli_transcript	74444.000000	0.000000	0.000000
984.999037	ecolipol	44.000000	0.000000	0.000000
984.999037	gene_A	7.000000	20.000000	0.000000
984.999037	gene_A*	5.000000	20.000000	0.000000
984.999037	gene_B	254.000000	712.000000	0.000000
984.999037	gene_C	175.000000	701.000000	0.000000
984.999037	gene_D	296.000000	720.000000	0.000000
984.999037	gene_E	213.000000	716.000000	0.000000
984.999037	gene_F	100.000000	498.000000	0.002008
984.999037	gene_G	36.000000	394.000000	0.048223
984.999037	gene_H	0.000000	257.000000	0.097276
984.999037	gene_J	129.000000	709.000000	0.077574
984.999037	gene_K	174.000000	703.000000	0.000000
984.999037	promoter_A	1.000000	0.000000	0.000000
984.999037	promoter_B1	0.000000	0.000000	0.000000
984.999037	promoter_D	0.000000	0.000000	0.000000
989.999056	__gene_A*_rbs	20.000000	0.000000	0.000000
989.999056	__gene_A_rbs	20.000000	0.000000	0.000000
989.999056	__gene_B_rbs	715.000000	0.000000	0.000000
989.999056	__gene_C_rbs	705.000000	0.000000	0.000000
989.999056	__gene_D_rbs	724.000000	0.000000	0.000000
989.999056	__gene_E_rbs	719.000000	0.000000	0.000000
989.999056	__gene_F_rbs	502.000000	0.000000	0.000000
989.999056	__gene_G_rbs	394.000000	0.000000	0.000000
989.999056	__gene_H_rbs	258.000000	0.000000	0.000000
989.999056	__gene_J_rbs	713.000000	0.000000	0.000000
989.999056	__gene_K_rbs	707.000000	0.000000	0.000000
989.999056	__ribosome	0.000000	0.000000	0.000000
989.999056	bound_ecolipol	1886.000000	0.000000	0.000000
989.999056	bound_ribosome	100.000000	0.000000	0.000000
989.999056	ecoli_genome	114.000000	0.000000	0.000000
989.999056	ecoli_transcript	74838.000000	0.000000	0.000000
989.999056	ecolipol	47.000000	0.000000	0.000000
989.999056	gene_A	7.000000	20.000000	0.000000
989.999056	gene_A*	5.000000	20.000000	0.000000
989.999056	gene_B	254.000000	715.000000	0.000000
989.999056	gene_C	175.000000	705.000000	0.000000
989.999056	gene_D	296.000000	724.000000	0.000000
989.999056	gene_E	213.000000	719.000000	0.000000
989.999056	gene_F	100.000000	502.000000	0.001992
989.999056	gene_G	36.000000	394.000000	0.048223
989.999056	gene_H	0.000000	258.000000	0.096899
989.999056	gene_J	129.000000	713.000000	0.077139
989.999056	gene_K	174.000000	707.000000	0.000000
989.999056	promoter_A	1.000000	0.000000	0.000000
989.999056	promoter_B1	0.000000	0.000000	0.000000
989.999056	promoter_D	0.000000	0.000000	0.000000
994.999002	__gene_A*_rbs	20.000000	0.000000	0.000000
994.999002	__gene_A_rbs	20.000000	0.000000	0.000000
994.999002	__gene_B_rbs	719.000000	0.000000	0.000000
994.999002	__gene_C_rbs	708.000000	0.000000	0.000000
994.999002	__gene_D_rbs	727.000000	0.000000	0.000000
994.999002	__gene_E_rbs	723.000000	0.000000	0.000000
994.999002	__gene_F_rbs	504.000000	0.000000	0.000000
994.999002	__gene_G_rbs	395.000000	0.000000	0.000000
994.999002	__gene_H_rbs	258.000000	0.000000	0.000000
994.999002	__gene_J_rbs	716.000000	0.000000	0.000000
994.999002	__gene_K_rbs	710.000000	0.000000	0.000000
994.999002	__ribosome	0.000000	0.000000	0.000000
994.999002	bound_ecolipol	1886.000000	0.000000	0.000000
994.999002	bound_ribosome	100.000000	0.000000	0.000000
994.999002	ecoli_genome	114.000000	0.000000	0.000000
994.999002	ecoli_transcript	75231.000000	0.000000	0.000000
994.999002	ecolipol	48.000000	0.000000	0.000000
994.999002	gene_A	7.000000	20.000000	0.000000
994.999002	gene_A*	5.000000	20.000000	0.000000
994.999002	gene_B	254.000000	719.000000	0.000000
994.999002	gene_C	175.000000	708.000000	0.000000
994.999002	gene_D	296.000000	727.000000	0.000000
994.999002	gene_E	213.000000	723.000000	0.000000
994.999002	gene_F	100.000000	504.000000	0.001984
994.999002	gene_G	36.000000	395.000000	0.048101
994.999002	gene_H	0.000000	258.000000	0.096899
994.999002	gene_J	129.000000	716.000000	0.076816
994.999002	gene_K	174.000000	710.000000	0.000000
994.999002	promoter_A	1.000000	0.000000	0.000000
994.999002	promoter_B1	0.000000	0.000000	0.000000
994.999002	promoter_D	0.000000	0.000000	0.000000
999.999018	__gene_A*_rbs	20.000000	0.000000	0.000000
999.999018	__gene_A_rbs	20.000000	0.000000	0.000000
999.999018	__gene_B_rbs	723.000000	0.000000	0.000000
999.999018	__gene_C_rbs	712.000000	0.000000	0.000000
999.999018	__gene_D_rbs	731.000000	0.000000	0.000000
999.999018	__gene_E_rbs	726.000000	0.000000	0.000000
999.999018	__gene_F_rbs	505.000000	0.000000	0.000000
999.999018	__gene_G_rbs	398.000000	0.000000	0.000000
999.999018	__gene_H_rbs	260.000000	0.000000	0.000000
999.999018	__gene_J_rbs	720.000000	0.000000	0.000000
999.999018	__gene_K_rbs	714.000000	0.000000	0.000000
999.999018	__ribosome	0.000000	0.000000	0.000000
999.999018	bound_ecolipol	1883.000000	0.000000	0.000000
999.999018	bound_ribosome	100.000000	0.000000	0.000000
999.999018	ecoli_genome	117.000000	0.000000	0.000000
999.999018	ecoli_transcript	75620.000000	0.000000	0.000000
999.999018	ecolipol	50.000000	0.000000	0.000000
999.999018	gene_A	7.000000	20.000000	0.000000
999.999018	gene_A*	5.000000	20.000000	0.000000
999.999018	gene_B	254.000000	723.000000	0.000000
999.999018	gene_C	175.000000	712.000000	0.000000
999.999018	gene_D	296.000000	731.000000	0.000000
999.999018	gene_E	213.000000	726.000000	0.000000
999.999018	gene_F	100.000000	505.000000	0.001980
999.999018	gene_G	36.000000	398.000000	0.047739
999.999018	gene_H	0.000000	260.000000	0.096154
999.999018	gene_J	129.000000	720.000000	0.076389
999.999018	gene_K	174.000000	714.000000	0.000000
999.999018	promoter_A	1.000000	0.000000	0.000000
999.999018	promoter_B1	0.000000	0.000000	0.000000
999.999018	promoter_D	0.000000	0.000000	0.000000
1004.999074	__gene_A*_rbs	20.000000	0.000000	0.000000
1004.999074	__gene_A_rbs	20.000000	0.000000	0.000000
1004.999074	__gene_B_rbs	727.000000	0.000000	0.000000
1004.999074	__gene_C_rbs	716.000000	0.000000	0.000000
1004.999074	__gene_D_rbs	734.000000	0.000000	0.000000
1004.999074	__gene_E_rbs	730.000000	0.000000	0.000000
1004.999074	__gene_F_rbs	508.000000	0.000000	0.000000
1004.999074	__gene_G_rbs	400.000000	0.000000	0.000000
1004.999074	__gene_H_rbs	260.000000	0.000000	0.000000
1004.999074	__gene_J_rbs	724.000000	0.000000	0.000000
1004.999074	__gene_K_rbs	718.000000	0.000000	0.000000
1004.999074	__ribosome	0.000000	0.000000	0.000000
1004.999074	bound_ecolipol	1886.000000	0.000000	0.000000
1004.999074	bound_ribosome	100.000000	0.000000	0.000000
1004.999074	ecoli_genome	114.000000	0.000000	0.000000
1004.999074	ecoli_transcript	75981.000000	0.000000	0.000000
1004.999074	ecolipol	46.000000	0.000000	0.000000
1004.999074	gene_A	7.000000	20.000000	0.000000
1004.999074	gene_A*	5.000000	20.000000	0.000000
1004.999074	gene_B	254.000000	727.000000	0.000000
1004.999074	gene_C	175.000000	716.000000	0.000000
1004.999074	gene_D	296.000000	734.000000	0.000000
1004.999074	gene_E	213.000000	730.000000	0.000000
1004.999074	gene_F	100.000000	508.000000	0.001969
1004.999074	gene_G	36.000000	400.000000	0.047500
1004.999074	gene_H	0.000000	260.000000	0.096154
1004.999074	gene_J	129.000000	724.000000	0.075967
1004.999074	gene_K	174.000000	718.000000	0.000000
1004.999074	promoter_A	1.000000	0.000000	0.000000
1004.999074	promoter_B1	0.000000	0.000000	0.000000
1004.999074	promoter_D	0.000000	0.000000	0.000000
1009.999252	__gene_A*_rbs	20.000000	0.000000	0.000000
1009.999252	__gene_A_rbs	20.000000	0.000000	0.000000
1009.999252	__gene_B_rbs	730.000000	0.000000	0.000000
1009.999252	__gene_C_rbs	719.000000	0.000000	0.000000
1009.999252	__gene_D_rbs	738.000000	0.000000	0.000000
1009.999252	__gene_E_rbs	734.000000	0.000000	0.000000
1009.999252	__gene_F_rbs	511.000000	0.000000	0.000000
1009.999252	__gene_G_rbs	401.000000	0.000000	0.000000
1009.999252	__gene_H_rbs	261.000000	0.000000	0.000000
1009.999252	__gene_J_rbs	727.000000	0.000000	0.000000
1009.999252	__gene_K_rbs	721.000000	0.000000	0.000000
1009.999252	__ribosome	0.000000	0.000000	0.000000
1009.999252	bound_ecolipol	1889.000000	0.000000	0.000000
1009.999252	bound_ribosome	100.000000	0.000000	0.000000
1009.999252	ecoli_genome	111.000000	0.000000	0.000000
1009.999252	ecoli_transcript	76342.000000	0.000000	0.000000
1009.999252	ecolipol	43.000000	0.000000	0.000000
1009.999252	gene_A	7.000000	20.000000	0.000000
1009.999252	gene_A*	5.000000	20.000000	0.000000
1009.999252	gene_B	254.000000	730.000000	0.000000
1009.999252	gene_C	175.000000	719.000000	0.000000
1009.999252	gene_D	296.000000	738.000000	0.000000
1009.999252	gene_E	213.000000	734.000000	0.000000
1009.999252	gene_F	100.000000	511.000000	0.001957
1009.999252	gene_G	36.000000	401.000000	0.047382
1009.999252	gene_H	0.000000	261.000000	0.095785
1009.999252	gene_J	129.000000	727.000000	0.075653
1009.999252	gene_K	174.000000	721.000000	0.000000
1009.999252	promoter_A	1.000000	0.000000	0.000000
1009.999252	promoter_B1	0.000000	0.000000	0.000000
1009.999252	promoter_D	0.000000	0.000000	0.000000
1014.999691	__gene_A*_rbs	20.000000	0.000000	0.000000
1014.999691	__gene_A_rbs	21.000000	0.000000	0.000000
1014.999691	__gene_B_rbs	734.000000	0.000000	0.000000
1014.999691	__gene_C_rbs	723.000000	0.000000	0.000000
1014.999691	__gene_D_rbs	742.000000	0.000000	0.000000
1014.999691	__gene_E_rbs	737.000000	0.000000	0.000000
1014.999691	__gene_F_rbs	514.000000	0.000000	0.000000
1014.999691	__gene_G_rbs	404.000000	0.000000	0.000000
1014.999691	__gene_H_rbs	263.000000	0.000000	0.000000
1014.999691	__gene_J_rbs	731.000000	0.000000	0.000000
1014.999691	__gene_K_rbs	725.000000	0.000000	0.000000
1014.999691	__ribosome	0.000000	0.000000	0.000000
1014.999691	bound_ecolipol	1887.000000	0.000000	0.000000
1014.999691	bound_ribosome	100.000000	0.000000	0.000000
1014.999691	ecoli_genome	113.000000	0.000000	0.000000
1014.999691	ecoli_transcript	76741.000000	0.000000	0.000000
1014.999691	ecolipol	41.000000	0.000000	0.000000
1014.999691	gene_A	7.000000	21.000000	0.000000
1014.999691	gene_A*	5.000000	20.000000	0.000000
1014.999691	gene_B	254.000000	734.000000	0.000000
1014.999691	gene_C	175.000000	723.000000	0.000000
1014.999691	gene_D	296.000000	742.000000	0.000000
1014.999691	gene_E	213.000000	737.000000	0.000000
1014.999691	gene_F	100.000000	514.000000	0.001946
1014.999691	gene_G	36.000000	404.000000	0.047030
1014.999691	gene_H	0.000000	263.000000	0.095057
1014.999691	gene_J	129.000000	731.000000	0.075239
1014.999691	gene_K	174.000000	725.000000	0.000000
1014.999691	promoter_A	1.000000	0.000000	0.000000
1014.999691	promoter_B1	0.000000	0.000000	0.000000
1014.999691	promoter_D	0.000000	0.000000	0.000000
1019.999071	__gene_A*_rbs	20.000000	0.000000	0.000000
1019.999071	__gene_A_rbs	22.000000	0.000000	0.000000
1019.999071	__gene_B_rbs	738.000000	0.000000	0.000000
1019.999071	__gene_C_rbs	727.000000	0.000000	0.000000
1019.999071	__gene_D_rbs	745.000000	0.000000	0.000000
1019.999071	__gene_E_rbs	741.000000	0.000000	0.000000
1019.999071	__gene_F_rbs	517.000000	0.000000	0.000000
1019.999071	__gene_G_rbs	405.000000	0.000000	0.000000
1019.999071	__gene_H_rbs	264.000000	0.000000	0.000000
1019.999071	__gene_J_rbs	735.000000	0.000000	0.000000
1019.999071	__gene_K_rbs	729.000000	0.000000	0.000000
1019.999071	__ribosome	0.000000	0.000000	0.000000
1019.999071	bound_ecolipol	1886.000000	0.000000	0.000000
1019.999071	bound_ribosome	100.000000	0.000000	0.000000
1019.999071	ecoli_genome	114.000000	0.000000	0.000000
1019.999071	ecoli_transcript	77136.000000	0.000000	0.000000
1019.999071	ecolipol	40.000000	0.000000	0.000000
1019.999071	gene_A	7.000000	22.000000	0.000000
1019.999071	gene_A*	5.000000	20.000000	0.000000
1019.999071	gene_B	254.000000	738.000000	0.000000
1019.999071	gene_C	175.000000	727.000000	0.000000
1019.999071	gene_D	296.000000	745.000000	0.000000
1019.999071	gene_E	213.000000	741.000000	0.000000
1019.999071	gene_F	100.000000	517.000000	0.001934
1019.999071	gene_G	36.000000	405.000000	0.046914
1019.999071	gene_H	0.000000	264.000000	0.094697
1019.999071	gene_J	129.000000	735.000000	0.074830
1019.999071	gene_K	174.000000	729.000000	0.000000
1019.999071	promoter_A	1.000000	0.000000	0.000000
1019.999071	promoter_B1	0.000000	0.000000	0.000000
1019.999071	promoter_D	0.000000	0.000000	0.000000
1024.999084	__gene_A*_rbs	20.000000	0.000000	0.000000
1024.999084	__gene_A_rbs	22.000000	0.000000	0.000000
1024.999084	__gene_B_rbs	742.000000	0.000000	0.000000
1024.999084	__gene_C_rbs	730.000000	0.000000	0.000000
1024.999084	__gene_D_rbs	749.000000	0.000000	0.000000
1024.999084	__gene_E_rbs	745.000000	0.000000	0.000000
1024.999084	__gene_F_rbs	521.000000	0.000000	0.000000
1024.999084	__gene_G_rbs	407.000000	0.000000	0.000000
1024.999084	__gene_H_rbs	266.000000	0.000000	0.000000
1024.999084	__gene_J_rbs	738.000000	0.000000	0.000000
1024.999084	__gene_K_rbs	733.000000	0.000000	0.000000
1024.999084	__ribosome	0.000000	0.000000	0.000000
1024.999084	bound_ecolipol	1882.000000	0.000000	0.000000
1024.999084	bound_ribosome	100.000000	0.000000	0.000000
1024.999084	ecoli_genome	118.000000	0.000000	0.000000
1024.999084	ecoli_transcript	77539.000000	0.000000	0.000000
1024.999084	ecolipol	43.000000	0.000000	0.000000
1024.999084	gene_A	7.000000	22.000000	0.000000
1024.999084	gene_A*	5.000000	20.000000	0.000000
1024.999084	gene_B	254.000000	742.000000	0.000000
1024.999084	gene_C	175.000000	730.000000	0.000000
1024.999084	gene_D	296.000000	749.000000	0.000000
1024.999084	gene_E	213.000000	745.000000	0.000000
1024.999084	gene_F	100.000000	521.000000	0.001919
1024.999084	gene_G	36.000000	407.000000	0.046683
1024.999084	gene_H	0.000000	266.000000	0.093985
1024.999084	gene_J	129.000000	738.000000	0.074526
1024.999084	gene_K	174.000000	733.000000	0.000000
1024.999084	promoter_A	1.000000	0.000000	0.000000
1024.999084	promoter_B1	0.000000	0.000000	0.000000
1024.999084	promoter_D	0.000000	0.000000	0.000000
1029.999394	__gene_A*_rbs	21.000000	0.000000	0.000000
1029.999394	__gene_A_rbs	22.000000	0.000000	0.000000
1029.999394	__gene_B_rbs	746.000000	0.000000	0.000000
1029.999394	__gene_C_rbs	734.000000	0.000000	0.000000
1029.999394	__gene_D_rbs	753.000000	0.000000	0.000000
1029.999394	__gene_E_rbs	749.000000	0.000000	0.000000
1029.999394	__gene_F_rbs	525.000000	0.000000	0.000000
1029.999394	__gene_G_rbs	408.000000	0.000000	0.000000
1029.999394	__gene_H_rbs	268.000000	0.000000	0.000000
1029.999394	__gene_J_rbs	742.000000	0.000000	0.000000
1029.999394	__gene_K_rbs	736.000000	0.000000	0.000000
1029.999394	__ribosome	0.000000	0.000000	0.000000
1029.999394	bound_ecolipol	1889.000000	0.000000	0.000000
1029.999394	bound_ribosome	100.000000	0.000000	0.000000
1029.999394	ecoli_genome	111.000000	0.000000	0.000000
1029.999394	ecoli_transcript	77907.000000	0.000000	0.000000
1029.999394	ecolipol	36.000000	0.000000	0.000000
1029.999394	gene_A	7.000000	22.000000	0.000000
1029.999394	gene_A*	5.000000	21.000000	0.000000
1029.999394	gene_B	254.000000	746.000000	0.000000
1029.999394	gene_C	175.000000	734.000000	0.000000
1029.999394	gene_D	296.000000	753.000000	0.000000
1029.999394	gene_E	213.000000	749.000000	0.000000
1029.999394	gene_F	101.000000	525.000000	0.000000
1029.999394	gene_G	36.000000	408.000000	0.046569
1029.999394	gene_H	0.000000	268.000000	0.097015
1029.999394	gene_J	129.000000	742.000000	0.074124
1029.999394	gene_K	174.000000	736.000000	0.000000
1029.999394	promoter_A	1.000000	0.000000	0.000000
1029.999394	promoter_B1	0.000000	0.000000	0.000000
1029.999394	promoter_D	0.000000	0.000000	0.000000
1034.999255	__gene_A*_rbs	22.000000	0.000000	0.000000
1034.999255	__gene_A_rbs	22.000000	0.000000	0.000000
1034.999255	__gene_B_rbs	749.000000	0.000000	0.000000
1034.999255	__gene_C_rbs	738.000000	0.000000	0.000000
1034.999255	__gene_D_rbs	757.000000	0.000000	0.000000
1034.999255	__gene_E_rbs	752.000000	0.000000	0.000000
1034.999255	__gene_F_rbs	527.000000	0.000000	0.000000
1034.999255	__gene_G_rbs	410.000000	0.000000	0.000000
1034.999255	__gene_H_rbs	269.000000	0.000000	0.000000
1034.999255	__gene_J_rbs	746.000000	0.000000	0.000000
1034.999255	__gene_K_rbs	740.000000	0.000000	0.000000
1034.999255	__ribosome	0.000000	0.000000	0.000000
1034.999255	bound_ecolipol	1882.000000	0.000000	0.000000
1034.999255	bound_ribosome	100.000000	0.000000	0.000000
1034.999255	ecoli_genome	118.000000	0.000000	0.000000
1034.999255	ecoli_transcript	78275.000000	0.000000	0.000000
1034.999255	ecolipol	41.000000	0.000000	0.000000
1034.999255	gene_A	7.000000	22.000000	0.000000
1034.999255	gene_A*	5.000000	22.000000	0.000000
1034.999255	gene_B	254.000000	749.000000	0.000000
1034.999255	gene_C	175.000000	738.000000	0.000000
1034.999255	gene_D	296.000000	757.000000	0.000000
1034.999255	gene_E	213.000000	752.000000	0.000000
1034.999255	gene_F	101.000000	527.000000	0.000000
1034.999255	gene_G	36.000000	410.000000	0.046341
1034.999255	gene_H	0.000000	269.000000	0.096654
1034.999255	gene_J	129.000000	746.000000	0.073727
1034.999255	gene_K	174.000000	740.000000	0.000000
1034.999255	promoter_A	1.000000	0.000000	0.000000
1034.999255	promoter_B1	0.000000	0.000000	0.000000
1034.999255	promoter_D	0.000000	0.000000	0.000000
1039.999417	__gene_A*_rbs	22.000000	0.000000	0.000000
1039.999417	__gene_A_rbs	22.000000	0.000000	0.000000
1039.999417	__gene_B_rbs	753.000000	0.000000	0.000000
1039.999417	__gene_C_rbs	742.000000	0.000000	0.000000
1039.999417	__gene_D_rbs	760.000000	0.000000	0.000000
1039.999417	__gene_E_rbs	756.000000	0.000000	0.000000
1039.999417	__gene_F_rbs	531.000000	0.000000	0.000000
1039.999417	__gene_G_rbs	412.000000	0.000000	0.000000
1039.999417	__gene_H_rbs	270.000000	0.000000	0.000000
1039.999417	__gene_J_rbs	750.000000	0.000000	0.000000
1039.999417	__gene_K_rbs	744.000000	0.000000	0.000000
1039.999417	__ribosome	0.000000	0.000000	0.000000
1039.999417	bound_ecolipol	1883.000000	0.000000	0.000000
1039.999417	bound_ribosome	100.000000	0.000000	0.000000
1039.999417	ecoli_genome	117.000000	0.000000	0.000000
1039.999417	ecoli_transcript	78632.000000	0.000000	0.000000
1039.999417	ecolipol	39.000000	0.000000	0.000000
1039.999417	gene_A	7.000000	22.000000	0.000000
1039.999417	gene_A*	5.000000	22.000000	0.000000
1039.999417	gene_B	254.000000	753.000000	0.000000
1039.999417	gene_C	175.000000	742.000000	0.000000
1039.999417	gene_D	296.000000	760.000000	0.000000
1039.999417	gene_E	213.000000	756.000000	0.000000
1039.999417	gene_F	101.000000	531.000000	0.000000
1039.999417	gene_G	36.000000	412.000000	0.046117
1039.999417	gene_H	0.000000	270.000000	0.096296
1039.999417	gene_J	129.000000	750.000000	0.073333
1039.999417	gene_K	174.000000	744.000000	0.000000
1039.999417	promoter_A	1.000000	0.000000	0.000000
1039.999417	promoter_B1	0.000000	0.000000	0.000000
1039.999417	promoter_D	0.000000	0.000000	0.000000
1044.999082	__gene_A*_rbs	22.000000	0.000000	0.000000
1044.999082	__gene_A_rbs	22.000000	0.000000	0.000000
1044.999082	__gene_B_rbs	756.000000	0.000000	0.000000
1044.999082	__gene_C_rbs	746.000000	0.000000	0.000000
1044.999082	__gene_D_rbs	764.000000	0.000000	0.000000
1044.999082	__gene_E_rbs	760.000000	0.000000	0.000000
1044.999082	__gene_F_rbs	534.000000	0.000000	0.000000
1044.999082	__gene_G_rbs	414.000000	0.000000	0.000000
1044.999082	__gene_H_rbs	271.000000	0.000000	0.000000
1044.999082	__gene_J_rbs	753.000000	0.000000	0.000000
1044.999082	__gene_K_rbs	747.000000	0.000000	0.000000
1044.999082	__ribosome	0.000000	0.000000	0.000000
1044.999082	bound_ecolipol	1883.000000	0.000000	0.000000
1044.999082	bound_ribosome	100.000000	0.000000	0.000000
1044.999082	ecoli_genome	117.000000	0.000000	0.000000
1044.999082	ecoli_transcript	79011.000000	0.000000	0.000000
1044.999082	ecolipol	41.000000	0.000000	0.000000
1044.999082	gene_A	7.000000	22.000000	0.000000
1044.999082	gene_A*	5.000000	22.000000	0.000000
1044.999082	gene_B	254.000000	756.000000	0.000000
1044.999082	gene_C	175.000000	746.000000	0.000000
1044.999082	gene_D	296.000000	764.000000	0.000000
1044.999082	gene_E	213.000000	760.000000	0.000000
1044.999082	gene_F	101.000000	534.000000	0.000000
1044.999082	gene_G	36.000000	414.000000	0.045894
1044.999082	gene_H	0.000000	271.000000	0.095941
1044.999082	gene_J	129.000000	753.000000	0.073041
1044.999082	gene_K	174.000000	747.000000	0.000000
1044.999082	promoter_A	1.000000	0.000000	0.000000
1044.999082	promoter_B1	0.000000	0.000000	0.000000
1044.999082	promoter_D	0.000000	0.000000	0.000000
1049.999152	__gene_A*_rbs	22.000000	0.000000	0.000000
1049.999152	__gene_A_rbs	22.000000	0.000000	0.000000
1049.999152	__gene_B_rbs	760.000000	0.000000	0.000000
1049.999152	__gene_C_rbs	749.000000	0.000000	0.000000
1049.999152	__gene_D_rbs	768.000000	0.000000	0.000000
1049.999152	__gene_E_rbs	764.000000	0.000000	0.000000
1049.999152	__gene_F_rbs	538.000000	0.000000	0.000000
1049.999152	__gene_G_rbs	416.000000	0.000000	0.000000
1049.999152	__gene_H_rbs	272.000000	0.000000	0.000000
1049.999152	__gene_J_rbs	757.000000	0.000000	0.000000
1049.999152	__gene_K_rbs	751.000000	0.000000	0.000000
1049.999152	__ribosome	0.000000	0.000000	0.000000
1049.999152	bound_ecolipol	1891.000000	0.000000	0.000000
1049.999152	bound_ribosome	100.000000	0.000000	0.000000
1049.999152	ecoli_genome	109.000000	0.000000	0.000000
1049.999152	ecoli_transcript	79363.000000	0.000000	0.000000
1049.999152	ecolipol	32.000000	0.000000	0.000000
1049.999152	gene_A	7.000000	22.000000	0.000000
1049.999152	gene_A*	5.000000	22.000000	0.000000
1049.999152	gene_B	254.000000	760.000000	0.000000
1049.999152	gene_C	175.000000	749.000000	0.000000
1049.999152	gene_D	296.000000	768.000000	0.000000
1049.999152	gene_E	213.000000	764.000000	0.000000
1049.999152	gene_F	101.000000	538.000000	0.000000
1049.999152	gene_G	36.000000	416.000000	0.045673
1049.999152	gene_H	0.000000	272.000000	0.095588
1049.999152	gene_J	129.000000	757.000000	0.072655
1049.999152	gene_K	174.000000	751.000000	0.000000
1049.999152	promoter_A	1.000000	0.000000	0.000000
1049.999152	promoter_B1	0.000000	0.000000	0.000000
1049.999152	promoter_D	0.000000	0.000000	0.000000
1054.999131	__gene_A*_rbs	22.000000	0.000000	0.000000
1054.999131	__gene_A_rbs	22.000000	0.000000	0.000000
1054.999131	__gene_B_rbs	764.000000	0.000000	0.000000
1054.999131	__gene_C_rbs	753.000000	0.000000	0.000000
1054.999131	__gene_D_rbs	772.000000	0.000000	0.000000
1054.999131	__gene_E_rbs	768.000000	0.000000	0.000000
1054.999131	__gene_F_rbs	540.000000	0.000000	0.000000
1054.999131	__gene_G_rbs	419.000000	0.000000	0.000000
1054.999131	__gene_H_rbs	273.000000	0.000000	0.000000
1054.999131	__gene_J_rbs	760.000000	0.000000	0.000000
1054.999131	__gene_K_rbs	755.000000	0.000000	0.000000
1054.999131	__ribosome	0.000000	0.000000	0.000000
1054.999131	bound_ecolipol	1879.000000	0.000000	0.000000
1054.999131	bound_ribosome	100.000000	0.000000	0.000000
1054.999131	ecoli_genome	121.000000	0.000000	0.000000
1054.999131	ecoli_transcript	79704.000000	0.000000	0.000000
1054.999131	ecolipol	46.000000	0.000000	0.000000
1054.999131	gene_A	7.000000	22.000000	0.000000
1054.999131	gene_A*	5.000000	22.000000	0.000000
1054.999131	gene_B	254.000000	764.000000	0.000000
1054.999131	gene_C	175.000000	753.000000	0.000000
1054.999131	gene_D	296.000000	772.000000	0.000000
1054.999131	gene_E	213.000000	768.000000	0.000000
1054.999131	gene_F	101.000000	540.000000	0.000000
1054.999131	gene_G	36.000000	419.000000	0.045346
1054.999131	gene_H	0.000000	273.000000	0.095238
1054.999131	gene_J	129.000000	760.000000	0.072368
1054.999131	gene_K	174.000000	755.000000	0.000000
1054.999131	promoter_A	1.000000	0.000000	0.000000
1054.999131	promoter_B1	0.000000	0.000000	0.000000
1054.999131	promoter_D	0.000000	0.000000	0.000000
1059.999051	__gene_A*_rbs	22.000000	0.000000	0.000000
1059.999051	__gene_A_rbs	22.000000	0.000000	0.000000
1059.999051	__gene_B_rbs	768.000000	0.000000	0.000000
1059.999051	__gene_C_rbs	757.000000	0.000000	0.000000
1059.999051	__gene_D_rbs	775.000000	0.000000	0.000000
1059.999051	__gene_E_rbs	771.000000	0.000000	0.000000
1059.999051	__gene_F_rbs	542.000000	0.000000	0.000000
1059.999051	__gene_G_rbs	423.000000	0.000000	0.000000
1059.999051	__gene_H_rbs	274.000000	0.000000	0.000000
1059.999051	__gene_J_rbs	764.000000	0.000000	0.000000
1059.999051	__gene_K_rbs	759.000000	0.000000	0.000000
1059.999051	__ribosome	0.000000	0.000000	0.000000
1059.999051	bound_ecolipol	1880.000000	0.000000	0.000000
1059.999051	bound_ribosome	100.000000	0.000000	0.000000
1059.999051	ecoli_genome	120.000000	0.000000	0.000000
1059.999051	ecoli_transcript	80048.000000	0.000000	0.000000
1059.999051	ecolipol	43.000000	0.000000	0.000000
1059.999051	gene_A	7.000000	22.000000	0.000000
1059.999051	gene_A*	5.000000	22.000000	0.000000
1059.999051	gene_B	254.000000	768.000000	0.000000
1059.999051	gene_C	175.000000	757.000000	0.000000
1059.999051	gene_D	296.000000	775.000000	0.000000
1059.999051	gene_E	213.000000	771.000000	0.000000
1059.999051	gene_F	101.000000	542.000000	0.000000
1059.999051	gene_G	36.000000	423.000000	0.044917
1059.999051	gene_H	0.000000	274.000000	0.094891
1059.999051	gene_J	129.000000	764.000000	0.071990
1059.999051	gene_K	174.000000	759.000000	0.000000
1059.999051	promoter_A	1.000000	0.000000	0.000000
1059.999051	promoter_B1	0.000000	0.000000	0.000000
1059.999051	promoter_D	0.000000	0.000000	0.000000
1064.999011	__gene_A*_rbs	22.000000	0.000000	0.000000
1064.999011	__gene_A_rbs	22.000000	0.000000	0.000000
1064.999011	__gene_B_rbs	772.000000	0.000000	0.000000
1064.999011	__gene_C_rbs	761.000000	0.000000	0.000000
1064.999011	__gene_D_rbs	779.000000	0.000000	0.000000
1064.999011	__gene_E_rbs	775.000000	0.000000	0.000000
1064.999011	__gene_F_rbs	546.000000	0.000000	0.000000
1064.999011	__gene_G_rbs	425.000000	0.000000	0.000000
1064.999011	__gene_H_rbs	275.000000	0.000000	0.000000
1064.999011	__gene_J_rbs	768.000000	0.000000	0.000000
1064.999011	__gene_K_rbs	763.000000	0.000000	0.000000
1064.999011	__ribosome	0.000000	0.000000	0.000000
1064.999011	bound_ecolipol	1879.000000	0.000000	0.000000
1064.999011	bound_ribosome	100.000000	0.000000	0.000000
1064.999011	ecoli_genome	121.000000	0.000000	0.000000
1064.999011	ecoli_transcript	80414.000000	0.000000	0.000000
1064.999011	ecolipol	43.000000	0.000000	0.000000
1064.999011	gene_A	7.000000	22.000000	0.000000
1064.999011	gene_A*	5.000000	22.000000	0.000000
1064.999011	gene_B	254.000000	772.000000	0.000000
1064.999011	gene_C	175.000000	761.000000	0.000000
1064.999011	gene_D	296.000000	779.000000	0.000000
1064.999011	gene_E	213.000000	775.000000	0.000000
1064.999011	gene_F	101.000000	546.000000	0.000000
1064.999011	gene_G	36.000000	425.000000	0.044706
1064.999011	gene_H	0.000000	275.000000	0.094545
1064.999011	gene_J	129.000000	768.000000	0.071615
1064.999011	gene_K	174.000000	763.000000	0.000000
1064.999011	promoter_A	1.000000	0.000000	0.000000
1064.999011	promoter_B1	0.000000	0.000000	0.000000
1064.999011	promoter_D	0.000000	0.000000	0.000000
1069.999020	__gene_A*_rbs	22.000000	0.000000	0.000000
1069.999020	__gene_A_rbs	22.000000	0.000000	0.000000
1069.999020	__gene_B_rbs	775.000000	0.000000	0.000000
1069.999020	__gene_C_rbs	764.000000	0.000000	0.000000
1069.999020	__gene_D_rbs	783.000000	0.000000	0.000000
1069.999020	__gene_E_rbs	778.000000	0.000000	0.000000
1069.999020	__gene_F_rbs	547.000000	0.000000	0.000000
1069.999020	__gene_G_rbs	428.000000	0.000000	0.000000
1069.999020	__gene_H_rbs	276.000000	0.000000	0.000000
1069.999020	__gene_J_rbs	772.000000	0.000000	0.000000
1069.999020	__gene_K_rbs	766.000000	0.000000	0.000000
1069.999020	__ribosome	0.000000	0.000000	0.000000
1069.999020	bound_ecolipol	1887.000000	0.000000	0.000000
1069.999020	bound_ribosome	100.000000	0.000000	0.000000
1069.999020	ecoli_genome	113.000000	0.000000	0.000000
1069.999020	ecoli_transcript	80788.000000	0.000000	0.000000
1069.999020	ecolipol	38.000000	0.000000	0.000000
1069.999020	gene_A	7.000000	22.000000	0.000000
1069.999020	gene_A*	5.000000	22.000000	0.000000
1069.999020	gene_B	254.000000	775.000000	0.000000
1069.999020	gene_C	175.000000	764.000000	0.000000
1069.999020	gene_D	296.000000	783.000000	0.000000
1069.999020	gene_E	213.000000	778.000000	0.000000
1069.999020	gene_F	101.000000	547.000000	0.000000
1069.999020	gene_G	36.000000	428.000000	0.044393
1069.999020	gene_H	0.000000	276.000000	0.094203
1069.999020	gene_J	129.000000	772.000000	0.071244
1069.999020	gene_K	174.000000	766.000000	0.000000
1069.999020	promoter_A	1.000000	0.000000	0.000000
1069.999020	promoter_B1	0.000000	0.000000	0.000000
1069.999020	promoter_D	0.000000	0.000000	0.000000
1074.999245	__gene_A*_rbs	22.000000	0.000000	0.000000
1074.999245	__gene_A_rbs	22.000000	0.000000	0.000000
1074.999245	__gene_B_rbs	779.000000	0.000000	0.000000
1074.999245	__gene_C_rbs	768.000000	0.000000	0.000000
1074.999245	__gene_D_rbs	787.000000	0.000000	0.000000
1074.999245	__gene_E_rbs	782.000000	0.000000	0.000000
1074.999245	__gene_F_rbs	550.000000	0.000000	0.000000
1074.999245	__gene_G_rbs	432.000000	0.000000	0.000000
1074.999245	__gene_H_rbs	279.000000	0.000000	0.000000
1074.999245	__gene_J_rbs	776.000000	0.000000	0.000000
1074.999245	__gene_K_rbs	770.000000	0.000000	0.000000
1074.999245	__ribosome	0.000000	0.000000	0.000000
1074.999245	bound_ecolipol	1889.000000	0.000000	0.000000
1074.999245	bound_ribosome	100.000000	0.000000	0.000000
1074.999245	ecoli_genome	111.000000	0.000000	0.000000
1074.999245	ecoli_transcript	81157.000000	0.000000	0.000000
1074.999245	ecolipol	35.000000	0.000000	0.000000
1074.999245	gene_A	7.000000	22.000000	0.000000
1074.999245	gene_A*	5.000000	22.000000	0.000000
1074.999245	gene_B	254.000000	779.000000	0.000000
1074.999245	gene_C	175.000000	768.000000	0.000000
1074.999245	gene_D	296.000000	787.000000	0.000000
1074.999245	gene_E	213.000000	782.000000	0.000000
1074.999245	gene_F	101.000000	550.000000	0.000000
1074.999245	gene_G	36.000000	432.000000	0.043981
1074.999245	gene_H	0.000000	279.000000	0.093190
1074.999245	gene_J	129.000000	776.000000	0.070876
1074.999245	gene_K	174.000000	770.000000	0.000000
1074.999245	promoter_A	1.000000	0.000000	0.000000
1074.999245	promoter_B1	0.000000	0.000000	0.000000
1074.999245	promoter_D	0.000000	0.000000	0.000000
1079.999199	__gene_A*_rbs	22.000000	0.000000	0.000000
1079.999199	__gene_A_rbs	22.000000	0.000000	0.000000
1079.999199	__gene_B_rbs	783.000000	0.000000	0.000000
1079.999199	__gene_C_rbs	772.000000	0.000000	0.000000
1079.999199	__gene_D_rbs	790.000000	0.000000	0.000000
1079.999199	__gene_E_rbs	786.000000	0.000000	0.000000
1079.999199	__gene_F_rbs	552.000000	0.000000	0.000000
1079.999199	__gene_G_rbs	435.000000	0.000000	0.000000
1079.999199	__gene_H_rbs	280.000000	0.000000	0.000000
1079.999199	__gene_J_rbs	779.000000	0.000000	0.000000
1079.999199	__gene_K_rbs	774.000000	0.000000	0.000000
1079.999199	__ribosome	0.000000	0.000000	0.000000
1079.999199	bound_ecolipol	1882.000000	0.000000	0.000000
1079.999199	bound_ribosome	100.000000	0.000000	0.000000
1079.999199	ecoli_genome	118.000000	0.000000	0.000000
1079.999199	ecoli_transcript	81506.000000	0.000000	0.000000
1079.999199	ecolipol	41.000000	0.000000	0.000000
1079.999199	gene_A	7.000000	22.000000	0.000000
1079.999199	gene_A*	5.000000	22.000000	0.000000
1079.999199	gene_B	254.000000	783.000000	0.000000
1079.999199	gene_C	175.000000	772.000000	0.000000
1079.999199	gene_D	296.000000	790.000000	0.000000
1079.999199	gene_E	213.000000	786.000000	0.000000
1079.999199	gene_F	101.000000	552.000000	0.000000
1079.999199	gene_G	36.000000	435.000000	0.043678
1079.999199	gene_H	0.000000	280.000000	0.092857
1079.999199	gene_J	129.000000	779.000000	0.070603
1079.999199	gene_K	174.000000	774.000000	0.000000
1079.999199	promoter_A	1.000000	0.000000	0.000000
1079.999199	promoter_B1	0.000000	0.000000	0.000000
1079.999199	promoter_D	0.000000	0.000000	0.000000
1084.999032	__gene_A*_rbs	22.000000	0.000000	0.000000
1084.999032	__gene_A_rbs	22.000000	0.000000	0.000000
1084.999032	__gene_B_rbs	786.000000	0.000000	0.000000
1084.999032	__gene_C_rbs	776.000000	0.000000	0.000000
1084.999032	__gene_D_rbs	794.000000	0.000000	0.000000
1084.999032	__gene_E_rbs	789.000000	0.000000	0.000000
1084.999032	__gene_F_rbs	555.000000	0.000000	0.000000
1084.999032	__gene_G_rbs	438.000000	0.000000	0.000000
1084.999032	__gene_H_rbs	282.000000	0.000000	0.000000
1084.999032	__gene_J_rbs	783.000000	0.000000	0.000000
1084.999032	__gene_K_rbs	778.000000	0.000000	0.000000
1084.999032	__ribosome	0.000000	0.000000	0.000000
1084.999032	bound_ecolipol	1876.000000	0.000000	0.000000
1084.999032	bound_ribosome	100.000000	0.000000	0.000000
1084.999032	ecoli_genome	124.000000	0.000000	0.000000
1084.999032	ecoli_transcript	81866.000000	0.000000	0.000000
1084.999032	ecolipol	44.000000	0.000000	0.000000
1084.999032	gene_A	7.000000	22.000000	0.000000
1084.999032	gene_A*	5.000000	22.000000	0.000000
1084.999032	gene_B	254.000000	786.000000	0.000000
1084.999032	gene_C	175.000000	776.000000	0.000000
1084.999032	gene_D	296.000000	794.000000	0.000000
1084.999032	gene_E	213.000000	789.000000	0.000000
1084.999032	gene_F	101.000000	555.000000	0.000000
1084.999032	gene_G	36.000000	438.000000	0.043379
1084.999032	gene_H	0.000000	282.000000	0.092199
1084.999032	gene_J	129.000000	783.000000	0.070243
1084.999032	gene_K	174.000000	778.000000	0.000000
1084.999032	promoter_A	1.000000	0.000000	0.000000
1084.999032	promoter_B1	0.000000	0.000000	0.000000
1084.999032	promoter_D	0.000000	0.000000	0.000000
1089.999212	__gene_A*_rbs	22.000000	0.000000	0.000000
1089.999212	__gene_A_rbs	22.000000	0.000000	0.000000
1089.999212	__gene_B_rbs	790.000000	0.000000	0.000000
1089.999212	__gene_C_rbs	780.000000	0.000000	0.000000
1089.999212	__gene_D_rbs	798.000000	0.000000	0.000000
1089.999212	__gene_E_rbs	793.000000	0.000000	0.000000
1089.999212	__gene_F_rbs	559.000000	0.000000	0.000000
1089.999212	__gene_G_rbs	441.000000	0.000000	0.000000
1089.999212	__gene_H_rbs	284.000000	0.000000	0.000000
1089.999212	__gene_J_rbs	786.000000	0.000000	0.000000
1089.999212	__gene_K_rbs	781.000000	0.000000	0.000000
1089.999212	__ribosome	0.000000	0.000000	0.000000
1089.999212	bound_ecolipol	1876.000000	0.000000	0.000000
1089.999212	bound_ribosome	100.000000	0.000000	0.000000
1089.999212	ecoli_genome	124.000000	0.000000	0.000000
1089.999212	ecoli_transcript	82259.000000	0.000000	0.000000
1089.999212	ecolipol	43.000000	0.000000	0.000000
1089.999212	gene_A	7.000000	22.000000	0.000000
1089.999212	gene_A*	5.000000	22.000000	0.000000
1089.999212	gene_B	254.000000	790.000000	0.000000
1089.999212	gene_C	175.000000	780.000000	0.000000
1089.999212	gene_D	296.000000	798.000000	0.000000
1089.999212	gene_E	213.000000	793.000000	0.000000
1089.999212	gene_F	101.000000	559.000000	0.000000
1089.999212	gene_G	36.000000	441.000000	0.043084
1089.999212	gene_H	0.000000	284.000000	0.091549
1089.999212	gene_J	129.000000	786.000000	0.069975
1089.999212	gene_K	174.000000	781.000000	0.000000
1089.999212	promoter_A	1.000000	0.000000	0.000000
1089.999212	promoter_B1	0.000000	0.000000	0.000000
1089.999212	promoter_D	0.000000	0.000000	0.000000
1094.999264	__gene_A*_rbs	22.000000	0.000000	0.000000
1094.999264	__gene_A_rbs	22.000000	0.000000	0.000000
1094.999264	__gene_B_rbs	794.000000	0.000000	0.000000
1094.999264	__gene_C_rbs	783.000000	0.000000	0.000000
1094.999264	__gene_D_rbs	801.000000	0.000000	0.000000
1094.999264	__gene_E_rbs	797.000000	0.000000	0.000000
1094.999264	__gene_F_rbs	562.000000	0.000000	0.000000
1094.999264	__gene_G_rbs	444.000000	0.000000	0.000000
1094.999264	__gene_H_rbs	287.000000	0.000000	0.000000
1094.999264	__gene_J_rbs	789.000000	0.000000	0.000000
1094.999264	__gene_K_rbs	785.000000	0.000000	0.000000
1094.999264	__ribosome	0.000000	0.000000	0.000000
1094.999264	bound_ecolipol	1875.000000	0.000000	0.000000
1094.999264	bound_ribosome	100.000000	0.000000	0.000000
1094.999264	ecoli_genome	125.000000	0.000000	0.000000
1094.999264	ecoli_transcript	82665.000000	0.000000	0.000000
1094.999264	ecolipol	43.000000	0.000000	0.000000
1094.999264	gene_A	7.000000	22.000000	0.000000
1094.999264	gene_A*	5.000000	22.000000	0.000000
1094.999264	gene_B	254.000000	794.000000	0.000000
1094.999264	gene_C	175.000000	783.000000	0.000000
1094.999264	gene_D	296.000000	801.000000	0.000000
1094.999264	gene_E	213.000000	797.000000	0.000000
1094.999264	gene_F	101.000000	562.000000	0.000000
1094.999264	gene_G	36.000000	444.000000	0.042793
1094.999264	gene_H	0.000000	287.000000	0.090592
1094.999264	gene_J	129.000000	789.000000	0.069708
1094.999264	gene_K	174.000000	785.000000	0.000000
1094.999264	promoter_A	1.000000	0.000000	0.000000
1094.999264	promoter_B1	0.000000	0.000000	0.000000
1094.999264	promoter_D	0.000000	0.000000	0.000000
1099.999080	__gene_A*_rbs	22.000000	0.000000	0.000000
1099.999080	__gene_A_rbs	22.000000	0.000000	0.000000
1099.999080	__gene_B_rbs	797.000000	0.000000	0.000000
1099.999080	__gene_C_rbs	786.000000	0.000000	0.000000
1099.999080	__gene_D_rbs	805.000000	0.000000	0.000000
1099.999080	__gene_E_rbs	800.000000	0.000000	0.000000
1099.999080	__gene_F_rbs	565.000000	0.000000	0.000000
1099.999080	__gene_G_rbs	447.000000	0.000000	0.000000
1099.999080	__gene_H_rbs	290.000000	0.000000	0.000000
1099.999080	__gene_J_rbs	793.000000	0.000000	0.000000
1099.999080	__gene_K_rbs	789.000000	0.000000	0.000000
1099.999080	__ribosome	0.000000	0.000000	0.000000
1099.999080	bound_ecolipol	1873.000000	0.000000	0.000000
1099.999080	bound_ribosome	100.000000	0.000000	0.000000
1099.999080	ecoli_genome	127.000000	0.000000	0.000000
1099.999080	ecoli_transcript	83014.000000	0.000000	0.000000
1099.999080	ecolipol	45.000000	0.000000	0.000000
1099.999080	gene_A	7.000000	22.000000	0.000000
1099.999080	gene_A*	5.000000	22.000000	0.000000
1099.999080	gene_B	254.000000	797.000000	0.000000
1099.999080	gene_C	175.000000	786.000000	0.000000
1099.999080	gene_D	296.000000	805.000000	0.000000
1099.999080	gene_E	213.000000	800.000000	0.000000
1099.999080	gene_F	101.000000	565.000000	0.000000
1099.999080	gene_G	36.000000	447.000000	0.042506
1099.999080	gene_H	0.000000	290.000000	0.089655
1099.999080	gene_J	129.000000	793.000000	0.069357
1099.999080	gene_K	174.000000	789.000000	0.000000
1099.999080	promoter_A	1.000000	0.000000	0.000000
1099.999080	promoter_B1	0.000000	0.000000	0.000000
1099.999080	promoter_D	0.000000	0.000000	0.000000
1104.999068	__gene_A*_rbs	22.000000	0.000000	0.000000
1104.999068	__gene_A_rbs	22.000000	0.000000	0.000000
1104.999068	__gene_B_rbs	801.000000	0.000000	0.000000
1104.999068	__gene_C_rbs	790.000000	0.000000	0.000000
1104.999068	__gene_D_rbs	808.000000	0.000000	0.000000
1104.999068	__gene_E_rbs	804.000000	0.000000	0.000000
1104.999068	__gene_F_rbs	568.000000	0.000000	0.000000
1104.999068	__gene_G_rbs	450.000000	0.000000	0.000000
1104.999068	__gene_H_rbs	292.000000	0.000000	0.000000
1104.999068	__gene_J_rbs	797.000000	0.000000	0.000000
1104.999068	__gene_K_rbs	792.000000	0.000000	0.000000
1104.999068	__ribosome	0.000000	0.000000	0.000000
1104.999068	bound_ecolipol	1870.000000	0.000000	0.000000
1104.999068	bound_ribosome	100.000000	0.000000	0.000000
1104.999068	ecoli_genome	130.000000	0.000000	0.000000
1104.999068	ecoli_transcript	83416.000000	0.000000	0.000000
1104.999068	ecolipol	49.000000	0.000000	0.000000
1104.999068	gene_A	7.000000	22.000000	0.000000
1104.999068	gene_A*	5.000000	22.000000	0.000000
1104.999068	gene_B	254.000000	801.000000	0.000000
1104.999068	gene_C	175.000000	790.000000	0.000000
1104.999068	gene_D	296.000000	808.000000	0.000000
1104.999068	gene_E	213.000000	804.000000	0.000000
1104.999068	gene_F	101.000000	568.000000	0.000000
1104.999068	gene_G	36.000000	450.000000	0.042222
1104.999068	gene_H	0.000000	292.000000	0.089041
1104.999068	gene_J	129.000000	797.000000	0.069009
1104.999068	gene_K	174.000000	792.000000	0.000000
1104.999068	promoter_A	1.000000	0.000000	0.000000
1104.999068	promoter_B1	0.000000	0.000000	0.000000
1104.999068	promoter_D	0.000000	0.000000	0.000000
1109.999119	__gene_A*_rbs	22.000000	0.000000	0.000000
1109.999119	__gene_A_rbs	23.000000	0.000000	0.000000
1109.999119	__gene_B_rbs	805.000000	0.000000	0.000000
1109.999119	__gene_C_rbs	793.000000	0.000000	0.000000
1109.999119	__gene_D_rbs	812.000000	0.000000	0.000000
1109.999119	__gene_E_rbs	807.000000	0.000000	0.000000
1109.999119	__gene_F_rbs	569.000000	0.000000	0.000000
1109.999119	__gene_G_rbs	452.000000	0.000000	0.000000
1109.999119	__gene_H_rbs	294.000000	0.000000	0.000000
1109.999119	__gene_J_rbs	801.000000	0.000000	0.000000
1109.999119	__gene_K_rbs	796.000000	0.000000	0.000000
1109.999119	__ribosome	0.000000	0.000000	0.000000
1109.999119	bound_ecolipol	1878.000000	0.000000	0.000000
1109.999119	bound_ribosome	100.000000	0.000000	0.000000
1109.999119	ecoli_genome	122.000000	0.000000	0.000000
1109.999119	ecoli_transcript	83788.000000	0.000000	0.000000
1109.999119	ecolipol	42.000000	0.000000	0.000000
1109.999119	gene_A	7.000000	23.000000	0.000000
1109.999119	gene_A*	5.000000	22.000000	0.000000
1109.999119	gene_B	254.000000	805.000000	0.000000
1109.999119	gene_C	175.000000	793.000000	0.000000
1109.999119	gene_D	296.000000	812.000000	0.000000
1109.999119	gene_E	213.000000	807.000000	0.000000
1109.999119	gene_F	101.000000	569.000000	0.000000
1109.999119	gene_G	36.000000	452.000000	0.042035
1109.999119	gene_H	0.000000	294.000000	0.088435
1109.999119	gene_J	129.000000	801.000000	0.068664
1109.999119	gene_K	174.000000	796.000000	0.000000
1109.999119	promoter_A	1.000000	0.000000	0.000000
1109.999119	promoter_B1	0.000000	0.000000	0.000000
1109.999119	promoter_D	0.000000	0.000000	0.000000
1114.999280	__gene_A*_rbs	22.000000	0.000000	0.000000
1114.999280	__gene_A_rbs	23.000000	0.000000	0.000000
1114.999280	__gene_B_rbs	808.000000	0.000000	0.000000
1114.999280	__gene_C_rbs	797.000000	0.000000	0.000000
1114.999280	__gene_D_rbs	816.000000	0.000000	0.000000
1114.999280	__gene_E_rbs	811.000000	0.000000	0.000000
1114.999280	__gene_F_rbs	571.000000	0.000000	0.000000
1114.999280	__gene_G_rbs	453.000000	0.000000	0.000000
1114.999280	__gene_H_rbs	295.000000	0.000000	0.000000
1114.999280	__gene_J_rbs	804.000000	0.000000	0.000000
1114.999280	__gene_K_rbs	799.000000	0.000000	0.000000
1114.999280	__ribosome	0.000000	0.000000	0.000000
1114.999280	bound_ecolipol	1884.000000	0.000000	0.000000
1114.999280	bound_ribosome	100.000000	0.000000	0.000000
1114.999280	ecoli_genome	116.000000	0.000000	0.000000
1114.999280	ecoli_transcript	84169.000000	0.000000	0.000000
1114.999280	ecolipol	38.000000	0.000000	0.000000
1114.999280	gene_A	7.000000	23.000000	0.000000
1114.999280	gene_A*	5.000000	22.000000	0.000000
1114.999280	gene_B	254.000000	808.000000	0.000000
1114.999280	gene_C	175.000000	797.000000	0.000000
1114.999280	gene_D	296.000000	816.000000	0.000000
1114.999280	gene_E	213.000000	811.000000	0.000000
1114.999280	gene_F	101.000000	571.000000	0.000000
1114.999280	gene_G	36.000000	453.000000	0.041943
1114.999280	gene_H	0.000000	295.000000	0.088136
1114.999280	gene_J	129.000000	804.000000	0.068408
1114.999280	gene_K	174.000000	799.000000	0.000000
1114.999280	promoter_A	1.000000	0.000000	0.000000
1114.999280	promoter_B1	0.000000	0.000000	0.000000
1114.999280	promoter_D	0.000000	0.000000	0.000000
1119.999017	__gene_A*_rbs	22.000000	0.000000	0.000000
1119.999017	__gene_A_rbs	23.000000	0.000000	0.000000
1119.999017	__gene_B_rbs	812.000000	0.000000	0.000000
1119.999017	__gene_C_rbs	801.000000	0.000000	0.000000
1119.999017	__gene_D_rbs	820.000000	0.000000	0.000000
1119.999017	__gene_E_rbs	815.000000	0.000000	0.000000
1119.999017	__gene_F_rbs	572.000000	0.000000	0.000000
1119.999017	__gene_G_rbs	455.000000	0.000000	0.000000
1119.999017	__gene_H_rbs	297.000000	0.000000	0.000000
1119.999017	__gene_J_rbs	808.000000	0.000000	0.000000
1119.999017	__gene_K_rbs	803.000000	0.000000	0.000000
1119.999017	__ribosome	0.000000	0.000000	0.000000
1119.999017	bound_ecolipol	1890.000000	0.000000	0.000000
1119.999017	bound_ribosome	100.000000	0.000000	0.000000
1119.999017	ecoli_genome	110.000000	0.000000	0.000000
1119.999017	ecoli_transcript	84538.000000	0.000000	0.000000
1119.999017	ecolipol	36.000000	0.000000	0.000000
1119.999017	gene_A	7.000000	23.000000	0.000000
1119.999017	gene_A*	5.000000	22.000000	0.000000
1119.999017	gene_B	254.000000	812.000000	0.000000
1119.999017	gene_C	175.000000	801.000000	0.000000
1119.999017	gene_D	296.000000	820.000000	0.000000
1119.999017	gene_E	213.000000	815.000000	0.000000
1119.999017	gene_F	101.000000	572.000000	0.000000
1119.999017	gene_G	36.000000	455.000000	0.041758
1119.999017	gene_H	0.000000	297.000000	0.087542
1119.999017	gene_J	129.000000	808.000000	0.068069
1119.999017	gene_K	174.000000	803.000000	0.000000
1119.999017	promoter_A	1.000000	0.000000	0.000000
1119.999017	promoter_B1	0.000000	0.000000	0.000000
1119.999017	promoter_D	0.000000	0.000000	0.000000
1124.999042	__gene_A*_rbs	23.000000	0.000000	0.000000
1124.999042	__gene_A_rbs	23.000000	0.000000	0.000000
1124.999042	__gene_B_rbs	815.000000	0.000000	0.000000
1124.999042	__gene_C_rbs	805.000000	0.000000	0.000000
1124.999042	__gene_D_rbs	823.000000	0.000000	0.000000
1124.999042	__gene_E_rbs	819.000000	0.000000	0.000000
1124.999042	__gene_F_rbs	575.000000	0.000000	0.000000
1124.999042	__gene_G_rbs	456.000000	0.000000	0.000000
1124.999042	__gene_H_rbs	298.000000	0.000000	0.000000
1124.999042	__gene_J_rbs	812.000000	0.000000	0.000000
1124.999042	__gene_K_rbs	807.000000	0.000000	0.000000
1124.999042	__ribosome	0.000000	0.000000	0.000000
1124.999042	bound_ecolipol	1872.000000	0.000000	0.000000
1124.999042	bound_ribosome	100.000000	0.000000	0.000000
1124.999042	ecoli_genome	128.000000	0.000000	0.000000
1124.999042	ecoli_transcript	84889.000000	0.000000	0.000000
1124.999042	ecolipol	54.000000	0.000000	0.000000
1124.999042	gene_A	7.000000	23.000000	0.000000
1124.999042	gene_A*	5.000000	23.000000	0.000000
1124.999042	gene_B	254.000000	815.000000	0.000000
1124.999042	gene_C	175.000000	805.000000	0.000000
1124.999042	gene_D	296.000000	823.000000	0.000000
1124.999042	gene_E	213.000000	819.000000	0.000000
1124.999042	gene_F	101.000000	575.000000	0.000000
1124.999042	gene_G	36.000000	456.000000	0.041667
1124.999042	gene_H	0.000000	298.000000	0.087248
1124.999042	gene_J	129.000000	812.000000	0.067734
1124.999042	gene_K	174.000000	807.000000	0.000000
1124.999042	promoter_A	1.000000	0.000000	0.000000
1124.999042	promoter_B1	0.000000	0.000000	0.000000
1124.999042	promoter_D	0.000000	0.000000	0.000000
1129.999017	__gene_A*_rbs	23.000000	0.000000	0.000000
1129.999017	__gene_A_rbs	23.000000	0.000000	0.000000
1129.999017	__gene_B_rbs	819.000000	0.000000	0.000000
1129.999017	__gene_C_rbs	808.000000	0.000000	0.000000
1129.999017	__gene_D_rbs	826.000000	0.000000	0.000000
1129.999017	__gene_E_rbs	822.000000	0.000000	0.000000
1129.999017	__gene_F_rbs	578.000000	0.000000	0.000000
1129.999017	__gene_G_rbs	459.000000	0.000000	0.000000
1129.999017	__gene_H_rbs	299.000000	0.000000	0.000000
1129.999017	__gene_J_rbs	816.000000	0.000000	0.000000
1129.999017	__gene_K_rbs	810.000000	0.000000	0.000000
1129.999017	__ribosome	0.000000	0.000000	0.000000
1129.999017	bound_ecolipol	1884.000000	0.000000	0.000000
1129.999017	bound_ribosome	100.000000	0.000000	0.000000
1129.999017	ecoli_genome	116.000000	0.000000	0.000000
1129.999017	ecoli_transcript	85301.000000	0.000000	0.000000
1129.999017	ecolipol	43.000000	0.000000	0.000000
1129.999017	gene_A	7.000000	23.000000	0.000000
1129.999017	gene_A*	5.000000	23.000000	0.000000
1129.999017	gene_B	254.000000	819.000000	0.000000
1129.999017	gene_C	175.000000	808.000000	0.000000
1129.999017	gene_D	296.000000	826.000000	0.000000
1129.999017	gene_E	213.000000	822.000000	0.000000
1129.999017	gene_F	101.000000	578.000000	0.000000
1129.999017	gene_G	36.000000	459.000000	0.041394
1129.999017	gene_H	0.000000	299.000000	0.086957
1129.999017	gene_J	129.000000	816.000000	0.067402
1129.999017	gene_K	174.000000	810.000000	0.000000
1129.999017	promoter_A	1.000000	0.000000	0.000000
1129.999017	promoter_B1	0.000000	0.000000	0.000000
1129.999017	promoter_D	0.000000	0.000000	0.000000
1135.000036	__gene_A*_rbs	23.000000	0.000000	0.000000
1135.000036	__gene_A_rbs	23.000000	0.000000	0.000000
1135.000036	__gene_B_rbs	823.000000	0.000000	0.000000
1135.000036	__gene_C_rbs	812.000000	0.000000	0.000000
1135.000036	__gene_D_rbs	830.000000	0.000000	0.000000
1135.000036	__gene_E_rbs	826.000000	0.000000	0.000000
1135.000036	__gene_F_rbs	582.000000	0.000000	0.000000
1135.000036	__gene_G_rbs	461.000000	0.000000	0.000000
1135.000036	__gene_H_rbs	301.000000	0.000000	0.000000
1135.000036	__gene_J_rbs	820.000000	0.000000	0.000000
1135.000036	__gene_K_rbs	814.000000	0.000000	0.000000
1135.000036	__ribosome	0.000000	0.000000	0.000000
1135.000036	bound_ecolipol	1885.000000	0.000000	0.000000
1135.000036	bound_ribosome	100.000000	0.000000	0.000000
1135.000036	ecoli_genome	115.000000	0.000000	0.000000
1135.000036	ecoli_transcript	85696.000000	0.000000	0.000000
1135.000036	ecolipol	43.000000	0.000000	0.000000
1135.000036	gene_A	7.000000	23.000000	0.000000
1135.000036	gene_A*	5.000000	23.000000	0.000000
1135.000036	gene_B	254.000000	823.000000	0.000000
1135.000036	gene_C	175.000000	812.000000	0.000000
1135.000036	gene_D	296.000000	830.000000	0.000000
1135.000036	gene_E	213.000000	826.000000	0.000000
1135.000036	gene_F	101.000000	582.000000	0.000000
1135.000036	gene_G	36.000000	461.000000	0.041215
1135.000036	gene_H	0.000000	301.000000	0.086379
1135.000036	gene_J	129.000000	820.000000	0.067073
1135.000036	gene_K	174.000000	814.000000	0.000000
1135.000036	promoter_A	1.000000	0.000000	0.000000
1135.000036	promoter_B1	0.000000	0.000000	0.000000
1135.000036	promoter_D	0.000000	0.000000	0.000000
1139.999118	__gene_A*_rbs	23.000000	0.000000	0.000000
1139.999118	__gene_A_rbs	23.000000	0.000000	0.000000
1139.999118	__gene_B_rbs	826.000000	0.000000	0.000000
1139.999118	__gene_C_rbs	816.000000	0.000000	0.000000
1139.999118	__gene_D_rbs	834.000000	0.000000	0.000000
1139.999118	__gene_E_rbs	830.000000	0.000000	0.000000
1139.999118	__gene_F_rbs	585.000000	0.000000	0.000000
1139.999118	__gene_G_rbs	464.000000	0.000000	0.000000
1139.999118	__gene_H_rbs	302.000000	0.000000	0.000000
1139.999118	__gene_J_rbs	823.000000	0.000000	0.000000
1139.999118	__gene_K_rbs	818.000000	0.000000	0.000000
1139.999118	__ribosome	0.000000	0.000000	0.000000
1139.999118	bound_ecolipol	1881.000000	0.000000	0.000000
1139.999118	bound_ribosome	100.000000	0.000000	0.000000
1139.999118	ecoli_genome	119.000000	0.000000	0.000000
1139.999118	ecoli_transcript	86051.000000	0.000000	0.000000
1139.999118	ecolipol	46.000000	0.000000	0.000000
1139.999118	gene_A	7.000000	23.000000	0.000000
1139.999118	gene_A*	5.000000	23.000000	0.000000
1139.999118	gene_B	254.000000	826.000000	0.000000
1139.999118	gene_C	175.000000	816.000000	0.000000
1139.999118	gene_D	296.000000	834.000000	0.000000
1139.999118	gene_E	213.000000	830.000000	0.000000
1139.999118	gene_F	101.000000	585.000000	0.000000
1139.999118	gene_G	36.000000	464.000000	0.040948
1139.999118	gene_H	0.000000	302.000000	0.086093
1139.999118	gene_J	129.000000	823.000000	0.066829
1139.999118	gene_K	174.000000	818.000000	0.000000
1139.999118	promoter_A	1.000000	0.000000	0.000000
1139.999118	promoter_B1	0.000000	0.000000	0.000000
1139.999118	promoter_D	0.000000	0.000000	0.000000
1144.999113	__gene_A*_rbs	23.000000	0.000000	0.000000
1144.999113	__gene_A_rbs	24.000000	0.000000	0.000000
1144.999113	__gene_B_rbs	829.000000	0.000000	0.000000
1144.999113	__gene_C_rbs	819.000000	0.000000	0.000000
1144.999113	__gene_D_rbs	838.000000	0.000000	0.000000
1144.999113	__gene_E_rbs	833.000000	0.000000	0.000000
1144.999113	__gene_F_rbs	588.000000	0.000000	0.000000
1144.999113	__gene_G_rbs	467.000000	0.000000	0.000000
1144.999113	__gene_H_rbs	304.000000	0.000000	0.000000
1144.999113	__gene_J_rbs	827.000000	0.000000	0.000000
1144.999113	__gene_K_rbs	821.000000	0.000000	0.000000
1144.999113	__ribosome	0.000000	0.000000	0.000000
1144.999113	bound_ecolipol	1884.000000	0.000000	0.000000
1144.999113	bound_ribosome	100.000000	0.000000	0.000000
1144.999113	ecoli_genome	116.000000	0.000000	0.000000
1144.999113	ecoli_transcript	86446.000000	0.000000	0.000000
1144.999113	ecolipol	42.000000	0.000000	0.000000
1144.999113	gene_A	7.000000	24.000000	0.000000
1144.999113	gene_A*	5.000000	23.000000	0.000000
1144.999113	gene_B	254.000000	829.000000	0.000000
1144.999113	gene_C	175.000000	819.000000	0.000000
1144.999113	gene_D	296.000000	838.000000	0.000000
1144.999113	gene_E	213.000000	833.000000	0.000000
1144.999113	gene_F	101.000000	588.000000	0.000000
1144.999113	gene_G	36.000000	467.000000	0.040685
1144.999113	gene_H	0.000000	304.000000	0.085526
1144.999113	gene_J	129.000000	827.000000	0.066505
1144.999113	gene_K	174.000000	821.000000	0.000000
1144.999113	promoter_A	1.000000	0.000000	0.000000
1144.999113	promoter_B1	0.000000	0.000000	0.000000
1144.999113	promoter_D	0.000000	0.000000	0.000000
1149.999368	__gene_A*_rbs	23.000000	0.000000	0.000000
1149.999368	__gene_A_rbs	25.000000	0.000000	0.000000
1149.999368	__gene_B_rbs	833.000000	0.000000	0.000000
1149.999368	__gene_C_rbs	823.000000	0.000000	0.000000
1149.999368	__gene_D_rbs	841.000000	0.000000	0.000000
1149.999368	__gene_E_rbs	837.000000	0.000000	0.000000
1149.999368	__gene_F_rbs	592.000000	0.000000	0.000000
1149.999368	__gene_G_rbs	469.000000	0.000000	0.000000
1149.999368	__gene_H_rbs	305.000000	0.000000	0.000000
1149.999368	__gene_J_rbs	831.000000	0.000000	0.000000
1149.999368	__gene_K_rbs	825.000000	0.000000	0.000000
1149.999368	__ribosome	0.000000	0.000000	0.000000
1149.999368	bound_ecolipol	1882.000000	0.000000	0.000000
1149.999368	bound_ribosome	100.000000	0.000000	0.000000
1149.999368	ecoli_genome	118.000000	0.000000	0.000000
1149.999368	ecoli_transcript	86848.000000	0.000000	0.000000
1149.999368	ecolipol	41.000000	0.000000	0.000000
1149.999368	gene_A	7.000000	25.000000	0.000000
1149.999368	gene_A*	5.000000	23.000000	0.000000
1149.999368	gene_B	254.000000	833.000000	0.000000
1149.999368	gene_C	175.000000	823.000000	0.000000
1149.999368	gene_D	296.000000	841.000000	0.000000
1149.999368	gene_E	213.000000	837.000000	0.000000
1149.999368	gene_F	101.000000	592.000000	0.000000
1149.999368	gene_G	36.000000	469.000000	0.040512
1149.999368	gene_H	0.000000	305.000000	0.085246
1149.999368	gene_J	129.000000	831.000000	0.066185
1149.999368	gene_K	174.000000	825.000000	0.000000
1149.999368	promoter_A	1.000000	0.000000	0.000000
1149.999368	promoter_B1	0.000000	0.000000	0.000000
1149.999368	promoter_D	0.000000	0.000000	0.000000
1154.999057	__gene_A*_rbs	23.000000	0.000000	0.000000
1154.999057	__gene_A_rbs	25.000000	0.000000	0.000000
1154.999057	__gene_B_rbs	837.000000	0.000000	0.000000
1154.999057	__gene_C_rbs	827.000000	0.000000	0.000000
1154.999057	__gene_D_rbs	845.000000	0.000000	0.000000
1154.999057	__gene_E_rbs	841.000000	0.000000	0.000000
1154.999057	__gene_F_rbs	595.000000	0.000000	0.000000
1154.999057	__gene_G_rbs	469.000000	0.000000	0.000000
1154.999057	__gene_H_rbs	307.000000	0.000000	0.000000
1154.999057	__gene_J_rbs	835.000000	0.000000	0.000000
1154.999057	__gene_K_rbs	829.000000	0.000000	0.000000
1154.999057	__ribosome	0.000000	0.000000	0.000000
1154.999057	bound_ecolipol	1881.000000	0.000000	0.000000
1154.999057	bound_ribosome	100.000000	0.000000	0.000000
1154.999057	ecoli_genome	119.000000	0.000000	0.000000
1154.999057	ecoli_transcript	87235.000000	0.000000	0.000000
1154.999057	ecolipol	40.000000	0.000000	0.000000
1154.999057	gene_A	7.000000	25.000000	0.000000
1154.999057	gene_A*	5.000000	23.000000	0.000000
1154.999057	gene_B	254.000000	837.000000	0.000000
1154.999057	gene_C	175.000000	827.000000	0.000000
1154.999057	gene_D	296.000000	845.000000	0.000000
1154.999057	gene_E	213.000000	841.000000	0.000000
1154.999057	gene_F	101.000000	595.000000	0.000000
1154.999057	gene_G	36.000000	469.000000	0.040512
1154.999057	gene_H	0.000000	307.000000	0.084691
1154.999057	gene_J	129.000000	835.000000	0.065868
1154.999057	gene_K	174.000000	829.000000	0.000000
1154.999057	promoter_A	1.000000	0.000000	0.000000
1154.999057	promoter_B1	0.000000	0.000000	0.000000
1154.999057	promoter_D	0.000000	0.000000	0.000000
1159.999052	__gene_A*_rbs	24.000000	0.000000	0.000000
1159.999052	__gene_A_rbs	25.000000	0.000000	0.000000
1159.999052	__gene_B_rbs	841.000000	0.000000	0.000000
1159.999052	__gene_C_rbs	830.000000	0.000000	0.000000
1159.999052	__gene_D_rbs	849.000000	0.000000	0.000000
1159.999052	__gene_E_rbs	844.000000	0.000000	0.000000
1159.999052	__gene_F_rbs	598.000000	0.000000	0.000000
1159.999052	__gene_G_rbs	472.000000	0.000000	0.000000
1159.999052	__gene_H_rbs	310.000000	0.000000	0.000000
1159.999052	__gene_J_rbs	838.000000	0.000000	0.000000
1159.999052	__gene_K_rbs	832.000000	0.000000	0.000000
1159.999052	__ribosome	0.000000	0.000000	0.000000
1159.999052	bound_ecolipol	1876.000000	0.000000	0.000000
1159.999052	bound_ribosome	100.000000	0.000000	0.000000
1159.999052	ecoli_genome	124.000000	0.000000	0.000000
1159.999052	ecoli_transcript	87579.000000	0.000000	0.000000
1159.999052	ecolipol	45.000000	0.000000	0.000000
1159.999052	gene_A	7.000000	25.000000	0.000000
1159.999052	gene_A*	5.000000	24.000000	0.000000
1159.999052	gene_B	254.000000	841.000000	0.000000
1159.999052	gene_C	175.000000	830.000000	0.000000
1159.999052	gene_D	296.000000	849.000000	0.000000
1159.999052	gene_E	213.000000	844.000000	0.000000
1159.999052	gene_F	101.000000	598.000000	0.000000
1159.999052	gene_G	36.000000	472.000000	0.040254
1159.999052	gene_H	0.000000	310.000000	0.083871
1159.999052	gene_J	129.000000	838.000000	0.065632
1159.999052	gene_K	174.000000	832.000000	0.000000
1159.999052	promoter_A	1.000000	0.000000	0.000000
1159.999052	promoter_B1	0.000000	0.000000	0.000000
1159.999052	promoter_D	0.000000	0.000000	0.000000
1164.999001	__gene_A*_rbs	25.000000	0.000000	0.000000
1164.999001	__gene_A_rbs	25.000000	0.000000	0.000000
1164.999001	__gene_B_rbs	845.000000	0.000000	0.000000
1164.999001	__gene_C_rbs	834.000000	0.000000	0.000000
1164.999001	__gene_D_rbs	852.000000	0.000000	0.000000
1164.999001	__gene_E_rbs	848.000000	0.000000	0.000000
1164.999001	__gene_F_rbs	600.000000	0.000000	0.000000
1164.999001	__gene_G_rbs	474.000000	0.000000	0.000000
1164.999001	__gene_H_rbs	313.000000	0.000000	0.000000
1164.999001	__gene_J_rbs	842.000000	0.000000	0.000000
1164.999001	__gene_K_rbs	836.000000	0.000000	0.000000
1164.999001	__ribosome	0.000000	0.000000	0.000000
1164.999001	bound_ecolipol	1875.000000	0.000000	0.000000
1164.999001	bound_ribosome	100.000000	0.000000	0.000000
1164.999001	ecoli_genome	125.000000	0.000000	0.000000
1164.999001	ecoli_transcript	87935.000000	0.000000	0.000000
1164.999001	ecolipol	45.000000	0.000000	0.000000
1164.999001	gene_A	7.000000	25.000000	0.000000
1164.999001	gene_A*	5.000000	25.000000	0.000000
1164.999001	gene_B	254.000000	845.000000	0.000000
1164.999001	gene_C	175.000000	834.000000	0.000000
1164.999001	gene_D	296.000000	852.000000	0.000000
1164.999001	gene_E	213.000000	848.000000	0.000000
1164.999001	gene_F	101.000000	600.000000	0.000000
1164.999001	gene_G	36.000000	474.000000	0.040084
1164.999001	gene_H	0.000000	313.000000	0.083067
1164.999001	gene_J	129.000000	842.000000	0.065321
1164.999001	gene_K	174.000000	836.000000	0.000000
1164.999001	promoter_A	1.000000	0.000000	0.000000
1164.999001	promoter_B1	0.000000	0.000000	0.000000
1164.999001	promoter_D	0.000000	0.000000	0.000000
1169.999235	__gene_A*_rbs	25.000000	0.000000	0.000000
1169.999235	__gene_A_rbs	25.000000	0.000000	0.000000
1169.999235	__gene_B_rbs	848.000000	0.000000	0.000000
1169.999235	__gene_C_rbs	838.000000	0.000000	0.000000
1169.999235	__gene_D_rbs	856.000000	0.000000	0.000000
1169.999235	__gene_E_rbs	852.000000	0.000000	0.000000
1169.999235	__gene_F_rbs	602.000000	0.000000	0.000000
1169.999235	__gene_G_rbs	475.000000	0.000000	0.000000
1169.999235	__gene_H_rbs	313.000000	0.000000	0.000000
1169.999235	__gene_J_rbs	846.000000	0.000000	0.000000
1169.999235	__gene_K_rbs	839.000000	0.000000	0.000000
1169.999235	__ribosome	0.000000	0.000000	0.000000
1169.999235	bound_ecolipol	1885.000000	0.000000	0.000000
1169.999235	bound_ribosome	100.000000	0.000000	0.000000
1169.999235	ecoli_genome	115.000000	0.000000	0.000000
1169.999235	ecoli_transcript	88316.000000	0.000000	0.000000
1169.999235	ecolipol	38.000000	0.000000	0.000000
1169.999235	gene_A	7.000000	25.000000	0.000000
1169.999235	gene_A*	5.000000	25.000000	0.000000
1169.999235	gene_B	254.000000	848.000000	0.000000
1169.999235	gene_C	175.000000	838.000000	0.000000
1169.999235	gene_D	296.000000	856.000000	0.000000
1169.999235	gene_E	213.000000	852.000000	0.000000
1169.999235	gene_F	101.000000	602.000000	0.000000
1169.999235	gene_G	36.000000	475.000000	0.040000
1169.999235	gene_H	0.000000	313.000000	0.083067
1169.999235	gene_J	129.000000	846.000000	0.065012
1169.999235	gene_K	174.000000	839.000000	0.000000
1169.999235	promoter_A	1.000000	0.000000	0.000000
1169.999235	promoter_B1	0.000000	0.000000	0.000000
1169.999235	promoter_D	0.000000	0.000000	0.000000
1174.999046	__gene_A*_rbs	25.000000	0.000000	0.000000
1174.999046	__gene_A_rbs	25.000000	0.000000	0.000000
1174.999046	__gene_B_rbs	852.000000	0.000000	0.000000
1174.999046	__gene_C_rbs	841.000000	0.000000	0.000000
1174.999046	__gene_D_rbs	860.000000	0.000000	0.000000
1174.999046	__gene_E_rbs	855.000000	0.000000	0.000000
1174.999046	__gene_F_rbs	605.000000	0.000000	0.000000
1174.999046	__gene_G_rbs	478.000000	0.000000	0.000000
1174.999046	__gene_H_rbs	315.000000	0.000000	0.000000
1174.999046	__gene_J_rbs	849.000000	0.000000	0.000000
1174.999046	__gene_K_rbs	843.000000	0.000000	0.000000
1174.999046	__ribosome	0.000000	0.000000	0.000000
1174.999046	bound_ecolipol	1875.000000	0.000000	0.000000
1174.999046	bound_ribosome	100.000000	0.000000	0.000000
1174.999046	ecoli_genome	125.000000	0.000000	0.000000
1174.999046	ecoli_transcript	88675.000000	0.000000	0.000000
1174.999046	ecolipol	48.000000	0.000000	0.000000
1174.999046	gene_A	7.000000	25.000000	0.000000
1174.999046	gene_A*	5.000000	25.000000	0.000000
1174.999046	gene_B	254.000000	852.000000	0.000000
1174.999046	gene_C	175.000000	841.000000	0.000000
1174.999046	gene_D	296.000000	860.000000	0.000000
1174.999046	gene_E	213.000000	855.000000	0.000000
1174.999046	gene_F	101.000000	605.000000	0.000000
1174.999046	gene_G	36.000000	478.000000	0.039749
1174.999046	gene_H	0.000000	315.000000	0.082540
1174.999046	gene_J	129.000000	849.000000	0.064782
1174.999046	gene_K	174.000000	843.000000	0.000000
1174.999046	promoter_A	1.000000	0.000000	0.000000
1174.999046	promoter_B1	0.000000	0.000000	0.000000
1174.999046	promoter_D	0.000000	0.000000	0.000000
1179.999284	__gene_A*_rbs	25.000000	0.000000	0.000000
1179.999284	__gene_A_rbs	25.000000	0.000000	0.000000
1179.999284	__gene_B_rbs	855.000000	0.000000	0.000000
1179.999284	__gene_C_rbs	845.000000	0.000000	0.000000
1179.999284	__gene_D_rbs	864.000000	0.000000	0.000000
1179.999284	__gene_E_rbs	859.000000	0.000000	0.000000
1179.999284	__gene_F_rbs	608.000000	0.000000	0.000000
1179.999284	__gene_G_rbs	481.000000	0.000000	0.000000
1179.999284	__gene_H_rbs	316.000000	0.000000	0.000000
1179.999284	__gene_J_rbs	853.000000	0.000000	0.000000
1179.999284	__gene_K_rbs	847.000000	0.000000	0.000000
1179.999284	__ribosome	0.000000	0.000000	0.000000
1179.999284	bound_ecolipol	1883.000000	0.000000	0.000000
1179.999284	bound_ribosome	100.000000	0.000000	0.000000
1179.999284	ecoli_genome	117.000000	0.000000	0.000000
1179.999284	ecoli_transcript	89073.000000	0.000000	0.000000
1179.999284	ecolipol	41.000000	0.000000	0.000000
1179.999284	gene_A	7.000000	25.000000	0.000000
1179.999284	gene_A*	5.000000	25.000000	0.000000
1179.999284	gene_B	254.000000	855.000000	0.000000
1179.999284	gene_C	175.000000	845.000000	0.000000
1179.999284	gene_D	296.000000	864.000000	0.000000
1179.999284	gene_E	213.000000	859.000000	0.000000
1179.999284	gene_F	101.000000	608.000000	0.000000
1179.999284	gene_G	36.000000	481.000000	0.039501
1179.999284	gene_H	0.000000	316.000000	0.082278
1179.999284	gene_J	129.000000	853.000000	0.064478
1179.999284	gene_K	174.000000	847.000000	0.000000
1179.999284	promoter_A	1.000000	0.000000	0.000000
1179.999284	promoter_B1	0.000000	0.000000	0.000000
1179.999284	promoter_D	0.000000	0.000000	0.000000
1184.999146	__gene_A*_rbs	25.000000	0.000000	0.000000
1184.999146	__gene_A_rbs	25.000000	0.000000	0.000000
1184.999146	__gene_B_rbs	859.000000	0.000000	0.000000
1184.999146	__gene_C_rbs	849.000000	0.000000	0.000000
1184.999146	__gene_D_rbs	867.000000	0.000000	0.000000
1184.999146	__gene_E_rbs	863.000000	0.000000	0.000000
1184.999146	__gene_F_rbs	612.000000	0.000000	0.000000
1184.999146	__gene_G_rbs	484.000000	0.000000	0.000000
1184.999146	__gene_H_rbs	317.000000	0.000000	0.000000
1184.999146	__gene_J_rbs	857.000000	0.000000	0.000000
1184.999146	__gene_K_rbs	851.000000	0.000000	0.000000
1184.999146	__ribosome	0.000000	0.000000	0.000000
1184.999146	bound_ecolipol	1879.000000	0.000000	0.000000
1184.999146	bound_ribosome	100.000000	0.000000	0.000000
1184.999146	ecoli_genome	121.000000	0.000000	0.000000
1184.999146	ecoli_transcript	89460.000000	0.000000	0.000000
1184.999146	ecolipol	45.000000	0.000000	0.000000
1184.999146	gene_A	7.000000	25.000000	0.000000
1184.999146	gene_A*	5.000000	25.000000	0.000000
1184.999146	gene_B	254.000000	859.000000	0.000000
1184.999146	gene_C	175.000000	849.000000	0.000000
1184.999146	gene_D	296.000000	867.000000	0.000000
1184.999146	gene_E	213.000000	863.000000	0.000000
1184.999146	gene_F	101.000000	612.000000	0.000000
1184.999146	gene_G	36.000000	484.000000	0.039256
1184.999146	gene_H	0.000000	317.000000	0.082019
1184.999146	gene_J	129.000000	857.000000	0.064177
1184.999146	gene_K	174.000000	851.000000	0.000000
1184.999146	promoter_A	1.000000	0.000000	0.000000
1184.999146	promoter_B1	0.000000	0.000000	0.000000
1184.999146	promoter_D	0.000000	0.000000	0.000000
1189.999292	__gene_A*_rbs	25.000000	0.000000	0.000000
1189.999292	__gene_A_rbs	25.000000	0.000000	0.000000
1189.999292	__gene_B_rbs	862.000000	0.000000	0.000000
1189.999292	__gene_C_rbs	852.000000	0.000000	0.000000
1189.999292	__gene_D_rbs	871.000000	0.000000	0.000000
1189.999292	__gene_E_rbs	867.000000	0.000000	0.000000
1189.999292	__gene_F_rbs	615.000000	0.000000	0.000000
1189.999292	__gene_G_rbs	486.000000	0.000000	0.000000
1189.999292	__gene_H_rbs	318.000000	0.000000	0.000000
1189.999292	__gene_J_rbs	859.000000	0.000000	0.000000
1189.999292	__gene_K_rbs	854.000000	0.000000	0.000000
1189.999292	__ribosome	0.000000	0.000000	0.000000
1189.999292	bound_ecolipol	1889.000000	0.000000	0.000000
1189.999292	bound_ribosome	100.000000	0.000000	0.000000
1189.999292	ecoli_genome	111.000000	0.000000	0.000000
1189.999292	ecoli_transcript	89829.000000	0.000000	0.000000
1189.999292	ecolipol	37.000000	0.000000	0.000000
1189.999292	gene_A	7.000000	25.000000	0.000000
1189.999292	gene_A*	5.000000	25.000000	0.000000
1189.999292	gene_B	254.000000	862.000000	0.000000
1189.999292	gene_C	175.000000	852.000000	0.000000
1189.999292	gene_D	296.000000	871.000000	0.000000
1189.999292	gene_E	213.000000	867.000000	0.000000
1189.999292	gene_F	101.000000	615.000000	0.000000
1189.999292	gene_G	36.000000	486.000000	0.039095
1189.999292	gene_H	0.000000	318.000000	0.081761
1189.999292	gene_J	129.000000	859.000000	0.064028
1189.999292	gene_K	174.000000	854.000000	0.000000
1189.999292	promoter_A	1.000000	0.000000	0.000000
1189.999292	promoter_B1	0.000000	0.000000	0.000000
1189.999292	promoter_D	0.000000	0.000000	0.000000
1194.999102	__gene_A*_rbs	25.000000	0.000000	0.000000
1194.999102	__gene_A_rbs	25.000000	0.000000	0.000000
1194.999102	__gene_B_rbs	866.000000	0.000000	0.000000
1194.999102	__gene_C_rbs	856.000000	0.000000	0.000000
1194.999102	__gene_D_rbs	875.000000	0.000000	0.000000
1194.999102	__gene_E_rbs	870.000000	0.000000	0.000000
1194.999102	__gene_F_rbs	617.000000	0.000000	0.000000
1194.999102	__gene_G_rbs	487.000000	0.000000	0.000000
1194.999102	__gene_H_rbs	319.000000	0.000000	0.000000
1194.999102	__gene_J_rbs	863.000000	0.000000	0.000000
1194.999102	__gene_K_rbs	858.000000	0.000000	0.000000
1194.999102	__ribosome	0.000000	0.000000	0.000000
1194.999102	bound_ecolipol	1881.000000	0.000000	0.000000
1194.999102	bound_ribosome	100.000000	0.000000	0.000000
1194.999102	ecoli_genome	119.000000	0.000000	0.000000
1194.999102	ecoli_transcript	90224.000000	0.000000	0.000000
1194.999102	ecolipol	46.000000	0.000000	0.000000
1194.999102	gene_A	7.000000	25.000000	0.000000
1194.999102	gene_A*	5.000000	25.000000	0.000000
1194.999102	gene_B	254.000000	866.000000	0.000000
1194.999102	gene_C	175.000000	856.000000	0.000000
1194.999102	gene_D	296.000000	875.000000	0.000000
1194.999102	gene_E	213.000000	870.000000	0.000000
1194.999102	gene_F	101.000000	617.000000	0.000000
1194.999102	gene_G	36.000000	487.000000	0.039014
1194.999102	gene_H	0.000000	319.000000	0.081505
1194.999102	gene_J	129.000000	863.000000	0.063731
1194.999102	gene_K	174.000000	858.000000	0.000000
1194.999102	promoter_A	1.000000	0.000000	0.000000
1194.999102	promoter_B1	0.000000	0.000000	0.000000
1194.999102	promoter_D	0.000000	0.000000	0.000000
1199.999119	__gene_A*_rbs	25.000000	0.000000	0.000000
1199.999119	__gene_A_rbs	25.000000	0.000000	0.000000
1199.999119	__gene_B_rbs	870.000000	0.000000	0.000000
1199.999119	__gene_C_rbs	859.000000	0.000000	0.000000
1199.999119	__gene_D_rbs	878.000000	0.000000	0.000000
1199.999119	__gene_E_rbs	874.000000	0.000000	0.000000
1199.999119	__gene_F_rbs	619.000000	0.000000	0.000000
1199.999119	__gene_G_rbs	488.000000	0.000000	0.000000
1199.999119	__gene_H_rbs	320.000000	0.000000	0.000000
1199.999119	__gene_J_rbs	867.000000	0.000000	0.000000
1199.999119	__gene_K_rbs	861.000000	0.000000	0.000000
1199.999119	__ribosome	0.000000	0.000000	0.000000
1199.999119	bound_ecolipol	1882.000000	0.000000	0.000000
1199.999119	bound_ribosome	100.000000	0.000000	0.000000
1199.999119	ecoli_genome	118.000000	0.000000	0.000000
1199.999119	ecoli_transcript	90605.000000	0.000000	0.000000
1199.999119	ecolipol	49.000000	0.000000	0.000000
1199.999119	gene_A	7.000000	25.000000	0.000000
1199.999119	gene_A*	5.000000	25.000000	0.000000
1199.999119	gene_B	254.000000	870.000000	0.000000
1199.999119	gene_C	175.000000	859.000000	0.000000
1199.999119	gene_D	296.000000	878.000000	0.000000
1199.999119	gene_E	213.000000	874.000000	0.000000
1199.999119	gene_F	101.000000	619.000000	0.000000
1199.999119	gene_G	36.000000	488.000000	0.038934
1199.999119	gene_H	0.000000	320.000000	0.081250
1199.999119	gene_J	129.000000	867.000000	0.063437
1199.999119	gene_K	174.000000	861.000000	0.000000
1199.999119	promoter_A	1.000000	0.000000	0.000000
1199.999119	promoter_B1	0.000000	0.000000	0.000000
1199.999119	promoter_D	0.000000	0.000000	0.000000
