time	species	protein	transcript	ribo_density
0.000000	__gene_A*_rbs	0.000000	0.000000	0.000000
0.000000	__gene_A_rbs	0.000000	0.000000	0.000000
0.000000	__gene_B_rbs	0.000000	0.000000	0.000000
0.000000	__gene_C_rbs	0.000000	0.000000	0.000000
0.000000	__gene_D_rbs	0.000000	0.000000	0.000000
0.000000	__gene_E_rbs	0.000000	0.000000	0.000000
0.000000	__gene_F_rbs	0.000000	0.000000	0.000000
0.000000	__gene_G_rbs	0.000000	0.000000	0.000000
0.000000	__gene_H_rbs	0.000000	0.000000	0.000000
0.000000	__gene_J_rbs	0.000000	0.000000	0.000000
0.000000	__gene_K_rbs	0.000000	0.000000	0.000000
0.000000	__ribosome	100.000000	0.000000	0.000000
0.000000	bound_ecolipol	2000.000000	0.000000	0.000000
0.000000	bound_ribosome	100.000000	0.000000	0.000000
0.000000	ecoli_genome	0.000000	0.000000	0.000000
0.000000	ecoli_transcript	0.000000	0.000000	0.000000
0.000000	ecolipol	0.000000	0.000000	0.000000
0.000000	promoter_A	1.000000	0.000000	0.000000
0.000000	promoter_B1	1.000000	0.000000	0.000000
0.000000	promoter_D	1.000000	0.000000	0.000000
5.000258	__gene_A*_rbs	0.000000	0.000000	0.000000
5.000258	__gene_A_rbs	2.000000	0.000000	0.000000
5.000258	__gene_B_rbs	0.000000	0.000000	0.000000
5.000258	__gene_C_rbs	0.000000	0.000000	0.000000
5.000258	__gene_D_rbs	2.000000	0.000000	0.000000
5.000258	__gene_E_rbs	0.000000	0.000000	0.000000
5.000258	__gene_F_rbs	0.000000	0.000000	0.000000
5.000258	__gene_G_rbs	0.000000	0.000000	0.000000
5.000258	__gene_H_rbs	0.000000	0.000000	0.000000
5.000258	__gene_J_rbs	0.000000	0.000000	0.000000
5.000258	__gene_K_rbs	0.000000	0.000000	0.000000
5.000258	__ribosome	85.000000	0.000000	0.000000
5.000258	bound_ecolipol	1923.000000	0.000000	0.000000
5.000258	bound_ribosome	100.000000	0.000000	0.000000
5.000258	ecoli_genome	77.000000	0.000000	0.000000
5.000258	ecoli_transcript	390.000000	0.000000	0.000000
5.000258	ecolipol	68.000000	0.000000	0.000000
5.000258	gene_A	0.000000	3.000000	2.666667
5.000258	gene_D	0.000000	3.000000	2.333333
5.000258	promoter_A	0.000000	0.000000	0.000000
5.000258	promoter_B1	1.000000	0.000000	0.000000
5.000258	promoter_D	0.000000	0.000000	0.000000
9.999281	__gene_A*_rbs	0.000000	0.000000	0.000000
9.999281	__gene_A_rbs	4.000000	0.000000	0.000000
9.999281	__gene_B_rbs	0.000000	0.000000	0.000000
9.999281	__gene_C_rbs	0.000000	0.000000	0.000000
9.999281	__gene_D_rbs	4.000000	0.000000	0.000000
9.999281	__gene_E_rbs	1.000000	0.000000	0.000000
9.999281	__gene_F_rbs	0.000000	0.000000	0.000000
9.999281	__gene_G_rbs	0.000000	0.000000	0.000000
9.999281	__gene_H_rbs	0.000000	0.000000	0.000000
9.999281	__gene_J_rbs	0.000000	0.000000	0.000000
9.999281	__gene_K_rbs	0.000000	0.000000	0.000000
9.999281	__ribosome	44.000000	0.000000	0.000000
9.999281	bound_ecolipol	1924.000000	0.000000	0.000000
9.999281	bound_ribosome	100.000000	0.000000	0.000000
9.999281	ecoli_genome	76.000000	0.000000	0.000000
9.999281	ecoli_transcript	790.000000	0.000000	0.000000
9.999281	ecolipol	59.000000	0.000000	0.000000
9.999281	gene_A	0.000000	7.000000	3.571429
9.999281	gene_B	0.000000	1.000000	2.000000
9.999281	gene_D	0.000000	7.000000	3.857143
9.999281	gene_E	0.000000	2.000000	1.000000
9.999281	promoter_A	0.000000	0.000000	0.000000
9.999281	promoter_B1	1.000000	0.000000	0.000000
9.999281	promoter_D	0.000000	0.000000	0.000000
14.999199	__gene_A*_rbs	0.000000	0.000000	0.000000
14.999199	__gene_A_rbs	11.000000	0.000000	0.000000
14.999199	__gene_B_rbs	1.000000	0.000000	0.000000
14.999199	__gene_C_rbs	0.000000	0.000000	0.000000
14.999199	__gene_D_rbs	10.000000	0.000000	0.000000
14.999199	__gene_E_rbs	5.000000	0.000000	0.000000
14.999199	__gene_F_rbs	0.000000	0.000000	0.000000
14.999199	__gene_G_rbs	0.000000	0.000000	0.000000
14.999199	__gene_H_rbs	0.000000	0.000000	0.000000
14.999199	__gene_J_rbs	1.000000	0.000000	0.000000
14.999199	__gene_K_rbs	0.000000	0.000000	0.000000
14.999199	__ribosome	14.000000	0.000000	0.000000
14.999199	bound_ecolipol	1912.000000	0.000000	0.000000
14.999199	bound_ribosome	100.000000	0.000000	0.000000
14.999199	ecoli_genome	88.000000	0.000000	0.000000
14.999199	ecoli_transcript	1202.000000	0.000000	0.000000
14.999199	ecolipol	63.000000	0.000000	0.000000
14.999199	gene_A	0.000000	11.000000	3.363636
14.999199	gene_B	0.000000	1.000000	4.000000
14.999199	gene_D	0.000000	11.000000	3.818182
14.999199	gene_E	0.000000	6.000000	0.500000
14.999199	gene_J	0.000000	1.000000	0.000000
14.999199	promoter_A	0.000000	0.000000	0.000000
14.999199	promoter_B1	1.000000	0.000000	0.000000
14.999199	promoter_D	0.000000	0.000000	0.000000
19.999039	__gene_A*_rbs	1.000000	0.000000	0.000000
19.999039	__gene_A_rbs	14.000000	0.000000	0.000000
19.999039	__gene_B_rbs	2.000000	0.000000	0.000000
19.999039	__gene_C_rbs	0.000000	0.000000	0.000000
19.999039	__gene_D_rbs	13.000000	0.000000	0.000000
19.999039	__gene_E_rbs	6.000000	0.000000	0.000000
19.999039	__gene_F_rbs	1.000000	0.000000	0.000000
19.999039	__gene_G_rbs	0.000000	0.000000	0.000000
19.999039	__gene_H_rbs	0.000000	0.000000	0.000000
19.999039	__gene_J_rbs	3.000000	0.000000	0.000000
19.999039	__gene_K_rbs	1.000000	0.000000	0.000000
19.999039	__ribosome	3.000000	0.000000	0.000000
19.999039	bound_ecolipol	1907.000000	0.000000	0.000000
19.999039	bound_ribosome	100.000000	0.000000	0.000000
19.999039	ecoli_genome	93.000000	0.000000	0.000000
19.999039	ecoli_transcript	1592.000000	0.000000	0.000000
19.999039	ecolipol	57.000000	0.000000	0.000000
19.999039	gene_A	0.000000	15.000000	2.866667
19.999039	gene_A*	0.000000	3.000000	0.333333
19.999039	gene_B	0.000000	2.000000	2.000000
19.999039	gene_D	6.000000	14.000000	2.857143
19.999039	gene_E	2.000000	10.000000	0.800000
19.999039	gene_F	0.000000	1.000000	0.000000
19.999039	gene_J	0.000000	4.000000	0.250000
19.999039	gene_K	0.000000	1.000000	0.000000
19.999039	promoter_A	0.000000	0.000000	0.000000
19.999039	promoter_B1	0.000000	0.000000	0.000000
19.999039	promoter_D	0.000000	0.000000	0.000000
24.999053	__gene_A*_rbs	5.000000	0.000000	0.000000
24.999053	__gene_A_rbs	17.000000	0.000000	0.000000
24.999053	__gene_B_rbs	4.000000	0.000000	0.000000
24.999053	__gene_C_rbs	1.000000	0.000000	0.000000
24.999053	__gene_D_rbs	18.000000	0.000000	0.000000
24.999053	__gene_E_rbs	13.000000	0.000000	0.000000
24.999053	__gene_F_rbs	2.000000	0.000000	0.000000
24.999053	__gene_G_rbs	0.000000	0.000000	0.000000
24.999053	__gene_H_rbs	0.000000	0.000000	0.000000
24.999053	__gene_J_rbs	5.000000	0.000000	0.000000
24.999053	__gene_K_rbs	1.000000	0.000000	0.000000
24.999053	__ribosome	5.000000	0.000000	0.000000
24.999053	bound_ecolipol	1902.000000	0.000000	0.000000
24.999053	bound_ribosome	100.000000	0.000000	0.000000
24.999053	ecoli_genome	98.000000	0.000000	0.000000
24.999053	ecoli_transcript	1969.000000	0.000000	0.000000
24.999053	ecolipol	55.000000	0.000000	0.000000
24.999053	gene_A	0.000000	18.000000	2.833333
24.999053	gene_A*	0.000000	7.000000	0.285714
24.999053	gene_B	4.000000	4.000000	0.250000
24.999053	gene_C	0.000000	1.000000	1.000000
24.999053	gene_D	22.000000	18.000000	1.666667
24.999053	gene_E	4.000000	14.000000	0.642857
24.999053	gene_F	0.000000	3.000000	0.333333
24.999053	gene_J	1.000000	8.000000	0.000000
24.999053	gene_K	0.000000	1.000000	0.000000
24.999053	promoter_A	0.000000	0.000000	0.000000
24.999053	promoter_B1	0.000000	0.000000	0.000000
24.999053	promoter_D	0.000000	0.000000	0.000000
29.999164	__gene_A*_rbs	9.000000	0.000000	0.000000
29.999164	__gene_A_rbs	21.000000	0.000000	0.000000
29.999164	__gene_B_rbs	5.000000	0.000000	0.000000
29.999164	__gene_C_rbs	2.000000	0.000000	0.000000
29.999164	__gene_D_rbs	21.000000	0.000000	0.000000
29.999164	__gene_E_rbs	14.000000	0.000000	0.000000
29.999164	__gene_F_rbs	7.000000	0.000000	0.000000
29.999164	__gene_G_rbs	0.000000	0.000000	0.000000
29.999164	__gene_H_rbs	0.000000	0.000000	0.000000
29.999164	__gene_J_rbs	9.000000	0.000000	0.000000
29.999164	__gene_K_rbs	2.000000	0.000000	0.000000
29.999164	__ribosome	2.000000	0.000000	0.000000
29.999164	bound_ecolipol	1891.000000	0.000000	0.000000
29.999164	bound_ribosome	100.000000	0.000000	0.000000
29.999164	ecoli_genome	109.000000	0.000000	0.000000
29.999164	ecoli_transcript	2333.000000	0.000000	0.000000
29.999164	ecolipol	60.000000	0.000000	0.000000
29.999164	gene_A	0.000000	22.000000	2.590909
29.999164	gene_A*	0.000000	11.000000	0.363636
29.999164	gene_B	4.000000	5.000000	0.600000
29.999164	gene_C	0.000000	2.000000	0.500000
29.999164	gene_D	39.000000	21.000000	0.857143
29.999164	gene_E	10.000000	18.000000	0.555556
29.999164	gene_F	0.000000	7.000000	0.142857
29.999164	gene_J	1.000000	11.000000	0.363636
29.999164	gene_K	0.000000	2.000000	0.000000
29.999164	promoter_A	0.000000	0.000000	0.000000
29.999164	promoter_B1	0.000000	0.000000	0.000000
29.999164	promoter_D	0.000000	0.000000	0.000000
34.999077	__gene_A*_rbs	14.000000	0.000000	0.000000
34.999077	__gene_A_rbs	26.000000	0.000000	0.000000
34.999077	__gene_B_rbs	7.000000	0.000000	0.000000
34.999077	__gene_C_rbs	3.000000	0.000000	0.000000
34.999077	__gene_D_rbs	25.000000	0.000000	0.000000
34.999077	__gene_E_rbs	21.000000	0.000000	0.000000
34.999077	__gene_F_rbs	10.000000	0.000000	0.000000
34.999077	__gene_G_rbs	0.000000	0.000000	0.000000
34.999077	__gene_H_rbs	0.000000	0.000000	0.000000
34.999077	__gene_J_rbs	14.000000	0.000000	0.000000
34.999077	__gene_K_rbs	4.000000	0.000000	0.000000
34.999077	__ribosome	2.000000	0.000000	0.000000
34.999077	bound_ecolipol	1896.000000	0.000000	0.000000
34.999077	bound_ribosome	100.000000	0.000000	0.000000
34.999077	ecoli_genome	104.000000	0.000000	0.000000
34.999077	ecoli_transcript	2704.000000	0.000000	0.000000
34.999077	ecolipol	48.000000	0.000000	0.000000
34.999077	gene_A	0.000000	26.000000	2.307692
34.999077	gene_A*	0.000000	15.000000	0.266667
34.999077	gene_B	4.000000	7.000000	0.857143
34.999077	gene_C	1.000000	3.000000	0.000000
34.999077	gene_D	45.000000	25.000000	0.520000
34.999077	gene_E	15.000000	21.000000	0.476190
34.999077	gene_F	0.000000	11.000000	0.181818
34.999077	gene_J	5.000000	15.000000	0.133333
34.999077	gene_K	0.000000	4.000000	0.250000
34.999077	promoter_A	0.000000	0.000000	0.000000
34.999077	promoter_B1	0.000000	0.000000	0.000000
34.999077	promoter_D	0.000000	0.000000	0.000000
39.999131	__gene_A*_rbs	17.000000	0.000000	0.000000
39.999131	__gene_A_rbs	29.000000	0.000000	0.000000
39.999131	__gene_B_rbs	10.000000	0.000000	0.000000
39.999131	__gene_C_rbs	4.000000	0.000000	0.000000
39.999131	__gene_D_rbs	29.000000	0.000000	0.000000
39.999131	__gene_E_rbs	24.000000	0.000000	0.000000
39.999131	__gene_F_rbs	14.000000	0.000000	0.000000
39.999131	__gene_G_rbs	0.000000	0.000000	0.000000
39.999131	__gene_H_rbs	0.000000	0.000000	0.000000
39.999131	__gene_J_rbs	17.000000	0.000000	0.000000
39.999131	__gene_K_rbs	5.000000	0.000000	0.000000
39.999131	__ribosome	2.000000	0.000000	0.000000
39.999131	bound_ecolipol	1898.000000	0.000000	0.000000
39.999131	bound_ribosome	100.000000	0.000000	0.000000
39.999131	ecoli_genome	102.000000	0.000000	0.000000
39.999131	ecoli_transcript	3079.000000	0.000000	0.000000
39.999131	ecolipol	40.000000	0.000000	0.000000
39.999131	gene_A	0.000000	29.000000	2.172414
39.999131	gene_A*	0.000000	18.000000	0.222222
39.999131	gene_B	7.000000	11.000000	0.454545
39.999131	gene_C	1.000000	4.000000	0.000000
39.999131	gene_D	51.000000	29.000000	0.344828
39.999131	gene_E	21.000000	25.000000	0.320000
39.999131	gene_F	0.000000	14.000000	0.357143
39.999131	gene_J	6.000000	19.000000	0.105263
39.999131	gene_K	1.000000	5.000000	0.200000
39.999131	promoter_A	0.000000	0.000000	0.000000
39.999131	promoter_B1	0.000000	0.000000	0.000000
39.999131	promoter_D	0.000000	0.000000	0.000000
44.999026	__gene_A*_rbs	19.000000	0.000000	0.000000
44.999026	__gene_A_rbs	33.000000	0.000000	0.000000
44.999026	__gene_B_rbs	12.000000	0.000000	0.000000
44.999026	__gene_C_rbs	7.000000	0.000000	0.000000
44.999026	__gene_D_rbs	30.000000	0.000000	0.000000
44.999026	__gene_E_rbs	28.000000	0.000000	0.000000
44.999026	__gene_F_rbs	16.000000	0.000000	0.000000
44.999026	__gene_G_rbs	0.000000	0.000000	0.000000
44.999026	__gene_H_rbs	0.000000	0.000000	0.000000
44.999026	__gene_J_rbs	22.000000	0.000000	0.000000
44.999026	__gene_K_rbs	6.000000	0.000000	0.000000
44.999026	__ribosome	1.000000	0.000000	0.000000
44.999026	bound_ecolipol	1882.000000	0.000000	0.000000
44.999026	bound_ribosome	100.000000	0.000000	0.000000
44.999026	ecoli_genome	118.000000	0.000000	0.000000
44.999026	ecoli_transcript	3476.000000	0.000000	0.000000
44.999026	ecolipol	53.000000	0.000000	0.000000
44.999026	gene_A	0.000000	33.000000	1.969697
44.999026	gene_A*	0.000000	21.000000	0.190476
44.999026	gene_B	8.000000	15.000000	0.333333
44.999026	gene_C	1.000000	7.000000	0.000000
44.999026	gene_D	57.000000	32.000000	0.281250
44.999026	gene_E	26.000000	28.000000	0.178571
44.999026	gene_F	0.000000	16.000000	0.500000
44.999026	gene_J	8.000000	22.000000	0.136364
44.999026	gene_K	2.000000	7.000000	0.000000
44.999026	promoter_A	0.000000	0.000000	0.000000
44.999026	promoter_B1	0.000000	0.000000	0.000000
44.999026	promoter_D	0.000000	0.000000	0.000000
49.999204	__gene_A*_rbs	23.000000	0.000000	0.000000
49.999204	__gene_A_rbs	37.000000	0.000000	0.000000
49.999204	__gene_B_rbs	16.000000	0.000000	0.000000
49.999204	__gene_C_rbs	9.000000	0.000000	0.000000
49.999204	__gene_D_rbs	35.000000	0.000000	0.000000
49.999204	__gene_E_rbs	32.000000	0.000000	0.000000
49.999204	__gene_F_rbs	19.000000	0.000000	0.000000
49.999204	__gene_G_rbs	0.000000	0.000000	0.000000
49.999204	__gene_H_rbs	0.000000	0.000000	0.000000
49.999204	__gene_J_rbs	25.000000	0.000000	0.000000
49.999204	__gene_K_rbs	10.000000	0.000000	0.000000
49.999204	__ribosome	0.000000	0.000000	0.000000
49.999204	bound_ecolipol	1884.000000	0.000000	0.000000
49.999204	bound_ribosome	100.000000	0.000000	0.000000
49.999204	ecoli_genome	116.000000	0.000000	0.000000
49.999204	ecoli_transcript	3820.000000	0.000000	0.000000
49.999204	ecolipol	45.000000	0.000000	0.000000
49.999204	gene_A	0.000000	37.000000	1.783784
49.999204	gene_A*	0.000000	24.000000	0.291667
49.999204	gene_B	11.000000	18.000000	0.111111
49.999204	gene_C	1.000000	9.000000	0.000000
49.999204	gene_D	58.000000	35.000000	0.285714
49.999204	gene_E	29.000000	32.000000	0.062500
49.999204	gene_F	0.000000	19.000000	0.421053
49.999204	gene_J	10.000000	25.000000	0.120000
49.999204	gene_K	2.000000	11.000000	0.181818
49.999204	promoter_A	0.000000	0.000000	0.000000
49.999204	promoter_B1	0.000000	0.000000	0.000000
49.999204	promoter_D	0.000000	0.000000	0.000000
54.999244	__gene_A*_rbs	28.000000	0.000000	0.000000
54.999244	__gene_A_rbs	40.000000	0.000000	0.000000
54.999244	__gene_B_rbs	20.000000	0.000000	0.000000
54.999244	__gene_C_rbs	11.000000	0.000000	0.000000
54.999244	__gene_D_rbs	38.000000	0.000000	0.000000
54.999244	__gene_E_rbs	35.000000	0.000000	0.000000
54.999244	__gene_F_rbs	21.000000	0.000000	0.000000
54.999244	__gene_G_rbs	0.000000	0.000000	0.000000
54.999244	__gene_H_rbs	0.000000	0.000000	0.000000
54.999244	__gene_J_rbs	29.000000	0.000000	0.000000
54.999244	__gene_K_rbs	12.000000	0.000000	0.000000
54.999244	__ribosome	0.000000	0.000000	0.000000
54.999244	bound_ecolipol	1891.000000	0.000000	0.000000
54.999244	bound_ribosome	100.000000	0.000000	0.000000
54.999244	ecoli_genome	109.000000	0.000000	0.000000
54.999244	ecoli_transcript	4180.000000	0.000000	0.000000
54.999244	ecolipol	34.000000	0.000000	0.000000
54.999244	gene_A	5.000000	40.000000	1.625000
54.999244	gene_A*	1.000000	28.000000	0.214286
54.999244	gene_B	13.000000	22.000000	0.090909
54.999244	gene_C	1.000000	12.000000	0.083333
54.999244	gene_D	61.000000	39.000000	0.282051
54.999244	gene_E	31.000000	35.000000	0.028571
54.999244	gene_F	0.000000	22.000000	0.500000
54.999244	gene_J	12.000000	29.000000	0.068966
54.999244	gene_K	3.000000	14.000000	0.071429
54.999244	promoter_A	0.000000	0.000000	0.000000
54.999244	promoter_B1	0.000000	0.000000	0.000000
54.999244	promoter_D	0.000000	0.000000	0.000000
59.999308	__gene_A*_rbs	31.000000	0.000000	0.000000
59.999308	__gene_A_rbs	44.000000	0.000000	0.000000
59.999308	__gene_B_rbs	24.000000	0.000000	0.000000
59.999308	__gene_C_rbs	15.000000	0.000000	0.000000
59.999308	__gene_D_rbs	42.000000	0.000000	0.000000
59.999308	__gene_E_rbs	35.000000	0.000000	0.000000
59.999308	__gene_F_rbs	25.000000	0.000000	0.000000
59.999308	__gene_G_rbs	1.000000	0.000000	0.000000
59.999308	__gene_H_rbs	0.000000	0.000000	0.000000
59.999308	__gene_J_rbs	32.000000	0.000000	0.000000
59.999308	__gene_K_rbs	16.000000	0.000000	0.000000
59.999308	__ribosome	1.000000	0.000000	0.000000
59.999308	bound_ecolipol	1879.000000	0.000000	0.000000
59.999308	bound_ribosome	100.000000	0.000000	0.000000
59.999308	ecoli_genome	121.000000	0.000000	0.000000
59.999308	ecoli_transcript	4559.000000	0.000000	0.000000
59.999308	ecolipol	42.000000	0.000000	0.000000
59.999308	gene_A	16.000000	44.000000	1.250000
59.999308	gene_A*	3.000000	31.000000	0.193548
59.999308	gene_B	13.000000	26.000000	0.192308
59.999308	gene_C	2.000000	16.000000	0.062500
59.999308	gene_D	65.000000	43.000000	0.255814
59.999308	gene_E	31.000000	39.000000	0.128205
59.999308	gene_F	0.000000	25.000000	0.520000
59.999308	gene_G	0.000000	1.000000	0.000000
59.999308	gene_J	13.000000	33.000000	0.030303
59.999308	gene_K	4.000000	18.000000	0.111111
59.999308	promoter_A	0.000000	0.000000	0.000000
59.999308	promoter_B1	0.000000	0.000000	0.000000
59.999308	promoter_D	0.000000	0.000000	0.000000
64.999053	__gene_A*_rbs	35.000000	0.000000	0.000000
64.999053	__gene_A_rbs	48.000000	0.000000	0.000000
64.999053	__gene_B_rbs	27.000000	0.000000	0.000000
64.999053	__gene_C_rbs	18.000000	0.000000	0.000000
64.999053	__gene_D_rbs	45.000000	0.000000	0.000000
64.999053	__gene_E_rbs	42.000000	0.000000	0.000000
64.999053	__gene_F_rbs	27.000000	0.000000	0.000000
64.999053	__gene_G_rbs	2.000000	0.000000	0.000000
64.999053	__gene_H_rbs	0.000000	0.000000	0.000000
64.999053	__gene_J_rbs	36.000000	0.000000	0.000000
64.999053	__gene_K_rbs	21.000000	0.000000	0.000000
64.999053	__ribosome	2.000000	0.000000	0.000000
64.999053	bound_ecolipol	1886.000000	0.000000	0.000000
64.999053	bound_ribosome	100.000000	0.000000	0.000000
64.999053	ecoli_genome	114.000000	0.000000	0.000000
64.999053	ecoli_transcript	4951.000000	0.000000	0.000000
64.999053	ecolipol	34.000000	0.000000	0.000000
64.999053	gene_A	34.000000	48.000000	0.916667
64.999053	gene_A*	4.000000	35.000000	0.142857
64.999053	gene_B	14.000000	29.000000	0.206897
64.999053	gene_C	2.000000	19.000000	0.210526
64.999053	gene_D	68.000000	46.000000	0.282609
64.999053	gene_E	32.000000	42.000000	0.214286
64.999053	gene_F	0.000000	27.000000	0.518519
64.999053	gene_G	0.000000	2.000000	0.000000
64.999053	gene_J	13.000000	36.000000	0.027778
64.999053	gene_K	5.000000	21.000000	0.095238
64.999053	promoter_A	0.000000	0.000000	0.000000
64.999053	promoter_B1	0.000000	0.000000	0.000000
64.999053	promoter_D	0.000000	0.000000	0.000000
69.999114	__gene_A*_rbs	39.000000	0.000000	0.000000
69.999114	__gene_A_rbs	52.000000	0.000000	0.000000
69.999114	__gene_B_rbs	31.000000	0.000000	0.000000
69.999114	__gene_C_rbs	23.000000	0.000000	0.000000
69.999114	__gene_D_rbs	50.000000	0.000000	0.000000
69.999114	__gene_E_rbs	44.000000	0.000000	0.000000
69.999114	__gene_F_rbs	30.000000	0.000000	0.000000
69.999114	__gene_G_rbs	3.000000	0.000000	0.000000
69.999114	__gene_H_rbs	0.000000	0.000000	0.000000
69.999114	__gene_J_rbs	34.000000	0.000000	0.000000
69.999114	__gene_K_rbs	23.000000	0.000000	0.000000
69.999114	__ribosome	1.000000	0.000000	0.000000
69.999114	bound_ecolipol	1874.000000	0.000000	0.000000
69.999114	bound_ribosome	100.000000	0.000000	0.000000
69.999114	ecoli_genome	126.000000	0.000000	0.000000
69.999114	ecoli_transcript	5323.000000	0.000000	0.000000
69.999114	ecolipol	43.000000	0.000000	0.000000
69.999114	gene_A	42.000000	52.000000	0.750000
69.999114	gene_A*	4.000000	39.000000	0.205128
69.999114	gene_B	18.000000	32.000000	0.125000
69.999114	gene_C	5.000000	23.000000	0.173913
69.999114	gene_D	69.000000	50.000000	0.300000
69.999114	gene_E	36.000000	46.000000	0.173913
69.999114	gene_F	1.000000	30.000000	0.466667
69.999114	gene_G	0.000000	3.000000	0.000000
69.999114	gene_J	14.000000	40.000000	0.125000
69.999114	gene_K	7.000000	24.000000	0.083333
69.999114	promoter_A	0.000000	0.000000	0.000000
69.999114	promoter_B1	0.000000	0.000000	0.000000
69.999114	promoter_D	0.000000	0.000000	0.000000
74.999029	__gene_A*_rbs	42.000000	0.000000	0.000000
74.999029	__gene_A_rbs	55.000000	0.000000	0.000000
74.999029	__gene_B_rbs	34.000000	0.000000	0.000000
74.999029	__gene_C_rbs	26.000000	0.000000	0.000000
74.999029	__gene_D_rbs	53.000000	0.000000	0.000000
74.999029	__gene_E_rbs	48.000000	0.000000	0.000000
74.999029	__gene_F_rbs	33.000000	0.000000	0.000000
74.999029	__gene_G_rbs	6.000000	0.000000	0.000000
74.999029	__gene_H_rbs	1.000000	0.000000	0.000000
74.999029	__gene_J_rbs	43.000000	0.000000	0.000000
74.999029	__gene_K_rbs	28.000000	0.000000	0.000000
74.999029	__ribosome	0.000000	0.000000	0.000000
74.999029	bound_ecolipol	1874.000000	0.000000	0.000000
74.999029	bound_ribosome	100.000000	0.000000	0.000000
74.999029	ecoli_genome	126.000000	0.000000	0.000000
74.999029	ecoli_transcript	5677.000000	0.000000	0.000000
74.999029	ecolipol	40.000000	0.000000	0.000000
74.999029	gene_A	49.000000	55.000000	0.636364
74.999029	gene_A*	4.000000	43.000000	0.255814
74.999029	gene_B	20.000000	35.000000	0.114286
74.999029	gene_C	6.000000	26.000000	0.153846
74.999029	gene_D	74.000000	54.000000	0.314815
74.999029	gene_E	41.000000	49.000000	0.142857
74.999029	gene_F	1.000000	33.000000	0.484848
74.999029	gene_G	0.000000	6.000000	0.166667
74.999029	gene_H	0.000000	1.000000	0.000000
74.999029	gene_J	17.000000	43.000000	0.093023
74.999029	gene_K	8.000000	28.000000	0.035714
74.999029	promoter_A	0.000000	0.000000	0.000000
74.999029	promoter_B1	0.000000	0.000000	0.000000
74.999029	promoter_D	0.000000	0.000000	0.000000
79.999232	__gene_A*_rbs	47.000000	0.000000	0.000000
79.999232	__gene_A_rbs	58.000000	0.000000	0.000000
79.999232	__gene_B_rbs	39.000000	0.000000	0.000000
79.999232	__gene_C_rbs	28.000000	0.000000	0.000000
79.999232	__gene_D_rbs	57.000000	0.000000	0.000000
79.999232	__gene_E_rbs	53.000000	0.000000	0.000000
79.999232	__gene_F_rbs	35.000000	0.000000	0.000000
79.999232	__gene_G_rbs	9.000000	0.000000	0.000000
79.999232	__gene_H_rbs	2.000000	0.000000	0.000000
79.999232	__gene_J_rbs	47.000000	0.000000	0.000000
79.999232	__gene_K_rbs	29.000000	0.000000	0.000000
79.999232	__ribosome	1.000000	0.000000	0.000000
79.999232	bound_ecolipol	1876.000000	0.000000	0.000000
79.999232	bound_ribosome	100.000000	0.000000	0.000000
79.999232	ecoli_genome	124.000000	0.000000	0.000000
79.999232	ecoli_transcript	6058.000000	0.000000	0.000000
79.999232	ecolipol	37.000000	0.000000	0.000000
79.999232	gene_A	56.000000	59.000000	0.610169
79.999232	gene_A*	4.000000	47.000000	0.297872
79.999232	gene_B	20.000000	39.000000	0.153846
79.999232	gene_C	9.000000	29.000000	0.137931
79.999232	gene_D	81.000000	58.000000	0.172414
79.999232	gene_E	44.000000	53.000000	0.132075
79.999232	gene_F	3.000000	35.000000	0.400000
79.999232	gene_G	0.000000	9.000000	0.111111
79.999232	gene_H	0.000000	2.000000	0.000000
79.999232	gene_J	19.000000	47.000000	0.106383
79.999232	gene_K	9.000000	31.000000	0.064516
79.999232	promoter_A	0.000000	0.000000	0.000000
79.999232	promoter_B1	0.000000	0.000000	0.000000
79.999232	promoter_D	0.000000	0.000000	0.000000
84.999470	__gene_A*_rbs	47.000000	0.000000	0.000000
84.999470	__gene_A_rbs	62.000000	0.000000	0.000000
84.999470	__gene_B_rbs	39.000000	0.000000	0.000000
84.999470	__gene_C_rbs	33.000000	0.000000	0.000000
84.999470	__gene_D_rbs	61.000000	0.000000	0.000000
84.999470	__gene_E_rbs	57.000000	0.000000	0.000000
84.999470	__gene_F_rbs	38.000000	0.000000	0.000000
84.999470	__gene_G_rbs	13.000000	0.000000	0.000000
84.999470	__gene_H_rbs	2.000000	0.000000	0.000000
84.999470	__gene_J_rbs	49.000000	0.000000	0.000000
84.999470	__gene_K_rbs	34.000000	0.000000	0.000000
84.999470	__ribosome	1.000000	0.000000	0.000000
84.999470	bound_ecolipol	1872.000000	0.000000	0.000000
84.999470	bound_ribosome	100.000000	0.000000	0.000000
84.999470	ecoli_genome	128.000000	0.000000	0.000000
84.999470	ecoli_transcript	6442.000000	0.000000	0.000000
84.999470	ecolipol	38.000000	0.000000	0.000000
84.999470	gene_A	60.000000	62.000000	0.532258
84.999470	gene_A*	7.000000	50.000000	0.360000
84.999470	gene_B	23.000000	42.000000	0.166667
84.999470	gene_C	11.000000	33.000000	0.181818
84.999470	gene_D	87.000000	61.000000	0.114754
84.999470	gene_E	48.000000	57.000000	0.122807
84.999470	gene_F	6.000000	38.000000	0.315789
84.999470	gene_G	0.000000	13.000000	0.153846
84.999470	gene_H	0.000000	2.000000	0.500000
84.999470	gene_J	23.000000	50.000000	0.100000
84.999470	gene_K	10.000000	35.000000	0.028571
84.999470	promoter_A	0.000000	0.000000	0.000000
84.999470	promoter_B1	0.000000	0.000000	0.000000
84.999470	promoter_D	0.000000	0.000000	0.000000
89.999153	__gene_A*_rbs	53.000000	0.000000	0.000000
89.999153	__gene_A_rbs	66.000000	0.000000	0.000000
89.999153	__gene_B_rbs	44.000000	0.000000	0.000000
89.999153	__gene_C_rbs	35.000000	0.000000	0.000000
89.999153	__gene_D_rbs	64.000000	0.000000	0.000000
89.999153	__gene_E_rbs	61.000000	0.000000	0.000000
89.999153	__gene_F_rbs	41.000000	0.000000	0.000000
89.999153	__gene_G_rbs	15.000000	0.000000	0.000000
89.999153	__gene_H_rbs	4.000000	0.000000	0.000000
89.999153	__gene_J_rbs	53.000000	0.000000	0.000000
89.999153	__gene_K_rbs	39.000000	0.000000	0.000000
89.999153	__ribosome	0.000000	0.000000	0.000000
89.999153	bound_ecolipol	1876.000000	0.000000	0.000000
89.999153	bound_ribosome	100.000000	0.000000	0.000000
89.999153	ecoli_genome	124.000000	0.000000	0.000000
89.999153	ecoli_transcript	6777.000000	0.000000	0.000000
89.999153	ecolipol	32.000000	0.000000	0.000000
89.999153	gene_A	63.000000	66.000000	0.484848
89.999153	gene_A*	7.000000	54.000000	0.388889
89.999153	gene_B	26.000000	46.000000	0.152174
89.999153	gene_C	14.000000	37.000000	0.162162
89.999153	gene_D	90.000000	64.000000	0.171875
89.999153	gene_E	52.000000	61.000000	0.065574
89.999153	gene_F	8.000000	42.000000	0.285714
89.999153	gene_G	1.000000	15.000000	0.066667
89.999153	gene_H	0.000000	4.000000	0.250000
89.999153	gene_J	26.000000	54.000000	0.074074
89.999153	gene_K	11.000000	39.000000	0.025641
89.999153	promoter_A	0.000000	0.000000	0.000000
89.999153	promoter_B1	0.000000	0.000000	0.000000
89.999153	promoter_D	0.000000	0.000000	0.000000
94.999084	__gene_A*_rbs	57.000000	0.000000	0.000000
94.999084	__gene_A_rbs	70.000000	0.000000	0.000000
94.999084	__gene_B_rbs	49.000000	0.000000	0.000000
94.999084	__gene_C_rbs	40.000000	0.000000	0.000000
94.999084	__gene_D_rbs	67.000000	0.000000	0.000000
94.999084	__gene_E_rbs	64.000000	0.000000	0.000000
94.999084	__gene_F_rbs	45.000000	0.000000	0.000000
94.999084	__gene_G_rbs	18.000000	0.000000	0.000000
94.999084	__gene_H_rbs	8.000000	0.000000	0.000000
94.999084	__gene_J_rbs	57.000000	0.000000	0.000000
94.999084	__gene_K_rbs	41.000000	0.000000	0.000000
94.999084	__ribosome	0.000000	0.000000	0.000000
94.999084	bound_ecolipol	1869.000000	0.000000	0.000000
94.999084	bound_ribosome	100.000000	0.000000	0.000000
94.999084	ecoli_genome	131.000000	0.000000	0.000000
94.999084	ecoli_transcript	7156.000000	0.000000	0.000000
94.999084	ecolipol	37.000000	0.000000	0.000000
94.999084	gene_A	65.000000	70.000000	0.485714
94.999084	gene_A*	8.000000	58.000000	0.344828
94.999084	gene_B	28.000000	50.000000	0.120000
94.999084	gene_C	17.000000	41.000000	0.121951
94.999084	gene_D	91.000000	67.000000	0.179104
94.999084	gene_E	55.000000	64.000000	0.093750
94.999084	gene_F	8.000000	45.000000	0.266667
94.999084	gene_G	1.000000	18.000000	0.111111
94.999084	gene_H	0.000000	8.000000	0.125000
94.999084	gene_J	28.000000	58.000000	0.034483
94.999084	gene_K	12.000000	42.000000	0.000000
94.999084	promoter_A	0.000000	0.000000	0.000000
94.999084	promoter_B1	0.000000	0.000000	0.000000
94.999084	promoter_D	0.000000	0.000000	0.000000
99.999115	__gene_A*_rbs	60.000000	0.000000	0.000000
99.999115	__gene_A_rbs	73.000000	0.000000	0.000000
99.999115	__gene_B_rbs	49.000000	0.000000	0.000000
99.999115	__gene_C_rbs	44.000000	0.000000	0.000000
99.999115	__gene_D_rbs	71.000000	0.000000	0.000000
99.999115	__gene_E_rbs	66.000000	0.000000	0.000000
99.999115	__gene_F_rbs	49.000000	0.000000	0.000000
99.999115	__gene_G_rbs	20.000000	0.000000	0.000000
99.999115	__gene_H_rbs	9.000000	0.000000	0.000000
99.999115	__gene_J_rbs	60.000000	0.000000	0.000000
99.999115	__gene_K_rbs	43.000000	0.000000	0.000000
99.999115	__ribosome	1.000000	0.000000	0.000000
99.999115	bound_ecolipol	1869.000000	0.000000	0.000000
99.999115	bound_ribosome	100.000000	0.000000	0.000000
99.999115	ecoli_genome	131.000000	0.000000	0.000000
99.999115	ecoli_transcript	7525.000000	0.000000	0.000000
99.999115	ecolipol	38.000000	0.000000	0.000000
99.999115	gene_A	65.000000	73.000000	0.493151
99.999115	gene_A*	9.000000	61.000000	0.327869
99.999115	gene_B	31.000000	53.000000	0.075472
99.999115	gene_C	21.000000	44.000000	0.022727
99.999115	gene_D	93.000000	71.000000	0.154930
99.999115	gene_E	58.000000	67.000000	0.074627
99.999115	gene_F	11.000000	49.000000	0.204082
99.999115	gene_G	1.000000	20.000000	0.200000
99.999115	gene_H	0.000000	9.000000	0.111111
99.999115	gene_J	29.000000	62.000000	0.064516
99.999115	gene_K	12.000000	45.000000	0.066667
99.999115	promoter_A	0.000000	0.000000	0.000000
99.999115	promoter_B1	0.000000	0.000000	0.000000
99.999115	promoter_D	0.000000	0.000000	0.000000
104.999008	__gene_A*_rbs	65.000000	0.000000	0.000000
104.999008	__gene_A_rbs	77.000000	0.000000	0.000000
104.999008	__gene_B_rbs	55.000000	0.000000	0.000000
104.999008	__gene_C_rbs	47.000000	0.000000	0.000000
104.999008	__gene_D_rbs	75.000000	0.000000	0.000000
104.999008	__gene_E_rbs	71.000000	0.000000	0.000000
104.999008	__gene_F_rbs	52.000000	0.000000	0.000000
104.999008	__gene_G_rbs	22.000000	0.000000	0.000000
104.999008	__gene_H_rbs	10.000000	0.000000	0.000000
104.999008	__gene_J_rbs	64.000000	0.000000	0.000000
104.999008	__gene_K_rbs	48.000000	0.000000	0.000000
104.999008	__ribosome	1.000000	0.000000	0.000000
104.999008	bound_ecolipol	1862.000000	0.000000	0.000000
104.999008	bound_ribosome	100.000000	0.000000	0.000000
104.999008	ecoli_genome	138.000000	0.000000	0.000000
104.999008	ecoli_transcript	7905.000000	0.000000	0.000000
104.999008	ecolipol	44.000000	0.000000	0.000000
104.999008	gene_A	68.000000	77.000000	0.467532
104.999008	gene_A*	12.000000	65.000000	0.323077
104.999008	gene_B	34.000000	57.000000	0.017544
104.999008	gene_C	22.000000	47.000000	0.042553
104.999008	gene_D	100.000000	75.000000	0.093333
104.999008	gene_E	61.000000	71.000000	0.070423
104.999008	gene_F	14.000000	52.000000	0.230769
104.999008	gene_G	1.000000	22.000000	0.272727
104.999008	gene_H	0.000000	10.000000	0.300000
104.999008	gene_J	31.000000	65.000000	0.061538
104.999008	gene_K	14.000000	49.000000	0.040816
104.999008	promoter_A	0.000000	0.000000	0.000000
104.999008	promoter_B1	0.000000	0.000000	0.000000
104.999008	promoter_D	0.000000	0.000000	0.000000
109.999235	__gene_A*_rbs	68.000000	0.000000	0.000000
109.999235	__gene_A_rbs	81.000000	0.000000	0.000000
109.999235	__gene_B_rbs	61.000000	0.000000	0.000000
109.999235	__gene_C_rbs	50.000000	0.000000	0.000000
109.999235	__gene_D_rbs	79.000000	0.000000	0.000000
109.999235	__gene_E_rbs	72.000000	0.000000	0.000000
109.999235	__gene_F_rbs	54.000000	0.000000	0.000000
109.999235	__gene_G_rbs	23.000000	0.000000	0.000000
109.999235	__gene_H_rbs	11.000000	0.000000	0.000000
109.999235	__gene_J_rbs	68.000000	0.000000	0.000000
109.999235	__gene_K_rbs	52.000000	0.000000	0.000000
109.999235	__ribosome	2.000000	0.000000	0.000000
109.999235	bound_ecolipol	1862.000000	0.000000	0.000000
109.999235	bound_ribosome	100.000000	0.000000	0.000000
109.999235	ecoli_genome	138.000000	0.000000	0.000000
109.999235	ecoli_transcript	8285.000000	0.000000	0.000000
109.999235	ecolipol	44.000000	0.000000	0.000000
109.999235	gene_A	71.000000	81.000000	0.432099
109.999235	gene_A*	15.000000	69.000000	0.289855
109.999235	gene_B	35.000000	61.000000	0.016393
109.999235	gene_C	24.000000	51.000000	0.039216
109.999235	gene_D	103.000000	79.000000	0.075949
109.999235	gene_E	64.000000	74.000000	0.054054
109.999235	gene_F	14.000000	54.000000	0.240741
109.999235	gene_G	2.000000	23.000000	0.260870
109.999235	gene_H	0.000000	11.000000	0.272727
109.999235	gene_J	33.000000	68.000000	0.088235
109.999235	gene_K	16.000000	53.000000	0.037736
109.999235	promoter_A	0.000000	0.000000	0.000000
109.999235	promoter_B1	0.000000	0.000000	0.000000
109.999235	promoter_D	0.000000	0.000000	0.000000
114.999233	__gene_A*_rbs	72.000000	0.000000	0.000000
114.999233	__gene_A_rbs	84.000000	0.000000	0.000000
114.999233	__gene_B_rbs	64.000000	0.000000	0.000000
114.999233	__gene_C_rbs	52.000000	0.000000	0.000000
114.999233	__gene_D_rbs	82.000000	0.000000	0.000000
114.999233	__gene_E_rbs	78.000000	0.000000	0.000000
114.999233	__gene_F_rbs	57.000000	0.000000	0.000000
114.999233	__gene_G_rbs	27.000000	0.000000	0.000000
114.999233	__gene_H_rbs	13.000000	0.000000	0.000000
114.999233	__gene_J_rbs	71.000000	0.000000	0.000000
114.999233	__gene_K_rbs	54.000000	0.000000	0.000000
114.999233	__ribosome	1.000000	0.000000	0.000000
114.999233	bound_ecolipol	1870.000000	0.000000	0.000000
114.999233	bound_ribosome	100.000000	0.000000	0.000000
114.999233	ecoli_genome	130.000000	0.000000	0.000000
114.999233	ecoli_transcript	8640.000000	0.000000	0.000000
114.999233	ecolipol	34.000000	0.000000	0.000000
114.999233	gene_A	77.000000	84.000000	0.380952
114.999233	gene_A*	17.000000	73.000000	0.287671
114.999233	gene_B	35.000000	65.000000	0.046154
114.999233	gene_C	24.000000	54.000000	0.092593
114.999233	gene_D	104.000000	82.000000	0.085366
114.999233	gene_E	67.000000	78.000000	0.025641
114.999233	gene_F	15.000000	57.000000	0.228070
114.999233	gene_G	2.000000	27.000000	0.222222
114.999233	gene_H	0.000000	13.000000	0.307692
114.999233	gene_J	37.000000	71.000000	0.070423
114.999233	gene_K	17.000000	56.000000	0.017857
114.999233	promoter_A	0.000000	0.000000	0.000000
114.999233	promoter_B1	0.000000	0.000000	0.000000
114.999233	promoter_D	0.000000	0.000000	0.000000
119.999295	__gene_A*_rbs	76.000000	0.000000	0.000000
119.999295	__gene_A_rbs	88.000000	0.000000	0.000000
119.999295	__gene_B_rbs	67.000000	0.000000	0.000000
119.999295	__gene_C_rbs	55.000000	0.000000	0.000000
119.999295	__gene_D_rbs	85.000000	0.000000	0.000000
119.999295	__gene_E_rbs	80.000000	0.000000	0.000000
119.999295	__gene_F_rbs	58.000000	0.000000	0.000000
119.999295	__gene_G_rbs	28.000000	0.000000	0.000000
119.999295	__gene_H_rbs	13.000000	0.000000	0.000000
119.999295	__gene_J_rbs	74.000000	0.000000	0.000000
119.999295	__gene_K_rbs	59.000000	0.000000	0.000000
119.999295	__ribosome	1.000000	0.000000	0.000000
119.999295	bound_ecolipol	1872.000000	0.000000	0.000000
119.999295	bound_ribosome	100.000000	0.000000	0.000000
119.999295	ecoli_genome	128.000000	0.000000	0.000000
119.999295	ecoli_transcript	9011.000000	0.000000	0.000000
119.999295	ecolipol	33.000000	0.000000	0.000000
119.999295	gene_A	81.000000	88.000000	0.340909
119.999295	gene_A*	25.000000	77.000000	0.220779
119.999295	gene_B	36.000000	68.000000	0.044118
119.999295	gene_C	26.000000	57.000000	0.105263
119.999295	gene_D	106.000000	86.000000	0.069767
119.999295	gene_E	69.000000	82.000000	0.073171
119.999295	gene_F	17.000000	58.000000	0.206897
119.999295	gene_G	3.000000	29.000000	0.241379
119.999295	gene_H	0.000000	13.000000	0.307692
119.999295	gene_J	37.000000	75.000000	0.080000
119.999295	gene_K	18.000000	59.000000	0.033898
119.999295	promoter_A	0.000000	0.000000	0.000000
119.999295	promoter_B1	0.000000	0.000000	0.000000
119.999295	promoter_D	0.000000	0.000000	0.000000
124.999045	__gene_A*_rbs	80.000000	0.000000	0.000000
124.999045	__gene_A_rbs	91.000000	0.000000	0.000000
124.999045	__gene_B_rbs	72.000000	0.000000	0.000000
124.999045	__gene_C_rbs	60.000000	0.000000	0.000000
124.999045	__gene_D_rbs	90.000000	0.000000	0.000000
124.999045	__gene_E_rbs	85.000000	0.000000	0.000000
124.999045	__gene_F_rbs	60.000000	0.000000	0.000000
124.999045	__gene_G_rbs	29.000000	0.000000	0.000000
124.999045	__gene_H_rbs	14.000000	0.000000	0.000000
124.999045	__gene_J_rbs	78.000000	0.000000	0.000000
124.999045	__gene_K_rbs	62.000000	0.000000	0.000000
124.999045	__ribosome	0.000000	0.000000	0.000000
124.999045	bound_ecolipol	1870.000000	0.000000	0.000000
124.999045	bound_ribosome	100.000000	0.000000	0.000000
124.999045	ecoli_genome	130.000000	0.000000	0.000000
124.999045	ecoli_transcript	9404.000000	0.000000	0.000000
124.999045	ecolipol	37.000000	0.000000	0.000000
124.999045	gene_A	84.000000	92.000000	0.347826
124.999045	gene_A*	28.000000	80.000000	0.187500
124.999045	gene_B	37.000000	72.000000	0.027778
124.999045	gene_C	30.000000	61.000000	0.032787
124.999045	gene_D	109.000000	90.000000	0.077778
124.999045	gene_E	69.000000	85.000000	0.105882
124.999045	gene_F	17.000000	60.000000	0.200000
124.999045	gene_G	5.000000	30.000000	0.233333
124.999045	gene_H	0.000000	14.000000	0.285714
124.999045	gene_J	38.000000	78.000000	0.089744
124.999045	gene_K	20.000000	63.000000	0.047619
124.999045	promoter_A	0.000000	0.000000	0.000000
124.999045	promoter_B1	0.000000	0.000000	0.000000
124.999045	promoter_D	0.000000	0.000000	0.000000
129.999183	__gene_A*_rbs	83.000000	0.000000	0.000000
129.999183	__gene_A_rbs	96.000000	0.000000	0.000000
129.999183	__gene_B_rbs	76.000000	0.000000	0.000000
129.999183	__gene_C_rbs	63.000000	0.000000	0.000000
129.999183	__gene_D_rbs	94.000000	0.000000	0.000000
129.999183	__gene_E_rbs	89.000000	0.000000	0.000000
129.999183	__gene_F_rbs	63.000000	0.000000	0.000000
129.999183	__gene_G_rbs	32.000000	0.000000	0.000000
129.999183	__gene_H_rbs	17.000000	0.000000	0.000000
129.999183	__gene_J_rbs	80.000000	0.000000	0.000000
129.999183	__gene_K_rbs	67.000000	0.000000	0.000000
129.999183	__ribosome	0.000000	0.000000	0.000000
129.999183	bound_ecolipol	1872.000000	0.000000	0.000000
129.999183	bound_ribosome	100.000000	0.000000	0.000000
129.999183	ecoli_genome	128.000000	0.000000	0.000000
129.999183	ecoli_transcript	9755.000000	0.000000	0.000000
129.999183	ecolipol	34.000000	0.000000	0.000000
129.999183	gene_A	90.000000	96.000000	0.281250
129.999183	gene_A*	28.000000	84.000000	0.214286
129.999183	gene_B	38.000000	76.000000	0.078947
129.999183	gene_C	32.000000	65.000000	0.046154
129.999183	gene_D	111.000000	94.000000	0.074468
129.999183	gene_E	75.000000	89.000000	0.089888
129.999183	gene_F	18.000000	63.000000	0.190476
129.999183	gene_G	5.000000	32.000000	0.250000
129.999183	gene_H	0.000000	17.000000	0.235294
129.999183	gene_J	40.000000	82.000000	0.073171
129.999183	gene_K	23.000000	67.000000	0.014925
129.999183	promoter_A	0.000000	0.000000	0.000000
129.999183	promoter_B1	0.000000	0.000000	0.000000
129.999183	promoter_D	0.000000	0.000000	0.000000
134.999255	__gene_A*_rbs	87.000000	0.000000	0.000000
134.999255	__gene_A_rbs	100.000000	0.000000	0.000000
134.999255	__gene_B_rbs	78.000000	0.000000	0.000000
134.999255	__gene_C_rbs	68.000000	0.000000	0.000000
134.999255	__gene_D_rbs	96.000000	0.000000	0.000000
134.999255	__gene_E_rbs	92.000000	0.000000	0.000000
134.999255	__gene_F_rbs	65.000000	0.000000	0.000000
134.999255	__gene_G_rbs	35.000000	0.000000	0.000000
134.999255	__gene_H_rbs	18.000000	0.000000	0.000000
134.999255	__gene_J_rbs	85.000000	0.000000	0.000000
134.999255	__gene_K_rbs	70.000000	0.000000	0.000000
134.999255	__ribosome	2.000000	0.000000	0.000000
134.999255	bound_ecolipol	1874.000000	0.000000	0.000000
134.999255	bound_ribosome	100.000000	0.000000	0.000000
134.999255	ecoli_genome	126.000000	0.000000	0.000000
134.999255	ecoli_transcript	10133.000000	0.000000	0.000000
134.999255	ecolipol	34.000000	0.000000	0.000000
134.999255	gene_A	93.000000	100.000000	0.270000
134.999255	gene_A*	30.000000	87.000000	0.183908
134.999255	gene_B	39.000000	80.000000	0.075000
134.999255	gene_C	34.000000	69.000000	0.057971
134.999255	gene_D	112.000000	97.000000	0.082474
134.999255	gene_E	78.000000	93.000000	0.075269
134.999255	gene_F	20.000000	65.000000	0.153846
134.999255	gene_G	5.000000	35.000000	0.228571
134.999255	gene_H	0.000000	18.000000	0.222222
134.999255	gene_J	40.000000	86.000000	0.069767
134.999255	gene_K	24.000000	71.000000	0.028169
134.999255	promoter_A	0.000000	0.000000	0.000000
134.999255	promoter_B1	0.000000	0.000000	0.000000
134.999255	promoter_D	0.000000	0.000000	0.000000
139.999304	__gene_A*_rbs	91.000000	0.000000	0.000000
139.999304	__gene_A_rbs	103.000000	0.000000	0.000000
139.999304	__gene_B_rbs	83.000000	0.000000	0.000000
139.999304	__gene_C_rbs	71.000000	0.000000	0.000000
139.999304	__gene_D_rbs	100.000000	0.000000	0.000000
139.999304	__gene_E_rbs	96.000000	0.000000	0.000000
139.999304	__gene_F_rbs	68.000000	0.000000	0.000000
139.999304	__gene_G_rbs	38.000000	0.000000	0.000000
139.999304	__gene_H_rbs	19.000000	0.000000	0.000000
139.999304	__gene_J_rbs	89.000000	0.000000	0.000000
139.999304	__gene_K_rbs	73.000000	0.000000	0.000000
139.999304	__ribosome	1.000000	0.000000	0.000000
139.999304	bound_ecolipol	1870.000000	0.000000	0.000000
139.999304	bound_ribosome	100.000000	0.000000	0.000000
139.999304	ecoli_genome	130.000000	0.000000	0.000000
139.999304	ecoli_transcript	10495.000000	0.000000	0.000000
139.999304	ecolipol	34.000000	0.000000	0.000000
139.999304	gene_A	94.000000	103.000000	0.291262
139.999304	gene_A*	33.000000	91.000000	0.164835
139.999304	gene_B	43.000000	84.000000	0.047619
139.999304	gene_C	36.000000	73.000000	0.041096
139.999304	gene_D	115.000000	101.000000	0.089109
139.999304	gene_E	83.000000	97.000000	0.051546
139.999304	gene_F	21.000000	68.000000	0.147059
139.999304	gene_G	6.000000	38.000000	0.210526
139.999304	gene_H	0.000000	19.000000	0.210526
139.999304	gene_J	41.000000	90.000000	0.077778
139.999304	gene_K	26.000000	75.000000	0.053333
139.999304	promoter_A	0.000000	0.000000	0.000000
139.999304	promoter_B1	0.000000	0.000000	0.000000
139.999304	promoter_D	0.000000	0.000000	0.000000
144.999078	__gene_A*_rbs	94.000000	0.000000	0.000000
144.999078	__gene_A_rbs	107.000000	0.000000	0.000000
144.999078	__gene_B_rbs	86.000000	0.000000	0.000000
144.999078	__gene_C_rbs	75.000000	0.000000	0.000000
144.999078	__gene_D_rbs	105.000000	0.000000	0.000000
144.999078	__gene_E_rbs	101.000000	0.000000	0.000000
144.999078	__gene_F_rbs	71.000000	0.000000	0.000000
144.999078	__gene_G_rbs	40.000000	0.000000	0.000000
144.999078	__gene_H_rbs	19.000000	0.000000	0.000000
144.999078	__gene_J_rbs	94.000000	0.000000	0.000000
144.999078	__gene_K_rbs	77.000000	0.000000	0.000000
144.999078	__ribosome	1.000000	0.000000	0.000000
144.999078	bound_ecolipol	1870.000000	0.000000	0.000000
144.999078	bound_ribosome	100.000000	0.000000	0.000000
144.999078	ecoli_genome	130.000000	0.000000	0.000000
144.999078	ecoli_transcript	10874.000000	0.000000	0.000000
144.999078	ecolipol	36.000000	0.000000	0.000000
144.999078	gene_A	99.000000	107.000000	0.271028
144.999078	gene_A*	35.000000	95.000000	0.168421
144.999078	gene_B	45.000000	87.000000	0.034483
144.999078	gene_C	38.000000	77.000000	0.051948
144.999078	gene_D	118.000000	105.000000	0.066667
144.999078	gene_E	85.000000	101.000000	0.049505
144.999078	gene_F	26.000000	72.000000	0.125000
144.999078	gene_G	7.000000	40.000000	0.225000
144.999078	gene_H	0.000000	19.000000	0.263158
144.999078	gene_J	43.000000	94.000000	0.085106
144.999078	gene_K	30.000000	79.000000	0.050633
144.999078	promoter_A	0.000000	0.000000	0.000000
144.999078	promoter_B1	0.000000	0.000000	0.000000
144.999078	promoter_D	0.000000	0.000000	0.000000
149.999074	__gene_A*_rbs	98.000000	0.000000	0.000000
149.999074	__gene_A_rbs	111.000000	0.000000	0.000000
149.999074	__gene_B_rbs	90.000000	0.000000	0.000000
149.999074	__gene_C_rbs	78.000000	0.000000	0.000000
149.999074	__gene_D_rbs	108.000000	0.000000	0.000000
149.999074	__gene_E_rbs	104.000000	0.000000	0.000000
149.999074	__gene_F_rbs	75.000000	0.000000	0.000000
149.999074	__gene_G_rbs	43.000000	0.000000	0.000000
149.999074	__gene_H_rbs	20.000000	0.000000	0.000000
149.999074	__gene_J_rbs	98.000000	0.000000	0.000000
149.999074	__gene_K_rbs	82.000000	0.000000	0.000000
149.999074	__ribosome	0.000000	0.000000	0.000000
149.999074	bound_ecolipol	1876.000000	0.000000	0.000000
149.999074	bound_ribosome	100.000000	0.000000	0.000000
149.999074	ecoli_genome	124.000000	0.000000	0.000000
149.999074	ecoli_transcript	11249.000000	0.000000	0.000000
149.999074	ecolipol	32.000000	0.000000	0.000000
149.999074	gene_A	101.000000	111.000000	0.270270
149.999074	gene_A*	38.000000	98.000000	0.142857
149.999074	gene_B	45.000000	91.000000	0.054945
149.999074	gene_C	40.000000	80.000000	0.037500
149.999074	gene_D	121.000000	109.000000	0.073394
149.999074	gene_E	88.000000	104.000000	0.038462
149.999074	gene_F	26.000000	75.000000	0.120000
149.999074	gene_G	7.000000	43.000000	0.232558
149.999074	gene_H	0.000000	20.000000	0.300000
149.999074	gene_J	44.000000	98.000000	0.081633
149.999074	gene_K	33.000000	83.000000	0.036145
149.999074	promoter_A	0.000000	0.000000	0.000000
149.999074	promoter_B1	0.000000	0.000000	0.000000
149.999074	promoter_D	0.000000	0.000000	0.000000
154.999413	__gene_A*_rbs	100.000000	0.000000	0.000000
154.999413	__gene_A_rbs	114.000000	0.000000	0.000000
154.999413	__gene_B_rbs	94.000000	0.000000	0.000000
154.999413	__gene_C_rbs	83.000000	0.000000	0.000000
154.999413	__gene_D_rbs	113.000000	0.000000	0.000000
154.999413	__gene_E_rbs	108.000000	0.000000	0.000000
154.999413	__gene_F_rbs	78.000000	0.000000	0.000000
154.999413	__gene_G_rbs	44.000000	0.000000	0.000000
154.999413	__gene_H_rbs	22.000000	0.000000	0.000000
154.999413	__gene_J_rbs	101.000000	0.000000	0.000000
154.999413	__gene_K_rbs	86.000000	0.000000	0.000000
154.999413	__ribosome	1.000000	0.000000	0.000000
154.999413	bound_ecolipol	1869.000000	0.000000	0.000000
154.999413	bound_ribosome	100.000000	0.000000	0.000000
154.999413	ecoli_genome	131.000000	0.000000	0.000000
154.999413	ecoli_transcript	11634.000000	0.000000	0.000000
154.999413	ecolipol	35.000000	0.000000	0.000000
154.999413	gene_A	102.000000	114.000000	0.271930
154.999413	gene_A*	42.000000	102.000000	0.117647
154.999413	gene_B	47.000000	95.000000	0.042105
154.999413	gene_C	42.000000	84.000000	0.035714
154.999413	gene_D	123.000000	113.000000	0.070796
154.999413	gene_E	90.000000	108.000000	0.055556
154.999413	gene_F	28.000000	79.000000	0.101266
154.999413	gene_G	7.000000	44.000000	0.227273
154.999413	gene_H	0.000000	22.000000	0.318182
154.999413	gene_J	45.000000	101.000000	0.069307
154.999413	gene_K	34.000000	86.000000	0.034884
154.999413	promoter_A	0.000000	0.000000	0.000000
154.999413	promoter_B1	0.000000	0.000000	0.000000
154.999413	promoter_D	0.000000	0.000000	0.000000
159.999256	__gene_A*_rbs	105.000000	0.000000	0.000000
159.999256	__gene_A_rbs	118.000000	0.000000	0.000000
159.999256	__gene_B_rbs	96.000000	0.000000	0.000000
159.999256	__gene_C_rbs	88.000000	0.000000	0.000000
159.999256	__gene_D_rbs	115.000000	0.000000	0.000000
159.999256	__gene_E_rbs	112.000000	0.000000	0.000000
159.999256	__gene_F_rbs	81.000000	0.000000	0.000000
159.999256	__gene_G_rbs	46.000000	0.000000	0.000000
159.999256	__gene_H_rbs	25.000000	0.000000	0.000000
159.999256	__gene_J_rbs	105.000000	0.000000	0.000000
159.999256	__gene_K_rbs	90.000000	0.000000	0.000000
159.999256	__ribosome	0.000000	0.000000	0.000000
159.999256	bound_ecolipol	1871.000000	0.000000	0.000000
159.999256	bound_ribosome	100.000000	0.000000	0.000000
159.999256	ecoli_genome	129.000000	0.000000	0.000000
159.999256	ecoli_transcript	12004.000000	0.000000	0.000000
159.999256	ecolipol	36.000000	0.000000	0.000000
159.999256	gene_A	105.000000	118.000000	0.262712
159.999256	gene_A*	43.000000	105.000000	0.104762
159.999256	gene_B	49.000000	98.000000	0.040816
159.999256	gene_C	43.000000	88.000000	0.056818
159.999256	gene_D	125.000000	116.000000	0.051724
159.999256	gene_E	92.000000	112.000000	0.053571
159.999256	gene_F	29.000000	82.000000	0.097561
159.999256	gene_G	7.000000	46.000000	0.239130
159.999256	gene_H	0.000000	25.000000	0.280000
159.999256	gene_J	45.000000	105.000000	0.076190
159.999256	gene_K	37.000000	90.000000	0.033333
159.999256	promoter_A	0.000000	0.000000	0.000000
159.999256	promoter_B1	0.000000	0.000000	0.000000
159.999256	promoter_D	0.000000	0.000000	0.000000
164.999114	__gene_A*_rbs	109.000000	0.000000	0.000000
164.999114	__gene_A_rbs	122.000000	0.000000	0.000000
164.999114	__gene_B_rbs	101.000000	0.000000	0.000000
164.999114	__gene_C_rbs	91.000000	0.000000	0.000000
164.999114	__gene_D_rbs	119.000000	0.000000	0.000000
164.999114	__gene_E_rbs	115.000000	0.000000	0.000000
164.999114	__gene_F_rbs	83.000000	0.000000	0.000000
164.999114	__gene_G_rbs	48.000000	0.000000	0.000000
164.999114	__gene_H_rbs	27.000000	0.000000	0.000000
164.999114	__gene_J_rbs	107.000000	0.000000	0.000000
164.999114	__gene_K_rbs	94.000000	0.000000	0.000000
164.999114	__ribosome	0.000000	0.000000	0.000000
164.999114	bound_ecolipol	1870.000000	0.000000	0.000000
164.999114	bound_ribosome	100.000000	0.000000	0.000000
164.999114	ecoli_genome	130.000000	0.000000	0.000000
164.999114	ecoli_transcript	12382.000000	0.000000	0.000000
164.999114	ecolipol	35.000000	0.000000	0.000000
164.999114	gene_A	109.000000	122.000000	0.237705
164.999114	gene_A*	45.000000	109.000000	0.100917
164.999114	gene_B	51.000000	102.000000	0.029412
164.999114	gene_C	46.000000	92.000000	0.032609
164.999114	gene_D	128.000000	120.000000	0.041667
164.999114	gene_E	97.000000	115.000000	0.026087
164.999114	gene_F	29.000000	84.000000	0.166667
164.999114	gene_G	9.000000	48.000000	0.229167
164.999114	gene_H	0.000000	27.000000	0.259259
164.999114	gene_J	45.000000	109.000000	0.091743
164.999114	gene_K	39.000000	94.000000	0.042553
164.999114	promoter_A	0.000000	0.000000	0.000000
164.999114	promoter_B1	0.000000	0.000000	0.000000
164.999114	promoter_D	0.000000	0.000000	0.000000
169.999066	__gene_A*_rbs	112.000000	0.000000	0.000000
169.999066	__gene_A_rbs	125.000000	0.000000	0.000000
169.999066	__gene_B_rbs	105.000000	0.000000	0.000000
169.999066	__gene_C_rbs	93.000000	0.000000	0.000000
169.999066	__gene_D_rbs	124.000000	0.000000	0.000000
169.999066	__gene_E_rbs	119.000000	0.000000	0.000000
169.999066	__gene_F_rbs	87.000000	0.000000	0.000000
169.999066	__gene_G_rbs	49.000000	0.000000	0.000000
169.999066	__gene_H_rbs	28.000000	0.000000	0.000000
169.999066	__gene_J_rbs	112.000000	0.000000	0.000000
169.999066	__gene_K_rbs	97.000000	0.000000	0.000000
169.999066	__ribosome	0.000000	0.000000	0.000000
169.999066	bound_ecolipol	1867.000000	0.000000	0.000000
169.999066	bound_ribosome	100.000000	0.000000	0.000000
169.999066	ecoli_genome	133.000000	0.000000	0.000000
169.999066	ecoli_transcript	12792.000000	0.000000	0.000000
169.999066	ecolipol	37.000000	0.000000	0.000000
169.999066	gene_A	110.000000	125.000000	0.224000
169.999066	gene_A*	46.000000	113.000000	0.106195
169.999066	gene_B	52.000000	105.000000	0.028571
169.999066	gene_C	48.000000	95.000000	0.021053
169.999066	gene_D	131.000000	124.000000	0.024194
169.999066	gene_E	98.000000	119.000000	0.042017
169.999066	gene_F	30.000000	87.000000	0.195402
169.999066	gene_G	9.000000	49.000000	0.224490
169.999066	gene_H	0.000000	28.000000	0.285714
169.999066	gene_J	46.000000	112.000000	0.080357
169.999066	gene_K	43.000000	97.000000	0.020619
169.999066	promoter_A	0.000000	0.000000	0.000000
169.999066	promoter_B1	0.000000	0.000000	0.000000
169.999066	promoter_D	0.000000	0.000000	0.000000
174.999139	__gene_A*_rbs	115.000000	0.000000	0.000000
174.999139	__gene_A_rbs	129.000000	0.000000	0.000000
174.999139	__gene_B_rbs	107.000000	0.000000	0.000000
174.999139	__gene_C_rbs	97.000000	0.000000	0.000000
174.999139	__gene_D_rbs	126.000000	0.000000	0.000000
174.999139	__gene_E_rbs	123.000000	0.000000	0.000000
174.999139	__gene_F_rbs	88.000000	0.000000	0.000000
174.999139	__gene_G_rbs	51.000000	0.000000	0.000000
174.999139	__gene_H_rbs	28.000000	0.000000	0.000000
174.999139	__gene_J_rbs	116.000000	0.000000	0.000000
174.999139	__gene_K_rbs	99.000000	0.000000	0.000000
174.999139	__ribosome	0.000000	0.000000	0.000000
174.999139	bound_ecolipol	1862.000000	0.000000	0.000000
174.999139	bound_ribosome	100.000000	0.000000	0.000000
174.999139	ecoli_genome	138.000000	0.000000	0.000000
174.999139	ecoli_transcript	13198.000000	0.000000	0.000000
174.999139	ecolipol	42.000000	0.000000	0.000000
174.999139	gene_A	116.000000	129.000000	0.170543
174.999139	gene_A*	48.000000	116.000000	0.103448
174.999139	gene_B	53.000000	109.000000	0.027523
174.999139	gene_C	50.000000	99.000000	0.020202
174.999139	gene_D	131.000000	127.000000	0.039370
174.999139	gene_E	100.000000	123.000000	0.024390
174.999139	gene_F	30.000000	89.000000	0.213483
174.999139	gene_G	9.000000	51.000000	0.235294
174.999139	gene_H	0.000000	28.000000	0.285714
174.999139	gene_J	47.000000	116.000000	0.103448
174.999139	gene_K	45.000000	101.000000	0.019802
174.999139	promoter_A	0.000000	0.000000	0.000000
174.999139	promoter_B1	0.000000	0.000000	0.000000
174.999139	promoter_D	0.000000	0.000000	0.000000
179.999006	__gene_A*_rbs	120.000000	0.000000	0.000000
179.999006	__gene_A_rbs	132.000000	0.000000	0.000000
179.999006	__gene_B_rbs	110.000000	0.000000	0.000000
179.999006	__gene_C_rbs	101.000000	0.000000	0.000000
179.999006	__gene_D_rbs	130.000000	0.000000	0.000000
179.999006	__gene_E_rbs	127.000000	0.000000	0.000000
179.999006	__gene_F_rbs	91.000000	0.000000	0.000000
179.999006	__gene_G_rbs	53.000000	0.000000	0.000000
179.999006	__gene_H_rbs	30.000000	0.000000	0.000000
179.999006	__gene_J_rbs	119.000000	0.000000	0.000000
179.999006	__gene_K_rbs	104.000000	0.000000	0.000000
179.999006	__ribosome	0.000000	0.000000	0.000000
179.999006	bound_ecolipol	1862.000000	0.000000	0.000000
179.999006	bound_ribosome	100.000000	0.000000	0.000000
179.999006	ecoli_genome	138.000000	0.000000	0.000000
179.999006	ecoli_transcript	13573.000000	0.000000	0.000000
179.999006	ecolipol	44.000000	0.000000	0.000000
179.999006	gene_A	117.000000	132.000000	0.166667
179.999006	gene_A*	51.000000	120.000000	0.108333
179.999006	gene_B	55.000000	112.000000	0.035714
179.999006	gene_C	50.000000	102.000000	0.019608
179.999006	gene_D	133.000000	131.000000	0.045802
179.999006	gene_E	103.000000	127.000000	0.015748
179.999006	gene_F	31.000000	91.000000	0.197802
179.999006	gene_G	11.000000	53.000000	0.188679
179.999006	gene_H	0.000000	30.000000	0.266667
179.999006	gene_J	50.000000	119.000000	0.092437
179.999006	gene_K	46.000000	104.000000	0.038462
179.999006	promoter_A	0.000000	0.000000	0.000000
179.999006	promoter_B1	0.000000	0.000000	0.000000
179.999006	promoter_D	0.000000	0.000000	0.000000
184.999032	__gene_A*_rbs	124.000000	0.000000	0.000000
184.999032	__gene_A_rbs	136.000000	0.000000	0.000000
184.999032	__gene_B_rbs	116.000000	0.000000	0.000000
184.999032	__gene_C_rbs	106.000000	0.000000	0.000000
184.999032	__gene_D_rbs	134.000000	0.000000	0.000000
184.999032	__gene_E_rbs	130.000000	0.000000	0.000000
184.999032	__gene_F_rbs	94.000000	0.000000	0.000000
184.999032	__gene_G_rbs	55.000000	0.000000	0.000000
184.999032	__gene_H_rbs	30.000000	0.000000	0.000000
184.999032	__gene_J_rbs	122.000000	0.000000	0.000000
184.999032	__gene_K_rbs	108.000000	0.000000	0.000000
184.999032	__ribosome	0.000000	0.000000	0.000000
184.999032	bound_ecolipol	1859.000000	0.000000	0.000000
184.999032	bound_ribosome	100.000000	0.000000	0.000000
184.999032	ecoli_genome	141.000000	0.000000	0.000000
184.999032	ecoli_transcript	13936.000000	0.000000	0.000000
184.999032	ecolipol	47.000000	0.000000	0.000000
184.999032	gene_A	119.000000	137.000000	0.167883
184.999032	gene_A*	52.000000	124.000000	0.104839
184.999032	gene_B	56.000000	116.000000	0.034483
184.999032	gene_C	52.000000	106.000000	0.009434
184.999032	gene_D	134.000000	134.000000	0.037313
184.999032	gene_E	103.000000	130.000000	0.023077
184.999032	gene_F	31.000000	94.000000	0.191489
184.999032	gene_G	11.000000	55.000000	0.181818
184.999032	gene_H	0.000000	30.000000	0.266667
184.999032	gene_J	52.000000	123.000000	0.121951
184.999032	gene_K	50.000000	108.000000	0.000000
184.999032	promoter_A	0.000000	0.000000	0.000000
184.999032	promoter_B1	0.000000	0.000000	0.000000
184.999032	promoter_D	0.000000	0.000000	0.000000
189.999307	__gene_A*_rbs	128.000000	0.000000	0.000000
189.999307	__gene_A_rbs	140.000000	0.000000	0.000000
189.999307	__gene_B_rbs	118.000000	0.000000	0.000000
189.999307	__gene_C_rbs	109.000000	0.000000	0.000000
189.999307	__gene_D_rbs	138.000000	0.000000	0.000000
189.999307	__gene_E_rbs	132.000000	0.000000	0.000000
189.999307	__gene_F_rbs	95.000000	0.000000	0.000000
189.999307	__gene_G_rbs	56.000000	0.000000	0.000000
189.999307	__gene_H_rbs	31.000000	0.000000	0.000000
189.999307	__gene_J_rbs	127.000000	0.000000	0.000000
189.999307	__gene_K_rbs	111.000000	0.000000	0.000000
189.999307	__ribosome	0.000000	0.000000	0.000000
189.999307	bound_ecolipol	1872.000000	0.000000	0.000000
189.999307	bound_ribosome	100.000000	0.000000	0.000000
189.999307	ecoli_genome	128.000000	0.000000	0.000000
189.999307	ecoli_transcript	14315.000000	0.000000	0.000000
189.999307	ecolipol	36.000000	0.000000	0.000000
189.999307	gene_A	124.000000	140.000000	0.135714
189.999307	gene_A*	54.000000	128.000000	0.117188
189.999307	gene_B	59.000000	119.000000	0.025210
189.999307	gene_C	53.000000	110.000000	0.009091
189.999307	gene_D	136.000000	138.000000	0.050725
189.999307	gene_E	105.000000	134.000000	0.059701
189.999307	gene_F	35.000000	96.000000	0.156250
189.999307	gene_G	12.000000	57.000000	0.175439
189.999307	gene_H	0.000000	32.000000	0.281250
189.999307	gene_J	57.000000	127.000000	0.094488
189.999307	gene_K	50.000000	111.000000	0.009009
189.999307	promoter_A	0.000000	0.000000	0.000000
189.999307	promoter_B1	0.000000	0.000000	0.000000
189.999307	promoter_D	0.000000	0.000000	0.000000
194.999034	__gene_A*_rbs	131.000000	0.000000	0.000000
194.999034	__gene_A_rbs	144.000000	0.000000	0.000000
194.999034	__gene_B_rbs	124.000000	0.000000	0.000000
194.999034	__gene_C_rbs	112.000000	0.000000	0.000000
194.999034	__gene_D_rbs	142.000000	0.000000	0.000000
194.999034	__gene_E_rbs	136.000000	0.000000	0.000000
194.999034	__gene_F_rbs	98.000000	0.000000	0.000000
194.999034	__gene_G_rbs	60.000000	0.000000	0.000000
194.999034	__gene_H_rbs	33.000000	0.000000	0.000000
194.999034	__gene_J_rbs	130.000000	0.000000	0.000000
194.999034	__gene_K_rbs	114.000000	0.000000	0.000000
194.999034	__ribosome	0.000000	0.000000	0.000000
194.999034	bound_ecolipol	1878.000000	0.000000	0.000000
194.999034	bound_ribosome	100.000000	0.000000	0.000000
194.999034	ecoli_genome	122.000000	0.000000	0.000000
194.999034	ecoli_transcript	14689.000000	0.000000	0.000000
194.999034	ecolipol	31.000000	0.000000	0.000000
194.999034	gene_A	125.000000	144.000000	0.131944
194.999034	gene_A*	54.000000	131.000000	0.114504
194.999034	gene_B	60.000000	124.000000	0.016129
194.999034	gene_C	53.000000	113.000000	0.017699
194.999034	gene_D	138.000000	142.000000	0.049296
194.999034	gene_E	106.000000	137.000000	0.058394
194.999034	gene_F	35.000000	98.000000	0.153061
194.999034	gene_G	12.000000	60.000000	0.166667
194.999034	gene_H	0.000000	33.000000	0.303030
194.999034	gene_J	58.000000	131.000000	0.091603
194.999034	gene_K	51.000000	115.000000	0.000000
194.999034	promoter_A	0.000000	0.000000	0.000000
194.999034	promoter_B1	0.000000	0.000000	0.000000
194.999034	promoter_D	0.000000	0.000000	0.000000
199.999260	__gene_A*_rbs	135.000000	0.000000	0.000000
199.999260	__gene_A_rbs	147.000000	0.000000	0.000000
199.999260	__gene_B_rbs	127.000000	0.000000	0.000000
199.999260	__gene_C_rbs	115.000000	0.000000	0.000000
199.999260	__gene_D_rbs	146.000000	0.000000	0.000000
199.999260	__gene_E_rbs	140.000000	0.000000	0.000000
199.999260	__gene_F_rbs	101.000000	0.000000	0.000000
199.999260	__gene_G_rbs	61.000000	0.000000	0.000000
199.999260	__gene_H_rbs	33.000000	0.000000	0.000000
199.999260	__gene_J_rbs	134.000000	0.000000	0.000000
199.999260	__gene_K_rbs	117.000000	0.000000	0.000000
199.999260	__ribosome	0.000000	0.000000	0.000000
199.999260	bound_ecolipol	1879.000000	0.000000	0.000000
199.999260	bound_ribosome	100.000000	0.000000	0.000000
199.999260	ecoli_genome	121.000000	0.000000	0.000000
199.999260	ecoli_transcript	15048.000000	0.000000	0.000000
199.999260	ecolipol	29.000000	0.000000	0.000000
199.999260	gene_A	131.000000	147.000000	0.102041
199.999260	gene_A*	56.000000	136.000000	0.102941
199.999260	gene_B	61.000000	127.000000	0.023622
199.999260	gene_C	54.000000	117.000000	0.034188
199.999260	gene_D	139.000000	146.000000	0.054795
199.999260	gene_E	113.000000	141.000000	0.042553
199.999260	gene_F	36.000000	101.000000	0.148515
199.999260	gene_G	12.000000	61.000000	0.163934
199.999260	gene_H	0.000000	33.000000	0.303030
199.999260	gene_J	58.000000	134.000000	0.089552
199.999260	gene_K	51.000000	119.000000	0.025210
199.999260	promoter_A	0.000000	0.000000	0.000000
199.999260	promoter_B1	0.000000	0.000000	0.000000
199.999260	promoter_D	0.000000	0.000000	0.000000
204.999143	__gene_A*_rbs	138.000000	0.000000	0.000000
204.999143	__gene_A_rbs	152.000000	0.000000	0.000000
204.999143	__gene_B_rbs	131.000000	0.000000	0.000000
204.999143	__gene_C_rbs	119.000000	0.000000	0.000000
204.999143	__gene_D_rbs	150.000000	0.000000	0.000000
204.999143	__gene_E_rbs	145.000000	0.000000	0.000000
204.999143	__gene_F_rbs	105.000000	0.000000	0.000000
204.999143	__gene_G_rbs	65.000000	0.000000	0.000000
204.999143	__gene_H_rbs	36.000000	0.000000	0.000000
204.999143	__gene_J_rbs	136.000000	0.000000	0.000000
204.999143	__gene_K_rbs	123.000000	0.000000	0.000000
204.999143	__ribosome	1.000000	0.000000	0.000000
204.999143	bound_ecolipol	1874.000000	0.000000	0.000000
204.999143	bound_ribosome	100.000000	0.000000	0.000000
204.999143	ecoli_genome	126.000000	0.000000	0.000000
204.999143	ecoli_transcript	15415.000000	0.000000	0.000000
204.999143	ecolipol	30.000000	0.000000	0.000000
204.999143	gene_A	133.000000	152.000000	0.111842
204.999143	gene_A*	58.000000	139.000000	0.093525
204.999143	gene_B	62.000000	131.000000	0.015267
204.999143	gene_C	55.000000	120.000000	0.033333
204.999143	gene_D	142.000000	150.000000	0.053333
204.999143	gene_E	114.000000	145.000000	0.034483
204.999143	gene_F	40.000000	105.000000	0.114286
204.999143	gene_G	12.000000	65.000000	0.153846
204.999143	gene_H	0.000000	36.000000	0.305556
204.999143	gene_J	59.000000	138.000000	0.115942
204.999143	gene_K	54.000000	123.000000	0.008130
204.999143	promoter_A	0.000000	0.000000	0.000000
204.999143	promoter_B1	0.000000	0.000000	0.000000
204.999143	promoter_D	0.000000	0.000000	0.000000
209.999046	__gene_A*_rbs	141.000000	0.000000	0.000000
209.999046	__gene_A_rbs	155.000000	0.000000	0.000000
209.999046	__gene_B_rbs	135.000000	0.000000	0.000000
209.999046	__gene_C_rbs	123.000000	0.000000	0.000000
209.999046	__gene_D_rbs	152.000000	0.000000	0.000000
209.999046	__gene_E_rbs	148.000000	0.000000	0.000000
209.999046	__gene_F_rbs	108.000000	0.000000	0.000000
209.999046	__gene_G_rbs	68.000000	0.000000	0.000000
209.999046	__gene_H_rbs	37.000000	0.000000	0.000000
209.999046	__gene_J_rbs	142.000000	0.000000	0.000000
209.999046	__gene_K_rbs	125.000000	0.000000	0.000000
209.999046	__ribosome	0.000000	0.000000	0.000000
209.999046	bound_ecolipol	1861.000000	0.000000	0.000000
209.999046	bound_ribosome	100.000000	0.000000	0.000000
209.999046	ecoli_genome	139.000000	0.000000	0.000000
209.999046	ecoli_transcript	15777.000000	0.000000	0.000000
209.999046	ecolipol	44.000000	0.000000	0.000000
209.999046	gene_A	136.000000	155.000000	0.116129
209.999046	gene_A*	61.000000	142.000000	0.098592
209.999046	gene_B	63.000000	135.000000	0.022222
209.999046	gene_C	58.000000	124.000000	0.048387
209.999046	gene_D	144.000000	153.000000	0.052288
209.999046	gene_E	119.000000	149.000000	0.006711
209.999046	gene_F	45.000000	108.000000	0.083333
209.999046	gene_G	12.000000	68.000000	0.147059
209.999046	gene_H	0.000000	37.000000	0.324324
209.999046	gene_J	63.000000	142.000000	0.112676
209.999046	gene_K	55.000000	126.000000	0.023810
209.999046	promoter_A	0.000000	0.000000	0.000000
209.999046	promoter_B1	0.000000	0.000000	0.000000
209.999046	promoter_D	0.000000	0.000000	0.000000
214.999314	__gene_A*_rbs	146.000000	0.000000	0.000000
214.999314	__gene_A_rbs	159.000000	0.000000	0.000000
214.999314	__gene_B_rbs	139.000000	0.000000	0.000000
214.999314	__gene_C_rbs	128.000000	0.000000	0.000000
214.999314	__gene_D_rbs	156.000000	0.000000	0.000000
214.999314	__gene_E_rbs	152.000000	0.000000	0.000000
214.999314	__gene_F_rbs	110.000000	0.000000	0.000000
214.999314	__gene_G_rbs	71.000000	0.000000	0.000000
214.999314	__gene_H_rbs	38.000000	0.000000	0.000000
214.999314	__gene_J_rbs	145.000000	0.000000	0.000000
214.999314	__gene_K_rbs	129.000000	0.000000	0.000000
214.999314	__ribosome	0.000000	0.000000	0.000000
214.999314	bound_ecolipol	1869.000000	0.000000	0.000000
214.999314	bound_ribosome	100.000000	0.000000	0.000000
214.999314	ecoli_genome	131.000000	0.000000	0.000000
214.999314	ecoli_transcript	16137.000000	0.000000	0.000000
214.999314	ecolipol	37.000000	0.000000	0.000000
214.999314	gene_A	137.000000	159.000000	0.119497
214.999314	gene_A*	64.000000	146.000000	0.089041
214.999314	gene_B	64.000000	139.000000	0.014388
214.999314	gene_C	61.000000	128.000000	0.039062
214.999314	gene_D	147.000000	157.000000	0.070064
214.999314	gene_E	119.000000	153.000000	0.026144
214.999314	gene_F	48.000000	110.000000	0.054545
214.999314	gene_G	12.000000	71.000000	0.140845
214.999314	gene_H	0.000000	38.000000	0.315789
214.999314	gene_J	65.000000	146.000000	0.116438
214.999314	gene_K	57.000000	129.000000	0.007752
214.999314	promoter_A	0.000000	0.000000	0.000000
214.999314	promoter_B1	0.000000	0.000000	0.000000
214.999314	promoter_D	0.000000	0.000000	0.000000
219.999015	__gene_A*_rbs	149.000000	0.000000	0.000000
219.999015	__gene_A_rbs	162.000000	0.000000	0.000000
219.999015	__gene_B_rbs	139.000000	0.000000	0.000000
219.999015	__gene_C_rbs	129.000000	0.000000	0.000000
219.999015	__gene_D_rbs	160.000000	0.000000	0.000000
219.999015	__gene_E_rbs	155.000000	0.000000	0.000000
219.999015	__gene_F_rbs	112.000000	0.000000	0.000000
219.999015	__gene_G_rbs	73.000000	0.000000	0.000000
219.999015	__gene_H_rbs	40.000000	0.000000	0.000000
219.999015	__gene_J_rbs	149.000000	0.000000	0.000000
219.999015	__gene_K_rbs	133.000000	0.000000	0.000000
219.999015	__ribosome	1.000000	0.000000	0.000000
219.999015	bound_ecolipol	1865.000000	0.000000	0.000000
219.999015	bound_ribosome	100.000000	0.000000	0.000000
219.999015	ecoli_genome	135.000000	0.000000	0.000000
219.999015	ecoli_transcript	16482.000000	0.000000	0.000000
219.999015	ecolipol	41.000000	0.000000	0.000000
219.999015	gene_A	138.000000	162.000000	0.111111
219.999015	gene_A*	66.000000	149.000000	0.087248
219.999015	gene_B	66.000000	142.000000	0.021127
219.999015	gene_C	66.000000	131.000000	0.007634
219.999015	gene_D	150.000000	160.000000	0.068750
219.999015	gene_E	121.000000	156.000000	0.032051
219.999015	gene_F	49.000000	112.000000	0.062500
219.999015	gene_G	12.000000	73.000000	0.150685
219.999015	gene_H	0.000000	40.000000	0.325000
219.999015	gene_J	68.000000	149.000000	0.100671
219.999015	gene_K	58.000000	133.000000	0.015038
219.999015	promoter_A	0.000000	0.000000	0.000000
219.999015	promoter_B1	0.000000	0.000000	0.000000
219.999015	promoter_D	0.000000	0.000000	0.000000
224.999173	__gene_A*_rbs	153.000000	0.000000	0.000000
224.999173	__gene_A_rbs	166.000000	0.000000	0.000000
224.999173	__gene_B_rbs	145.000000	0.000000	0.000000
224.999173	__gene_C_rbs	133.000000	0.000000	0.000000
224.999173	__gene_D_rbs	164.000000	0.000000	0.000000
224.999173	__gene_E_rbs	159.000000	0.000000	0.000000
224.999173	__gene_F_rbs	114.000000	0.000000	0.000000
224.999173	__gene_G_rbs	75.000000	0.000000	0.000000
224.999173	__gene_H_rbs	42.000000	0.000000	0.000000
224.999173	__gene_J_rbs	152.000000	0.000000	0.000000
224.999173	__gene_K_rbs	137.000000	0.000000	0.000000
224.999173	__ribosome	0.000000	0.000000	0.000000
224.999173	bound_ecolipol	1867.000000	0.000000	0.000000
224.999173	bound_ribosome	100.000000	0.000000	0.000000
224.999173	ecoli_genome	133.000000	0.000000	0.000000
224.999173	ecoli_transcript	16866.000000	0.000000	0.000000
224.999173	ecolipol	38.000000	0.000000	0.000000
224.999173	gene_A	138.000000	166.000000	0.114458
224.999173	gene_A*	69.000000	153.000000	0.071895
224.999173	gene_B	66.000000	146.000000	0.034247
224.999173	gene_C	66.000000	135.000000	0.022222
224.999173	gene_D	152.000000	164.000000	0.054878
224.999173	gene_E	123.000000	160.000000	0.018750
224.999173	gene_F	49.000000	114.000000	0.061404
224.999173	gene_G	12.000000	75.000000	0.160000
224.999173	gene_H	0.000000	42.000000	0.309524
224.999173	gene_J	70.000000	153.000000	0.098039
224.999173	gene_K	60.000000	137.000000	0.021898
224.999173	promoter_A	0.000000	0.000000	0.000000
224.999173	promoter_B1	0.000000	0.000000	0.000000
224.999173	promoter_D	0.000000	0.000000	0.000000
229.999199	__gene_A*_rbs	157.000000	0.000000	0.000000
229.999199	__gene_A_rbs	170.000000	0.000000	0.000000
229.999199	__gene_B_rbs	149.000000	0.000000	0.000000
229.999199	__gene_C_rbs	137.000000	0.000000	0.000000
229.999199	__gene_D_rbs	168.000000	0.000000	0.000000
229.999199	__gene_E_rbs	163.000000	0.000000	0.000000
229.999199	__gene_F_rbs	118.000000	0.000000	0.000000
229.999199	__gene_G_rbs	76.000000	0.000000	0.000000
229.999199	__gene_H_rbs	44.000000	0.000000	0.000000
229.999199	__gene_J_rbs	156.000000	0.000000	0.000000
229.999199	__gene_K_rbs	140.000000	0.000000	0.000000
229.999199	__ribosome	0.000000	0.000000	0.000000
229.999199	bound_ecolipol	1863.000000	0.000000	0.000000
229.999199	bound_ribosome	100.000000	0.000000	0.000000
229.999199	ecoli_genome	137.000000	0.000000	0.000000
229.999199	ecoli_transcript	17233.000000	0.000000	0.000000
229.999199	ecolipol	44.000000	0.000000	0.000000
229.999199	gene_A	138.000000	170.000000	0.123529
229.999199	gene_A*	69.000000	157.000000	0.082803
229.999199	gene_B	67.000000	149.000000	0.033557
229.999199	gene_C	67.000000	139.000000	0.014388
229.999199	gene_D	158.000000	168.000000	0.023810
229.999199	gene_E	126.000000	163.000000	0.024540
229.999199	gene_F	49.000000	118.000000	0.076271
229.999199	gene_G	12.000000	76.000000	0.171053
229.999199	gene_H	0.000000	44.000000	0.295455
229.999199	gene_J	71.000000	157.000000	0.089172
229.999199	gene_K	63.000000	141.000000	0.014184
229.999199	promoter_A	0.000000	0.000000	0.000000
229.999199	promoter_B1	0.000000	0.000000	0.000000
229.999199	promoter_D	0.000000	0.000000	0.000000
234.999103	__gene_A*_rbs	161.000000	0.000000	0.000000
234.999103	__gene_A_rbs	173.000000	0.000000	0.000000
234.999103	__gene_B_rbs	152.000000	0.000000	0.000000
234.999103	__gene_C_rbs	140.000000	0.000000	0.000000
234.999103	__gene_D_rbs	171.000000	0.000000	0.000000
234.999103	__gene_E_rbs	166.000000	0.000000	0.000000
234.999103	__gene_F_rbs	120.000000	0.000000	0.000000
234.999103	__gene_G_rbs	77.000000	0.000000	0.000000
234.999103	__gene_H_rbs	45.000000	0.000000	0.000000
234.999103	__gene_J_rbs	160.000000	0.000000	0.000000
234.999103	__gene_K_rbs	143.000000	0.000000	0.000000
234.999103	__ribosome	0.000000	0.000000	0.000000
234.999103	bound_ecolipol	1871.000000	0.000000	0.000000
234.999103	bound_ribosome	100.000000	0.000000	0.000000
234.999103	ecoli_genome	129.000000	0.000000	0.000000
234.999103	ecoli_transcript	17598.000000	0.000000	0.000000
234.999103	ecolipol	38.000000	0.000000	0.000000
234.999103	gene_A	140.000000	173.000000	0.132948
234.999103	gene_A*	70.000000	161.000000	0.074534
234.999103	gene_B	70.000000	153.000000	0.026144
234.999103	gene_C	69.000000	142.000000	0.014085
234.999103	gene_D	161.000000	171.000000	0.011696
234.999103	gene_E	126.000000	167.000000	0.029940
234.999103	gene_F	50.000000	120.000000	0.075000
234.999103	gene_G	12.000000	77.000000	0.168831
234.999103	gene_H	0.000000	45.000000	0.288889
234.999103	gene_J	71.000000	160.000000	0.093750
234.999103	gene_K	65.000000	144.000000	0.013889
234.999103	promoter_A	0.000000	0.000000	0.000000
234.999103	promoter_B1	0.000000	0.000000	0.000000
234.999103	promoter_D	0.000000	0.000000	0.000000
239.999027	__gene_A*_rbs	164.000000	0.000000	0.000000
239.999027	__gene_A_rbs	177.000000	0.000000	0.000000
239.999027	__gene_B_rbs	155.000000	0.000000	0.000000
239.999027	__gene_C_rbs	146.000000	0.000000	0.000000
239.999027	__gene_D_rbs	174.000000	0.000000	0.000000
239.999027	__gene_E_rbs	171.000000	0.000000	0.000000
239.999027	__gene_F_rbs	122.000000	0.000000	0.000000
239.999027	__gene_G_rbs	80.000000	0.000000	0.000000
239.999027	__gene_H_rbs	47.000000	0.000000	0.000000
239.999027	__gene_J_rbs	162.000000	0.000000	0.000000
239.999027	__gene_K_rbs	145.000000	0.000000	0.000000
239.999027	__ribosome	0.000000	0.000000	0.000000
239.999027	bound_ecolipol	1860.000000	0.000000	0.000000
239.999027	bound_ribosome	100.000000	0.000000	0.000000
239.999027	ecoli_genome	140.000000	0.000000	0.000000
239.999027	ecoli_transcript	17994.000000	0.000000	0.000000
239.999027	ecolipol	47.000000	0.000000	0.000000
239.999027	gene_A	143.000000	177.000000	0.118644
239.999027	gene_A*	72.000000	164.000000	0.073171
239.999027	gene_B	71.000000	157.000000	0.038217
239.999027	gene_C	69.000000	146.000000	0.020548
239.999027	gene_D	161.000000	174.000000	0.022989
239.999027	gene_E	130.000000	171.000000	0.011696
239.999027	gene_F	50.000000	122.000000	0.081967
239.999027	gene_G	13.000000	80.000000	0.162500
239.999027	gene_H	0.000000	47.000000	0.276596
239.999027	gene_J	73.000000	164.000000	0.091463
239.999027	gene_K	66.000000	148.000000	0.006757
239.999027	promoter_A	0.000000	0.000000	0.000000
239.999027	promoter_B1	0.000000	0.000000	0.000000
239.999027	promoter_D	0.000000	0.000000	0.000000
244.999414	__gene_A*_rbs	167.000000	0.000000	0.000000
244.999414	__gene_A_rbs	179.000000	0.000000	0.000000
244.999414	__gene_B_rbs	160.000000	0.000000	0.000000
244.999414	__gene_C_rbs	150.000000	0.000000	0.000000
244.999414	__gene_D_rbs	178.000000	0.000000	0.000000
244.999414	__gene_E_rbs	173.000000	0.000000	0.000000
244.999414	__gene_F_rbs	124.000000	0.000000	0.000000
244.999414	__gene_G_rbs	82.000000	0.000000	0.000000
244.999414	__gene_H_rbs	47.000000	0.000000	0.000000
244.999414	__gene_J_rbs	167.000000	0.000000	0.000000
244.999414	__gene_K_rbs	151.000000	0.000000	0.000000
244.999414	__ribosome	0.000000	0.000000	0.000000
244.999414	bound_ecolipol	1875.000000	0.000000	0.000000
244.999414	bound_ribosome	100.000000	0.000000	0.000000
244.999414	ecoli_genome	125.000000	0.000000	0.000000
244.999414	ecoli_transcript	18345.000000	0.000000	0.000000
244.999414	ecolipol	32.000000	0.000000	0.000000
244.999414	gene_A	144.000000	180.000000	0.127778
244.999414	gene_A*	75.000000	167.000000	0.065868
244.999414	gene_B	73.000000	161.000000	0.031056
244.999414	gene_C	71.000000	150.000000	0.020000
244.999414	gene_D	162.000000	179.000000	0.027933
244.999414	gene_E	131.000000	174.000000	0.022989
244.999414	gene_F	51.000000	124.000000	0.080645
244.999414	gene_G	15.000000	82.000000	0.134146
244.999414	gene_H	0.000000	47.000000	0.276596
244.999414	gene_J	74.000000	168.000000	0.089286
244.999414	gene_K	67.000000	152.000000	0.000000
244.999414	promoter_A	0.000000	0.000000	0.000000
244.999414	promoter_B1	0.000000	0.000000	0.000000
244.999414	promoter_D	0.000000	0.000000	0.000000
249.999231	__gene_A*_rbs	170.000000	0.000000	0.000000
249.999231	__gene_A_rbs	183.000000	0.000000	0.000000
249.999231	__gene_B_rbs	164.000000	0.000000	0.000000
249.999231	__gene_C_rbs	154.000000	0.000000	0.000000
249.999231	__gene_D_rbs	181.000000	0.000000	0.000000
249.999231	__gene_E_rbs	178.000000	0.000000	0.000000
249.999231	__gene_F_rbs	127.000000	0.000000	0.000000
249.999231	__gene_G_rbs	86.000000	0.000000	0.000000
249.999231	__gene_H_rbs	47.000000	0.000000	0.000000
249.999231	__gene_J_rbs	172.000000	0.000000	0.000000
249.999231	__gene_K_rbs	154.000000	0.000000	0.000000
249.999231	__ribosome	0.000000	0.000000	0.000000
249.999231	bound_ecolipol	1878.000000	0.000000	0.000000
249.999231	bound_ribosome	100.000000	0.000000	0.000000
249.999231	ecoli_genome	122.000000	0.000000	0.000000
249.999231	ecoli_transcript	18718.000000	0.000000	0.000000
249.999231	ecolipol	30.000000	0.000000	0.000000
249.999231	gene_A	146.000000	184.000000	0.125000
249.999231	gene_A*	77.000000	171.000000	0.058480
249.999231	gene_B	75.000000	164.000000	0.030488
249.999231	gene_C	72.000000	154.000000	0.019481
249.999231	gene_D	163.000000	182.000000	0.027473
249.999231	gene_E	134.000000	178.000000	0.022472
249.999231	gene_F	53.000000	127.000000	0.078740
249.999231	gene_G	15.000000	86.000000	0.127907
249.999231	gene_H	0.000000	47.000000	0.276596
249.999231	gene_J	74.000000	172.000000	0.087209
249.999231	gene_K	67.000000	156.000000	0.006410
249.999231	promoter_A	0.000000	0.000000	0.000000
249.999231	promoter_B1	0.000000	0.000000	0.000000
249.999231	promoter_D	0.000000	0.000000	0.000000
254.999151	__gene_A*_rbs	175.000000	0.000000	0.000000
254.999151	__gene_A_rbs	188.000000	0.000000	0.000000
254.999151	__gene_B_rbs	168.000000	0.000000	0.000000
254.999151	__gene_C_rbs	157.000000	0.000000	0.000000
254.999151	__gene_D_rbs	186.000000	0.000000	0.000000
254.999151	__gene_E_rbs	181.000000	0.000000	0.000000
254.999151	__gene_F_rbs	129.000000	0.000000	0.000000
254.999151	__gene_G_rbs	89.000000	0.000000	0.000000
254.999151	__gene_H_rbs	49.000000	0.000000	0.000000
254.999151	__gene_J_rbs	175.000000	0.000000	0.000000
254.999151	__gene_K_rbs	156.000000	0.000000	0.000000
254.999151	__ribosome	0.000000	0.000000	0.000000
254.999151	bound_ecolipol	1875.000000	0.000000	0.000000
254.999151	bound_ribosome	100.000000	0.000000	0.000000
254.999151	ecoli_genome	125.000000	0.000000	0.000000
254.999151	ecoli_transcript	19063.000000	0.000000	0.000000
254.999151	ecolipol	33.000000	0.000000	0.000000
254.999151	gene_A	148.000000	188.000000	0.111702
254.999151	gene_A*	79.000000	175.000000	0.051429
254.999151	gene_B	77.000000	168.000000	0.041667
254.999151	gene_C	74.000000	158.000000	0.012658
254.999151	gene_D	165.000000	186.000000	0.026882
254.999151	gene_E	135.000000	182.000000	0.016484
254.999151	gene_F	54.000000	129.000000	0.069767
254.999151	gene_G	15.000000	89.000000	0.134831
254.999151	gene_H	0.000000	49.000000	0.285714
254.999151	gene_J	74.000000	175.000000	0.085714
254.999151	gene_K	67.000000	159.000000	0.018868
254.999151	promoter_A	0.000000	0.000000	0.000000
254.999151	promoter_B1	0.000000	0.000000	0.000000
254.999151	promoter_D	0.000000	0.000000	0.000000
259.999186	__gene_A*_rbs	178.000000	0.000000	0.000000
259.999186	__gene_A_rbs	192.000000	0.000000	0.000000
259.999186	__gene_B_rbs	172.000000	0.000000	0.000000
259.999186	__gene_C_rbs	161.000000	0.000000	0.000000
259.999186	__gene_D_rbs	190.000000	0.000000	0.000000
259.999186	__gene_E_rbs	186.000000	0.000000	0.000000
259.999186	__gene_F_rbs	131.000000	0.000000	0.000000
259.999186	__gene_G_rbs	91.000000	0.000000	0.000000
259.999186	__gene_H_rbs	51.000000	0.000000	0.000000
259.999186	__gene_J_rbs	179.000000	0.000000	0.000000
259.999186	__gene_K_rbs	161.000000	0.000000	0.000000
259.999186	__ribosome	0.000000	0.000000	0.000000
259.999186	bound_ecolipol	1873.000000	0.000000	0.000000
259.999186	bound_ribosome	100.000000	0.000000	0.000000
259.999186	ecoli_genome	127.000000	0.000000	0.000000
259.999186	ecoli_transcript	19451.000000	0.000000	0.000000
259.999186	ecolipol	36.000000	0.000000	0.000000
259.999186	gene_A	153.000000	192.000000	0.088542
259.999186	gene_A*	80.000000	179.000000	0.072626
259.999186	gene_B	80.000000	172.000000	0.040698
259.999186	gene_C	75.000000	161.000000	0.006211
259.999186	gene_D	167.000000	190.000000	0.021053
259.999186	gene_E	138.000000	186.000000	0.010753
259.999186	gene_F	55.000000	131.000000	0.076336
259.999186	gene_G	15.000000	91.000000	0.142857
259.999186	gene_H	0.000000	51.000000	0.294118
259.999186	gene_J	74.000000	179.000000	0.094972
259.999186	gene_K	70.000000	163.000000	0.006135
259.999186	promoter_A	0.000000	0.000000	0.000000
259.999186	promoter_B1	0.000000	0.000000	0.000000
259.999186	promoter_D	0.000000	0.000000	0.000000
264.999135	__gene_A*_rbs	183.000000	0.000000	0.000000
264.999135	__gene_A_rbs	195.000000	0.000000	0.000000
264.999135	__gene_B_rbs	174.000000	0.000000	0.000000
264.999135	__gene_C_rbs	165.000000	0.000000	0.000000
264.999135	__gene_D_rbs	194.000000	0.000000	0.000000
264.999135	__gene_E_rbs	189.000000	0.000000	0.000000
264.999135	__gene_F_rbs	134.000000	0.000000	0.000000
264.999135	__gene_G_rbs	91.000000	0.000000	0.000000
264.999135	__gene_H_rbs	54.000000	0.000000	0.000000
264.999135	__gene_J_rbs	183.000000	0.000000	0.000000
264.999135	__gene_K_rbs	165.000000	0.000000	0.000000
264.999135	__ribosome	0.000000	0.000000	0.000000
264.999135	bound_ecolipol	1873.000000	0.000000	0.000000
264.999135	bound_ribosome	100.000000	0.000000	0.000000
264.999135	ecoli_genome	127.000000	0.000000	0.000000
264.999135	ecoli_transcript	19841.000000	0.000000	0.000000
264.999135	ecolipol	36.000000	0.000000	0.000000
264.999135	gene_A	154.000000	195.000000	0.082051
264.999135	gene_A*	82.000000	183.000000	0.065574
264.999135	gene_B	82.000000	175.000000	0.034286
264.999135	gene_C	76.000000	165.000000	0.006061
264.999135	gene_D	168.000000	194.000000	0.036082
264.999135	gene_E	138.000000	189.000000	0.021164
264.999135	gene_F	56.000000	134.000000	0.082090
264.999135	gene_G	15.000000	91.000000	0.142857
264.999135	gene_H	0.000000	54.000000	0.277778
264.999135	gene_J	76.000000	183.000000	0.081967
264.999135	gene_K	71.000000	167.000000	0.000000
264.999135	promoter_A	0.000000	0.000000	0.000000
264.999135	promoter_B1	0.000000	0.000000	0.000000
264.999135	promoter_D	0.000000	0.000000	0.000000
269.999021	__gene_A*_rbs	186.000000	0.000000	0.000000
269.999021	__gene_A_rbs	199.000000	0.000000	0.000000
269.999021	__gene_B_rbs	177.000000	0.000000	0.000000
269.999021	__gene_C_rbs	167.000000	0.000000	0.000000
269.999021	__gene_D_rbs	198.000000	0.000000	0.000000
269.999021	__gene_E_rbs	191.000000	0.000000	0.000000
269.999021	__gene_F_rbs	137.000000	0.000000	0.000000
269.999021	__gene_G_rbs	92.000000	0.000000	0.000000
269.999021	__gene_H_rbs	56.000000	0.000000	0.000000
269.999021	__gene_J_rbs	186.000000	0.000000	0.000000
269.999021	__gene_K_rbs	170.000000	0.000000	0.000000
269.999021	__ribosome	0.000000	0.000000	0.000000
269.999021	bound_ecolipol	1866.000000	0.000000	0.000000
269.999021	bound_ribosome	100.000000	0.000000	0.000000
269.999021	ecoli_genome	134.000000	0.000000	0.000000
269.999021	ecoli_transcript	20225.000000	0.000000	0.000000
269.999021	ecolipol	44.000000	0.000000	0.000000
269.999021	gene_A	156.000000	199.000000	0.070352
269.999021	gene_A*	82.000000	187.000000	0.080214
269.999021	gene_B	87.000000	178.000000	0.005618
269.999021	gene_C	77.000000	168.000000	0.005952
269.999021	gene_D	170.000000	198.000000	0.025253
269.999021	gene_E	140.000000	193.000000	0.015544
269.999021	gene_F	57.000000	137.000000	0.094891
269.999021	gene_G	15.000000	92.000000	0.163043
269.999021	gene_H	0.000000	56.000000	0.285714
269.999021	gene_J	76.000000	186.000000	0.080645
269.999021	gene_K	71.000000	171.000000	0.011696
269.999021	promoter_A	0.000000	0.000000	0.000000
269.999021	promoter_B1	0.000000	0.000000	0.000000
269.999021	promoter_D	0.000000	0.000000	0.000000
274.999159	__gene_A*_rbs	190.000000	0.000000	0.000000
274.999159	__gene_A_rbs	203.000000	0.000000	0.000000
274.999159	__gene_B_rbs	182.000000	0.000000	0.000000
274.999159	__gene_C_rbs	172.000000	0.000000	0.000000
274.999159	__gene_D_rbs	202.000000	0.000000	0.000000
274.999159	__gene_E_rbs	197.000000	0.000000	0.000000
274.999159	__gene_F_rbs	138.000000	0.000000	0.000000
274.999159	__gene_G_rbs	95.000000	0.000000	0.000000
274.999159	__gene_H_rbs	59.000000	0.000000	0.000000
274.999159	__gene_J_rbs	190.000000	0.000000	0.000000
274.999159	__gene_K_rbs	174.000000	0.000000	0.000000
274.999159	__ribosome	0.000000	0.000000	0.000000
274.999159	bound_ecolipol	1869.000000	0.000000	0.000000
274.999159	bound_ribosome	100.000000	0.000000	0.000000
274.999159	ecoli_genome	131.000000	0.000000	0.000000
274.999159	ecoli_transcript	20605.000000	0.000000	0.000000
274.999159	ecolipol	40.000000	0.000000	0.000000
274.999159	gene_A	156.000000	203.000000	0.088670
274.999159	gene_A*	85.000000	190.000000	0.063158
274.999159	gene_B	88.000000	182.000000	0.000000
274.999159	gene_C	77.000000	172.000000	0.005814
274.999159	gene_D	171.000000	202.000000	0.024752
274.999159	gene_E	142.000000	197.000000	0.010152
274.999159	gene_F	59.000000	138.000000	0.086957
274.999159	gene_G	16.000000	95.000000	0.157895
274.999159	gene_H	0.000000	59.000000	0.305085
274.999159	gene_J	76.000000	190.000000	0.084211
274.999159	gene_K	72.000000	174.000000	0.005747
274.999159	promoter_A	0.000000	0.000000	0.000000
274.999159	promoter_B1	0.000000	0.000000	0.000000
274.999159	promoter_D	0.000000	0.000000	0.000000
279.999009	__gene_A*_rbs	194.000000	0.000000	0.000000
279.999009	__gene_A_rbs	207.000000	0.000000	0.000000
279.999009	__gene_B_rbs	184.000000	0.000000	0.000000
279.999009	__gene_C_rbs	175.000000	0.000000	0.000000
279.999009	__gene_D_rbs	205.000000	0.000000	0.000000
279.999009	__gene_E_rbs	201.000000	0.000000	0.000000
279.999009	__gene_F_rbs	141.000000	0.000000	0.000000
279.999009	__gene_G_rbs	95.000000	0.000000	0.000000
279.999009	__gene_H_rbs	58.000000	0.000000	0.000000
279.999009	__gene_J_rbs	194.000000	0.000000	0.000000
279.999009	__gene_K_rbs	175.000000	0.000000	0.000000
279.999009	__ribosome	0.000000	0.000000	0.000000
279.999009	bound_ecolipol	1872.000000	0.000000	0.000000
279.999009	bound_ribosome	100.000000	0.000000	0.000000
279.999009	ecoli_genome	128.000000	0.000000	0.000000
279.999009	ecoli_transcript	20977.000000	0.000000	0.000000
279.999009	ecolipol	39.000000	0.000000	0.000000
279.999009	gene_A	159.000000	207.000000	0.086957
279.999009	gene_A*	86.000000	194.000000	0.061856
279.999009	gene_B	88.000000	186.000000	0.005376
279.999009	gene_C	78.000000	176.000000	0.005682
279.999009	gene_D	175.000000	205.000000	0.014634
279.999009	gene_E	143.000000	201.000000	0.019900
279.999009	gene_F	60.000000	141.000000	0.078014
279.999009	gene_G	16.000000	95.000000	0.157895
279.999009	gene_H	0.000000	59.000000	0.322034
279.999009	gene_J	77.000000	194.000000	0.077320
279.999009	gene_K	73.000000	177.000000	0.005650
279.999009	promoter_A	0.000000	0.000000	0.000000
279.999009	promoter_B1	0.000000	0.000000	0.000000
279.999009	promoter_D	0.000000	0.000000	0.000000
284.999037	__gene_A*_rbs	198.000000	0.000000	0.000000
284.999037	__gene_A_rbs	211.000000	0.000000	0.000000
284.999037	__gene_B_rbs	189.000000	0.000000	0.000000
284.999037	__gene_C_rbs	179.000000	0.000000	0.000000
284.999037	__gene_D_rbs	207.000000	0.000000	0.000000
284.999037	__gene_E_rbs	204.000000	0.000000	0.000000
284.999037	__gene_F_rbs	144.000000	0.000000	0.000000
284.999037	__gene_G_rbs	96.000000	0.000000	0.000000
284.999037	__gene_H_rbs	60.000000	0.000000	0.000000
284.999037	__gene_J_rbs	196.000000	0.000000	0.000000
284.999037	__gene_K_rbs	180.000000	0.000000	0.000000
284.999037	__ribosome	0.000000	0.000000	0.000000
284.999037	bound_ecolipol	1869.000000	0.000000	0.000000
284.999037	bound_ribosome	100.000000	0.000000	0.000000
284.999037	ecoli_genome	131.000000	0.000000	0.000000
284.999037	ecoli_transcript	21375.000000	0.000000	0.000000
284.999037	ecolipol	43.000000	0.000000	0.000000
284.999037	gene_A	163.000000	211.000000	0.066351
284.999037	gene_A*	87.000000	198.000000	0.055556
284.999037	gene_B	88.000000	190.000000	0.021053
284.999037	gene_C	78.000000	179.000000	0.005587
284.999037	gene_D	175.000000	209.000000	0.033493
284.999037	gene_E	145.000000	205.000000	0.014634
284.999037	gene_F	60.000000	144.000000	0.076389
284.999037	gene_G	17.000000	96.000000	0.145833
284.999037	gene_H	0.000000	60.000000	0.316667
284.999037	gene_J	77.000000	198.000000	0.075758
284.999037	gene_K	74.000000	181.000000	0.005525
284.999037	promoter_A	0.000000	0.000000	0.000000
284.999037	promoter_B1	0.000000	0.000000	0.000000
284.999037	promoter_D	0.000000	0.000000	0.000000
289.999024	__gene_A*_rbs	202.000000	0.000000	0.000000
289.999024	__gene_A_rbs	214.000000	0.000000	0.000000
289.999024	__gene_B_rbs	194.000000	0.000000	0.000000
289.999024	__gene_C_rbs	182.000000	0.000000	0.000000
289.999024	__gene_D_rbs	212.000000	0.000000	0.000000
289.999024	__gene_E_rbs	207.000000	0.000000	0.000000
289.999024	__gene_F_rbs	146.000000	0.000000	0.000000
289.999024	__gene_G_rbs	98.000000	0.000000	0.000000
289.999024	__gene_H_rbs	60.000000	0.000000	0.000000
289.999024	__gene_J_rbs	202.000000	0.000000	0.000000
289.999024	__gene_K_rbs	185.000000	0.000000	0.000000
289.999024	__ribosome	0.000000	0.000000	0.000000
289.999024	bound_ecolipol	1869.000000	0.000000	0.000000
289.999024	bound_ribosome	100.000000	0.000000	0.000000
289.999024	ecoli_genome	131.000000	0.000000	0.000000
289.999024	ecoli_transcript	21772.000000	0.000000	0.000000
289.999024	ecolipol	43.000000	0.000000	0.000000
289.999024	gene_A	164.000000	214.000000	0.060748
289.999024	gene_A*	89.000000	202.000000	0.049505
289.999024	gene_B	88.000000	194.000000	0.030928
289.999024	gene_C	79.000000	183.000000	0.000000
289.999024	gene_D	176.000000	212.000000	0.028302
289.999024	gene_E	147.000000	208.000000	0.004808
289.999024	gene_F	62.000000	146.000000	0.068493
289.999024	gene_G	17.000000	98.000000	0.142857
289.999024	gene_H	0.000000	61.000000	0.360656
289.999024	gene_J	77.000000	202.000000	0.079208
289.999024	gene_K	75.000000	185.000000	0.010811
289.999024	promoter_A	0.000000	0.000000	0.000000
289.999024	promoter_B1	0.000000	0.000000	0.000000
289.999024	promoter_D	0.000000	0.000000	0.000000
294.999117	__gene_A*_rbs	205.000000	0.000000	0.000000
294.999117	__gene_A_rbs	218.000000	0.000000	0.000000
294.999117	__gene_B_rbs	197.000000	0.000000	0.000000
294.999117	__gene_C_rbs	185.000000	0.000000	0.000000
294.999117	__gene_D_rbs	216.000000	0.000000	0.000000
294.999117	__gene_E_rbs	212.000000	0.000000	0.000000
294.999117	__gene_F_rbs	148.000000	0.000000	0.000000
294.999117	__gene_G_rbs	100.000000	0.000000	0.000000
294.999117	__gene_H_rbs	62.000000	0.000000	0.000000
294.999117	__gene_J_rbs	205.000000	0.000000	0.000000
294.999117	__gene_K_rbs	189.000000	0.000000	0.000000
294.999117	__ribosome	0.000000	0.000000	0.000000
294.999117	bound_ecolipol	1873.000000	0.000000	0.000000
294.999117	bound_ribosome	100.000000	0.000000	0.000000
294.999117	ecoli_genome	127.000000	0.000000	0.000000
294.999117	ecoli_transcript	22162.000000	0.000000	0.000000
294.999117	ecolipol	39.000000	0.000000	0.000000
294.999117	gene_A	164.000000	218.000000	0.059633
294.999117	gene_A*	93.000000	205.000000	0.034146
294.999117	gene_B	90.000000	198.000000	0.020202
294.999117	gene_C	79.000000	187.000000	0.005348
294.999117	gene_D	178.000000	216.000000	0.032407
294.999117	gene_E	148.000000	212.000000	0.000000
294.999117	gene_F	63.000000	148.000000	0.067568
294.999117	gene_G	17.000000	100.000000	0.150000
294.999117	gene_H	0.000000	62.000000	0.370968
294.999117	gene_J	77.000000	205.000000	0.078049
294.999117	gene_K	76.000000	189.000000	0.021164
294.999117	promoter_A	0.000000	0.000000	0.000000
294.999117	promoter_B1	0.000000	0.000000	0.000000
294.999117	promoter_D	0.000000	0.000000	0.000000
299.999171	__gene_A*_rbs	209.000000	0.000000	0.000000
299.999171	__gene_A_rbs	220.000000	0.000000	0.000000
299.999171	__gene_B_rbs	201.000000	0.000000	0.000000
299.999171	__gene_C_rbs	191.000000	0.000000	0.000000
299.999171	__gene_D_rbs	220.000000	0.000000	0.000000
299.999171	__gene_E_rbs	215.000000	0.000000	0.000000
299.999171	__gene_F_rbs	151.000000	0.000000	0.000000
299.999171	__gene_G_rbs	102.000000	0.000000	0.000000
299.999171	__gene_H_rbs	63.000000	0.000000	0.000000
299.999171	__gene_J_rbs	209.000000	0.000000	0.000000
299.999171	__gene_K_rbs	193.000000	0.000000	0.000000
299.999171	__ribosome	0.000000	0.000000	0.000000
299.999171	bound_ecolipol	1865.000000	0.000000	0.000000
299.999171	bound_ribosome	100.000000	0.000000	0.000000
299.999171	ecoli_genome	135.000000	0.000000	0.000000
299.999171	ecoli_transcript	22556.000000	0.000000	0.000000
299.999171	ecolipol	48.000000	0.000000	0.000000
299.999171	gene_A	168.000000	221.000000	0.063348
299.999171	gene_A*	94.000000	209.000000	0.028708
299.999171	gene_B	93.000000	201.000000	0.014925
299.999171	gene_C	79.000000	191.000000	0.026178
299.999171	gene_D	182.000000	220.000000	0.027273
299.999171	gene_E	148.000000	216.000000	0.000000
299.999171	gene_F	64.000000	151.000000	0.059603
299.999171	gene_G	17.000000	102.000000	0.147059
299.999171	gene_H	0.000000	63.000000	0.365079
299.999171	gene_J	77.000000	209.000000	0.076555
299.999171	gene_K	79.000000	193.000000	0.015544
299.999171	promoter_A	0.000000	0.000000	0.000000
299.999171	promoter_B1	0.000000	0.000000	0.000000
299.999171	promoter_D	0.000000	0.000000	0.000000
304.999172	__gene_A*_rbs	211.000000	0.000000	0.000000
304.999172	__gene_A_rbs	225.000000	0.000000	0.000000
304.999172	__gene_B_rbs	205.000000	0.000000	0.000000
304.999172	__gene_C_rbs	192.000000	0.000000	0.000000
304.999172	__gene_D_rbs	222.000000	0.000000	0.000000
304.999172	__gene_E_rbs	219.000000	0.000000	0.000000
304.999172	__gene_F_rbs	152.000000	0.000000	0.000000
304.999172	__gene_G_rbs	104.000000	0.000000	0.000000
304.999172	__gene_H_rbs	64.000000	0.000000	0.000000
304.999172	__gene_J_rbs	212.000000	0.000000	0.000000
304.999172	__gene_K_rbs	196.000000	0.000000	0.000000
304.999172	__ribosome	0.000000	0.000000	0.000000
304.999172	bound_ecolipol	1888.000000	0.000000	0.000000
304.999172	bound_ribosome	100.000000	0.000000	0.000000
304.999172	ecoli_genome	112.000000	0.000000	0.000000
304.999172	ecoli_transcript	22891.000000	0.000000	0.000000
304.999172	ecolipol	27.000000	0.000000	0.000000
304.999172	gene_A	169.000000	225.000000	0.075556
304.999172	gene_A*	97.000000	212.000000	0.018868
304.999172	gene_B	94.000000	205.000000	0.014634
304.999172	gene_C	81.000000	194.000000	0.015464
304.999172	gene_D	182.000000	223.000000	0.026906
304.999172	gene_E	148.000000	219.000000	0.004566
304.999172	gene_F	65.000000	152.000000	0.052632
304.999172	gene_G	17.000000	104.000000	0.144231
304.999172	gene_H	0.000000	64.000000	0.359375
304.999172	gene_J	77.000000	213.000000	0.079812
304.999172	gene_K	82.000000	196.000000	0.015306
304.999172	promoter_A	0.000000	0.000000	0.000000
304.999172	promoter_B1	0.000000	0.000000	0.000000
304.999172	promoter_D	0.000000	0.000000	0.000000
309.999172	__gene_A*_rbs	215.000000	0.000000	0.000000
309.999172	__gene_A_rbs	229.000000	0.000000	0.000000
309.999172	__gene_B_rbs	208.000000	0.000000	0.000000
309.999172	__gene_C_rbs	198.000000	0.000000	0.000000
309.999172	__gene_D_rbs	227.000000	0.000000	0.000000
309.999172	__gene_E_rbs	223.000000	0.000000	0.000000
309.999172	__gene_F_rbs	155.000000	0.000000	0.000000
309.999172	__gene_G_rbs	106.000000	0.000000	0.000000
309.999172	__gene_H_rbs	65.000000	0.000000	0.000000
309.999172	__gene_J_rbs	216.000000	0.000000	0.000000
309.999172	__gene_K_rbs	200.000000	0.000000	0.000000
309.999172	__ribosome	0.000000	0.000000	0.000000
309.999172	bound_ecolipol	1880.000000	0.000000	0.000000
309.999172	bound_ribosome	100.000000	0.000000	0.000000
309.999172	ecoli_genome	120.000000	0.000000	0.000000
309.999172	ecoli_transcript	23269.000000	0.000000	0.000000
309.999172	ecolipol	33.000000	0.000000	0.000000
309.999172	gene_A	169.000000	229.000000	0.087336
309.999172	gene_A*	97.000000	216.000000	0.032407
309.999172	gene_B	96.000000	208.000000	0.004808
309.999172	gene_C	84.000000	198.000000	0.000000
309.999172	gene_D	185.000000	227.000000	0.022026
309.999172	gene_E	148.000000	223.000000	0.008969
309.999172	gene_F	67.000000	155.000000	0.038710
309.999172	gene_G	17.000000	106.000000	0.160377
309.999172	gene_H	0.000000	65.000000	0.369231
309.999172	gene_J	78.000000	217.000000	0.082949
309.999172	gene_K	85.000000	200.000000	0.000000
309.999172	promoter_A	0.000000	0.000000	0.000000
309.999172	promoter_B1	0.000000	0.000000	0.000000
309.999172	promoter_D	0.000000	0.000000	0.000000
314.999186	__gene_A*_rbs	219.000000	0.000000	0.000000
314.999186	__gene_A_rbs	232.000000	0.000000	0.000000
314.999186	__gene_B_rbs	211.000000	0.000000	0.000000
314.999186	__gene_C_rbs	202.000000	0.000000	0.000000
314.999186	__gene_D_rbs	231.000000	0.000000	0.000000
314.999186	__gene_E_rbs	225.000000	0.000000	0.000000
314.999186	__gene_F_rbs	159.000000	0.000000	0.000000
314.999186	__gene_G_rbs	108.000000	0.000000	0.000000
314.999186	__gene_H_rbs	67.000000	0.000000	0.000000
314.999186	__gene_J_rbs	220.000000	0.000000	0.000000
314.999186	__gene_K_rbs	203.000000	0.000000	0.000000
314.999186	__ribosome	0.000000	0.000000	0.000000
314.999186	bound_ecolipol	1872.000000	0.000000	0.000000
314.999186	bound_ribosome	100.000000	0.000000	0.000000
314.999186	ecoli_genome	128.000000	0.000000	0.000000
314.999186	ecoli_transcript	23656.000000	0.000000	0.000000
314.999186	ecolipol	38.000000	0.000000	0.000000
314.999186	gene_A	170.000000	232.000000	0.081897
314.999186	gene_A*	98.000000	220.000000	0.031818
314.999186	gene_B	97.000000	212.000000	0.000000
314.999186	gene_C	84.000000	202.000000	0.009901
314.999186	gene_D	188.000000	231.000000	0.021645
314.999186	gene_E	149.000000	226.000000	0.004425
314.999186	gene_F	70.000000	159.000000	0.031447
314.999186	gene_G	17.000000	108.000000	0.157407
314.999186	gene_H	0.000000	67.000000	0.373134
314.999186	gene_J	78.000000	220.000000	0.081818
314.999186	gene_K	85.000000	203.000000	0.004926
314.999186	promoter_A	0.000000	0.000000	0.000000
314.999186	promoter_B1	0.000000	0.000000	0.000000
314.999186	promoter_D	0.000000	0.000000	0.000000
319.999060	__gene_A*_rbs	223.000000	0.000000	0.000000
319.999060	__gene_A_rbs	236.000000	0.000000	0.000000
319.999060	__gene_B_rbs	216.000000	0.000000	0.000000
319.999060	__gene_C_rbs	204.000000	0.000000	0.000000
319.999060	__gene_D_rbs	233.000000	0.000000	0.000000
319.999060	__gene_E_rbs	230.000000	0.000000	0.000000
319.999060	__gene_F_rbs	161.000000	0.000000	0.000000
319.999060	__gene_G_rbs	110.000000	0.000000	0.000000
319.999060	__gene_H_rbs	66.000000	0.000000	0.000000
319.999060	__gene_J_rbs	223.000000	0.000000	0.000000
319.999060	__gene_K_rbs	206.000000	0.000000	0.000000
319.999060	__ribosome	0.000000	0.000000	0.000000
319.999060	bound_ecolipol	1868.000000	0.000000	0.000000
319.999060	bound_ribosome	100.000000	0.000000	0.000000
319.999060	ecoli_genome	132.000000	0.000000	0.000000
319.999060	ecoli_transcript	24051.000000	0.000000	0.000000
319.999060	ecolipol	45.000000	0.000000	0.000000
319.999060	gene_A	170.000000	236.000000	0.080508
319.999060	gene_A*	98.000000	224.000000	0.031250
319.999060	gene_B	97.000000	216.000000	0.000000
319.999060	gene_C	85.000000	205.000000	0.009756
319.999060	gene_D	188.000000	234.000000	0.021368
319.999060	gene_E	150.000000	230.000000	0.000000
319.999060	gene_F	71.000000	161.000000	0.024845
319.999060	gene_G	17.000000	110.000000	0.154545
319.999060	gene_H	0.000000	67.000000	0.388060
319.999060	gene_J	79.000000	223.000000	0.085202
319.999060	gene_K	86.000000	207.000000	0.004831
319.999060	promoter_A	0.000000	0.000000	0.000000
319.999060	promoter_B1	0.000000	0.000000	0.000000
319.999060	promoter_D	0.000000	0.000000	0.000000
324.999223	__gene_A*_rbs	226.000000	0.000000	0.000000
324.999223	__gene_A_rbs	239.000000	0.000000	0.000000
324.999223	__gene_B_rbs	218.000000	0.000000	0.000000
324.999223	__gene_C_rbs	207.000000	0.000000	0.000000
324.999223	__gene_D_rbs	237.000000	0.000000	0.000000
324.999223	__gene_E_rbs	234.000000	0.000000	0.000000
324.999223	__gene_F_rbs	162.000000	0.000000	0.000000
324.999223	__gene_G_rbs	111.000000	0.000000	0.000000
324.999223	__gene_H_rbs	69.000000	0.000000	0.000000
324.999223	__gene_J_rbs	228.000000	0.000000	0.000000
324.999223	__gene_K_rbs	211.000000	0.000000	0.000000
324.999223	__ribosome	0.000000	0.000000	0.000000
324.999223	bound_ecolipol	1872.000000	0.000000	0.000000
324.999223	bound_ribosome	100.000000	0.000000	0.000000
324.999223	ecoli_genome	128.000000	0.000000	0.000000
324.999223	ecoli_transcript	24433.000000	0.000000	0.000000
324.999223	ecolipol	42.000000	0.000000	0.000000
324.999223	gene_A	173.000000	239.000000	0.071130
324.999223	gene_A*	99.000000	227.000000	0.030837
324.999223	gene_B	97.000000	219.000000	0.000000
324.999223	gene_C	86.000000	209.000000	0.004785
324.999223	gene_D	190.000000	238.000000	0.021008
324.999223	gene_E	150.000000	234.000000	0.012821
324.999223	gene_F	71.000000	162.000000	0.024691
324.999223	gene_G	17.000000	111.000000	0.162162
324.999223	gene_H	0.000000	69.000000	0.376812
324.999223	gene_J	80.000000	228.000000	0.083333
324.999223	gene_K	87.000000	211.000000	0.000000
324.999223	promoter_A	0.000000	0.000000	0.000000
324.999223	promoter_B1	0.000000	0.000000	0.000000
324.999223	promoter_D	0.000000	0.000000	0.000000
329.999035	__gene_A*_rbs	231.000000	0.000000	0.000000
329.999035	__gene_A_rbs	242.000000	0.000000	0.000000
329.999035	__gene_B_rbs	222.000000	0.000000	0.000000
329.999035	__gene_C_rbs	211.000000	0.000000	0.000000
329.999035	__gene_D_rbs	242.000000	0.000000	0.000000
329.999035	__gene_E_rbs	235.000000	0.000000	0.000000
329.999035	__gene_F_rbs	163.000000	0.000000	0.000000
329.999035	__gene_G_rbs	112.000000	0.000000	0.000000
329.999035	__gene_H_rbs	69.000000	0.000000	0.000000
329.999035	__gene_J_rbs	231.000000	0.000000	0.000000
329.999035	__gene_K_rbs	215.000000	0.000000	0.000000
329.999035	__ribosome	0.000000	0.000000	0.000000
329.999035	bound_ecolipol	1875.000000	0.000000	0.000000
329.999035	bound_ribosome	100.000000	0.000000	0.000000
329.999035	ecoli_genome	125.000000	0.000000	0.000000
329.999035	ecoli_transcript	24801.000000	0.000000	0.000000
329.999035	ecolipol	42.000000	0.000000	0.000000
329.999035	gene_A	177.000000	243.000000	0.069959
329.999035	gene_A*	100.000000	231.000000	0.025974
329.999035	gene_B	97.000000	223.000000	0.000000
329.999035	gene_C	87.000000	212.000000	0.004717
329.999035	gene_D	193.000000	242.000000	0.012397
329.999035	gene_E	150.000000	238.000000	0.016807
329.999035	gene_F	72.000000	163.000000	0.024540
329.999035	gene_G	18.000000	112.000000	0.169643
329.999035	gene_H	0.000000	70.000000	0.385714
329.999035	gene_J	82.000000	231.000000	0.077922
329.999035	gene_K	87.000000	215.000000	0.004651
329.999035	promoter_A	0.000000	0.000000	0.000000
329.999035	promoter_B1	0.000000	0.000000	0.000000
329.999035	promoter_D	0.000000	0.000000	0.000000
334.999160	__gene_A*_rbs	235.000000	0.000000	0.000000
334.999160	__gene_A_rbs	247.000000	0.000000	0.000000
334.999160	__gene_B_rbs	226.000000	0.000000	0.000000
334.999160	__gene_C_rbs	217.000000	0.000000	0.000000
334.999160	__gene_D_rbs	245.000000	0.000000	0.000000
334.999160	__gene_E_rbs	242.000000	0.000000	0.000000
334.999160	__gene_F_rbs	167.000000	0.000000	0.000000
334.999160	__gene_G_rbs	114.000000	0.000000	0.000000
334.999160	__gene_H_rbs	70.000000	0.000000	0.000000
334.999160	__gene_J_rbs	235.000000	0.000000	0.000000
334.999160	__gene_K_rbs	219.000000	0.000000	0.000000
334.999160	__ribosome	0.000000	0.000000	0.000000
334.999160	bound_ecolipol	1876.000000	0.000000	0.000000
334.999160	bound_ribosome	100.000000	0.000000	0.000000
334.999160	ecoli_genome	124.000000	0.000000	0.000000
334.999160	ecoli_transcript	25162.000000	0.000000	0.000000
334.999160	ecolipol	41.000000	0.000000	0.000000
334.999160	gene_A	177.000000	247.000000	0.068826
334.999160	gene_A*	100.000000	235.000000	0.025532
334.999160	gene_B	97.000000	227.000000	0.004405
334.999160	gene_C	87.000000	217.000000	0.004608
334.999160	gene_D	193.000000	245.000000	0.012245
334.999160	gene_E	153.000000	242.000000	0.004132
334.999160	gene_F	73.000000	167.000000	0.029940
334.999160	gene_G	18.000000	114.000000	0.175439
334.999160	gene_H	0.000000	70.000000	0.385714
334.999160	gene_J	82.000000	235.000000	0.080851
334.999160	gene_K	88.000000	219.000000	0.000000
334.999160	promoter_A	0.000000	0.000000	0.000000
334.999160	promoter_B1	0.000000	0.000000	0.000000
334.999160	promoter_D	0.000000	0.000000	0.000000
339.999082	__gene_A*_rbs	239.000000	0.000000	0.000000
339.999082	__gene_A_rbs	251.000000	0.000000	0.000000
339.999082	__gene_B_rbs	230.000000	0.000000	0.000000
339.999082	__gene_C_rbs	220.000000	0.000000	0.000000
339.999082	__gene_D_rbs	247.000000	0.000000	0.000000
339.999082	__gene_E_rbs	245.000000	0.000000	0.000000
339.999082	__gene_F_rbs	171.000000	0.000000	0.000000
339.999082	__gene_G_rbs	116.000000	0.000000	0.000000
339.999082	__gene_H_rbs	70.000000	0.000000	0.000000
339.999082	__gene_J_rbs	239.000000	0.000000	0.000000
339.999082	__gene_K_rbs	222.000000	0.000000	0.000000
339.999082	__ribosome	0.000000	0.000000	0.000000
339.999082	bound_ecolipol	1873.000000	0.000000	0.000000
339.999082	bound_ribosome	100.000000	0.000000	0.000000
339.999082	ecoli_genome	127.000000	0.000000	0.000000
339.999082	ecoli_transcript	25550.000000	0.000000	0.000000
339.999082	ecolipol	42.000000	0.000000	0.000000
339.999082	gene_A	177.000000	251.000000	0.067729
339.999082	gene_A*	102.000000	239.000000	0.020921
339.999082	gene_B	97.000000	230.000000	0.008696
339.999082	gene_C	88.000000	220.000000	0.004545
339.999082	gene_D	196.000000	249.000000	0.008032
339.999082	gene_E	154.000000	245.000000	0.004082
339.999082	gene_F	73.000000	171.000000	0.040936
339.999082	gene_G	19.000000	116.000000	0.163793
339.999082	gene_H	0.000000	70.000000	0.400000
339.999082	gene_J	83.000000	239.000000	0.075314
339.999082	gene_K	88.000000	222.000000	0.000000
339.999082	promoter_A	0.000000	0.000000	0.000000
339.999082	promoter_B1	0.000000	0.000000	0.000000
339.999082	promoter_D	0.000000	0.000000	0.000000
344.999097	__gene_A*_rbs	241.000000	0.000000	0.000000
344.999097	__gene_A_rbs	253.000000	0.000000	0.000000
344.999097	__gene_B_rbs	234.000000	0.000000	0.000000
344.999097	__gene_C_rbs	223.000000	0.000000	0.000000
344.999097	__gene_D_rbs	253.000000	0.000000	0.000000
344.999097	__gene_E_rbs	249.000000	0.000000	0.000000
344.999097	__gene_F_rbs	172.000000	0.000000	0.000000
344.999097	__gene_G_rbs	116.000000	0.000000	0.000000
344.999097	__gene_H_rbs	71.000000	0.000000	0.000000
344.999097	__gene_J_rbs	242.000000	0.000000	0.000000
344.999097	__gene_K_rbs	225.000000	0.000000	0.000000
344.999097	__ribosome	0.000000	0.000000	0.000000
344.999097	bound_ecolipol	1877.000000	0.000000	0.000000
344.999097	bound_ribosome	100.000000	0.000000	0.000000
344.999097	ecoli_genome	123.000000	0.000000	0.000000
344.999097	ecoli_transcript	25909.000000	0.000000	0.000000
344.999097	ecolipol	37.000000	0.000000	0.000000
344.999097	gene_A	177.000000	254.000000	0.074803
344.999097	gene_A*	105.000000	242.000000	0.012397
344.999097	gene_B	98.000000	234.000000	0.004274
344.999097	gene_C	89.000000	223.000000	0.000000
344.999097	gene_D	196.000000	253.000000	0.007905
344.999097	gene_E	154.000000	249.000000	0.004016
344.999097	gene_F	73.000000	172.000000	0.052326
344.999097	gene_G	20.000000	117.000000	0.162393
344.999097	gene_H	0.000000	71.000000	0.394366
344.999097	gene_J	83.000000	242.000000	0.074380
344.999097	gene_K	88.000000	225.000000	0.000000
344.999097	promoter_A	0.000000	0.000000	0.000000
344.999097	promoter_B1	0.000000	0.000000	0.000000
344.999097	promoter_D	0.000000	0.000000	0.000000
349.999040	__gene_A*_rbs	246.000000	0.000000	0.000000
349.999040	__gene_A_rbs	258.000000	0.000000	0.000000
349.999040	__gene_B_rbs	238.000000	0.000000	0.000000
349.999040	__gene_C_rbs	227.000000	0.000000	0.000000
349.999040	__gene_D_rbs	256.000000	0.000000	0.000000
349.999040	__gene_E_rbs	251.000000	0.000000	0.000000
349.999040	__gene_F_rbs	173.000000	0.000000	0.000000
349.999040	__gene_G_rbs	118.000000	0.000000	0.000000
349.999040	__gene_H_rbs	72.000000	0.000000	0.000000
349.999040	__gene_J_rbs	245.000000	0.000000	0.000000
349.999040	__gene_K_rbs	227.000000	0.000000	0.000000
349.999040	__ribosome	0.000000	0.000000	0.000000
349.999040	bound_ecolipol	1866.000000	0.000000	0.000000
349.999040	bound_ribosome	100.000000	0.000000	0.000000
349.999040	ecoli_genome	134.000000	0.000000	0.000000
349.999040	ecoli_transcript	26281.000000	0.000000	0.000000
349.999040	ecolipol	51.000000	0.000000	0.000000
349.999040	gene_A	181.000000	258.000000	0.058140
349.999040	gene_A*	105.000000	246.000000	0.016260
349.999040	gene_B	98.000000	238.000000	0.008403
349.999040	gene_C	89.000000	227.000000	0.000000
349.999040	gene_D	196.000000	256.000000	0.007812
349.999040	gene_E	155.000000	252.000000	0.003968
349.999040	gene_F	73.000000	173.000000	0.057803
349.999040	gene_G	21.000000	118.000000	0.152542
349.999040	gene_H	0.000000	72.000000	0.388889
349.999040	gene_J	83.000000	245.000000	0.073469
349.999040	gene_K	88.000000	229.000000	0.008734
349.999040	promoter_A	0.000000	0.000000	0.000000
349.999040	promoter_B1	0.000000	0.000000	0.000000
349.999040	promoter_D	0.000000	0.000000	0.000000
354.999034	__gene_A*_rbs	248.000000	0.000000	0.000000
354.999034	__gene_A_rbs	262.000000	0.000000	0.000000
354.999034	__gene_B_rbs	242.000000	0.000000	0.000000
354.999034	__gene_C_rbs	231.000000	0.000000	0.000000
354.999034	__gene_D_rbs	259.000000	0.000000	0.000000
354.999034	__gene_E_rbs	255.000000	0.000000	0.000000
354.999034	__gene_F_rbs	175.000000	0.000000	0.000000
354.999034	__gene_G_rbs	120.000000	0.000000	0.000000
354.999034	__gene_H_rbs	73.000000	0.000000	0.000000
354.999034	__gene_J_rbs	249.000000	0.000000	0.000000
354.999034	__gene_K_rbs	231.000000	0.000000	0.000000
354.999034	__ribosome	0.000000	0.000000	0.000000
354.999034	bound_ecolipol	1881.000000	0.000000	0.000000
354.999034	bound_ribosome	100.000000	0.000000	0.000000
354.999034	ecoli_genome	119.000000	0.000000	0.000000
354.999034	ecoli_transcript	26673.000000	0.000000	0.000000
354.999034	ecolipol	37.000000	0.000000	0.000000
354.999034	gene_A	186.000000	262.000000	0.038168
354.999034	gene_A*	105.000000	249.000000	0.028112
354.999034	gene_B	99.000000	242.000000	0.008264
354.999034	gene_C	89.000000	231.000000	0.000000
354.999034	gene_D	197.000000	259.000000	0.007722
354.999034	gene_E	155.000000	255.000000	0.007843
354.999034	gene_F	74.000000	175.000000	0.057143
354.999034	gene_G	21.000000	120.000000	0.158333
354.999034	gene_H	0.000000	73.000000	0.383562
354.999034	gene_J	83.000000	249.000000	0.072289
354.999034	gene_K	88.000000	233.000000	0.008584
354.999034	promoter_A	0.000000	0.000000	0.000000
354.999034	promoter_B1	0.000000	0.000000	0.000000
354.999034	promoter_D	0.000000	0.000000	0.000000
359.999219	__gene_A*_rbs	253.000000	0.000000	0.000000
359.999219	__gene_A_rbs	265.000000	0.000000	0.000000
359.999219	__gene_B_rbs	246.000000	0.000000	0.000000
359.999219	__gene_C_rbs	234.000000	0.000000	0.000000
359.999219	__gene_D_rbs	263.000000	0.000000	0.000000
359.999219	__gene_E_rbs	258.000000	0.000000	0.000000
359.999219	__gene_F_rbs	178.000000	0.000000	0.000000
359.999219	__gene_G_rbs	123.000000	0.000000	0.000000
359.999219	__gene_H_rbs	73.000000	0.000000	0.000000
359.999219	__gene_J_rbs	253.000000	0.000000	0.000000
359.999219	__gene_K_rbs	236.000000	0.000000	0.000000
359.999219	__ribosome	0.000000	0.000000	0.000000
359.999219	bound_ecolipol	1871.000000	0.000000	0.000000
359.999219	bound_ribosome	100.000000	0.000000	0.000000
359.999219	ecoli_genome	129.000000	0.000000	0.000000
359.999219	ecoli_transcript	27077.000000	0.000000	0.000000
359.999219	ecolipol	44.000000	0.000000	0.000000
359.999219	gene_A	189.000000	265.000000	0.033962
359.999219	gene_A*	106.000000	253.000000	0.035573
359.999219	gene_B	99.000000	246.000000	0.012195
359.999219	gene_C	89.000000	234.000000	0.004274
359.999219	gene_D	198.000000	263.000000	0.007605
359.999219	gene_E	156.000000	258.000000	0.007752
359.999219	gene_F	75.000000	178.000000	0.050562
359.999219	gene_G	21.000000	123.000000	0.154472
359.999219	gene_H	0.000000	73.000000	0.383562
359.999219	gene_J	83.000000	253.000000	0.071146
359.999219	gene_K	90.000000	236.000000	0.000000
359.999219	promoter_A	0.000000	0.000000	0.000000
359.999219	promoter_B1	0.000000	0.000000	0.000000
359.999219	promoter_D	0.000000	0.000000	0.000000
364.999009	__gene_A*_rbs	256.000000	0.000000	0.000000
364.999009	__gene_A_rbs	269.000000	0.000000	0.000000
364.999009	__gene_B_rbs	248.000000	0.000000	0.000000
364.999009	__gene_C_rbs	238.000000	0.000000	0.000000
364.999009	__gene_D_rbs	267.000000	0.000000	0.000000
364.999009	__gene_E_rbs	262.000000	0.000000	0.000000
364.999009	__gene_F_rbs	182.000000	0.000000	0.000000
364.999009	__gene_G_rbs	125.000000	0.000000	0.000000
364.999009	__gene_H_rbs	74.000000	0.000000	0.000000
364.999009	__gene_J_rbs	256.000000	0.000000	0.000000
364.999009	__gene_K_rbs	240.000000	0.000000	0.000000
364.999009	__ribosome	0.000000	0.000000	0.000000
364.999009	bound_ecolipol	1873.000000	0.000000	0.000000
364.999009	bound_ribosome	100.000000	0.000000	0.000000
364.999009	ecoli_genome	127.000000	0.000000	0.000000
364.999009	ecoli_transcript	27454.000000	0.000000	0.000000
364.999009	ecolipol	39.000000	0.000000	0.000000
364.999009	gene_A	189.000000	269.000000	0.037175
364.999009	gene_A*	106.000000	256.000000	0.035156
364.999009	gene_B	100.000000	249.000000	0.012048
364.999009	gene_C	89.000000	238.000000	0.004202
364.999009	gene_D	198.000000	267.000000	0.007491
364.999009	gene_E	157.000000	262.000000	0.003817
364.999009	gene_F	75.000000	182.000000	0.049451
364.999009	gene_G	21.000000	125.000000	0.152000
364.999009	gene_H	0.000000	74.000000	0.378378
364.999009	gene_J	83.000000	256.000000	0.070312
364.999009	gene_K	90.000000	240.000000	0.000000
364.999009	promoter_A	0.000000	0.000000	0.000000
364.999009	promoter_B1	0.000000	0.000000	0.000000
364.999009	promoter_D	0.000000	0.000000	0.000000
369.999178	__gene_A*_rbs	260.000000	0.000000	0.000000
369.999178	__gene_A_rbs	273.000000	0.000000	0.000000
369.999178	__gene_B_rbs	253.000000	0.000000	0.000000
369.999178	__gene_C_rbs	241.000000	0.000000	0.000000
369.999178	__gene_D_rbs	270.000000	0.000000	0.000000
369.999178	__gene_E_rbs	266.000000	0.000000	0.000000
369.999178	__gene_F_rbs	185.000000	0.000000	0.000000
369.999178	__gene_G_rbs	127.000000	0.000000	0.000000
369.999178	__gene_H_rbs	75.000000	0.000000	0.000000
369.999178	__gene_J_rbs	260.000000	0.000000	0.000000
369.999178	__gene_K_rbs	242.000000	0.000000	0.000000
369.999178	__ribosome	0.000000	0.000000	0.000000
369.999178	bound_ecolipol	1864.000000	0.000000	0.000000
369.999178	bound_ribosome	100.000000	0.000000	0.000000
369.999178	ecoli_genome	136.000000	0.000000	0.000000
369.999178	ecoli_transcript	27841.000000	0.000000	0.000000
369.999178	ecolipol	47.000000	0.000000	0.000000
369.999178	gene_A	189.000000	273.000000	0.036630
369.999178	gene_A*	106.000000	260.000000	0.038462
369.999178	gene_B	102.000000	253.000000	0.003953
369.999178	gene_C	90.000000	241.000000	0.000000
369.999178	gene_D	199.000000	270.000000	0.003704
369.999178	gene_E	158.000000	266.000000	0.003759
369.999178	gene_F	76.000000	185.000000	0.043243
369.999178	gene_G	21.000000	127.000000	0.149606
369.999178	gene_H	0.000000	75.000000	0.373333
369.999178	gene_J	83.000000	260.000000	0.084615
369.999178	gene_K	90.000000	243.000000	0.000000
369.999178	promoter_A	0.000000	0.000000	0.000000
369.999178	promoter_B1	0.000000	0.000000	0.000000
369.999178	promoter_D	0.000000	0.000000	0.000000
374.999572	__gene_A*_rbs	264.000000	0.000000	0.000000
374.999572	__gene_A_rbs	276.000000	0.000000	0.000000
374.999572	__gene_B_rbs	255.000000	0.000000	0.000000
374.999572	__gene_C_rbs	245.000000	0.000000	0.000000
374.999572	__gene_D_rbs	274.000000	0.000000	0.000000
374.999572	__gene_E_rbs	269.000000	0.000000	0.000000
374.999572	__gene_F_rbs	186.000000	0.000000	0.000000
374.999572	__gene_G_rbs	130.000000	0.000000	0.000000
374.999572	__gene_H_rbs	77.000000	0.000000	0.000000
374.999572	__gene_J_rbs	263.000000	0.000000	0.000000
374.999572	__gene_K_rbs	247.000000	0.000000	0.000000
374.999572	__ribosome	0.000000	0.000000	0.000000
374.999572	bound_ecolipol	1871.000000	0.000000	0.000000
374.999572	bound_ribosome	100.000000	0.000000	0.000000
374.999572	ecoli_genome	129.000000	0.000000	0.000000
374.999572	ecoli_transcript	28243.000000	0.000000	0.000000
374.999572	ecolipol	40.000000	0.000000	0.000000
374.999572	gene_A	190.000000	276.000000	0.036232
374.999572	gene_A*	107.000000	264.000000	0.034091
374.999572	gene_B	102.000000	256.000000	0.007812
374.999572	gene_C	90.000000	245.000000	0.012245
374.999572	gene_D	200.000000	274.000000	0.007299
374.999572	gene_E	158.000000	269.000000	0.007435
374.999572	gene_F	78.000000	186.000000	0.032258
374.999572	gene_G	22.000000	130.000000	0.138462
374.999572	gene_H	0.000000	77.000000	0.363636
374.999572	gene_J	86.000000	263.000000	0.076046
374.999572	gene_K	90.000000	247.000000	0.000000
374.999572	promoter_A	0.000000	0.000000	0.000000
374.999572	promoter_B1	0.000000	0.000000	0.000000
374.999572	promoter_D	0.000000	0.000000	0.000000
379.999019	__gene_A*_rbs	267.000000	0.000000	0.000000
379.999019	__gene_A_rbs	280.000000	0.000000	0.000000
379.999019	__gene_B_rbs	260.000000	0.000000	0.000000
379.999019	__gene_C_rbs	248.000000	0.000000	0.000000
379.999019	__gene_D_rbs	276.000000	0.000000	0.000000
379.999019	__gene_E_rbs	273.000000	0.000000	0.000000
379.999019	__gene_F_rbs	188.000000	0.000000	0.000000
379.999019	__gene_G_rbs	132.000000	0.000000	0.000000
379.999019	__gene_H_rbs	79.000000	0.000000	0.000000
379.999019	__gene_J_rbs	265.000000	0.000000	0.000000
379.999019	__gene_K_rbs	248.000000	0.000000	0.000000
379.999019	__ribosome	0.000000	0.000000	0.000000
379.999019	bound_ecolipol	1873.000000	0.000000	0.000000
379.999019	bound_ribosome	100.000000	0.000000	0.000000
379.999019	ecoli_genome	127.000000	0.000000	0.000000
379.999019	ecoli_transcript	28614.000000	0.000000	0.000000
379.999019	ecolipol	37.000000	0.000000	0.000000
379.999019	gene_A	192.000000	280.000000	0.028571
379.999019	gene_A*	108.000000	267.000000	0.029963
379.999019	gene_B	103.000000	260.000000	0.003846
379.999019	gene_C	91.000000	249.000000	0.008032
379.999019	gene_D	200.000000	277.000000	0.007220
379.999019	gene_E	159.000000	273.000000	0.007326
379.999019	gene_F	79.000000	188.000000	0.031915
379.999019	gene_G	22.000000	133.000000	0.142857
379.999019	gene_H	0.000000	79.000000	0.354430
379.999019	gene_J	86.000000	266.000000	0.078947
379.999019	gene_K	90.000000	251.000000	0.011952
379.999019	promoter_A	0.000000	0.000000	0.000000
379.999019	promoter_B1	0.000000	0.000000	0.000000
379.999019	promoter_D	0.000000	0.000000	0.000000
384.999064	__gene_A*_rbs	271.000000	0.000000	0.000000
384.999064	__gene_A_rbs	284.000000	0.000000	0.000000
384.999064	__gene_B_rbs	264.000000	0.000000	0.000000
384.999064	__gene_C_rbs	253.000000	0.000000	0.000000
384.999064	__gene_D_rbs	281.000000	0.000000	0.000000
384.999064	__gene_E_rbs	277.000000	0.000000	0.000000
384.999064	__gene_F_rbs	191.000000	0.000000	0.000000
384.999064	__gene_G_rbs	135.000000	0.000000	0.000000
384.999064	__gene_H_rbs	80.000000	0.000000	0.000000
384.999064	__gene_J_rbs	270.000000	0.000000	0.000000
384.999064	__gene_K_rbs	252.000000	0.000000	0.000000
384.999064	__ribosome	0.000000	0.000000	0.000000
384.999064	bound_ecolipol	1870.000000	0.000000	0.000000
384.999064	bound_ribosome	100.000000	0.000000	0.000000
384.999064	ecoli_genome	130.000000	0.000000	0.000000
384.999064	ecoli_transcript	29011.000000	0.000000	0.000000
384.999064	ecolipol	38.000000	0.000000	0.000000
384.999064	gene_A	194.000000	284.000000	0.021127
384.999064	gene_A*	109.000000	271.000000	0.025830
384.999064	gene_B	103.000000	264.000000	0.007576
384.999064	gene_C	93.000000	253.000000	0.000000
384.999064	gene_D	200.000000	281.000000	0.010676
384.999064	gene_E	160.000000	277.000000	0.003610
384.999064	gene_F	80.000000	191.000000	0.031414
384.999064	gene_G	22.000000	135.000000	0.148148
384.999064	gene_H	0.000000	80.000000	0.362500
384.999064	gene_J	87.000000	270.000000	0.077778
384.999064	gene_K	90.000000	255.000000	0.019608
384.999064	promoter_A	0.000000	0.000000	0.000000
384.999064	promoter_B1	0.000000	0.000000	0.000000
384.999064	promoter_D	0.000000	0.000000	0.000000
389.999007	__gene_A*_rbs	273.000000	0.000000	0.000000
389.999007	__gene_A_rbs	287.000000	0.000000	0.000000
389.999007	__gene_B_rbs	268.000000	0.000000	0.000000
389.999007	__gene_C_rbs	254.000000	0.000000	0.000000
389.999007	__gene_D_rbs	285.000000	0.000000	0.000000
389.999007	__gene_E_rbs	281.000000	0.000000	0.000000
389.999007	__gene_F_rbs	194.000000	0.000000	0.000000
389.999007	__gene_G_rbs	135.000000	0.000000	0.000000
389.999007	__gene_H_rbs	82.000000	0.000000	0.000000
389.999007	__gene_J_rbs	274.000000	0.000000	0.000000
389.999007	__gene_K_rbs	259.000000	0.000000	0.000000
389.999007	__ribosome	0.000000	0.000000	0.000000
389.999007	bound_ecolipol	1867.000000	0.000000	0.000000
389.999007	bound_ribosome	100.000000	0.000000	0.000000
389.999007	ecoli_genome	133.000000	0.000000	0.000000
389.999007	ecoli_transcript	29406.000000	0.000000	0.000000
389.999007	ecolipol	41.000000	0.000000	0.000000
389.999007	gene_A	194.000000	287.000000	0.020906
389.999007	gene_A*	111.000000	275.000000	0.021818
389.999007	gene_B	104.000000	268.000000	0.014925
389.999007	gene_C	93.000000	256.000000	0.011719
389.999007	gene_D	202.000000	285.000000	0.003509
389.999007	gene_E	161.000000	281.000000	0.000000
389.999007	gene_F	82.000000	194.000000	0.020619
389.999007	gene_G	22.000000	135.000000	0.170370
389.999007	gene_H	0.000000	82.000000	0.365854
389.999007	gene_J	87.000000	274.000000	0.080292
389.999007	gene_K	95.000000	259.000000	0.003861
389.999007	promoter_A	0.000000	0.000000	0.000000
389.999007	promoter_B1	0.000000	0.000000	0.000000
389.999007	promoter_D	0.000000	0.000000	0.000000
394.999192	__gene_A*_rbs	278.000000	0.000000	0.000000
394.999192	__gene_A_rbs	291.000000	0.000000	0.000000
394.999192	__gene_B_rbs	270.000000	0.000000	0.000000
394.999192	__gene_C_rbs	259.000000	0.000000	0.000000
394.999192	__gene_D_rbs	288.000000	0.000000	0.000000
394.999192	__gene_E_rbs	284.000000	0.000000	0.000000
394.999192	__gene_F_rbs	197.000000	0.000000	0.000000
394.999192	__gene_G_rbs	137.000000	0.000000	0.000000
394.999192	__gene_H_rbs	85.000000	0.000000	0.000000
394.999192	__gene_J_rbs	278.000000	0.000000	0.000000
394.999192	__gene_K_rbs	261.000000	0.000000	0.000000
394.999192	__ribosome	0.000000	0.000000	0.000000
394.999192	bound_ecolipol	1873.000000	0.000000	0.000000
394.999192	bound_ribosome	100.000000	0.000000	0.000000
394.999192	ecoli_genome	127.000000	0.000000	0.000000
394.999192	ecoli_transcript	29766.000000	0.000000	0.000000
394.999192	ecolipol	33.000000	0.000000	0.000000
394.999192	gene_A	194.000000	291.000000	0.024055
394.999192	gene_A*	115.000000	279.000000	0.010753
394.999192	gene_B	105.000000	271.000000	0.018450
394.999192	gene_C	95.000000	260.000000	0.003846
394.999192	gene_D	202.000000	288.000000	0.006944
394.999192	gene_E	161.000000	284.000000	0.000000
394.999192	gene_F	84.000000	197.000000	0.015228
394.999192	gene_G	22.000000	137.000000	0.175182
394.999192	gene_H	0.000000	85.000000	0.352941
394.999192	gene_J	87.000000	278.000000	0.086331
394.999192	gene_K	96.000000	262.000000	0.003817
394.999192	promoter_A	0.000000	0.000000	0.000000
394.999192	promoter_B1	0.000000	0.000000	0.000000
394.999192	promoter_D	0.000000	0.000000	0.000000
399.999045	__gene_A*_rbs	282.000000	0.000000	0.000000
399.999045	__gene_A_rbs	294.000000	0.000000	0.000000
399.999045	__gene_B_rbs	275.000000	0.000000	0.000000
399.999045	__gene_C_rbs	264.000000	0.000000	0.000000
399.999045	__gene_D_rbs	292.000000	0.000000	0.000000
399.999045	__gene_E_rbs	287.000000	0.000000	0.000000
399.999045	__gene_F_rbs	201.000000	0.000000	0.000000
399.999045	__gene_G_rbs	139.000000	0.000000	0.000000
399.999045	__gene_H_rbs	87.000000	0.000000	0.000000
399.999045	__gene_J_rbs	282.000000	0.000000	0.000000
399.999045	__gene_K_rbs	265.000000	0.000000	0.000000
399.999045	__ribosome	0.000000	0.000000	0.000000
399.999045	bound_ecolipol	1869.000000	0.000000	0.000000
399.999045	bound_ribosome	100.000000	0.000000	0.000000
399.999045	ecoli_genome	131.000000	0.000000	0.000000
399.999045	ecoli_transcript	30132.000000	0.000000	0.000000
399.999045	ecolipol	34.000000	0.000000	0.000000
399.999045	gene_A	196.000000	294.000000	0.017007
399.999045	gene_A*	115.000000	282.000000	0.010638
399.999045	gene_B	106.000000	275.000000	0.018182
399.999045	gene_C	96.000000	264.000000	0.007576
399.999045	gene_D	203.000000	292.000000	0.006849
399.999045	gene_E	161.000000	287.000000	0.000000
399.999045	gene_F	84.000000	201.000000	0.014925
399.999045	gene_G	22.000000	139.000000	0.179856
399.999045	gene_H	0.000000	87.000000	0.344828
399.999045	gene_J	88.000000	282.000000	0.081560
399.999045	gene_K	97.000000	266.000000	0.007519
399.999045	promoter_A	0.000000	0.000000	0.000000
399.999045	promoter_B1	0.000000	0.000000	0.000000
399.999045	promoter_D	0.000000	0.000000	0.000000
404.999019	__gene_A*_rbs	286.000000	0.000000	0.000000
404.999019	__gene_A_rbs	298.000000	0.000000	0.000000
404.999019	__gene_B_rbs	277.000000	0.000000	0.000000
404.999019	__gene_C_rbs	267.000000	0.000000	0.000000
404.999019	__gene_D_rbs	294.000000	0.000000	0.000000
404.999019	__gene_E_rbs	291.000000	0.000000	0.000000
404.999019	__gene_F_rbs	205.000000	0.000000	0.000000
404.999019	__gene_G_rbs	141.000000	0.000000	0.000000
404.999019	__gene_H_rbs	87.000000	0.000000	0.000000
404.999019	__gene_J_rbs	285.000000	0.000000	0.000000
404.999019	__gene_K_rbs	267.000000	0.000000	0.000000
404.999019	__ribosome	0.000000	0.000000	0.000000
404.999019	bound_ecolipol	1868.000000	0.000000	0.000000
404.999019	bound_ribosome	100.000000	0.000000	0.000000
404.999019	ecoli_genome	132.000000	0.000000	0.000000
404.999019	ecoli_transcript	30476.000000	0.000000	0.000000
404.999019	ecolipol	35.000000	0.000000	0.000000
404.999019	gene_A	196.000000	298.000000	0.016779
404.999019	gene_A*	116.000000	286.000000	0.006993
404.999019	gene_B	110.000000	278.000000	0.007194
404.999019	gene_C	97.000000	267.000000	0.007491
404.999019	gene_D	203.000000	295.000000	0.013559
404.999019	gene_E	161.000000	291.000000	0.003436
404.999019	gene_F	84.000000	205.000000	0.014634
404.999019	gene_G	24.000000	141.000000	0.170213
404.999019	gene_H	0.000000	87.000000	0.344828
404.999019	gene_J	88.000000	285.000000	0.087719
404.999019	gene_K	99.000000	269.000000	0.007435
404.999019	promoter_A	0.000000	0.000000	0.000000
404.999019	promoter_B1	0.000000	0.000000	0.000000
404.999019	promoter_D	0.000000	0.000000	0.000000
409.999006	__gene_A*_rbs	290.000000	0.000000	0.000000
409.999006	__gene_A_rbs	301.000000	0.000000	0.000000
409.999006	__gene_B_rbs	282.000000	0.000000	0.000000
409.999006	__gene_C_rbs	271.000000	0.000000	0.000000
409.999006	__gene_D_rbs	299.000000	0.000000	0.000000
409.999006	__gene_E_rbs	294.000000	0.000000	0.000000
409.999006	__gene_F_rbs	206.000000	0.000000	0.000000
409.999006	__gene_G_rbs	145.000000	0.000000	0.000000
409.999006	__gene_H_rbs	88.000000	0.000000	0.000000
409.999006	__gene_J_rbs	289.000000	0.000000	0.000000
409.999006	__gene_K_rbs	273.000000	0.000000	0.000000
409.999006	__ribosome	0.000000	0.000000	0.000000
409.999006	bound_ecolipol	1871.000000	0.000000	0.000000
409.999006	bound_ribosome	100.000000	0.000000	0.000000
409.999006	ecoli_genome	129.000000	0.000000	0.000000
409.999006	ecoli_transcript	30846.000000	0.000000	0.000000
409.999006	ecolipol	32.000000	0.000000	0.000000
409.999006	gene_A	198.000000	301.000000	0.009967
409.999006	gene_A*	116.000000	290.000000	0.010345
409.999006	gene_B	111.000000	282.000000	0.003546
409.999006	gene_C	99.000000	271.000000	0.000000
409.999006	gene_D	204.000000	299.000000	0.016722
409.999006	gene_E	161.000000	295.000000	0.006780
409.999006	gene_F	84.000000	207.000000	0.024155
409.999006	gene_G	25.000000	145.000000	0.158621
409.999006	gene_H	0.000000	88.000000	0.340909
409.999006	gene_J	89.000000	289.000000	0.086505
409.999006	gene_K	100.000000	273.000000	0.010989
409.999006	promoter_A	0.000000	0.000000	0.000000
409.999006	promoter_B1	0.000000	0.000000	0.000000
409.999006	promoter_D	0.000000	0.000000	0.000000
414.999097	__gene_A*_rbs	293.000000	0.000000	0.000000
414.999097	__gene_A_rbs	305.000000	0.000000	0.000000
414.999097	__gene_B_rbs	285.000000	0.000000	0.000000
414.999097	__gene_C_rbs	275.000000	0.000000	0.000000
414.999097	__gene_D_rbs	303.000000	0.000000	0.000000
414.999097	__gene_E_rbs	299.000000	0.000000	0.000000
414.999097	__gene_F_rbs	211.000000	0.000000	0.000000
414.999097	__gene_G_rbs	146.000000	0.000000	0.000000
414.999097	__gene_H_rbs	89.000000	0.000000	0.000000
414.999097	__gene_J_rbs	292.000000	0.000000	0.000000
414.999097	__gene_K_rbs	277.000000	0.000000	0.000000
414.999097	__ribosome	0.000000	0.000000	0.000000
414.999097	bound_ecolipol	1868.000000	0.000000	0.000000
414.999097	bound_ribosome	100.000000	0.000000	0.000000
414.999097	ecoli_genome	132.000000	0.000000	0.000000
414.999097	ecoli_transcript	31214.000000	0.000000	0.000000
414.999097	ecolipol	31.000000	0.000000	0.000000
414.999097	gene_A	198.000000	305.000000	0.013115
414.999097	gene_A*	116.000000	293.000000	0.013652
414.999097	gene_B	111.000000	285.000000	0.003509
414.999097	gene_C	99.000000	275.000000	0.000000
414.999097	gene_D	205.000000	303.000000	0.016502
414.999097	gene_E	163.000000	299.000000	0.003344
414.999097	gene_F	84.000000	211.000000	0.023697
414.999097	gene_G	26.000000	146.000000	0.150685
414.999097	gene_H	0.000000	91.000000	0.351648
414.999097	gene_J	90.000000	292.000000	0.082192
414.999097	gene_K	102.000000	277.000000	0.007220
414.999097	promoter_A	0.000000	0.000000	0.000000
414.999097	promoter_B1	0.000000	0.000000	0.000000
414.999097	promoter_D	0.000000	0.000000	0.000000
419.999167	__gene_A*_rbs	297.000000	0.000000	0.000000
419.999167	__gene_A_rbs	309.000000	0.000000	0.000000
419.999167	__gene_B_rbs	289.000000	0.000000	0.000000
419.999167	__gene_C_rbs	279.000000	0.000000	0.000000
419.999167	__gene_D_rbs	307.000000	0.000000	0.000000
419.999167	__gene_E_rbs	303.000000	0.000000	0.000000
419.999167	__gene_F_rbs	212.000000	0.000000	0.000000
419.999167	__gene_G_rbs	149.000000	0.000000	0.000000
419.999167	__gene_H_rbs	93.000000	0.000000	0.000000
419.999167	__gene_J_rbs	295.000000	0.000000	0.000000
419.999167	__gene_K_rbs	281.000000	0.000000	0.000000
419.999167	__ribosome	0.000000	0.000000	0.000000
419.999167	bound_ecolipol	1869.000000	0.000000	0.000000
419.999167	bound_ribosome	100.000000	0.000000	0.000000
419.999167	ecoli_genome	131.000000	0.000000	0.000000
419.999167	ecoli_transcript	31565.000000	0.000000	0.000000
419.999167	ecolipol	32.000000	0.000000	0.000000
419.999167	gene_A	199.000000	309.000000	0.009709
419.999167	gene_A*	116.000000	297.000000	0.016835
419.999167	gene_B	112.000000	289.000000	0.000000
419.999167	gene_C	99.000000	279.000000	0.000000
419.999167	gene_D	206.000000	307.000000	0.022801
419.999167	gene_E	163.000000	303.000000	0.006601
419.999167	gene_F	85.000000	212.000000	0.023585
419.999167	gene_G	26.000000	149.000000	0.147651
419.999167	gene_H	0.000000	93.000000	0.344086
419.999167	gene_J	90.000000	296.000000	0.081081
419.999167	gene_K	104.000000	281.000000	0.000000
419.999167	promoter_A	0.000000	0.000000	0.000000
419.999167	promoter_B1	0.000000	0.000000	0.000000
419.999167	promoter_D	0.000000	0.000000	0.000000
424.999344	__gene_A*_rbs	300.000000	0.000000	0.000000
424.999344	__gene_A_rbs	312.000000	0.000000	0.000000
424.999344	__gene_B_rbs	292.000000	0.000000	0.000000
424.999344	__gene_C_rbs	282.000000	0.000000	0.000000
424.999344	__gene_D_rbs	311.000000	0.000000	0.000000
424.999344	__gene_E_rbs	306.000000	0.000000	0.000000
424.999344	__gene_F_rbs	216.000000	0.000000	0.000000
424.999344	__gene_G_rbs	151.000000	0.000000	0.000000
424.999344	__gene_H_rbs	94.000000	0.000000	0.000000
424.999344	__gene_J_rbs	299.000000	0.000000	0.000000
424.999344	__gene_K_rbs	284.000000	0.000000	0.000000
424.999344	__ribosome	0.000000	0.000000	0.000000
424.999344	bound_ecolipol	1861.000000	0.000000	0.000000
424.999344	bound_ribosome	100.000000	0.000000	0.000000
424.999344	ecoli_genome	139.000000	0.000000	0.000000
424.999344	ecoli_transcript	31955.000000	0.000000	0.000000
424.999344	ecolipol	41.000000	0.000000	0.000000
424.999344	gene_A	199.000000	312.000000	0.012821
424.999344	gene_A*	117.000000	300.000000	0.016667
424.999344	gene_B	112.000000	292.000000	0.000000
424.999344	gene_C	99.000000	282.000000	0.003546
424.999344	gene_D	209.000000	311.000000	0.012862
424.999344	gene_E	164.000000	306.000000	0.006536
424.999344	gene_F	85.000000	216.000000	0.023148
424.999344	gene_G	26.000000	151.000000	0.152318
424.999344	gene_H	0.000000	94.000000	0.340426
424.999344	gene_J	90.000000	300.000000	0.080000
424.999344	gene_K	104.000000	284.000000	0.000000
424.999344	promoter_A	0.000000	0.000000	0.000000
424.999344	promoter_B1	0.000000	0.000000	0.000000
424.999344	promoter_D	0.000000	0.000000	0.000000
429.999100	__gene_A*_rbs	304.000000	0.000000	0.000000
429.999100	__gene_A_rbs	316.000000	0.000000	0.000000
429.999100	__gene_B_rbs	296.000000	0.000000	0.000000
429.999100	__gene_C_rbs	286.000000	0.000000	0.000000
429.999100	__gene_D_rbs	314.000000	0.000000	0.000000
429.999100	__gene_E_rbs	310.000000	0.000000	0.000000
429.999100	__gene_F_rbs	219.000000	0.000000	0.000000
429.999100	__gene_G_rbs	153.000000	0.000000	0.000000
429.999100	__gene_H_rbs	96.000000	0.000000	0.000000
429.999100	__gene_J_rbs	302.000000	0.000000	0.000000
429.999100	__gene_K_rbs	288.000000	0.000000	0.000000
429.999100	__ribosome	0.000000	0.000000	0.000000
429.999100	bound_ecolipol	1868.000000	0.000000	0.000000
429.999100	bound_ribosome	100.000000	0.000000	0.000000
429.999100	ecoli_genome	132.000000	0.000000	0.000000
429.999100	ecoli_transcript	32339.000000	0.000000	0.000000
429.999100	ecolipol	34.000000	0.000000	0.000000
429.999100	gene_A	200.000000	316.000000	0.012658
429.999100	gene_A*	118.000000	304.000000	0.016447
429.999100	gene_B	112.000000	296.000000	0.000000
429.999100	gene_C	99.000000	286.000000	0.003497
429.999100	gene_D	210.000000	314.000000	0.009554
429.999100	gene_E	165.000000	310.000000	0.009677
429.999100	gene_F	86.000000	219.000000	0.018265
429.999100	gene_G	26.000000	153.000000	0.156863
429.999100	gene_H	0.000000	96.000000	0.333333
429.999100	gene_J	90.000000	303.000000	0.079208
429.999100	gene_K	104.000000	288.000000	0.000000
429.999100	promoter_A	0.000000	0.000000	0.000000
429.999100	promoter_B1	0.000000	0.000000	0.000000
429.999100	promoter_D	0.000000	0.000000	0.000000
434.999049	__gene_A*_rbs	308.000000	0.000000	0.000000
434.999049	__gene_A_rbs	318.000000	0.000000	0.000000
434.999049	__gene_B_rbs	299.000000	0.000000	0.000000
434.999049	__gene_C_rbs	290.000000	0.000000	0.000000
434.999049	__gene_D_rbs	318.000000	0.000000	0.000000
434.999049	__gene_E_rbs	313.000000	0.000000	0.000000
434.999049	__gene_F_rbs	220.000000	0.000000	0.000000
434.999049	__gene_G_rbs	156.000000	0.000000	0.000000
434.999049	__gene_H_rbs	99.000000	0.000000	0.000000
434.999049	__gene_J_rbs	307.000000	0.000000	0.000000
434.999049	__gene_K_rbs	291.000000	0.000000	0.000000
434.999049	__ribosome	0.000000	0.000000	0.000000
434.999049	bound_ecolipol	1859.000000	0.000000	0.000000
434.999049	bound_ribosome	100.000000	0.000000	0.000000
434.999049	ecoli_genome	141.000000	0.000000	0.000000
434.999049	ecoli_transcript	32723.000000	0.000000	0.000000
434.999049	ecolipol	43.000000	0.000000	0.000000
434.999049	gene_A	200.000000	319.000000	0.018809
434.999049	gene_A*	118.000000	308.000000	0.016234
434.999049	gene_B	112.000000	300.000000	0.000000
434.999049	gene_C	100.000000	290.000000	0.000000
434.999049	gene_D	213.000000	318.000000	0.000000
434.999049	gene_E	166.000000	313.000000	0.009585
434.999049	gene_F	86.000000	220.000000	0.018182
434.999049	gene_G	26.000000	156.000000	0.153846
434.999049	gene_H	0.000000	99.000000	0.323232
434.999049	gene_J	90.000000	307.000000	0.081433
434.999049	gene_K	104.000000	291.000000	0.003436
434.999049	promoter_A	0.000000	0.000000	0.000000
434.999049	promoter_B1	0.000000	0.000000	0.000000
434.999049	promoter_D	0.000000	0.000000	0.000000
439.999376	__gene_A*_rbs	311.000000	0.000000	0.000000
439.999376	__gene_A_rbs	323.000000	0.000000	0.000000
439.999376	__gene_B_rbs	302.000000	0.000000	0.000000
439.999376	__gene_C_rbs	291.000000	0.000000	0.000000
439.999376	__gene_D_rbs	322.000000	0.000000	0.000000
439.999376	__gene_E_rbs	317.000000	0.000000	0.000000
439.999376	__gene_F_rbs	222.000000	0.000000	0.000000
439.999376	__gene_G_rbs	159.000000	0.000000	0.000000
439.999376	__gene_H_rbs	100.000000	0.000000	0.000000
439.999376	__gene_J_rbs	311.000000	0.000000	0.000000
439.999376	__gene_K_rbs	295.000000	0.000000	0.000000
439.999376	__ribosome	0.000000	0.000000	0.000000
439.999376	bound_ecolipol	1862.000000	0.000000	0.000000
439.999376	bound_ribosome	100.000000	0.000000	0.000000
439.999376	ecoli_genome	138.000000	0.000000	0.000000
439.999376	ecoli_transcript	33077.000000	0.000000	0.000000
439.999376	ecolipol	39.000000	0.000000	0.000000
439.999376	gene_A	200.000000	323.000000	0.018576
439.999376	gene_A*	118.000000	312.000000	0.016026
439.999376	gene_B	112.000000	304.000000	0.009868
439.999376	gene_C	100.000000	292.000000	0.003425
439.999376	gene_D	213.000000	322.000000	0.000000
439.999376	gene_E	169.000000	317.000000	0.003155
439.999376	gene_F	87.000000	222.000000	0.013514
439.999376	gene_G	27.000000	159.000000	0.144654
439.999376	gene_H	0.000000	100.000000	0.320000
439.999376	gene_J	90.000000	311.000000	0.080386
439.999376	gene_K	105.000000	295.000000	0.003390
439.999376	promoter_A	0.000000	0.000000	0.000000
439.999376	promoter_B1	0.000000	0.000000	0.000000
439.999376	promoter_D	0.000000	0.000000	0.000000
444.999228	__gene_A*_rbs	315.000000	0.000000	0.000000
444.999228	__gene_A_rbs	327.000000	0.000000	0.000000
444.999228	__gene_B_rbs	306.000000	0.000000	0.000000
444.999228	__gene_C_rbs	297.000000	0.000000	0.000000
444.999228	__gene_D_rbs	326.000000	0.000000	0.000000
444.999228	__gene_E_rbs	321.000000	0.000000	0.000000
444.999228	__gene_F_rbs	225.000000	0.000000	0.000000
444.999228	__gene_G_rbs	161.000000	0.000000	0.000000
444.999228	__gene_H_rbs	102.000000	0.000000	0.000000
444.999228	__gene_J_rbs	313.000000	0.000000	0.000000
444.999228	__gene_K_rbs	298.000000	0.000000	0.000000
444.999228	__ribosome	0.000000	0.000000	0.000000
444.999228	bound_ecolipol	1863.000000	0.000000	0.000000
444.999228	bound_ribosome	100.000000	0.000000	0.000000
444.999228	ecoli_genome	137.000000	0.000000	0.000000
444.999228	ecoli_transcript	33472.000000	0.000000	0.000000
444.999228	ecolipol	39.000000	0.000000	0.000000
444.999228	gene_A	201.000000	327.000000	0.015291
444.999228	gene_A*	119.000000	315.000000	0.012698
444.999228	gene_B	112.000000	307.000000	0.013029
444.999228	gene_C	100.000000	297.000000	0.003367
444.999228	gene_D	213.000000	326.000000	0.003067
444.999228	gene_E	169.000000	321.000000	0.003115
444.999228	gene_F	87.000000	225.000000	0.013333
444.999228	gene_G	27.000000	161.000000	0.142857
444.999228	gene_H	0.000000	102.000000	0.313725
444.999228	gene_J	90.000000	314.000000	0.082803
444.999228	gene_K	106.000000	298.000000	0.000000
444.999228	promoter_A	0.000000	0.000000	0.000000
444.999228	promoter_B1	0.000000	0.000000	0.000000
444.999228	promoter_D	0.000000	0.000000	0.000000
449.999085	__gene_A*_rbs	318.000000	0.000000	0.000000
449.999085	__gene_A_rbs	330.000000	0.000000	0.000000
449.999085	__gene_B_rbs	311.000000	0.000000	0.000000
449.999085	__gene_C_rbs	300.000000	0.000000	0.000000
449.999085	__gene_D_rbs	329.000000	0.000000	0.000000
449.999085	__gene_E_rbs	324.000000	0.000000	0.000000
449.999085	__gene_F_rbs	228.000000	0.000000	0.000000
449.999085	__gene_G_rbs	165.000000	0.000000	0.000000
449.999085	__gene_H_rbs	105.000000	0.000000	0.000000
449.999085	__gene_J_rbs	318.000000	0.000000	0.000000
449.999085	__gene_K_rbs	301.000000	0.000000	0.000000
449.999085	__ribosome	0.000000	0.000000	0.000000
449.999085	bound_ecolipol	1865.000000	0.000000	0.000000
449.999085	bound_ribosome	100.000000	0.000000	0.000000
449.999085	ecoli_genome	135.000000	0.000000	0.000000
449.999085	ecoli_transcript	33838.000000	0.000000	0.000000
449.999085	ecolipol	34.000000	0.000000	0.000000
449.999085	gene_A	201.000000	331.000000	0.021148
449.999085	gene_A*	121.000000	318.000000	0.006289
449.999085	gene_B	113.000000	311.000000	0.009646
449.999085	gene_C	101.000000	300.000000	0.000000
449.999085	gene_D	213.000000	329.000000	0.006079
449.999085	gene_E	170.000000	325.000000	0.000000
449.999085	gene_F	87.000000	228.000000	0.017544
449.999085	gene_G	27.000000	165.000000	0.139394
449.999085	gene_H	0.000000	105.000000	0.304762
449.999085	gene_J	90.000000	318.000000	0.081761
449.999085	gene_K	106.000000	302.000000	0.003311
449.999085	promoter_A	0.000000	0.000000	0.000000
449.999085	promoter_B1	0.000000	0.000000	0.000000
449.999085	promoter_D	0.000000	0.000000	0.000000
454.999271	__gene_A*_rbs	322.000000	0.000000	0.000000
454.999271	__gene_A_rbs	334.000000	0.000000	0.000000
454.999271	__gene_B_rbs	314.000000	0.000000	0.000000
454.999271	__gene_C_rbs	303.000000	0.000000	0.000000
454.999271	__gene_D_rbs	333.000000	0.000000	0.000000
454.999271	__gene_E_rbs	328.000000	0.000000	0.000000
454.999271	__gene_F_rbs	232.000000	0.000000	0.000000
454.999271	__gene_G_rbs	169.000000	0.000000	0.000000
454.999271	__gene_H_rbs	107.000000	0.000000	0.000000
454.999271	__gene_J_rbs	322.000000	0.000000	0.000000
454.999271	__gene_K_rbs	306.000000	0.000000	0.000000
454.999271	__ribosome	0.000000	0.000000	0.000000
454.999271	bound_ecolipol	1864.000000	0.000000	0.000000
454.999271	bound_ribosome	100.000000	0.000000	0.000000
454.999271	ecoli_genome	136.000000	0.000000	0.000000
454.999271	ecoli_transcript	34222.000000	0.000000	0.000000
454.999271	ecolipol	35.000000	0.000000	0.000000
454.999271	gene_A	201.000000	334.000000	0.023952
454.999271	gene_A*	121.000000	322.000000	0.009317
454.999271	gene_B	115.000000	314.000000	0.003185
454.999271	gene_C	101.000000	304.000000	0.000000
454.999271	gene_D	213.000000	333.000000	0.006006
454.999271	gene_E	170.000000	329.000000	0.000000
454.999271	gene_F	89.000000	232.000000	0.008621
454.999271	gene_G	27.000000	169.000000	0.136095
454.999271	gene_H	0.000000	107.000000	0.299065
454.999271	gene_J	90.000000	322.000000	0.086957
454.999271	gene_K	106.000000	306.000000	0.003268
454.999271	promoter_A	0.000000	0.000000	0.000000
454.999271	promoter_B1	0.000000	0.000000	0.000000
454.999271	promoter_D	0.000000	0.000000	0.000000
459.999159	__gene_A*_rbs	325.000000	0.000000	0.000000
459.999159	__gene_A_rbs	338.000000	0.000000	0.000000
459.999159	__gene_B_rbs	318.000000	0.000000	0.000000
459.999159	__gene_C_rbs	308.000000	0.000000	0.000000
459.999159	__gene_D_rbs	337.000000	0.000000	0.000000
459.999159	__gene_E_rbs	332.000000	0.000000	0.000000
459.999159	__gene_F_rbs	234.000000	0.000000	0.000000
459.999159	__gene_G_rbs	172.000000	0.000000	0.000000
459.999159	__gene_H_rbs	109.000000	0.000000	0.000000
459.999159	__gene_J_rbs	325.000000	0.000000	0.000000
459.999159	__gene_K_rbs	309.000000	0.000000	0.000000
459.999159	__ribosome	0.000000	0.000000	0.000000
459.999159	bound_ecolipol	1861.000000	0.000000	0.000000
459.999159	bound_ribosome	100.000000	0.000000	0.000000
459.999159	ecoli_genome	139.000000	0.000000	0.000000
459.999159	ecoli_transcript	34595.000000	0.000000	0.000000
459.999159	ecolipol	40.000000	0.000000	0.000000
459.999159	gene_A	201.000000	338.000000	0.023669
459.999159	gene_A*	122.000000	325.000000	0.006154
459.999159	gene_B	116.000000	318.000000	0.000000
459.999159	gene_C	101.000000	308.000000	0.000000
459.999159	gene_D	214.000000	337.000000	0.002967
459.999159	gene_E	170.000000	332.000000	0.003012
459.999159	gene_F	90.000000	234.000000	0.004274
459.999159	gene_G	27.000000	172.000000	0.151163
459.999159	gene_H	0.000000	109.000000	0.302752
459.999159	gene_J	91.000000	325.000000	0.083077
459.999159	gene_K	107.000000	310.000000	0.003226
459.999159	promoter_A	0.000000	0.000000	0.000000
459.999159	promoter_B1	0.000000	0.000000	0.000000
459.999159	promoter_D	0.000000	0.000000	0.000000
464.999014	__gene_A*_rbs	328.000000	0.000000	0.000000
464.999014	__gene_A_rbs	341.000000	0.000000	0.000000
464.999014	__gene_B_rbs	322.000000	0.000000	0.000000
464.999014	__gene_C_rbs	311.000000	0.000000	0.000000
464.999014	__gene_D_rbs	340.000000	0.000000	0.000000
464.999014	__gene_E_rbs	336.000000	0.000000	0.000000
464.999014	__gene_F_rbs	237.000000	0.000000	0.000000
464.999014	__gene_G_rbs	175.000000	0.000000	0.000000
464.999014	__gene_H_rbs	111.000000	0.000000	0.000000
464.999014	__gene_J_rbs	329.000000	0.000000	0.000000
464.999014	__gene_K_rbs	313.000000	0.000000	0.000000
464.999014	__ribosome	0.000000	0.000000	0.000000
464.999014	bound_ecolipol	1864.000000	0.000000	0.000000
464.999014	bound_ribosome	100.000000	0.000000	0.000000
464.999014	ecoli_genome	136.000000	0.000000	0.000000
464.999014	ecoli_transcript	34980.000000	0.000000	0.000000
464.999014	ecolipol	36.000000	0.000000	0.000000
464.999014	gene_A	201.000000	341.000000	0.023460
464.999014	gene_A*	123.000000	329.000000	0.006079
464.999014	gene_B	116.000000	322.000000	0.000000
464.999014	gene_C	101.000000	311.000000	0.000000
464.999014	gene_D	215.000000	340.000000	0.002941
464.999014	gene_E	171.000000	336.000000	0.002976
464.999014	gene_F	90.000000	237.000000	0.004219
464.999014	gene_G	27.000000	175.000000	0.148571
464.999014	gene_H	0.000000	111.000000	0.297297
464.999014	gene_J	91.000000	329.000000	0.082067
464.999014	gene_K	107.000000	313.000000	0.003195
464.999014	promoter_A	0.000000	0.000000	0.000000
464.999014	promoter_B1	0.000000	0.000000	0.000000
464.999014	promoter_D	0.000000	0.000000	0.000000
469.999076	__gene_A*_rbs	333.000000	0.000000	0.000000
469.999076	__gene_A_rbs	345.000000	0.000000	0.000000
469.999076	__gene_B_rbs	324.000000	0.000000	0.000000
469.999076	__gene_C_rbs	315.000000	0.000000	0.000000
469.999076	__gene_D_rbs	344.000000	0.000000	0.000000
469.999076	__gene_E_rbs	340.000000	0.000000	0.000000
469.999076	__gene_F_rbs	239.000000	0.000000	0.000000
469.999076	__gene_G_rbs	177.000000	0.000000	0.000000
469.999076	__gene_H_rbs	114.000000	0.000000	0.000000
469.999076	__gene_J_rbs	333.000000	0.000000	0.000000
469.999076	__gene_K_rbs	317.000000	0.000000	0.000000
469.999076	__ribosome	0.000000	0.000000	0.000000
469.999076	bound_ecolipol	1869.000000	0.000000	0.000000
469.999076	bound_ribosome	100.000000	0.000000	0.000000
469.999076	ecoli_genome	131.000000	0.000000	0.000000
469.999076	ecoli_transcript	35390.000000	0.000000	0.000000
469.999076	ecolipol	30.000000	0.000000	0.000000
469.999076	gene_A	202.000000	345.000000	0.020290
469.999076	gene_A*	123.000000	333.000000	0.009009
469.999076	gene_B	116.000000	325.000000	0.000000
469.999076	gene_C	101.000000	315.000000	0.000000
469.999076	gene_D	215.000000	344.000000	0.002907
469.999076	gene_E	172.000000	340.000000	0.000000
469.999076	gene_F	90.000000	239.000000	0.004184
469.999076	gene_G	27.000000	177.000000	0.152542
469.999076	gene_H	0.000000	114.000000	0.289474
469.999076	gene_J	91.000000	333.000000	0.081081
469.999076	gene_K	108.000000	317.000000	0.003155
469.999076	promoter_A	0.000000	0.000000	0.000000
469.999076	promoter_B1	0.000000	0.000000	0.000000
469.999076	promoter_D	0.000000	0.000000	0.000000
474.999281	__gene_A*_rbs	337.000000	0.000000	0.000000
474.999281	__gene_A_rbs	349.000000	0.000000	0.000000
474.999281	__gene_B_rbs	328.000000	0.000000	0.000000
474.999281	__gene_C_rbs	319.000000	0.000000	0.000000
474.999281	__gene_D_rbs	348.000000	0.000000	0.000000
474.999281	__gene_E_rbs	343.000000	0.000000	0.000000
474.999281	__gene_F_rbs	242.000000	0.000000	0.000000
474.999281	__gene_G_rbs	178.000000	0.000000	0.000000
474.999281	__gene_H_rbs	118.000000	0.000000	0.000000
474.999281	__gene_J_rbs	336.000000	0.000000	0.000000
474.999281	__gene_K_rbs	321.000000	0.000000	0.000000
474.999281	__ribosome	0.000000	0.000000	0.000000
474.999281	bound_ecolipol	1859.000000	0.000000	0.000000
474.999281	bound_ribosome	100.000000	0.000000	0.000000
474.999281	ecoli_genome	141.000000	0.000000	0.000000
474.999281	ecoli_transcript	35768.000000	0.000000	0.000000
474.999281	ecolipol	41.000000	0.000000	0.000000
474.999281	gene_A	203.000000	349.000000	0.017192
474.999281	gene_A*	123.000000	337.000000	0.008902
474.999281	gene_B	116.000000	329.000000	0.003040
474.999281	gene_C	101.000000	319.000000	0.000000
474.999281	gene_D	215.000000	348.000000	0.005747
474.999281	gene_E	172.000000	343.000000	0.000000
474.999281	gene_F	90.000000	242.000000	0.004132
474.999281	gene_G	27.000000	178.000000	0.151685
474.999281	gene_H	0.000000	118.000000	0.279661
474.999281	gene_J	91.000000	336.000000	0.080357
474.999281	gene_K	109.000000	321.000000	0.000000
474.999281	promoter_A	0.000000	0.000000	0.000000
474.999281	promoter_B1	0.000000	0.000000	0.000000
474.999281	promoter_D	0.000000	0.000000	0.000000
479.999044	__gene_A*_rbs	340.000000	0.000000	0.000000
479.999044	__gene_A_rbs	352.000000	0.000000	0.000000
479.999044	__gene_B_rbs	333.000000	0.000000	0.000000
479.999044	__gene_C_rbs	323.000000	0.000000	0.000000
479.999044	__gene_D_rbs	351.000000	0.000000	0.000000
479.999044	__gene_E_rbs	347.000000	0.000000	0.000000
479.999044	__gene_F_rbs	245.000000	0.000000	0.000000
479.999044	__gene_G_rbs	180.000000	0.000000	0.000000
479.999044	__gene_H_rbs	120.000000	0.000000	0.000000
479.999044	__gene_J_rbs	339.000000	0.000000	0.000000
479.999044	__gene_K_rbs	324.000000	0.000000	0.000000
479.999044	__ribosome	0.000000	0.000000	0.000000
479.999044	bound_ecolipol	1864.000000	0.000000	0.000000
479.999044	bound_ribosome	100.000000	0.000000	0.000000
479.999044	ecoli_genome	136.000000	0.000000	0.000000
479.999044	ecoli_transcript	36167.000000	0.000000	0.000000
479.999044	ecolipol	37.000000	0.000000	0.000000
479.999044	gene_A	203.000000	352.000000	0.017045
479.999044	gene_A*	123.000000	340.000000	0.008824
479.999044	gene_B	116.000000	333.000000	0.003003
479.999044	gene_C	101.000000	323.000000	0.000000
479.999044	gene_D	215.000000	351.000000	0.005698
479.999044	gene_E	172.000000	347.000000	0.002882
479.999044	gene_F	90.000000	245.000000	0.004082
479.999044	gene_G	28.000000	180.000000	0.144444
479.999044	gene_H	0.000000	120.000000	0.275000
479.999044	gene_J	91.000000	340.000000	0.079412
479.999044	gene_K	109.000000	324.000000	0.000000
479.999044	promoter_A	0.000000	0.000000	0.000000
479.999044	promoter_B1	0.000000	0.000000	0.000000
479.999044	promoter_D	0.000000	0.000000	0.000000
484.999076	__gene_A*_rbs	344.000000	0.000000	0.000000
484.999076	__gene_A_rbs	356.000000	0.000000	0.000000
484.999076	__gene_B_rbs	336.000000	0.000000	0.000000
484.999076	__gene_C_rbs	324.000000	0.000000	0.000000
484.999076	__gene_D_rbs	355.000000	0.000000	0.000000
484.999076	__gene_E_rbs	351.000000	0.000000	0.000000
484.999076	__gene_F_rbs	248.000000	0.000000	0.000000
484.999076	__gene_G_rbs	182.000000	0.000000	0.000000
484.999076	__gene_H_rbs	123.000000	0.000000	0.000000
484.999076	__gene_J_rbs	344.000000	0.000000	0.000000
484.999076	__gene_K_rbs	328.000000	0.000000	0.000000
484.999076	__ribosome	0.000000	0.000000	0.000000
484.999076	bound_ecolipol	1855.000000	0.000000	0.000000
484.999076	bound_ribosome	100.000000	0.000000	0.000000
484.999076	ecoli_genome	145.000000	0.000000	0.000000
484.999076	ecoli_transcript	36544.000000	0.000000	0.000000
484.999076	ecolipol	44.000000	0.000000	0.000000
484.999076	gene_A	205.000000	356.000000	0.011236
484.999076	gene_A*	123.000000	344.000000	0.008721
484.999076	gene_B	116.000000	336.000000	0.008929
484.999076	gene_C	101.000000	326.000000	0.000000
484.999076	gene_D	216.000000	355.000000	0.005634
484.999076	gene_E	172.000000	351.000000	0.002849
484.999076	gene_F	90.000000	248.000000	0.004032
484.999076	gene_G	28.000000	182.000000	0.142857
484.999076	gene_H	0.000000	123.000000	0.268293
484.999076	gene_J	91.000000	344.000000	0.078488
484.999076	gene_K	109.000000	328.000000	0.000000
484.999076	promoter_A	0.000000	0.000000	0.000000
484.999076	promoter_B1	0.000000	0.000000	0.000000
484.999076	promoter_D	0.000000	0.000000	0.000000
489.999033	__gene_A*_rbs	348.000000	0.000000	0.000000
489.999033	__gene_A_rbs	360.000000	0.000000	0.000000
489.999033	__gene_B_rbs	340.000000	0.000000	0.000000
489.999033	__gene_C_rbs	329.000000	0.000000	0.000000
489.999033	__gene_D_rbs	359.000000	0.000000	0.000000
489.999033	__gene_E_rbs	354.000000	0.000000	0.000000
489.999033	__gene_F_rbs	251.000000	0.000000	0.000000
489.999033	__gene_G_rbs	183.000000	0.000000	0.000000
489.999033	__gene_H_rbs	124.000000	0.000000	0.000000
489.999033	__gene_J_rbs	348.000000	0.000000	0.000000
489.999033	__gene_K_rbs	331.000000	0.000000	0.000000
489.999033	__ribosome	0.000000	0.000000	0.000000
489.999033	bound_ecolipol	1859.000000	0.000000	0.000000
489.999033	bound_ribosome	100.000000	0.000000	0.000000
489.999033	ecoli_genome	141.000000	0.000000	0.000000
489.999033	ecoli_transcript	36928.000000	0.000000	0.000000
489.999033	ecolipol	41.000000	0.000000	0.000000
489.999033	gene_A	206.000000	360.000000	0.008333
489.999033	gene_A*	124.000000	348.000000	0.005747
489.999033	gene_B	117.000000	340.000000	0.005882
489.999033	gene_C	101.000000	329.000000	0.003040
489.999033	gene_D	217.000000	359.000000	0.005571
489.999033	gene_E	173.000000	354.000000	0.002825
489.999033	gene_F	91.000000	251.000000	0.000000
489.999033	gene_G	28.000000	183.000000	0.142077
489.999033	gene_H	0.000000	124.000000	0.266129
489.999033	gene_J	92.000000	348.000000	0.077586
489.999033	gene_K	109.000000	331.000000	0.009063
489.999033	promoter_A	0.000000	0.000000	0.000000
489.999033	promoter_B1	0.000000	0.000000	0.000000
489.999033	promoter_D	0.000000	0.000000	0.000000
494.999072	__gene_A*_rbs	351.000000	0.000000	0.000000
494.999072	__gene_A_rbs	364.000000	0.000000	0.000000
494.999072	__gene_B_rbs	343.000000	0.000000	0.000000
494.999072	__gene_C_rbs	333.000000	0.000000	0.000000
494.999072	__gene_D_rbs	363.000000	0.000000	0.000000
494.999072	__gene_E_rbs	357.000000	0.000000	0.000000
494.999072	__gene_F_rbs	254.000000	0.000000	0.000000
494.999072	__gene_G_rbs	185.000000	0.000000	0.000000
494.999072	__gene_H_rbs	125.000000	0.000000	0.000000
494.999072	__gene_J_rbs	351.000000	0.000000	0.000000
494.999072	__gene_K_rbs	334.000000	0.000000	0.000000
494.999072	__ribosome	0.000000	0.000000	0.000000
494.999072	bound_ecolipol	1861.000000	0.000000	0.000000
494.999072	bound_ribosome	100.000000	0.000000	0.000000
494.999072	ecoli_genome	139.000000	0.000000	0.000000
494.999072	ecoli_transcript	37289.000000	0.000000	0.000000
494.999072	ecolipol	42.000000	0.000000	0.000000
494.999072	gene_A	206.000000	364.000000	0.008242
494.999072	gene_A*	124.000000	351.000000	0.005698
494.999072	gene_B	118.000000	343.000000	0.005831
494.999072	gene_C	101.000000	333.000000	0.006006
494.999072	gene_D	217.000000	363.000000	0.005510
494.999072	gene_E	173.000000	358.000000	0.002793
494.999072	gene_F	91.000000	254.000000	0.003937
494.999072	gene_G	28.000000	185.000000	0.140541
494.999072	gene_H	0.000000	125.000000	0.264000
494.999072	gene_J	92.000000	351.000000	0.076923
494.999072	gene_K	112.000000	335.000000	0.002985
494.999072	promoter_A	0.000000	0.000000	0.000000
494.999072	promoter_B1	0.000000	0.000000	0.000000
494.999072	promoter_D	0.000000	0.000000	0.000000
499.999166	__gene_A*_rbs	355.000000	0.000000	0.000000
499.999166	__gene_A_rbs	367.000000	0.000000	0.000000
499.999166	__gene_B_rbs	346.000000	0.000000	0.000000
499.999166	__gene_C_rbs	336.000000	0.000000	0.000000
499.999166	__gene_D_rbs	366.000000	0.000000	0.000000
499.999166	__gene_E_rbs	362.000000	0.000000	0.000000
499.999166	__gene_F_rbs	258.000000	0.000000	0.000000
499.999166	__gene_G_rbs	187.000000	0.000000	0.000000
499.999166	__gene_H_rbs	127.000000	0.000000	0.000000
499.999166	__gene_J_rbs	355.000000	0.000000	0.000000
499.999166	__gene_K_rbs	339.000000	0.000000	0.000000
499.999166	__ribosome	0.000000	0.000000	0.000000
499.999166	bound_ecolipol	1871.000000	0.000000	0.000000
499.999166	bound_ribosome	100.000000	0.000000	0.000000
499.999166	ecoli_genome	129.000000	0.000000	0.000000
499.999166	ecoli_transcript	37667.000000	0.000000	0.000000
499.999166	ecolipol	32.000000	0.000000	0.000000
499.999166	gene_A	207.000000	367.000000	0.005450
499.999166	gene_A*	125.000000	355.000000	0.008451
499.999166	gene_B	119.000000	346.000000	0.002890
499.999166	gene_C	102.000000	337.000000	0.002967
499.999166	gene_D	218.000000	366.000000	0.002732
499.999166	gene_E	174.000000	362.000000	0.002762
499.999166	gene_F	91.000000	258.000000	0.011628
499.999166	gene_G	28.000000	187.000000	0.139037
499.999166	gene_H	0.000000	127.000000	0.259843
499.999166	gene_J	92.000000	355.000000	0.078873
499.999166	gene_K	113.000000	339.000000	0.002950
499.999166	promoter_A	0.000000	0.000000	0.000000
499.999166	promoter_B1	0.000000	0.000000	0.000000
499.999166	promoter_D	0.000000	0.000000	0.000000
504.999009	__gene_A*_rbs	358.000000	0.000000	0.000000
504.999009	__gene_A_rbs	371.000000	0.000000	0.000000
504.999009	__gene_B_rbs	350.000000	0.000000	0.000000
504.999009	__gene_C_rbs	340.000000	0.000000	0.000000
504.999009	__gene_D_rbs	369.000000	0.000000	0.000000
504.999009	__gene_E_rbs	366.000000	0.000000	0.000000
504.999009	__gene_F_rbs	260.000000	0.000000	0.000000
504.999009	__gene_G_rbs	188.000000	0.000000	0.000000
504.999009	__gene_H_rbs	128.000000	0.000000	0.000000
504.999009	__gene_J_rbs	359.000000	0.000000	0.000000
504.999009	__gene_K_rbs	342.000000	0.000000	0.000000
504.999009	__ribosome	0.000000	0.000000	0.000000
504.999009	bound_ecolipol	1871.000000	0.000000	0.000000
504.999009	bound_ribosome	100.000000	0.000000	0.000000
504.999009	ecoli_genome	129.000000	0.000000	0.000000
504.999009	ecoli_transcript	38063.000000	0.000000	0.000000
504.999009	ecolipol	34.000000	0.000000	0.000000
504.999009	gene_A	209.000000	371.000000	0.000000
504.999009	gene_A*	126.000000	358.000000	0.005587
504.999009	gene_B	119.000000	350.000000	0.005714
504.999009	gene_C	103.000000	340.000000	0.005882
504.999009	gene_D	219.000000	369.000000	0.002710
504.999009	gene_E	174.000000	366.000000	0.002732
504.999009	gene_F	91.000000	260.000000	0.015385
504.999009	gene_G	28.000000	188.000000	0.138298
504.999009	gene_H	0.000000	128.000000	0.257812
504.999009	gene_J	92.000000	359.000000	0.077994
504.999009	gene_K	114.000000	342.000000	0.002924
504.999009	promoter_A	0.000000	0.000000	0.000000
504.999009	promoter_B1	0.000000	0.000000	0.000000
504.999009	promoter_D	0.000000	0.000000	0.000000
509.999026	__gene_A*_rbs	362.000000	0.000000	0.000000
509.999026	__gene_A_rbs	374.000000	0.000000	0.000000
509.999026	__gene_B_rbs	354.000000	0.000000	0.000000
509.999026	__gene_C_rbs	343.000000	0.000000	0.000000
509.999026	__gene_D_rbs	373.000000	0.000000	0.000000
509.999026	__gene_E_rbs	369.000000	0.000000	0.000000
509.999026	__gene_F_rbs	264.000000	0.000000	0.000000
509.999026	__gene_G_rbs	191.000000	0.000000	0.000000
509.999026	__gene_H_rbs	130.000000	0.000000	0.000000
509.999026	__gene_J_rbs	363.000000	0.000000	0.000000
509.999026	__gene_K_rbs	346.000000	0.000000	0.000000
509.999026	__ribosome	0.000000	0.000000	0.000000
509.999026	bound_ecolipol	1868.000000	0.000000	0.000000
509.999026	bound_ribosome	100.000000	0.000000	0.000000
509.999026	ecoli_genome	132.000000	0.000000	0.000000
509.999026	ecoli_transcript	38446.000000	0.000000	0.000000
509.999026	ecolipol	38.000000	0.000000	0.000000
509.999026	gene_A	209.000000	374.000000	0.002674
509.999026	gene_A*	126.000000	362.000000	0.011050
509.999026	gene_B	120.000000	354.000000	0.002825
509.999026	gene_C	105.000000	344.000000	0.002907
509.999026	gene_D	219.000000	373.000000	0.002681
509.999026	gene_E	175.000000	369.000000	0.000000
509.999026	gene_F	91.000000	264.000000	0.015152
509.999026	gene_G	28.000000	191.000000	0.136126
509.999026	gene_H	0.000000	130.000000	0.253846
509.999026	gene_J	92.000000	363.000000	0.077135
509.999026	gene_K	115.000000	346.000000	0.002890
509.999026	promoter_A	0.000000	0.000000	0.000000
509.999026	promoter_B1	0.000000	0.000000	0.000000
509.999026	promoter_D	0.000000	0.000000	0.000000
514.999009	__gene_A*_rbs	366.000000	0.000000	0.000000
514.999009	__gene_A_rbs	378.000000	0.000000	0.000000
514.999009	__gene_B_rbs	357.000000	0.000000	0.000000
514.999009	__gene_C_rbs	347.000000	0.000000	0.000000
514.999009	__gene_D_rbs	377.000000	0.000000	0.000000
514.999009	__gene_E_rbs	373.000000	0.000000	0.000000
514.999009	__gene_F_rbs	267.000000	0.000000	0.000000
514.999009	__gene_G_rbs	192.000000	0.000000	0.000000
514.999009	__gene_H_rbs	131.000000	0.000000	0.000000
514.999009	__gene_J_rbs	366.000000	0.000000	0.000000
514.999009	__gene_K_rbs	349.000000	0.000000	0.000000
514.999009	__ribosome	0.000000	0.000000	0.000000
514.999009	bound_ecolipol	1874.000000	0.000000	0.000000
514.999009	bound_ribosome	100.000000	0.000000	0.000000
514.999009	ecoli_genome	126.000000	0.000000	0.000000
514.999009	ecoli_transcript	38823.000000	0.000000	0.000000
514.999009	ecolipol	34.000000	0.000000	0.000000
514.999009	gene_A	209.000000	378.000000	0.002646
514.999009	gene_A*	126.000000	366.000000	0.010929
514.999009	gene_B	120.000000	357.000000	0.002801
514.999009	gene_C	105.000000	347.000000	0.002882
514.999009	gene_D	219.000000	377.000000	0.002653
514.999009	gene_E	175.000000	373.000000	0.000000
514.999009	gene_F	91.000000	267.000000	0.014981
514.999009	gene_G	28.000000	192.000000	0.135417
514.999009	gene_H	0.000000	131.000000	0.251908
514.999009	gene_J	92.000000	366.000000	0.076503
514.999009	gene_K	115.000000	349.000000	0.002865
514.999009	promoter_A	0.000000	0.000000	0.000000
514.999009	promoter_B1	0.000000	0.000000	0.000000
514.999009	promoter_D	0.000000	0.000000	0.000000
519.999553	__gene_A*_rbs	370.000000	0.000000	0.000000
519.999553	__gene_A_rbs	381.000000	0.000000	0.000000
519.999553	__gene_B_rbs	361.000000	0.000000	0.000000
519.999553	__gene_C_rbs	351.000000	0.000000	0.000000
519.999553	__gene_D_rbs	380.000000	0.000000	0.000000
519.999553	__gene_E_rbs	377.000000	0.000000	0.000000
519.999553	__gene_F_rbs	270.000000	0.000000	0.000000
519.999553	__gene_G_rbs	195.000000	0.000000	0.000000
519.999553	__gene_H_rbs	132.000000	0.000000	0.000000
519.999553	__gene_J_rbs	370.000000	0.000000	0.000000
519.999553	__gene_K_rbs	353.000000	0.000000	0.000000
519.999553	__ribosome	0.000000	0.000000	0.000000
519.999553	bound_ecolipol	1855.000000	0.000000	0.000000
519.999553	bound_ribosome	100.000000	0.000000	0.000000
519.999553	ecoli_genome	145.000000	0.000000	0.000000
519.999553	ecoli_transcript	39191.000000	0.000000	0.000000
519.999553	ecolipol	50.000000	0.000000	0.000000
519.999553	gene_A	209.000000	381.000000	0.002625
519.999553	gene_A*	126.000000	370.000000	0.013514
519.999553	gene_B	121.000000	361.000000	0.000000
519.999553	gene_C	106.000000	351.000000	0.002849
519.999553	gene_D	220.000000	380.000000	0.002632
519.999553	gene_E	175.000000	377.000000	0.002653
519.999553	gene_F	91.000000	270.000000	0.014815
519.999553	gene_G	28.000000	195.000000	0.133333
519.999553	gene_H	0.000000	132.000000	0.250000
519.999553	gene_J	92.000000	370.000000	0.075676
519.999553	gene_K	116.000000	353.000000	0.000000
519.999553	promoter_A	0.000000	0.000000	0.000000
519.999553	promoter_B1	0.000000	0.000000	0.000000
519.999553	promoter_D	0.000000	0.000000	0.000000
524.999002	__gene_A*_rbs	373.000000	0.000000	0.000000
524.999002	__gene_A_rbs	385.000000	0.000000	0.000000
524.999002	__gene_B_rbs	365.000000	0.000000	0.000000
524.999002	__gene_C_rbs	354.000000	0.000000	0.000000
524.999002	__gene_D_rbs	383.000000	0.000000	0.000000
524.999002	__gene_E_rbs	380.000000	0.000000	0.000000
524.999002	__gene_F_rbs	272.000000	0.000000	0.000000
524.999002	__gene_G_rbs	197.000000	0.000000	0.000000
524.999002	__gene_H_rbs	132.000000	0.000000	0.000000
524.999002	__gene_J_rbs	374.000000	0.000000	0.000000
524.999002	__gene_K_rbs	356.000000	0.000000	0.000000
524.999002	__ribosome	1.000000	0.000000	0.000000
524.999002	bound_ecolipol	1864.000000	0.000000	0.000000
524.999002	bound_ribosome	100.000000	0.000000	0.000000
524.999002	ecoli_genome	136.000000	0.000000	0.000000
524.999002	ecoli_transcript	39551.000000	0.000000	0.000000
524.999002	ecolipol	41.000000	0.000000	0.000000
524.999002	gene_A	209.000000	385.000000	0.002597
524.999002	gene_A*	126.000000	373.000000	0.013405
524.999002	gene_B	121.000000	365.000000	0.000000
524.999002	gene_C	107.000000	354.000000	0.000000
524.999002	gene_D	220.000000	383.000000	0.002611
524.999002	gene_E	175.000000	380.000000	0.002632
524.999002	gene_F	91.000000	272.000000	0.014706
524.999002	gene_G	28.000000	197.000000	0.131980
524.999002	gene_H	0.000000	132.000000	0.250000
524.999002	gene_J	92.000000	374.000000	0.074866
524.999002	gene_K	116.000000	356.000000	0.000000
524.999002	promoter_A	0.000000	0.000000	0.000000
524.999002	promoter_B1	0.000000	0.000000	0.000000
524.999002	promoter_D	0.000000	0.000000	0.000000
529.999059	__gene_A*_rbs	377.000000	0.000000	0.000000
529.999059	__gene_A_rbs	389.000000	0.000000	0.000000
529.999059	__gene_B_rbs	368.000000	0.000000	0.000000
529.999059	__gene_C_rbs	358.000000	0.000000	0.000000
529.999059	__gene_D_rbs	387.000000	0.000000	0.000000
529.999059	__gene_E_rbs	383.000000	0.000000	0.000000
529.999059	__gene_F_rbs	274.000000	0.000000	0.000000
529.999059	__gene_G_rbs	200.000000	0.000000	0.000000
529.999059	__gene_H_rbs	134.000000	0.000000	0.000000
529.999059	__gene_J_rbs	377.000000	0.000000	0.000000
529.999059	__gene_K_rbs	360.000000	0.000000	0.000000
529.999059	__ribosome	0.000000	0.000000	0.000000
529.999059	bound_ecolipol	1873.000000	0.000000	0.000000
529.999059	bound_ribosome	100.000000	0.000000	0.000000
529.999059	ecoli_genome	127.000000	0.000000	0.000000
529.999059	ecoli_transcript	39927.000000	0.000000	0.000000
529.999059	ecolipol	32.000000	0.000000	0.000000
529.999059	gene_A	209.000000	389.000000	0.002571
529.999059	gene_A*	126.000000	377.000000	0.015915
529.999059	gene_B	121.000000	368.000000	0.000000
529.999059	gene_C	107.000000	358.000000	0.000000
529.999059	gene_D	220.000000	387.000000	0.002584
529.999059	gene_E	176.000000	383.000000	0.002611
529.999059	gene_F	91.000000	274.000000	0.014599
529.999059	gene_G	28.000000	200.000000	0.130000
529.999059	gene_H	0.000000	134.000000	0.246269
529.999059	gene_J	92.000000	377.000000	0.074271
529.999059	gene_K	116.000000	360.000000	0.000000
529.999059	promoter_A	0.000000	0.000000	0.000000
529.999059	promoter_B1	0.000000	0.000000	0.000000
529.999059	promoter_D	0.000000	0.000000	0.000000
534.999035	__gene_A*_rbs	381.000000	0.000000	0.000000
534.999035	__gene_A_rbs	393.000000	0.000000	0.000000
534.999035	__gene_B_rbs	372.000000	0.000000	0.000000
534.999035	__gene_C_rbs	362.000000	0.000000	0.000000
534.999035	__gene_D_rbs	391.000000	0.000000	0.000000
534.999035	__gene_E_rbs	387.000000	0.000000	0.000000
534.999035	__gene_F_rbs	277.000000	0.000000	0.000000
534.999035	__gene_G_rbs	203.000000	0.000000	0.000000
534.999035	__gene_H_rbs	136.000000	0.000000	0.000000
534.999035	__gene_J_rbs	381.000000	0.000000	0.000000
534.999035	__gene_K_rbs	364.000000	0.000000	0.000000
534.999035	__ribosome	0.000000	0.000000	0.000000
534.999035	bound_ecolipol	1872.000000	0.000000	0.000000
534.999035	bound_ribosome	100.000000	0.000000	0.000000
534.999035	ecoli_genome	128.000000	0.000000	0.000000
534.999035	ecoli_transcript	40326.000000	0.000000	0.000000
534.999035	ecolipol	34.000000	0.000000	0.000000
534.999035	gene_A	209.000000	393.000000	0.002545
534.999035	gene_A*	128.000000	381.000000	0.010499
534.999035	gene_B	121.000000	372.000000	0.000000
534.999035	gene_C	107.000000	362.000000	0.002762
534.999035	gene_D	221.000000	391.000000	0.002558
534.999035	gene_E	176.000000	387.000000	0.005168
534.999035	gene_F	91.000000	277.000000	0.014440
534.999035	gene_G	28.000000	203.000000	0.128079
534.999035	gene_H	0.000000	136.000000	0.242647
534.999035	gene_J	92.000000	381.000000	0.073491
534.999035	gene_K	116.000000	364.000000	0.000000
534.999035	promoter_A	0.000000	0.000000	0.000000
534.999035	promoter_B1	0.000000	0.000000	0.000000
534.999035	promoter_D	0.000000	0.000000	0.000000
539.999438	__gene_A*_rbs	384.000000	0.000000	0.000000
539.999438	__gene_A_rbs	395.000000	0.000000	0.000000
539.999438	__gene_B_rbs	376.000000	0.000000	0.000000
539.999438	__gene_C_rbs	366.000000	0.000000	0.000000
539.999438	__gene_D_rbs	395.000000	0.000000	0.000000
539.999438	__gene_E_rbs	391.000000	0.000000	0.000000
539.999438	__gene_F_rbs	280.000000	0.000000	0.000000
539.999438	__gene_G_rbs	206.000000	0.000000	0.000000
539.999438	__gene_H_rbs	139.000000	0.000000	0.000000
539.999438	__gene_J_rbs	384.000000	0.000000	0.000000
539.999438	__gene_K_rbs	366.000000	0.000000	0.000000
539.999438	__ribosome	0.000000	0.000000	0.000000
539.999438	bound_ecolipol	1867.000000	0.000000	0.000000
539.999438	bound_ribosome	100.000000	0.000000	0.000000
539.999438	ecoli_genome	133.000000	0.000000	0.000000
539.999438	ecoli_transcript	40703.000000	0.000000	0.000000
539.999438	ecolipol	36.000000	0.000000	0.000000
539.999438	gene_A	209.000000	396.000000	0.007576
539.999438	gene_A*	128.000000	384.000000	0.010417
539.999438	gene_B	121.000000	376.000000	0.000000
539.999438	gene_C	108.000000	366.000000	0.000000
539.999438	gene_D	221.000000	395.000000	0.005063
539.999438	gene_E	177.000000	391.000000	0.005115
539.999438	gene_F	93.000000	280.000000	0.007143
539.999438	gene_G	28.000000	206.000000	0.126214
539.999438	gene_H	0.000000	139.000000	0.237410
539.999438	gene_J	92.000000	384.000000	0.072917
539.999438	gene_K	116.000000	368.000000	0.000000
539.999438	promoter_A	0.000000	0.000000	0.000000
539.999438	promoter_B1	0.000000	0.000000	0.000000
539.999438	promoter_D	0.000000	0.000000	0.000000
544.999101	__gene_A*_rbs	388.000000	0.000000	0.000000
544.999101	__gene_A_rbs	400.000000	0.000000	0.000000
544.999101	__gene_B_rbs	379.000000	0.000000	0.000000
544.999101	__gene_C_rbs	369.000000	0.000000	0.000000
544.999101	__gene_D_rbs	399.000000	0.000000	0.000000
544.999101	__gene_E_rbs	395.000000	0.000000	0.000000
544.999101	__gene_F_rbs	282.000000	0.000000	0.000000
544.999101	__gene_G_rbs	209.000000	0.000000	0.000000
544.999101	__gene_H_rbs	140.000000	0.000000	0.000000
544.999101	__gene_J_rbs	386.000000	0.000000	0.000000
544.999101	__gene_K_rbs	371.000000	0.000000	0.000000
544.999101	__ribosome	0.000000	0.000000	0.000000
544.999101	bound_ecolipol	1864.000000	0.000000	0.000000
544.999101	bound_ribosome	100.000000	0.000000	0.000000
544.999101	ecoli_genome	136.000000	0.000000	0.000000
544.999101	ecoli_transcript	41115.000000	0.000000	0.000000
544.999101	ecolipol	41.000000	0.000000	0.000000
544.999101	gene_A	209.000000	400.000000	0.007500
544.999101	gene_A*	130.000000	388.000000	0.005155
544.999101	gene_B	121.000000	380.000000	0.002632
544.999101	gene_C	108.000000	369.000000	0.005420
544.999101	gene_D	221.000000	399.000000	0.007519
544.999101	gene_E	178.000000	395.000000	0.002532
544.999101	gene_F	95.000000	282.000000	0.000000
544.999101	gene_G	28.000000	209.000000	0.124402
544.999101	gene_H	0.000000	140.000000	0.235714
544.999101	gene_J	92.000000	387.000000	0.074935
544.999101	gene_K	116.000000	371.000000	0.000000
544.999101	promoter_A	0.000000	0.000000	0.000000
544.999101	promoter_B1	0.000000	0.000000	0.000000
544.999101	promoter_D	0.000000	0.000000	0.000000
549.999123	__gene_A*_rbs	391.000000	0.000000	0.000000
549.999123	__gene_A_rbs	403.000000	0.000000	0.000000
549.999123	__gene_B_rbs	383.000000	0.000000	0.000000
549.999123	__gene_C_rbs	372.000000	0.000000	0.000000
549.999123	__gene_D_rbs	402.000000	0.000000	0.000000
549.999123	__gene_E_rbs	398.000000	0.000000	0.000000
549.999123	__gene_F_rbs	285.000000	0.000000	0.000000
549.999123	__gene_G_rbs	208.000000	0.000000	0.000000
549.999123	__gene_H_rbs	142.000000	0.000000	0.000000
549.999123	__gene_J_rbs	391.000000	0.000000	0.000000
549.999123	__gene_K_rbs	373.000000	0.000000	0.000000
549.999123	__ribosome	0.000000	0.000000	0.000000
549.999123	bound_ecolipol	1874.000000	0.000000	0.000000
549.999123	bound_ribosome	100.000000	0.000000	0.000000
549.999123	ecoli_genome	126.000000	0.000000	0.000000
549.999123	ecoli_transcript	41476.000000	0.000000	0.000000
549.999123	ecolipol	31.000000	0.000000	0.000000
549.999123	gene_A	209.000000	403.000000	0.007444
549.999123	gene_A*	130.000000	391.000000	0.005115
549.999123	gene_B	121.000000	383.000000	0.002611
549.999123	gene_C	109.000000	373.000000	0.002681
549.999123	gene_D	222.000000	402.000000	0.004975
549.999123	gene_E	179.000000	398.000000	0.002513
549.999123	gene_F	95.000000	285.000000	0.000000
549.999123	gene_G	28.000000	209.000000	0.129187
549.999123	gene_H	0.000000	142.000000	0.232394
549.999123	gene_J	93.000000	391.000000	0.071611
549.999123	gene_K	116.000000	374.000000	0.005348
549.999123	promoter_A	0.000000	0.000000	0.000000
549.999123	promoter_B1	0.000000	0.000000	0.000000
549.999123	promoter_D	0.000000	0.000000	0.000000
554.999129	__gene_A*_rbs	395.000000	0.000000	0.000000
554.999129	__gene_A_rbs	408.000000	0.000000	0.000000
554.999129	__gene_B_rbs	387.000000	0.000000	0.000000
554.999129	__gene_C_rbs	375.000000	0.000000	0.000000
554.999129	__gene_D_rbs	406.000000	0.000000	0.000000
554.999129	__gene_E_rbs	401.000000	0.000000	0.000000
554.999129	__gene_F_rbs	286.000000	0.000000	0.000000
554.999129	__gene_G_rbs	211.000000	0.000000	0.000000
554.999129	__gene_H_rbs	144.000000	0.000000	0.000000
554.999129	__gene_J_rbs	395.000000	0.000000	0.000000
554.999129	__gene_K_rbs	378.000000	0.000000	0.000000
554.999129	__ribosome	0.000000	0.000000	0.000000
554.999129	bound_ecolipol	1870.000000	0.000000	0.000000
554.999129	bound_ribosome	100.000000	0.000000	0.000000
554.999129	ecoli_genome	130.000000	0.000000	0.000000
554.999129	ecoli_transcript	41828.000000	0.000000	0.000000
554.999129	ecolipol	36.000000	0.000000	0.000000
554.999129	gene_A	209.000000	408.000000	0.009804
554.999129	gene_A*	131.000000	395.000000	0.002532
554.999129	gene_B	122.000000	387.000000	0.002584
554.999129	gene_C	110.000000	376.000000	0.002660
554.999129	gene_D	223.000000	406.000000	0.002463
554.999129	gene_E	179.000000	402.000000	0.007463
554.999129	gene_F	95.000000	286.000000	0.000000
554.999129	gene_G	28.000000	211.000000	0.127962
554.999129	gene_H	0.000000	144.000000	0.229167
554.999129	gene_J	93.000000	395.000000	0.070886
554.999129	gene_K	117.000000	378.000000	0.002646
554.999129	promoter_A	0.000000	0.000000	0.000000
554.999129	promoter_B1	0.000000	0.000000	0.000000
554.999129	promoter_D	0.000000	0.000000	0.000000
559.999052	__gene_A*_rbs	398.000000	0.000000	0.000000
559.999052	__gene_A_rbs	411.000000	0.000000	0.000000
559.999052	__gene_B_rbs	391.000000	0.000000	0.000000
559.999052	__gene_C_rbs	380.000000	0.000000	0.000000
559.999052	__gene_D_rbs	409.000000	0.000000	0.000000
559.999052	__gene_E_rbs	405.000000	0.000000	0.000000
559.999052	__gene_F_rbs	289.000000	0.000000	0.000000
559.999052	__gene_G_rbs	215.000000	0.000000	0.000000
559.999052	__gene_H_rbs	146.000000	0.000000	0.000000
559.999052	__gene_J_rbs	399.000000	0.000000	0.000000
559.999052	__gene_K_rbs	382.000000	0.000000	0.000000
559.999052	__ribosome	0.000000	0.000000	0.000000
559.999052	bound_ecolipol	1880.000000	0.000000	0.000000
559.999052	bound_ribosome	100.000000	0.000000	0.000000
559.999052	ecoli_genome	120.000000	0.000000	0.000000
559.999052	ecoli_transcript	42189.000000	0.000000	0.000000
559.999052	ecolipol	28.000000	0.000000	0.000000
559.999052	gene_A	210.000000	411.000000	0.009732
559.999052	gene_A*	131.000000	398.000000	0.002513
559.999052	gene_B	122.000000	391.000000	0.005115
559.999052	gene_C	110.000000	380.000000	0.005263
559.999052	gene_D	224.000000	409.000000	0.000000
559.999052	gene_E	181.000000	406.000000	0.004926
559.999052	gene_F	95.000000	289.000000	0.000000
559.999052	gene_G	28.000000	215.000000	0.125581
559.999052	gene_H	0.000000	146.000000	0.226027
559.999052	gene_J	93.000000	399.000000	0.070175
559.999052	gene_K	118.000000	382.000000	0.002618
559.999052	promoter_A	0.000000	0.000000	0.000000
559.999052	promoter_B1	0.000000	0.000000	0.000000
559.999052	promoter_D	0.000000	0.000000	0.000000
564.999332	__gene_A*_rbs	402.000000	0.000000	0.000000
564.999332	__gene_A_rbs	415.000000	0.000000	0.000000
564.999332	__gene_B_rbs	395.000000	0.000000	0.000000
564.999332	__gene_C_rbs	383.000000	0.000000	0.000000
564.999332	__gene_D_rbs	412.000000	0.000000	0.000000
564.999332	__gene_E_rbs	409.000000	0.000000	0.000000
564.999332	__gene_F_rbs	292.000000	0.000000	0.000000
564.999332	__gene_G_rbs	218.000000	0.000000	0.000000
564.999332	__gene_H_rbs	146.000000	0.000000	0.000000
564.999332	__gene_J_rbs	403.000000	0.000000	0.000000
564.999332	__gene_K_rbs	385.000000	0.000000	0.000000
564.999332	__ribosome	0.000000	0.000000	0.000000
564.999332	bound_ecolipol	1865.000000	0.000000	0.000000
564.999332	bound_ribosome	100.000000	0.000000	0.000000
564.999332	ecoli_genome	135.000000	0.000000	0.000000
564.999332	ecoli_transcript	42555.000000	0.000000	0.000000
564.999332	ecolipol	42.000000	0.000000	0.000000
564.999332	gene_A	210.000000	415.000000	0.012048
564.999332	gene_A*	132.000000	402.000000	0.000000
564.999332	gene_B	123.000000	395.000000	0.002532
564.999332	gene_C	112.000000	384.000000	0.005208
564.999332	gene_D	224.000000	413.000000	0.002421
564.999332	gene_E	182.000000	409.000000	0.002445
564.999332	gene_F	95.000000	292.000000	0.003425
564.999332	gene_G	28.000000	218.000000	0.123853
564.999332	gene_H	0.000000	146.000000	0.226027
564.999332	gene_J	93.000000	403.000000	0.069479
564.999332	gene_K	119.000000	385.000000	0.002597
564.999332	promoter_A	0.000000	0.000000	0.000000
564.999332	promoter_B1	0.000000	0.000000	0.000000
564.999332	promoter_D	0.000000	0.000000	0.000000
569.999074	__gene_A*_rbs	406.000000	0.000000	0.000000
569.999074	__gene_A_rbs	418.000000	0.000000	0.000000
569.999074	__gene_B_rbs	398.000000	0.000000	0.000000
569.999074	__gene_C_rbs	386.000000	0.000000	0.000000
569.999074	__gene_D_rbs	416.000000	0.000000	0.000000
569.999074	__gene_E_rbs	412.000000	0.000000	0.000000
569.999074	__gene_F_rbs	295.000000	0.000000	0.000000
569.999074	__gene_G_rbs	220.000000	0.000000	0.000000
569.999074	__gene_H_rbs	148.000000	0.000000	0.000000
569.999074	__gene_J_rbs	407.000000	0.000000	0.000000
569.999074	__gene_K_rbs	389.000000	0.000000	0.000000
569.999074	__ribosome	0.000000	0.000000	0.000000
569.999074	bound_ecolipol	1872.000000	0.000000	0.000000
569.999074	bound_ribosome	100.000000	0.000000	0.000000
569.999074	ecoli_genome	128.000000	0.000000	0.000000
569.999074	ecoli_transcript	42940.000000	0.000000	0.000000
569.999074	ecolipol	35.000000	0.000000	0.000000
569.999074	gene_A	210.000000	418.000000	0.011962
569.999074	gene_A*	132.000000	406.000000	0.000000
569.999074	gene_B	124.000000	398.000000	0.000000
569.999074	gene_C	112.000000	387.000000	0.005168
569.999074	gene_D	224.000000	416.000000	0.002404
569.999074	gene_E	183.000000	412.000000	0.004854
569.999074	gene_F	95.000000	296.000000	0.006757
569.999074	gene_G	29.000000	220.000000	0.118182
569.999074	gene_H	0.000000	148.000000	0.222973
569.999074	gene_J	93.000000	407.000000	0.068796
569.999074	gene_K	120.000000	389.000000	0.002571
569.999074	promoter_A	0.000000	0.000000	0.000000
569.999074	promoter_B1	0.000000	0.000000	0.000000
569.999074	promoter_D	0.000000	0.000000	0.000000
574.999086	__gene_A*_rbs	410.000000	0.000000	0.000000
574.999086	__gene_A_rbs	422.000000	0.000000	0.000000
574.999086	__gene_B_rbs	402.000000	0.000000	0.000000
574.999086	__gene_C_rbs	391.000000	0.000000	0.000000
574.999086	__gene_D_rbs	420.000000	0.000000	0.000000
574.999086	__gene_E_rbs	416.000000	0.000000	0.000000
574.999086	__gene_F_rbs	298.000000	0.000000	0.000000
574.999086	__gene_G_rbs	222.000000	0.000000	0.000000
574.999086	__gene_H_rbs	148.000000	0.000000	0.000000
574.999086	__gene_J_rbs	410.000000	0.000000	0.000000
574.999086	__gene_K_rbs	393.000000	0.000000	0.000000
574.999086	__ribosome	0.000000	0.000000	0.000000
574.999086	bound_ecolipol	1876.000000	0.000000	0.000000
574.999086	bound_ribosome	100.000000	0.000000	0.000000
574.999086	ecoli_genome	124.000000	0.000000	0.000000
574.999086	ecoli_transcript	43296.000000	0.000000	0.000000
574.999086	ecolipol	32.000000	0.000000	0.000000
574.999086	gene_A	210.000000	422.000000	0.011848
574.999086	gene_A*	132.000000	410.000000	0.002439
574.999086	gene_B	124.000000	402.000000	0.000000
574.999086	gene_C	114.000000	391.000000	0.002558
574.999086	gene_D	224.000000	420.000000	0.002381
574.999086	gene_E	183.000000	416.000000	0.007212
574.999086	gene_F	95.000000	298.000000	0.006711
574.999086	gene_G	29.000000	222.000000	0.117117
574.999086	gene_H	0.000000	148.000000	0.222973
574.999086	gene_J	93.000000	410.000000	0.068293
574.999086	gene_K	121.000000	393.000000	0.000000
574.999086	promoter_A	0.000000	0.000000	0.000000
574.999086	promoter_B1	0.000000	0.000000	0.000000
574.999086	promoter_D	0.000000	0.000000	0.000000
579.999041	__gene_A*_rbs	413.000000	0.000000	0.000000
579.999041	__gene_A_rbs	426.000000	0.000000	0.000000
579.999041	__gene_B_rbs	406.000000	0.000000	0.000000
579.999041	__gene_C_rbs	395.000000	0.000000	0.000000
579.999041	__gene_D_rbs	424.000000	0.000000	0.000000
579.999041	__gene_E_rbs	419.000000	0.000000	0.000000
579.999041	__gene_F_rbs	299.000000	0.000000	0.000000
579.999041	__gene_G_rbs	224.000000	0.000000	0.000000
579.999041	__gene_H_rbs	151.000000	0.000000	0.000000
579.999041	__gene_J_rbs	411.000000	0.000000	0.000000
579.999041	__gene_K_rbs	396.000000	0.000000	0.000000
579.999041	__ribosome	0.000000	0.000000	0.000000
579.999041	bound_ecolipol	1878.000000	0.000000	0.000000
579.999041	bound_ribosome	100.000000	0.000000	0.000000
579.999041	ecoli_genome	122.000000	0.000000	0.000000
579.999041	ecoli_transcript	43713.000000	0.000000	0.000000
579.999041	ecolipol	31.000000	0.000000	0.000000
579.999041	gene_A	210.000000	426.000000	0.011737
579.999041	gene_A*	132.000000	413.000000	0.002421
579.999041	gene_B	124.000000	406.000000	0.000000
579.999041	gene_C	115.000000	395.000000	0.000000
579.999041	gene_D	224.000000	424.000000	0.002358
579.999041	gene_E	185.000000	419.000000	0.002387
579.999041	gene_F	95.000000	299.000000	0.006689
579.999041	gene_G	29.000000	224.000000	0.116071
579.999041	gene_H	0.000000	151.000000	0.218543
579.999041	gene_J	93.000000	413.000000	0.072639
579.999041	gene_K	121.000000	396.000000	0.002525
579.999041	promoter_A	0.000000	0.000000	0.000000
579.999041	promoter_B1	0.000000	0.000000	0.000000
579.999041	promoter_D	0.000000	0.000000	0.000000
584.999319	__gene_A*_rbs	417.000000	0.000000	0.000000
584.999319	__gene_A_rbs	430.000000	0.000000	0.000000
584.999319	__gene_B_rbs	409.000000	0.000000	0.000000
584.999319	__gene_C_rbs	398.000000	0.000000	0.000000
584.999319	__gene_D_rbs	427.000000	0.000000	0.000000
584.999319	__gene_E_rbs	423.000000	0.000000	0.000000
584.999319	__gene_F_rbs	300.000000	0.000000	0.000000
584.999319	__gene_G_rbs	226.000000	0.000000	0.000000
584.999319	__gene_H_rbs	154.000000	0.000000	0.000000
584.999319	__gene_J_rbs	417.000000	0.000000	0.000000
584.999319	__gene_K_rbs	399.000000	0.000000	0.000000
584.999319	__ribosome	0.000000	0.000000	0.000000
584.999319	bound_ecolipol	1861.000000	0.000000	0.000000
584.999319	bound_ribosome	100.000000	0.000000	0.000000
584.999319	ecoli_genome	139.000000	0.000000	0.000000
584.999319	ecoli_transcript	44106.000000	0.000000	0.000000
584.999319	ecolipol	48.000000	0.000000	0.000000
584.999319	gene_A	210.000000	430.000000	0.011628
584.999319	gene_A*	132.000000	417.000000	0.002398
584.999319	gene_B	124.000000	409.000000	0.002445
584.999319	gene_C	115.000000	398.000000	0.000000
584.999319	gene_D	225.000000	427.000000	0.000000
584.999319	gene_E	186.000000	423.000000	0.000000
584.999319	gene_F	95.000000	300.000000	0.013333
584.999319	gene_G	29.000000	226.000000	0.115044
584.999319	gene_H	0.000000	154.000000	0.214286
584.999319	gene_J	94.000000	417.000000	0.071942
584.999319	gene_K	122.000000	400.000000	0.000000
584.999319	promoter_A	0.000000	0.000000	0.000000
584.999319	promoter_B1	0.000000	0.000000	0.000000
584.999319	promoter_D	0.000000	0.000000	0.000000
589.999043	__gene_A*_rbs	421.000000	0.000000	0.000000
589.999043	__gene_A_rbs	433.000000	0.000000	0.000000
589.999043	__gene_B_rbs	413.000000	0.000000	0.000000
589.999043	__gene_C_rbs	402.000000	0.000000	0.000000
589.999043	__gene_D_rbs	431.000000	0.000000	0.000000
589.999043	__gene_E_rbs	427.000000	0.000000	0.000000
589.999043	__gene_F_rbs	302.000000	0.000000	0.000000
589.999043	__gene_G_rbs	229.000000	0.000000	0.000000
589.999043	__gene_H_rbs	155.000000	0.000000	0.000000
589.999043	__gene_J_rbs	420.000000	0.000000	0.000000
589.999043	__gene_K_rbs	404.000000	0.000000	0.000000
589.999043	__ribosome	0.000000	0.000000	0.000000
589.999043	bound_ecolipol	1878.000000	0.000000	0.000000
589.999043	bound_ribosome	100.000000	0.000000	0.000000
589.999043	ecoli_genome	122.000000	0.000000	0.000000
589.999043	ecoli_transcript	44452.000000	0.000000	0.000000
589.999043	ecolipol	31.000000	0.000000	0.000000
589.999043	gene_A	211.000000	433.000000	0.009238
589.999043	gene_A*	132.000000	421.000000	0.002375
589.999043	gene_B	124.000000	413.000000	0.002421
589.999043	gene_C	115.000000	402.000000	0.000000
589.999043	gene_D	225.000000	431.000000	0.000000
589.999043	gene_E	186.000000	427.000000	0.000000
589.999043	gene_F	95.000000	302.000000	0.013245
589.999043	gene_G	29.000000	229.000000	0.113537
589.999043	gene_H	0.000000	155.000000	0.212903
589.999043	gene_J	94.000000	420.000000	0.071429
589.999043	gene_K	122.000000	404.000000	0.002475
589.999043	promoter_A	0.000000	0.000000	0.000000
589.999043	promoter_B1	0.000000	0.000000	0.000000
589.999043	promoter_D	0.000000	0.000000	0.000000
594.999380	__gene_A*_rbs	425.000000	0.000000	0.000000
594.999380	__gene_A_rbs	437.000000	0.000000	0.000000
594.999380	__gene_B_rbs	417.000000	0.000000	0.000000
594.999380	__gene_C_rbs	406.000000	0.000000	0.000000
594.999380	__gene_D_rbs	435.000000	0.000000	0.000000
594.999380	__gene_E_rbs	431.000000	0.000000	0.000000
594.999380	__gene_F_rbs	305.000000	0.000000	0.000000
594.999380	__gene_G_rbs	229.000000	0.000000	0.000000
594.999380	__gene_H_rbs	156.000000	0.000000	0.000000
594.999380	__gene_J_rbs	423.000000	0.000000	0.000000
594.999380	__gene_K_rbs	408.000000	0.000000	0.000000
594.999380	__ribosome	0.000000	0.000000	0.000000
594.999380	bound_ecolipol	1863.000000	0.000000	0.000000
594.999380	bound_ribosome	100.000000	0.000000	0.000000
594.999380	ecoli_genome	137.000000	0.000000	0.000000
594.999380	ecoli_transcript	44861.000000	0.000000	0.000000
594.999380	ecolipol	45.000000	0.000000	0.000000
594.999380	gene_A	212.000000	437.000000	0.006865
594.999380	gene_A*	132.000000	425.000000	0.004706
594.999380	gene_B	124.000000	417.000000	0.002398
594.999380	gene_C	115.000000	406.000000	0.000000
594.999380	gene_D	225.000000	435.000000	0.000000
594.999380	gene_E	186.000000	431.000000	0.000000
594.999380	gene_F	95.000000	305.000000	0.013115
594.999380	gene_G	29.000000	229.000000	0.117904
594.999380	gene_H	0.000000	156.000000	0.211538
594.999380	gene_J	94.000000	423.000000	0.070922
594.999380	gene_K	123.000000	408.000000	0.000000
594.999380	promoter_A	0.000000	0.000000	0.000000
594.999380	promoter_B1	0.000000	0.000000	0.000000
594.999380	promoter_D	0.000000	0.000000	0.000000
599.999075	__gene_A*_rbs	428.000000	0.000000	0.000000
599.999075	__gene_A_rbs	441.000000	0.000000	0.000000
599.999075	__gene_B_rbs	420.000000	0.000000	0.000000
599.999075	__gene_C_rbs	409.000000	0.000000	0.000000
599.999075	__gene_D_rbs	438.000000	0.000000	0.000000
599.999075	__gene_E_rbs	434.000000	0.000000	0.000000
599.999075	__gene_F_rbs	307.000000	0.000000	0.000000
599.999075	__gene_G_rbs	230.000000	0.000000	0.000000
599.999075	__gene_H_rbs	158.000000	0.000000	0.000000
599.999075	__gene_J_rbs	427.000000	0.000000	0.000000
599.999075	__gene_K_rbs	411.000000	0.000000	0.000000
599.999075	__ribosome	0.000000	0.000000	0.000000
599.999075	bound_ecolipol	1863.000000	0.000000	0.000000
599.999075	bound_ribosome	100.000000	0.000000	0.000000
599.999075	ecoli_genome	137.000000	0.000000	0.000000
599.999075	ecoli_transcript	45220.000000	0.000000	0.000000
599.999075	ecolipol	47.000000	0.000000	0.000000
599.999075	gene_A	212.000000	441.000000	0.009070
599.999075	gene_A*	132.000000	428.000000	0.004673
599.999075	gene_B	125.000000	421.000000	0.000000
599.999075	gene_C	115.000000	410.000000	0.000000
599.999075	gene_D	225.000000	438.000000	0.000000
599.999075	gene_E	186.000000	434.000000	0.000000
599.999075	gene_F	95.000000	307.000000	0.013029
599.999075	gene_G	29.000000	230.000000	0.117391
599.999075	gene_H	0.000000	158.000000	0.208861
599.999075	gene_J	94.000000	427.000000	0.070258
599.999075	gene_K	123.000000	411.000000	0.000000
599.999075	promoter_A	0.000000	0.000000	0.000000
599.999075	promoter_B1	0.000000	0.000000	0.000000
599.999075	promoter_D	0.000000	0.000000	0.000000
604.999286	__gene_A*_rbs	432.000000	0.000000	0.000000
604.999286	__gene_A_rbs	445.000000	0.000000	0.000000
604.999286	__gene_B_rbs	424.000000	0.000000	0.000000
604.999286	__gene_C_rbs	413.000000	0.000000	0.000000
604.999286	__gene_D_rbs	442.000000	0.000000	0.000000
604.999286	__gene_E_rbs	438.000000	0.000000	0.000000
604.999286	__gene_F_rbs	308.000000	0.000000	0.000000
604.999286	__gene_G_rbs	233.000000	0.000000	0.000000
604.999286	__gene_H_rbs	159.000000	0.000000	0.000000
604.999286	__gene_J_rbs	431.000000	0.000000	0.000000
604.999286	__gene_K_rbs	415.000000	0.000000	0.000000
604.999286	__ribosome	0.000000	0.000000	0.000000
604.999286	bound_ecolipol	1868.000000	0.000000	0.000000
604.999286	bound_ribosome	100.000000	0.000000	0.000000
604.999286	ecoli_genome	132.000000	0.000000	0.000000
604.999286	ecoli_transcript	45599.000000	0.000000	0.000000
604.999286	ecolipol	41.000000	0.000000	0.000000
604.999286	gene_A	213.000000	445.000000	0.006742
604.999286	gene_A*	132.000000	432.000000	0.004630
604.999286	gene_B	125.000000	424.000000	0.000000
604.999286	gene_C	115.000000	413.000000	0.000000
604.999286	gene_D	225.000000	442.000000	0.000000
604.999286	gene_E	186.000000	438.000000	0.000000
604.999286	gene_F	95.000000	308.000000	0.012987
604.999286	gene_G	29.000000	233.000000	0.115880
604.999286	gene_H	0.000000	159.000000	0.207547
604.999286	gene_J	94.000000	431.000000	0.069606
604.999286	gene_K	123.000000	415.000000	0.002410
604.999286	promoter_A	0.000000	0.000000	0.000000
604.999286	promoter_B1	0.000000	0.000000	0.000000
604.999286	promoter_D	0.000000	0.000000	0.000000
609.999103	__gene_A*_rbs	436.000000	0.000000	0.000000
609.999103	__gene_A_rbs	448.000000	0.000000	0.000000
609.999103	__gene_B_rbs	427.000000	0.000000	0.000000
609.999103	__gene_C_rbs	417.000000	0.000000	0.000000
609.999103	__gene_D_rbs	446.000000	0.000000	0.000000
609.999103	__gene_E_rbs	441.000000	0.000000	0.000000
609.999103	__gene_F_rbs	312.000000	0.000000	0.000000
609.999103	__gene_G_rbs	234.000000	0.000000	0.000000
609.999103	__gene_H_rbs	160.000000	0.000000	0.000000
609.999103	__gene_J_rbs	435.000000	0.000000	0.000000
609.999103	__gene_K_rbs	419.000000	0.000000	0.000000
609.999103	__ribosome	0.000000	0.000000	0.000000
609.999103	bound_ecolipol	1870.000000	0.000000	0.000000
609.999103	bound_ribosome	100.000000	0.000000	0.000000
609.999103	ecoli_genome	130.000000	0.000000	0.000000
609.999103	ecoli_transcript	45955.000000	0.000000	0.000000
609.999103	ecolipol	42.000000	0.000000	0.000000
609.999103	gene_A	214.000000	448.000000	0.006696
609.999103	gene_A*	133.000000	436.000000	0.004587
609.999103	gene_B	125.000000	427.000000	0.002342
609.999103	gene_C	115.000000	417.000000	0.000000
609.999103	gene_D	225.000000	446.000000	0.000000
609.999103	gene_E	186.000000	441.000000	0.002268
609.999103	gene_F	96.000000	312.000000	0.009615
609.999103	gene_G	29.000000	234.000000	0.115385
609.999103	gene_H	0.000000	160.000000	0.206250
609.999103	gene_J	94.000000	435.000000	0.068966
609.999103	gene_K	124.000000	419.000000	0.000000
609.999103	promoter_A	0.000000	0.000000	0.000000
609.999103	promoter_B1	0.000000	0.000000	0.000000
609.999103	promoter_D	0.000000	0.000000	0.000000
614.999051	__gene_A*_rbs	440.000000	0.000000	0.000000
614.999051	__gene_A_rbs	452.000000	0.000000	0.000000
614.999051	__gene_B_rbs	431.000000	0.000000	0.000000
614.999051	__gene_C_rbs	420.000000	0.000000	0.000000
614.999051	__gene_D_rbs	450.000000	0.000000	0.000000
614.999051	__gene_E_rbs	445.000000	0.000000	0.000000
614.999051	__gene_F_rbs	314.000000	0.000000	0.000000
614.999051	__gene_G_rbs	237.000000	0.000000	0.000000
614.999051	__gene_H_rbs	161.000000	0.000000	0.000000
614.999051	__gene_J_rbs	438.000000	0.000000	0.000000
614.999051	__gene_K_rbs	423.000000	0.000000	0.000000
614.999051	__ribosome	0.000000	0.000000	0.000000
614.999051	bound_ecolipol	1872.000000	0.000000	0.000000
614.999051	bound_ribosome	100.000000	0.000000	0.000000
614.999051	ecoli_genome	128.000000	0.000000	0.000000
614.999051	ecoli_transcript	46341.000000	0.000000	0.000000
614.999051	ecolipol	39.000000	0.000000	0.000000
614.999051	gene_A	214.000000	452.000000	0.006637
614.999051	gene_A*	133.000000	440.000000	0.004545
614.999051	gene_B	125.000000	431.000000	0.002320
614.999051	gene_C	115.000000	420.000000	0.000000
614.999051	gene_D	225.000000	450.000000	0.000000
614.999051	gene_E	186.000000	445.000000	0.002247
614.999051	gene_F	97.000000	314.000000	0.006369
614.999051	gene_G	30.000000	237.000000	0.109705
614.999051	gene_H	0.000000	161.000000	0.204969
614.999051	gene_J	94.000000	439.000000	0.070615
614.999051	gene_K	124.000000	423.000000	0.002364
614.999051	promoter_A	0.000000	0.000000	0.000000
614.999051	promoter_B1	0.000000	0.000000	0.000000
614.999051	promoter_D	0.000000	0.000000	0.000000
619.999084	__gene_A*_rbs	443.000000	0.000000	0.000000
619.999084	__gene_A_rbs	456.000000	0.000000	0.000000
619.999084	__gene_B_rbs	435.000000	0.000000	0.000000
619.999084	__gene_C_rbs	424.000000	0.000000	0.000000
619.999084	__gene_D_rbs	453.000000	0.000000	0.000000
619.999084	__gene_E_rbs	448.000000	0.000000	0.000000
619.999084	__gene_F_rbs	317.000000	0.000000	0.000000
619.999084	__gene_G_rbs	238.000000	0.000000	0.000000
619.999084	__gene_H_rbs	163.000000	0.000000	0.000000
619.999084	__gene_J_rbs	443.000000	0.000000	0.000000
619.999084	__gene_K_rbs	426.000000	0.000000	0.000000
619.999084	__ribosome	0.000000	0.000000	0.000000
619.999084	bound_ecolipol	1877.000000	0.000000	0.000000
619.999084	bound_ribosome	100.000000	0.000000	0.000000
619.999084	ecoli_genome	123.000000	0.000000	0.000000
619.999084	ecoli_transcript	46724.000000	0.000000	0.000000
619.999084	ecolipol	33.000000	0.000000	0.000000
619.999084	gene_A	215.000000	456.000000	0.004386
619.999084	gene_A*	133.000000	443.000000	0.004515
619.999084	gene_B	126.000000	435.000000	0.000000
619.999084	gene_C	115.000000	424.000000	0.000000
619.999084	gene_D	225.000000	453.000000	0.002208
619.999084	gene_E	187.000000	449.000000	0.002227
619.999084	gene_F	97.000000	317.000000	0.006309
619.999084	gene_G	30.000000	238.000000	0.117647
619.999084	gene_H	0.000000	163.000000	0.208589
619.999084	gene_J	95.000000	443.000000	0.067720
619.999084	gene_K	125.000000	426.000000	0.000000
619.999084	promoter_A	0.000000	0.000000	0.000000
619.999084	promoter_B1	0.000000	0.000000	0.000000
619.999084	promoter_D	0.000000	0.000000	0.000000
624.999078	__gene_A*_rbs	447.000000	0.000000	0.000000
624.999078	__gene_A_rbs	460.000000	0.000000	0.000000
624.999078	__gene_B_rbs	439.000000	0.000000	0.000000
624.999078	__gene_C_rbs	428.000000	0.000000	0.000000
624.999078	__gene_D_rbs	456.000000	0.000000	0.000000
624.999078	__gene_E_rbs	452.000000	0.000000	0.000000
624.999078	__gene_F_rbs	319.000000	0.000000	0.000000
624.999078	__gene_G_rbs	239.000000	0.000000	0.000000
624.999078	__gene_H_rbs	165.000000	0.000000	0.000000
624.999078	__gene_J_rbs	446.000000	0.000000	0.000000
624.999078	__gene_K_rbs	430.000000	0.000000	0.000000
624.999078	__ribosome	0.000000	0.000000	0.000000
624.999078	bound_ecolipol	1870.000000	0.000000	0.000000
624.999078	bound_ribosome	100.000000	0.000000	0.000000
624.999078	ecoli_genome	130.000000	0.000000	0.000000
624.999078	ecoli_transcript	47084.000000	0.000000	0.000000
624.999078	ecolipol	40.000000	0.000000	0.000000
624.999078	gene_A	215.000000	460.000000	0.004348
624.999078	gene_A*	133.000000	447.000000	0.004474
624.999078	gene_B	126.000000	439.000000	0.000000
624.999078	gene_C	115.000000	428.000000	0.000000
624.999078	gene_D	225.000000	456.000000	0.002193
624.999078	gene_E	187.000000	452.000000	0.002212
624.999078	gene_F	97.000000	319.000000	0.006270
624.999078	gene_G	30.000000	239.000000	0.117155
624.999078	gene_H	0.000000	165.000000	0.206061
624.999078	gene_J	95.000000	446.000000	0.067265
624.999078	gene_K	125.000000	430.000000	0.000000
624.999078	promoter_A	0.000000	0.000000	0.000000
624.999078	promoter_B1	0.000000	0.000000	0.000000
624.999078	promoter_D	0.000000	0.000000	0.000000
629.999039	__gene_A*_rbs	451.000000	0.000000	0.000000
629.999039	__gene_A_rbs	463.000000	0.000000	0.000000
629.999039	__gene_B_rbs	443.000000	0.000000	0.000000
629.999039	__gene_C_rbs	432.000000	0.000000	0.000000
629.999039	__gene_D_rbs	460.000000	0.000000	0.000000
629.999039	__gene_E_rbs	456.000000	0.000000	0.000000
629.999039	__gene_F_rbs	320.000000	0.000000	0.000000
629.999039	__gene_G_rbs	241.000000	0.000000	0.000000
629.999039	__gene_H_rbs	168.000000	0.000000	0.000000
629.999039	__gene_J_rbs	449.000000	0.000000	0.000000
629.999039	__gene_K_rbs	434.000000	0.000000	0.000000
629.999039	__ribosome	0.000000	0.000000	0.000000
629.999039	bound_ecolipol	1884.000000	0.000000	0.000000
629.999039	bound_ribosome	100.000000	0.000000	0.000000
629.999039	ecoli_genome	116.000000	0.000000	0.000000
629.999039	ecoli_transcript	47456.000000	0.000000	0.000000
629.999039	ecolipol	26.000000	0.000000	0.000000
629.999039	gene_A	215.000000	463.000000	0.004320
629.999039	gene_A*	134.000000	451.000000	0.002217
629.999039	gene_B	126.000000	443.000000	0.000000
629.999039	gene_C	115.000000	432.000000	0.004630
629.999039	gene_D	225.000000	460.000000	0.002174
629.999039	gene_E	188.000000	456.000000	0.002193
629.999039	gene_F	99.000000	320.000000	0.000000
629.999039	gene_G	30.000000	241.000000	0.116183
629.999039	gene_H	0.000000	168.000000	0.202381
629.999039	gene_J	95.000000	449.000000	0.066815
629.999039	gene_K	125.000000	434.000000	0.002304
629.999039	promoter_A	0.000000	0.000000	0.000000
629.999039	promoter_B1	0.000000	0.000000	0.000000
629.999039	promoter_D	0.000000	0.000000	0.000000
634.999351	__gene_A*_rbs	455.000000	0.000000	0.000000
634.999351	__gene_A_rbs	467.000000	0.000000	0.000000
634.999351	__gene_B_rbs	446.000000	0.000000	0.000000
634.999351	__gene_C_rbs	435.000000	0.000000	0.000000
634.999351	__gene_D_rbs	464.000000	0.000000	0.000000
634.999351	__gene_E_rbs	460.000000	0.000000	0.000000
634.999351	__gene_F_rbs	323.000000	0.000000	0.000000
634.999351	__gene_G_rbs	243.000000	0.000000	0.000000
634.999351	__gene_H_rbs	169.000000	0.000000	0.000000
634.999351	__gene_J_rbs	452.000000	0.000000	0.000000
634.999351	__gene_K_rbs	437.000000	0.000000	0.000000
634.999351	__ribosome	0.000000	0.000000	0.000000
634.999351	bound_ecolipol	1863.000000	0.000000	0.000000
634.999351	bound_ribosome	100.000000	0.000000	0.000000
634.999351	ecoli_genome	137.000000	0.000000	0.000000
634.999351	ecoli_transcript	47852.000000	0.000000	0.000000
634.999351	ecolipol	44.000000	0.000000	0.000000
634.999351	gene_A	215.000000	467.000000	0.004283
634.999351	gene_A*	134.000000	455.000000	0.002198
634.999351	gene_B	126.000000	446.000000	0.000000
634.999351	gene_C	115.000000	435.000000	0.004598
634.999351	gene_D	226.000000	464.000000	0.000000
634.999351	gene_E	188.000000	460.000000	0.002174
634.999351	gene_F	99.000000	323.000000	0.003096
634.999351	gene_G	30.000000	243.000000	0.115226
634.999351	gene_H	0.000000	169.000000	0.201183
634.999351	gene_J	95.000000	453.000000	0.068433
634.999351	gene_K	126.000000	437.000000	0.000000
634.999351	promoter_A	0.000000	0.000000	0.000000
634.999351	promoter_B1	0.000000	0.000000	0.000000
634.999351	promoter_D	0.000000	0.000000	0.000000
639.999678	__gene_A*_rbs	458.000000	0.000000	0.000000
639.999678	__gene_A_rbs	471.000000	0.000000	0.000000
639.999678	__gene_B_rbs	450.000000	0.000000	0.000000
639.999678	__gene_C_rbs	439.000000	0.000000	0.000000
639.999678	__gene_D_rbs	466.000000	0.000000	0.000000
639.999678	__gene_E_rbs	463.000000	0.000000	0.000000
639.999678	__gene_F_rbs	326.000000	0.000000	0.000000
639.999678	__gene_G_rbs	246.000000	0.000000	0.000000
639.999678	__gene_H_rbs	170.000000	0.000000	0.000000
639.999678	__gene_J_rbs	457.000000	0.000000	0.000000
639.999678	__gene_K_rbs	441.000000	0.000000	0.000000
639.999678	__ribosome	0.000000	0.000000	0.000000
639.999678	bound_ecolipol	1870.000000	0.000000	0.000000
639.999678	bound_ribosome	100.000000	0.000000	0.000000
639.999678	ecoli_genome	130.000000	0.000000	0.000000
639.999678	ecoli_transcript	48190.000000	0.000000	0.000000
639.999678	ecolipol	38.000000	0.000000	0.000000
639.999678	gene_A	215.000000	471.000000	0.004246
639.999678	gene_A*	134.000000	458.000000	0.004367
639.999678	gene_B	126.000000	450.000000	0.000000
639.999678	gene_C	117.000000	439.000000	0.002278
639.999678	gene_D	226.000000	467.000000	0.004283
639.999678	gene_E	189.000000	463.000000	0.000000
639.999678	gene_F	99.000000	326.000000	0.003067
639.999678	gene_G	31.000000	246.000000	0.109756
639.999678	gene_H	0.000000	170.000000	0.200000
639.999678	gene_J	96.000000	457.000000	0.067834
639.999678	gene_K	126.000000	441.000000	0.000000
639.999678	promoter_A	0.000000	0.000000	0.000000
639.999678	promoter_B1	0.000000	0.000000	0.000000
639.999678	promoter_D	0.000000	0.000000	0.000000
644.999261	__gene_A*_rbs	461.000000	0.000000	0.000000
644.999261	__gene_A_rbs	475.000000	0.000000	0.000000
644.999261	__gene_B_rbs	454.000000	0.000000	0.000000
644.999261	__gene_C_rbs	443.000000	0.000000	0.000000
644.999261	__gene_D_rbs	471.000000	0.000000	0.000000
644.999261	__gene_E_rbs	466.000000	0.000000	0.000000
644.999261	__gene_F_rbs	327.000000	0.000000	0.000000
644.999261	__gene_G_rbs	248.000000	0.000000	0.000000
644.999261	__gene_H_rbs	172.000000	0.000000	0.000000
644.999261	__gene_J_rbs	460.000000	0.000000	0.000000
644.999261	__gene_K_rbs	445.000000	0.000000	0.000000
644.999261	__ribosome	0.000000	0.000000	0.000000
644.999261	bound_ecolipol	1872.000000	0.000000	0.000000
644.999261	bound_ribosome	100.000000	0.000000	0.000000
644.999261	ecoli_genome	128.000000	0.000000	0.000000
644.999261	ecoli_transcript	48567.000000	0.000000	0.000000
644.999261	ecolipol	35.000000	0.000000	0.000000
644.999261	gene_A	215.000000	475.000000	0.004211
644.999261	gene_A*	135.000000	461.000000	0.002169
644.999261	gene_B	126.000000	454.000000	0.000000
644.999261	gene_C	117.000000	443.000000	0.002257
644.999261	gene_D	226.000000	471.000000	0.004246
644.999261	gene_E	189.000000	467.000000	0.000000
644.999261	gene_F	99.000000	327.000000	0.003058
644.999261	gene_G	31.000000	248.000000	0.108871
644.999261	gene_H	0.000000	172.000000	0.203488
644.999261	gene_J	96.000000	460.000000	0.067391
644.999261	gene_K	126.000000	445.000000	0.000000
644.999261	promoter_A	0.000000	0.000000	0.000000
644.999261	promoter_B1	0.000000	0.000000	0.000000
644.999261	promoter_D	0.000000	0.000000	0.000000
649.999179	__gene_A*_rbs	466.000000	0.000000	0.000000
649.999179	__gene_A_rbs	478.000000	0.000000	0.000000
649.999179	__gene_B_rbs	458.000000	0.000000	0.000000
649.999179	__gene_C_rbs	447.000000	0.000000	0.000000
649.999179	__gene_D_rbs	475.000000	0.000000	0.000000
649.999179	__gene_E_rbs	471.000000	0.000000	0.000000
649.999179	__gene_F_rbs	330.000000	0.000000	0.000000
649.999179	__gene_G_rbs	250.000000	0.000000	0.000000
649.999179	__gene_H_rbs	174.000000	0.000000	0.000000
649.999179	__gene_J_rbs	464.000000	0.000000	0.000000
649.999179	__gene_K_rbs	449.000000	0.000000	0.000000
649.999179	__ribosome	0.000000	0.000000	0.000000
649.999179	bound_ecolipol	1861.000000	0.000000	0.000000
649.999179	bound_ribosome	100.000000	0.000000	0.000000
649.999179	ecoli_genome	139.000000	0.000000	0.000000
649.999179	ecoli_transcript	48958.000000	0.000000	0.000000
649.999179	ecolipol	45.000000	0.000000	0.000000
649.999179	gene_A	216.000000	478.000000	0.002092
649.999179	gene_A*	135.000000	466.000000	0.002146
649.999179	gene_B	126.000000	458.000000	0.000000
649.999179	gene_C	118.000000	447.000000	0.002237
649.999179	gene_D	226.000000	475.000000	0.004211
649.999179	gene_E	189.000000	471.000000	0.000000
649.999179	gene_F	99.000000	330.000000	0.006061
649.999179	gene_G	31.000000	250.000000	0.108000
649.999179	gene_H	0.000000	174.000000	0.201149
649.999179	gene_J	96.000000	464.000000	0.066810
649.999179	gene_K	126.000000	449.000000	0.000000
649.999179	promoter_A	0.000000	0.000000	0.000000
649.999179	promoter_B1	0.000000	0.000000	0.000000
649.999179	promoter_D	0.000000	0.000000	0.000000
654.999309	__gene_A*_rbs	469.000000	0.000000	0.000000
654.999309	__gene_A_rbs	482.000000	0.000000	0.000000
654.999309	__gene_B_rbs	460.000000	0.000000	0.000000
654.999309	__gene_C_rbs	450.000000	0.000000	0.000000
654.999309	__gene_D_rbs	479.000000	0.000000	0.000000
654.999309	__gene_E_rbs	474.000000	0.000000	0.000000
654.999309	__gene_F_rbs	332.000000	0.000000	0.000000
654.999309	__gene_G_rbs	253.000000	0.000000	0.000000
654.999309	__gene_H_rbs	176.000000	0.000000	0.000000
654.999309	__gene_J_rbs	467.000000	0.000000	0.000000
654.999309	__gene_K_rbs	452.000000	0.000000	0.000000
654.999309	__ribosome	0.000000	0.000000	0.000000
654.999309	bound_ecolipol	1873.000000	0.000000	0.000000
654.999309	bound_ribosome	100.000000	0.000000	0.000000
654.999309	ecoli_genome	127.000000	0.000000	0.000000
654.999309	ecoli_transcript	49328.000000	0.000000	0.000000
654.999309	ecolipol	35.000000	0.000000	0.000000
654.999309	gene_A	216.000000	482.000000	0.002075
654.999309	gene_A*	135.000000	469.000000	0.002132
654.999309	gene_B	126.000000	461.000000	0.002169
654.999309	gene_C	119.000000	450.000000	0.002222
654.999309	gene_D	227.000000	479.000000	0.002088
654.999309	gene_E	189.000000	474.000000	0.000000
654.999309	gene_F	99.000000	332.000000	0.006024
654.999309	gene_G	31.000000	253.000000	0.106719
654.999309	gene_H	0.000000	176.000000	0.198864
654.999309	gene_J	96.000000	468.000000	0.066239
654.999309	gene_K	126.000000	452.000000	0.000000
654.999309	promoter_A	0.000000	0.000000	0.000000
654.999309	promoter_B1	0.000000	0.000000	0.000000
654.999309	promoter_D	0.000000	0.000000	0.000000
659.999042	__gene_A*_rbs	473.000000	0.000000	0.000000
659.999042	__gene_A_rbs	486.000000	0.000000	0.000000
659.999042	__gene_B_rbs	465.000000	0.000000	0.000000
659.999042	__gene_C_rbs	454.000000	0.000000	0.000000
659.999042	__gene_D_rbs	482.000000	0.000000	0.000000
659.999042	__gene_E_rbs	478.000000	0.000000	0.000000
659.999042	__gene_F_rbs	335.000000	0.000000	0.000000
659.999042	__gene_G_rbs	255.000000	0.000000	0.000000
659.999042	__gene_H_rbs	178.000000	0.000000	0.000000
659.999042	__gene_J_rbs	472.000000	0.000000	0.000000
659.999042	__gene_K_rbs	456.000000	0.000000	0.000000
659.999042	__ribosome	0.000000	0.000000	0.000000
659.999042	bound_ecolipol	1883.000000	0.000000	0.000000
659.999042	bound_ribosome	100.000000	0.000000	0.000000
659.999042	ecoli_genome	117.000000	0.000000	0.000000
659.999042	ecoli_transcript	49700.000000	0.000000	0.000000
659.999042	ecolipol	25.000000	0.000000	0.000000
659.999042	gene_A	217.000000	486.000000	0.000000
659.999042	gene_A*	135.000000	473.000000	0.002114
659.999042	gene_B	126.000000	465.000000	0.004301
659.999042	gene_C	119.000000	454.000000	0.002203
659.999042	gene_D	228.000000	482.000000	0.000000
659.999042	gene_E	189.000000	478.000000	0.000000
659.999042	gene_F	99.000000	335.000000	0.005970
659.999042	gene_G	31.000000	255.000000	0.105882
659.999042	gene_H	0.000000	178.000000	0.196629
659.999042	gene_J	96.000000	472.000000	0.065678
659.999042	gene_K	126.000000	456.000000	0.002193
659.999042	promoter_A	0.000000	0.000000	0.000000
659.999042	promoter_B1	0.000000	0.000000	0.000000
659.999042	promoter_D	0.000000	0.000000	0.000000
664.999129	__gene_A*_rbs	476.000000	0.000000	0.000000
664.999129	__gene_A_rbs	489.000000	0.000000	0.000000
664.999129	__gene_B_rbs	468.000000	0.000000	0.000000
664.999129	__gene_C_rbs	458.000000	0.000000	0.000000
664.999129	__gene_D_rbs	486.000000	0.000000	0.000000
664.999129	__gene_E_rbs	481.000000	0.000000	0.000000
664.999129	__gene_F_rbs	338.000000	0.000000	0.000000
664.999129	__gene_G_rbs	257.000000	0.000000	0.000000
664.999129	__gene_H_rbs	179.000000	0.000000	0.000000
664.999129	__gene_J_rbs	475.000000	0.000000	0.000000
664.999129	__gene_K_rbs	460.000000	0.000000	0.000000
664.999129	__ribosome	0.000000	0.000000	0.000000
664.999129	bound_ecolipol	1876.000000	0.000000	0.000000
664.999129	bound_ribosome	100.000000	0.000000	0.000000
664.999129	ecoli_genome	124.000000	0.000000	0.000000
664.999129	ecoli_transcript	50086.000000	0.000000	0.000000
664.999129	ecolipol	31.000000	0.000000	0.000000
664.999129	gene_A	217.000000	489.000000	0.002045
664.999129	gene_A*	135.000000	476.000000	0.002101
664.999129	gene_B	126.000000	468.000000	0.004274
664.999129	gene_C	120.000000	458.000000	0.000000
664.999129	gene_D	228.000000	486.000000	0.000000
664.999129	gene_E	189.000000	481.000000	0.000000
664.999129	gene_F	99.000000	338.000000	0.005917
664.999129	gene_G	31.000000	257.000000	0.105058
664.999129	gene_H	0.000000	179.000000	0.195531
664.999129	gene_J	96.000000	475.000000	0.067368
664.999129	gene_K	127.000000	460.000000	0.000000
664.999129	promoter_A	0.000000	0.000000	0.000000
664.999129	promoter_B1	0.000000	0.000000	0.000000
664.999129	promoter_D	0.000000	0.000000	0.000000
669.999047	__gene_A*_rbs	480.000000	0.000000	0.000000
669.999047	__gene_A_rbs	493.000000	0.000000	0.000000
669.999047	__gene_B_rbs	472.000000	0.000000	0.000000
669.999047	__gene_C_rbs	462.000000	0.000000	0.000000
669.999047	__gene_D_rbs	490.000000	0.000000	0.000000
669.999047	__gene_E_rbs	486.000000	0.000000	0.000000
669.999047	__gene_F_rbs	340.000000	0.000000	0.000000
669.999047	__gene_G_rbs	257.000000	0.000000	0.000000
669.999047	__gene_H_rbs	180.000000	0.000000	0.000000
669.999047	__gene_J_rbs	479.000000	0.000000	0.000000
669.999047	__gene_K_rbs	464.000000	0.000000	0.000000
669.999047	__ribosome	0.000000	0.000000	0.000000
669.999047	bound_ecolipol	1874.000000	0.000000	0.000000
669.999047	bound_ribosome	100.000000	0.000000	0.000000
669.999047	ecoli_genome	126.000000	0.000000	0.000000
669.999047	ecoli_transcript	50467.000000	0.000000	0.000000
669.999047	ecolipol	33.000000	0.000000	0.000000
669.999047	gene_A	217.000000	493.000000	0.002028
669.999047	gene_A*	136.000000	480.000000	0.000000
669.999047	gene_B	128.000000	472.000000	0.002119
669.999047	gene_C	120.000000	462.000000	0.002165
669.999047	gene_D	228.000000	490.000000	0.000000
669.999047	gene_E	189.000000	486.000000	0.000000
669.999047	gene_F	99.000000	340.000000	0.005882
669.999047	gene_G	31.000000	257.000000	0.108949
669.999047	gene_H	0.000000	180.000000	0.194444
669.999047	gene_J	97.000000	479.000000	0.064718
669.999047	gene_K	127.000000	464.000000	0.002155
669.999047	promoter_A	0.000000	0.000000	0.000000
669.999047	promoter_B1	0.000000	0.000000	0.000000
669.999047	promoter_D	0.000000	0.000000	0.000000
674.999004	__gene_A*_rbs	484.000000	0.000000	0.000000
674.999004	__gene_A_rbs	497.000000	0.000000	0.000000
674.999004	__gene_B_rbs	476.000000	0.000000	0.000000
674.999004	__gene_C_rbs	465.000000	0.000000	0.000000
674.999004	__gene_D_rbs	494.000000	0.000000	0.000000
674.999004	__gene_E_rbs	489.000000	0.000000	0.000000
674.999004	__gene_F_rbs	343.000000	0.000000	0.000000
674.999004	__gene_G_rbs	259.000000	0.000000	0.000000
674.999004	__gene_H_rbs	182.000000	0.000000	0.000000
674.999004	__gene_J_rbs	483.000000	0.000000	0.000000
674.999004	__gene_K_rbs	467.000000	0.000000	0.000000
674.999004	__ribosome	0.000000	0.000000	0.000000
674.999004	bound_ecolipol	1864.000000	0.000000	0.000000
674.999004	bound_ribosome	100.000000	0.000000	0.000000
674.999004	ecoli_genome	136.000000	0.000000	0.000000
674.999004	ecoli_transcript	50812.000000	0.000000	0.000000
674.999004	ecolipol	41.000000	0.000000	0.000000
674.999004	gene_A	217.000000	497.000000	0.002012
674.999004	gene_A*	136.000000	484.000000	0.000000
674.999004	gene_B	128.000000	476.000000	0.002101
674.999004	gene_C	120.000000	465.000000	0.002151
674.999004	gene_D	228.000000	494.000000	0.002024
674.999004	gene_E	189.000000	489.000000	0.000000
674.999004	gene_F	99.000000	343.000000	0.005831
674.999004	gene_G	31.000000	259.000000	0.108108
674.999004	gene_H	0.000000	182.000000	0.192308
674.999004	gene_J	97.000000	483.000000	0.064182
674.999004	gene_K	128.000000	467.000000	0.000000
674.999004	promoter_A	0.000000	0.000000	0.000000
674.999004	promoter_B1	0.000000	0.000000	0.000000
674.999004	promoter_D	0.000000	0.000000	0.000000
679.999669	__gene_A*_rbs	487.000000	0.000000	0.000000
679.999669	__gene_A_rbs	501.000000	0.000000	0.000000
679.999669	__gene_B_rbs	480.000000	0.000000	0.000000
679.999669	__gene_C_rbs	469.000000	0.000000	0.000000
679.999669	__gene_D_rbs	498.000000	0.000000	0.000000
679.999669	__gene_E_rbs	493.000000	0.000000	0.000000
679.999669	__gene_F_rbs	347.000000	0.000000	0.000000
679.999669	__gene_G_rbs	261.000000	0.000000	0.000000
679.999669	__gene_H_rbs	184.000000	0.000000	0.000000
679.999669	__gene_J_rbs	485.000000	0.000000	0.000000
679.999669	__gene_K_rbs	471.000000	0.000000	0.000000
679.999669	__ribosome	0.000000	0.000000	0.000000
679.999669	bound_ecolipol	1877.000000	0.000000	0.000000
679.999669	bound_ribosome	100.000000	0.000000	0.000000
679.999669	ecoli_genome	123.000000	0.000000	0.000000
679.999669	ecoli_transcript	51194.000000	0.000000	0.000000
679.999669	ecolipol	29.000000	0.000000	0.000000
679.999669	gene_A	217.000000	501.000000	0.001996
679.999669	gene_A*	136.000000	487.000000	0.000000
679.999669	gene_B	128.000000	480.000000	0.002083
679.999669	gene_C	121.000000	469.000000	0.000000
679.999669	gene_D	228.000000	498.000000	0.002008
679.999669	gene_E	189.000000	493.000000	0.000000
679.999669	gene_F	100.000000	347.000000	0.002882
679.999669	gene_G	31.000000	261.000000	0.107280
679.999669	gene_H	0.000000	184.000000	0.190217
679.999669	gene_J	98.000000	486.000000	0.067901
679.999669	gene_K	128.000000	471.000000	0.000000
679.999669	promoter_A	0.000000	0.000000	0.000000
679.999669	promoter_B1	0.000000	0.000000	0.000000
679.999669	promoter_D	0.000000	0.000000	0.000000
684.999126	__gene_A*_rbs	491.000000	0.000000	0.000000
684.999126	__gene_A_rbs	503.000000	0.000000	0.000000
684.999126	__gene_B_rbs	483.000000	0.000000	0.000000
684.999126	__gene_C_rbs	472.000000	0.000000	0.000000
684.999126	__gene_D_rbs	502.000000	0.000000	0.000000
684.999126	__gene_E_rbs	497.000000	0.000000	0.000000
684.999126	__gene_F_rbs	350.000000	0.000000	0.000000
684.999126	__gene_G_rbs	261.000000	0.000000	0.000000
684.999126	__gene_H_rbs	184.000000	0.000000	0.000000
684.999126	__gene_J_rbs	490.000000	0.000000	0.000000
684.999126	__gene_K_rbs	474.000000	0.000000	0.000000
684.999126	__ribosome	0.000000	0.000000	0.000000
684.999126	bound_ecolipol	1868.000000	0.000000	0.000000
684.999126	bound_ribosome	100.000000	0.000000	0.000000
684.999126	ecoli_genome	132.000000	0.000000	0.000000
684.999126	ecoli_transcript	51557.000000	0.000000	0.000000
684.999126	ecolipol	40.000000	0.000000	0.000000
684.999126	gene_A	217.000000	504.000000	0.003968
684.999126	gene_A*	136.000000	491.000000	0.000000
684.999126	gene_B	129.000000	483.000000	0.000000
684.999126	gene_C	121.000000	472.000000	0.000000
684.999126	gene_D	228.000000	502.000000	0.003984
684.999126	gene_E	189.000000	497.000000	0.002012
684.999126	gene_F	100.000000	350.000000	0.002857
684.999126	gene_G	32.000000	261.000000	0.103448
684.999126	gene_H	0.000000	184.000000	0.190217
684.999126	gene_J	99.000000	490.000000	0.065306
684.999126	gene_K	128.000000	474.000000	0.000000
684.999126	promoter_A	0.000000	0.000000	0.000000
684.999126	promoter_B1	0.000000	0.000000	0.000000
684.999126	promoter_D	0.000000	0.000000	0.000000
689.999161	__gene_A*_rbs	495.000000	0.000000	0.000000
689.999161	__gene_A_rbs	508.000000	0.000000	0.000000
689.999161	__gene_B_rbs	487.000000	0.000000	0.000000
689.999161	__gene_C_rbs	475.000000	0.000000	0.000000
689.999161	__gene_D_rbs	505.000000	0.000000	0.000000
689.999161	__gene_E_rbs	499.000000	0.000000	0.000000
689.999161	__gene_F_rbs	352.000000	0.000000	0.000000
689.999161	__gene_G_rbs	262.000000	0.000000	0.000000
689.999161	__gene_H_rbs	186.000000	0.000000	0.000000
689.999161	__gene_J_rbs	493.000000	0.000000	0.000000
689.999161	__gene_K_rbs	478.000000	0.000000	0.000000
689.999161	__ribosome	0.000000	0.000000	0.000000
689.999161	bound_ecolipol	1875.000000	0.000000	0.000000
689.999161	bound_ribosome	100.000000	0.000000	0.000000
689.999161	ecoli_genome	125.000000	0.000000	0.000000
689.999161	ecoli_transcript	51914.000000	0.000000	0.000000
689.999161	ecolipol	33.000000	0.000000	0.000000
689.999161	gene_A	217.000000	508.000000	0.003937
689.999161	gene_A*	136.000000	495.000000	0.000000
689.999161	gene_B	129.000000	487.000000	0.002053
689.999161	gene_C	121.000000	476.000000	0.002101
689.999161	gene_D	229.000000	505.000000	0.001980
689.999161	gene_E	189.000000	500.000000	0.002000
689.999161	gene_F	101.000000	352.000000	0.000000
689.999161	gene_G	32.000000	262.000000	0.103053
689.999161	gene_H	0.000000	186.000000	0.188172
689.999161	gene_J	99.000000	494.000000	0.064777
689.999161	gene_K	128.000000	478.000000	0.000000
689.999161	promoter_A	0.000000	0.000000	0.000000
689.999161	promoter_B1	0.000000	0.000000	0.000000
689.999161	promoter_D	0.000000	0.000000	0.000000
694.999205	__gene_A*_rbs	499.000000	0.000000	0.000000
694.999205	__gene_A_rbs	511.000000	0.000000	0.000000
694.999205	__gene_B_rbs	490.000000	0.000000	0.000000
694.999205	__gene_C_rbs	480.000000	0.000000	0.000000
694.999205	__gene_D_rbs	508.000000	0.000000	0.000000
694.999205	__gene_E_rbs	504.000000	0.000000	0.000000
694.999205	__gene_F_rbs	355.000000	0.000000	0.000000
694.999205	__gene_G_rbs	264.000000	0.000000	0.000000
694.999205	__gene_H_rbs	187.000000	0.000000	0.000000
694.999205	__gene_J_rbs	497.000000	0.000000	0.000000
694.999205	__gene_K_rbs	482.000000	0.000000	0.000000
694.999205	__ribosome	0.000000	0.000000	0.000000
694.999205	bound_ecolipol	1863.000000	0.000000	0.000000
694.999205	bound_ribosome	100.000000	0.000000	0.000000
694.999205	ecoli_genome	137.000000	0.000000	0.000000
694.999205	ecoli_transcript	52317.000000	0.000000	0.000000
694.999205	ecolipol	45.000000	0.000000	0.000000
694.999205	gene_A	217.000000	511.000000	0.003914
694.999205	gene_A*	136.000000	499.000000	0.000000
694.999205	gene_B	129.000000	490.000000	0.002041
694.999205	gene_C	121.000000	480.000000	0.002083
694.999205	gene_D	229.000000	508.000000	0.001969
694.999205	gene_E	190.000000	504.000000	0.000000
694.999205	gene_F	101.000000	355.000000	0.000000
694.999205	gene_G	32.000000	264.000000	0.102273
694.999205	gene_H	0.000000	187.000000	0.187166
694.999205	gene_J	99.000000	497.000000	0.066398
694.999205	gene_K	128.000000	482.000000	0.000000
694.999205	promoter_A	0.000000	0.000000	0.000000
694.999205	promoter_B1	0.000000	0.000000	0.000000
694.999205	promoter_D	0.000000	0.000000	0.000000
699.999042	__gene_A*_rbs	502.000000	0.000000	0.000000
699.999042	__gene_A_rbs	515.000000	0.000000	0.000000
699.999042	__gene_B_rbs	494.000000	0.000000	0.000000
699.999042	__gene_C_rbs	484.000000	0.000000	0.000000
699.999042	__gene_D_rbs	512.000000	0.000000	0.000000
699.999042	__gene_E_rbs	508.000000	0.000000	0.000000
699.999042	__gene_F_rbs	356.000000	0.000000	0.000000
699.999042	__gene_G_rbs	266.000000	0.000000	0.000000
699.999042	__gene_H_rbs	187.000000	0.000000	0.000000
699.999042	__gene_J_rbs	501.000000	0.000000	0.000000
699.999042	__gene_K_rbs	485.000000	0.000000	0.000000
699.999042	__ribosome	0.000000	0.000000	0.000000
699.999042	bound_ecolipol	1875.000000	0.000000	0.000000
699.999042	bound_ribosome	100.000000	0.000000	0.000000
699.999042	ecoli_genome	125.000000	0.000000	0.000000
699.999042	ecoli_transcript	52685.000000	0.000000	0.000000
699.999042	ecolipol	34.000000	0.000000	0.000000
699.999042	gene_A	217.000000	515.000000	0.003883
699.999042	gene_A*	136.000000	502.000000	0.000000
699.999042	gene_B	129.000000	494.000000	0.002024
699.999042	gene_C	122.000000	484.000000	0.000000
699.999042	gene_D	230.000000	512.000000	0.000000
699.999042	gene_E	190.000000	508.000000	0.000000
699.999042	gene_F	101.000000	356.000000	0.000000
699.999042	gene_G	32.000000	266.000000	0.105263
699.999042	gene_H	0.000000	187.000000	0.192513
699.999042	gene_J	99.000000	501.000000	0.065868
699.999042	gene_K	128.000000	486.000000	0.000000
699.999042	promoter_A	0.000000	0.000000	0.000000
699.999042	promoter_B1	0.000000	0.000000	0.000000
699.999042	promoter_D	0.000000	0.000000	0.000000
704.999352	__gene_A*_rbs	506.000000	0.000000	0.000000
704.999352	__gene_A_rbs	518.000000	0.000000	0.000000
704.999352	__gene_B_rbs	497.000000	0.000000	0.000000
704.999352	__gene_C_rbs	488.000000	0.000000	0.000000
704.999352	__gene_D_rbs	516.000000	0.000000	0.000000
704.999352	__gene_E_rbs	511.000000	0.000000	0.000000
704.999352	__gene_F_rbs	359.000000	0.000000	0.000000
704.999352	__gene_G_rbs	268.000000	0.000000	0.000000
704.999352	__gene_H_rbs	188.000000	0.000000	0.000000
704.999352	__gene_J_rbs	505.000000	0.000000	0.000000
704.999352	__gene_K_rbs	490.000000	0.000000	0.000000
704.999352	__ribosome	0.000000	0.000000	0.000000
704.999352	bound_ecolipol	1872.000000	0.000000	0.000000
704.999352	bound_ribosome	100.000000	0.000000	0.000000
704.999352	ecoli_genome	128.000000	0.000000	0.000000
704.999352	ecoli_transcript	53084.000000	0.000000	0.000000
704.999352	ecolipol	36.000000	0.000000	0.000000
704.999352	gene_A	217.000000	518.000000	0.003861
704.999352	gene_A*	136.000000	506.000000	0.000000
704.999352	gene_B	130.000000	497.000000	0.002012
704.999352	gene_C	122.000000	488.000000	0.000000
704.999352	gene_D	230.000000	516.000000	0.000000
704.999352	gene_E	190.000000	511.000000	0.000000
704.999352	gene_F	101.000000	359.000000	0.000000
704.999352	gene_G	32.000000	268.000000	0.104478
704.999352	gene_H	0.000000	188.000000	0.191489
704.999352	gene_J	99.000000	505.000000	0.065347
704.999352	gene_K	128.000000	490.000000	0.000000
704.999352	promoter_A	0.000000	0.000000	0.000000
704.999352	promoter_B1	0.000000	0.000000	0.000000
704.999352	promoter_D	0.000000	0.000000	0.000000
709.999214	__gene_A*_rbs	510.000000	0.000000	0.000000
709.999214	__gene_A_rbs	522.000000	0.000000	0.000000
709.999214	__gene_B_rbs	501.000000	0.000000	0.000000
709.999214	__gene_C_rbs	491.000000	0.000000	0.000000
709.999214	__gene_D_rbs	519.000000	0.000000	0.000000
709.999214	__gene_E_rbs	515.000000	0.000000	0.000000
709.999214	__gene_F_rbs	362.000000	0.000000	0.000000
709.999214	__gene_G_rbs	270.000000	0.000000	0.000000
709.999214	__gene_H_rbs	190.000000	0.000000	0.000000
709.999214	__gene_J_rbs	508.000000	0.000000	0.000000
709.999214	__gene_K_rbs	492.000000	0.000000	0.000000
709.999214	__ribosome	0.000000	0.000000	0.000000
709.999214	bound_ecolipol	1877.000000	0.000000	0.000000
709.999214	bound_ribosome	100.000000	0.000000	0.000000
709.999214	ecoli_genome	123.000000	0.000000	0.000000
709.999214	ecoli_transcript	53452.000000	0.000000	0.000000
709.999214	ecolipol	32.000000	0.000000	0.000000
709.999214	gene_A	217.000000	522.000000	0.003831
709.999214	gene_A*	136.000000	510.000000	0.000000
709.999214	gene_B	130.000000	501.000000	0.001996
709.999214	gene_C	122.000000	491.000000	0.000000
709.999214	gene_D	230.000000	519.000000	0.000000
709.999214	gene_E	190.000000	515.000000	0.000000
709.999214	gene_F	101.000000	362.000000	0.000000
709.999214	gene_G	32.000000	270.000000	0.103704
709.999214	gene_H	0.000000	190.000000	0.189474
709.999214	gene_J	99.000000	508.000000	0.064961
709.999214	gene_K	128.000000	493.000000	0.000000
709.999214	promoter_A	0.000000	0.000000	0.000000
709.999214	promoter_B1	0.000000	0.000000	0.000000
709.999214	promoter_D	0.000000	0.000000	0.000000
714.999142	__gene_A*_rbs	514.000000	0.000000	0.000000
714.999142	__gene_A_rbs	526.000000	0.000000	0.000000
714.999142	__gene_B_rbs	505.000000	0.000000	0.000000
714.999142	__gene_C_rbs	495.000000	0.000000	0.000000
714.999142	__gene_D_rbs	523.000000	0.000000	0.000000
714.999142	__gene_E_rbs	519.000000	0.000000	0.000000
714.999142	__gene_F_rbs	365.000000	0.000000	0.000000
714.999142	__gene_G_rbs	272.000000	0.000000	0.000000
714.999142	__gene_H_rbs	190.000000	0.000000	0.000000
714.999142	__gene_J_rbs	512.000000	0.000000	0.000000
714.999142	__gene_K_rbs	497.000000	0.000000	0.000000
714.999142	__ribosome	0.000000	0.000000	0.000000
714.999142	bound_ecolipol	1871.000000	0.000000	0.000000
714.999142	bound_ribosome	100.000000	0.000000	0.000000
714.999142	ecoli_genome	129.000000	0.000000	0.000000
714.999142	ecoli_transcript	53797.000000	0.000000	0.000000
714.999142	ecolipol	39.000000	0.000000	0.000000
714.999142	gene_A	218.000000	526.000000	0.001901
714.999142	gene_A*	136.000000	514.000000	0.000000
714.999142	gene_B	131.000000	505.000000	0.000000
714.999142	gene_C	122.000000	495.000000	0.000000
714.999142	gene_D	230.000000	523.000000	0.000000
714.999142	gene_E	190.000000	519.000000	0.000000
714.999142	gene_F	101.000000	365.000000	0.002740
714.999142	gene_G	32.000000	272.000000	0.102941
714.999142	gene_H	0.000000	190.000000	0.189474
714.999142	gene_J	99.000000	512.000000	0.066406
714.999142	gene_K	128.000000	497.000000	0.000000
714.999142	promoter_A	0.000000	0.000000	0.000000
714.999142	promoter_B1	0.000000	0.000000	0.000000
714.999142	promoter_D	0.000000	0.000000	0.000000
719.999313	__gene_A*_rbs	517.000000	0.000000	0.000000
719.999313	__gene_A_rbs	530.000000	0.000000	0.000000
719.999313	__gene_B_rbs	509.000000	0.000000	0.000000
719.999313	__gene_C_rbs	498.000000	0.000000	0.000000
719.999313	__gene_D_rbs	527.000000	0.000000	0.000000
719.999313	__gene_E_rbs	522.000000	0.000000	0.000000
719.999313	__gene_F_rbs	367.000000	0.000000	0.000000
719.999313	__gene_G_rbs	275.000000	0.000000	0.000000
719.999313	__gene_H_rbs	191.000000	0.000000	0.000000
719.999313	__gene_J_rbs	516.000000	0.000000	0.000000
719.999313	__gene_K_rbs	500.000000	0.000000	0.000000
719.999313	__ribosome	0.000000	0.000000	0.000000
719.999313	bound_ecolipol	1878.000000	0.000000	0.000000
719.999313	bound_ribosome	100.000000	0.000000	0.000000
719.999313	ecoli_genome	122.000000	0.000000	0.000000
719.999313	ecoli_transcript	54141.000000	0.000000	0.000000
719.999313	ecolipol	32.000000	0.000000	0.000000
719.999313	gene_A	218.000000	530.000000	0.003774
719.999313	gene_A*	136.000000	517.000000	0.000000
719.999313	gene_B	131.000000	509.000000	0.000000
719.999313	gene_C	122.000000	498.000000	0.000000
719.999313	gene_D	230.000000	527.000000	0.001898
719.999313	gene_E	190.000000	522.000000	0.000000
719.999313	gene_F	101.000000	367.000000	0.002725
719.999313	gene_G	33.000000	275.000000	0.098182
719.999313	gene_H	0.000000	191.000000	0.188482
719.999313	gene_J	100.000000	516.000000	0.063953
719.999313	gene_K	128.000000	500.000000	0.000000
719.999313	promoter_A	0.000000	0.000000	0.000000
719.999313	promoter_B1	0.000000	0.000000	0.000000
719.999313	promoter_D	0.000000	0.000000	0.000000
724.999012	__gene_A*_rbs	521.000000	0.000000	0.000000
724.999012	__gene_A_rbs	533.000000	0.000000	0.000000
724.999012	__gene_B_rbs	512.000000	0.000000	0.000000
724.999012	__gene_C_rbs	502.000000	0.000000	0.000000
724.999012	__gene_D_rbs	531.000000	0.000000	0.000000
724.999012	__gene_E_rbs	526.000000	0.000000	0.000000
724.999012	__gene_F_rbs	369.000000	0.000000	0.000000
724.999012	__gene_G_rbs	277.000000	0.000000	0.000000
724.999012	__gene_H_rbs	193.000000	0.000000	0.000000
724.999012	__gene_J_rbs	519.000000	0.000000	0.000000
724.999012	__gene_K_rbs	503.000000	0.000000	0.000000
724.999012	__ribosome	0.000000	0.000000	0.000000
724.999012	bound_ecolipol	1871.000000	0.000000	0.000000
724.999012	bound_ribosome	100.000000	0.000000	0.000000
724.999012	ecoli_genome	129.000000	0.000000	0.000000
724.999012	ecoli_transcript	54532.000000	0.000000	0.000000
724.999012	ecolipol	39.000000	0.000000	0.000000
724.999012	gene_A	218.000000	533.000000	0.003752
724.999012	gene_A*	136.000000	521.000000	0.000000
724.999012	gene_B	131.000000	512.000000	0.000000
724.999012	gene_C	122.000000	502.000000	0.000000
724.999012	gene_D	230.000000	531.000000	0.001883
724.999012	gene_E	190.000000	526.000000	0.000000
724.999012	gene_F	101.000000	369.000000	0.002710
724.999012	gene_G	33.000000	277.000000	0.097473
724.999012	gene_H	0.000000	193.000000	0.186528
724.999012	gene_J	100.000000	519.000000	0.063584
724.999012	gene_K	128.000000	503.000000	0.000000
724.999012	promoter_A	0.000000	0.000000	0.000000
724.999012	promoter_B1	0.000000	0.000000	0.000000
724.999012	promoter_D	0.000000	0.000000	0.000000
729.999039	__gene_A*_rbs	525.000000	0.000000	0.000000
729.999039	__gene_A_rbs	537.000000	0.000000	0.000000
729.999039	__gene_B_rbs	516.000000	0.000000	0.000000
729.999039	__gene_C_rbs	505.000000	0.000000	0.000000
729.999039	__gene_D_rbs	535.000000	0.000000	0.000000
729.999039	__gene_E_rbs	530.000000	0.000000	0.000000
729.999039	__gene_F_rbs	371.000000	0.000000	0.000000
729.999039	__gene_G_rbs	280.000000	0.000000	0.000000
729.999039	__gene_H_rbs	194.000000	0.000000	0.000000
729.999039	__gene_J_rbs	523.000000	0.000000	0.000000
729.999039	__gene_K_rbs	507.000000	0.000000	0.000000
729.999039	__ribosome	0.000000	0.000000	0.000000
729.999039	bound_ecolipol	1875.000000	0.000000	0.000000
729.999039	bound_ribosome	100.000000	0.000000	0.000000
729.999039	ecoli_genome	125.000000	0.000000	0.000000
729.999039	ecoli_transcript	54906.000000	0.000000	0.000000
729.999039	ecolipol	33.000000	0.000000	0.000000
729.999039	gene_A	218.000000	537.000000	0.003724
729.999039	gene_A*	136.000000	525.000000	0.000000
729.999039	gene_B	131.000000	516.000000	0.000000
729.999039	gene_C	122.000000	505.000000	0.000000
729.999039	gene_D	230.000000	535.000000	0.001869
729.999039	gene_E	190.000000	530.000000	0.000000
729.999039	gene_F	101.000000	371.000000	0.002695
729.999039	gene_G	33.000000	280.000000	0.096429
729.999039	gene_H	0.000000	194.000000	0.185567
729.999039	gene_J	100.000000	523.000000	0.063098
729.999039	gene_K	128.000000	507.000000	0.000000
729.999039	promoter_A	0.000000	0.000000	0.000000
729.999039	promoter_B1	0.000000	0.000000	0.000000
729.999039	promoter_D	0.000000	0.000000	0.000000
734.999378	__gene_A*_rbs	528.000000	0.000000	0.000000
734.999378	__gene_A_rbs	541.000000	0.000000	0.000000
734.999378	__gene_B_rbs	520.000000	0.000000	0.000000
734.999378	__gene_C_rbs	508.000000	0.000000	0.000000
734.999378	__gene_D_rbs	538.000000	0.000000	0.000000
734.999378	__gene_E_rbs	534.000000	0.000000	0.000000
734.999378	__gene_F_rbs	373.000000	0.000000	0.000000
734.999378	__gene_G_rbs	282.000000	0.000000	0.000000
734.999378	__gene_H_rbs	194.000000	0.000000	0.000000
734.999378	__gene_J_rbs	527.000000	0.000000	0.000000
734.999378	__gene_K_rbs	511.000000	0.000000	0.000000
734.999378	__ribosome	0.000000	0.000000	0.000000
734.999378	bound_ecolipol	1874.000000	0.000000	0.000000
734.999378	bound_ribosome	100.000000	0.000000	0.000000
734.999378	ecoli_genome	126.000000	0.000000	0.000000
734.999378	ecoli_transcript	55289.000000	0.000000	0.000000
734.999378	ecolipol	36.000000	0.000000	0.000000
734.999378	gene_A	218.000000	541.000000	0.005545
734.999378	gene_A*	136.000000	528.000000	0.000000
734.999378	gene_B	131.000000	520.000000	0.000000
734.999378	gene_C	122.000000	509.000000	0.000000
734.999378	gene_D	231.000000	538.000000	0.000000
734.999378	gene_E	190.000000	534.000000	0.000000
734.999378	gene_F	101.000000	373.000000	0.002681
734.999378	gene_G	33.000000	282.000000	0.095745
734.999378	gene_H	0.000000	194.000000	0.185567
734.999378	gene_J	100.000000	527.000000	0.062619
734.999378	gene_K	128.000000	511.000000	0.000000
734.999378	promoter_A	0.000000	0.000000	0.000000
734.999378	promoter_B1	0.000000	0.000000	0.000000
734.999378	promoter_D	0.000000	0.000000	0.000000
739.999305	__gene_A*_rbs	532.000000	0.000000	0.000000
739.999305	__gene_A_rbs	545.000000	0.000000	0.000000
739.999305	__gene_B_rbs	524.000000	0.000000	0.000000
739.999305	__gene_C_rbs	513.000000	0.000000	0.000000
739.999305	__gene_D_rbs	542.000000	0.000000	0.000000
739.999305	__gene_E_rbs	537.000000	0.000000	0.000000
739.999305	__gene_F_rbs	377.000000	0.000000	0.000000
739.999305	__gene_G_rbs	283.000000	0.000000	0.000000
739.999305	__gene_H_rbs	195.000000	0.000000	0.000000
739.999305	__gene_J_rbs	530.000000	0.000000	0.000000
739.999305	__gene_K_rbs	514.000000	0.000000	0.000000
739.999305	__ribosome	0.000000	0.000000	0.000000
739.999305	bound_ecolipol	1867.000000	0.000000	0.000000
739.999305	bound_ribosome	100.000000	0.000000	0.000000
739.999305	ecoli_genome	133.000000	0.000000	0.000000
739.999305	ecoli_transcript	55684.000000	0.000000	0.000000
739.999305	ecolipol	42.000000	0.000000	0.000000
739.999305	gene_A	219.000000	545.000000	0.003670
739.999305	gene_A*	136.000000	532.000000	0.001880
739.999305	gene_B	131.000000	524.000000	0.000000
739.999305	gene_C	122.000000	513.000000	0.000000
739.999305	gene_D	231.000000	542.000000	0.000000
739.999305	gene_E	190.000000	537.000000	0.000000
739.999305	gene_F	101.000000	377.000000	0.002653
739.999305	gene_G	33.000000	283.000000	0.095406
739.999305	gene_H	0.000000	195.000000	0.184615
739.999305	gene_J	100.000000	530.000000	0.062264
739.999305	gene_K	128.000000	514.000000	0.000000
739.999305	promoter_A	0.000000	0.000000	0.000000
739.999305	promoter_B1	0.000000	0.000000	0.000000
739.999305	promoter_D	0.000000	0.000000	0.000000
744.999239	__gene_A*_rbs	536.000000	0.000000	0.000000
744.999239	__gene_A_rbs	548.000000	0.000000	0.000000
744.999239	__gene_B_rbs	527.000000	0.000000	0.000000
744.999239	__gene_C_rbs	516.000000	0.000000	0.000000
744.999239	__gene_D_rbs	545.000000	0.000000	0.000000
744.999239	__gene_E_rbs	541.000000	0.000000	0.000000
744.999239	__gene_F_rbs	381.000000	0.000000	0.000000
744.999239	__gene_G_rbs	286.000000	0.000000	0.000000
744.999239	__gene_H_rbs	197.000000	0.000000	0.000000
744.999239	__gene_J_rbs	534.000000	0.000000	0.000000
744.999239	__gene_K_rbs	518.000000	0.000000	0.000000
744.999239	__ribosome	0.000000	0.000000	0.000000
744.999239	bound_ecolipol	1862.000000	0.000000	0.000000
744.999239	bound_ribosome	100.000000	0.000000	0.000000
744.999239	ecoli_genome	138.000000	0.000000	0.000000
744.999239	ecoli_transcript	56044.000000	0.000000	0.000000
744.999239	ecolipol	45.000000	0.000000	0.000000
744.999239	gene_A	219.000000	548.000000	0.003650
744.999239	gene_A*	136.000000	536.000000	0.001866
744.999239	gene_B	131.000000	527.000000	0.000000
744.999239	gene_C	122.000000	516.000000	0.000000
744.999239	gene_D	231.000000	545.000000	0.000000
744.999239	gene_E	190.000000	541.000000	0.000000
744.999239	gene_F	101.000000	381.000000	0.002625
744.999239	gene_G	33.000000	286.000000	0.094406
744.999239	gene_H	0.000000	197.000000	0.182741
744.999239	gene_J	100.000000	534.000000	0.061798
744.999239	gene_K	128.000000	518.000000	0.000000
744.999239	promoter_A	0.000000	0.000000	0.000000
744.999239	promoter_B1	0.000000	0.000000	0.000000
744.999239	promoter_D	0.000000	0.000000	0.000000
749.999260	__gene_A*_rbs	538.000000	0.000000	0.000000
749.999260	__gene_A_rbs	552.000000	0.000000	0.000000
749.999260	__gene_B_rbs	531.000000	0.000000	0.000000
749.999260	__gene_C_rbs	520.000000	0.000000	0.000000
749.999260	__gene_D_rbs	549.000000	0.000000	0.000000
749.999260	__gene_E_rbs	545.000000	0.000000	0.000000
749.999260	__gene_F_rbs	385.000000	0.000000	0.000000
749.999260	__gene_G_rbs	287.000000	0.000000	0.000000
749.999260	__gene_H_rbs	199.000000	0.000000	0.000000
749.999260	__gene_J_rbs	538.000000	0.000000	0.000000
749.999260	__gene_K_rbs	522.000000	0.000000	0.000000
749.999260	__ribosome	0.000000	0.000000	0.000000
749.999260	bound_ecolipol	1864.000000	0.000000	0.000000
749.999260	bound_ribosome	100.000000	0.000000	0.000000
749.999260	ecoli_genome	136.000000	0.000000	0.000000
749.999260	ecoli_transcript	56430.000000	0.000000	0.000000
749.999260	ecolipol	42.000000	0.000000	0.000000
749.999260	gene_A	219.000000	552.000000	0.003623
749.999260	gene_A*	136.000000	539.000000	0.001855
749.999260	gene_B	131.000000	531.000000	0.000000
749.999260	gene_C	122.000000	520.000000	0.000000
749.999260	gene_D	231.000000	549.000000	0.000000
749.999260	gene_E	190.000000	545.000000	0.000000
749.999260	gene_F	101.000000	385.000000	0.002597
749.999260	gene_G	33.000000	287.000000	0.094077
749.999260	gene_H	0.000000	199.000000	0.180905
749.999260	gene_J	100.000000	538.000000	0.061338
749.999260	gene_K	128.000000	522.000000	0.000000
749.999260	promoter_A	0.000000	0.000000	0.000000
749.999260	promoter_B1	0.000000	0.000000	0.000000
749.999260	promoter_D	0.000000	0.000000	0.000000
754.999073	__gene_A*_rbs	543.000000	0.000000	0.000000
754.999073	__gene_A_rbs	556.000000	0.000000	0.000000
754.999073	__gene_B_rbs	534.000000	0.000000	0.000000
754.999073	__gene_C_rbs	524.000000	0.000000	0.000000
754.999073	__gene_D_rbs	553.000000	0.000000	0.000000
754.999073	__gene_E_rbs	548.000000	0.000000	0.000000
754.999073	__gene_F_rbs	387.000000	0.000000	0.000000
754.999073	__gene_G_rbs	289.000000	0.000000	0.000000
754.999073	__gene_H_rbs	201.000000	0.000000	0.000000
754.999073	__gene_J_rbs	542.000000	0.000000	0.000000
754.999073	__gene_K_rbs	526.000000	0.000000	0.000000
754.999073	__ribosome	0.000000	0.000000	0.000000
754.999073	bound_ecolipol	1869.000000	0.000000	0.000000
754.999073	bound_ribosome	100.000000	0.000000	0.000000
754.999073	ecoli_genome	131.000000	0.000000	0.000000
754.999073	ecoli_transcript	56778.000000	0.000000	0.000000
754.999073	ecolipol	37.000000	0.000000	0.000000
754.999073	gene_A	219.000000	556.000000	0.003597
754.999073	gene_A*	136.000000	543.000000	0.001842
754.999073	gene_B	131.000000	535.000000	0.000000
754.999073	gene_C	122.000000	524.000000	0.000000
754.999073	gene_D	231.000000	553.000000	0.000000
754.999073	gene_E	190.000000	548.000000	0.000000
754.999073	gene_F	101.000000	387.000000	0.002584
754.999073	gene_G	33.000000	289.000000	0.093426
754.999073	gene_H	0.000000	201.000000	0.179104
754.999073	gene_J	100.000000	542.000000	0.060886
754.999073	gene_K	128.000000	526.000000	0.000000
754.999073	promoter_A	0.000000	0.000000	0.000000
754.999073	promoter_B1	0.000000	0.000000	0.000000
754.999073	promoter_D	0.000000	0.000000	0.000000
759.999106	__gene_A*_rbs	547.000000	0.000000	0.000000
759.999106	__gene_A_rbs	560.000000	0.000000	0.000000
759.999106	__gene_B_rbs	539.000000	0.000000	0.000000
759.999106	__gene_C_rbs	528.000000	0.000000	0.000000
759.999106	__gene_D_rbs	556.000000	0.000000	0.000000
759.999106	__gene_E_rbs	552.000000	0.000000	0.000000
759.999106	__gene_F_rbs	390.000000	0.000000	0.000000
759.999106	__gene_G_rbs	291.000000	0.000000	0.000000
759.999106	__gene_H_rbs	201.000000	0.000000	0.000000
759.999106	__gene_J_rbs	546.000000	0.000000	0.000000
759.999106	__gene_K_rbs	529.000000	0.000000	0.000000
759.999106	__ribosome	0.000000	0.000000	0.000000
759.999106	bound_ecolipol	1868.000000	0.000000	0.000000
759.999106	bound_ribosome	100.000000	0.000000	0.000000
759.999106	ecoli_genome	132.000000	0.000000	0.000000
759.999106	ecoli_transcript	57142.000000	0.000000	0.000000
759.999106	ecolipol	37.000000	0.000000	0.000000
759.999106	gene_A	219.000000	560.000000	0.003571
759.999106	gene_A*	136.000000	547.000000	0.001828
759.999106	gene_B	131.000000	539.000000	0.000000
759.999106	gene_C	122.000000	528.000000	0.000000
759.999106	gene_D	231.000000	556.000000	0.000000
759.999106	gene_E	190.000000	552.000000	0.000000
759.999106	gene_F	102.000000	390.000000	0.000000
759.999106	gene_G	33.000000	291.000000	0.092784
759.999106	gene_H	0.000000	201.000000	0.184080
759.999106	gene_J	100.000000	546.000000	0.060440
759.999106	gene_K	128.000000	529.000000	0.000000
759.999106	promoter_A	0.000000	0.000000	0.000000
759.999106	promoter_B1	0.000000	0.000000	0.000000
759.999106	promoter_D	0.000000	0.000000	0.000000
764.999370	__gene_A*_rbs	551.000000	0.000000	0.000000
764.999370	__gene_A_rbs	563.000000	0.000000	0.000000
764.999370	__gene_B_rbs	543.000000	0.000000	0.000000
764.999370	__gene_C_rbs	532.000000	0.000000	0.000000
764.999370	__gene_D_rbs	560.000000	0.000000	0.000000
764.999370	__gene_E_rbs	556.000000	0.000000	0.000000
764.999370	__gene_F_rbs	393.000000	0.000000	0.000000
764.999370	__gene_G_rbs	293.000000	0.000000	0.000000
764.999370	__gene_H_rbs	203.000000	0.000000	0.000000
764.999370	__gene_J_rbs	549.000000	0.000000	0.000000
764.999370	__gene_K_rbs	533.000000	0.000000	0.000000
764.999370	__ribosome	0.000000	0.000000	0.000000
764.999370	bound_ecolipol	1867.000000	0.000000	0.000000
764.999370	bound_ribosome	100.000000	0.000000	0.000000
764.999370	ecoli_genome	133.000000	0.000000	0.000000
764.999370	ecoli_transcript	57507.000000	0.000000	0.000000
764.999370	ecolipol	36.000000	0.000000	0.000000
764.999370	gene_A	219.000000	563.000000	0.003552
764.999370	gene_A*	136.000000	551.000000	0.001815
764.999370	gene_B	131.000000	543.000000	0.000000
764.999370	gene_C	122.000000	532.000000	0.000000
764.999370	gene_D	231.000000	560.000000	0.000000
764.999370	gene_E	190.000000	556.000000	0.000000
764.999370	gene_F	102.000000	393.000000	0.000000
764.999370	gene_G	33.000000	293.000000	0.092150
764.999370	gene_H	0.000000	203.000000	0.182266
764.999370	gene_J	100.000000	549.000000	0.060109
764.999370	gene_K	128.000000	534.000000	0.000000
764.999370	promoter_A	0.000000	0.000000	0.000000
764.999370	promoter_B1	0.000000	0.000000	0.000000
764.999370	promoter_D	0.000000	0.000000	0.000000
769.999035	__gene_A*_rbs	554.000000	0.000000	0.000000
769.999035	__gene_A_rbs	567.000000	0.000000	0.000000
769.999035	__gene_B_rbs	546.000000	0.000000	0.000000
769.999035	__gene_C_rbs	535.000000	0.000000	0.000000
769.999035	__gene_D_rbs	564.000000	0.000000	0.000000
769.999035	__gene_E_rbs	559.000000	0.000000	0.000000
769.999035	__gene_F_rbs	396.000000	0.000000	0.000000
769.999035	__gene_G_rbs	294.000000	0.000000	0.000000
769.999035	__gene_H_rbs	205.000000	0.000000	0.000000
769.999035	__gene_J_rbs	553.000000	0.000000	0.000000
769.999035	__gene_K_rbs	536.000000	0.000000	0.000000
769.999035	__ribosome	0.000000	0.000000	0.000000
769.999035	bound_ecolipol	1859.000000	0.000000	0.000000
769.999035	bound_ribosome	100.000000	0.000000	0.000000
769.999035	ecoli_genome	141.000000	0.000000	0.000000
769.999035	ecoli_transcript	57882.000000	0.000000	0.000000
769.999035	ecolipol	42.000000	0.000000	0.000000
769.999035	gene_A	220.000000	567.000000	0.001764
769.999035	gene_A*	137.000000	554.000000	0.000000
769.999035	gene_B	131.000000	546.000000	0.000000
769.999035	gene_C	122.000000	535.000000	0.000000
769.999035	gene_D	231.000000	564.000000	0.000000
769.999035	gene_E	190.000000	559.000000	0.001789
769.999035	gene_F	102.000000	396.000000	0.000000
769.999035	gene_G	33.000000	294.000000	0.091837
769.999035	gene_H	0.000000	205.000000	0.180488
769.999035	gene_J	100.000000	553.000000	0.059675
769.999035	gene_K	128.000000	537.000000	0.001862
769.999035	promoter_A	0.000000	0.000000	0.000000
769.999035	promoter_B1	0.000000	0.000000	0.000000
769.999035	promoter_D	0.000000	0.000000	0.000000
774.999057	__gene_A*_rbs	558.000000	0.000000	0.000000
774.999057	__gene_A_rbs	571.000000	0.000000	0.000000
774.999057	__gene_B_rbs	549.000000	0.000000	0.000000
774.999057	__gene_C_rbs	539.000000	0.000000	0.000000
774.999057	__gene_D_rbs	567.000000	0.000000	0.000000
774.999057	__gene_E_rbs	563.000000	0.000000	0.000000
774.999057	__gene_F_rbs	399.000000	0.000000	0.000000
774.999057	__gene_G_rbs	296.000000	0.000000	0.000000
774.999057	__gene_H_rbs	207.000000	0.000000	0.000000
774.999057	__gene_J_rbs	556.000000	0.000000	0.000000
774.999057	__gene_K_rbs	541.000000	0.000000	0.000000
774.999057	__ribosome	0.000000	0.000000	0.000000
774.999057	bound_ecolipol	1867.000000	0.000000	0.000000
774.999057	bound_ribosome	100.000000	0.000000	0.000000
774.999057	ecoli_genome	133.000000	0.000000	0.000000
774.999057	ecoli_transcript	58253.000000	0.000000	0.000000
774.999057	ecolipol	36.000000	0.000000	0.000000
774.999057	gene_A	220.000000	571.000000	0.001751
774.999057	gene_A*	137.000000	558.000000	0.000000
774.999057	gene_B	131.000000	549.000000	0.000000
774.999057	gene_C	122.000000	539.000000	0.000000
774.999057	gene_D	231.000000	567.000000	0.000000
774.999057	gene_E	190.000000	563.000000	0.001776
774.999057	gene_F	102.000000	399.000000	0.000000
774.999057	gene_G	33.000000	296.000000	0.091216
774.999057	gene_H	0.000000	207.000000	0.178744
774.999057	gene_J	100.000000	556.000000	0.059353
774.999057	gene_K	128.000000	541.000000	0.001848
774.999057	promoter_A	0.000000	0.000000	0.000000
774.999057	promoter_B1	0.000000	0.000000	0.000000
774.999057	promoter_D	0.000000	0.000000	0.000000
779.999021	__gene_A*_rbs	561.000000	0.000000	0.000000
779.999021	__gene_A_rbs	574.000000	0.000000	0.000000
779.999021	__gene_B_rbs	553.000000	0.000000	0.000000
779.999021	__gene_C_rbs	543.000000	0.000000	0.000000
779.999021	__gene_D_rbs	571.000000	0.000000	0.000000
779.999021	__gene_E_rbs	566.000000	0.000000	0.000000
779.999021	__gene_F_rbs	402.000000	0.000000	0.000000
779.999021	__gene_G_rbs	298.000000	0.000000	0.000000
779.999021	__gene_H_rbs	208.000000	0.000000	0.000000
779.999021	__gene_J_rbs	560.000000	0.000000	0.000000
779.999021	__gene_K_rbs	544.000000	0.000000	0.000000
779.999021	__ribosome	0.000000	0.000000	0.000000
779.999021	bound_ecolipol	1867.000000	0.000000	0.000000
779.999021	bound_ribosome	100.000000	0.000000	0.000000
779.999021	ecoli_genome	133.000000	0.000000	0.000000
779.999021	ecoli_transcript	58635.000000	0.000000	0.000000
779.999021	ecolipol	36.000000	0.000000	0.000000
779.999021	gene_A	220.000000	574.000000	0.003484
779.999021	gene_A*	137.000000	561.000000	0.001783
779.999021	gene_B	131.000000	553.000000	0.000000
779.999021	gene_C	122.000000	543.000000	0.000000
779.999021	gene_D	231.000000	571.000000	0.000000
779.999021	gene_E	191.000000	566.000000	0.000000
779.999021	gene_F	102.000000	402.000000	0.000000
779.999021	gene_G	33.000000	298.000000	0.090604
779.999021	gene_H	0.000000	208.000000	0.177885
779.999021	gene_J	100.000000	560.000000	0.058929
779.999021	gene_K	129.000000	544.000000	0.000000
779.999021	promoter_A	0.000000	0.000000	0.000000
779.999021	promoter_B1	0.000000	0.000000	0.000000
779.999021	promoter_D	0.000000	0.000000	0.000000
784.999022	__gene_A*_rbs	565.000000	0.000000	0.000000
784.999022	__gene_A_rbs	578.000000	0.000000	0.000000
784.999022	__gene_B_rbs	556.000000	0.000000	0.000000
784.999022	__gene_C_rbs	546.000000	0.000000	0.000000
784.999022	__gene_D_rbs	574.000000	0.000000	0.000000
784.999022	__gene_E_rbs	570.000000	0.000000	0.000000
784.999022	__gene_F_rbs	404.000000	0.000000	0.000000
784.999022	__gene_G_rbs	301.000000	0.000000	0.000000
784.999022	__gene_H_rbs	208.000000	0.000000	0.000000
784.999022	__gene_J_rbs	564.000000	0.000000	0.000000
784.999022	__gene_K_rbs	548.000000	0.000000	0.000000
784.999022	__ribosome	0.000000	0.000000	0.000000
784.999022	bound_ecolipol	1868.000000	0.000000	0.000000
784.999022	bound_ribosome	100.000000	0.000000	0.000000
784.999022	ecoli_genome	132.000000	0.000000	0.000000
784.999022	ecoli_transcript	59019.000000	0.000000	0.000000
784.999022	ecolipol	34.000000	0.000000	0.000000
784.999022	gene_A	221.000000	578.000000	0.001730
784.999022	gene_A*	137.000000	565.000000	0.001770
784.999022	gene_B	131.000000	556.000000	0.001799
784.999022	gene_C	122.000000	546.000000	0.000000
784.999022	gene_D	231.000000	574.000000	0.000000
784.999022	gene_E	191.000000	570.000000	0.000000
784.999022	gene_F	102.000000	404.000000	0.000000
784.999022	gene_G	33.000000	301.000000	0.089701
784.999022	gene_H	0.000000	208.000000	0.177885
784.999022	gene_J	100.000000	564.000000	0.058511
784.999022	gene_K	129.000000	548.000000	0.000000
784.999022	promoter_A	0.000000	0.000000	0.000000
784.999022	promoter_B1	0.000000	0.000000	0.000000
784.999022	promoter_D	0.000000	0.000000	0.000000
789.999086	__gene_A*_rbs	569.000000	0.000000	0.000000
789.999086	__gene_A_rbs	582.000000	0.000000	0.000000
789.999086	__gene_B_rbs	560.000000	0.000000	0.000000
789.999086	__gene_C_rbs	550.000000	0.000000	0.000000
789.999086	__gene_D_rbs	578.000000	0.000000	0.000000
789.999086	__gene_E_rbs	574.000000	0.000000	0.000000
789.999086	__gene_F_rbs	408.000000	0.000000	0.000000
789.999086	__gene_G_rbs	303.000000	0.000000	0.000000
789.999086	__gene_H_rbs	209.000000	0.000000	0.000000
789.999086	__gene_J_rbs	567.000000	0.000000	0.000000
789.999086	__gene_K_rbs	552.000000	0.000000	0.000000
789.999086	__ribosome	0.000000	0.000000	0.000000
789.999086	bound_ecolipol	1873.000000	0.000000	0.000000
789.999086	bound_ribosome	100.000000	0.000000	0.000000
789.999086	ecoli_genome	127.000000	0.000000	0.000000
789.999086	ecoli_transcript	59414.000000	0.000000	0.000000
789.999086	ecolipol	29.000000	0.000000	0.000000
789.999086	gene_A	221.000000	582.000000	0.001718
789.999086	gene_A*	137.000000	569.000000	0.001757
789.999086	gene_B	131.000000	560.000000	0.001786
789.999086	gene_C	122.000000	550.000000	0.000000
789.999086	gene_D	231.000000	578.000000	0.000000
789.999086	gene_E	191.000000	574.000000	0.000000
789.999086	gene_F	102.000000	408.000000	0.000000
789.999086	gene_G	33.000000	303.000000	0.089109
789.999086	gene_H	0.000000	209.000000	0.177033
789.999086	gene_J	100.000000	567.000000	0.058201
789.999086	gene_K	129.000000	552.000000	0.000000
789.999086	promoter_A	0.000000	0.000000	0.000000
789.999086	promoter_B1	0.000000	0.000000	0.000000
789.999086	promoter_D	0.000000	0.000000	0.000000
794.999244	__gene_A*_rbs	572.000000	0.000000	0.000000
794.999244	__gene_A_rbs	585.000000	0.000000	0.000000
794.999244	__gene_B_rbs	564.000000	0.000000	0.000000
794.999244	__gene_C_rbs	554.000000	0.000000	0.000000
794.999244	__gene_D_rbs	582.000000	0.000000	0.000000
794.999244	__gene_E_rbs	578.000000	0.000000	0.000000
794.999244	__gene_F_rbs	410.000000	0.000000	0.000000
794.999244	__gene_G_rbs	307.000000	0.000000	0.000000
794.999244	__gene_H_rbs	211.000000	0.000000	0.000000
794.999244	__gene_J_rbs	571.000000	0.000000	0.000000
794.999244	__gene_K_rbs	555.000000	0.000000	0.000000
794.999244	__ribosome	0.000000	0.000000	0.000000
794.999244	bound_ecolipol	1861.000000	0.000000	0.000000
794.999244	bound_ribosome	100.000000	0.000000	0.000000
794.999244	ecoli_genome	139.000000	0.000000	0.000000
794.999244	ecoli_transcript	59778.000000	0.000000	0.000000
794.999244	ecolipol	40.000000	0.000000	0.000000
794.999244	gene_A	221.000000	585.000000	0.001709
794.999244	gene_A*	137.000000	572.000000	0.001748
794.999244	gene_B	131.000000	564.000000	0.001773
794.999244	gene_C	122.000000	554.000000	0.000000
794.999244	gene_D	231.000000	582.000000	0.000000
794.999244	gene_E	191.000000	578.000000	0.000000
794.999244	gene_F	102.000000	410.000000	0.000000
794.999244	gene_G	33.000000	307.000000	0.087948
794.999244	gene_H	0.000000	211.000000	0.175355
794.999244	gene_J	100.000000	571.000000	0.057793
794.999244	gene_K	129.000000	556.000000	0.000000
794.999244	promoter_A	0.000000	0.000000	0.000000
794.999244	promoter_B1	0.000000	0.000000	0.000000
794.999244	promoter_D	0.000000	0.000000	0.000000
799.999033	__gene_A*_rbs	576.000000	0.000000	0.000000
799.999033	__gene_A_rbs	589.000000	0.000000	0.000000
799.999033	__gene_B_rbs	568.000000	0.000000	0.000000
799.999033	__gene_C_rbs	557.000000	0.000000	0.000000
799.999033	__gene_D_rbs	586.000000	0.000000	0.000000
799.999033	__gene_E_rbs	581.000000	0.000000	0.000000
799.999033	__gene_F_rbs	414.000000	0.000000	0.000000
799.999033	__gene_G_rbs	310.000000	0.000000	0.000000
799.999033	__gene_H_rbs	212.000000	0.000000	0.000000
799.999033	__gene_J_rbs	575.000000	0.000000	0.000000
799.999033	__gene_K_rbs	559.000000	0.000000	0.000000
799.999033	__ribosome	0.000000	0.000000	0.000000
799.999033	bound_ecolipol	1868.000000	0.000000	0.000000
799.999033	bound_ribosome	100.000000	0.000000	0.000000
799.999033	ecoli_genome	132.000000	0.000000	0.000000
799.999033	ecoli_transcript	60155.000000	0.000000	0.000000
799.999033	ecolipol	32.000000	0.000000	0.000000
799.999033	gene_A	221.000000	589.000000	0.001698
799.999033	gene_A*	137.000000	576.000000	0.001736
799.999033	gene_B	132.000000	568.000000	0.000000
799.999033	gene_C	122.000000	557.000000	0.000000
799.999033	gene_D	231.000000	586.000000	0.000000
799.999033	gene_E	191.000000	581.000000	0.001721
799.999033	gene_F	102.000000	414.000000	0.000000
799.999033	gene_G	33.000000	310.000000	0.087097
799.999033	gene_H	0.000000	212.000000	0.174528
799.999033	gene_J	100.000000	575.000000	0.057391
799.999033	gene_K	129.000000	559.000000	0.000000
799.999033	promoter_A	0.000000	0.000000	0.000000
799.999033	promoter_B1	0.000000	0.000000	0.000000
799.999033	promoter_D	0.000000	0.000000	0.000000
804.999031	__gene_A*_rbs	580.000000	0.000000	0.000000
804.999031	__gene_A_rbs	593.000000	0.000000	0.000000
804.999031	__gene_B_rbs	571.000000	0.000000	0.000000
804.999031	__gene_C_rbs	561.000000	0.000000	0.000000
804.999031	__gene_D_rbs	589.000000	0.000000	0.000000
804.999031	__gene_E_rbs	585.000000	0.000000	0.000000
804.999031	__gene_F_rbs	417.000000	0.000000	0.000000
804.999031	__gene_G_rbs	312.000000	0.000000	0.000000
804.999031	__gene_H_rbs	214.000000	0.000000	0.000000
804.999031	__gene_J_rbs	578.000000	0.000000	0.000000
804.999031	__gene_K_rbs	563.000000	0.000000	0.000000
804.999031	__ribosome	0.000000	0.000000	0.000000
804.999031	bound_ecolipol	1865.000000	0.000000	0.000000
804.999031	bound_ribosome	100.000000	0.000000	0.000000
804.999031	ecoli_genome	135.000000	0.000000	0.000000
804.999031	ecoli_transcript	60510.000000	0.000000	0.000000
804.999031	ecolipol	36.000000	0.000000	0.000000
804.999031	gene_A	221.000000	593.000000	0.003373
804.999031	gene_A*	137.000000	580.000000	0.001724
804.999031	gene_B	132.000000	571.000000	0.000000
804.999031	gene_C	122.000000	561.000000	0.000000
804.999031	gene_D	231.000000	589.000000	0.000000
804.999031	gene_E	192.000000	585.000000	0.000000
804.999031	gene_F	102.000000	417.000000	0.000000
804.999031	gene_G	33.000000	312.000000	0.086538
804.999031	gene_H	0.000000	214.000000	0.172897
804.999031	gene_J	100.000000	578.000000	0.057093
804.999031	gene_K	129.000000	563.000000	0.000000
804.999031	promoter_A	0.000000	0.000000	0.000000
804.999031	promoter_B1	0.000000	0.000000	0.000000
804.999031	promoter_D	0.000000	0.000000	0.000000
809.999084	__gene_A*_rbs	584.000000	0.000000	0.000000
809.999084	__gene_A_rbs	596.000000	0.000000	0.000000
809.999084	__gene_B_rbs	575.000000	0.000000	0.000000
809.999084	__gene_C_rbs	563.000000	0.000000	0.000000
809.999084	__gene_D_rbs	593.000000	0.000000	0.000000
809.999084	__gene_E_rbs	589.000000	0.000000	0.000000
809.999084	__gene_F_rbs	421.000000	0.000000	0.000000
809.999084	__gene_G_rbs	315.000000	0.000000	0.000000
809.999084	__gene_H_rbs	217.000000	0.000000	0.000000
809.999084	__gene_J_rbs	582.000000	0.000000	0.000000
809.999084	__gene_K_rbs	567.000000	0.000000	0.000000
809.999084	__ribosome	0.000000	0.000000	0.000000
809.999084	bound_ecolipol	1866.000000	0.000000	0.000000
809.999084	bound_ribosome	100.000000	0.000000	0.000000
809.999084	ecoli_genome	134.000000	0.000000	0.000000
809.999084	ecoli_transcript	60844.000000	0.000000	0.000000
809.999084	ecolipol	31.000000	0.000000	0.000000
809.999084	gene_A	221.000000	596.000000	0.003356
809.999084	gene_A*	137.000000	584.000000	0.001712
809.999084	gene_B	132.000000	575.000000	0.000000
809.999084	gene_C	122.000000	564.000000	0.000000
809.999084	gene_D	231.000000	593.000000	0.000000
809.999084	gene_E	192.000000	589.000000	0.000000
809.999084	gene_F	102.000000	421.000000	0.000000
809.999084	gene_G	33.000000	315.000000	0.085714
809.999084	gene_H	0.000000	217.000000	0.170507
809.999084	gene_J	100.000000	582.000000	0.056701
809.999084	gene_K	129.000000	567.000000	0.000000
809.999084	promoter_A	0.000000	0.000000	0.000000
809.999084	promoter_B1	0.000000	0.000000	0.000000
809.999084	promoter_D	0.000000	0.000000	0.000000
814.999250	__gene_A*_rbs	587.000000	0.000000	0.000000
814.999250	__gene_A_rbs	600.000000	0.000000	0.000000
814.999250	__gene_B_rbs	578.000000	0.000000	0.000000
814.999250	__gene_C_rbs	568.000000	0.000000	0.000000
814.999250	__gene_D_rbs	597.000000	0.000000	0.000000
814.999250	__gene_E_rbs	593.000000	0.000000	0.000000
814.999250	__gene_F_rbs	424.000000	0.000000	0.000000
814.999250	__gene_G_rbs	318.000000	0.000000	0.000000
814.999250	__gene_H_rbs	221.000000	0.000000	0.000000
814.999250	__gene_J_rbs	586.000000	0.000000	0.000000
814.999250	__gene_K_rbs	570.000000	0.000000	0.000000
814.999250	__ribosome	0.000000	0.000000	0.000000
814.999250	bound_ecolipol	1852.000000	0.000000	0.000000
814.999250	bound_ribosome	100.000000	0.000000	0.000000
814.999250	ecoli_genome	148.000000	0.000000	0.000000
814.999250	ecoli_transcript	61216.000000	0.000000	0.000000
814.999250	ecolipol	44.000000	0.000000	0.000000
814.999250	gene_A	221.000000	600.000000	0.003333
814.999250	gene_A*	138.000000	587.000000	0.001704
814.999250	gene_B	132.000000	578.000000	0.000000
814.999250	gene_C	122.000000	568.000000	0.000000
814.999250	gene_D	231.000000	597.000000	0.000000
814.999250	gene_E	192.000000	593.000000	0.000000
814.999250	gene_F	102.000000	424.000000	0.000000
814.999250	gene_G	33.000000	318.000000	0.084906
814.999250	gene_H	0.000000	221.000000	0.167421
814.999250	gene_J	100.000000	586.000000	0.056314
814.999250	gene_K	129.000000	570.000000	0.000000
814.999250	promoter_A	0.000000	0.000000	0.000000
814.999250	promoter_B1	0.000000	0.000000	0.000000
814.999250	promoter_D	0.000000	0.000000	0.000000
819.999336	__gene_A*_rbs	591.000000	0.000000	0.000000
819.999336	__gene_A_rbs	603.000000	0.000000	0.000000
819.999336	__gene_B_rbs	582.000000	0.000000	0.000000
819.999336	__gene_C_rbs	572.000000	0.000000	0.000000
819.999336	__gene_D_rbs	601.000000	0.000000	0.000000
819.999336	__gene_E_rbs	596.000000	0.000000	0.000000
819.999336	__gene_F_rbs	427.000000	0.000000	0.000000
819.999336	__gene_G_rbs	321.000000	0.000000	0.000000
819.999336	__gene_H_rbs	221.000000	0.000000	0.000000
819.999336	__gene_J_rbs	590.000000	0.000000	0.000000
819.999336	__gene_K_rbs	574.000000	0.000000	0.000000
819.999336	__ribosome	0.000000	0.000000	0.000000
819.999336	bound_ecolipol	1864.000000	0.000000	0.000000
819.999336	bound_ribosome	100.000000	0.000000	0.000000
819.999336	ecoli_genome	136.000000	0.000000	0.000000
819.999336	ecoli_transcript	61582.000000	0.000000	0.000000
819.999336	ecolipol	32.000000	0.000000	0.000000
819.999336	gene_A	221.000000	603.000000	0.003317
819.999336	gene_A*	138.000000	591.000000	0.001692
819.999336	gene_B	132.000000	582.000000	0.000000
819.999336	gene_C	122.000000	572.000000	0.000000
819.999336	gene_D	231.000000	601.000000	0.000000
819.999336	gene_E	192.000000	596.000000	0.000000
819.999336	gene_F	102.000000	427.000000	0.000000
819.999336	gene_G	33.000000	321.000000	0.084112
819.999336	gene_H	0.000000	221.000000	0.167421
819.999336	gene_J	100.000000	590.000000	0.055932
819.999336	gene_K	129.000000	574.000000	0.000000
819.999336	promoter_A	0.000000	0.000000	0.000000
819.999336	promoter_B1	0.000000	0.000000	0.000000
819.999336	promoter_D	0.000000	0.000000	0.000000
824.999366	__gene_A*_rbs	594.000000	0.000000	0.000000
824.999366	__gene_A_rbs	607.000000	0.000000	0.000000
824.999366	__gene_B_rbs	586.000000	0.000000	0.000000
824.999366	__gene_C_rbs	576.000000	0.000000	0.000000
824.999366	__gene_D_rbs	604.000000	0.000000	0.000000
824.999366	__gene_E_rbs	600.000000	0.000000	0.000000
824.999366	__gene_F_rbs	430.000000	0.000000	0.000000
824.999366	__gene_G_rbs	323.000000	0.000000	0.000000
824.999366	__gene_H_rbs	224.000000	0.000000	0.000000
824.999366	__gene_J_rbs	593.000000	0.000000	0.000000
824.999366	__gene_K_rbs	578.000000	0.000000	0.000000
824.999366	__ribosome	0.000000	0.000000	0.000000
824.999366	bound_ecolipol	1862.000000	0.000000	0.000000
824.999366	bound_ribosome	100.000000	0.000000	0.000000
824.999366	ecoli_genome	138.000000	0.000000	0.000000
824.999366	ecoli_transcript	61963.000000	0.000000	0.000000
824.999366	ecolipol	33.000000	0.000000	0.000000
824.999366	gene_A	221.000000	607.000000	0.003295
824.999366	gene_A*	138.000000	594.000000	0.001684
824.999366	gene_B	132.000000	586.000000	0.000000
824.999366	gene_C	122.000000	576.000000	0.000000
824.999366	gene_D	231.000000	604.000000	0.000000
824.999366	gene_E	192.000000	600.000000	0.000000
824.999366	gene_F	102.000000	430.000000	0.000000
824.999366	gene_G	33.000000	323.000000	0.083591
824.999366	gene_H	0.000000	224.000000	0.165179
824.999366	gene_J	100.000000	593.000000	0.055649
824.999366	gene_K	129.000000	578.000000	0.000000
824.999366	promoter_A	0.000000	0.000000	0.000000
824.999366	promoter_B1	0.000000	0.000000	0.000000
824.999366	promoter_D	0.000000	0.000000	0.000000
829.999010	__gene_A*_rbs	598.000000	0.000000	0.000000
829.999010	__gene_A_rbs	611.000000	0.000000	0.000000
829.999010	__gene_B_rbs	590.000000	0.000000	0.000000
829.999010	__gene_C_rbs	580.000000	0.000000	0.000000
829.999010	__gene_D_rbs	607.000000	0.000000	0.000000
829.999010	__gene_E_rbs	604.000000	0.000000	0.000000
829.999010	__gene_F_rbs	434.000000	0.000000	0.000000
829.999010	__gene_G_rbs	325.000000	0.000000	0.000000
829.999010	__gene_H_rbs	226.000000	0.000000	0.000000
829.999010	__gene_J_rbs	597.000000	0.000000	0.000000
829.999010	__gene_K_rbs	581.000000	0.000000	0.000000
829.999010	__ribosome	0.000000	0.000000	0.000000
829.999010	bound_ecolipol	1864.000000	0.000000	0.000000
829.999010	bound_ribosome	100.000000	0.000000	0.000000
829.999010	ecoli_genome	136.000000	0.000000	0.000000
829.999010	ecoli_transcript	62305.000000	0.000000	0.000000
829.999010	ecolipol	30.000000	0.000000	0.000000
829.999010	gene_A	222.000000	611.000000	0.001637
829.999010	gene_A*	138.000000	598.000000	0.001672
829.999010	gene_B	132.000000	590.000000	0.000000
829.999010	gene_C	122.000000	580.000000	0.000000
829.999010	gene_D	231.000000	608.000000	0.001645
829.999010	gene_E	192.000000	604.000000	0.000000
829.999010	gene_F	102.000000	434.000000	0.000000
829.999010	gene_G	33.000000	325.000000	0.083077
829.999010	gene_H	0.000000	226.000000	0.163717
829.999010	gene_J	100.000000	597.000000	0.055276
829.999010	gene_K	129.000000	581.000000	0.000000
829.999010	promoter_A	0.000000	0.000000	0.000000
829.999010	promoter_B1	0.000000	0.000000	0.000000
829.999010	promoter_D	0.000000	0.000000	0.000000
834.999135	__gene_A*_rbs	602.000000	0.000000	0.000000
834.999135	__gene_A_rbs	615.000000	0.000000	0.000000
834.999135	__gene_B_rbs	594.000000	0.000000	0.000000
834.999135	__gene_C_rbs	583.000000	0.000000	0.000000
834.999135	__gene_D_rbs	612.000000	0.000000	0.000000
834.999135	__gene_E_rbs	607.000000	0.000000	0.000000
834.999135	__gene_F_rbs	437.000000	0.000000	0.000000
834.999135	__gene_G_rbs	328.000000	0.000000	0.000000
834.999135	__gene_H_rbs	229.000000	0.000000	0.000000
834.999135	__gene_J_rbs	601.000000	0.000000	0.000000
834.999135	__gene_K_rbs	585.000000	0.000000	0.000000
834.999135	__ribosome	0.000000	0.000000	0.000000
834.999135	bound_ecolipol	1854.000000	0.000000	0.000000
834.999135	bound_ribosome	100.000000	0.000000	0.000000
834.999135	ecoli_genome	146.000000	0.000000	0.000000
834.999135	ecoli_transcript	62692.000000	0.000000	0.000000
834.999135	ecolipol	40.000000	0.000000	0.000000
834.999135	gene_A	222.000000	615.000000	0.001626
834.999135	gene_A*	138.000000	602.000000	0.001661
834.999135	gene_B	132.000000	594.000000	0.000000
834.999135	gene_C	122.000000	583.000000	0.000000
834.999135	gene_D	231.000000	612.000000	0.001634
834.999135	gene_E	192.000000	607.000000	0.000000
834.999135	gene_F	102.000000	437.000000	0.000000
834.999135	gene_G	33.000000	328.000000	0.082317
834.999135	gene_H	0.000000	229.000000	0.161572
834.999135	gene_J	100.000000	601.000000	0.054908
834.999135	gene_K	129.000000	585.000000	0.000000
834.999135	promoter_A	0.000000	0.000000	0.000000
834.999135	promoter_B1	0.000000	0.000000	0.000000
834.999135	promoter_D	0.000000	0.000000	0.000000
839.999122	__gene_A*_rbs	606.000000	0.000000	0.000000
839.999122	__gene_A_rbs	618.000000	0.000000	0.000000
839.999122	__gene_B_rbs	597.000000	0.000000	0.000000
839.999122	__gene_C_rbs	587.000000	0.000000	0.000000
839.999122	__gene_D_rbs	615.000000	0.000000	0.000000
839.999122	__gene_E_rbs	611.000000	0.000000	0.000000
839.999122	__gene_F_rbs	440.000000	0.000000	0.000000
839.999122	__gene_G_rbs	329.000000	0.000000	0.000000
839.999122	__gene_H_rbs	231.000000	0.000000	0.000000
839.999122	__gene_J_rbs	604.000000	0.000000	0.000000
839.999122	__gene_K_rbs	589.000000	0.000000	0.000000
839.999122	__ribosome	0.000000	0.000000	0.000000
839.999122	bound_ecolipol	1858.000000	0.000000	0.000000
839.999122	bound_ribosome	100.000000	0.000000	0.000000
839.999122	ecoli_genome	142.000000	0.000000	0.000000
839.999122	ecoli_transcript	63065.000000	0.000000	0.000000
839.999122	ecolipol	36.000000	0.000000	0.000000
839.999122	gene_A	222.000000	618.000000	0.001618
839.999122	gene_A*	138.000000	606.000000	0.001650
839.999122	gene_B	132.000000	597.000000	0.000000
839.999122	gene_C	122.000000	587.000000	0.000000
839.999122	gene_D	231.000000	615.000000	0.001626
839.999122	gene_E	192.000000	611.000000	0.000000
839.999122	gene_F	102.000000	440.000000	0.000000
839.999122	gene_G	33.000000	329.000000	0.082067
839.999122	gene_H	0.000000	231.000000	0.160173
839.999122	gene_J	100.000000	604.000000	0.054636
839.999122	gene_K	129.000000	589.000000	0.000000
839.999122	promoter_A	0.000000	0.000000	0.000000
839.999122	promoter_B1	0.000000	0.000000	0.000000
839.999122	promoter_D	0.000000	0.000000	0.000000
844.999149	__gene_A*_rbs	609.000000	0.000000	0.000000
844.999149	__gene_A_rbs	622.000000	0.000000	0.000000
844.999149	__gene_B_rbs	601.000000	0.000000	0.000000
844.999149	__gene_C_rbs	589.000000	0.000000	0.000000
844.999149	__gene_D_rbs	619.000000	0.000000	0.000000
844.999149	__gene_E_rbs	615.000000	0.000000	0.000000
844.999149	__gene_F_rbs	444.000000	0.000000	0.000000
844.999149	__gene_G_rbs	332.000000	0.000000	0.000000
844.999149	__gene_H_rbs	232.000000	0.000000	0.000000
844.999149	__gene_J_rbs	608.000000	0.000000	0.000000
844.999149	__gene_K_rbs	591.000000	0.000000	0.000000
844.999149	__ribosome	0.000000	0.000000	0.000000
844.999149	bound_ecolipol	1863.000000	0.000000	0.000000
844.999149	bound_ribosome	100.000000	0.000000	0.000000
844.999149	ecoli_genome	137.000000	0.000000	0.000000
844.999149	ecoli_transcript	63439.000000	0.000000	0.000000
844.999149	ecolipol	31.000000	0.000000	0.000000
844.999149	gene_A	222.000000	622.000000	0.001608
844.999149	gene_A*	138.000000	609.000000	0.001642
844.999149	gene_B	132.000000	601.000000	0.000000
844.999149	gene_C	122.000000	590.000000	0.000000
844.999149	gene_D	232.000000	619.000000	0.000000
844.999149	gene_E	192.000000	615.000000	0.000000
844.999149	gene_F	102.000000	444.000000	0.000000
844.999149	gene_G	33.000000	332.000000	0.081325
844.999149	gene_H	0.000000	232.000000	0.159483
844.999149	gene_J	100.000000	608.000000	0.054276
844.999149	gene_K	129.000000	592.000000	0.001689
844.999149	promoter_A	0.000000	0.000000	0.000000
844.999149	promoter_B1	0.000000	0.000000	0.000000
844.999149	promoter_D	0.000000	0.000000	0.000000
849.999048	__gene_A*_rbs	613.000000	0.000000	0.000000
849.999048	__gene_A_rbs	626.000000	0.000000	0.000000
849.999048	__gene_B_rbs	605.000000	0.000000	0.000000
849.999048	__gene_C_rbs	594.000000	0.000000	0.000000
849.999048	__gene_D_rbs	623.000000	0.000000	0.000000
849.999048	__gene_E_rbs	618.000000	0.000000	0.000000
849.999048	__gene_F_rbs	447.000000	0.000000	0.000000
849.999048	__gene_G_rbs	335.000000	0.000000	0.000000
849.999048	__gene_H_rbs	235.000000	0.000000	0.000000
849.999048	__gene_J_rbs	612.000000	0.000000	0.000000
849.999048	__gene_K_rbs	596.000000	0.000000	0.000000
849.999048	__ribosome	0.000000	0.000000	0.000000
849.999048	bound_ecolipol	1856.000000	0.000000	0.000000
849.999048	bound_ribosome	100.000000	0.000000	0.000000
849.999048	ecoli_genome	144.000000	0.000000	0.000000
849.999048	ecoli_transcript	63804.000000	0.000000	0.000000
849.999048	ecolipol	39.000000	0.000000	0.000000
849.999048	gene_A	222.000000	626.000000	0.001597
849.999048	gene_A*	139.000000	613.000000	0.000000
849.999048	gene_B	132.000000	605.000000	0.000000
849.999048	gene_C	122.000000	594.000000	0.000000
849.999048	gene_D	232.000000	623.000000	0.001605
849.999048	gene_E	192.000000	618.000000	0.000000
849.999048	gene_F	102.000000	447.000000	0.000000
849.999048	gene_G	33.000000	335.000000	0.080597
849.999048	gene_H	0.000000	235.000000	0.157447
849.999048	gene_J	100.000000	612.000000	0.053922
849.999048	gene_K	129.000000	596.000000	0.001678
849.999048	promoter_A	0.000000	0.000000	0.000000
849.999048	promoter_B1	0.000000	0.000000	0.000000
849.999048	promoter_D	0.000000	0.000000	0.000000
854.999087	__gene_A*_rbs	616.000000	0.000000	0.000000
854.999087	__gene_A_rbs	629.000000	0.000000	0.000000
854.999087	__gene_B_rbs	608.000000	0.000000	0.000000
854.999087	__gene_C_rbs	597.000000	0.000000	0.000000
854.999087	__gene_D_rbs	626.000000	0.000000	0.000000
854.999087	__gene_E_rbs	622.000000	0.000000	0.000000
854.999087	__gene_F_rbs	449.000000	0.000000	0.000000
854.999087	__gene_G_rbs	338.000000	0.000000	0.000000
854.999087	__gene_H_rbs	236.000000	0.000000	0.000000
854.999087	__gene_J_rbs	615.000000	0.000000	0.000000
854.999087	__gene_K_rbs	599.000000	0.000000	0.000000
854.999087	__ribosome	0.000000	0.000000	0.000000
854.999087	bound_ecolipol	1860.000000	0.000000	0.000000
854.999087	bound_ribosome	100.000000	0.000000	0.000000
854.999087	ecoli_genome	140.000000	0.000000	0.000000
854.999087	ecoli_transcript	64193.000000	0.000000	0.000000
854.999087	ecolipol	35.000000	0.000000	0.000000
854.999087	gene_A	222.000000	629.000000	0.001590
854.999087	gene_A*	139.000000	616.000000	0.000000
854.999087	gene_B	132.000000	608.000000	0.000000
854.999087	gene_C	122.000000	597.000000	0.000000
854.999087	gene_D	232.000000	626.000000	0.001597
854.999087	gene_E	192.000000	622.000000	0.000000
854.999087	gene_F	102.000000	449.000000	0.002227
854.999087	gene_G	33.000000	338.000000	0.079882
854.999087	gene_H	0.000000	236.000000	0.156780
854.999087	gene_J	100.000000	615.000000	0.053659
854.999087	gene_K	130.000000	599.000000	0.000000
854.999087	promoter_A	0.000000	0.000000	0.000000
854.999087	promoter_B1	0.000000	0.000000	0.000000
854.999087	promoter_D	0.000000	0.000000	0.000000
859.999036	__gene_A*_rbs	620.000000	0.000000	0.000000
859.999036	__gene_A_rbs	633.000000	0.000000	0.000000
859.999036	__gene_B_rbs	612.000000	0.000000	0.000000
859.999036	__gene_C_rbs	601.000000	0.000000	0.000000
859.999036	__gene_D_rbs	630.000000	0.000000	0.000000
859.999036	__gene_E_rbs	626.000000	0.000000	0.000000
859.999036	__gene_F_rbs	452.000000	0.000000	0.000000
859.999036	__gene_G_rbs	341.000000	0.000000	0.000000
859.999036	__gene_H_rbs	237.000000	0.000000	0.000000
859.999036	__gene_J_rbs	618.000000	0.000000	0.000000
859.999036	__gene_K_rbs	603.000000	0.000000	0.000000
859.999036	__ribosome	0.000000	0.000000	0.000000
859.999036	bound_ecolipol	1868.000000	0.000000	0.000000
859.999036	bound_ribosome	100.000000	0.000000	0.000000
859.999036	ecoli_genome	132.000000	0.000000	0.000000
859.999036	ecoli_transcript	64540.000000	0.000000	0.000000
859.999036	ecolipol	30.000000	0.000000	0.000000
859.999036	gene_A	223.000000	633.000000	0.000000
859.999036	gene_A*	139.000000	620.000000	0.001613
859.999036	gene_B	132.000000	612.000000	0.000000
859.999036	gene_C	122.000000	601.000000	0.000000
859.999036	gene_D	232.000000	630.000000	0.001587
859.999036	gene_E	192.000000	626.000000	0.000000
859.999036	gene_F	102.000000	452.000000	0.002212
859.999036	gene_G	33.000000	341.000000	0.079179
859.999036	gene_H	0.000000	237.000000	0.156118
859.999036	gene_J	100.000000	619.000000	0.053312
859.999036	gene_K	130.000000	603.000000	0.000000
859.999036	promoter_A	0.000000	0.000000	0.000000
859.999036	promoter_B1	0.000000	0.000000	0.000000
859.999036	promoter_D	0.000000	0.000000	0.000000
864.999162	__gene_A*_rbs	624.000000	0.000000	0.000000
864.999162	__gene_A_rbs	636.000000	0.000000	0.000000
864.999162	__gene_B_rbs	616.000000	0.000000	0.000000
864.999162	__gene_C_rbs	605.000000	0.000000	0.000000
864.999162	__gene_D_rbs	634.000000	0.000000	0.000000
864.999162	__gene_E_rbs	629.000000	0.000000	0.000000
864.999162	__gene_F_rbs	452.000000	0.000000	0.000000
864.999162	__gene_G_rbs	345.000000	0.000000	0.000000
864.999162	__gene_H_rbs	239.000000	0.000000	0.000000
864.999162	__gene_J_rbs	623.000000	0.000000	0.000000
864.999162	__gene_K_rbs	607.000000	0.000000	0.000000
864.999162	__ribosome	0.000000	0.000000	0.000000
864.999162	bound_ecolipol	1866.000000	0.000000	0.000000
864.999162	bound_ribosome	100.000000	0.000000	0.000000
864.999162	ecoli_genome	134.000000	0.000000	0.000000
864.999162	ecoli_transcript	64912.000000	0.000000	0.000000
864.999162	ecolipol	33.000000	0.000000	0.000000
864.999162	gene_A	223.000000	636.000000	0.000000
864.999162	gene_A*	139.000000	624.000000	0.001603
864.999162	gene_B	132.000000	616.000000	0.000000
864.999162	gene_C	122.000000	605.000000	0.001653
864.999162	gene_D	233.000000	634.000000	0.000000
864.999162	gene_E	192.000000	629.000000	0.000000
864.999162	gene_F	102.000000	452.000000	0.002212
864.999162	gene_G	33.000000	345.000000	0.078261
864.999162	gene_H	0.000000	239.000000	0.154812
864.999162	gene_J	100.000000	623.000000	0.052970
864.999162	gene_K	130.000000	607.000000	0.000000
864.999162	promoter_A	0.000000	0.000000	0.000000
864.999162	promoter_B1	0.000000	0.000000	0.000000
864.999162	promoter_D	0.000000	0.000000	0.000000
869.999560	__gene_A*_rbs	628.000000	0.000000	0.000000
869.999560	__gene_A_rbs	640.000000	0.000000	0.000000
869.999560	__gene_B_rbs	619.000000	0.000000	0.000000
869.999560	__gene_C_rbs	608.000000	0.000000	0.000000
869.999560	__gene_D_rbs	637.000000	0.000000	0.000000
869.999560	__gene_E_rbs	632.000000	0.000000	0.000000
869.999560	__gene_F_rbs	454.000000	0.000000	0.000000
869.999560	__gene_G_rbs	348.000000	0.000000	0.000000
869.999560	__gene_H_rbs	243.000000	0.000000	0.000000
869.999560	__gene_J_rbs	627.000000	0.000000	0.000000
869.999560	__gene_K_rbs	610.000000	0.000000	0.000000
869.999560	__ribosome	0.000000	0.000000	0.000000
869.999560	bound_ecolipol	1875.000000	0.000000	0.000000
869.999560	bound_ribosome	100.000000	0.000000	0.000000
869.999560	ecoli_genome	125.000000	0.000000	0.000000
869.999560	ecoli_transcript	65288.000000	0.000000	0.000000
869.999560	ecolipol	23.000000	0.000000	0.000000
869.999560	gene_A	223.000000	640.000000	0.000000
869.999560	gene_A*	139.000000	628.000000	0.001592
869.999560	gene_B	132.000000	619.000000	0.000000
869.999560	gene_C	123.000000	608.000000	0.000000
869.999560	gene_D	233.000000	637.000000	0.000000
869.999560	gene_E	192.000000	633.000000	0.001580
869.999560	gene_F	102.000000	454.000000	0.002203
869.999560	gene_G	33.000000	348.000000	0.077586
869.999560	gene_H	0.000000	243.000000	0.152263
869.999560	gene_J	100.000000	627.000000	0.052632
869.999560	gene_K	130.000000	610.000000	0.000000
869.999560	promoter_A	0.000000	0.000000	0.000000
869.999560	promoter_B1	0.000000	0.000000	0.000000
869.999560	promoter_D	0.000000	0.000000	0.000000
874.999123	__gene_A*_rbs	631.000000	0.000000	0.000000
874.999123	__gene_A_rbs	644.000000	0.000000	0.000000
874.999123	__gene_B_rbs	623.000000	0.000000	0.000000
874.999123	__gene_C_rbs	612.000000	0.000000	0.000000
874.999123	__gene_D_rbs	641.000000	0.000000	0.000000
874.999123	__gene_E_rbs	637.000000	0.000000	0.000000
874.999123	__gene_F_rbs	457.000000	0.000000	0.000000
874.999123	__gene_G_rbs	350.000000	0.000000	0.000000
874.999123	__gene_H_rbs	246.000000	0.000000	0.000000
874.999123	__gene_J_rbs	630.000000	0.000000	0.000000
874.999123	__gene_K_rbs	614.000000	0.000000	0.000000
874.999123	__ribosome	0.000000	0.000000	0.000000
874.999123	bound_ecolipol	1864.000000	0.000000	0.000000
874.999123	bound_ribosome	100.000000	0.000000	0.000000
874.999123	ecoli_genome	136.000000	0.000000	0.000000
874.999123	ecoli_transcript	65634.000000	0.000000	0.000000
874.999123	ecolipol	34.000000	0.000000	0.000000
874.999123	gene_A	223.000000	644.000000	0.000000
874.999123	gene_A*	139.000000	631.000000	0.001585
874.999123	gene_B	132.000000	623.000000	0.000000
874.999123	gene_C	123.000000	612.000000	0.000000
874.999123	gene_D	233.000000	641.000000	0.000000
874.999123	gene_E	192.000000	637.000000	0.001570
874.999123	gene_F	102.000000	457.000000	0.002188
874.999123	gene_G	33.000000	350.000000	0.077143
874.999123	gene_H	0.000000	246.000000	0.150407
874.999123	gene_J	100.000000	630.000000	0.052381
874.999123	gene_K	130.000000	614.000000	0.000000
874.999123	promoter_A	0.000000	0.000000	0.000000
874.999123	promoter_B1	0.000000	0.000000	0.000000
874.999123	promoter_D	0.000000	0.000000	0.000000
879.999066	__gene_A*_rbs	635.000000	0.000000	0.000000
879.999066	__gene_A_rbs	648.000000	0.000000	0.000000
879.999066	__gene_B_rbs	626.000000	0.000000	0.000000
879.999066	__gene_C_rbs	616.000000	0.000000	0.000000
879.999066	__gene_D_rbs	644.000000	0.000000	0.000000
879.999066	__gene_E_rbs	640.000000	0.000000	0.000000
879.999066	__gene_F_rbs	461.000000	0.000000	0.000000
879.999066	__gene_G_rbs	353.000000	0.000000	0.000000
879.999066	__gene_H_rbs	247.000000	0.000000	0.000000
879.999066	__gene_J_rbs	634.000000	0.000000	0.000000
879.999066	__gene_K_rbs	618.000000	0.000000	0.000000
879.999066	__ribosome	0.000000	0.000000	0.000000
879.999066	bound_ecolipol	1872.000000	0.000000	0.000000
879.999066	bound_ribosome	100.000000	0.000000	0.000000
879.999066	ecoli_genome	128.000000	0.000000	0.000000
879.999066	ecoli_transcript	65965.000000	0.000000	0.000000
879.999066	ecolipol	28.000000	0.000000	0.000000
879.999066	gene_A	223.000000	648.000000	0.000000
879.999066	gene_A*	139.000000	635.000000	0.001575
879.999066	gene_B	132.000000	626.000000	0.001597
879.999066	gene_C	123.000000	616.000000	0.000000
879.999066	gene_D	233.000000	644.000000	0.000000
879.999066	gene_E	193.000000	640.000000	0.000000
879.999066	gene_F	102.000000	461.000000	0.002169
879.999066	gene_G	33.000000	353.000000	0.076487
879.999066	gene_H	0.000000	247.000000	0.149798
879.999066	gene_J	100.000000	634.000000	0.052050
879.999066	gene_K	130.000000	618.000000	0.000000
879.999066	promoter_A	0.000000	0.000000	0.000000
879.999066	promoter_B1	0.000000	0.000000	0.000000
879.999066	promoter_D	0.000000	0.000000	0.000000
884.999105	__gene_A*_rbs	639.000000	0.000000	0.000000
884.999105	__gene_A_rbs	651.000000	0.000000	0.000000
884.999105	__gene_B_rbs	630.000000	0.000000	0.000000
884.999105	__gene_C_rbs	619.000000	0.000000	0.000000
884.999105	__gene_D_rbs	648.000000	0.000000	0.000000
884.999105	__gene_E_rbs	643.000000	0.000000	0.000000
884.999105	__gene_F_rbs	464.000000	0.000000	0.000000
884.999105	__gene_G_rbs	355.000000	0.000000	0.000000
884.999105	__gene_H_rbs	249.000000	0.000000	0.000000
884.999105	__gene_J_rbs	637.000000	0.000000	0.000000
884.999105	__gene_K_rbs	621.000000	0.000000	0.000000
884.999105	__ribosome	0.000000	0.000000	0.000000
884.999105	bound_ecolipol	1866.000000	0.000000	0.000000
884.999105	bound_ribosome	100.000000	0.000000	0.000000
884.999105	ecoli_genome	134.000000	0.000000	0.000000
884.999105	ecoli_transcript	66329.000000	0.000000	0.000000
884.999105	ecolipol	33.000000	0.000000	0.000000
884.999105	gene_A	223.000000	651.000000	0.000000
884.999105	gene_A*	139.000000	639.000000	0.001565
884.999105	gene_B	132.000000	630.000000	0.001587
884.999105	gene_C	123.000000	619.000000	0.000000
884.999105	gene_D	233.000000	648.000000	0.000000
884.999105	gene_E	193.000000	643.000000	0.000000
884.999105	gene_F	102.000000	464.000000	0.002155
884.999105	gene_G	33.000000	355.000000	0.076056
884.999105	gene_H	0.000000	249.000000	0.148594
884.999105	gene_J	100.000000	637.000000	0.051805
884.999105	gene_K	130.000000	621.000000	0.000000
884.999105	promoter_A	0.000000	0.000000	0.000000
884.999105	promoter_B1	0.000000	0.000000	0.000000
884.999105	promoter_D	0.000000	0.000000	0.000000
889.999336	__gene_A*_rbs	642.000000	0.000000	0.000000
889.999336	__gene_A_rbs	655.000000	0.000000	0.000000
889.999336	__gene_B_rbs	634.000000	0.000000	0.000000
889.999336	__gene_C_rbs	623.000000	0.000000	0.000000
889.999336	__gene_D_rbs	651.000000	0.000000	0.000000
889.999336	__gene_E_rbs	647.000000	0.000000	0.000000
889.999336	__gene_F_rbs	467.000000	0.000000	0.000000
889.999336	__gene_G_rbs	356.000000	0.000000	0.000000
889.999336	__gene_H_rbs	251.000000	0.000000	0.000000
889.999336	__gene_J_rbs	641.000000	0.000000	0.000000
889.999336	__gene_K_rbs	625.000000	0.000000	0.000000
889.999336	__ribosome	0.000000	0.000000	0.000000
889.999336	bound_ecolipol	1859.000000	0.000000	0.000000
889.999336	bound_ribosome	100.000000	0.000000	0.000000
889.999336	ecoli_genome	141.000000	0.000000	0.000000
889.999336	ecoli_transcript	66698.000000	0.000000	0.000000
889.999336	ecolipol	41.000000	0.000000	0.000000
889.999336	gene_A	223.000000	655.000000	0.000000
889.999336	gene_A*	140.000000	642.000000	0.000000
889.999336	gene_B	132.000000	634.000000	0.001577
889.999336	gene_C	123.000000	623.000000	0.000000
889.999336	gene_D	233.000000	651.000000	0.000000
889.999336	gene_E	193.000000	647.000000	0.000000
889.999336	gene_F	102.000000	467.000000	0.002141
889.999336	gene_G	33.000000	357.000000	0.078431
889.999336	gene_H	0.000000	251.000000	0.147410
889.999336	gene_J	100.000000	641.000000	0.051482
889.999336	gene_K	130.000000	625.000000	0.000000
889.999336	promoter_A	0.000000	0.000000	0.000000
889.999336	promoter_B1	0.000000	0.000000	0.000000
889.999336	promoter_D	0.000000	0.000000	0.000000
894.999082	__gene_A*_rbs	646.000000	0.000000	0.000000
894.999082	__gene_A_rbs	659.000000	0.000000	0.000000
894.999082	__gene_B_rbs	638.000000	0.000000	0.000000
894.999082	__gene_C_rbs	626.000000	0.000000	0.000000
894.999082	__gene_D_rbs	655.000000	0.000000	0.000000
894.999082	__gene_E_rbs	651.000000	0.000000	0.000000
894.999082	__gene_F_rbs	471.000000	0.000000	0.000000
894.999082	__gene_G_rbs	359.000000	0.000000	0.000000
894.999082	__gene_H_rbs	252.000000	0.000000	0.000000
894.999082	__gene_J_rbs	644.000000	0.000000	0.000000
894.999082	__gene_K_rbs	628.000000	0.000000	0.000000
894.999082	__ribosome	0.000000	0.000000	0.000000
894.999082	bound_ecolipol	1858.000000	0.000000	0.000000
894.999082	bound_ribosome	100.000000	0.000000	0.000000
894.999082	ecoli_genome	142.000000	0.000000	0.000000
894.999082	ecoli_transcript	67074.000000	0.000000	0.000000
894.999082	ecolipol	44.000000	0.000000	0.000000
894.999082	gene_A	223.000000	659.000000	0.001517
894.999082	gene_A*	140.000000	646.000000	0.000000
894.999082	gene_B	133.000000	638.000000	0.000000
894.999082	gene_C	123.000000	626.000000	0.001597
894.999082	gene_D	233.000000	655.000000	0.000000
894.999082	gene_E	193.000000	651.000000	0.000000
894.999082	gene_F	103.000000	471.000000	0.000000
894.999082	gene_G	33.000000	359.000000	0.077994
894.999082	gene_H	0.000000	252.000000	0.146825
894.999082	gene_J	100.000000	644.000000	0.051242
894.999082	gene_K	130.000000	628.000000	0.000000
894.999082	promoter_A	0.000000	0.000000	0.000000
894.999082	promoter_B1	0.000000	0.000000	0.000000
894.999082	promoter_D	0.000000	0.000000	0.000000
899.999045	__gene_A*_rbs	650.000000	0.000000	0.000000
899.999045	__gene_A_rbs	663.000000	0.000000	0.000000
899.999045	__gene_B_rbs	641.000000	0.000000	0.000000
899.999045	__gene_C_rbs	630.000000	0.000000	0.000000
899.999045	__gene_D_rbs	659.000000	0.000000	0.000000
899.999045	__gene_E_rbs	655.000000	0.000000	0.000000
899.999045	__gene_F_rbs	472.000000	0.000000	0.000000
899.999045	__gene_G_rbs	363.000000	0.000000	0.000000
899.999045	__gene_H_rbs	252.000000	0.000000	0.000000
899.999045	__gene_J_rbs	648.000000	0.000000	0.000000
899.999045	__gene_K_rbs	632.000000	0.000000	0.000000
899.999045	__ribosome	0.000000	0.000000	0.000000
899.999045	bound_ecolipol	1855.000000	0.000000	0.000000
899.999045	bound_ribosome	100.000000	0.000000	0.000000
899.999045	ecoli_genome	145.000000	0.000000	0.000000
899.999045	ecoli_transcript	67436.000000	0.000000	0.000000
899.999045	ecolipol	50.000000	0.000000	0.000000
899.999045	gene_A	223.000000	663.000000	0.001508
899.999045	gene_A*	140.000000	650.000000	0.000000
899.999045	gene_B	133.000000	641.000000	0.000000
899.999045	gene_C	123.000000	630.000000	0.001587
899.999045	gene_D	233.000000	659.000000	0.000000
899.999045	gene_E	193.000000	655.000000	0.000000
899.999045	gene_F	103.000000	472.000000	0.000000
899.999045	gene_G	33.000000	363.000000	0.077135
899.999045	gene_H	0.000000	252.000000	0.146825
899.999045	gene_J	100.000000	648.000000	0.050926
899.999045	gene_K	130.000000	632.000000	0.000000
899.999045	promoter_A	0.000000	0.000000	0.000000
899.999045	promoter_B1	0.000000	0.000000	0.000000
899.999045	promoter_D	0.000000	0.000000	0.000000
904.999173	__gene_A*_rbs	654.000000	0.000000	0.000000
904.999173	__gene_A_rbs	667.000000	0.000000	0.000000
904.999173	__gene_B_rbs	645.000000	0.000000	0.000000
904.999173	__gene_C_rbs	634.000000	0.000000	0.000000
904.999173	__gene_D_rbs	663.000000	0.000000	0.000000
904.999173	__gene_E_rbs	659.000000	0.000000	0.000000
904.999173	__gene_F_rbs	474.000000	0.000000	0.000000
904.999173	__gene_G_rbs	364.000000	0.000000	0.000000
904.999173	__gene_H_rbs	254.000000	0.000000	0.000000
904.999173	__gene_J_rbs	652.000000	0.000000	0.000000
904.999173	__gene_K_rbs	636.000000	0.000000	0.000000
904.999173	__ribosome	0.000000	0.000000	0.000000
904.999173	bound_ecolipol	1861.000000	0.000000	0.000000
904.999173	bound_ribosome	100.000000	0.000000	0.000000
904.999173	ecoli_genome	139.000000	0.000000	0.000000
904.999173	ecoli_transcript	67817.000000	0.000000	0.000000
904.999173	ecolipol	44.000000	0.000000	0.000000
904.999173	gene_A	223.000000	667.000000	0.001499
904.999173	gene_A*	140.000000	654.000000	0.000000
904.999173	gene_B	133.000000	645.000000	0.001550
904.999173	gene_C	124.000000	634.000000	0.000000
904.999173	gene_D	233.000000	663.000000	0.000000
904.999173	gene_E	193.000000	659.000000	0.000000
904.999173	gene_F	103.000000	474.000000	0.000000
904.999173	gene_G	33.000000	364.000000	0.076923
904.999173	gene_H	0.000000	254.000000	0.145669
904.999173	gene_J	100.000000	652.000000	0.050613
904.999173	gene_K	130.000000	636.000000	0.000000
904.999173	promoter_A	0.000000	0.000000	0.000000
904.999173	promoter_B1	0.000000	0.000000	0.000000
904.999173	promoter_D	0.000000	0.000000	0.000000
909.999513	__gene_A*_rbs	657.000000	0.000000	0.000000
909.999513	__gene_A_rbs	670.000000	0.000000	0.000000
909.999513	__gene_B_rbs	648.000000	0.000000	0.000000
909.999513	__gene_C_rbs	637.000000	0.000000	0.000000
909.999513	__gene_D_rbs	666.000000	0.000000	0.000000
909.999513	__gene_E_rbs	662.000000	0.000000	0.000000
909.999513	__gene_F_rbs	478.000000	0.000000	0.000000
909.999513	__gene_G_rbs	366.000000	0.000000	0.000000
909.999513	__gene_H_rbs	255.000000	0.000000	0.000000
909.999513	__gene_J_rbs	655.000000	0.000000	0.000000
909.999513	__gene_K_rbs	639.000000	0.000000	0.000000
909.999513	__ribosome	0.000000	0.000000	0.000000
909.999513	bound_ecolipol	1868.000000	0.000000	0.000000
909.999513	bound_ribosome	100.000000	0.000000	0.000000
909.999513	ecoli_genome	132.000000	0.000000	0.000000
909.999513	ecoli_transcript	68171.000000	0.000000	0.000000
909.999513	ecolipol	36.000000	0.000000	0.000000
909.999513	gene_A	223.000000	670.000000	0.001493
909.999513	gene_A*	140.000000	657.000000	0.000000
909.999513	gene_B	133.000000	648.000000	0.001543
909.999513	gene_C	124.000000	637.000000	0.000000
909.999513	gene_D	233.000000	666.000000	0.000000
909.999513	gene_E	193.000000	662.000000	0.000000
909.999513	gene_F	103.000000	478.000000	0.000000
909.999513	gene_G	33.000000	366.000000	0.076503
909.999513	gene_H	0.000000	255.000000	0.145098
909.999513	gene_J	100.000000	655.000000	0.050382
909.999513	gene_K	130.000000	639.000000	0.000000
909.999513	promoter_A	0.000000	0.000000	0.000000
909.999513	promoter_B1	0.000000	0.000000	0.000000
909.999513	promoter_D	0.000000	0.000000	0.000000
914.999005	__gene_A*_rbs	661.000000	0.000000	0.000000
914.999005	__gene_A_rbs	674.000000	0.000000	0.000000
914.999005	__gene_B_rbs	652.000000	0.000000	0.000000
914.999005	__gene_C_rbs	641.000000	0.000000	0.000000
914.999005	__gene_D_rbs	670.000000	0.000000	0.000000
914.999005	__gene_E_rbs	666.000000	0.000000	0.000000
914.999005	__gene_F_rbs	480.000000	0.000000	0.000000
914.999005	__gene_G_rbs	368.000000	0.000000	0.000000
914.999005	__gene_H_rbs	258.000000	0.000000	0.000000
914.999005	__gene_J_rbs	659.000000	0.000000	0.000000
914.999005	__gene_K_rbs	643.000000	0.000000	0.000000
914.999005	__ribosome	0.000000	0.000000	0.000000
914.999005	bound_ecolipol	1867.000000	0.000000	0.000000
914.999005	bound_ribosome	100.000000	0.000000	0.000000
914.999005	ecoli_genome	133.000000	0.000000	0.000000
914.999005	ecoli_transcript	68545.000000	0.000000	0.000000
914.999005	ecolipol	39.000000	0.000000	0.000000
914.999005	gene_A	223.000000	674.000000	0.001484
914.999005	gene_A*	140.000000	661.000000	0.000000
914.999005	gene_B	134.000000	652.000000	0.000000
914.999005	gene_C	124.000000	641.000000	0.000000
914.999005	gene_D	233.000000	670.000000	0.000000
914.999005	gene_E	193.000000	666.000000	0.001502
914.999005	gene_F	103.000000	480.000000	0.000000
914.999005	gene_G	33.000000	368.000000	0.076087
914.999005	gene_H	0.000000	258.000000	0.143411
914.999005	gene_J	100.000000	659.000000	0.050076
914.999005	gene_K	130.000000	643.000000	0.000000
914.999005	promoter_A	0.000000	0.000000	0.000000
914.999005	promoter_B1	0.000000	0.000000	0.000000
914.999005	promoter_D	0.000000	0.000000	0.000000
919.999247	__gene_A*_rbs	665.000000	0.000000	0.000000
919.999247	__gene_A_rbs	677.000000	0.000000	0.000000
919.999247	__gene_B_rbs	656.000000	0.000000	0.000000
919.999247	__gene_C_rbs	645.000000	0.000000	0.000000
919.999247	__gene_D_rbs	674.000000	0.000000	0.000000
919.999247	__gene_E_rbs	669.000000	0.000000	0.000000
919.999247	__gene_F_rbs	483.000000	0.000000	0.000000
919.999247	__gene_G_rbs	370.000000	0.000000	0.000000
919.999247	__gene_H_rbs	260.000000	0.000000	0.000000
919.999247	__gene_J_rbs	663.000000	0.000000	0.000000
919.999247	__gene_K_rbs	647.000000	0.000000	0.000000
919.999247	__ribosome	0.000000	0.000000	0.000000
919.999247	bound_ecolipol	1867.000000	0.000000	0.000000
919.999247	bound_ribosome	100.000000	0.000000	0.000000
919.999247	ecoli_genome	133.000000	0.000000	0.000000
919.999247	ecoli_transcript	68904.000000	0.000000	0.000000
919.999247	ecolipol	38.000000	0.000000	0.000000
919.999247	gene_A	223.000000	677.000000	0.001477
919.999247	gene_A*	140.000000	665.000000	0.000000
919.999247	gene_B	134.000000	656.000000	0.000000
919.999247	gene_C	124.000000	645.000000	0.000000
919.999247	gene_D	233.000000	674.000000	0.000000
919.999247	gene_E	193.000000	669.000000	0.001495
919.999247	gene_F	103.000000	483.000000	0.000000
919.999247	gene_G	33.000000	370.000000	0.075676
919.999247	gene_H	0.000000	260.000000	0.142308
919.999247	gene_J	100.000000	663.000000	0.049774
919.999247	gene_K	130.000000	647.000000	0.000000
919.999247	promoter_A	0.000000	0.000000	0.000000
919.999247	promoter_B1	0.000000	0.000000	0.000000
919.999247	promoter_D	0.000000	0.000000	0.000000
924.999174	__gene_A*_rbs	668.000000	0.000000	0.000000
924.999174	__gene_A_rbs	681.000000	0.000000	0.000000
924.999174	__gene_B_rbs	660.000000	0.000000	0.000000
924.999174	__gene_C_rbs	648.000000	0.000000	0.000000
924.999174	__gene_D_rbs	677.000000	0.000000	0.000000
924.999174	__gene_E_rbs	673.000000	0.000000	0.000000
924.999174	__gene_F_rbs	484.000000	0.000000	0.000000
924.999174	__gene_G_rbs	373.000000	0.000000	0.000000
924.999174	__gene_H_rbs	260.000000	0.000000	0.000000
924.999174	__gene_J_rbs	667.000000	0.000000	0.000000
924.999174	__gene_K_rbs	650.000000	0.000000	0.000000
924.999174	__ribosome	0.000000	0.000000	0.000000
924.999174	bound_ecolipol	1858.000000	0.000000	0.000000
924.999174	bound_ribosome	100.000000	0.000000	0.000000
924.999174	ecoli_genome	142.000000	0.000000	0.000000
924.999174	ecoli_transcript	69323.000000	0.000000	0.000000
924.999174	ecolipol	47.000000	0.000000	0.000000
924.999174	gene_A	223.000000	681.000000	0.001468
924.999174	gene_A*	140.000000	668.000000	0.000000
924.999174	gene_B	134.000000	660.000000	0.000000
924.999174	gene_C	124.000000	648.000000	0.000000
924.999174	gene_D	233.000000	677.000000	0.000000
924.999174	gene_E	194.000000	673.000000	0.000000
924.999174	gene_F	103.000000	484.000000	0.002066
924.999174	gene_G	33.000000	373.000000	0.075067
924.999174	gene_H	0.000000	260.000000	0.142308
924.999174	gene_J	100.000000	667.000000	0.049475
924.999174	gene_K	130.000000	650.000000	0.000000
924.999174	promoter_A	0.000000	0.000000	0.000000
924.999174	promoter_B1	0.000000	0.000000	0.000000
924.999174	promoter_D	0.000000	0.000000	0.000000
929.999094	__gene_A*_rbs	672.000000	0.000000	0.000000
929.999094	__gene_A_rbs	685.000000	0.000000	0.000000
929.999094	__gene_B_rbs	663.000000	0.000000	0.000000
929.999094	__gene_C_rbs	652.000000	0.000000	0.000000
929.999094	__gene_D_rbs	681.000000	0.000000	0.000000
929.999094	__gene_E_rbs	677.000000	0.000000	0.000000
929.999094	__gene_F_rbs	487.000000	0.000000	0.000000
929.999094	__gene_G_rbs	375.000000	0.000000	0.000000
929.999094	__gene_H_rbs	260.000000	0.000000	0.000000
929.999094	__gene_J_rbs	670.000000	0.000000	0.000000
929.999094	__gene_K_rbs	654.000000	0.000000	0.000000
929.999094	__ribosome	0.000000	0.000000	0.000000
929.999094	bound_ecolipol	1866.000000	0.000000	0.000000
929.999094	bound_ribosome	100.000000	0.000000	0.000000
929.999094	ecoli_genome	134.000000	0.000000	0.000000
929.999094	ecoli_transcript	69738.000000	0.000000	0.000000
929.999094	ecolipol	40.000000	0.000000	0.000000
929.999094	gene_A	223.000000	685.000000	0.001460
929.999094	gene_A*	140.000000	672.000000	0.000000
929.999094	gene_B	134.000000	663.000000	0.000000
929.999094	gene_C	124.000000	652.000000	0.000000
929.999094	gene_D	233.000000	681.000000	0.000000
929.999094	gene_E	194.000000	677.000000	0.000000
929.999094	gene_F	103.000000	487.000000	0.002053
929.999094	gene_G	33.000000	375.000000	0.074667
929.999094	gene_H	0.000000	260.000000	0.142308
929.999094	gene_J	100.000000	670.000000	0.049254
929.999094	gene_K	130.000000	654.000000	0.000000
929.999094	promoter_A	0.000000	0.000000	0.000000
929.999094	promoter_B1	0.000000	0.000000	0.000000
929.999094	promoter_D	0.000000	0.000000	0.000000
934.999182	__gene_A*_rbs	676.000000	0.000000	0.000000
934.999182	__gene_A_rbs	689.000000	0.000000	0.000000
934.999182	__gene_B_rbs	667.000000	0.000000	0.000000
934.999182	__gene_C_rbs	656.000000	0.000000	0.000000
934.999182	__gene_D_rbs	685.000000	0.000000	0.000000
934.999182	__gene_E_rbs	680.000000	0.000000	0.000000
934.999182	__gene_F_rbs	490.000000	0.000000	0.000000
934.999182	__gene_G_rbs	378.000000	0.000000	0.000000
934.999182	__gene_H_rbs	262.000000	0.000000	0.000000
934.999182	__gene_J_rbs	674.000000	0.000000	0.000000
934.999182	__gene_K_rbs	658.000000	0.000000	0.000000
934.999182	__ribosome	0.000000	0.000000	0.000000
934.999182	bound_ecolipol	1869.000000	0.000000	0.000000
934.999182	bound_ribosome	100.000000	0.000000	0.000000
934.999182	ecoli_genome	131.000000	0.000000	0.000000
934.999182	ecoli_transcript	70125.000000	0.000000	0.000000
934.999182	ecolipol	37.000000	0.000000	0.000000
934.999182	gene_A	223.000000	689.000000	0.001451
934.999182	gene_A*	140.000000	676.000000	0.000000
934.999182	gene_B	134.000000	667.000000	0.000000
934.999182	gene_C	124.000000	656.000000	0.000000
934.999182	gene_D	233.000000	685.000000	0.000000
934.999182	gene_E	194.000000	680.000000	0.000000
934.999182	gene_F	103.000000	490.000000	0.002041
934.999182	gene_G	33.000000	378.000000	0.074074
934.999182	gene_H	0.000000	262.000000	0.141221
934.999182	gene_J	100.000000	674.000000	0.048961
934.999182	gene_K	130.000000	658.000000	0.000000
934.999182	promoter_A	0.000000	0.000000	0.000000
934.999182	promoter_B1	0.000000	0.000000	0.000000
934.999182	promoter_D	0.000000	0.000000	0.000000
939.999215	__gene_A*_rbs	679.000000	0.000000	0.000000
939.999215	__gene_A_rbs	692.000000	0.000000	0.000000
939.999215	__gene_B_rbs	670.000000	0.000000	0.000000
939.999215	__gene_C_rbs	659.000000	0.000000	0.000000
939.999215	__gene_D_rbs	688.000000	0.000000	0.000000
939.999215	__gene_E_rbs	684.000000	0.000000	0.000000
939.999215	__gene_F_rbs	492.000000	0.000000	0.000000
939.999215	__gene_G_rbs	378.000000	0.000000	0.000000
939.999215	__gene_H_rbs	265.000000	0.000000	0.000000
939.999215	__gene_J_rbs	677.000000	0.000000	0.000000
939.999215	__gene_K_rbs	662.000000	0.000000	0.000000
939.999215	__ribosome	0.000000	0.000000	0.000000
939.999215	bound_ecolipol	1867.000000	0.000000	0.000000
939.999215	bound_ribosome	100.000000	0.000000	0.000000
939.999215	ecoli_genome	133.000000	0.000000	0.000000
939.999215	ecoli_transcript	70547.000000	0.000000	0.000000
939.999215	ecolipol	38.000000	0.000000	0.000000
939.999215	gene_A	223.000000	692.000000	0.001445
939.999215	gene_A*	140.000000	679.000000	0.000000
939.999215	gene_B	134.000000	670.000000	0.000000
939.999215	gene_C	124.000000	659.000000	0.000000
939.999215	gene_D	233.000000	688.000000	0.000000
939.999215	gene_E	194.000000	684.000000	0.000000
939.999215	gene_F	103.000000	492.000000	0.002033
939.999215	gene_G	33.000000	378.000000	0.074074
939.999215	gene_H	0.000000	265.000000	0.139623
939.999215	gene_J	100.000000	677.000000	0.048744
939.999215	gene_K	130.000000	662.000000	0.000000
939.999215	promoter_A	0.000000	0.000000	0.000000
939.999215	promoter_B1	0.000000	0.000000	0.000000
939.999215	promoter_D	0.000000	0.000000	0.000000
944.999199	__gene_A*_rbs	683.000000	0.000000	0.000000
944.999199	__gene_A_rbs	695.000000	0.000000	0.000000
944.999199	__gene_B_rbs	674.000000	0.000000	0.000000
944.999199	__gene_C_rbs	663.000000	0.000000	0.000000
944.999199	__gene_D_rbs	692.000000	0.000000	0.000000
944.999199	__gene_E_rbs	688.000000	0.000000	0.000000
944.999199	__gene_F_rbs	494.000000	0.000000	0.000000
944.999199	__gene_G_rbs	379.000000	0.000000	0.000000
944.999199	__gene_H_rbs	267.000000	0.000000	0.000000
944.999199	__gene_J_rbs	681.000000	0.000000	0.000000
944.999199	__gene_K_rbs	665.000000	0.000000	0.000000
944.999199	__ribosome	0.000000	0.000000	0.000000
944.999199	bound_ecolipol	1875.000000	0.000000	0.000000
944.999199	bound_ribosome	100.000000	0.000000	0.000000
944.999199	ecoli_genome	125.000000	0.000000	0.000000
944.999199	ecoli_transcript	70924.000000	0.000000	0.000000
944.999199	ecolipol	35.000000	0.000000	0.000000
944.999199	gene_A	224.000000	695.000000	0.000000
944.999199	gene_A*	140.000000	683.000000	0.000000
944.999199	gene_B	134.000000	674.000000	0.000000
944.999199	gene_C	124.000000	663.000000	0.001508
944.999199	gene_D	233.000000	692.000000	0.000000
944.999199	gene_E	194.000000	688.000000	0.000000
944.999199	gene_F	103.000000	494.000000	0.002024
944.999199	gene_G	33.000000	379.000000	0.073879
944.999199	gene_H	0.000000	267.000000	0.138577
944.999199	gene_J	100.000000	681.000000	0.048458
944.999199	gene_K	130.000000	665.000000	0.000000
944.999199	promoter_A	0.000000	0.000000	0.000000
944.999199	promoter_B1	0.000000	0.000000	0.000000
944.999199	promoter_D	0.000000	0.000000	0.000000
949.999157	__gene_A*_rbs	686.000000	0.000000	0.000000
949.999157	__gene_A_rbs	699.000000	0.000000	0.000000
949.999157	__gene_B_rbs	678.000000	0.000000	0.000000
949.999157	__gene_C_rbs	667.000000	0.000000	0.000000
949.999157	__gene_D_rbs	694.000000	0.000000	0.000000
949.999157	__gene_E_rbs	691.000000	0.000000	0.000000
949.999157	__gene_F_rbs	497.000000	0.000000	0.000000
949.999157	__gene_G_rbs	381.000000	0.000000	0.000000
949.999157	__gene_H_rbs	270.000000	0.000000	0.000000
949.999157	__gene_J_rbs	685.000000	0.000000	0.000000
949.999157	__gene_K_rbs	669.000000	0.000000	0.000000
949.999157	__ribosome	0.000000	0.000000	0.000000
949.999157	bound_ecolipol	1870.000000	0.000000	0.000000
949.999157	bound_ribosome	100.000000	0.000000	0.000000
949.999157	ecoli_genome	130.000000	0.000000	0.000000
949.999157	ecoli_transcript	71275.000000	0.000000	0.000000
949.999157	ecolipol	36.000000	0.000000	0.000000
949.999157	gene_A	224.000000	699.000000	0.000000
949.999157	gene_A*	140.000000	686.000000	0.000000
949.999157	gene_B	134.000000	678.000000	0.000000
949.999157	gene_C	124.000000	667.000000	0.001499
949.999157	gene_D	233.000000	695.000000	0.000000
949.999157	gene_E	194.000000	691.000000	0.000000
949.999157	gene_F	103.000000	497.000000	0.002012
949.999157	gene_G	33.000000	381.000000	0.073491
949.999157	gene_H	0.000000	270.000000	0.137037
949.999157	gene_J	100.000000	685.000000	0.048175
949.999157	gene_K	130.000000	669.000000	0.000000
949.999157	promoter_A	0.000000	0.000000	0.000000
949.999157	promoter_B1	0.000000	0.000000	0.000000
949.999157	promoter_D	0.000000	0.000000	0.000000
954.999144	__gene_A*_rbs	690.000000	0.000000	0.000000
954.999144	__gene_A_rbs	703.000000	0.000000	0.000000
954.999144	__gene_B_rbs	682.000000	0.000000	0.000000
954.999144	__gene_C_rbs	671.000000	0.000000	0.000000
954.999144	__gene_D_rbs	699.000000	0.000000	0.000000
954.999144	__gene_E_rbs	695.000000	0.000000	0.000000
954.999144	__gene_F_rbs	501.000000	0.000000	0.000000
954.999144	__gene_G_rbs	383.000000	0.000000	0.000000
954.999144	__gene_H_rbs	270.000000	0.000000	0.000000
954.999144	__gene_J_rbs	689.000000	0.000000	0.000000
954.999144	__gene_K_rbs	673.000000	0.000000	0.000000
954.999144	__ribosome	0.000000	0.000000	0.000000
954.999144	bound_ecolipol	1859.000000	0.000000	0.000000
954.999144	bound_ribosome	100.000000	0.000000	0.000000
954.999144	ecoli_genome	141.000000	0.000000	0.000000
954.999144	ecoli_transcript	71642.000000	0.000000	0.000000
954.999144	ecolipol	47.000000	0.000000	0.000000
954.999144	gene_A	224.000000	703.000000	0.000000
954.999144	gene_A*	140.000000	690.000000	0.001449
954.999144	gene_B	134.000000	682.000000	0.000000
954.999144	gene_C	125.000000	671.000000	0.000000
954.999144	gene_D	233.000000	699.000000	0.000000
954.999144	gene_E	194.000000	695.000000	0.000000
954.999144	gene_F	103.000000	501.000000	0.001996
954.999144	gene_G	33.000000	383.000000	0.073107
954.999144	gene_H	0.000000	270.000000	0.137037
954.999144	gene_J	100.000000	689.000000	0.047896
954.999144	gene_K	130.000000	673.000000	0.000000
954.999144	promoter_A	0.000000	0.000000	0.000000
954.999144	promoter_B1	0.000000	0.000000	0.000000
954.999144	promoter_D	0.000000	0.000000	0.000000
959.999172	__gene_A*_rbs	693.000000	0.000000	0.000000
959.999172	__gene_A_rbs	707.000000	0.000000	0.000000
959.999172	__gene_B_rbs	686.000000	0.000000	0.000000
959.999172	__gene_C_rbs	674.000000	0.000000	0.000000
959.999172	__gene_D_rbs	703.000000	0.000000	0.000000
959.999172	__gene_E_rbs	699.000000	0.000000	0.000000
959.999172	__gene_F_rbs	503.000000	0.000000	0.000000
959.999172	__gene_G_rbs	385.000000	0.000000	0.000000
959.999172	__gene_H_rbs	270.000000	0.000000	0.000000
959.999172	__gene_J_rbs	693.000000	0.000000	0.000000
959.999172	__gene_K_rbs	676.000000	0.000000	0.000000
959.999172	__ribosome	0.000000	0.000000	0.000000
959.999172	bound_ecolipol	1865.000000	0.000000	0.000000
959.999172	bound_ribosome	100.000000	0.000000	0.000000
959.999172	ecoli_genome	135.000000	0.000000	0.000000
959.999172	ecoli_transcript	71979.000000	0.000000	0.000000
959.999172	ecolipol	40.000000	0.000000	0.000000
959.999172	gene_A	224.000000	707.000000	0.000000
959.999172	gene_A*	140.000000	693.000000	0.001443
959.999172	gene_B	134.000000	686.000000	0.000000
959.999172	gene_C	125.000000	674.000000	0.000000
959.999172	gene_D	233.000000	703.000000	0.000000
959.999172	gene_E	194.000000	699.000000	0.000000
959.999172	gene_F	103.000000	503.000000	0.001988
959.999172	gene_G	33.000000	385.000000	0.072727
959.999172	gene_H	0.000000	270.000000	0.137037
959.999172	gene_J	100.000000	693.000000	0.047619
959.999172	gene_K	130.000000	676.000000	0.000000
959.999172	promoter_A	0.000000	0.000000	0.000000
959.999172	promoter_B1	0.000000	0.000000	0.000000
959.999172	promoter_D	0.000000	0.000000	0.000000
964.999030	__gene_A*_rbs	697.000000	0.000000	0.000000
964.999030	__gene_A_rbs	711.000000	0.000000	0.000000
964.999030	__gene_B_rbs	689.000000	0.000000	0.000000
964.999030	__gene_C_rbs	678.000000	0.000000	0.000000
964.999030	__gene_D_rbs	707.000000	0.000000	0.000000
964.999030	__gene_E_rbs	703.000000	0.000000	0.000000
964.999030	__gene_F_rbs	505.000000	0.000000	0.000000
964.999030	__gene_G_rbs	387.000000	0.000000	0.000000
964.999030	__gene_H_rbs	270.000000	0.000000	0.000000
964.999030	__gene_J_rbs	695.000000	0.000000	0.000000
964.999030	__gene_K_rbs	680.000000	0.000000	0.000000
964.999030	__ribosome	0.000000	0.000000	0.000000
964.999030	bound_ecolipol	1864.000000	0.000000	0.000000
964.999030	bound_ribosome	100.000000	0.000000	0.000000
964.999030	ecoli_genome	136.000000	0.000000	0.000000
964.999030	ecoli_transcript	72361.000000	0.000000	0.000000
964.999030	ecolipol	44.000000	0.000000	0.000000
964.999030	gene_A	224.000000	711.000000	0.000000
964.999030	gene_A*	140.000000	697.000000	0.001435
964.999030	gene_B	134.000000	689.000000	0.000000
964.999030	gene_C	125.000000	678.000000	0.000000
964.999030	gene_D	233.000000	707.000000	0.000000
964.999030	gene_E	194.000000	703.000000	0.000000
964.999030	gene_F	104.000000	505.000000	0.000000
964.999030	gene_G	33.000000	387.000000	0.072351
964.999030	gene_H	0.000000	270.000000	0.137037
964.999030	gene_J	100.000000	696.000000	0.048851
964.999030	gene_K	130.000000	680.000000	0.000000
964.999030	promoter_A	0.000000	0.000000	0.000000
964.999030	promoter_B1	0.000000	0.000000	0.000000
964.999030	promoter_D	0.000000	0.000000	0.000000
969.999299	__gene_A*_rbs	701.000000	0.000000	0.000000
969.999299	__gene_A_rbs	714.000000	0.000000	0.000000
969.999299	__gene_B_rbs	692.000000	0.000000	0.000000
969.999299	__gene_C_rbs	682.000000	0.000000	0.000000
969.999299	__gene_D_rbs	710.000000	0.000000	0.000000
969.999299	__gene_E_rbs	706.000000	0.000000	0.000000
969.999299	__gene_F_rbs	508.000000	0.000000	0.000000
969.999299	__gene_G_rbs	388.000000	0.000000	0.000000
969.999299	__gene_H_rbs	271.000000	0.000000	0.000000
969.999299	__gene_J_rbs	699.000000	0.000000	0.000000
969.999299	__gene_K_rbs	684.000000	0.000000	0.000000
969.999299	__ribosome	0.000000	0.000000	0.000000
969.999299	bound_ecolipol	1879.000000	0.000000	0.000000
969.999299	bound_ribosome	100.000000	0.000000	0.000000
969.999299	ecoli_genome	121.000000	0.000000	0.000000
969.999299	ecoli_transcript	72707.000000	0.000000	0.000000
969.999299	ecolipol	31.000000	0.000000	0.000000
969.999299	gene_A	224.000000	714.000000	0.001401
969.999299	gene_A*	140.000000	701.000000	0.001427
969.999299	gene_B	134.000000	693.000000	0.000000
969.999299	gene_C	125.000000	682.000000	0.000000
969.999299	gene_D	233.000000	710.000000	0.000000
969.999299	gene_E	194.000000	706.000000	0.000000
969.999299	gene_F	104.000000	508.000000	0.000000
969.999299	gene_G	33.000000	388.000000	0.072165
969.999299	gene_H	0.000000	271.000000	0.136531
969.999299	gene_J	101.000000	699.000000	0.047210
969.999299	gene_K	130.000000	684.000000	0.000000
969.999299	promoter_A	0.000000	0.000000	0.000000
969.999299	promoter_B1	0.000000	0.000000	0.000000
969.999299	promoter_D	0.000000	0.000000	0.000000
974.999185	__gene_A*_rbs	705.000000	0.000000	0.000000
974.999185	__gene_A_rbs	717.000000	0.000000	0.000000
974.999185	__gene_B_rbs	697.000000	0.000000	0.000000
974.999185	__gene_C_rbs	686.000000	0.000000	0.000000
974.999185	__gene_D_rbs	714.000000	0.000000	0.000000
974.999185	__gene_E_rbs	710.000000	0.000000	0.000000
974.999185	__gene_F_rbs	512.000000	0.000000	0.000000
974.999185	__gene_G_rbs	391.000000	0.000000	0.000000
974.999185	__gene_H_rbs	271.000000	0.000000	0.000000
974.999185	__gene_J_rbs	703.000000	0.000000	0.000000
974.999185	__gene_K_rbs	688.000000	0.000000	0.000000
974.999185	__ribosome	0.000000	0.000000	0.000000
974.999185	bound_ecolipol	1868.000000	0.000000	0.000000
974.999185	bound_ribosome	100.000000	0.000000	0.000000
974.999185	ecoli_genome	132.000000	0.000000	0.000000
974.999185	ecoli_transcript	73055.000000	0.000000	0.000000
974.999185	ecolipol	43.000000	0.000000	0.000000
974.999185	gene_A	224.000000	717.000000	0.001395
974.999185	gene_A*	140.000000	705.000000	0.001418
974.999185	gene_B	134.000000	697.000000	0.000000
974.999185	gene_C	125.000000	686.000000	0.000000
974.999185	gene_D	233.000000	714.000000	0.000000
974.999185	gene_E	194.000000	710.000000	0.000000
974.999185	gene_F	104.000000	512.000000	0.000000
974.999185	gene_G	33.000000	391.000000	0.071611
974.999185	gene_H	0.000000	271.000000	0.136531
974.999185	gene_J	101.000000	703.000000	0.046942
974.999185	gene_K	130.000000	688.000000	0.000000
974.999185	promoter_A	0.000000	0.000000	0.000000
974.999185	promoter_B1	0.000000	0.000000	0.000000
974.999185	promoter_D	0.000000	0.000000	0.000000
979.999157	__gene_A*_rbs	708.000000	0.000000	0.000000
979.999157	__gene_A_rbs	721.000000	0.000000	0.000000
979.999157	__gene_B_rbs	700.000000	0.000000	0.000000
979.999157	__gene_C_rbs	689.000000	0.000000	0.000000
979.999157	__gene_D_rbs	718.000000	0.000000	0.000000
979.999157	__gene_E_rbs	713.000000	0.000000	0.000000
979.999157	__gene_F_rbs	516.000000	0.000000	0.000000
979.999157	__gene_G_rbs	394.000000	0.000000	0.000000
979.999157	__gene_H_rbs	271.000000	0.000000	0.000000
979.999157	__gene_J_rbs	707.000000	0.000000	0.000000
979.999157	__gene_K_rbs	691.000000	0.000000	0.000000
979.999157	__ribosome	0.000000	0.000000	0.000000
979.999157	bound_ecolipol	1857.000000	0.000000	0.000000
979.999157	bound_ribosome	100.000000	0.000000	0.000000
979.999157	ecoli_genome	143.000000	0.000000	0.000000
979.999157	ecoli_transcript	73455.000000	0.000000	0.000000
979.999157	ecolipol	53.000000	0.000000	0.000000
979.999157	gene_A	224.000000	721.000000	0.001387
979.999157	gene_A*	140.000000	708.000000	0.001412
979.999157	gene_B	134.000000	700.000000	0.000000
979.999157	gene_C	125.000000	689.000000	0.000000
979.999157	gene_D	233.000000	718.000000	0.000000
979.999157	gene_E	194.000000	713.000000	0.000000
979.999157	gene_F	104.000000	516.000000	0.000000
979.999157	gene_G	33.000000	394.000000	0.071066
979.999157	gene_H	0.000000	271.000000	0.136531
979.999157	gene_J	101.000000	707.000000	0.046676
979.999157	gene_K	130.000000	691.000000	0.000000
979.999157	promoter_A	0.000000	0.000000	0.000000
979.999157	promoter_B1	0.000000	0.000000	0.000000
979.999157	promoter_D	0.000000	0.000000	0.000000
984.999347	__gene_A*_rbs	712.000000	0.000000	0.000000
984.999347	__gene_A_rbs	725.000000	0.000000	0.000000
984.999347	__gene_B_rbs	704.000000	0.000000	0.000000
984.999347	__gene_C_rbs	693.000000	0.000000	0.000000
984.999347	__gene_D_rbs	721.000000	0.000000	0.000000
984.999347	__gene_E_rbs	717.000000	0.000000	0.000000
984.999347	__gene_F_rbs	518.000000	0.000000	0.000000
984.999347	__gene_G_rbs	395.000000	0.000000	0.000000
984.999347	__gene_H_rbs	272.000000	0.000000	0.000000
984.999347	__gene_J_rbs	710.000000	0.000000	0.000000
984.999347	__gene_K_rbs	695.000000	0.000000	0.000000
984.999347	__ribosome	0.000000	0.000000	0.000000
984.999347	bound_ecolipol	1875.000000	0.000000	0.000000
984.999347	bound_ribosome	100.000000	0.000000	0.000000
984.999347	ecoli_genome	125.000000	0.000000	0.000000
984.999347	ecoli_transcript	73818.000000	0.000000	0.000000
984.999347	ecolipol	35.000000	0.000000	0.000000
984.999347	gene_A	224.000000	725.000000	0.001379
984.999347	gene_A*	140.000000	712.000000	0.001404
984.999347	gene_B	134.000000	704.000000	0.000000
984.999347	gene_C	125.000000	693.000000	0.000000
984.999347	gene_D	233.000000	721.000000	0.000000
984.999347	gene_E	194.000000	717.000000	0.000000
984.999347	gene_F	104.000000	518.000000	0.000000
984.999347	gene_G	33.000000	395.000000	0.070886
984.999347	gene_H	0.000000	272.000000	0.136029
984.999347	gene_J	101.000000	710.000000	0.046479
984.999347	gene_K	130.000000	695.000000	0.000000
984.999347	promoter_A	0.000000	0.000000	0.000000
984.999347	promoter_B1	0.000000	0.000000	0.000000
984.999347	promoter_D	0.000000	0.000000	0.000000
989.999029	__gene_A*_rbs	715.000000	0.000000	0.000000
989.999029	__gene_A_rbs	728.000000	0.000000	0.000000
989.999029	__gene_B_rbs	707.000000	0.000000	0.000000
989.999029	__gene_C_rbs	696.000000	0.000000	0.000000
989.999029	__gene_D_rbs	725.000000	0.000000	0.000000
989.999029	__gene_E_rbs	721.000000	0.000000	0.000000
989.999029	__gene_F_rbs	520.000000	0.000000	0.000000
989.999029	__gene_G_rbs	396.000000	0.000000	0.000000
989.999029	__gene_H_rbs	273.000000	0.000000	0.000000
989.999029	__gene_J_rbs	714.000000	0.000000	0.000000
989.999029	__gene_K_rbs	698.000000	0.000000	0.000000
989.999029	__ribosome	0.000000	0.000000	0.000000
989.999029	bound_ecolipol	1869.000000	0.000000	0.000000
989.999029	bound_ribosome	100.000000	0.000000	0.000000
989.999029	ecoli_genome	131.000000	0.000000	0.000000
989.999029	ecoli_transcript	74171.000000	0.000000	0.000000
989.999029	ecolipol	38.000000	0.000000	0.000000
989.999029	gene_A	224.000000	728.000000	0.001374
989.999029	gene_A*	141.000000	715.000000	0.000000
989.999029	gene_B	134.000000	707.000000	0.000000
989.999029	gene_C	125.000000	696.000000	0.000000
989.999029	gene_D	233.000000	725.000000	0.000000
989.999029	gene_E	194.000000	721.000000	0.000000
989.999029	gene_F	104.000000	520.000000	0.001923
989.999029	gene_G	33.000000	396.000000	0.070707
989.999029	gene_H	0.000000	273.000000	0.135531
989.999029	gene_J	101.000000	714.000000	0.046218
989.999029	gene_K	130.000000	698.000000	0.000000
989.999029	promoter_A	0.000000	0.000000	0.000000
989.999029	promoter_B1	0.000000	0.000000	0.000000
989.999029	promoter_D	0.000000	0.000000	0.000000
994.999276	__gene_A*_rbs	719.000000	0.000000	0.000000
994.999276	__gene_A_rbs	732.000000	0.000000	0.000000
994.999276	__gene_B_rbs	710.000000	0.000000	0.000000
994.999276	__gene_C_rbs	700.000000	0.000000	0.000000
994.999276	__gene_D_rbs	729.000000	0.000000	0.000000
994.999276	__gene_E_rbs	725.000000	0.000000	0.000000
994.999276	__gene_F_rbs	522.000000	0.000000	0.000000
994.999276	__gene_G_rbs	398.000000	0.000000	0.000000
994.999276	__gene_H_rbs	276.000000	0.000000	0.000000
994.999276	__gene_J_rbs	718.000000	0.000000	0.000000
994.999276	__gene_K_rbs	702.000000	0.000000	0.000000
994.999276	__ribosome	0.000000	0.000000	0.000000
994.999276	bound_ecolipol	1857.000000	0.000000	0.000000
994.999276	bound_ribosome	100.000000	0.000000	0.000000
994.999276	ecoli_genome	143.000000	0.000000	0.000000
994.999276	ecoli_transcript	74550.000000	0.000000	0.000000
994.999276	ecolipol	54.000000	0.000000	0.000000
994.999276	gene_A	224.000000	732.000000	0.001366
994.999276	gene_A*	141.000000	719.000000	0.000000
994.999276	gene_B	134.000000	710.000000	0.000000
994.999276	gene_C	125.000000	700.000000	0.000000
994.999276	gene_D	233.000000	729.000000	0.000000
994.999276	gene_E	194.000000	725.000000	0.000000
994.999276	gene_F	104.000000	522.000000	0.001916
994.999276	gene_G	33.000000	398.000000	0.070352
994.999276	gene_H	0.000000	276.000000	0.134058
994.999276	gene_J	101.000000	718.000000	0.045961
994.999276	gene_K	130.000000	702.000000	0.000000
994.999276	promoter_A	0.000000	0.000000	0.000000
994.999276	promoter_B1	0.000000	0.000000	0.000000
994.999276	promoter_D	0.000000	0.000000	0.000000
999.999067	__gene_A*_rbs	723.000000	0.000000	0.000000
999.999067	__gene_A_rbs	736.000000	0.000000	0.000000
999.999067	__gene_B_rbs	714.000000	0.000000	0.000000
999.999067	__gene_C_rbs	703.000000	0.000000	0.000000
999.999067	__gene_D_rbs	733.000000	0.000000	0.000000
999.999067	__gene_E_rbs	728.000000	0.000000	0.000000
999.999067	__gene_F_rbs	524.000000	0.000000	0.000000
999.999067	__gene_G_rbs	400.000000	0.000000	0.000000
999.999067	__gene_H_rbs	277.000000	0.000000	0.000000
999.999067	__gene_J_rbs	722.000000	0.000000	0.000000
999.999067	__gene_K_rbs	705.000000	0.000000	0.000000
999.999067	__ribosome	0.000000	0.000000	0.000000
999.999067	bound_ecolipol	1864.000000	0.000000	0.000000
999.999067	bound_ribosome	100.000000	0.000000	0.000000
999.999067	ecoli_genome	136.000000	0.000000	0.000000
999.999067	ecoli_transcript	74892.000000	0.000000	0.000000
999.999067	ecolipol	46.000000	0.000000	0.000000
999.999067	gene_A	224.000000	736.000000	0.001359
999.999067	gene_A*	141.000000	723.000000	0.000000
999.999067	gene_B	134.000000	714.000000	0.000000
999.999067	gene_C	125.000000	703.000000	0.000000
999.999067	gene_D	233.000000	733.000000	0.000000
999.999067	gene_E	194.000000	728.000000	0.000000
999.999067	gene_F	104.000000	524.000000	0.001908
999.999067	gene_G	33.000000	400.000000	0.070000
999.999067	gene_H	0.000000	277.000000	0.133574
999.999067	gene_J	101.000000	722.000000	0.045706
999.999067	gene_K	130.000000	705.000000	0.000000
999.999067	promoter_A	0.000000	0.000000	0.000000
999.999067	promoter_B1	0.000000	0.000000	0.000000
999.999067	promoter_D	0.000000	0.000000	0.000000
1004.999136	__gene_A*_rbs	726.000000	0.000000	0.000000
1004.999136	__gene_A_rbs	739.000000	0.000000	0.000000
1004.999136	__gene_B_rbs	718.000000	0.000000	0.000000
1004.999136	__gene_C_rbs	707.000000	0.000000	0.000000
1004.999136	__gene_D_rbs	736.000000	0.000000	0.000000
1004.999136	__gene_E_rbs	732.000000	0.000000	0.000000
1004.999136	__gene_F_rbs	526.000000	0.000000	0.000000
1004.999136	__gene_G_rbs	402.000000	0.000000	0.000000
1004.999136	__gene_H_rbs	278.000000	0.000000	0.000000
1004.999136	__gene_J_rbs	725.000000	0.000000	0.000000
1004.999136	__gene_K_rbs	709.000000	0.000000	0.000000
1004.999136	__ribosome	0.000000	0.000000	0.000000
1004.999136	bound_ecolipol	1866.000000	0.000000	0.000000
1004.999136	bound_ribosome	100.000000	0.000000	0.000000
1004.999136	ecoli_genome	134.000000	0.000000	0.000000
1004.999136	ecoli_transcript	75274.000000	0.000000	0.000000
1004.999136	ecolipol	43.000000	0.000000	0.000000
1004.999136	gene_A	224.000000	739.000000	0.001353
1004.999136	gene_A*	141.000000	726.000000	0.000000
1004.999136	gene_B	134.000000	718.000000	0.000000
1004.999136	gene_C	125.000000	707.000000	0.000000
1004.999136	gene_D	233.000000	736.000000	0.000000
1004.999136	gene_E	194.000000	732.000000	0.000000
1004.999136	gene_F	104.000000	526.000000	0.001901
1004.999136	gene_G	33.000000	402.000000	0.069652
1004.999136	gene_H	0.000000	278.000000	0.133094
1004.999136	gene_J	101.000000	725.000000	0.045517
1004.999136	gene_K	130.000000	709.000000	0.000000
1004.999136	promoter_A	0.000000	0.000000	0.000000
1004.999136	promoter_B1	0.000000	0.000000	0.000000
1004.999136	promoter_D	0.000000	0.000000	0.000000
1009.999256	__gene_A*_rbs	730.000000	0.000000	0.000000
1009.999256	__gene_A_rbs	743.000000	0.000000	0.000000
1009.999256	__gene_B_rbs	722.000000	0.000000	0.000000
1009.999256	__gene_C_rbs	711.000000	0.000000	0.000000
1009.999256	__gene_D_rbs	740.000000	0.000000	0.000000
1009.999256	__gene_E_rbs	736.000000	0.000000	0.000000
1009.999256	__gene_F_rbs	528.000000	0.000000	0.000000
1009.999256	__gene_G_rbs	405.000000	0.000000	0.000000
1009.999256	__gene_H_rbs	278.000000	0.000000	0.000000
1009.999256	__gene_J_rbs	729.000000	0.000000	0.000000
1009.999256	__gene_K_rbs	713.000000	0.000000	0.000000
1009.999256	__ribosome	0.000000	0.000000	0.000000
1009.999256	bound_ecolipol	1870.000000	0.000000	0.000000
1009.999256	bound_ribosome	100.000000	0.000000	0.000000
1009.999256	ecoli_genome	130.000000	0.000000	0.000000
1009.999256	ecoli_transcript	75625.000000	0.000000	0.000000
1009.999256	ecolipol	38.000000	0.000000	0.000000
1009.999256	gene_A	224.000000	743.000000	0.001346
1009.999256	gene_A*	141.000000	730.000000	0.000000
1009.999256	gene_B	134.000000	722.000000	0.000000
1009.999256	gene_C	125.000000	711.000000	0.000000
1009.999256	gene_D	233.000000	740.000000	0.000000
1009.999256	gene_E	194.000000	736.000000	0.000000
1009.999256	gene_F	104.000000	528.000000	0.001894
1009.999256	gene_G	33.000000	405.000000	0.069136
1009.999256	gene_H	0.000000	278.000000	0.133094
1009.999256	gene_J	101.000000	729.000000	0.045267
1009.999256	gene_K	130.000000	713.000000	0.000000
1009.999256	promoter_A	0.000000	0.000000	0.000000
1009.999256	promoter_B1	0.000000	0.000000	0.000000
1009.999256	promoter_D	0.000000	0.000000	0.000000
1014.999595	__gene_A*_rbs	734.000000	0.000000	0.000000
1014.999595	__gene_A_rbs	747.000000	0.000000	0.000000
1014.999595	__gene_B_rbs	725.000000	0.000000	0.000000
1014.999595	__gene_C_rbs	714.000000	0.000000	0.000000
1014.999595	__gene_D_rbs	743.000000	0.000000	0.000000
1014.999595	__gene_E_rbs	739.000000	0.000000	0.000000
1014.999595	__gene_F_rbs	529.000000	0.000000	0.000000
1014.999595	__gene_G_rbs	408.000000	0.000000	0.000000
1014.999595	__gene_H_rbs	281.000000	0.000000	0.000000
1014.999595	__gene_J_rbs	732.000000	0.000000	0.000000
1014.999595	__gene_K_rbs	717.000000	0.000000	0.000000
1014.999595	__ribosome	0.000000	0.000000	0.000000
1014.999595	bound_ecolipol	1865.000000	0.000000	0.000000
1014.999595	bound_ribosome	100.000000	0.000000	0.000000
1014.999595	ecoli_genome	135.000000	0.000000	0.000000
1014.999595	ecoli_transcript	76024.000000	0.000000	0.000000
1014.999595	ecolipol	42.000000	0.000000	0.000000
1014.999595	gene_A	224.000000	747.000000	0.001339
1014.999595	gene_A*	141.000000	734.000000	0.000000
1014.999595	gene_B	134.000000	725.000000	0.000000
1014.999595	gene_C	125.000000	714.000000	0.000000
1014.999595	gene_D	233.000000	743.000000	0.000000
1014.999595	gene_E	194.000000	739.000000	0.000000
1014.999595	gene_F	104.000000	529.000000	0.001890
1014.999595	gene_G	33.000000	408.000000	0.068627
1014.999595	gene_H	0.000000	281.000000	0.131673
1014.999595	gene_J	101.000000	732.000000	0.045082
1014.999595	gene_K	130.000000	717.000000	0.000000
1014.999595	promoter_A	0.000000	0.000000	0.000000
1014.999595	promoter_B1	0.000000	0.000000	0.000000
1014.999595	promoter_D	0.000000	0.000000	0.000000
1019.999111	__gene_A*_rbs	738.000000	0.000000	0.000000
1019.999111	__gene_A_rbs	750.000000	0.000000	0.000000
1019.999111	__gene_B_rbs	730.000000	0.000000	0.000000
1019.999111	__gene_C_rbs	718.000000	0.000000	0.000000
1019.999111	__gene_D_rbs	747.000000	0.000000	0.000000
1019.999111	__gene_E_rbs	743.000000	0.000000	0.000000
1019.999111	__gene_F_rbs	533.000000	0.000000	0.000000
1019.999111	__gene_G_rbs	410.000000	0.000000	0.000000
1019.999111	__gene_H_rbs	283.000000	0.000000	0.000000
1019.999111	__gene_J_rbs	736.000000	0.000000	0.000000
1019.999111	__gene_K_rbs	719.000000	0.000000	0.000000
1019.999111	__ribosome	0.000000	0.000000	0.000000
1019.999111	bound_ecolipol	1857.000000	0.000000	0.000000
1019.999111	bound_ribosome	100.000000	0.000000	0.000000
1019.999111	ecoli_genome	143.000000	0.000000	0.000000
1019.999111	ecoli_transcript	76382.000000	0.000000	0.000000
1019.999111	ecolipol	52.000000	0.000000	0.000000
1019.999111	gene_A	224.000000	750.000000	0.001333
1019.999111	gene_A*	141.000000	738.000000	0.000000
1019.999111	gene_B	134.000000	730.000000	0.000000
1019.999111	gene_C	125.000000	718.000000	0.000000
1019.999111	gene_D	233.000000	747.000000	0.000000
1019.999111	gene_E	194.000000	743.000000	0.000000
1019.999111	gene_F	104.000000	533.000000	0.001876
1019.999111	gene_G	33.000000	410.000000	0.068293
1019.999111	gene_H	0.000000	283.000000	0.130742
1019.999111	gene_J	101.000000	736.000000	0.044837
1019.999111	gene_K	130.000000	720.000000	0.000000
1019.999111	promoter_A	0.000000	0.000000	0.000000
1019.999111	promoter_B1	0.000000	0.000000	0.000000
1019.999111	promoter_D	0.000000	0.000000	0.000000
1024.999162	__gene_A*_rbs	742.000000	0.000000	0.000000
1024.999162	__gene_A_rbs	754.000000	0.000000	0.000000
1024.999162	__gene_B_rbs	733.000000	0.000000	0.000000
1024.999162	__gene_C_rbs	722.000000	0.000000	0.000000
1024.999162	__gene_D_rbs	751.000000	0.000000	0.000000
1024.999162	__gene_E_rbs	746.000000	0.000000	0.000000
1024.999162	__gene_F_rbs	534.000000	0.000000	0.000000
1024.999162	__gene_G_rbs	414.000000	0.000000	0.000000
1024.999162	__gene_H_rbs	283.000000	0.000000	0.000000
1024.999162	__gene_J_rbs	740.000000	0.000000	0.000000
1024.999162	__gene_K_rbs	724.000000	0.000000	0.000000
1024.999162	__ribosome	0.000000	0.000000	0.000000
1024.999162	bound_ecolipol	1866.000000	0.000000	0.000000
1024.999162	bound_ribosome	100.000000	0.000000	0.000000
1024.999162	ecoli_genome	134.000000	0.000000	0.000000
1024.999162	ecoli_transcript	76778.000000	0.000000	0.000000
1024.999162	ecolipol	45.000000	0.000000	0.000000
1024.999162	gene_A	225.000000	754.000000	0.000000
1024.999162	gene_A*	141.000000	742.000000	0.000000
1024.999162	gene_B	134.000000	733.000000	0.000000
1024.999162	gene_C	125.000000	722.000000	0.000000
1024.999162	gene_D	233.000000	751.000000	0.000000
1024.999162	gene_E	194.000000	746.000000	0.001340
1024.999162	gene_F	104.000000	534.000000	0.001873
1024.999162	gene_G	33.000000	414.000000	0.067633
1024.999162	gene_H	0.000000	283.000000	0.130742
1024.999162	gene_J	101.000000	740.000000	0.044595
1024.999162	gene_K	130.000000	724.000000	0.000000
1024.999162	promoter_A	0.000000	0.000000	0.000000
1024.999162	promoter_B1	0.000000	0.000000	0.000000
1024.999162	promoter_D	0.000000	0.000000	0.000000
1029.999376	__gene_A*_rbs	745.000000	0.000000	0.000000
1029.999376	__gene_A_rbs	757.000000	0.000000	0.000000
1029.999376	__gene_B_rbs	736.000000	0.000000	0.000000
1029.999376	__gene_C_rbs	725.000000	0.000000	0.000000
1029.999376	__gene_D_rbs	755.000000	0.000000	0.000000
1029.999376	__gene_E_rbs	750.000000	0.000000	0.000000
1029.999376	__gene_F_rbs	536.000000	0.000000	0.000000
1029.999376	__gene_G_rbs	414.000000	0.000000	0.000000
1029.999376	__gene_H_rbs	284.000000	0.000000	0.000000
1029.999376	__gene_J_rbs	744.000000	0.000000	0.000000
1029.999376	__gene_K_rbs	727.000000	0.000000	0.000000
1029.999376	__ribosome	0.000000	0.000000	0.000000
1029.999376	bound_ecolipol	1878.000000	0.000000	0.000000
1029.999376	bound_ribosome	100.000000	0.000000	0.000000
1029.999376	ecoli_genome	122.000000	0.000000	0.000000
1029.999376	ecoli_transcript	77166.000000	0.000000	0.000000
1029.999376	ecolipol	35.000000	0.000000	0.000000
1029.999376	gene_A	225.000000	757.000000	0.000000
1029.999376	gene_A*	141.000000	745.000000	0.000000
1029.999376	gene_B	134.000000	736.000000	0.000000
1029.999376	gene_C	125.000000	725.000000	0.000000
1029.999376	gene_D	233.000000	755.000000	0.000000
1029.999376	gene_E	194.000000	750.000000	0.001333
1029.999376	gene_F	105.000000	536.000000	0.000000
1029.999376	gene_G	33.000000	414.000000	0.067633
1029.999376	gene_H	0.000000	284.000000	0.130282
1029.999376	gene_J	101.000000	744.000000	0.045699
1029.999376	gene_K	130.000000	727.000000	0.000000
1029.999376	promoter_A	0.000000	0.000000	0.000000
1029.999376	promoter_B1	0.000000	0.000000	0.000000
1029.999376	promoter_D	0.000000	0.000000	0.000000
1034.999341	__gene_A*_rbs	749.000000	0.000000	0.000000
1034.999341	__gene_A_rbs	761.000000	0.000000	0.000000
1034.999341	__gene_B_rbs	740.000000	0.000000	0.000000
1034.999341	__gene_C_rbs	729.000000	0.000000	0.000000
1034.999341	__gene_D_rbs	758.000000	0.000000	0.000000
1034.999341	__gene_E_rbs	754.000000	0.000000	0.000000
1034.999341	__gene_F_rbs	538.000000	0.000000	0.000000
1034.999341	__gene_G_rbs	415.000000	0.000000	0.000000
1034.999341	__gene_H_rbs	284.000000	0.000000	0.000000
1034.999341	__gene_J_rbs	748.000000	0.000000	0.000000
1034.999341	__gene_K_rbs	731.000000	0.000000	0.000000
1034.999341	__ribosome	0.000000	0.000000	0.000000
1034.999341	bound_ecolipol	1878.000000	0.000000	0.000000
1034.999341	bound_ribosome	100.000000	0.000000	0.000000
1034.999341	ecoli_genome	122.000000	0.000000	0.000000
1034.999341	ecoli_transcript	77510.000000	0.000000	0.000000
1034.999341	ecolipol	35.000000	0.000000	0.000000
1034.999341	gene_A	225.000000	761.000000	0.001314
1034.999341	gene_A*	141.000000	749.000000	0.000000
1034.999341	gene_B	134.000000	740.000000	0.000000
1034.999341	gene_C	125.000000	729.000000	0.000000
1034.999341	gene_D	233.000000	758.000000	0.000000
1034.999341	gene_E	195.000000	754.000000	0.000000
1034.999341	gene_F	105.000000	538.000000	0.000000
1034.999341	gene_G	33.000000	415.000000	0.067470
1034.999341	gene_H	0.000000	284.000000	0.130282
1034.999341	gene_J	101.000000	748.000000	0.045455
1034.999341	gene_K	130.000000	731.000000	0.000000
1034.999341	promoter_A	0.000000	0.000000	0.000000
1034.999341	promoter_B1	0.000000	0.000000	0.000000
1034.999341	promoter_D	0.000000	0.000000	0.000000
1039.999296	__gene_A*_rbs	753.000000	0.000000	0.000000
1039.999296	__gene_A_rbs	765.000000	0.000000	0.000000
1039.999296	__gene_B_rbs	744.000000	0.000000	0.000000
1039.999296	__gene_C_rbs	733.000000	0.000000	0.000000
1039.999296	__gene_D_rbs	762.000000	0.000000	0.000000
1039.999296	__gene_E_rbs	758.000000	0.000000	0.000000
1039.999296	__gene_F_rbs	541.000000	0.000000	0.000000
1039.999296	__gene_G_rbs	418.000000	0.000000	0.000000
1039.999296	__gene_H_rbs	287.000000	0.000000	0.000000
1039.999296	__gene_J_rbs	751.000000	0.000000	0.000000
1039.999296	__gene_K_rbs	735.000000	0.000000	0.000000
1039.999296	__ribosome	0.000000	0.000000	0.000000
1039.999296	bound_ecolipol	1878.000000	0.000000	0.000000
1039.999296	bound_ribosome	100.000000	0.000000	0.000000
1039.999296	ecoli_genome	122.000000	0.000000	0.000000
1039.999296	ecoli_transcript	77846.000000	0.000000	0.000000
1039.999296	ecolipol	35.000000	0.000000	0.000000
1039.999296	gene_A	225.000000	765.000000	0.001307
1039.999296	gene_A*	141.000000	753.000000	0.000000
1039.999296	gene_B	134.000000	744.000000	0.000000
1039.999296	gene_C	125.000000	733.000000	0.000000
1039.999296	gene_D	233.000000	762.000000	0.000000
1039.999296	gene_E	195.000000	758.000000	0.000000
1039.999296	gene_F	105.000000	541.000000	0.000000
1039.999296	gene_G	33.000000	418.000000	0.066986
1039.999296	gene_H	0.000000	287.000000	0.128920
1039.999296	gene_J	101.000000	751.000000	0.045273
1039.999296	gene_K	130.000000	735.000000	0.000000
1039.999296	promoter_A	0.000000	0.000000	0.000000
1039.999296	promoter_B1	0.000000	0.000000	0.000000
1039.999296	promoter_D	0.000000	0.000000	0.000000
1044.999058	__gene_A*_rbs	756.000000	0.000000	0.000000
1044.999058	__gene_A_rbs	769.000000	0.000000	0.000000
1044.999058	__gene_B_rbs	748.000000	0.000000	0.000000
1044.999058	__gene_C_rbs	737.000000	0.000000	0.000000
1044.999058	__gene_D_rbs	766.000000	0.000000	0.000000
1044.999058	__gene_E_rbs	761.000000	0.000000	0.000000
1044.999058	__gene_F_rbs	543.000000	0.000000	0.000000
1044.999058	__gene_G_rbs	419.000000	0.000000	0.000000
1044.999058	__gene_H_rbs	287.000000	0.000000	0.000000
1044.999058	__gene_J_rbs	755.000000	0.000000	0.000000
1044.999058	__gene_K_rbs	739.000000	0.000000	0.000000
1044.999058	__ribosome	0.000000	0.000000	0.000000
1044.999058	bound_ecolipol	1871.000000	0.000000	0.000000
1044.999058	bound_ribosome	100.000000	0.000000	0.000000
1044.999058	ecoli_genome	129.000000	0.000000	0.000000
1044.999058	ecoli_transcript	78209.000000	0.000000	0.000000
1044.999058	ecolipol	44.000000	0.000000	0.000000
1044.999058	gene_A	225.000000	769.000000	0.001300
1044.999058	gene_A*	141.000000	756.000000	0.000000
1044.999058	gene_B	134.000000	748.000000	0.000000
1044.999058	gene_C	125.000000	737.000000	0.000000
1044.999058	gene_D	233.000000	766.000000	0.000000
1044.999058	gene_E	195.000000	761.000000	0.000000
1044.999058	gene_F	105.000000	543.000000	0.000000
1044.999058	gene_G	33.000000	419.000000	0.066826
1044.999058	gene_H	0.000000	287.000000	0.128920
1044.999058	gene_J	101.000000	755.000000	0.045033
1044.999058	gene_K	130.000000	739.000000	0.000000
1044.999058	promoter_A	0.000000	0.000000	0.000000
1044.999058	promoter_B1	0.000000	0.000000	0.000000
1044.999058	promoter_D	0.000000	0.000000	0.000000
1049.999088	__gene_A*_rbs	759.000000	0.000000	0.000000
1049.999088	__gene_A_rbs	772.000000	0.000000	0.000000
1049.999088	__gene_B_rbs	751.000000	0.000000	0.000000
1049.999088	__gene_C_rbs	740.000000	0.000000	0.000000
1049.999088	__gene_D_rbs	769.000000	0.000000	0.000000
1049.999088	__gene_E_rbs	765.000000	0.000000	0.000000
1049.999088	__gene_F_rbs	545.000000	0.000000	0.000000
1049.999088	__gene_G_rbs	420.000000	0.000000	0.000000
1049.999088	__gene_H_rbs	287.000000	0.000000	0.000000
1049.999088	__gene_J_rbs	759.000000	0.000000	0.000000
1049.999088	__gene_K_rbs	743.000000	0.000000	0.000000
1049.999088	__ribosome	0.000000	0.000000	0.000000
1049.999088	bound_ecolipol	1883.000000	0.000000	0.000000
1049.999088	bound_ribosome	100.000000	0.000000	0.000000
1049.999088	ecoli_genome	117.000000	0.000000	0.000000
1049.999088	ecoli_transcript	78611.000000	0.000000	0.000000
1049.999088	ecolipol	33.000000	0.000000	0.000000
1049.999088	gene_A	225.000000	772.000000	0.001295
1049.999088	gene_A*	141.000000	760.000000	0.000000
1049.999088	gene_B	134.000000	751.000000	0.000000
1049.999088	gene_C	125.000000	740.000000	0.000000
1049.999088	gene_D	233.000000	769.000000	0.000000
1049.999088	gene_E	195.000000	765.000000	0.000000
1049.999088	gene_F	105.000000	545.000000	0.000000
1049.999088	gene_G	33.000000	420.000000	0.066667
1049.999088	gene_H	0.000000	287.000000	0.128920
1049.999088	gene_J	101.000000	759.000000	0.044796
1049.999088	gene_K	130.000000	743.000000	0.000000
1049.999088	promoter_A	0.000000	0.000000	0.000000
1049.999088	promoter_B1	0.000000	0.000000	0.000000
1049.999088	promoter_D	0.000000	0.000000	0.000000
1054.999213	__gene_A*_rbs	764.000000	0.000000	0.000000
1054.999213	__gene_A_rbs	775.000000	0.000000	0.000000
1054.999213	__gene_B_rbs	755.000000	0.000000	0.000000
1054.999213	__gene_C_rbs	744.000000	0.000000	0.000000
1054.999213	__gene_D_rbs	773.000000	0.000000	0.000000
1054.999213	__gene_E_rbs	769.000000	0.000000	0.000000
1054.999213	__gene_F_rbs	546.000000	0.000000	0.000000
1054.999213	__gene_G_rbs	421.000000	0.000000	0.000000
1054.999213	__gene_H_rbs	287.000000	0.000000	0.000000
1054.999213	__gene_J_rbs	762.000000	0.000000	0.000000
1054.999213	__gene_K_rbs	746.000000	0.000000	0.000000
1054.999213	__ribosome	0.000000	0.000000	0.000000
1054.999213	bound_ecolipol	1882.000000	0.000000	0.000000
1054.999213	bound_ribosome	100.000000	0.000000	0.000000
1054.999213	ecoli_genome	118.000000	0.000000	0.000000
1054.999213	ecoli_transcript	78984.000000	0.000000	0.000000
1054.999213	ecolipol	37.000000	0.000000	0.000000
1054.999213	gene_A	225.000000	775.000000	0.001290
1054.999213	gene_A*	141.000000	764.000000	0.000000
1054.999213	gene_B	134.000000	755.000000	0.000000
1054.999213	gene_C	125.000000	744.000000	0.000000
1054.999213	gene_D	233.000000	773.000000	0.000000
1054.999213	gene_E	195.000000	769.000000	0.000000
1054.999213	gene_F	105.000000	546.000000	0.000000
1054.999213	gene_G	33.000000	421.000000	0.066508
1054.999213	gene_H	0.000000	287.000000	0.128920
1054.999213	gene_J	101.000000	762.000000	0.044619
1054.999213	gene_K	130.000000	746.000000	0.000000
1054.999213	promoter_A	0.000000	0.000000	0.000000
1054.999213	promoter_B1	0.000000	0.000000	0.000000
1054.999213	promoter_D	0.000000	0.000000	0.000000
1059.999022	__gene_A*_rbs	767.000000	0.000000	0.000000
1059.999022	__gene_A_rbs	779.000000	0.000000	0.000000
1059.999022	__gene_B_rbs	758.000000	0.000000	0.000000
1059.999022	__gene_C_rbs	748.000000	0.000000	0.000000
1059.999022	__gene_D_rbs	777.000000	0.000000	0.000000
1059.999022	__gene_E_rbs	772.000000	0.000000	0.000000
1059.999022	__gene_F_rbs	547.000000	0.000000	0.000000
1059.999022	__gene_G_rbs	423.000000	0.000000	0.000000
1059.999022	__gene_H_rbs	288.000000	0.000000	0.000000
1059.999022	__gene_J_rbs	766.000000	0.000000	0.000000
1059.999022	__gene_K_rbs	750.000000	0.000000	0.000000
1059.999022	__ribosome	0.000000	0.000000	0.000000
1059.999022	bound_ecolipol	1883.000000	0.000000	0.000000
1059.999022	bound_ribosome	100.000000	0.000000	0.000000
1059.999022	ecoli_genome	117.000000	0.000000	0.000000
1059.999022	ecoli_transcript	79346.000000	0.000000	0.000000
1059.999022	ecolipol	35.000000	0.000000	0.000000
1059.999022	gene_A	225.000000	779.000000	0.001284
1059.999022	gene_A*	141.000000	767.000000	0.000000
1059.999022	gene_B	134.000000	758.000000	0.000000
1059.999022	gene_C	125.000000	748.000000	0.000000
1059.999022	gene_D	233.000000	777.000000	0.000000
1059.999022	gene_E	195.000000	772.000000	0.000000
1059.999022	gene_F	105.000000	547.000000	0.000000
1059.999022	gene_G	33.000000	423.000000	0.066194
1059.999022	gene_H	0.000000	288.000000	0.128472
1059.999022	gene_J	101.000000	766.000000	0.044386
1059.999022	gene_K	130.000000	750.000000	0.000000
1059.999022	promoter_A	0.000000	0.000000	0.000000
1059.999022	promoter_B1	0.000000	0.000000	0.000000
1059.999022	promoter_D	0.000000	0.000000	0.000000
1064.999046	__gene_A*_rbs	771.000000	0.000000	0.000000
1064.999046	__gene_A_rbs	782.000000	0.000000	0.000000
1064.999046	__gene_B_rbs	762.000000	0.000000	0.000000
1064.999046	__gene_C_rbs	751.000000	0.000000	0.000000
1064.999046	__gene_D_rbs	781.000000	0.000000	0.000000
1064.999046	__gene_E_rbs	776.000000	0.000000	0.000000
1064.999046	__gene_F_rbs	551.000000	0.000000	0.000000
1064.999046	__gene_G_rbs	424.000000	0.000000	0.000000
1064.999046	__gene_H_rbs	289.000000	0.000000	0.000000
1064.999046	__gene_J_rbs	770.000000	0.000000	0.000000
1064.999046	__gene_K_rbs	754.000000	0.000000	0.000000
1064.999046	__ribosome	0.000000	0.000000	0.000000
1064.999046	bound_ecolipol	1879.000000	0.000000	0.000000
1064.999046	bound_ribosome	100.000000	0.000000	0.000000
1064.999046	ecoli_genome	121.000000	0.000000	0.000000
1064.999046	ecoli_transcript	79696.000000	0.000000	0.000000
1064.999046	ecolipol	36.000000	0.000000	0.000000
1064.999046	gene_A	225.000000	782.000000	0.001279
1064.999046	gene_A*	141.000000	771.000000	0.000000
1064.999046	gene_B	134.000000	762.000000	0.000000
1064.999046	gene_C	125.000000	751.000000	0.000000
1064.999046	gene_D	233.000000	781.000000	0.000000
1064.999046	gene_E	195.000000	776.000000	0.000000
1064.999046	gene_F	105.000000	551.000000	0.000000
1064.999046	gene_G	33.000000	424.000000	0.066038
1064.999046	gene_H	0.000000	289.000000	0.128028
1064.999046	gene_J	101.000000	770.000000	0.044156
1064.999046	gene_K	130.000000	754.000000	0.000000
1064.999046	promoter_A	0.000000	0.000000	0.000000
1064.999046	promoter_B1	0.000000	0.000000	0.000000
1064.999046	promoter_D	0.000000	0.000000	0.000000
1069.999057	__gene_A*_rbs	774.000000	0.000000	0.000000
1069.999057	__gene_A_rbs	786.000000	0.000000	0.000000
1069.999057	__gene_B_rbs	766.000000	0.000000	0.000000
1069.999057	__gene_C_rbs	755.000000	0.000000	0.000000
1069.999057	__gene_D_rbs	784.000000	0.000000	0.000000
1069.999057	__gene_E_rbs	780.000000	0.000000	0.000000
1069.999057	__gene_F_rbs	555.000000	0.000000	0.000000
1069.999057	__gene_G_rbs	427.000000	0.000000	0.000000
1069.999057	__gene_H_rbs	290.000000	0.000000	0.000000
1069.999057	__gene_J_rbs	773.000000	0.000000	0.000000
1069.999057	__gene_K_rbs	757.000000	0.000000	0.000000
1069.999057	__ribosome	0.000000	0.000000	0.000000
1069.999057	bound_ecolipol	1871.000000	0.000000	0.000000
1069.999057	bound_ribosome	100.000000	0.000000	0.000000
1069.999057	ecoli_genome	129.000000	0.000000	0.000000
1069.999057	ecoli_transcript	80057.000000	0.000000	0.000000
1069.999057	ecolipol	42.000000	0.000000	0.000000
1069.999057	gene_A	225.000000	786.000000	0.001272
1069.999057	gene_A*	141.000000	774.000000	0.000000
1069.999057	gene_B	134.000000	766.000000	0.000000
1069.999057	gene_C	125.000000	755.000000	0.000000
1069.999057	gene_D	233.000000	784.000000	0.000000
1069.999057	gene_E	195.000000	780.000000	0.000000
1069.999057	gene_F	105.000000	555.000000	0.000000
1069.999057	gene_G	33.000000	427.000000	0.065574
1069.999057	gene_H	0.000000	290.000000	0.127586
1069.999057	gene_J	101.000000	773.000000	0.043984
1069.999057	gene_K	130.000000	757.000000	0.000000
1069.999057	promoter_A	0.000000	0.000000	0.000000
1069.999057	promoter_B1	0.000000	0.000000	0.000000
1069.999057	promoter_D	0.000000	0.000000	0.000000
1074.999074	__gene_A*_rbs	778.000000	0.000000	0.000000
1074.999074	__gene_A_rbs	790.000000	0.000000	0.000000
1074.999074	__gene_B_rbs	770.000000	0.000000	0.000000
1074.999074	__gene_C_rbs	758.000000	0.000000	0.000000
1074.999074	__gene_D_rbs	788.000000	0.000000	0.000000
1074.999074	__gene_E_rbs	783.000000	0.000000	0.000000
1074.999074	__gene_F_rbs	557.000000	0.000000	0.000000
1074.999074	__gene_G_rbs	428.000000	0.000000	0.000000
1074.999074	__gene_H_rbs	292.000000	0.000000	0.000000
1074.999074	__gene_J_rbs	777.000000	0.000000	0.000000
1074.999074	__gene_K_rbs	760.000000	0.000000	0.000000
1074.999074	__ribosome	0.000000	0.000000	0.000000
1074.999074	bound_ecolipol	1876.000000	0.000000	0.000000
1074.999074	bound_ribosome	100.000000	0.000000	0.000000
1074.999074	ecoli_genome	124.000000	0.000000	0.000000
1074.999074	ecoli_transcript	80438.000000	0.000000	0.000000
1074.999074	ecolipol	37.000000	0.000000	0.000000
1074.999074	gene_A	225.000000	790.000000	0.001266
1074.999074	gene_A*	141.000000	778.000000	0.000000
1074.999074	gene_B	134.000000	770.000000	0.000000
1074.999074	gene_C	125.000000	758.000000	0.000000
1074.999074	gene_D	233.000000	788.000000	0.000000
1074.999074	gene_E	195.000000	783.000000	0.000000
1074.999074	gene_F	105.000000	557.000000	0.000000
1074.999074	gene_G	33.000000	428.000000	0.065421
1074.999074	gene_H	0.000000	292.000000	0.126712
1074.999074	gene_J	101.000000	777.000000	0.043758
1074.999074	gene_K	130.000000	760.000000	0.000000
1074.999074	promoter_A	0.000000	0.000000	0.000000
1074.999074	promoter_B1	0.000000	0.000000	0.000000
1074.999074	promoter_D	0.000000	0.000000	0.000000
1079.999126	__gene_A*_rbs	782.000000	0.000000	0.000000
1079.999126	__gene_A_rbs	793.000000	0.000000	0.000000
1079.999126	__gene_B_rbs	773.000000	0.000000	0.000000
1079.999126	__gene_C_rbs	761.000000	0.000000	0.000000
1079.999126	__gene_D_rbs	791.000000	0.000000	0.000000
1079.999126	__gene_E_rbs	787.000000	0.000000	0.000000
1079.999126	__gene_F_rbs	560.000000	0.000000	0.000000
1079.999126	__gene_G_rbs	430.000000	0.000000	0.000000
1079.999126	__gene_H_rbs	292.000000	0.000000	0.000000
1079.999126	__gene_J_rbs	781.000000	0.000000	0.000000
1079.999126	__gene_K_rbs	764.000000	0.000000	0.000000
1079.999126	__ribosome	0.000000	0.000000	0.000000
1079.999126	bound_ecolipol	1870.000000	0.000000	0.000000
1079.999126	bound_ribosome	100.000000	0.000000	0.000000
1079.999126	ecoli_genome	130.000000	0.000000	0.000000
1079.999126	ecoli_transcript	80796.000000	0.000000	0.000000
1079.999126	ecolipol	42.000000	0.000000	0.000000
1079.999126	gene_A	225.000000	793.000000	0.001261
1079.999126	gene_A*	141.000000	782.000000	0.000000
1079.999126	gene_B	134.000000	773.000000	0.000000
1079.999126	gene_C	125.000000	761.000000	0.000000
1079.999126	gene_D	233.000000	791.000000	0.000000
1079.999126	gene_E	195.000000	787.000000	0.000000
1079.999126	gene_F	105.000000	560.000000	0.000000
1079.999126	gene_G	33.000000	430.000000	0.065116
1079.999126	gene_H	0.000000	292.000000	0.126712
1079.999126	gene_J	101.000000	781.000000	0.043534
1079.999126	gene_K	130.000000	764.000000	0.000000
1079.999126	promoter_A	0.000000	0.000000	0.000000
1079.999126	promoter_B1	0.000000	0.000000	0.000000
1079.999126	promoter_D	0.000000	0.000000	0.000000
1084.999302	__gene_A*_rbs	785.000000	0.000000	0.000000
1084.999302	__gene_A_rbs	797.000000	0.000000	0.000000
1084.999302	__gene_B_rbs	777.000000	0.000000	0.000000
1084.999302	__gene_C_rbs	765.000000	0.000000	0.000000
1084.999302	__gene_D_rbs	795.000000	0.000000	0.000000
1084.999302	__gene_E_rbs	791.000000	0.000000	0.000000
1084.999302	__gene_F_rbs	564.000000	0.000000	0.000000
1084.999302	__gene_G_rbs	431.000000	0.000000	0.000000
1084.999302	__gene_H_rbs	294.000000	0.000000	0.000000
1084.999302	__gene_J_rbs	784.000000	0.000000	0.000000
1084.999302	__gene_K_rbs	767.000000	0.000000	0.000000
1084.999302	__ribosome	0.000000	0.000000	0.000000
1084.999302	bound_ecolipol	1881.000000	0.000000	0.000000
1084.999302	bound_ribosome	100.000000	0.000000	0.000000
1084.999302	ecoli_genome	119.000000	0.000000	0.000000
1084.999302	ecoli_transcript	81172.000000	0.000000	0.000000
1084.999302	ecolipol	30.000000	0.000000	0.000000
1084.999302	gene_A	226.000000	797.000000	0.000000
1084.999302	gene_A*	141.000000	785.000000	0.000000
1084.999302	gene_B	134.000000	777.000000	0.000000
1084.999302	gene_C	125.000000	765.000000	0.000000
1084.999302	gene_D	233.000000	795.000000	0.000000
1084.999302	gene_E	195.000000	791.000000	0.001264
1084.999302	gene_F	105.000000	564.000000	0.000000
1084.999302	gene_G	33.000000	431.000000	0.064965
1084.999302	gene_H	0.000000	294.000000	0.125850
1084.999302	gene_J	101.000000	784.000000	0.043367
1084.999302	gene_K	130.000000	767.000000	0.000000
1084.999302	promoter_A	0.000000	0.000000	0.000000
1084.999302	promoter_B1	0.000000	0.000000	0.000000
1084.999302	promoter_D	0.000000	0.000000	0.000000
1089.999050	__gene_A*_rbs	789.000000	0.000000	0.000000
1089.999050	__gene_A_rbs	801.000000	0.000000	0.000000
1089.999050	__gene_B_rbs	780.000000	0.000000	0.000000
1089.999050	__gene_C_rbs	769.000000	0.000000	0.000000
1089.999050	__gene_D_rbs	799.000000	0.000000	0.000000
1089.999050	__gene_E_rbs	795.000000	0.000000	0.000000
1089.999050	__gene_F_rbs	566.000000	0.000000	0.000000
1089.999050	__gene_G_rbs	433.000000	0.000000	0.000000
1089.999050	__gene_H_rbs	294.000000	0.000000	0.000000
1089.999050	__gene_J_rbs	787.000000	0.000000	0.000000
1089.999050	__gene_K_rbs	771.000000	0.000000	0.000000
1089.999050	__ribosome	0.000000	0.000000	0.000000
1089.999050	bound_ecolipol	1875.000000	0.000000	0.000000
1089.999050	bound_ribosome	100.000000	0.000000	0.000000
1089.999050	ecoli_genome	125.000000	0.000000	0.000000
1089.999050	ecoli_transcript	81566.000000	0.000000	0.000000
1089.999050	ecolipol	37.000000	0.000000	0.000000
1089.999050	gene_A	226.000000	801.000000	0.000000
1089.999050	gene_A*	141.000000	789.000000	0.000000
1089.999050	gene_B	134.000000	780.000000	0.000000
1089.999050	gene_C	125.000000	769.000000	0.000000
1089.999050	gene_D	233.000000	799.000000	0.000000
1089.999050	gene_E	195.000000	795.000000	0.001258
1089.999050	gene_F	105.000000	566.000000	0.000000
1089.999050	gene_G	33.000000	433.000000	0.064665
1089.999050	gene_H	0.000000	294.000000	0.125850
1089.999050	gene_J	101.000000	787.000000	0.043202
1089.999050	gene_K	130.000000	771.000000	0.000000
1089.999050	promoter_A	0.000000	0.000000	0.000000
1089.999050	promoter_B1	0.000000	0.000000	0.000000
1089.999050	promoter_D	0.000000	0.000000	0.000000
1094.999140	__gene_A*_rbs	792.000000	0.000000	0.000000
1094.999140	__gene_A_rbs	804.000000	0.000000	0.000000
1094.999140	__gene_B_rbs	784.000000	0.000000	0.000000
1094.999140	__gene_C_rbs	773.000000	0.000000	0.000000
1094.999140	__gene_D_rbs	802.000000	0.000000	0.000000
1094.999140	__gene_E_rbs	798.000000	0.000000	0.000000
1094.999140	__gene_F_rbs	567.000000	0.000000	0.000000
1094.999140	__gene_G_rbs	433.000000	0.000000	0.000000
1094.999140	__gene_H_rbs	296.000000	0.000000	0.000000
1094.999140	__gene_J_rbs	791.000000	0.000000	0.000000
1094.999140	__gene_K_rbs	775.000000	0.000000	0.000000
1094.999140	__ribosome	0.000000	0.000000	0.000000
1094.999140	bound_ecolipol	1870.000000	0.000000	0.000000
1094.999140	bound_ribosome	100.000000	0.000000	0.000000
1094.999140	ecoli_genome	130.000000	0.000000	0.000000
1094.999140	ecoli_transcript	81924.000000	0.000000	0.000000
1094.999140	ecolipol	40.000000	0.000000	0.000000
1094.999140	gene_A	226.000000	804.000000	0.000000
1094.999140	gene_A*	141.000000	792.000000	0.000000
1094.999140	gene_B	134.000000	784.000000	0.000000
1094.999140	gene_C	125.000000	773.000000	0.000000
1094.999140	gene_D	233.000000	802.000000	0.000000
1094.999140	gene_E	196.000000	798.000000	0.000000
1094.999140	gene_F	105.000000	567.000000	0.001764
1094.999140	gene_G	33.000000	433.000000	0.064665
1094.999140	gene_H	0.000000	296.000000	0.125000
1094.999140	gene_J	101.000000	791.000000	0.042984
1094.999140	gene_K	130.000000	775.000000	0.000000
1094.999140	promoter_A	0.000000	0.000000	0.000000
1094.999140	promoter_B1	0.000000	0.000000	0.000000
1094.999140	promoter_D	0.000000	0.000000	0.000000
1099.999493	__gene_A*_rbs	796.000000	0.000000	0.000000
1099.999493	__gene_A_rbs	808.000000	0.000000	0.000000
1099.999493	__gene_B_rbs	788.000000	0.000000	0.000000
1099.999493	__gene_C_rbs	777.000000	0.000000	0.000000
1099.999493	__gene_D_rbs	806.000000	0.000000	0.000000
1099.999493	__gene_E_rbs	802.000000	0.000000	0.000000
1099.999493	__gene_F_rbs	570.000000	0.000000	0.000000
1099.999493	__gene_G_rbs	434.000000	0.000000	0.000000
1099.999493	__gene_H_rbs	297.000000	0.000000	0.000000
1099.999493	__gene_J_rbs	795.000000	0.000000	0.000000
1099.999493	__gene_K_rbs	779.000000	0.000000	0.000000
1099.999493	__ribosome	0.000000	0.000000	0.000000
1099.999493	bound_ecolipol	1881.000000	0.000000	0.000000
1099.999493	bound_ribosome	100.000000	0.000000	0.000000
1099.999493	ecoli_genome	119.000000	0.000000	0.000000
1099.999493	ecoli_transcript	82281.000000	0.000000	0.000000
1099.999493	ecolipol	29.000000	0.000000	0.000000
1099.999493	gene_A	226.000000	808.000000	0.000000
1099.999493	gene_A*	141.000000	796.000000	0.000000
1099.999493	gene_B	134.000000	788.000000	0.000000
1099.999493	gene_C	125.000000	777.000000	0.000000
1099.999493	gene_D	233.000000	806.000000	0.000000
1099.999493	gene_E	196.000000	802.000000	0.000000
1099.999493	gene_F	105.000000	570.000000	0.001754
1099.999493	gene_G	33.000000	434.000000	0.064516
1099.999493	gene_H	0.000000	297.000000	0.124579
1099.999493	gene_J	101.000000	795.000000	0.042767
1099.999493	gene_K	130.000000	779.000000	0.000000
1099.999493	promoter_A	0.000000	0.000000	0.000000
1099.999493	promoter_B1	0.000000	0.000000	0.000000
1099.999493	promoter_D	0.000000	0.000000	0.000000
1104.999298	__gene_A*_rbs	800.000000	0.000000	0.000000
1104.999298	__gene_A_rbs	811.000000	0.000000	0.000000
1104.999298	__gene_B_rbs	792.000000	0.000000	0.000000
1104.999298	__gene_C_rbs	780.000000	0.000000	0.000000
1104.999298	__gene_D_rbs	810.000000	0.000000	0.000000
1104.999298	__gene_E_rbs	806.000000	0.000000	0.000000
1104.999298	__gene_F_rbs	574.000000	0.000000	0.000000
1104.999298	__gene_G_rbs	437.000000	0.000000	0.000000
1104.999298	__gene_H_rbs	299.000000	0.000000	0.000000
1104.999298	__gene_J_rbs	799.000000	0.000000	0.000000
1104.999298	__gene_K_rbs	782.000000	0.000000	0.000000
1104.999298	__ribosome	0.000000	0.000000	0.000000
1104.999298	bound_ecolipol	1868.000000	0.000000	0.000000
1104.999298	bound_ribosome	100.000000	0.000000	0.000000
1104.999298	ecoli_genome	132.000000	0.000000	0.000000
1104.999298	ecoli_transcript	82649.000000	0.000000	0.000000
1104.999298	ecolipol	38.000000	0.000000	0.000000
1104.999298	gene_A	226.000000	811.000000	0.000000
1104.999298	gene_A*	141.000000	800.000000	0.000000
1104.999298	gene_B	134.000000	792.000000	0.000000
1104.999298	gene_C	125.000000	780.000000	0.000000
1104.999298	gene_D	233.000000	810.000000	0.000000
1104.999298	gene_E	196.000000	806.000000	0.000000
1104.999298	gene_F	105.000000	574.000000	0.001742
1104.999298	gene_G	33.000000	437.000000	0.064073
1104.999298	gene_H	0.000000	299.000000	0.123746
1104.999298	gene_J	101.000000	799.000000	0.042553
1104.999298	gene_K	130.000000	782.000000	0.000000
1104.999298	promoter_A	0.000000	0.000000	0.000000
1104.999298	promoter_B1	0.000000	0.000000	0.000000
1104.999298	promoter_D	0.000000	0.000000	0.000000
1109.999156	__gene_A*_rbs	803.000000	0.000000	0.000000
1109.999156	__gene_A_rbs	815.000000	0.000000	0.000000
1109.999156	__gene_B_rbs	795.000000	0.000000	0.000000
1109.999156	__gene_C_rbs	784.000000	0.000000	0.000000
1109.999156	__gene_D_rbs	814.000000	0.000000	0.000000
1109.999156	__gene_E_rbs	809.000000	0.000000	0.000000
1109.999156	__gene_F_rbs	578.000000	0.000000	0.000000
1109.999156	__gene_G_rbs	440.000000	0.000000	0.000000
1109.999156	__gene_H_rbs	299.000000	0.000000	0.000000
1109.999156	__gene_J_rbs	802.000000	0.000000	0.000000
1109.999156	__gene_K_rbs	786.000000	0.000000	0.000000
1109.999156	__ribosome	0.000000	0.000000	0.000000
1109.999156	bound_ecolipol	1868.000000	0.000000	0.000000
1109.999156	bound_ribosome	100.000000	0.000000	0.000000
1109.999156	ecoli_genome	132.000000	0.000000	0.000000
1109.999156	ecoli_transcript	83008.000000	0.000000	0.000000
1109.999156	ecolipol	35.000000	0.000000	0.000000
1109.999156	gene_A	226.000000	815.000000	0.000000
1109.999156	gene_A*	141.000000	803.000000	0.000000
1109.999156	gene_B	134.000000	795.000000	0.000000
1109.999156	gene_C	125.000000	784.000000	0.000000
1109.999156	gene_D	233.000000	814.000000	0.000000
1109.999156	gene_E	196.000000	809.000000	0.000000
1109.999156	gene_F	105.000000	578.000000	0.001730
1109.999156	gene_G	33.000000	440.000000	0.063636
1109.999156	gene_H	0.000000	299.000000	0.123746
1109.999156	gene_J	101.000000	802.000000	0.042394
1109.999156	gene_K	130.000000	786.000000	0.000000
1109.999156	promoter_A	0.000000	0.000000	0.000000
1109.999156	promoter_B1	0.000000	0.000000	0.000000
1109.999156	promoter_D	0.000000	0.000000	0.000000
1114.999741	__gene_A*_rbs	807.000000	0.000000	0.000000
1114.999741	__gene_A_rbs	819.000000	0.000000	0.000000
1114.999741	__gene_B_rbs	799.000000	0.000000	0.000000
1114.999741	__gene_C_rbs	788.000000	0.000000	0.000000
1114.999741	__gene_D_rbs	818.000000	0.000000	0.000000
1114.999741	__gene_E_rbs	813.000000	0.000000	0.000000
1114.999741	__gene_F_rbs	581.000000	0.000000	0.000000
1114.999741	__gene_G_rbs	443.000000	0.000000	0.000000
1114.999741	__gene_H_rbs	299.000000	0.000000	0.000000
1114.999741	__gene_J_rbs	806.000000	0.000000	0.000000
1114.999741	__gene_K_rbs	789.000000	0.000000	0.000000
1114.999741	__ribosome	0.000000	0.000000	0.000000
1114.999741	bound_ecolipol	1868.000000	0.000000	0.000000
1114.999741	bound_ribosome	100.000000	0.000000	0.000000
1114.999741	ecoli_genome	132.000000	0.000000	0.000000
1114.999741	ecoli_transcript	83369.000000	0.000000	0.000000
1114.999741	ecolipol	36.000000	0.000000	0.000000
1114.999741	gene_A	226.000000	819.000000	0.000000
1114.999741	gene_A*	141.000000	807.000000	0.000000
1114.999741	gene_B	134.000000	799.000000	0.000000
1114.999741	gene_C	125.000000	788.000000	0.000000
1114.999741	gene_D	233.000000	818.000000	0.000000
1114.999741	gene_E	196.000000	813.000000	0.000000
1114.999741	gene_F	105.000000	581.000000	0.001721
1114.999741	gene_G	33.000000	443.000000	0.063205
1114.999741	gene_H	0.000000	299.000000	0.123746
1114.999741	gene_J	101.000000	806.000000	0.042184
1114.999741	gene_K	130.000000	789.000000	0.000000
1114.999741	promoter_A	0.000000	0.000000	0.000000
1114.999741	promoter_B1	0.000000	0.000000	0.000000
1114.999741	promoter_D	0.000000	0.000000	0.000000
1119.999108	__gene_A*_rbs	811.000000	0.000000	0.000000
1119.999108	__gene_A_rbs	822.000000	0.000000	0.000000
1119.999108	__gene_B_rbs	802.000000	0.000000	0.000000
1119.999108	__gene_C_rbs	791.000000	0.000000	0.000000
1119.999108	__gene_D_rbs	820.000000	0.000000	0.000000
1119.999108	__gene_E_rbs	817.000000	0.000000	0.000000
1119.999108	__gene_F_rbs	583.000000	0.000000	0.000000
1119.999108	__gene_G_rbs	445.000000	0.000000	0.000000
1119.999108	__gene_H_rbs	300.000000	0.000000	0.000000
1119.999108	__gene_J_rbs	810.000000	0.000000	0.000000
1119.999108	__gene_K_rbs	794.000000	0.000000	0.000000
1119.999108	__ribosome	0.000000	0.000000	0.000000
1119.999108	bound_ecolipol	1862.000000	0.000000	0.000000
1119.999108	bound_ribosome	100.000000	0.000000	0.000000
1119.999108	ecoli_genome	138.000000	0.000000	0.000000
1119.999108	ecoli_transcript	83750.000000	0.000000	0.000000
1119.999108	ecolipol	41.000000	0.000000	0.000000
1119.999108	gene_A	226.000000	822.000000	0.000000
1119.999108	gene_A*	141.000000	811.000000	0.000000
1119.999108	gene_B	134.000000	802.000000	0.000000
1119.999108	gene_C	125.000000	791.000000	0.000000
1119.999108	gene_D	233.000000	820.000000	0.000000
1119.999108	gene_E	196.000000	817.000000	0.000000
1119.999108	gene_F	105.000000	583.000000	0.001715
1119.999108	gene_G	33.000000	445.000000	0.062921
1119.999108	gene_H	0.000000	300.000000	0.123333
1119.999108	gene_J	101.000000	810.000000	0.041975
1119.999108	gene_K	130.000000	794.000000	0.000000
1119.999108	promoter_A	0.000000	0.000000	0.000000
1119.999108	promoter_B1	0.000000	0.000000	0.000000
1119.999108	promoter_D	0.000000	0.000000	0.000000
1124.999076	__gene_A*_rbs	814.000000	0.000000	0.000000
1124.999076	__gene_A_rbs	827.000000	0.000000	0.000000
1124.999076	__gene_B_rbs	806.000000	0.000000	0.000000
1124.999076	__gene_C_rbs	795.000000	0.000000	0.000000
1124.999076	__gene_D_rbs	824.000000	0.000000	0.000000
1124.999076	__gene_E_rbs	820.000000	0.000000	0.000000
1124.999076	__gene_F_rbs	586.000000	0.000000	0.000000
1124.999076	__gene_G_rbs	448.000000	0.000000	0.000000
1124.999076	__gene_H_rbs	303.000000	0.000000	0.000000
1124.999076	__gene_J_rbs	814.000000	0.000000	0.000000
1124.999076	__gene_K_rbs	797.000000	0.000000	0.000000
1124.999076	__ribosome	0.000000	0.000000	0.000000
1124.999076	bound_ecolipol	1864.000000	0.000000	0.000000
1124.999076	bound_ribosome	100.000000	0.000000	0.000000
1124.999076	ecoli_genome	136.000000	0.000000	0.000000
1124.999076	ecoli_transcript	84138.000000	0.000000	0.000000
1124.999076	ecolipol	39.000000	0.000000	0.000000
1124.999076	gene_A	226.000000	827.000000	0.000000
1124.999076	gene_A*	141.000000	814.000000	0.000000
1124.999076	gene_B	134.000000	806.000000	0.000000
1124.999076	gene_C	125.000000	795.000000	0.000000
1124.999076	gene_D	233.000000	824.000000	0.000000
1124.999076	gene_E	196.000000	820.000000	0.000000
1124.999076	gene_F	105.000000	586.000000	0.001706
1124.999076	gene_G	33.000000	448.000000	0.062500
1124.999076	gene_H	0.000000	303.000000	0.122112
1124.999076	gene_J	101.000000	814.000000	0.041769
1124.999076	gene_K	130.000000	797.000000	0.000000
1124.999076	promoter_A	0.000000	0.000000	0.000000
1124.999076	promoter_B1	0.000000	0.000000	0.000000
1124.999076	promoter_D	0.000000	0.000000	0.000000
1129.999113	__gene_A*_rbs	818.000000	0.000000	0.000000
1129.999113	__gene_A_rbs	830.000000	0.000000	0.000000
1129.999113	__gene_B_rbs	810.000000	0.000000	0.000000
1129.999113	__gene_C_rbs	799.000000	0.000000	0.000000
1129.999113	__gene_D_rbs	828.000000	0.000000	0.000000
1129.999113	__gene_E_rbs	824.000000	0.000000	0.000000
1129.999113	__gene_F_rbs	589.000000	0.000000	0.000000
1129.999113	__gene_G_rbs	450.000000	0.000000	0.000000
1129.999113	__gene_H_rbs	304.000000	0.000000	0.000000
1129.999113	__gene_J_rbs	817.000000	0.000000	0.000000
1129.999113	__gene_K_rbs	801.000000	0.000000	0.000000
1129.999113	__ribosome	0.000000	0.000000	0.000000
1129.999113	bound_ecolipol	1859.000000	0.000000	0.000000
1129.999113	bound_ribosome	100.000000	0.000000	0.000000
1129.999113	ecoli_genome	141.000000	0.000000	0.000000
1129.999113	ecoli_transcript	84498.000000	0.000000	0.000000
1129.999113	ecolipol	47.000000	0.000000	0.000000
1129.999113	gene_A	226.000000	830.000000	0.000000
1129.999113	gene_A*	141.000000	818.000000	0.000000
1129.999113	gene_B	134.000000	810.000000	0.000000
1129.999113	gene_C	125.000000	799.000000	0.000000
1129.999113	gene_D	233.000000	828.000000	0.000000
1129.999113	gene_E	196.000000	824.000000	0.000000
1129.999113	gene_F	105.000000	589.000000	0.001698
1129.999113	gene_G	33.000000	450.000000	0.062222
1129.999113	gene_H	0.000000	304.000000	0.121711
1129.999113	gene_J	101.000000	817.000000	0.041616
1129.999113	gene_K	130.000000	801.000000	0.000000
1129.999113	promoter_A	0.000000	0.000000	0.000000
1129.999113	promoter_B1	0.000000	0.000000	0.000000
1129.999113	promoter_D	0.000000	0.000000	0.000000
1134.999105	__gene_A*_rbs	822.000000	0.000000	0.000000
1134.999105	__gene_A_rbs	834.000000	0.000000	0.000000
1134.999105	__gene_B_rbs	814.000000	0.000000	0.000000
1134.999105	__gene_C_rbs	802.000000	0.000000	0.000000
1134.999105	__gene_D_rbs	832.000000	0.000000	0.000000
1134.999105	__gene_E_rbs	828.000000	0.000000	0.000000
1134.999105	__gene_F_rbs	592.000000	0.000000	0.000000
1134.999105	__gene_G_rbs	451.000000	0.000000	0.000000
1134.999105	__gene_H_rbs	306.000000	0.000000	0.000000
1134.999105	__gene_J_rbs	821.000000	0.000000	0.000000
1134.999105	__gene_K_rbs	804.000000	0.000000	0.000000
1134.999105	__ribosome	0.000000	0.000000	0.000000
1134.999105	bound_ecolipol	1878.000000	0.000000	0.000000
1134.999105	bound_ribosome	100.000000	0.000000	0.000000
1134.999105	ecoli_genome	122.000000	0.000000	0.000000
1134.999105	ecoli_transcript	84878.000000	0.000000	0.000000
1134.999105	ecolipol	27.000000	0.000000	0.000000
1134.999105	gene_A	226.000000	834.000000	0.000000
1134.999105	gene_A*	141.000000	822.000000	0.001217
1134.999105	gene_B	134.000000	814.000000	0.000000
1134.999105	gene_C	125.000000	802.000000	0.000000
1134.999105	gene_D	233.000000	832.000000	0.000000
1134.999105	gene_E	196.000000	828.000000	0.000000
1134.999105	gene_F	106.000000	592.000000	0.000000
1134.999105	gene_G	33.000000	451.000000	0.062084
1134.999105	gene_H	0.000000	306.000000	0.120915
1134.999105	gene_J	101.000000	821.000000	0.041413
1134.999105	gene_K	130.000000	804.000000	0.000000
1134.999105	promoter_A	0.000000	0.000000	0.000000
1134.999105	promoter_B1	0.000000	0.000000	0.000000
1134.999105	promoter_D	0.000000	0.000000	0.000000
1139.999028	__gene_A*_rbs	825.000000	0.000000	0.000000
1139.999028	__gene_A_rbs	838.000000	0.000000	0.000000
1139.999028	__gene_B_rbs	817.000000	0.000000	0.000000
1139.999028	__gene_C_rbs	805.000000	0.000000	0.000000
1139.999028	__gene_D_rbs	835.000000	0.000000	0.000000
1139.999028	__gene_E_rbs	831.000000	0.000000	0.000000
1139.999028	__gene_F_rbs	595.000000	0.000000	0.000000
1139.999028	__gene_G_rbs	452.000000	0.000000	0.000000
1139.999028	__gene_H_rbs	308.000000	0.000000	0.000000
1139.999028	__gene_J_rbs	825.000000	0.000000	0.000000
1139.999028	__gene_K_rbs	808.000000	0.000000	0.000000
1139.999028	__ribosome	0.000000	0.000000	0.000000
1139.999028	bound_ecolipol	1859.000000	0.000000	0.000000
1139.999028	bound_ribosome	100.000000	0.000000	0.000000
1139.999028	ecoli_genome	141.000000	0.000000	0.000000
1139.999028	ecoli_transcript	85252.000000	0.000000	0.000000
1139.999028	ecolipol	44.000000	0.000000	0.000000
1139.999028	gene_A	226.000000	838.000000	0.000000
1139.999028	gene_A*	141.000000	825.000000	0.001212
1139.999028	gene_B	134.000000	817.000000	0.000000
1139.999028	gene_C	125.000000	805.000000	0.000000
1139.999028	gene_D	233.000000	835.000000	0.000000
1139.999028	gene_E	196.000000	831.000000	0.000000
1139.999028	gene_F	106.000000	595.000000	0.000000
1139.999028	gene_G	33.000000	452.000000	0.061947
1139.999028	gene_H	0.000000	308.000000	0.120130
1139.999028	gene_J	101.000000	825.000000	0.041212
1139.999028	gene_K	130.000000	808.000000	0.000000
1139.999028	promoter_A	0.000000	0.000000	0.000000
1139.999028	promoter_B1	0.000000	0.000000	0.000000
1139.999028	promoter_D	0.000000	0.000000	0.000000
1144.999028	__gene_A*_rbs	828.000000	0.000000	0.000000
1144.999028	__gene_A_rbs	842.000000	0.000000	0.000000
1144.999028	__gene_B_rbs	821.000000	0.000000	0.000000
1144.999028	__gene_C_rbs	809.000000	0.000000	0.000000
1144.999028	__gene_D_rbs	839.000000	0.000000	0.000000
1144.999028	__gene_E_rbs	834.000000	0.000000	0.000000
1144.999028	__gene_F_rbs	598.000000	0.000000	0.000000
1144.999028	__gene_G_rbs	455.000000	0.000000	0.000000
1144.999028	__gene_H_rbs	308.000000	0.000000	0.000000
1144.999028	__gene_J_rbs	828.000000	0.000000	0.000000
1144.999028	__gene_K_rbs	811.000000	0.000000	0.000000
1144.999028	__ribosome	0.000000	0.000000	0.000000
1144.999028	bound_ecolipol	1849.000000	0.000000	0.000000
1144.999028	bound_ribosome	100.000000	0.000000	0.000000
1144.999028	ecoli_genome	151.000000	0.000000	0.000000
1144.999028	ecoli_transcript	85641.000000	0.000000	0.000000
1144.999028	ecolipol	51.000000	0.000000	0.000000
1144.999028	gene_A	226.000000	842.000000	0.000000
1144.999028	gene_A*	141.000000	828.000000	0.001208
1144.999028	gene_B	134.000000	821.000000	0.000000
1144.999028	gene_C	125.000000	809.000000	0.000000
1144.999028	gene_D	233.000000	839.000000	0.000000
1144.999028	gene_E	196.000000	834.000000	0.000000
1144.999028	gene_F	106.000000	598.000000	0.000000
1144.999028	gene_G	33.000000	455.000000	0.061538
1144.999028	gene_H	0.000000	308.000000	0.120130
1144.999028	gene_J	101.000000	828.000000	0.041063
1144.999028	gene_K	130.000000	811.000000	0.000000
1144.999028	promoter_A	0.000000	0.000000	0.000000
1144.999028	promoter_B1	0.000000	0.000000	0.000000
1144.999028	promoter_D	0.000000	0.000000	0.000000
1149.999162	__gene_A*_rbs	832.000000	0.000000	0.000000
1149.999162	__gene_A_rbs	845.000000	0.000000	0.000000
1149.999162	__gene_B_rbs	824.000000	0.000000	0.000000
1149.999162	__gene_C_rbs	813.000000	0.000000	0.000000
1149.999162	__gene_D_rbs	842.000000	0.000000	0.000000
1149.999162	__gene_E_rbs	839.000000	0.000000	0.000000
1149.999162	__gene_F_rbs	601.000000	0.000000	0.000000
1149.999162	__gene_G_rbs	458.000000	0.000000	0.000000
1149.999162	__gene_H_rbs	310.000000	0.000000	0.000000
1149.999162	__gene_J_rbs	832.000000	0.000000	0.000000
1149.999162	__gene_K_rbs	815.000000	0.000000	0.000000
1149.999162	__ribosome	0.000000	0.000000	0.000000
1149.999162	bound_ecolipol	1868.000000	0.000000	0.000000
1149.999162	bound_ribosome	100.000000	0.000000	0.000000
1149.999162	ecoli_genome	132.000000	0.000000	0.000000
1149.999162	ecoli_transcript	86000.000000	0.000000	0.000000
1149.999162	ecolipol	31.000000	0.000000	0.000000
1149.999162	gene_A	226.000000	845.000000	0.000000
1149.999162	gene_A*	141.000000	832.000000	0.001202
1149.999162	gene_B	134.000000	824.000000	0.000000
1149.999162	gene_C	125.000000	813.000000	0.000000
1149.999162	gene_D	233.000000	842.000000	0.000000
1149.999162	gene_E	196.000000	839.000000	0.000000
1149.999162	gene_F	106.000000	601.000000	0.000000
1149.999162	gene_G	33.000000	458.000000	0.061135
1149.999162	gene_H	0.000000	310.000000	0.119355
1149.999162	gene_J	101.000000	832.000000	0.040865
1149.999162	gene_K	130.000000	815.000000	0.000000
1149.999162	promoter_A	0.000000	0.000000	0.000000
1149.999162	promoter_B1	0.000000	0.000000	0.000000
1149.999162	promoter_D	0.000000	0.000000	0.000000
1154.999031	__gene_A*_rbs	836.000000	0.000000	0.000000
1154.999031	__gene_A_rbs	849.000000	0.000000	0.000000
1154.999031	__gene_B_rbs	828.000000	0.000000	0.000000
1154.999031	__gene_C_rbs	817.000000	0.000000	0.000000
1154.999031	__gene_D_rbs	846.000000	0.000000	0.000000
1154.999031	__gene_E_rbs	842.000000	0.000000	0.000000
1154.999031	__gene_F_rbs	604.000000	0.000000	0.000000
1154.999031	__gene_G_rbs	460.000000	0.000000	0.000000
1154.999031	__gene_H_rbs	312.000000	0.000000	0.000000
1154.999031	__gene_J_rbs	836.000000	0.000000	0.000000
1154.999031	__gene_K_rbs	819.000000	0.000000	0.000000
1154.999031	__ribosome	0.000000	0.000000	0.000000
1154.999031	bound_ecolipol	1879.000000	0.000000	0.000000
1154.999031	bound_ribosome	100.000000	0.000000	0.000000
1154.999031	ecoli_genome	121.000000	0.000000	0.000000
1154.999031	ecoli_transcript	86357.000000	0.000000	0.000000
1154.999031	ecolipol	21.000000	0.000000	0.000000
1154.999031	gene_A	226.000000	849.000000	0.000000
1154.999031	gene_A*	141.000000	836.000000	0.001196
1154.999031	gene_B	134.000000	828.000000	0.000000
1154.999031	gene_C	125.000000	817.000000	0.000000
1154.999031	gene_D	233.000000	846.000000	0.000000
1154.999031	gene_E	196.000000	842.000000	0.000000
1154.999031	gene_F	106.000000	604.000000	0.000000
1154.999031	gene_G	33.000000	460.000000	0.060870
1154.999031	gene_H	0.000000	312.000000	0.118590
1154.999031	gene_J	101.000000	836.000000	0.040670
1154.999031	gene_K	130.000000	819.000000	0.000000
1154.999031	promoter_A	0.000000	0.000000	0.000000
1154.999031	promoter_B1	0.000000	0.000000	0.000000
1154.999031	promoter_D	0.000000	0.000000	0.000000
1159.999110	__gene_A*_rbs	840.000000	0.000000	0.000000
1159.999110	__gene_A_rbs	853.000000	0.000000	0.000000
1159.999110	__gene_B_rbs	832.000000	0.000000	0.000000
1159.999110	__gene_C_rbs	820.000000	0.000000	0.000000
1159.999110	__gene_D_rbs	850.000000	0.000000	0.000000
1159.999110	__gene_E_rbs	846.000000	0.000000	0.000000
1159.999110	__gene_F_rbs	608.000000	0.000000	0.000000
1159.999110	__gene_G_rbs	464.000000	0.000000	0.000000
1159.999110	__gene_H_rbs	314.000000	0.000000	0.000000
1159.999110	__gene_J_rbs	839.000000	0.000000	0.000000
1159.999110	__gene_K_rbs	822.000000	0.000000	0.000000
1159.999110	__ribosome	0.000000	0.000000	0.000000
1159.999110	bound_ecolipol	1860.000000	0.000000	0.000000
1159.999110	bound_ribosome	100.000000	0.000000	0.000000
1159.999110	ecoli_genome	140.000000	0.000000	0.000000
1159.999110	ecoli_transcript	86726.000000	0.000000	0.000000
1159.999110	ecolipol	39.000000	0.000000	0.000000
1159.999110	gene_A	226.000000	853.000000	0.000000
1159.999110	gene_A*	141.000000	840.000000	0.001190
1159.999110	gene_B	134.000000	832.000000	0.000000
1159.999110	gene_C	125.000000	820.000000	0.000000
1159.999110	gene_D	233.000000	850.000000	0.000000
1159.999110	gene_E	196.000000	846.000000	0.000000
1159.999110	gene_F	106.000000	608.000000	0.000000
1159.999110	gene_G	33.000000	464.000000	0.060345
1159.999110	gene_H	0.000000	314.000000	0.117834
1159.999110	gene_J	101.000000	839.000000	0.040524
1159.999110	gene_K	130.000000	822.000000	0.000000
1159.999110	promoter_A	0.000000	0.000000	0.000000
1159.999110	promoter_B1	0.000000	0.000000	0.000000
1159.999110	promoter_D	0.000000	0.000000	0.000000
1164.999069	__gene_A*_rbs	844.000000	0.000000	0.000000
1164.999069	__gene_A_rbs	856.000000	0.000000	0.000000
1164.999069	__gene_B_rbs	835.000000	0.000000	0.000000
1164.999069	__gene_C_rbs	824.000000	0.000000	0.000000
1164.999069	__gene_D_rbs	853.000000	0.000000	0.000000
1164.999069	__gene_E_rbs	849.000000	0.000000	0.000000
1164.999069	__gene_F_rbs	611.000000	0.000000	0.000000
1164.999069	__gene_G_rbs	466.000000	0.000000	0.000000
1164.999069	__gene_H_rbs	316.000000	0.000000	0.000000
1164.999069	__gene_J_rbs	843.000000	0.000000	0.000000
1164.999069	__gene_K_rbs	826.000000	0.000000	0.000000
1164.999069	__ribosome	0.000000	0.000000	0.000000
1164.999069	bound_ecolipol	1861.000000	0.000000	0.000000
1164.999069	bound_ribosome	100.000000	0.000000	0.000000
1164.999069	ecoli_genome	139.000000	0.000000	0.000000
1164.999069	ecoli_transcript	87089.000000	0.000000	0.000000
1164.999069	ecolipol	37.000000	0.000000	0.000000
1164.999069	gene_A	226.000000	856.000000	0.000000
1164.999069	gene_A*	141.000000	844.000000	0.001185
1164.999069	gene_B	134.000000	835.000000	0.000000
1164.999069	gene_C	125.000000	824.000000	0.000000
1164.999069	gene_D	233.000000	853.000000	0.000000
1164.999069	gene_E	196.000000	849.000000	0.000000
1164.999069	gene_F	106.000000	611.000000	0.000000
1164.999069	gene_G	33.000000	466.000000	0.060086
1164.999069	gene_H	0.000000	316.000000	0.117089
1164.999069	gene_J	101.000000	843.000000	0.040332
1164.999069	gene_K	130.000000	826.000000	0.000000
1164.999069	promoter_A	0.000000	0.000000	0.000000
1164.999069	promoter_B1	0.000000	0.000000	0.000000
1164.999069	promoter_D	0.000000	0.000000	0.000000
1169.999170	__gene_A*_rbs	847.000000	0.000000	0.000000
1169.999170	__gene_A_rbs	860.000000	0.000000	0.000000
1169.999170	__gene_B_rbs	839.000000	0.000000	0.000000
1169.999170	__gene_C_rbs	827.000000	0.000000	0.000000
1169.999170	__gene_D_rbs	857.000000	0.000000	0.000000
1169.999170	__gene_E_rbs	853.000000	0.000000	0.000000
1169.999170	__gene_F_rbs	613.000000	0.000000	0.000000
1169.999170	__gene_G_rbs	468.000000	0.000000	0.000000
1169.999170	__gene_H_rbs	318.000000	0.000000	0.000000
1169.999170	__gene_J_rbs	847.000000	0.000000	0.000000
1169.999170	__gene_K_rbs	829.000000	0.000000	0.000000
1169.999170	__ribosome	0.000000	0.000000	0.000000
1169.999170	bound_ecolipol	1850.000000	0.000000	0.000000
1169.999170	bound_ribosome	100.000000	0.000000	0.000000
1169.999170	ecoli_genome	150.000000	0.000000	0.000000
1169.999170	ecoli_transcript	87514.000000	0.000000	0.000000
1169.999170	ecolipol	48.000000	0.000000	0.000000
1169.999170	gene_A	226.000000	860.000000	0.000000
1169.999170	gene_A*	142.000000	847.000000	0.000000
1169.999170	gene_B	134.000000	839.000000	0.000000
1169.999170	gene_C	125.000000	827.000000	0.000000
1169.999170	gene_D	233.000000	857.000000	0.001167
1169.999170	gene_E	196.000000	853.000000	0.000000
1169.999170	gene_F	106.000000	613.000000	0.000000
1169.999170	gene_G	33.000000	468.000000	0.059829
1169.999170	gene_H	0.000000	318.000000	0.116352
1169.999170	gene_J	101.000000	847.000000	0.040142
1169.999170	gene_K	130.000000	829.000000	0.000000
1169.999170	promoter_A	0.000000	0.000000	0.000000
1169.999170	promoter_B1	0.000000	0.000000	0.000000
1169.999170	promoter_D	0.000000	0.000000	0.000000
1174.999014	__gene_A*_rbs	851.000000	0.000000	0.000000
1174.999014	__gene_A_rbs	864.000000	0.000000	0.000000
1174.999014	__gene_B_rbs	842.000000	0.000000	0.000000
1174.999014	__gene_C_rbs	831.000000	0.000000	0.000000
1174.999014	__gene_D_rbs	861.000000	0.000000	0.000000
1174.999014	__gene_E_rbs	856.000000	0.000000	0.000000
1174.999014	__gene_F_rbs	615.000000	0.000000	0.000000
1174.999014	__gene_G_rbs	471.000000	0.000000	0.000000
1174.999014	__gene_H_rbs	319.000000	0.000000	0.000000
1174.999014	__gene_J_rbs	851.000000	0.000000	0.000000
1174.999014	__gene_K_rbs	833.000000	0.000000	0.000000
1174.999014	__ribosome	0.000000	0.000000	0.000000
1174.999014	bound_ecolipol	1871.000000	0.000000	0.000000
1174.999014	bound_ribosome	100.000000	0.000000	0.000000
1174.999014	ecoli_genome	129.000000	0.000000	0.000000
1174.999014	ecoli_transcript	87868.000000	0.000000	0.000000
1174.999014	ecolipol	31.000000	0.000000	0.000000
1174.999014	gene_A	226.000000	864.000000	0.000000
1174.999014	gene_A*	142.000000	851.000000	0.000000
1174.999014	gene_B	134.000000	842.000000	0.000000
1174.999014	gene_C	125.000000	831.000000	0.000000
1174.999014	gene_D	233.000000	861.000000	0.001161
1174.999014	gene_E	196.000000	856.000000	0.000000
1174.999014	gene_F	106.000000	615.000000	0.000000
1174.999014	gene_G	33.000000	471.000000	0.059448
1174.999014	gene_H	0.000000	319.000000	0.115987
1174.999014	gene_J	101.000000	851.000000	0.039953
1174.999014	gene_K	130.000000	833.000000	0.000000
1174.999014	promoter_A	0.000000	0.000000	0.000000
1174.999014	promoter_B1	0.000000	0.000000	0.000000
1174.999014	promoter_D	0.000000	0.000000	0.000000
1179.999012	__gene_A*_rbs	855.000000	0.000000	0.000000
1179.999012	__gene_A_rbs	868.000000	0.000000	0.000000
1179.999012	__gene_B_rbs	846.000000	0.000000	0.000000
1179.999012	__gene_C_rbs	834.000000	0.000000	0.000000
1179.999012	__gene_D_rbs	864.000000	0.000000	0.000000
1179.999012	__gene_E_rbs	860.000000	0.000000	0.000000
1179.999012	__gene_F_rbs	617.000000	0.000000	0.000000
1179.999012	__gene_G_rbs	473.000000	0.000000	0.000000
1179.999012	__gene_H_rbs	320.000000	0.000000	0.000000
1179.999012	__gene_J_rbs	854.000000	0.000000	0.000000
1179.999012	__gene_K_rbs	837.000000	0.000000	0.000000
1179.999012	__ribosome	0.000000	0.000000	0.000000
1179.999012	bound_ecolipol	1868.000000	0.000000	0.000000
1179.999012	bound_ribosome	100.000000	0.000000	0.000000
1179.999012	ecoli_genome	132.000000	0.000000	0.000000
1179.999012	ecoli_transcript	88225.000000	0.000000	0.000000
1179.999012	ecolipol	33.000000	0.000000	0.000000
1179.999012	gene_A	226.000000	868.000000	0.000000
1179.999012	gene_A*	142.000000	855.000000	0.000000
1179.999012	gene_B	134.000000	846.000000	0.000000
1179.999012	gene_C	125.000000	834.000000	0.000000
1179.999012	gene_D	233.000000	864.000000	0.001157
1179.999012	gene_E	196.000000	860.000000	0.000000
1179.999012	gene_F	106.000000	617.000000	0.000000
1179.999012	gene_G	33.000000	473.000000	0.059197
1179.999012	gene_H	0.000000	320.000000	0.115625
1179.999012	gene_J	101.000000	854.000000	0.039813
1179.999012	gene_K	130.000000	837.000000	0.000000
1179.999012	promoter_A	0.000000	0.000000	0.000000
1179.999012	promoter_B1	0.000000	0.000000	0.000000
1179.999012	promoter_D	0.000000	0.000000	0.000000
1184.999032	__gene_A*_rbs	858.000000	0.000000	0.000000
1184.999032	__gene_A_rbs	871.000000	0.000000	0.000000
1184.999032	__gene_B_rbs	849.000000	0.000000	0.000000
1184.999032	__gene_C_rbs	838.000000	0.000000	0.000000
1184.999032	__gene_D_rbs	868.000000	0.000000	0.000000
1184.999032	__gene_E_rbs	864.000000	0.000000	0.000000
1184.999032	__gene_F_rbs	619.000000	0.000000	0.000000
1184.999032	__gene_G_rbs	476.000000	0.000000	0.000000
1184.999032	__gene_H_rbs	322.000000	0.000000	0.000000
1184.999032	__gene_J_rbs	858.000000	0.000000	0.000000
1184.999032	__gene_K_rbs	840.000000	0.000000	0.000000
1184.999032	__ribosome	0.000000	0.000000	0.000000
1184.999032	bound_ecolipol	1865.000000	0.000000	0.000000
1184.999032	bound_ribosome	100.000000	0.000000	0.000000
1184.999032	ecoli_genome	135.000000	0.000000	0.000000
1184.999032	ecoli_transcript	88594.000000	0.000000	0.000000
1184.999032	ecolipol	36.000000	0.000000	0.000000
1184.999032	gene_A	226.000000	871.000000	0.000000
1184.999032	gene_A*	142.000000	858.000000	0.000000
1184.999032	gene_B	134.000000	849.000000	0.000000
1184.999032	gene_C	125.000000	838.000000	0.000000
1184.999032	gene_D	234.000000	868.000000	0.000000
1184.999032	gene_E	196.000000	864.000000	0.000000
1184.999032	gene_F	106.000000	619.000000	0.000000
1184.999032	gene_G	33.000000	476.000000	0.058824
1184.999032	gene_H	0.000000	322.000000	0.114907
1184.999032	gene_J	101.000000	858.000000	0.040793
1184.999032	gene_K	130.000000	840.000000	0.000000
1184.999032	promoter_A	0.000000	0.000000	0.000000
1184.999032	promoter_B1	0.000000	0.000000	0.000000
1184.999032	promoter_D	0.000000	0.000000	0.000000
1189.999027	__gene_A*_rbs	862.000000	0.000000	0.000000
1189.999027	__gene_A_rbs	875.000000	0.000000	0.000000
1189.999027	__gene_B_rbs	853.000000	0.000000	0.000000
1189.999027	__gene_C_rbs	842.000000	0.000000	0.000000
1189.999027	__gene_D_rbs	872.000000	0.000000	0.000000
1189.999027	__gene_E_rbs	868.000000	0.000000	0.000000
1189.999027	__gene_F_rbs	622.000000	0.000000	0.000000
1189.999027	__gene_G_rbs	478.000000	0.000000	0.000000
1189.999027	__gene_H_rbs	325.000000	0.000000	0.000000
1189.999027	__gene_J_rbs	861.000000	0.000000	0.000000
1189.999027	__gene_K_rbs	844.000000	0.000000	0.000000
1189.999027	__ribosome	0.000000	0.000000	0.000000
1189.999027	bound_ecolipol	1877.000000	0.000000	0.000000
1189.999027	bound_ribosome	100.000000	0.000000	0.000000
1189.999027	ecoli_genome	123.000000	0.000000	0.000000
1189.999027	ecoli_transcript	88943.000000	0.000000	0.000000
1189.999027	ecolipol	27.000000	0.000000	0.000000
1189.999027	gene_A	226.000000	875.000000	0.000000
1189.999027	gene_A*	142.000000	862.000000	0.000000
1189.999027	gene_B	134.000000	853.000000	0.000000
1189.999027	gene_C	125.000000	842.000000	0.001188
1189.999027	gene_D	234.000000	872.000000	0.000000
1189.999027	gene_E	196.000000	868.000000	0.000000
1189.999027	gene_F	106.000000	622.000000	0.000000
1189.999027	gene_G	33.000000	478.000000	0.058577
1189.999027	gene_H	0.000000	325.000000	0.113846
1189.999027	gene_J	102.000000	861.000000	0.039489
1189.999027	gene_K	130.000000	844.000000	0.000000
1189.999027	promoter_A	0.000000	0.000000	0.000000
1189.999027	promoter_B1	0.000000	0.000000	0.000000
1189.999027	promoter_D	0.000000	0.000000	0.000000
1194.999366	__gene_A*_rbs	866.000000	0.000000	0.000000
1194.999366	__gene_A_rbs	878.000000	0.000000	0.000000
1194.999366	__gene_B_rbs	857.000000	0.000000	0.000000
1194.999366	__gene_C_rbs	846.000000	0.000000	0.000000
1194.999366	__gene_D_rbs	876.000000	0.000000	0.000000
1194.999366	__gene_E_rbs	871.000000	0.000000	0.000000
1194.999366	__gene_F_rbs	624.000000	0.000000	0.000000
1194.999366	__gene_G_rbs	481.000000	0.000000	0.000000
1194.999366	__gene_H_rbs	327.000000	0.000000	0.000000
1194.999366	__gene_J_rbs	865.000000	0.000000	0.000000
1194.999366	__gene_K_rbs	848.000000	0.000000	0.000000
1194.999366	__ribosome	0.000000	0.000000	0.000000
1194.999366	bound_ecolipol	1867.000000	0.000000	0.000000
1194.999366	bound_ribosome	100.000000	0.000000	0.000000
1194.999366	ecoli_genome	133.000000	0.000000	0.000000
1194.999366	ecoli_transcript	89307.000000	0.000000	0.000000
1194.999366	ecolipol	35.000000	0.000000	0.000000
1194.999366	gene_A	226.000000	878.000000	0.000000
1194.999366	gene_A*	142.000000	866.000000	0.000000
1194.999366	gene_B	134.000000	857.000000	0.000000
1194.999366	gene_C	125.000000	846.000000	0.001182
1194.999366	gene_D	234.000000	876.000000	0.000000
1194.999366	gene_E	196.000000	871.000000	0.000000
1194.999366	gene_F	106.000000	624.000000	0.000000
1194.999366	gene_G	33.000000	481.000000	0.058212
1194.999366	gene_H	0.000000	327.000000	0.113150
1194.999366	gene_J	102.000000	865.000000	0.039306
1194.999366	gene_K	130.000000	848.000000	0.000000
1194.999366	promoter_A	0.000000	0.000000	0.000000
1194.999366	promoter_B1	0.000000	0.000000	0.000000
1194.999366	promoter_D	0.000000	0.000000	0.000000
1199.999456	__gene_A*_rbs	869.000000	0.000000	0.000000
1199.999456	__gene_A_rbs	882.000000	0.000000	0.000000
1199.999456	__gene_B_rbs	861.000000	0.000000	0.000000
1199.999456	__gene_C_rbs	849.000000	0.000000	0.000000
1199.999456	__gene_D_rbs	879.000000	0.000000	0.000000
1199.999456	__gene_E_rbs	875.000000	0.000000	0.000000
1199.999456	__gene_F_rbs	626.000000	0.000000	0.000000
1199.999456	__gene_G_rbs	484.000000	0.000000	0.000000
1199.999456	__gene_H_rbs	328.000000	0.000000	0.000000
1199.999456	__gene_J_rbs	869.000000	0.000000	0.000000
1199.999456	__gene_K_rbs	851.000000	0.000000	0.000000
1199.999456	__ribosome	0.000000	0.000000	0.000000
1199.999456	bound_ecolipol	1863.000000	0.000000	0.000000
1199.999456	bound_ribosome	100.000000	0.000000	0.000000
1199.999456	ecoli_genome	137.000000	0.000000	0.000000
1199.999456	ecoli_transcript	89691.000000	0.000000	0.000000
1199.999456	ecolipol	43.000000	0.000000	0.000000
1199.999456	gene_A	226.000000	882.000000	0.000000
1199.999456	gene_A*	142.000000	869.000000	0.000000
1199.999456	gene_B	134.000000	861.000000	0.000000
1199.999456	gene_C	126.000000	849.000000	0.000000
1199.999456	gene_D	234.000000	879.000000	0.000000
1199.999456	gene_E	196.000000	875.000000	0.000000
1199.999456	gene_F	106.000000	626.000000	0.000000
1199.999456	gene_G	33.000000	484.000000	0.057851
1199.999456	gene_H	0.000000	328.000000	0.112805
1199.999456	gene_J	102.000000	869.000000	0.039125
1199.999456	gene_K	130.000000	851.000000	0.001175
1199.999456	promoter_A	0.000000	0.000000	0.000000
1199.999456	promoter_B1	0.000000	0.000000	0.000000
1199.999456	promoter_D	0.000000	0.000000	0.000000
