time	species	protein	transcript	ribo_density
0.000000	__gene_A*_rbs	0.000000	0.000000	0.000000
0.000000	__gene_A_rbs	0.000000	0.000000	0.000000
0.000000	__gene_B_rbs	0.000000	0.000000	0.000000
0.000000	__gene_C_rbs	0.000000	0.000000	0.000000
0.000000	__gene_D_rbs	0.000000	0.000000	0.000000
0.000000	__gene_E_rbs	0.000000	0.000000	0.000000
0.000000	__gene_F_rbs	0.000000	0.000000	0.000000
0.000000	__gene_G_rbs	0.000000	0.000000	0.000000
0.000000	__gene_H_rbs	0.000000	0.000000	0.000000
0.000000	__gene_J_rbs	0.000000	0.000000	0.000000
0.000000	__gene_K_rbs	0.000000	0.000000	0.000000
0.000000	__ribosome	100.000000	0.000000	0.000000
0.000000	bound_ecolipol	2000.000000	0.000000	0.000000
0.000000	bound_ribosome	100.000000	0.000000	0.000000
0.000000	ecoli_genome	0.000000	0.000000	0.000000
0.000000	ecoli_transcript	0.000000	0.000000	0.000000
0.000000	ecolipol	0.000000	0.000000	0.000000
0.000000	promoter_A	1.000000	0.000000	0.000000
0.000000	promoter_B1	1.000000	0.000000	0.000000
0.000000	promoter_D	1.000000	0.000000	0.000000
4.999525	__gene_A*_rbs	0.000000	0.000000	0.000000
4.999525	__gene_A_rbs	0.000000	0.000000	0.000000
4.999525	__gene_B_rbs	0.000000	0.000000	0.000000
4.999525	__gene_C_rbs	0.000000	0.000000	0.000000
4.999525	__gene_D_rbs	3.000000	0.000000	0.000000
4.999525	__gene_E_rbs	0.000000	0.000000	0.000000
4.999525	__gene_F_rbs	0.000000	0.000000	0.000000
4.999525	__gene_G_rbs	0.000000	0.000000	0.000000
4.999525	__gene_H_rbs	0.000000	0.000000	0.000000
4.999525	__gene_J_rbs	0.000000	0.000000	0.000000
4.999525	__gene_K_rbs	0.000000	0.000000	0.000000
4.999525	__ribosome	93.000000	0.000000	0.000000
4.999525	bound_ecolipol	1934.000000	0.000000	0.000000
4.999525	bound_ribosome	100.000000	0.000000	0.000000
4.999525	ecoli_genome	66.000000	0.000000	0.000000
4.999525	ecoli_transcript	373.000000	0.000000	0.000000
4.999525	ecolipol	58.000000	0.000000	0.000000
4.999525	gene_D	0.000000	4.000000	1.750000
4.999525	promoter_A	1.000000	0.000000	0.000000
4.999525	promoter_B1	0.000000	0.000000	0.000000
4.999525	promoter_D	0.000000	0.000000	0.000000
9.999100	__gene_A*_rbs	0.000000	0.000000	0.000000
9.999100	__gene_A_rbs	0.000000	0.000000	0.000000
9.999100	__gene_B_rbs	1.000000	0.000000	0.000000
9.999100	__gene_C_rbs	0.000000	0.000000	0.000000
9.999100	__gene_D_rbs	5.000000	0.000000	0.000000
9.999100	__gene_E_rbs	0.000000	0.000000	0.000000
9.999100	__gene_F_rbs	0.000000	0.000000	0.000000
9.999100	__gene_G_rbs	0.000000	0.000000	0.000000
9.999100	__gene_H_rbs	0.000000	0.000000	0.000000
9.999100	__gene_J_rbs	0.000000	0.000000	0.000000
9.999100	__gene_K_rbs	0.000000	0.000000	0.000000
9.999100	__ribosome	67.000000	0.000000	0.000000
9.999100	bound_ecolipol	1919.000000	0.000000	0.000000
9.999100	bound_ribosome	100.000000	0.000000	0.000000
9.999100	ecoli_genome	81.000000	0.000000	0.000000
9.999100	ecoli_transcript	789.000000	0.000000	0.000000
9.999100	ecolipol	70.000000	0.000000	0.000000
9.999100	gene_B	0.000000	2.000000	0.500000
9.999100	gene_D	0.000000	7.000000	3.857143
9.999100	gene_E	0.000000	3.000000	1.666667
9.999100	promoter_A	1.000000	0.000000	0.000000
9.999100	promoter_B1	1.000000	0.000000	0.000000
9.999100	promoter_D	0.000000	0.000000	0.000000
14.999060	__gene_A*_rbs	0.000000	0.000000	0.000000
14.999060	__gene_A_rbs	1.000000	0.000000	0.000000
14.999060	__gene_B_rbs	2.000000	0.000000	0.000000
14.999060	__gene_C_rbs	0.000000	0.000000	0.000000
14.999060	__gene_D_rbs	6.000000	0.000000	0.000000
14.999060	__gene_E_rbs	4.000000	0.000000	0.000000
14.999060	__gene_F_rbs	0.000000	0.000000	0.000000
14.999060	__gene_G_rbs	0.000000	0.000000	0.000000
14.999060	__gene_H_rbs	0.000000	0.000000	0.000000
14.999060	__gene_J_rbs	0.000000	0.000000	0.000000
14.999060	__gene_K_rbs	0.000000	0.000000	0.000000
14.999060	__ribosome	28.000000	0.000000	0.000000
14.999060	bound_ecolipol	1922.000000	0.000000	0.000000
14.999060	bound_ribosome	100.000000	0.000000	0.000000
14.999060	ecoli_genome	78.000000	0.000000	0.000000
14.999060	ecoli_transcript	1145.000000	0.000000	0.000000
14.999060	ecolipol	61.000000	0.000000	0.000000
14.999060	gene_A	0.000000	1.000000	1.000000
14.999060	gene_B	0.000000	3.000000	4.000000
14.999060	gene_D	0.000000	11.000000	4.727273
14.999060	gene_E	0.000000	7.000000	1.000000
14.999060	gene_J	0.000000	1.000000	0.000000
14.999060	promoter_A	1.000000	0.000000	0.000000
14.999060	promoter_B1	1.000000	0.000000	0.000000
14.999060	promoter_D	0.000000	0.000000	0.000000
19.999015	__gene_A*_rbs	0.000000	0.000000	0.000000
19.999015	__gene_A_rbs	1.000000	0.000000	0.000000
19.999015	__gene_B_rbs	3.000000	0.000000	0.000000
19.999015	__gene_C_rbs	0.000000	0.000000	0.000000
19.999015	__gene_D_rbs	15.000000	0.000000	0.000000
19.999015	__gene_E_rbs	8.000000	0.000000	0.000000
19.999015	__gene_F_rbs	1.000000	0.000000	0.000000
19.999015	__gene_G_rbs	0.000000	0.000000	0.000000
19.999015	__gene_H_rbs	0.000000	0.000000	0.000000
19.999015	__gene_J_rbs	4.000000	0.000000	0.000000
19.999015	__gene_K_rbs	1.000000	0.000000	0.000000
19.999015	__ribosome	12.000000	0.000000	0.000000
19.999015	bound_ecolipol	1923.000000	0.000000	0.000000
19.999015	bound_ribosome	100.000000	0.000000	0.000000
19.999015	ecoli_genome	77.000000	0.000000	0.000000
19.999015	ecoli_transcript	1517.000000	0.000000	0.000000
19.999015	ecolipol	55.000000	0.000000	0.000000
19.999015	gene_A	0.000000	1.000000	3.000000
19.999015	gene_B	0.000000	3.000000	6.000000
19.999015	gene_D	4.000000	15.000000	3.933333
19.999015	gene_E	4.000000	11.000000	0.545455
19.999015	gene_F	0.000000	1.000000	1.000000
19.999015	gene_J	0.000000	5.000000	0.200000
19.999015	gene_K	0.000000	1.000000	0.000000
19.999015	promoter_A	1.000000	0.000000	0.000000
19.999015	promoter_B1	1.000000	0.000000	0.000000
19.999015	promoter_D	0.000000	0.000000	0.000000
24.999170	__gene_A*_rbs	0.000000	0.000000	0.000000
24.999170	__gene_A_rbs	1.000000	0.000000	0.000000
24.999170	__gene_B_rbs	5.000000	0.000000	0.000000
24.999170	__gene_C_rbs	2.000000	0.000000	0.000000
24.999170	__gene_D_rbs	17.000000	0.000000	0.000000
24.999170	__gene_E_rbs	14.000000	0.000000	0.000000
24.999170	__gene_F_rbs	4.000000	0.000000	0.000000
24.999170	__gene_G_rbs	0.000000	0.000000	0.000000
24.999170	__gene_H_rbs	0.000000	0.000000	0.000000
24.999170	__gene_J_rbs	5.000000	0.000000	0.000000
24.999170	__gene_K_rbs	2.000000	0.000000	0.000000
24.999170	__ribosome	9.000000	0.000000	0.000000
24.999170	bound_ecolipol	1910.000000	0.000000	0.000000
24.999170	bound_ribosome	100.000000	0.000000	0.000000
24.999170	ecoli_genome	90.000000	0.000000	0.000000
24.999170	ecoli_transcript	1870.000000	0.000000	0.000000
24.999170	ecolipol	66.000000	0.000000	0.000000
24.999170	gene_A	0.000000	1.000000	3.000000
24.999170	gene_B	7.000000	5.000000	3.000000
24.999170	gene_C	0.000000	3.000000	0.666667
24.999170	gene_D	23.000000	18.000000	2.833333
24.999170	gene_E	7.000000	15.000000	0.866667
24.999170	gene_F	0.000000	4.000000	0.750000
24.999170	gene_J	1.000000	8.000000	0.500000
24.999170	gene_K	0.000000	3.000000	0.000000
24.999170	promoter_A	1.000000	0.000000	0.000000
24.999170	promoter_B1	1.000000	0.000000	0.000000
24.999170	promoter_D	0.000000	0.000000	0.000000
29.999207	__gene_A*_rbs	1.000000	0.000000	0.000000
29.999207	__gene_A_rbs	1.000000	0.000000	0.000000
29.999207	__gene_B_rbs	5.000000	0.000000	0.000000
29.999207	__gene_C_rbs	2.000000	0.000000	0.000000
29.999207	__gene_D_rbs	21.000000	0.000000	0.000000
29.999207	__gene_E_rbs	15.000000	0.000000	0.000000
29.999207	__gene_F_rbs	5.000000	0.000000	0.000000
29.999207	__gene_G_rbs	0.000000	0.000000	0.000000
29.999207	__gene_H_rbs	0.000000	0.000000	0.000000
29.999207	__gene_J_rbs	9.000000	0.000000	0.000000
29.999207	__gene_K_rbs	3.000000	0.000000	0.000000
29.999207	__ribosome	12.000000	0.000000	0.000000
29.999207	bound_ecolipol	1911.000000	0.000000	0.000000
29.999207	bound_ribosome	100.000000	0.000000	0.000000
29.999207	ecoli_genome	89.000000	0.000000	0.000000
29.999207	ecoli_transcript	2239.000000	0.000000	0.000000
29.999207	ecolipol	63.000000	0.000000	0.000000
29.999207	gene_A	0.000000	1.000000	4.000000
29.999207	gene_A*	0.000000	1.000000	0.000000
29.999207	gene_B	18.000000	5.000000	1.200000
29.999207	gene_C	0.000000	3.000000	1.333333
29.999207	gene_D	48.000000	22.000000	1.818182
29.999207	gene_E	10.000000	18.000000	1.222222
29.999207	gene_F	0.000000	6.000000	0.833333
29.999207	gene_J	2.000000	12.000000	0.500000
29.999207	gene_K	0.000000	3.000000	0.333333
29.999207	promoter_A	1.000000	0.000000	0.000000
29.999207	promoter_B1	1.000000	0.000000	0.000000
29.999207	promoter_D	0.000000	0.000000	0.000000
34.999072	__gene_A*_rbs	1.000000	0.000000	0.000000
34.999072	__gene_A_rbs	1.000000	0.000000	0.000000
34.999072	__gene_B_rbs	7.000000	0.000000	0.000000
34.999072	__gene_C_rbs	4.000000	0.000000	0.000000
34.999072	__gene_D_rbs	24.000000	0.000000	0.000000
34.999072	__gene_E_rbs	18.000000	0.000000	0.000000
34.999072	__gene_F_rbs	8.000000	0.000000	0.000000
34.999072	__gene_G_rbs	0.000000	0.000000	0.000000
34.999072	__gene_H_rbs	0.000000	0.000000	0.000000
34.999072	__gene_J_rbs	13.000000	0.000000	0.000000
34.999072	__gene_K_rbs	5.000000	0.000000	0.000000
34.999072	__ribosome	5.000000	0.000000	0.000000
34.999072	bound_ecolipol	1908.000000	0.000000	0.000000
34.999072	bound_ribosome	100.000000	0.000000	0.000000
34.999072	ecoli_genome	92.000000	0.000000	0.000000
34.999072	ecoli_transcript	2623.000000	0.000000	0.000000
34.999072	ecolipol	64.000000	0.000000	0.000000
34.999072	gene_A	0.000000	1.000000	5.000000
34.999072	gene_A*	0.000000	1.000000	0.000000
34.999072	gene_B	19.000000	7.000000	1.285714
34.999072	gene_C	3.000000	4.000000	0.250000
34.999072	gene_D	63.000000	26.000000	1.423077
34.999072	gene_E	21.000000	22.000000	1.090909
34.999072	gene_F	0.000000	8.000000	1.000000
34.999072	gene_J	5.000000	15.000000	0.666667
34.999072	gene_K	1.000000	5.000000	0.200000
34.999072	promoter_A	1.000000	0.000000	0.000000
34.999072	promoter_B1	1.000000	0.000000	0.000000
34.999072	promoter_D	0.000000	0.000000	0.000000
39.999121	__gene_A*_rbs	1.000000	0.000000	0.000000
39.999121	__gene_A_rbs	2.000000	0.000000	0.000000
39.999121	__gene_B_rbs	9.000000	0.000000	0.000000
39.999121	__gene_C_rbs	4.000000	0.000000	0.000000
39.999121	__gene_D_rbs	28.000000	0.000000	0.000000
39.999121	__gene_E_rbs	23.000000	0.000000	0.000000
39.999121	__gene_F_rbs	8.000000	0.000000	0.000000
39.999121	__gene_G_rbs	0.000000	0.000000	0.000000
39.999121	__gene_H_rbs	0.000000	0.000000	0.000000
39.999121	__gene_J_rbs	18.000000	0.000000	0.000000
39.999121	__gene_K_rbs	5.000000	0.000000	0.000000
39.999121	__ribosome	5.000000	0.000000	0.000000
39.999121	bound_ecolipol	1910.000000	0.000000	0.000000
39.999121	bound_ribosome	100.000000	0.000000	0.000000
39.999121	ecoli_genome	90.000000	0.000000	0.000000
39.999121	ecoli_transcript	3007.000000	0.000000	0.000000
39.999121	ecolipol	59.000000	0.000000	0.000000
39.999121	gene_A	0.000000	2.000000	2.500000
39.999121	gene_A*	0.000000	1.000000	1.000000
39.999121	gene_B	22.000000	9.000000	0.777778
39.999121	gene_C	4.000000	5.000000	0.600000
39.999121	gene_D	75.000000	29.000000	1.137931
39.999121	gene_E	34.000000	25.000000	0.800000
39.999121	gene_F	0.000000	9.000000	1.444444
39.999121	gene_J	10.000000	18.000000	0.611111
39.999121	gene_K	2.000000	5.000000	0.400000
39.999121	promoter_A	1.000000	0.000000	0.000000
39.999121	promoter_B1	1.000000	0.000000	0.000000
39.999121	promoter_D	0.000000	0.000000	0.000000
44.999126	__gene_A*_rbs	1.000000	0.000000	0.000000
44.999126	__gene_A_rbs	2.000000	0.000000	0.000000
44.999126	__gene_B_rbs	10.000000	0.000000	0.000000
44.999126	__gene_C_rbs	6.000000	0.000000	0.000000
44.999126	__gene_D_rbs	32.000000	0.000000	0.000000
44.999126	__gene_E_rbs	26.000000	0.000000	0.000000
44.999126	__gene_F_rbs	12.000000	0.000000	0.000000
44.999126	__gene_G_rbs	0.000000	0.000000	0.000000
44.999126	__gene_H_rbs	0.000000	0.000000	0.000000
44.999126	__gene_J_rbs	19.000000	0.000000	0.000000
44.999126	__gene_K_rbs	6.000000	0.000000	0.000000
44.999126	__ribosome	3.000000	0.000000	0.000000
44.999126	bound_ecolipol	1914.000000	0.000000	0.000000
44.999126	bound_ribosome	100.000000	0.000000	0.000000
44.999126	ecoli_genome	86.000000	0.000000	0.000000
44.999126	ecoli_transcript	3385.000000	0.000000	0.000000
44.999126	ecolipol	52.000000	0.000000	0.000000
44.999126	gene_A	0.000000	2.000000	2.500000
44.999126	gene_A*	0.000000	1.000000	1.000000
44.999126	gene_B	27.000000	10.000000	0.500000
44.999126	gene_C	4.000000	6.000000	0.833333
44.999126	gene_D	85.000000	33.000000	0.969697
44.999126	gene_E	47.000000	29.000000	0.586207
44.999126	gene_F	0.000000	12.000000	1.500000
44.999126	gene_J	10.000000	22.000000	0.590909
44.999126	gene_K	4.000000	6.000000	0.166667
44.999126	promoter_A	1.000000	0.000000	0.000000
44.999126	promoter_B1	1.000000	0.000000	0.000000
44.999126	promoter_D	0.000000	0.000000	0.000000
49.999174	__gene_A*_rbs	1.000000	0.000000	0.000000
49.999174	__gene_A_rbs	2.000000	0.000000	0.000000
49.999174	__gene_B_rbs	10.000000	0.000000	0.000000
49.999174	__gene_C_rbs	8.000000	0.000000	0.000000
49.999174	__gene_D_rbs	35.000000	0.000000	0.000000
49.999174	__gene_E_rbs	32.000000	0.000000	0.000000
49.999174	__gene_F_rbs	13.000000	0.000000	0.000000
49.999174	__gene_G_rbs	0.000000	0.000000	0.000000
49.999174	__gene_H_rbs	0.000000	0.000000	0.000000
49.999174	__gene_J_rbs	23.000000	0.000000	0.000000
49.999174	__gene_K_rbs	8.000000	0.000000	0.000000
49.999174	__ribosome	3.000000	0.000000	0.000000
49.999174	bound_ecolipol	1913.000000	0.000000	0.000000
49.999174	bound_ribosome	100.000000	0.000000	0.000000
49.999174	ecoli_genome	87.000000	0.000000	0.000000
49.999174	ecoli_transcript	3769.000000	0.000000	0.000000
49.999174	ecolipol	53.000000	0.000000	0.000000
49.999174	gene_A	0.000000	2.000000	2.500000
49.999174	gene_A*	0.000000	1.000000	1.000000
49.999174	gene_B	29.000000	11.000000	0.363636
49.999174	gene_C	7.000000	8.000000	0.500000
49.999174	gene_D	99.000000	36.000000	0.750000
49.999174	gene_E	54.000000	33.000000	0.484848
49.999174	gene_F	0.000000	14.000000	1.571429
49.999174	gene_J	11.000000	26.000000	0.692308
49.999174	gene_K	5.000000	8.000000	0.000000
49.999174	promoter_A	1.000000	0.000000	0.000000
49.999174	promoter_B1	1.000000	0.000000	0.000000
49.999174	promoter_D	0.000000	0.000000	0.000000
54.999157	__gene_A*_rbs	2.000000	0.000000	0.000000
54.999157	__gene_A_rbs	2.000000	0.000000	0.000000
54.999157	__gene_B_rbs	11.000000	0.000000	0.000000
54.999157	__gene_C_rbs	9.000000	0.000000	0.000000
54.999157	__gene_D_rbs	38.000000	0.000000	0.000000
54.999157	__gene_E_rbs	34.000000	0.000000	0.000000
54.999157	__gene_F_rbs	15.000000	0.000000	0.000000
54.999157	__gene_G_rbs	0.000000	0.000000	0.000000
54.999157	__gene_H_rbs	0.000000	0.000000	0.000000
54.999157	__gene_J_rbs	28.000000	0.000000	0.000000
54.999157	__gene_K_rbs	9.000000	0.000000	0.000000
54.999157	__ribosome	1.000000	0.000000	0.000000
54.999157	bound_ecolipol	1911.000000	0.000000	0.000000
54.999157	bound_ribosome	100.000000	0.000000	0.000000
54.999157	ecoli_genome	89.000000	0.000000	0.000000
54.999157	ecoli_transcript	4098.000000	0.000000	0.000000
54.999157	ecolipol	53.000000	0.000000	0.000000
54.999157	gene_A	0.000000	2.000000	2.500000
54.999157	gene_A*	0.000000	2.000000	1.000000
54.999157	gene_B	32.000000	11.000000	0.181818
54.999157	gene_C	10.000000	9.000000	0.111111
54.999157	gene_D	109.000000	40.000000	0.675000
54.999157	gene_E	67.000000	37.000000	0.297297
54.999157	gene_F	0.000000	15.000000	1.666667
54.999157	gene_J	14.000000	29.000000	0.758621
54.999157	gene_K	5.000000	10.000000	0.400000
54.999157	promoter_A	1.000000	0.000000	0.000000
54.999157	promoter_B1	1.000000	0.000000	0.000000
54.999157	promoter_D	0.000000	0.000000	0.000000
59.999304	__gene_A*_rbs	2.000000	0.000000	0.000000
59.999304	__gene_A_rbs	2.000000	0.000000	0.000000
59.999304	__gene_B_rbs	11.000000	0.000000	0.000000
59.999304	__gene_C_rbs	10.000000	0.000000	0.000000
59.999304	__gene_D_rbs	44.000000	0.000000	0.000000
59.999304	__gene_E_rbs	38.000000	0.000000	0.000000
59.999304	__gene_F_rbs	17.000000	0.000000	0.000000
59.999304	__gene_G_rbs	1.000000	0.000000	0.000000
59.999304	__gene_H_rbs	0.000000	0.000000	0.000000
59.999304	__gene_J_rbs	31.000000	0.000000	0.000000
59.999304	__gene_K_rbs	10.000000	0.000000	0.000000
59.999304	__ribosome	0.000000	0.000000	0.000000
59.999304	bound_ecolipol	1905.000000	0.000000	0.000000
59.999304	bound_ribosome	100.000000	0.000000	0.000000
59.999304	ecoli_genome	95.000000	0.000000	0.000000
59.999304	ecoli_transcript	4491.000000	0.000000	0.000000
59.999304	ecolipol	59.000000	0.000000	0.000000
59.999304	gene_A	0.000000	2.000000	2.500000
59.999304	gene_A*	0.000000	2.000000	1.500000
59.999304	gene_B	33.000000	11.000000	0.272727
59.999304	gene_C	11.000000	10.000000	0.000000
59.999304	gene_D	115.000000	44.000000	0.545455
59.999304	gene_E	70.000000	40.000000	0.325000
59.999304	gene_F	0.000000	17.000000	1.647059
59.999304	gene_G	0.000000	1.000000	0.000000
59.999304	gene_J	20.000000	33.000000	0.636364
59.999304	gene_K	8.000000	11.000000	0.272727
59.999304	promoter_A	1.000000	0.000000	0.000000
59.999304	promoter_B1	0.000000	0.000000	0.000000
59.999304	promoter_D	0.000000	0.000000	0.000000
64.999035	__gene_A*_rbs	2.000000	0.000000	0.000000
64.999035	__gene_A_rbs	2.000000	0.000000	0.000000
64.999035	__gene_B_rbs	13.000000	0.000000	0.000000
64.999035	__gene_C_rbs	11.000000	0.000000	0.000000
64.999035	__gene_D_rbs	48.000000	0.000000	0.000000
64.999035	__gene_E_rbs	41.000000	0.000000	0.000000
64.999035	__gene_F_rbs	20.000000	0.000000	0.000000
64.999035	__gene_G_rbs	2.000000	0.000000	0.000000
64.999035	__gene_H_rbs	0.000000	0.000000	0.000000
64.999035	__gene_J_rbs	36.000000	0.000000	0.000000
64.999035	__gene_K_rbs	11.000000	0.000000	0.000000
64.999035	__ribosome	3.000000	0.000000	0.000000
64.999035	bound_ecolipol	1917.000000	0.000000	0.000000
64.999035	bound_ribosome	100.000000	0.000000	0.000000
64.999035	ecoli_genome	83.000000	0.000000	0.000000
64.999035	ecoli_transcript	4884.000000	0.000000	0.000000
64.999035	ecolipol	46.000000	0.000000	0.000000
64.999035	gene_A	1.000000	2.000000	2.000000
64.999035	gene_A*	0.000000	2.000000	1.500000
64.999035	gene_B	34.000000	13.000000	0.384615
64.999035	gene_C	11.000000	11.000000	0.000000
64.999035	gene_D	126.000000	48.000000	0.333333
64.999035	gene_E	79.000000	43.000000	0.255814
64.999035	gene_F	1.000000	20.000000	1.450000
64.999035	gene_G	0.000000	2.000000	0.000000
64.999035	gene_J	21.000000	37.000000	0.756757
64.999035	gene_K	10.000000	11.000000	0.090909
64.999035	promoter_A	1.000000	0.000000	0.000000
64.999035	promoter_B1	1.000000	0.000000	0.000000
64.999035	promoter_D	0.000000	0.000000	0.000000
69.999048	__gene_A*_rbs	2.000000	0.000000	0.000000
69.999048	__gene_A_rbs	2.000000	0.000000	0.000000
69.999048	__gene_B_rbs	14.000000	0.000000	0.000000
69.999048	__gene_C_rbs	10.000000	0.000000	0.000000
69.999048	__gene_D_rbs	51.000000	0.000000	0.000000
69.999048	__gene_E_rbs	45.000000	0.000000	0.000000
69.999048	__gene_F_rbs	23.000000	0.000000	0.000000
69.999048	__gene_G_rbs	2.000000	0.000000	0.000000
69.999048	__gene_H_rbs	0.000000	0.000000	0.000000
69.999048	__gene_J_rbs	40.000000	0.000000	0.000000
69.999048	__gene_K_rbs	10.000000	0.000000	0.000000
69.999048	__ribosome	4.000000	0.000000	0.000000
69.999048	bound_ecolipol	1913.000000	0.000000	0.000000
69.999048	bound_ribosome	100.000000	0.000000	0.000000
69.999048	ecoli_genome	87.000000	0.000000	0.000000
69.999048	ecoli_transcript	5264.000000	0.000000	0.000000
69.999048	ecolipol	51.000000	0.000000	0.000000
69.999048	gene_A	3.000000	2.000000	1.000000
69.999048	gene_A*	0.000000	2.000000	1.500000
69.999048	gene_B	34.000000	14.000000	0.357143
69.999048	gene_C	11.000000	11.000000	0.272727
69.999048	gene_D	135.000000	51.000000	0.254902
69.999048	gene_E	85.000000	47.000000	0.234043
69.999048	gene_F	3.000000	23.000000	1.347826
69.999048	gene_G	0.000000	2.000000	0.000000
69.999048	gene_J	27.000000	41.000000	0.585366
69.999048	gene_K	11.000000	11.000000	0.363636
69.999048	promoter_A	1.000000	0.000000	0.000000
69.999048	promoter_B1	1.000000	0.000000	0.000000
69.999048	promoter_D	0.000000	0.000000	0.000000
74.999065	__gene_A*_rbs	2.000000	0.000000	0.000000
74.999065	__gene_A_rbs	2.000000	0.000000	0.000000
74.999065	__gene_B_rbs	14.000000	0.000000	0.000000
74.999065	__gene_C_rbs	11.000000	0.000000	0.000000
74.999065	__gene_D_rbs	55.000000	0.000000	0.000000
74.999065	__gene_E_rbs	50.000000	0.000000	0.000000
74.999065	__gene_F_rbs	25.000000	0.000000	0.000000
74.999065	__gene_G_rbs	4.000000	0.000000	0.000000
74.999065	__gene_H_rbs	1.000000	0.000000	0.000000
74.999065	__gene_J_rbs	43.000000	0.000000	0.000000
74.999065	__gene_K_rbs	12.000000	0.000000	0.000000
74.999065	__ribosome	2.000000	0.000000	0.000000
74.999065	bound_ecolipol	1913.000000	0.000000	0.000000
74.999065	bound_ribosome	100.000000	0.000000	0.000000
74.999065	ecoli_genome	87.000000	0.000000	0.000000
74.999065	ecoli_transcript	5636.000000	0.000000	0.000000
74.999065	ecolipol	46.000000	0.000000	0.000000
74.999065	gene_A	3.000000	2.000000	1.000000
74.999065	gene_A*	1.000000	2.000000	1.500000
74.999065	gene_B	37.000000	14.000000	0.142857
74.999065	gene_C	12.000000	12.000000	0.416667
74.999065	gene_D	137.000000	55.000000	0.272727
74.999065	gene_E	90.000000	51.000000	0.156863
74.999065	gene_F	7.000000	25.000000	1.240000
74.999065	gene_G	0.000000	5.000000	0.200000
74.999065	gene_H	0.000000	1.000000	0.000000
74.999065	gene_J	29.000000	45.000000	0.644444
74.999065	gene_K	14.000000	13.000000	0.153846
74.999065	promoter_A	1.000000	0.000000	0.000000
74.999065	promoter_B1	0.000000	0.000000	0.000000
74.999065	promoter_D	0.000000	0.000000	0.000000
80.000059	__gene_A*_rbs	2.000000	0.000000	0.000000
80.000059	__gene_A_rbs	2.000000	0.000000	0.000000
80.000059	__gene_B_rbs	15.000000	0.000000	0.000000
80.000059	__gene_C_rbs	12.000000	0.000000	0.000000
80.000059	__gene_D_rbs	58.000000	0.000000	0.000000
80.000059	__gene_E_rbs	55.000000	0.000000	0.000000
80.000059	__gene_F_rbs	28.000000	0.000000	0.000000
80.000059	__gene_G_rbs	7.000000	0.000000	0.000000
80.000059	__gene_H_rbs	2.000000	0.000000	0.000000
80.000059	__gene_J_rbs	46.000000	0.000000	0.000000
80.000059	__gene_K_rbs	14.000000	0.000000	0.000000
80.000059	__ribosome	2.000000	0.000000	0.000000
80.000059	bound_ecolipol	1904.000000	0.000000	0.000000
80.000059	bound_ribosome	100.000000	0.000000	0.000000
80.000059	ecoli_genome	96.000000	0.000000	0.000000
80.000059	ecoli_transcript	6024.000000	0.000000	0.000000
80.000059	ecolipol	53.000000	0.000000	0.000000
80.000059	gene_A	4.000000	2.000000	0.500000
80.000059	gene_A*	1.000000	2.000000	1.500000
80.000059	gene_B	39.000000	15.000000	0.066667
80.000059	gene_C	16.000000	13.000000	0.307692
80.000059	gene_D	142.000000	58.000000	0.258621
80.000059	gene_E	96.000000	55.000000	0.090909
80.000059	gene_F	9.000000	28.000000	1.142857
80.000059	gene_G	0.000000	7.000000	0.428571
80.000059	gene_H	0.000000	2.000000	0.000000
80.000059	gene_J	32.000000	48.000000	0.666667
80.000059	gene_K	15.000000	14.000000	0.142857
80.000059	promoter_A	1.000000	0.000000	0.000000
80.000059	promoter_B1	1.000000	0.000000	0.000000
80.000059	promoter_D	0.000000	0.000000	0.000000
84.999057	__gene_A*_rbs	2.000000	0.000000	0.000000
84.999057	__gene_A_rbs	2.000000	0.000000	0.000000
84.999057	__gene_B_rbs	17.000000	0.000000	0.000000
84.999057	__gene_C_rbs	13.000000	0.000000	0.000000
84.999057	__gene_D_rbs	61.000000	0.000000	0.000000
84.999057	__gene_E_rbs	58.000000	0.000000	0.000000
84.999057	__gene_F_rbs	31.000000	0.000000	0.000000
84.999057	__gene_G_rbs	8.000000	0.000000	0.000000
84.999057	__gene_H_rbs	2.000000	0.000000	0.000000
84.999057	__gene_J_rbs	52.000000	0.000000	0.000000
84.999057	__gene_K_rbs	14.000000	0.000000	0.000000
84.999057	__ribosome	1.000000	0.000000	0.000000
84.999057	bound_ecolipol	1903.000000	0.000000	0.000000
84.999057	bound_ribosome	100.000000	0.000000	0.000000
84.999057	ecoli_genome	97.000000	0.000000	0.000000
84.999057	ecoli_transcript	6397.000000	0.000000	0.000000
84.999057	ecolipol	52.000000	0.000000	0.000000
84.999057	gene_A	5.000000	2.000000	0.000000
84.999057	gene_A*	1.000000	2.000000	1.500000
84.999057	gene_B	39.000000	17.000000	0.235294
84.999057	gene_C	18.000000	14.000000	0.214286
84.999057	gene_D	148.000000	62.000000	0.258065
84.999057	gene_E	99.000000	58.000000	0.103448
84.999057	gene_F	14.000000	31.000000	1.000000
84.999057	gene_G	0.000000	8.000000	0.500000
84.999057	gene_H	0.000000	2.000000	0.000000
84.999057	gene_J	36.000000	52.000000	0.557692
84.999057	gene_K	17.000000	14.000000	0.214286
84.999057	promoter_A	1.000000	0.000000	0.000000
84.999057	promoter_B1	1.000000	0.000000	0.000000
84.999057	promoter_D	0.000000	0.000000	0.000000
89.999534	__gene_A*_rbs	2.000000	0.000000	0.000000
89.999534	__gene_A_rbs	3.000000	0.000000	0.000000
89.999534	__gene_B_rbs	18.000000	0.000000	0.000000
89.999534	__gene_C_rbs	14.000000	0.000000	0.000000
89.999534	__gene_D_rbs	64.000000	0.000000	0.000000
89.999534	__gene_E_rbs	59.000000	0.000000	0.000000
89.999534	__gene_F_rbs	33.000000	0.000000	0.000000
89.999534	__gene_G_rbs	10.000000	0.000000	0.000000
89.999534	__gene_H_rbs	4.000000	0.000000	0.000000
89.999534	__gene_J_rbs	55.000000	0.000000	0.000000
89.999534	__gene_K_rbs	14.000000	0.000000	0.000000
89.999534	__ribosome	0.000000	0.000000	0.000000
89.999534	bound_ecolipol	1900.000000	0.000000	0.000000
89.999534	bound_ribosome	100.000000	0.000000	0.000000
89.999534	ecoli_genome	100.000000	0.000000	0.000000
89.999534	ecoli_transcript	6784.000000	0.000000	0.000000
89.999534	ecolipol	51.000000	0.000000	0.000000
89.999534	gene_A	5.000000	3.000000	0.000000
89.999534	gene_A*	2.000000	2.000000	1.500000
89.999534	gene_B	39.000000	18.000000	0.277778
89.999534	gene_C	20.000000	15.000000	0.133333
89.999534	gene_D	153.000000	66.000000	0.212121
89.999534	gene_E	101.000000	62.000000	0.177419
89.999534	gene_F	19.000000	33.000000	0.787879
89.999534	gene_G	0.000000	10.000000	0.500000
89.999534	gene_H	0.000000	4.000000	0.250000
89.999534	gene_J	37.000000	56.000000	0.553571
89.999534	gene_K	20.000000	15.000000	0.133333
89.999534	promoter_A	1.000000	0.000000	0.000000
89.999534	promoter_B1	0.000000	0.000000	0.000000
89.999534	promoter_D	0.000000	0.000000	0.000000
94.999256	__gene_A*_rbs	2.000000	0.000000	0.000000
94.999256	__gene_A_rbs	3.000000	0.000000	0.000000
94.999256	__gene_B_rbs	19.000000	0.000000	0.000000
94.999256	__gene_C_rbs	16.000000	0.000000	0.000000
94.999256	__gene_D_rbs	68.000000	0.000000	0.000000
94.999256	__gene_E_rbs	63.000000	0.000000	0.000000
94.999256	__gene_F_rbs	37.000000	0.000000	0.000000
94.999256	__gene_G_rbs	11.000000	0.000000	0.000000
94.999256	__gene_H_rbs	5.000000	0.000000	0.000000
94.999256	__gene_J_rbs	58.000000	0.000000	0.000000
94.999256	__gene_K_rbs	17.000000	0.000000	0.000000
94.999256	__ribosome	2.000000	0.000000	0.000000
94.999256	bound_ecolipol	1889.000000	0.000000	0.000000
94.999256	bound_ribosome	100.000000	0.000000	0.000000
94.999256	ecoli_genome	111.000000	0.000000	0.000000
94.999256	ecoli_transcript	7161.000000	0.000000	0.000000
94.999256	ecolipol	56.000000	0.000000	0.000000
94.999256	gene_A	5.000000	3.000000	0.000000
94.999256	gene_A*	3.000000	2.000000	1.000000
94.999256	gene_B	42.000000	19.000000	0.105263
94.999256	gene_C	21.000000	16.000000	0.125000
94.999256	gene_D	157.000000	69.000000	0.246377
94.999256	gene_E	106.000000	65.000000	0.153846
94.999256	gene_F	23.000000	37.000000	0.702703
94.999256	gene_G	2.000000	11.000000	0.363636
94.999256	gene_H	0.000000	5.000000	0.200000
94.999256	gene_J	39.000000	59.000000	0.525424
94.999256	gene_K	22.000000	17.000000	0.176471
94.999256	promoter_A	1.000000	0.000000	0.000000
94.999256	promoter_B1	1.000000	0.000000	0.000000
94.999256	promoter_D	0.000000	0.000000	0.000000
99.999029	__gene_A*_rbs	2.000000	0.000000	0.000000
99.999029	__gene_A_rbs	3.000000	0.000000	0.000000
99.999029	__gene_B_rbs	21.000000	0.000000	0.000000
99.999029	__gene_C_rbs	17.000000	0.000000	0.000000
99.999029	__gene_D_rbs	73.000000	0.000000	0.000000
99.999029	__gene_E_rbs	69.000000	0.000000	0.000000
99.999029	__gene_F_rbs	39.000000	0.000000	0.000000
99.999029	__gene_G_rbs	11.000000	0.000000	0.000000
99.999029	__gene_H_rbs	6.000000	0.000000	0.000000
99.999029	__gene_J_rbs	61.000000	0.000000	0.000000
99.999029	__gene_K_rbs	18.000000	0.000000	0.000000
99.999029	__ribosome	0.000000	0.000000	0.000000
99.999029	bound_ecolipol	1889.000000	0.000000	0.000000
99.999029	bound_ribosome	100.000000	0.000000	0.000000
99.999029	ecoli_genome	111.000000	0.000000	0.000000
99.999029	ecoli_transcript	7564.000000	0.000000	0.000000
99.999029	ecolipol	58.000000	0.000000	0.000000
99.999029	gene_A	5.000000	3.000000	0.000000
99.999029	gene_A*	3.000000	2.000000	1.000000
99.999029	gene_B	44.000000	21.000000	0.095238
99.999029	gene_C	22.000000	17.000000	0.117647
99.999029	gene_D	163.000000	73.000000	0.260274
99.999029	gene_E	112.000000	69.000000	0.101449
99.999029	gene_F	26.000000	39.000000	0.641026
99.999029	gene_G	3.000000	11.000000	0.363636
99.999029	gene_H	0.000000	6.000000	0.166667
99.999029	gene_J	39.000000	63.000000	0.571429
99.999029	gene_K	25.000000	18.000000	0.111111
99.999029	promoter_A	1.000000	0.000000	0.000000
99.999029	promoter_B1	0.000000	0.000000	0.000000
99.999029	promoter_D	0.000000	0.000000	0.000000
104.999044	__gene_A*_rbs	3.000000	0.000000	0.000000
104.999044	__gene_A_rbs	3.000000	0.000000	0.000000
104.999044	__gene_B_rbs	22.000000	0.000000	0.000000
104.999044	__gene_C_rbs	18.000000	0.000000	0.000000
104.999044	__gene_D_rbs	76.000000	0.000000	0.000000
104.999044	__gene_E_rbs	72.000000	0.000000	0.000000
104.999044	__gene_F_rbs	42.000000	0.000000	0.000000
104.999044	__gene_G_rbs	13.000000	0.000000	0.000000
104.999044	__gene_H_rbs	7.000000	0.000000	0.000000
104.999044	__gene_J_rbs	63.000000	0.000000	0.000000
104.999044	__gene_K_rbs	19.000000	0.000000	0.000000
104.999044	__ribosome	0.000000	0.000000	0.000000
104.999044	bound_ecolipol	1894.000000	0.000000	0.000000
104.999044	bound_ribosome	100.000000	0.000000	0.000000
104.999044	ecoli_genome	106.000000	0.000000	0.000000
104.999044	ecoli_transcript	7966.000000	0.000000	0.000000
104.999044	ecolipol	53.000000	0.000000	0.000000
104.999044	gene_A	5.000000	3.000000	0.000000
104.999044	gene_A*	3.000000	3.000000	1.000000
104.999044	gene_B	44.000000	22.000000	0.136364
104.999044	gene_C	23.000000	18.000000	0.111111
104.999044	gene_D	166.000000	76.000000	0.223684
104.999044	gene_E	116.000000	72.000000	0.069444
104.999044	gene_F	29.000000	42.000000	0.666667
104.999044	gene_G	3.000000	13.000000	0.384615
104.999044	gene_H	0.000000	7.000000	0.285714
104.999044	gene_J	45.000000	66.000000	0.500000
104.999044	gene_K	26.000000	19.000000	0.105263
104.999044	promoter_A	1.000000	0.000000	0.000000
104.999044	promoter_B1	1.000000	0.000000	0.000000
104.999044	promoter_D	0.000000	0.000000	0.000000
109.999007	__gene_A*_rbs	3.000000	0.000000	0.000000
109.999007	__gene_A_rbs	4.000000	0.000000	0.000000
109.999007	__gene_B_rbs	24.000000	0.000000	0.000000
109.999007	__gene_C_rbs	20.000000	0.000000	0.000000
109.999007	__gene_D_rbs	78.000000	0.000000	0.000000
109.999007	__gene_E_rbs	74.000000	0.000000	0.000000
109.999007	__gene_F_rbs	44.000000	0.000000	0.000000
109.999007	__gene_G_rbs	16.000000	0.000000	0.000000
109.999007	__gene_H_rbs	8.000000	0.000000	0.000000
109.999007	__gene_J_rbs	69.000000	0.000000	0.000000
109.999007	__gene_K_rbs	21.000000	0.000000	0.000000
109.999007	__ribosome	0.000000	0.000000	0.000000
109.999007	bound_ecolipol	1899.000000	0.000000	0.000000
109.999007	bound_ribosome	100.000000	0.000000	0.000000
109.999007	ecoli_genome	101.000000	0.000000	0.000000
109.999007	ecoli_transcript	8350.000000	0.000000	0.000000
109.999007	ecolipol	49.000000	0.000000	0.000000
109.999007	gene_A	5.000000	4.000000	0.000000
109.999007	gene_A*	4.000000	3.000000	1.000000
109.999007	gene_B	44.000000	24.000000	0.166667
109.999007	gene_C	24.000000	20.000000	0.100000
109.999007	gene_D	173.000000	79.000000	0.227848
109.999007	gene_E	119.000000	75.000000	0.066667
109.999007	gene_F	32.000000	44.000000	0.659091
109.999007	gene_G	5.000000	16.000000	0.250000
109.999007	gene_H	0.000000	8.000000	0.375000
109.999007	gene_J	46.000000	70.000000	0.457143
109.999007	gene_K	28.000000	21.000000	0.000000
109.999007	promoter_A	1.000000	0.000000	0.000000
109.999007	promoter_B1	1.000000	0.000000	0.000000
109.999007	promoter_D	0.000000	0.000000	0.000000
114.999156	__gene_A*_rbs	3.000000	0.000000	0.000000
114.999156	__gene_A_rbs	4.000000	0.000000	0.000000
114.999156	__gene_B_rbs	24.000000	0.000000	0.000000
114.999156	__gene_C_rbs	21.000000	0.000000	0.000000
114.999156	__gene_D_rbs	81.000000	0.000000	0.000000
114.999156	__gene_E_rbs	78.000000	0.000000	0.000000
114.999156	__gene_F_rbs	45.000000	0.000000	0.000000
114.999156	__gene_G_rbs	17.000000	0.000000	0.000000
114.999156	__gene_H_rbs	8.000000	0.000000	0.000000
114.999156	__gene_J_rbs	73.000000	0.000000	0.000000
114.999156	__gene_K_rbs	22.000000	0.000000	0.000000
114.999156	__ribosome	0.000000	0.000000	0.000000
114.999156	bound_ecolipol	1897.000000	0.000000	0.000000
114.999156	bound_ribosome	100.000000	0.000000	0.000000
114.999156	ecoli_genome	103.000000	0.000000	0.000000
114.999156	ecoli_transcript	8731.000000	0.000000	0.000000
114.999156	ecolipol	53.000000	0.000000	0.000000
114.999156	gene_A	5.000000	4.000000	0.000000
114.999156	gene_A*	4.000000	3.000000	1.000000
114.999156	gene_B	47.000000	24.000000	0.083333
114.999156	gene_C	25.000000	22.000000	0.136364
114.999156	gene_D	182.000000	82.000000	0.170732
114.999156	gene_E	121.000000	79.000000	0.088608
114.999156	gene_F	36.000000	46.000000	0.586957
114.999156	gene_G	5.000000	17.000000	0.294118
114.999156	gene_H	0.000000	8.000000	0.375000
114.999156	gene_J	46.000000	74.000000	0.445946
114.999156	gene_K	28.000000	22.000000	0.136364
114.999156	promoter_A	1.000000	0.000000	0.000000
114.999156	promoter_B1	1.000000	0.000000	0.000000
114.999156	promoter_D	0.000000	0.000000	0.000000
119.999130	__gene_A*_rbs	3.000000	0.000000	0.000000
119.999130	__gene_A_rbs	4.000000	0.000000	0.000000
119.999130	__gene_B_rbs	25.000000	0.000000	0.000000
119.999130	__gene_C_rbs	23.000000	0.000000	0.000000
119.999130	__gene_D_rbs	86.000000	0.000000	0.000000
119.999130	__gene_E_rbs	82.000000	0.000000	0.000000
119.999130	__gene_F_rbs	49.000000	0.000000	0.000000
119.999130	__gene_G_rbs	18.000000	0.000000	0.000000
119.999130	__gene_H_rbs	9.000000	0.000000	0.000000
119.999130	__gene_J_rbs	76.000000	0.000000	0.000000
119.999130	__gene_K_rbs	23.000000	0.000000	0.000000
119.999130	__ribosome	0.000000	0.000000	0.000000
119.999130	bound_ecolipol	1892.000000	0.000000	0.000000
119.999130	bound_ribosome	100.000000	0.000000	0.000000
119.999130	ecoli_genome	108.000000	0.000000	0.000000
119.999130	ecoli_transcript	9126.000000	0.000000	0.000000
119.999130	ecolipol	58.000000	0.000000	0.000000
119.999130	gene_A	5.000000	4.000000	0.000000
119.999130	gene_A*	4.000000	3.000000	1.000000
119.999130	gene_B	48.000000	25.000000	0.080000
119.999130	gene_C	26.000000	23.000000	0.130435
119.999130	gene_D	183.000000	86.000000	0.197674
119.999130	gene_E	124.000000	83.000000	0.120482
119.999130	gene_F	40.000000	49.000000	0.489796
119.999130	gene_G	6.000000	18.000000	0.222222
119.999130	gene_H	0.000000	9.000000	0.333333
119.999130	gene_J	47.000000	76.000000	0.447368
119.999130	gene_K	31.000000	24.000000	0.000000
119.999130	promoter_A	1.000000	0.000000	0.000000
119.999130	promoter_B1	0.000000	0.000000	0.000000
119.999130	promoter_D	0.000000	0.000000	0.000000
124.999128	__gene_A*_rbs	4.000000	0.000000	0.000000
124.999128	__gene_A_rbs	4.000000	0.000000	0.000000
124.999128	__gene_B_rbs	23.000000	0.000000	0.000000
124.999128	__gene_C_rbs	24.000000	0.000000	0.000000
124.999128	__gene_D_rbs	89.000000	0.000000	0.000000
124.999128	__gene_E_rbs	85.000000	0.000000	0.000000
124.999128	__gene_F_rbs	51.000000	0.000000	0.000000
124.999128	__gene_G_rbs	20.000000	0.000000	0.000000
124.999128	__gene_H_rbs	11.000000	0.000000	0.000000
124.999128	__gene_J_rbs	78.000000	0.000000	0.000000
124.999128	__gene_K_rbs	24.000000	0.000000	0.000000
124.999128	__ribosome	1.000000	0.000000	0.000000
124.999128	bound_ecolipol	1901.000000	0.000000	0.000000
124.999128	bound_ribosome	100.000000	0.000000	0.000000
124.999128	ecoli_genome	99.000000	0.000000	0.000000
124.999128	ecoli_transcript	9551.000000	0.000000	0.000000
124.999128	ecolipol	49.000000	0.000000	0.000000
124.999128	gene_A	5.000000	4.000000	0.500000
124.999128	gene_A*	5.000000	4.000000	0.500000
124.999128	gene_B	48.000000	25.000000	0.160000
124.999128	gene_C	28.000000	24.000000	0.041667
124.999128	gene_D	191.000000	90.000000	0.155556
124.999128	gene_E	129.000000	86.000000	0.104651
124.999128	gene_F	44.000000	51.000000	0.411765
124.999128	gene_G	6.000000	20.000000	0.250000
124.999128	gene_H	0.000000	11.000000	0.272727
124.999128	gene_J	48.000000	80.000000	0.462500
124.999128	gene_K	31.000000	24.000000	0.041667
124.999128	promoter_A	1.000000	0.000000	0.000000
124.999128	promoter_B1	1.000000	0.000000	0.000000
124.999128	promoter_D	0.000000	0.000000	0.000000
129.999466	__gene_A*_rbs	4.000000	0.000000	0.000000
129.999466	__gene_A_rbs	4.000000	0.000000	0.000000
129.999466	__gene_B_rbs	27.000000	0.000000	0.000000
129.999466	__gene_C_rbs	23.000000	0.000000	0.000000
129.999466	__gene_D_rbs	94.000000	0.000000	0.000000
129.999466	__gene_E_rbs	88.000000	0.000000	0.000000
129.999466	__gene_F_rbs	54.000000	0.000000	0.000000
129.999466	__gene_G_rbs	22.000000	0.000000	0.000000
129.999466	__gene_H_rbs	12.000000	0.000000	0.000000
129.999466	__gene_J_rbs	84.000000	0.000000	0.000000
129.999466	__gene_K_rbs	25.000000	0.000000	0.000000
129.999466	__ribosome	1.000000	0.000000	0.000000
129.999466	bound_ecolipol	1888.000000	0.000000	0.000000
129.999466	bound_ribosome	100.000000	0.000000	0.000000
129.999466	ecoli_genome	112.000000	0.000000	0.000000
129.999466	ecoli_transcript	9962.000000	0.000000	0.000000
129.999466	ecolipol	64.000000	0.000000	0.000000
129.999466	gene_A	5.000000	4.000000	0.500000
129.999466	gene_A*	5.000000	4.000000	0.500000
129.999466	gene_B	50.000000	27.000000	0.111111
129.999466	gene_C	29.000000	24.000000	0.041667
129.999466	gene_D	195.000000	94.000000	0.148936
129.999466	gene_E	134.000000	90.000000	0.100000
129.999466	gene_F	45.000000	54.000000	0.388889
129.999466	gene_G	7.000000	22.000000	0.181818
129.999466	gene_H	0.000000	12.000000	0.250000
129.999466	gene_J	54.000000	84.000000	0.440476
129.999466	gene_K	32.000000	25.000000	0.120000
129.999466	promoter_A	1.000000	0.000000	0.000000
129.999466	promoter_B1	1.000000	0.000000	0.000000
129.999466	promoter_D	0.000000	0.000000	0.000000
134.999231	__gene_A*_rbs	3.000000	0.000000	0.000000
134.999231	__gene_A_rbs	4.000000	0.000000	0.000000
134.999231	__gene_B_rbs	27.000000	0.000000	0.000000
134.999231	__gene_C_rbs	25.000000	0.000000	0.000000
134.999231	__gene_D_rbs	95.000000	0.000000	0.000000
134.999231	__gene_E_rbs	92.000000	0.000000	0.000000
134.999231	__gene_F_rbs	57.000000	0.000000	0.000000
134.999231	__gene_G_rbs	24.000000	0.000000	0.000000
134.999231	__gene_H_rbs	13.000000	0.000000	0.000000
134.999231	__gene_J_rbs	87.000000	0.000000	0.000000
134.999231	__gene_K_rbs	25.000000	0.000000	0.000000
134.999231	__ribosome	0.000000	0.000000	0.000000
134.999231	bound_ecolipol	1900.000000	0.000000	0.000000
134.999231	bound_ribosome	100.000000	0.000000	0.000000
134.999231	ecoli_genome	100.000000	0.000000	0.000000
134.999231	ecoli_transcript	10361.000000	0.000000	0.000000
134.999231	ecolipol	50.000000	0.000000	0.000000
134.999231	gene_A	5.000000	4.000000	0.500000
134.999231	gene_A*	5.000000	4.000000	0.750000
134.999231	gene_B	51.000000	27.000000	0.074074
134.999231	gene_C	29.000000	25.000000	0.080000
134.999231	gene_D	199.000000	97.000000	0.134021
134.999231	gene_E	139.000000	93.000000	0.075269
134.999231	gene_F	47.000000	57.000000	0.350877
134.999231	gene_G	7.000000	24.000000	0.375000
134.999231	gene_H	0.000000	13.000000	0.230769
134.999231	gene_J	57.000000	87.000000	0.413793
134.999231	gene_K	35.000000	25.000000	0.120000
134.999231	promoter_A	1.000000	0.000000	0.000000
134.999231	promoter_B1	1.000000	0.000000	0.000000
134.999231	promoter_D	0.000000	0.000000	0.000000
139.999141	__gene_A*_rbs	4.000000	0.000000	0.000000
139.999141	__gene_A_rbs	4.000000	0.000000	0.000000
139.999141	__gene_B_rbs	27.000000	0.000000	0.000000
139.999141	__gene_C_rbs	26.000000	0.000000	0.000000
139.999141	__gene_D_rbs	101.000000	0.000000	0.000000
139.999141	__gene_E_rbs	96.000000	0.000000	0.000000
139.999141	__gene_F_rbs	59.000000	0.000000	0.000000
139.999141	__gene_G_rbs	25.000000	0.000000	0.000000
139.999141	__gene_H_rbs	14.000000	0.000000	0.000000
139.999141	__gene_J_rbs	86.000000	0.000000	0.000000
139.999141	__gene_K_rbs	26.000000	0.000000	0.000000
139.999141	__ribosome	1.000000	0.000000	0.000000
139.999141	bound_ecolipol	1908.000000	0.000000	0.000000
139.999141	bound_ribosome	100.000000	0.000000	0.000000
139.999141	ecoli_genome	92.000000	0.000000	0.000000
139.999141	ecoli_transcript	10759.000000	0.000000	0.000000
139.999141	ecolipol	40.000000	0.000000	0.000000
139.999141	gene_A	5.000000	4.000000	0.500000
139.999141	gene_A*	6.000000	4.000000	0.500000
139.999141	gene_B	52.000000	28.000000	0.071429
139.999141	gene_C	30.000000	26.000000	0.192308
139.999141	gene_D	205.000000	101.000000	0.089109
139.999141	gene_E	143.000000	97.000000	0.061856
139.999141	gene_F	50.000000	59.000000	0.305085
139.999141	gene_G	7.000000	26.000000	0.461538
139.999141	gene_H	0.000000	14.000000	0.214286
139.999141	gene_J	59.000000	91.000000	0.417582
139.999141	gene_K	38.000000	27.000000	0.074074
139.999141	promoter_A	1.000000	0.000000	0.000000
139.999141	promoter_B1	0.000000	0.000000	0.000000
139.999141	promoter_D	0.000000	0.000000	0.000000
144.999271	__gene_A*_rbs	4.000000	0.000000	0.000000
144.999271	__gene_A_rbs	5.000000	0.000000	0.000000
144.999271	__gene_B_rbs	29.000000	0.000000	0.000000
144.999271	__gene_C_rbs	27.000000	0.000000	0.000000
144.999271	__gene_D_rbs	103.000000	0.000000	0.000000
144.999271	__gene_E_rbs	98.000000	0.000000	0.000000
144.999271	__gene_F_rbs	63.000000	0.000000	0.000000
144.999271	__gene_G_rbs	28.000000	0.000000	0.000000
144.999271	__gene_H_rbs	16.000000	0.000000	0.000000
144.999271	__gene_J_rbs	93.000000	0.000000	0.000000
144.999271	__gene_K_rbs	27.000000	0.000000	0.000000
144.999271	__ribosome	0.000000	0.000000	0.000000
144.999271	bound_ecolipol	1890.000000	0.000000	0.000000
144.999271	bound_ribosome	100.000000	0.000000	0.000000
144.999271	ecoli_genome	110.000000	0.000000	0.000000
144.999271	ecoli_transcript	11147.000000	0.000000	0.000000
144.999271	ecolipol	56.000000	0.000000	0.000000
144.999271	gene_A	5.000000	5.000000	0.400000
144.999271	gene_A*	7.000000	4.000000	0.250000
144.999271	gene_B	53.000000	29.000000	0.068966
144.999271	gene_C	32.000000	27.000000	0.148148
144.999271	gene_D	209.000000	104.000000	0.096154
144.999271	gene_E	146.000000	100.000000	0.070000
144.999271	gene_F	52.000000	63.000000	0.317460
144.999271	gene_G	8.000000	28.000000	0.428571
144.999271	gene_H	0.000000	16.000000	0.187500
144.999271	gene_J	63.000000	94.000000	0.393617
144.999271	gene_K	40.000000	27.000000	0.074074
144.999271	promoter_A	1.000000	0.000000	0.000000
144.999271	promoter_B1	1.000000	0.000000	0.000000
144.999271	promoter_D	0.000000	0.000000	0.000000
149.999148	__gene_A*_rbs	4.000000	0.000000	0.000000
149.999148	__gene_A_rbs	5.000000	0.000000	0.000000
149.999148	__gene_B_rbs	30.000000	0.000000	0.000000
149.999148	__gene_C_rbs	27.000000	0.000000	0.000000
149.999148	__gene_D_rbs	107.000000	0.000000	0.000000
149.999148	__gene_E_rbs	102.000000	0.000000	0.000000
149.999148	__gene_F_rbs	63.000000	0.000000	0.000000
149.999148	__gene_G_rbs	31.000000	0.000000	0.000000
149.999148	__gene_H_rbs	16.000000	0.000000	0.000000
149.999148	__gene_J_rbs	97.000000	0.000000	0.000000
149.999148	__gene_K_rbs	28.000000	0.000000	0.000000
149.999148	__ribosome	0.000000	0.000000	0.000000
149.999148	bound_ecolipol	1898.000000	0.000000	0.000000
149.999148	bound_ribosome	100.000000	0.000000	0.000000
149.999148	ecoli_genome	102.000000	0.000000	0.000000
149.999148	ecoli_transcript	11535.000000	0.000000	0.000000
149.999148	ecolipol	50.000000	0.000000	0.000000
149.999148	gene_A	5.000000	5.000000	0.400000
149.999148	gene_A*	7.000000	4.000000	0.250000
149.999148	gene_B	53.000000	30.000000	0.133333
149.999148	gene_C	36.000000	27.000000	0.074074
149.999148	gene_D	212.000000	108.000000	0.092593
149.999148	gene_E	149.000000	104.000000	0.086538
149.999148	gene_F	60.000000	66.000000	0.287879
149.999148	gene_G	10.000000	31.000000	0.322581
149.999148	gene_H	0.000000	16.000000	0.250000
149.999148	gene_J	65.000000	97.000000	0.402062
149.999148	gene_K	42.000000	28.000000	0.000000
149.999148	promoter_A	1.000000	0.000000	0.000000
149.999148	promoter_B1	1.000000	0.000000	0.000000
149.999148	promoter_D	0.000000	0.000000	0.000000
154.999006	__gene_A*_rbs	4.000000	0.000000	0.000000
154.999006	__gene_A_rbs	5.000000	0.000000	0.000000
154.999006	__gene_B_rbs	30.000000	0.000000	0.000000
154.999006	__gene_C_rbs	28.000000	0.000000	0.000000
154.999006	__gene_D_rbs	112.000000	0.000000	0.000000
154.999006	__gene_E_rbs	107.000000	0.000000	0.000000
154.999006	__gene_F_rbs	66.000000	0.000000	0.000000
154.999006	__gene_G_rbs	33.000000	0.000000	0.000000
154.999006	__gene_H_rbs	18.000000	0.000000	0.000000
154.999006	__gene_J_rbs	100.000000	0.000000	0.000000
154.999006	__gene_K_rbs	29.000000	0.000000	0.000000
154.999006	__ribosome	1.000000	0.000000	0.000000
154.999006	bound_ecolipol	1889.000000	0.000000	0.000000
154.999006	bound_ribosome	100.000000	0.000000	0.000000
154.999006	ecoli_genome	111.000000	0.000000	0.000000
154.999006	ecoli_transcript	11888.000000	0.000000	0.000000
154.999006	ecolipol	56.000000	0.000000	0.000000
154.999006	gene_A	5.000000	5.000000	0.400000
154.999006	gene_A*	7.000000	4.000000	0.250000
154.999006	gene_B	55.000000	30.000000	0.066667
154.999006	gene_C	37.000000	28.000000	0.035714
154.999006	gene_D	214.000000	112.000000	0.089286
154.999006	gene_E	154.000000	107.000000	0.093458
154.999006	gene_F	61.000000	67.000000	0.313433
154.999006	gene_G	12.000000	33.000000	0.242424
154.999006	gene_H	0.000000	18.000000	0.277778
154.999006	gene_J	67.000000	101.000000	0.376238
154.999006	gene_K	42.000000	29.000000	0.034483
154.999006	promoter_A	1.000000	0.000000	0.000000
154.999006	promoter_B1	1.000000	0.000000	0.000000
154.999006	promoter_D	0.000000	0.000000	0.000000
159.999325	__gene_A*_rbs	5.000000	0.000000	0.000000
159.999325	__gene_A_rbs	5.000000	0.000000	0.000000
159.999325	__gene_B_rbs	31.000000	0.000000	0.000000
159.999325	__gene_C_rbs	30.000000	0.000000	0.000000
159.999325	__gene_D_rbs	115.000000	0.000000	0.000000
159.999325	__gene_E_rbs	111.000000	0.000000	0.000000
159.999325	__gene_F_rbs	70.000000	0.000000	0.000000
159.999325	__gene_G_rbs	35.000000	0.000000	0.000000
159.999325	__gene_H_rbs	20.000000	0.000000	0.000000
159.999325	__gene_J_rbs	103.000000	0.000000	0.000000
159.999325	__gene_K_rbs	30.000000	0.000000	0.000000
159.999325	__ribosome	0.000000	0.000000	0.000000
159.999325	bound_ecolipol	1898.000000	0.000000	0.000000
159.999325	bound_ribosome	100.000000	0.000000	0.000000
159.999325	ecoli_genome	102.000000	0.000000	0.000000
159.999325	ecoli_transcript	12268.000000	0.000000	0.000000
159.999325	ecolipol	45.000000	0.000000	0.000000
159.999325	gene_A	5.000000	5.000000	0.400000
159.999325	gene_A*	7.000000	5.000000	0.200000
159.999325	gene_B	56.000000	31.000000	0.064516
159.999325	gene_C	38.000000	30.000000	0.000000
159.999325	gene_D	218.000000	115.000000	0.095652
159.999325	gene_E	158.000000	111.000000	0.081081
159.999325	gene_F	63.000000	71.000000	0.281690
159.999325	gene_G	13.000000	35.000000	0.228571
159.999325	gene_H	0.000000	20.000000	0.300000
159.999325	gene_J	68.000000	104.000000	0.394231
159.999325	gene_K	43.000000	30.000000	0.000000
159.999325	promoter_A	1.000000	0.000000	0.000000
159.999325	promoter_B1	0.000000	0.000000	0.000000
159.999325	promoter_D	0.000000	0.000000	0.000000
164.999137	__gene_A*_rbs	5.000000	0.000000	0.000000
164.999137	__gene_A_rbs	5.000000	0.000000	0.000000
164.999137	__gene_B_rbs	31.000000	0.000000	0.000000
164.999137	__gene_C_rbs	30.000000	0.000000	0.000000
164.999137	__gene_D_rbs	118.000000	0.000000	0.000000
164.999137	__gene_E_rbs	115.000000	0.000000	0.000000
164.999137	__gene_F_rbs	73.000000	0.000000	0.000000
164.999137	__gene_G_rbs	36.000000	0.000000	0.000000
164.999137	__gene_H_rbs	22.000000	0.000000	0.000000
164.999137	__gene_J_rbs	107.000000	0.000000	0.000000
164.999137	__gene_K_rbs	30.000000	0.000000	0.000000
164.999137	__ribosome	1.000000	0.000000	0.000000
164.999137	bound_ecolipol	1890.000000	0.000000	0.000000
164.999137	bound_ribosome	100.000000	0.000000	0.000000
164.999137	ecoli_genome	110.000000	0.000000	0.000000
164.999137	ecoli_transcript	12682.000000	0.000000	0.000000
164.999137	ecolipol	56.000000	0.000000	0.000000
164.999137	gene_A	5.000000	5.000000	0.400000
164.999137	gene_A*	7.000000	5.000000	0.200000
164.999137	gene_B	57.000000	31.000000	0.064516
164.999137	gene_C	38.000000	30.000000	0.033333
164.999137	gene_D	221.000000	119.000000	0.092437
164.999137	gene_E	165.000000	115.000000	0.060870
164.999137	gene_F	64.000000	73.000000	0.287671
164.999137	gene_G	13.000000	36.000000	0.222222
164.999137	gene_H	0.000000	22.000000	0.272727
164.999137	gene_J	73.000000	108.000000	0.370370
164.999137	gene_K	43.000000	30.000000	0.000000
164.999137	promoter_A	1.000000	0.000000	0.000000
164.999137	promoter_B1	0.000000	0.000000	0.000000
164.999137	promoter_D	0.000000	0.000000	0.000000
169.999171	__gene_A*_rbs	5.000000	0.000000	0.000000
169.999171	__gene_A_rbs	5.000000	0.000000	0.000000
169.999171	__gene_B_rbs	32.000000	0.000000	0.000000
169.999171	__gene_C_rbs	30.000000	0.000000	0.000000
169.999171	__gene_D_rbs	123.000000	0.000000	0.000000
169.999171	__gene_E_rbs	118.000000	0.000000	0.000000
169.999171	__gene_F_rbs	77.000000	0.000000	0.000000
169.999171	__gene_G_rbs	37.000000	0.000000	0.000000
169.999171	__gene_H_rbs	23.000000	0.000000	0.000000
169.999171	__gene_J_rbs	111.000000	0.000000	0.000000
169.999171	__gene_K_rbs	29.000000	0.000000	0.000000
169.999171	__ribosome	0.000000	0.000000	0.000000
169.999171	bound_ecolipol	1889.000000	0.000000	0.000000
169.999171	bound_ribosome	100.000000	0.000000	0.000000
169.999171	ecoli_genome	111.000000	0.000000	0.000000
169.999171	ecoli_transcript	13068.000000	0.000000	0.000000
169.999171	ecolipol	55.000000	0.000000	0.000000
169.999171	gene_A	5.000000	5.000000	0.400000
169.999171	gene_A*	8.000000	5.000000	0.000000
169.999171	gene_B	58.000000	32.000000	0.031250
169.999171	gene_C	38.000000	30.000000	0.066667
169.999171	gene_D	223.000000	123.000000	0.105691
169.999171	gene_E	169.000000	118.000000	0.050847
169.999171	gene_F	65.000000	77.000000	0.259740
169.999171	gene_G	13.000000	37.000000	0.216216
169.999171	gene_H	0.000000	23.000000	0.260870
169.999171	gene_J	74.000000	112.000000	0.375000
169.999171	gene_K	43.000000	30.000000	0.000000
169.999171	promoter_A	1.000000	0.000000	0.000000
169.999171	promoter_B1	0.000000	0.000000	0.000000
169.999171	promoter_D	0.000000	0.000000	0.000000
174.999228	__gene_A*_rbs	5.000000	0.000000	0.000000
174.999228	__gene_A_rbs	5.000000	0.000000	0.000000
174.999228	__gene_B_rbs	33.000000	0.000000	0.000000
174.999228	__gene_C_rbs	31.000000	0.000000	0.000000
174.999228	__gene_D_rbs	126.000000	0.000000	0.000000
174.999228	__gene_E_rbs	122.000000	0.000000	0.000000
174.999228	__gene_F_rbs	79.000000	0.000000	0.000000
174.999228	__gene_G_rbs	37.000000	0.000000	0.000000
174.999228	__gene_H_rbs	25.000000	0.000000	0.000000
174.999228	__gene_J_rbs	116.000000	0.000000	0.000000
174.999228	__gene_K_rbs	31.000000	0.000000	0.000000
174.999228	__ribosome	0.000000	0.000000	0.000000
174.999228	bound_ecolipol	1903.000000	0.000000	0.000000
174.999228	bound_ribosome	100.000000	0.000000	0.000000
174.999228	ecoli_genome	97.000000	0.000000	0.000000
174.999228	ecoli_transcript	13444.000000	0.000000	0.000000
174.999228	ecolipol	41.000000	0.000000	0.000000
174.999228	gene_A	7.000000	5.000000	0.000000
174.999228	gene_A*	8.000000	5.000000	0.000000
174.999228	gene_B	59.000000	33.000000	0.060606
174.999228	gene_C	39.000000	31.000000	0.032258
174.999228	gene_D	229.000000	126.000000	0.071429
174.999228	gene_E	173.000000	122.000000	0.016393
174.999228	gene_F	66.000000	80.000000	0.262500
174.999228	gene_G	13.000000	39.000000	0.307692
174.999228	gene_H	0.000000	25.000000	0.240000
174.999228	gene_J	77.000000	116.000000	0.396552
174.999228	gene_K	43.000000	31.000000	0.032258
174.999228	promoter_A	1.000000	0.000000	0.000000
174.999228	promoter_B1	1.000000	0.000000	0.000000
174.999228	promoter_D	0.000000	0.000000	0.000000
179.999063	__gene_A*_rbs	5.000000	0.000000	0.000000
179.999063	__gene_A_rbs	5.000000	0.000000	0.000000
179.999063	__gene_B_rbs	33.000000	0.000000	0.000000
179.999063	__gene_C_rbs	32.000000	0.000000	0.000000
179.999063	__gene_D_rbs	130.000000	0.000000	0.000000
179.999063	__gene_E_rbs	126.000000	0.000000	0.000000
179.999063	__gene_F_rbs	82.000000	0.000000	0.000000
179.999063	__gene_G_rbs	41.000000	0.000000	0.000000
179.999063	__gene_H_rbs	26.000000	0.000000	0.000000
179.999063	__gene_J_rbs	118.000000	0.000000	0.000000
179.999063	__gene_K_rbs	32.000000	0.000000	0.000000
179.999063	__ribosome	0.000000	0.000000	0.000000
179.999063	bound_ecolipol	1892.000000	0.000000	0.000000
179.999063	bound_ribosome	100.000000	0.000000	0.000000
179.999063	ecoli_genome	108.000000	0.000000	0.000000
179.999063	ecoli_transcript	13840.000000	0.000000	0.000000
179.999063	ecolipol	55.000000	0.000000	0.000000
179.999063	gene_A	7.000000	5.000000	0.000000
179.999063	gene_A*	8.000000	5.000000	0.000000
179.999063	gene_B	59.000000	34.000000	0.117647
179.999063	gene_C	40.000000	32.000000	0.000000
179.999063	gene_D	231.000000	130.000000	0.053846
179.999063	gene_E	175.000000	126.000000	0.047619
179.999063	gene_F	68.000000	82.000000	0.256098
179.999063	gene_G	13.000000	41.000000	0.317073
179.999063	gene_H	0.000000	26.000000	0.230769
179.999063	gene_J	81.000000	119.000000	0.361345
179.999063	gene_K	44.000000	32.000000	0.000000
179.999063	promoter_A	1.000000	0.000000	0.000000
179.999063	promoter_B1	1.000000	0.000000	0.000000
179.999063	promoter_D	0.000000	0.000000	0.000000
184.999049	__gene_A*_rbs	5.000000	0.000000	0.000000
184.999049	__gene_A_rbs	5.000000	0.000000	0.000000
184.999049	__gene_B_rbs	34.000000	0.000000	0.000000
184.999049	__gene_C_rbs	32.000000	0.000000	0.000000
184.999049	__gene_D_rbs	133.000000	0.000000	0.000000
184.999049	__gene_E_rbs	128.000000	0.000000	0.000000
184.999049	__gene_F_rbs	84.000000	0.000000	0.000000
184.999049	__gene_G_rbs	44.000000	0.000000	0.000000
184.999049	__gene_H_rbs	26.000000	0.000000	0.000000
184.999049	__gene_J_rbs	121.000000	0.000000	0.000000
184.999049	__gene_K_rbs	33.000000	0.000000	0.000000
184.999049	__ribosome	0.000000	0.000000	0.000000
184.999049	bound_ecolipol	1900.000000	0.000000	0.000000
184.999049	bound_ribosome	100.000000	0.000000	0.000000
184.999049	ecoli_genome	100.000000	0.000000	0.000000
184.999049	ecoli_transcript	14205.000000	0.000000	0.000000
184.999049	ecolipol	50.000000	0.000000	0.000000
184.999049	gene_A	7.000000	5.000000	0.000000
184.999049	gene_A*	8.000000	5.000000	0.000000
184.999049	gene_B	60.000000	34.000000	0.117647
184.999049	gene_C	40.000000	32.000000	0.000000
184.999049	gene_D	236.000000	133.000000	0.030075
184.999049	gene_E	175.000000	129.000000	0.069767
184.999049	gene_F	72.000000	84.000000	0.202381
184.999049	gene_G	13.000000	44.000000	0.318182
184.999049	gene_H	0.000000	26.000000	0.230769
184.999049	gene_J	81.000000	123.000000	0.365854
184.999049	gene_K	44.000000	33.000000	0.030303
184.999049	promoter_A	1.000000	0.000000	0.000000
184.999049	promoter_B1	1.000000	0.000000	0.000000
184.999049	promoter_D	0.000000	0.000000	0.000000
189.999313	__gene_A*_rbs	4.000000	0.000000	0.000000
189.999313	__gene_A_rbs	5.000000	0.000000	0.000000
189.999313	__gene_B_rbs	34.000000	0.000000	0.000000
189.999313	__gene_C_rbs	33.000000	0.000000	0.000000
189.999313	__gene_D_rbs	137.000000	0.000000	0.000000
189.999313	__gene_E_rbs	133.000000	0.000000	0.000000
189.999313	__gene_F_rbs	87.000000	0.000000	0.000000
189.999313	__gene_G_rbs	45.000000	0.000000	0.000000
189.999313	__gene_H_rbs	27.000000	0.000000	0.000000
189.999313	__gene_J_rbs	125.000000	0.000000	0.000000
189.999313	__gene_K_rbs	34.000000	0.000000	0.000000
189.999313	__ribosome	0.000000	0.000000	0.000000
189.999313	bound_ecolipol	1899.000000	0.000000	0.000000
189.999313	bound_ribosome	100.000000	0.000000	0.000000
189.999313	ecoli_genome	101.000000	0.000000	0.000000
189.999313	ecoli_transcript	14603.000000	0.000000	0.000000
189.999313	ecolipol	48.000000	0.000000	0.000000
189.999313	gene_A	7.000000	5.000000	0.000000
189.999313	gene_A*	8.000000	5.000000	0.200000
189.999313	gene_B	61.000000	34.000000	0.088235
189.999313	gene_C	40.000000	33.000000	0.030303
189.999313	gene_D	238.000000	137.000000	0.029197
189.999313	gene_E	182.000000	133.000000	0.045113
189.999313	gene_F	73.000000	87.000000	0.183908
189.999313	gene_G	14.000000	45.000000	0.288889
189.999313	gene_H	0.000000	27.000000	0.222222
189.999313	gene_J	82.000000	126.000000	0.388889
189.999313	gene_K	45.000000	34.000000	0.029412
189.999313	promoter_A	1.000000	0.000000	0.000000
189.999313	promoter_B1	1.000000	0.000000	0.000000
189.999313	promoter_D	0.000000	0.000000	0.000000
194.999070	__gene_A*_rbs	5.000000	0.000000	0.000000
194.999070	__gene_A_rbs	4.000000	0.000000	0.000000
194.999070	__gene_B_rbs	35.000000	0.000000	0.000000
194.999070	__gene_C_rbs	34.000000	0.000000	0.000000
194.999070	__gene_D_rbs	140.000000	0.000000	0.000000
194.999070	__gene_E_rbs	136.000000	0.000000	0.000000
194.999070	__gene_F_rbs	90.000000	0.000000	0.000000
194.999070	__gene_G_rbs	47.000000	0.000000	0.000000
194.999070	__gene_H_rbs	28.000000	0.000000	0.000000
194.999070	__gene_J_rbs	131.000000	0.000000	0.000000
194.999070	__gene_K_rbs	34.000000	0.000000	0.000000
194.999070	__ribosome	0.000000	0.000000	0.000000
194.999070	bound_ecolipol	1891.000000	0.000000	0.000000
194.999070	bound_ribosome	100.000000	0.000000	0.000000
194.999070	ecoli_genome	109.000000	0.000000	0.000000
194.999070	ecoli_transcript	14984.000000	0.000000	0.000000
194.999070	ecolipol	56.000000	0.000000	0.000000
194.999070	gene_A	7.000000	5.000000	0.200000
194.999070	gene_A*	8.000000	5.000000	0.200000
194.999070	gene_B	64.000000	35.000000	0.000000
194.999070	gene_C	40.000000	34.000000	0.088235
194.999070	gene_D	238.000000	141.000000	0.070922
194.999070	gene_E	184.000000	137.000000	0.036496
194.999070	gene_F	79.000000	90.000000	0.122222
194.999070	gene_G	15.000000	47.000000	0.255319
194.999070	gene_H	0.000000	29.000000	0.241379
194.999070	gene_J	85.000000	131.000000	0.381679
194.999070	gene_K	46.000000	34.000000	0.000000
194.999070	promoter_A	1.000000	0.000000	0.000000
194.999070	promoter_B1	1.000000	0.000000	0.000000
194.999070	promoter_D	0.000000	0.000000	0.000000
199.999332	__gene_A*_rbs	5.000000	0.000000	0.000000
199.999332	__gene_A_rbs	5.000000	0.000000	0.000000
199.999332	__gene_B_rbs	36.000000	0.000000	0.000000
199.999332	__gene_C_rbs	34.000000	0.000000	0.000000
199.999332	__gene_D_rbs	144.000000	0.000000	0.000000
199.999332	__gene_E_rbs	139.000000	0.000000	0.000000
199.999332	__gene_F_rbs	94.000000	0.000000	0.000000
199.999332	__gene_G_rbs	50.000000	0.000000	0.000000
199.999332	__gene_H_rbs	31.000000	0.000000	0.000000
199.999332	__gene_J_rbs	133.000000	0.000000	0.000000
199.999332	__gene_K_rbs	34.000000	0.000000	0.000000
199.999332	__ribosome	0.000000	0.000000	0.000000
199.999332	bound_ecolipol	1888.000000	0.000000	0.000000
199.999332	bound_ribosome	100.000000	0.000000	0.000000
199.999332	ecoli_genome	112.000000	0.000000	0.000000
199.999332	ecoli_transcript	15382.000000	0.000000	0.000000
199.999332	ecolipol	59.000000	0.000000	0.000000
199.999332	gene_A	7.000000	5.000000	0.200000
199.999332	gene_A*	8.000000	5.000000	0.200000
199.999332	gene_B	64.000000	36.000000	0.027778
199.999332	gene_C	41.000000	34.000000	0.058824
199.999332	gene_D	239.000000	144.000000	0.069444
199.999332	gene_E	188.000000	141.000000	0.035461
199.999332	gene_F	81.000000	94.000000	0.117021
199.999332	gene_G	16.000000	50.000000	0.220000
199.999332	gene_H	0.000000	31.000000	0.225806
199.999332	gene_J	87.000000	134.000000	0.380597
199.999332	gene_K	46.000000	34.000000	0.000000
199.999332	promoter_A	1.000000	0.000000	0.000000
199.999332	promoter_B1	1.000000	0.000000	0.000000
199.999332	promoter_D	0.000000	0.000000	0.000000
204.999077	__gene_A*_rbs	5.000000	0.000000	0.000000
204.999077	__gene_A_rbs	5.000000	0.000000	0.000000
204.999077	__gene_B_rbs	37.000000	0.000000	0.000000
204.999077	__gene_C_rbs	33.000000	0.000000	0.000000
204.999077	__gene_D_rbs	148.000000	0.000000	0.000000
204.999077	__gene_E_rbs	143.000000	0.000000	0.000000
204.999077	__gene_F_rbs	97.000000	0.000000	0.000000
204.999077	__gene_G_rbs	53.000000	0.000000	0.000000
204.999077	__gene_H_rbs	33.000000	0.000000	0.000000
204.999077	__gene_J_rbs	136.000000	0.000000	0.000000
204.999077	__gene_K_rbs	34.000000	0.000000	0.000000
204.999077	__ribosome	1.000000	0.000000	0.000000
204.999077	bound_ecolipol	1893.000000	0.000000	0.000000
204.999077	bound_ribosome	100.000000	0.000000	0.000000
204.999077	ecoli_genome	107.000000	0.000000	0.000000
204.999077	ecoli_transcript	15769.000000	0.000000	0.000000
204.999077	ecolipol	52.000000	0.000000	0.000000
204.999077	gene_A	7.000000	5.000000	0.200000
204.999077	gene_A*	8.000000	5.000000	0.200000
204.999077	gene_B	64.000000	37.000000	0.027027
204.999077	gene_C	43.000000	34.000000	0.088235
204.999077	gene_D	242.000000	148.000000	0.060811
204.999077	gene_E	190.000000	144.000000	0.034722
204.999077	gene_F	84.000000	97.000000	0.092784
204.999077	gene_G	16.000000	53.000000	0.226415
204.999077	gene_H	0.000000	33.000000	0.242424
204.999077	gene_J	91.000000	138.000000	0.362319
204.999077	gene_K	46.000000	34.000000	0.000000
204.999077	promoter_A	1.000000	0.000000	0.000000
204.999077	promoter_B1	1.000000	0.000000	0.000000
204.999077	promoter_D	0.000000	0.000000	0.000000
209.999280	__gene_A*_rbs	5.000000	0.000000	0.000000
209.999280	__gene_A_rbs	5.000000	0.000000	0.000000
209.999280	__gene_B_rbs	37.000000	0.000000	0.000000
209.999280	__gene_C_rbs	35.000000	0.000000	0.000000
209.999280	__gene_D_rbs	150.000000	0.000000	0.000000
209.999280	__gene_E_rbs	147.000000	0.000000	0.000000
209.999280	__gene_F_rbs	97.000000	0.000000	0.000000
209.999280	__gene_G_rbs	56.000000	0.000000	0.000000
209.999280	__gene_H_rbs	34.000000	0.000000	0.000000
209.999280	__gene_J_rbs	140.000000	0.000000	0.000000
209.999280	__gene_K_rbs	36.000000	0.000000	0.000000
209.999280	__ribosome	0.000000	0.000000	0.000000
209.999280	bound_ecolipol	1897.000000	0.000000	0.000000
209.999280	bound_ribosome	100.000000	0.000000	0.000000
209.999280	ecoli_genome	103.000000	0.000000	0.000000
209.999280	ecoli_transcript	16151.000000	0.000000	0.000000
209.999280	ecolipol	45.000000	0.000000	0.000000
209.999280	gene_A	7.000000	5.000000	0.200000
209.999280	gene_A*	8.000000	5.000000	0.200000
209.999280	gene_B	64.000000	37.000000	0.027027
209.999280	gene_C	45.000000	35.000000	0.057143
209.999280	gene_D	248.000000	152.000000	0.046053
209.999280	gene_E	193.000000	148.000000	0.033784
209.999280	gene_F	85.000000	98.000000	0.112245
209.999280	gene_G	16.000000	56.000000	0.232143
209.999280	gene_H	0.000000	34.000000	0.264706
209.999280	gene_J	93.000000	141.000000	0.354610
209.999280	gene_K	46.000000	36.000000	0.000000
209.999280	promoter_A	1.000000	0.000000	0.000000
209.999280	promoter_B1	1.000000	0.000000	0.000000
209.999280	promoter_D	0.000000	0.000000	0.000000
214.999073	__gene_A*_rbs	5.000000	0.000000	0.000000
214.999073	__gene_A_rbs	4.000000	0.000000	0.000000
214.999073	__gene_B_rbs	38.000000	0.000000	0.000000
214.999073	__gene_C_rbs	36.000000	0.000000	0.000000
214.999073	__gene_D_rbs	155.000000	0.000000	0.000000
214.999073	__gene_E_rbs	150.000000	0.000000	0.000000
214.999073	__gene_F_rbs	102.000000	0.000000	0.000000
214.999073	__gene_G_rbs	59.000000	0.000000	0.000000
214.999073	__gene_H_rbs	36.000000	0.000000	0.000000
214.999073	__gene_J_rbs	145.000000	0.000000	0.000000
214.999073	__gene_K_rbs	36.000000	0.000000	0.000000
214.999073	__ribosome	0.000000	0.000000	0.000000
214.999073	bound_ecolipol	1891.000000	0.000000	0.000000
214.999073	bound_ribosome	100.000000	0.000000	0.000000
214.999073	ecoli_genome	109.000000	0.000000	0.000000
214.999073	ecoli_transcript	16525.000000	0.000000	0.000000
214.999073	ecolipol	48.000000	0.000000	0.000000
214.999073	gene_A	7.000000	5.000000	0.400000
214.999073	gene_A*	8.000000	5.000000	0.200000
214.999073	gene_B	65.000000	38.000000	0.000000
214.999073	gene_C	46.000000	36.000000	0.027778
214.999073	gene_D	249.000000	155.000000	0.051613
214.999073	gene_E	195.000000	151.000000	0.026490
214.999073	gene_F	86.000000	102.000000	0.107843
214.999073	gene_G	16.000000	59.000000	0.220339
214.999073	gene_H	0.000000	36.000000	0.277778
214.999073	gene_J	94.000000	145.000000	0.337931
214.999073	gene_K	46.000000	36.000000	0.027778
214.999073	promoter_A	1.000000	0.000000	0.000000
214.999073	promoter_B1	0.000000	0.000000	0.000000
214.999073	promoter_D	0.000000	0.000000	0.000000
219.999114	__gene_A*_rbs	5.000000	0.000000	0.000000
219.999114	__gene_A_rbs	5.000000	0.000000	0.000000
219.999114	__gene_B_rbs	39.000000	0.000000	0.000000
219.999114	__gene_C_rbs	37.000000	0.000000	0.000000
219.999114	__gene_D_rbs	159.000000	0.000000	0.000000
219.999114	__gene_E_rbs	155.000000	0.000000	0.000000
219.999114	__gene_F_rbs	104.000000	0.000000	0.000000
219.999114	__gene_G_rbs	61.000000	0.000000	0.000000
219.999114	__gene_H_rbs	38.000000	0.000000	0.000000
219.999114	__gene_J_rbs	149.000000	0.000000	0.000000
219.999114	__gene_K_rbs	37.000000	0.000000	0.000000
219.999114	__ribosome	0.000000	0.000000	0.000000
219.999114	bound_ecolipol	1897.000000	0.000000	0.000000
219.999114	bound_ribosome	100.000000	0.000000	0.000000
219.999114	ecoli_genome	103.000000	0.000000	0.000000
219.999114	ecoli_transcript	16915.000000	0.000000	0.000000
219.999114	ecolipol	43.000000	0.000000	0.000000
219.999114	gene_A	7.000000	5.000000	0.400000
219.999114	gene_A*	8.000000	5.000000	0.200000
219.999114	gene_B	65.000000	39.000000	0.025641
219.999114	gene_C	47.000000	37.000000	0.000000
219.999114	gene_D	251.000000	159.000000	0.044025
219.999114	gene_E	198.000000	155.000000	0.025806
219.999114	gene_F	88.000000	104.000000	0.086538
219.999114	gene_G	16.000000	61.000000	0.229508
219.999114	gene_H	0.000000	38.000000	0.289474
219.999114	gene_J	94.000000	149.000000	0.335570
219.999114	gene_K	47.000000	37.000000	0.027027
219.999114	promoter_A	1.000000	0.000000	0.000000
219.999114	promoter_B1	1.000000	0.000000	0.000000
219.999114	promoter_D	0.000000	0.000000	0.000000
224.999046	__gene_A*_rbs	5.000000	0.000000	0.000000
224.999046	__gene_A_rbs	5.000000	0.000000	0.000000
224.999046	__gene_B_rbs	40.000000	0.000000	0.000000
224.999046	__gene_C_rbs	37.000000	0.000000	0.000000
224.999046	__gene_D_rbs	162.000000	0.000000	0.000000
224.999046	__gene_E_rbs	158.000000	0.000000	0.000000
224.999046	__gene_F_rbs	107.000000	0.000000	0.000000
224.999046	__gene_G_rbs	63.000000	0.000000	0.000000
224.999046	__gene_H_rbs	40.000000	0.000000	0.000000
224.999046	__gene_J_rbs	149.000000	0.000000	0.000000
224.999046	__gene_K_rbs	37.000000	0.000000	0.000000
224.999046	__ribosome	1.000000	0.000000	0.000000
224.999046	bound_ecolipol	1897.000000	0.000000	0.000000
224.999046	bound_ribosome	100.000000	0.000000	0.000000
224.999046	ecoli_genome	103.000000	0.000000	0.000000
224.999046	ecoli_transcript	17286.000000	0.000000	0.000000
224.999046	ecolipol	43.000000	0.000000	0.000000
224.999046	gene_A	7.000000	5.000000	0.400000
224.999046	gene_A*	9.000000	5.000000	0.000000
224.999046	gene_B	65.000000	40.000000	0.025000
224.999046	gene_C	47.000000	37.000000	0.027027
224.999046	gene_D	253.000000	162.000000	0.037037
224.999046	gene_E	199.000000	158.000000	0.031646
224.999046	gene_F	89.000000	107.000000	0.074766
224.999046	gene_G	17.000000	63.000000	0.222222
224.999046	gene_H	0.000000	40.000000	0.275000
224.999046	gene_J	94.000000	152.000000	0.335526
224.999046	gene_K	48.000000	37.000000	0.000000
224.999046	promoter_A	1.000000	0.000000	0.000000
224.999046	promoter_B1	1.000000	0.000000	0.000000
224.999046	promoter_D	0.000000	0.000000	0.000000
229.999035	__gene_A*_rbs	5.000000	0.000000	0.000000
229.999035	__gene_A_rbs	5.000000	0.000000	0.000000
229.999035	__gene_B_rbs	41.000000	0.000000	0.000000
229.999035	__gene_C_rbs	38.000000	0.000000	0.000000
229.999035	__gene_D_rbs	166.000000	0.000000	0.000000
229.999035	__gene_E_rbs	162.000000	0.000000	0.000000
229.999035	__gene_F_rbs	109.000000	0.000000	0.000000
229.999035	__gene_G_rbs	66.000000	0.000000	0.000000
229.999035	__gene_H_rbs	43.000000	0.000000	0.000000
229.999035	__gene_J_rbs	156.000000	0.000000	0.000000
229.999035	__gene_K_rbs	39.000000	0.000000	0.000000
229.999035	__ribosome	0.000000	0.000000	0.000000
229.999035	bound_ecolipol	1894.000000	0.000000	0.000000
229.999035	bound_ribosome	100.000000	0.000000	0.000000
229.999035	ecoli_genome	106.000000	0.000000	0.000000
229.999035	ecoli_transcript	17673.000000	0.000000	0.000000
229.999035	ecolipol	46.000000	0.000000	0.000000
229.999035	gene_A	7.000000	5.000000	0.400000
229.999035	gene_A*	9.000000	5.000000	0.000000
229.999035	gene_B	66.000000	41.000000	0.000000
229.999035	gene_C	47.000000	38.000000	0.026316
229.999035	gene_D	257.000000	166.000000	0.036145
229.999035	gene_E	202.000000	162.000000	0.018519
229.999035	gene_F	89.000000	109.000000	0.082569
229.999035	gene_G	18.000000	66.000000	0.196970
229.999035	gene_H	0.000000	43.000000	0.279070
229.999035	gene_J	95.000000	156.000000	0.339744
229.999035	gene_K	48.000000	39.000000	0.025641
229.999035	promoter_A	1.000000	0.000000	0.000000
229.999035	promoter_B1	0.000000	0.000000	0.000000
229.999035	promoter_D	0.000000	0.000000	0.000000
234.999035	__gene_A*_rbs	5.000000	0.000000	0.000000
234.999035	__gene_A_rbs	5.000000	0.000000	0.000000
234.999035	__gene_B_rbs	41.000000	0.000000	0.000000
234.999035	__gene_C_rbs	40.000000	0.000000	0.000000
234.999035	__gene_D_rbs	169.000000	0.000000	0.000000
234.999035	__gene_E_rbs	165.000000	0.000000	0.000000
234.999035	__gene_F_rbs	110.000000	0.000000	0.000000
234.999035	__gene_G_rbs	70.000000	0.000000	0.000000
234.999035	__gene_H_rbs	45.000000	0.000000	0.000000
234.999035	__gene_J_rbs	160.000000	0.000000	0.000000
234.999035	__gene_K_rbs	40.000000	0.000000	0.000000
234.999035	__ribosome	0.000000	0.000000	0.000000
234.999035	bound_ecolipol	1885.000000	0.000000	0.000000
234.999035	bound_ribosome	100.000000	0.000000	0.000000
234.999035	ecoli_genome	115.000000	0.000000	0.000000
234.999035	ecoli_transcript	18056.000000	0.000000	0.000000
234.999035	ecolipol	57.000000	0.000000	0.000000
234.999035	gene_A	7.000000	5.000000	0.400000
234.999035	gene_A*	9.000000	5.000000	0.000000
234.999035	gene_B	66.000000	41.000000	0.000000
234.999035	gene_C	48.000000	40.000000	0.000000
234.999035	gene_D	258.000000	169.000000	0.035503
234.999035	gene_E	204.000000	165.000000	0.024242
234.999035	gene_F	90.000000	110.000000	0.081818
234.999035	gene_G	18.000000	70.000000	0.228571
234.999035	gene_H	0.000000	45.000000	0.266667
234.999035	gene_J	98.000000	160.000000	0.318750
234.999035	gene_K	49.000000	40.000000	0.000000
234.999035	promoter_A	1.000000	0.000000	0.000000
234.999035	promoter_B1	1.000000	0.000000	0.000000
234.999035	promoter_D	0.000000	0.000000	0.000000
239.999024	__gene_A*_rbs	5.000000	0.000000	0.000000
239.999024	__gene_A_rbs	5.000000	0.000000	0.000000
239.999024	__gene_B_rbs	42.000000	0.000000	0.000000
239.999024	__gene_C_rbs	40.000000	0.000000	0.000000
239.999024	__gene_D_rbs	173.000000	0.000000	0.000000
239.999024	__gene_E_rbs	169.000000	0.000000	0.000000
239.999024	__gene_F_rbs	113.000000	0.000000	0.000000
239.999024	__gene_G_rbs	71.000000	0.000000	0.000000
239.999024	__gene_H_rbs	47.000000	0.000000	0.000000
239.999024	__gene_J_rbs	163.000000	0.000000	0.000000
239.999024	__gene_K_rbs	40.000000	0.000000	0.000000
239.999024	__ribosome	1.000000	0.000000	0.000000
239.999024	bound_ecolipol	1891.000000	0.000000	0.000000
239.999024	bound_ribosome	100.000000	0.000000	0.000000
239.999024	ecoli_genome	109.000000	0.000000	0.000000
239.999024	ecoli_transcript	18435.000000	0.000000	0.000000
239.999024	ecolipol	52.000000	0.000000	0.000000
239.999024	gene_A	7.000000	5.000000	0.400000
239.999024	gene_A*	9.000000	5.000000	0.000000
239.999024	gene_B	66.000000	42.000000	0.000000
239.999024	gene_C	48.000000	40.000000	0.000000
239.999024	gene_D	259.000000	173.000000	0.028902
239.999024	gene_E	206.000000	169.000000	0.017751
239.999024	gene_F	91.000000	113.000000	0.079646
239.999024	gene_G	18.000000	71.000000	0.225352
239.999024	gene_H	0.000000	47.000000	0.276596
239.999024	gene_J	99.000000	163.000000	0.312883
239.999024	gene_K	49.000000	40.000000	0.000000
239.999024	promoter_A	1.000000	0.000000	0.000000
239.999024	promoter_B1	1.000000	0.000000	0.000000
239.999024	promoter_D	0.000000	0.000000	0.000000
244.999109	__gene_A*_rbs	5.000000	0.000000	0.000000
244.999109	__gene_A_rbs	5.000000	0.000000	0.000000
244.999109	__gene_B_rbs	43.000000	0.000000	0.000000
244.999109	__gene_C_rbs	41.000000	0.000000	0.000000
244.999109	__gene_D_rbs	177.000000	0.000000	0.000000
244.999109	__gene_E_rbs	172.000000	0.000000	0.000000
244.999109	__gene_F_rbs	114.000000	0.000000	0.000000
244.999109	__gene_G_rbs	75.000000	0.000000	0.000000
244.999109	__gene_H_rbs	50.000000	0.000000	0.000000
244.999109	__gene_J_rbs	167.000000	0.000000	0.000000
244.999109	__gene_K_rbs	41.000000	0.000000	0.000000
244.999109	__ribosome	0.000000	0.000000	0.000000
244.999109	bound_ecolipol	1897.000000	0.000000	0.000000
244.999109	bound_ribosome	100.000000	0.000000	0.000000
244.999109	ecoli_genome	103.000000	0.000000	0.000000
244.999109	ecoli_transcript	18819.000000	0.000000	0.000000
244.999109	ecolipol	46.000000	0.000000	0.000000
244.999109	gene_A	8.000000	5.000000	0.200000
244.999109	gene_A*	9.000000	5.000000	0.000000
244.999109	gene_B	66.000000	43.000000	0.023256
244.999109	gene_C	48.000000	41.000000	0.000000
244.999109	gene_D	263.000000	177.000000	0.033898
244.999109	gene_E	208.000000	173.000000	0.005780
244.999109	gene_F	92.000000	114.000000	0.078947
244.999109	gene_G	18.000000	75.000000	0.213333
244.999109	gene_H	0.000000	50.000000	0.260000
244.999109	gene_J	99.000000	167.000000	0.311377
244.999109	gene_K	49.000000	41.000000	0.024390
244.999109	promoter_A	1.000000	0.000000	0.000000
244.999109	promoter_B1	1.000000	0.000000	0.000000
244.999109	promoter_D	0.000000	0.000000	0.000000
249.999027	__gene_A*_rbs	5.000000	0.000000	0.000000
249.999027	__gene_A_rbs	5.000000	0.000000	0.000000
249.999027	__gene_B_rbs	44.000000	0.000000	0.000000
249.999027	__gene_C_rbs	42.000000	0.000000	0.000000
249.999027	__gene_D_rbs	179.000000	0.000000	0.000000
249.999027	__gene_E_rbs	175.000000	0.000000	0.000000
249.999027	__gene_F_rbs	116.000000	0.000000	0.000000
249.999027	__gene_G_rbs	76.000000	0.000000	0.000000
249.999027	__gene_H_rbs	51.000000	0.000000	0.000000
249.999027	__gene_J_rbs	168.000000	0.000000	0.000000
249.999027	__gene_K_rbs	42.000000	0.000000	0.000000
249.999027	__ribosome	0.000000	0.000000	0.000000
249.999027	bound_ecolipol	1901.000000	0.000000	0.000000
249.999027	bound_ribosome	100.000000	0.000000	0.000000
249.999027	ecoli_genome	99.000000	0.000000	0.000000
249.999027	ecoli_transcript	19216.000000	0.000000	0.000000
249.999027	ecolipol	47.000000	0.000000	0.000000
249.999027	gene_A	8.000000	5.000000	0.200000
249.999027	gene_A*	9.000000	5.000000	0.000000
249.999027	gene_B	66.000000	44.000000	0.045455
249.999027	gene_C	48.000000	42.000000	0.023810
249.999027	gene_D	264.000000	180.000000	0.033333
249.999027	gene_E	209.000000	176.000000	0.005682
249.999027	gene_F	95.000000	116.000000	0.077586
249.999027	gene_G	20.000000	76.000000	0.184211
249.999027	gene_H	0.000000	51.000000	0.254902
249.999027	gene_J	100.000000	170.000000	0.311765
249.999027	gene_K	50.000000	42.000000	0.000000
249.999027	promoter_A	1.000000	0.000000	0.000000
249.999027	promoter_B1	1.000000	0.000000	0.000000
249.999027	promoter_D	0.000000	0.000000	0.000000
254.999278	__gene_A*_rbs	5.000000	0.000000	0.000000
254.999278	__gene_A_rbs	5.000000	0.000000	0.000000
254.999278	__gene_B_rbs	44.000000	0.000000	0.000000
254.999278	__gene_C_rbs	42.000000	0.000000	0.000000
254.999278	__gene_D_rbs	184.000000	0.000000	0.000000
254.999278	__gene_E_rbs	179.000000	0.000000	0.000000
254.999278	__gene_F_rbs	118.000000	0.000000	0.000000
254.999278	__gene_G_rbs	77.000000	0.000000	0.000000
254.999278	__gene_H_rbs	52.000000	0.000000	0.000000
254.999278	__gene_J_rbs	173.000000	0.000000	0.000000
254.999278	__gene_K_rbs	43.000000	0.000000	0.000000
254.999278	__ribosome	0.000000	0.000000	0.000000
254.999278	bound_ecolipol	1905.000000	0.000000	0.000000
254.999278	bound_ribosome	100.000000	0.000000	0.000000
254.999278	ecoli_genome	95.000000	0.000000	0.000000
254.999278	ecoli_transcript	19588.000000	0.000000	0.000000
254.999278	ecolipol	41.000000	0.000000	0.000000
254.999278	gene_A	8.000000	5.000000	0.200000
254.999278	gene_A*	9.000000	5.000000	0.000000
254.999278	gene_B	66.000000	44.000000	0.045455
254.999278	gene_C	48.000000	42.000000	0.047619
254.999278	gene_D	265.000000	184.000000	0.027174
254.999278	gene_E	209.000000	180.000000	0.005556
254.999278	gene_F	96.000000	119.000000	0.092437
254.999278	gene_G	21.000000	77.000000	0.168831
254.999278	gene_H	0.000000	52.000000	0.250000
254.999278	gene_J	101.000000	173.000000	0.300578
254.999278	gene_K	50.000000	43.000000	0.000000
254.999278	promoter_A	1.000000	0.000000	0.000000
254.999278	promoter_B1	1.000000	0.000000	0.000000
254.999278	promoter_D	0.000000	0.000000	0.000000
259.999687	__gene_A*_rbs	5.000000	0.000000	0.000000
259.999687	__gene_A_rbs	5.000000	0.000000	0.000000
259.999687	__gene_B_rbs	45.000000	0.000000	0.000000
259.999687	__gene_C_rbs	44.000000	0.000000	0.000000
259.999687	__gene_D_rbs	188.000000	0.000000	0.000000
259.999687	__gene_E_rbs	183.000000	0.000000	0.000000
259.999687	__gene_F_rbs	121.000000	0.000000	0.000000
259.999687	__gene_G_rbs	80.000000	0.000000	0.000000
259.999687	__gene_H_rbs	55.000000	0.000000	0.000000
259.999687	__gene_J_rbs	176.000000	0.000000	0.000000
259.999687	__gene_K_rbs	44.000000	0.000000	0.000000
259.999687	__ribosome	0.000000	0.000000	0.000000
259.999687	bound_ecolipol	1898.000000	0.000000	0.000000
259.999687	bound_ribosome	100.000000	0.000000	0.000000
259.999687	ecoli_genome	102.000000	0.000000	0.000000
259.999687	ecoli_transcript	19977.000000	0.000000	0.000000
259.999687	ecolipol	50.000000	0.000000	0.000000
259.999687	gene_A	8.000000	5.000000	0.200000
259.999687	gene_A*	9.000000	5.000000	0.000000
259.999687	gene_B	67.000000	45.000000	0.044444
259.999687	gene_C	49.000000	44.000000	0.045455
259.999687	gene_D	268.000000	188.000000	0.015957
259.999687	gene_E	210.000000	183.000000	0.016393
259.999687	gene_F	97.000000	122.000000	0.090164
259.999687	gene_G	21.000000	80.000000	0.162500
259.999687	gene_H	0.000000	55.000000	0.236364
259.999687	gene_J	101.000000	177.000000	0.293785
259.999687	gene_K	50.000000	44.000000	0.000000
259.999687	promoter_A	1.000000	0.000000	0.000000
259.999687	promoter_B1	1.000000	0.000000	0.000000
259.999687	promoter_D	0.000000	0.000000	0.000000
264.999254	__gene_A*_rbs	5.000000	0.000000	0.000000
264.999254	__gene_A_rbs	5.000000	0.000000	0.000000
264.999254	__gene_B_rbs	45.000000	0.000000	0.000000
264.999254	__gene_C_rbs	43.000000	0.000000	0.000000
264.999254	__gene_D_rbs	190.000000	0.000000	0.000000
264.999254	__gene_E_rbs	187.000000	0.000000	0.000000
264.999254	__gene_F_rbs	124.000000	0.000000	0.000000
264.999254	__gene_G_rbs	82.000000	0.000000	0.000000
264.999254	__gene_H_rbs	56.000000	0.000000	0.000000
264.999254	__gene_J_rbs	180.000000	0.000000	0.000000
264.999254	__gene_K_rbs	44.000000	0.000000	0.000000
264.999254	__ribosome	0.000000	0.000000	0.000000
264.999254	bound_ecolipol	1892.000000	0.000000	0.000000
264.999254	bound_ribosome	100.000000	0.000000	0.000000
264.999254	ecoli_genome	108.000000	0.000000	0.000000
264.999254	ecoli_transcript	20366.000000	0.000000	0.000000
264.999254	ecolipol	61.000000	0.000000	0.000000
264.999254	gene_A	8.000000	5.000000	0.200000
264.999254	gene_A*	9.000000	5.000000	0.000000
264.999254	gene_B	68.000000	45.000000	0.022222
264.999254	gene_C	50.000000	44.000000	0.022727
264.999254	gene_D	269.000000	190.000000	0.015789
264.999254	gene_E	210.000000	187.000000	0.026738
264.999254	gene_F	97.000000	124.000000	0.088710
264.999254	gene_G	21.000000	82.000000	0.158537
264.999254	gene_H	0.000000	56.000000	0.232143
264.999254	gene_J	101.000000	181.000000	0.287293
264.999254	gene_K	50.000000	44.000000	0.000000
264.999254	promoter_A	1.000000	0.000000	0.000000
264.999254	promoter_B1	1.000000	0.000000	0.000000
264.999254	promoter_D	0.000000	0.000000	0.000000
269.999046	__gene_A*_rbs	5.000000	0.000000	0.000000
269.999046	__gene_A_rbs	5.000000	0.000000	0.000000
269.999046	__gene_B_rbs	45.000000	0.000000	0.000000
269.999046	__gene_C_rbs	44.000000	0.000000	0.000000
269.999046	__gene_D_rbs	193.000000	0.000000	0.000000
269.999046	__gene_E_rbs	190.000000	0.000000	0.000000
269.999046	__gene_F_rbs	127.000000	0.000000	0.000000
269.999046	__gene_G_rbs	84.000000	0.000000	0.000000
269.999046	__gene_H_rbs	56.000000	0.000000	0.000000
269.999046	__gene_J_rbs	185.000000	0.000000	0.000000
269.999046	__gene_K_rbs	45.000000	0.000000	0.000000
269.999046	__ribosome	0.000000	0.000000	0.000000
269.999046	bound_ecolipol	1901.000000	0.000000	0.000000
269.999046	bound_ribosome	100.000000	0.000000	0.000000
269.999046	ecoli_genome	99.000000	0.000000	0.000000
269.999046	ecoli_transcript	20743.000000	0.000000	0.000000
269.999046	ecolipol	50.000000	0.000000	0.000000
269.999046	gene_A	9.000000	5.000000	0.000000
269.999046	gene_A*	9.000000	5.000000	0.000000
269.999046	gene_B	69.000000	45.000000	0.000000
269.999046	gene_C	51.000000	44.000000	0.022727
269.999046	gene_D	270.000000	193.000000	0.015544
269.999046	gene_E	213.000000	190.000000	0.021053
269.999046	gene_F	98.000000	127.000000	0.094488
269.999046	gene_G	21.000000	84.000000	0.166667
269.999046	gene_H	0.000000	56.000000	0.232143
269.999046	gene_J	101.000000	185.000000	0.286486
269.999046	gene_K	50.000000	45.000000	0.000000
269.999046	promoter_A	1.000000	0.000000	0.000000
269.999046	promoter_B1	0.000000	0.000000	0.000000
269.999046	promoter_D	0.000000	0.000000	0.000000
274.999066	__gene_A*_rbs	5.000000	0.000000	0.000000
274.999066	__gene_A_rbs	5.000000	0.000000	0.000000
274.999066	__gene_B_rbs	46.000000	0.000000	0.000000
274.999066	__gene_C_rbs	45.000000	0.000000	0.000000
274.999066	__gene_D_rbs	197.000000	0.000000	0.000000
274.999066	__gene_E_rbs	192.000000	0.000000	0.000000
274.999066	__gene_F_rbs	129.000000	0.000000	0.000000
274.999066	__gene_G_rbs	85.000000	0.000000	0.000000
274.999066	__gene_H_rbs	57.000000	0.000000	0.000000
274.999066	__gene_J_rbs	188.000000	0.000000	0.000000
274.999066	__gene_K_rbs	45.000000	0.000000	0.000000
274.999066	__ribosome	0.000000	0.000000	0.000000
274.999066	bound_ecolipol	1899.000000	0.000000	0.000000
274.999066	bound_ribosome	100.000000	0.000000	0.000000
274.999066	ecoli_genome	101.000000	0.000000	0.000000
274.999066	ecoli_transcript	21130.000000	0.000000	0.000000
274.999066	ecolipol	55.000000	0.000000	0.000000
274.999066	gene_A	9.000000	5.000000	0.000000
274.999066	gene_A*	9.000000	5.000000	0.000000
274.999066	gene_B	69.000000	46.000000	0.000000
274.999066	gene_C	51.000000	45.000000	0.044444
274.999066	gene_D	271.000000	197.000000	0.010152
274.999066	gene_E	216.000000	193.000000	0.015544
274.999066	gene_F	98.000000	130.000000	0.107692
274.999066	gene_G	21.000000	85.000000	0.164706
274.999066	gene_H	0.000000	57.000000	0.228070
274.999066	gene_J	102.000000	188.000000	0.276596
274.999066	gene_K	50.000000	45.000000	0.000000
274.999066	promoter_A	1.000000	0.000000	0.000000
274.999066	promoter_B1	1.000000	0.000000	0.000000
274.999066	promoter_D	0.000000	0.000000	0.000000
279.999010	__gene_A*_rbs	5.000000	0.000000	0.000000
279.999010	__gene_A_rbs	5.000000	0.000000	0.000000
279.999010	__gene_B_rbs	48.000000	0.000000	0.000000
279.999010	__gene_C_rbs	45.000000	0.000000	0.000000
279.999010	__gene_D_rbs	200.000000	0.000000	0.000000
279.999010	__gene_E_rbs	197.000000	0.000000	0.000000
279.999010	__gene_F_rbs	133.000000	0.000000	0.000000
279.999010	__gene_G_rbs	86.000000	0.000000	0.000000
279.999010	__gene_H_rbs	57.000000	0.000000	0.000000
279.999010	__gene_J_rbs	191.000000	0.000000	0.000000
279.999010	__gene_K_rbs	45.000000	0.000000	0.000000
279.999010	__ribosome	0.000000	0.000000	0.000000
279.999010	bound_ecolipol	1904.000000	0.000000	0.000000
279.999010	bound_ribosome	100.000000	0.000000	0.000000
279.999010	ecoli_genome	96.000000	0.000000	0.000000
279.999010	ecoli_transcript	21502.000000	0.000000	0.000000
279.999010	ecolipol	52.000000	0.000000	0.000000
279.999010	gene_A	9.000000	5.000000	0.000000
279.999010	gene_A*	9.000000	5.000000	0.000000
279.999010	gene_B	69.000000	48.000000	0.000000
279.999010	gene_C	52.000000	45.000000	0.022222
279.999010	gene_D	272.000000	201.000000	0.014925
279.999010	gene_E	217.000000	197.000000	0.010152
279.999010	gene_F	100.000000	133.000000	0.097744
279.999010	gene_G	21.000000	86.000000	0.162791
279.999010	gene_H	0.000000	57.000000	0.245614
279.999010	gene_J	102.000000	191.000000	0.277487
279.999010	gene_K	50.000000	45.000000	0.000000
279.999010	promoter_A	1.000000	0.000000	0.000000
279.999010	promoter_B1	1.000000	0.000000	0.000000
279.999010	promoter_D	0.000000	0.000000	0.000000
284.999449	__gene_A*_rbs	5.000000	0.000000	0.000000
284.999449	__gene_A_rbs	5.000000	0.000000	0.000000
284.999449	__gene_B_rbs	49.000000	0.000000	0.000000
284.999449	__gene_C_rbs	45.000000	0.000000	0.000000
284.999449	__gene_D_rbs	205.000000	0.000000	0.000000
284.999449	__gene_E_rbs	201.000000	0.000000	0.000000
284.999449	__gene_F_rbs	134.000000	0.000000	0.000000
284.999449	__gene_G_rbs	86.000000	0.000000	0.000000
284.999449	__gene_H_rbs	58.000000	0.000000	0.000000
284.999449	__gene_J_rbs	194.000000	0.000000	0.000000
284.999449	__gene_K_rbs	45.000000	0.000000	0.000000
284.999449	__ribosome	0.000000	0.000000	0.000000
284.999449	bound_ecolipol	1900.000000	0.000000	0.000000
284.999449	bound_ribosome	100.000000	0.000000	0.000000
284.999449	ecoli_genome	100.000000	0.000000	0.000000
284.999449	ecoli_transcript	21928.000000	0.000000	0.000000
284.999449	ecolipol	53.000000	0.000000	0.000000
284.999449	gene_A	9.000000	5.000000	0.000000
284.999449	gene_A*	9.000000	5.000000	0.000000
284.999449	gene_B	69.000000	49.000000	0.000000
284.999449	gene_C	53.000000	45.000000	0.000000
284.999449	gene_D	273.000000	205.000000	0.014634
284.999449	gene_E	219.000000	201.000000	0.004975
284.999449	gene_F	101.000000	134.000000	0.097015
284.999449	gene_G	21.000000	86.000000	0.162791
284.999449	gene_H	0.000000	58.000000	0.258621
284.999449	gene_J	103.000000	194.000000	0.273196
284.999449	gene_K	50.000000	46.000000	0.021739
284.999449	promoter_A	1.000000	0.000000	0.000000
284.999449	promoter_B1	1.000000	0.000000	0.000000
284.999449	promoter_D	0.000000	0.000000	0.000000
289.999023	__gene_A*_rbs	5.000000	0.000000	0.000000
289.999023	__gene_A_rbs	5.000000	0.000000	0.000000
289.999023	__gene_B_rbs	48.000000	0.000000	0.000000
289.999023	__gene_C_rbs	48.000000	0.000000	0.000000
289.999023	__gene_D_rbs	208.000000	0.000000	0.000000
289.999023	__gene_E_rbs	204.000000	0.000000	0.000000
289.999023	__gene_F_rbs	138.000000	0.000000	0.000000
289.999023	__gene_G_rbs	88.000000	0.000000	0.000000
289.999023	__gene_H_rbs	60.000000	0.000000	0.000000
289.999023	__gene_J_rbs	198.000000	0.000000	0.000000
289.999023	__gene_K_rbs	48.000000	0.000000	0.000000
289.999023	__ribosome	0.000000	0.000000	0.000000
289.999023	bound_ecolipol	1900.000000	0.000000	0.000000
289.999023	bound_ribosome	100.000000	0.000000	0.000000
289.999023	ecoli_genome	100.000000	0.000000	0.000000
289.999023	ecoli_transcript	22264.000000	0.000000	0.000000
289.999023	ecolipol	51.000000	0.000000	0.000000
289.999023	gene_A	9.000000	5.000000	0.000000
289.999023	gene_A*	9.000000	5.000000	0.000000
289.999023	gene_B	69.000000	49.000000	0.020408
289.999023	gene_C	53.000000	48.000000	0.000000
289.999023	gene_D	273.000000	208.000000	0.014423
289.999023	gene_E	220.000000	204.000000	0.000000
289.999023	gene_F	103.000000	138.000000	0.086957
289.999023	gene_G	21.000000	88.000000	0.181818
289.999023	gene_H	0.000000	60.000000	0.250000
289.999023	gene_J	104.000000	198.000000	0.262626
289.999023	gene_K	50.000000	48.000000	0.020833
289.999023	promoter_A	1.000000	0.000000	0.000000
289.999023	promoter_B1	0.000000	0.000000	0.000000
289.999023	promoter_D	0.000000	0.000000	0.000000
294.999365	__gene_A*_rbs	5.000000	0.000000	0.000000
294.999365	__gene_A_rbs	6.000000	0.000000	0.000000
294.999365	__gene_B_rbs	51.000000	0.000000	0.000000
294.999365	__gene_C_rbs	48.000000	0.000000	0.000000
294.999365	__gene_D_rbs	212.000000	0.000000	0.000000
294.999365	__gene_E_rbs	208.000000	0.000000	0.000000
294.999365	__gene_F_rbs	140.000000	0.000000	0.000000
294.999365	__gene_G_rbs	89.000000	0.000000	0.000000
294.999365	__gene_H_rbs	61.000000	0.000000	0.000000
294.999365	__gene_J_rbs	202.000000	0.000000	0.000000
294.999365	__gene_K_rbs	49.000000	0.000000	0.000000
294.999365	__ribosome	0.000000	0.000000	0.000000
294.999365	bound_ecolipol	1898.000000	0.000000	0.000000
294.999365	bound_ribosome	100.000000	0.000000	0.000000
294.999365	ecoli_genome	102.000000	0.000000	0.000000
294.999365	ecoli_transcript	22677.000000	0.000000	0.000000
294.999365	ecolipol	50.000000	0.000000	0.000000
294.999365	gene_A	9.000000	6.000000	0.000000
294.999365	gene_A*	9.000000	5.000000	0.000000
294.999365	gene_B	69.000000	51.000000	0.019608
294.999365	gene_C	53.000000	48.000000	0.000000
294.999365	gene_D	274.000000	212.000000	0.009434
294.999365	gene_E	220.000000	208.000000	0.004808
294.999365	gene_F	106.000000	140.000000	0.071429
294.999365	gene_G	21.000000	89.000000	0.179775
294.999365	gene_H	0.000000	61.000000	0.278689
294.999365	gene_J	104.000000	202.000000	0.257426
294.999365	gene_K	51.000000	49.000000	0.020408
294.999365	promoter_A	1.000000	0.000000	0.000000
294.999365	promoter_B1	1.000000	0.000000	0.000000
294.999365	promoter_D	0.000000	0.000000	0.000000
299.999019	__gene_A*_rbs	5.000000	0.000000	0.000000
299.999019	__gene_A_rbs	6.000000	0.000000	0.000000
299.999019	__gene_B_rbs	53.000000	0.000000	0.000000
299.999019	__gene_C_rbs	49.000000	0.000000	0.000000
299.999019	__gene_D_rbs	216.000000	0.000000	0.000000
299.999019	__gene_E_rbs	211.000000	0.000000	0.000000
299.999019	__gene_F_rbs	143.000000	0.000000	0.000000
299.999019	__gene_G_rbs	91.000000	0.000000	0.000000
299.999019	__gene_H_rbs	61.000000	0.000000	0.000000
299.999019	__gene_J_rbs	205.000000	0.000000	0.000000
299.999019	__gene_K_rbs	50.000000	0.000000	0.000000
299.999019	__ribosome	0.000000	0.000000	0.000000
299.999019	bound_ecolipol	1906.000000	0.000000	0.000000
299.999019	bound_ribosome	100.000000	0.000000	0.000000
299.999019	ecoli_genome	94.000000	0.000000	0.000000
299.999019	ecoli_transcript	23033.000000	0.000000	0.000000
299.999019	ecolipol	40.000000	0.000000	0.000000
299.999019	gene_A	9.000000	6.000000	0.000000
299.999019	gene_A*	9.000000	5.000000	0.000000
299.999019	gene_B	69.000000	53.000000	0.037736
299.999019	gene_C	53.000000	49.000000	0.000000
299.999019	gene_D	276.000000	216.000000	0.000000
299.999019	gene_E	220.000000	211.000000	0.004739
299.999019	gene_F	107.000000	143.000000	0.069930
299.999019	gene_G	21.000000	91.000000	0.175824
299.999019	gene_H	0.000000	61.000000	0.295082
299.999019	gene_J	104.000000	205.000000	0.258537
299.999019	gene_K	52.000000	50.000000	0.000000
299.999019	promoter_A	1.000000	0.000000	0.000000
299.999019	promoter_B1	1.000000	0.000000	0.000000
299.999019	promoter_D	0.000000	0.000000	0.000000
304.999075	__gene_A*_rbs	5.000000	0.000000	0.000000
304.999075	__gene_A_rbs	6.000000	0.000000	0.000000
304.999075	__gene_B_rbs	54.000000	0.000000	0.000000
304.999075	__gene_C_rbs	50.000000	0.000000	0.000000
304.999075	__gene_D_rbs	219.000000	0.000000	0.000000
304.999075	__gene_E_rbs	215.000000	0.000000	0.000000
304.999075	__gene_F_rbs	147.000000	0.000000	0.000000
304.999075	__gene_G_rbs	94.000000	0.000000	0.000000
304.999075	__gene_H_rbs	62.000000	0.000000	0.000000
304.999075	__gene_J_rbs	209.000000	0.000000	0.000000
304.999075	__gene_K_rbs	51.000000	0.000000	0.000000
304.999075	__ribosome	0.000000	0.000000	0.000000
304.999075	bound_ecolipol	1905.000000	0.000000	0.000000
304.999075	bound_ribosome	100.000000	0.000000	0.000000
304.999075	ecoli_genome	95.000000	0.000000	0.000000
304.999075	ecoli_transcript	23425.000000	0.000000	0.000000
304.999075	ecolipol	41.000000	0.000000	0.000000
304.999075	gene_A	9.000000	6.000000	0.000000
304.999075	gene_A*	9.000000	5.000000	0.000000
304.999075	gene_B	70.000000	54.000000	0.018519
304.999075	gene_C	53.000000	50.000000	0.020000
304.999075	gene_D	276.000000	219.000000	0.000000
304.999075	gene_E	221.000000	215.000000	0.009302
304.999075	gene_F	108.000000	147.000000	0.068027
304.999075	gene_G	21.000000	94.000000	0.170213
304.999075	gene_H	0.000000	62.000000	0.290323
304.999075	gene_J	105.000000	209.000000	0.248804
304.999075	gene_K	52.000000	51.000000	0.000000
304.999075	promoter_A	1.000000	0.000000	0.000000
304.999075	promoter_B1	1.000000	0.000000	0.000000
304.999075	promoter_D	0.000000	0.000000	0.000000
309.999027	__gene_A*_rbs	6.000000	0.000000	0.000000
309.999027	__gene_A_rbs	6.000000	0.000000	0.000000
309.999027	__gene_B_rbs	54.000000	0.000000	0.000000
309.999027	__gene_C_rbs	52.000000	0.000000	0.000000
309.999027	__gene_D_rbs	223.000000	0.000000	0.000000
309.999027	__gene_E_rbs	219.000000	0.000000	0.000000
309.999027	__gene_F_rbs	147.000000	0.000000	0.000000
309.999027	__gene_G_rbs	97.000000	0.000000	0.000000
309.999027	__gene_H_rbs	63.000000	0.000000	0.000000
309.999027	__gene_J_rbs	212.000000	0.000000	0.000000
309.999027	__gene_K_rbs	53.000000	0.000000	0.000000
309.999027	__ribosome	0.000000	0.000000	0.000000
309.999027	bound_ecolipol	1897.000000	0.000000	0.000000
309.999027	bound_ribosome	100.000000	0.000000	0.000000
309.999027	ecoli_genome	103.000000	0.000000	0.000000
309.999027	ecoli_transcript	23804.000000	0.000000	0.000000
309.999027	ecolipol	49.000000	0.000000	0.000000
309.999027	gene_A	9.000000	6.000000	0.000000
309.999027	gene_A*	9.000000	6.000000	0.000000
309.999027	gene_B	71.000000	54.000000	0.000000
309.999027	gene_C	54.000000	52.000000	0.000000
309.999027	gene_D	276.000000	223.000000	0.004484
309.999027	gene_E	221.000000	219.000000	0.013699
309.999027	gene_F	109.000000	147.000000	0.061224
309.999027	gene_G	22.000000	97.000000	0.164948
309.999027	gene_H	0.000000	63.000000	0.285714
309.999027	gene_J	105.000000	213.000000	0.248826
309.999027	gene_K	52.000000	53.000000	0.000000
309.999027	promoter_A	1.000000	0.000000	0.000000
309.999027	promoter_B1	1.000000	0.000000	0.000000
309.999027	promoter_D	0.000000	0.000000	0.000000
314.999010	__gene_A*_rbs	6.000000	0.000000	0.000000
314.999010	__gene_A_rbs	6.000000	0.000000	0.000000
314.999010	__gene_B_rbs	55.000000	0.000000	0.000000
314.999010	__gene_C_rbs	54.000000	0.000000	0.000000
314.999010	__gene_D_rbs	226.000000	0.000000	0.000000
314.999010	__gene_E_rbs	221.000000	0.000000	0.000000
314.999010	__gene_F_rbs	150.000000	0.000000	0.000000
314.999010	__gene_G_rbs	99.000000	0.000000	0.000000
314.999010	__gene_H_rbs	64.000000	0.000000	0.000000
314.999010	__gene_J_rbs	216.000000	0.000000	0.000000
314.999010	__gene_K_rbs	54.000000	0.000000	0.000000
314.999010	__ribosome	0.000000	0.000000	0.000000
314.999010	bound_ecolipol	1899.000000	0.000000	0.000000
314.999010	bound_ribosome	100.000000	0.000000	0.000000
314.999010	ecoli_genome	101.000000	0.000000	0.000000
314.999010	ecoli_transcript	24192.000000	0.000000	0.000000
314.999010	ecolipol	48.000000	0.000000	0.000000
314.999010	gene_A	9.000000	6.000000	0.000000
314.999010	gene_A*	9.000000	6.000000	0.000000
314.999010	gene_B	71.000000	55.000000	0.000000
314.999010	gene_C	54.000000	54.000000	0.000000
314.999010	gene_D	276.000000	226.000000	0.004425
314.999010	gene_E	223.000000	222.000000	0.009009
314.999010	gene_F	110.000000	150.000000	0.053333
314.999010	gene_G	22.000000	99.000000	0.161616
314.999010	gene_H	0.000000	64.000000	0.296875
314.999010	gene_J	106.000000	216.000000	0.245370
314.999010	gene_K	52.000000	54.000000	0.018519
314.999010	promoter_A	1.000000	0.000000	0.000000
314.999010	promoter_B1	0.000000	0.000000	0.000000
314.999010	promoter_D	0.000000	0.000000	0.000000
319.999166	__gene_A*_rbs	6.000000	0.000000	0.000000
319.999166	__gene_A_rbs	6.000000	0.000000	0.000000
319.999166	__gene_B_rbs	56.000000	0.000000	0.000000
319.999166	__gene_C_rbs	54.000000	0.000000	0.000000
319.999166	__gene_D_rbs	229.000000	0.000000	0.000000
319.999166	__gene_E_rbs	226.000000	0.000000	0.000000
319.999166	__gene_F_rbs	153.000000	0.000000	0.000000
319.999166	__gene_G_rbs	101.000000	0.000000	0.000000
319.999166	__gene_H_rbs	66.000000	0.000000	0.000000
319.999166	__gene_J_rbs	219.000000	0.000000	0.000000
319.999166	__gene_K_rbs	54.000000	0.000000	0.000000
319.999166	__ribosome	0.000000	0.000000	0.000000
319.999166	bound_ecolipol	1901.000000	0.000000	0.000000
319.999166	bound_ribosome	100.000000	0.000000	0.000000
319.999166	ecoli_genome	99.000000	0.000000	0.000000
319.999166	ecoli_transcript	24555.000000	0.000000	0.000000
319.999166	ecolipol	46.000000	0.000000	0.000000
319.999166	gene_A	9.000000	6.000000	0.000000
319.999166	gene_A*	9.000000	6.000000	0.000000
319.999166	gene_B	71.000000	56.000000	0.000000
319.999166	gene_C	54.000000	54.000000	0.000000
319.999166	gene_D	276.000000	229.000000	0.008734
319.999166	gene_E	224.000000	226.000000	0.013274
319.999166	gene_F	112.000000	153.000000	0.039216
319.999166	gene_G	22.000000	101.000000	0.158416
319.999166	gene_H	0.000000	66.000000	0.287879
319.999166	gene_J	107.000000	219.000000	0.242009
319.999166	gene_K	52.000000	54.000000	0.018519
319.999166	promoter_A	1.000000	0.000000	0.000000
319.999166	promoter_B1	0.000000	0.000000	0.000000
319.999166	promoter_D	0.000000	0.000000	0.000000
324.999020	__gene_A*_rbs	6.000000	0.000000	0.000000
324.999020	__gene_A_rbs	6.000000	0.000000	0.000000
324.999020	__gene_B_rbs	58.000000	0.000000	0.000000
324.999020	__gene_C_rbs	55.000000	0.000000	0.000000
324.999020	__gene_D_rbs	232.000000	0.000000	0.000000
324.999020	__gene_E_rbs	229.000000	0.000000	0.000000
324.999020	__gene_F_rbs	157.000000	0.000000	0.000000
324.999020	__gene_G_rbs	102.000000	0.000000	0.000000
324.999020	__gene_H_rbs	68.000000	0.000000	0.000000
324.999020	__gene_J_rbs	223.000000	0.000000	0.000000
324.999020	__gene_K_rbs	55.000000	0.000000	0.000000
324.999020	__ribosome	0.000000	0.000000	0.000000
324.999020	bound_ecolipol	1905.000000	0.000000	0.000000
324.999020	bound_ribosome	100.000000	0.000000	0.000000
324.999020	ecoli_genome	95.000000	0.000000	0.000000
324.999020	ecoli_transcript	24929.000000	0.000000	0.000000
324.999020	ecolipol	39.000000	0.000000	0.000000
324.999020	gene_A	9.000000	6.000000	0.000000
324.999020	gene_A*	9.000000	6.000000	0.166667
324.999020	gene_B	71.000000	58.000000	0.000000
324.999020	gene_C	54.000000	55.000000	0.036364
324.999020	gene_D	277.000000	232.000000	0.008621
324.999020	gene_E	225.000000	229.000000	0.013100
324.999020	gene_F	113.000000	157.000000	0.031847
324.999020	gene_G	22.000000	102.000000	0.156863
324.999020	gene_H	0.000000	68.000000	0.279412
324.999020	gene_J	108.000000	223.000000	0.233184
324.999020	gene_K	53.000000	55.000000	0.000000
324.999020	promoter_A	1.000000	0.000000	0.000000
324.999020	promoter_B1	1.000000	0.000000	0.000000
324.999020	promoter_D	0.000000	0.000000	0.000000
329.999004	__gene_A*_rbs	6.000000	0.000000	0.000000
329.999004	__gene_A_rbs	6.000000	0.000000	0.000000
329.999004	__gene_B_rbs	60.000000	0.000000	0.000000
329.999004	__gene_C_rbs	56.000000	0.000000	0.000000
329.999004	__gene_D_rbs	236.000000	0.000000	0.000000
329.999004	__gene_E_rbs	232.000000	0.000000	0.000000
329.999004	__gene_F_rbs	160.000000	0.000000	0.000000
329.999004	__gene_G_rbs	106.000000	0.000000	0.000000
329.999004	__gene_H_rbs	70.000000	0.000000	0.000000
329.999004	__gene_J_rbs	227.000000	0.000000	0.000000
329.999004	__gene_K_rbs	56.000000	0.000000	0.000000
329.999004	__ribosome	0.000000	0.000000	0.000000
329.999004	bound_ecolipol	1896.000000	0.000000	0.000000
329.999004	bound_ribosome	100.000000	0.000000	0.000000
329.999004	ecoli_genome	104.000000	0.000000	0.000000
329.999004	ecoli_transcript	25313.000000	0.000000	0.000000
329.999004	ecolipol	43.000000	0.000000	0.000000
329.999004	gene_A	9.000000	6.000000	0.000000
329.999004	gene_A*	9.000000	6.000000	0.166667
329.999004	gene_B	71.000000	60.000000	0.000000
329.999004	gene_C	56.000000	56.000000	0.053571
329.999004	gene_D	277.000000	236.000000	0.012712
329.999004	gene_E	227.000000	232.000000	0.004310
329.999004	gene_F	114.000000	160.000000	0.025000
329.999004	gene_G	23.000000	106.000000	0.141509
329.999004	gene_H	0.000000	70.000000	0.285714
329.999004	gene_J	108.000000	227.000000	0.233480
329.999004	gene_K	53.000000	56.000000	0.000000
329.999004	promoter_A	1.000000	0.000000	0.000000
329.999004	promoter_B1	1.000000	0.000000	0.000000
329.999004	promoter_D	0.000000	0.000000	0.000000
334.999173	__gene_A*_rbs	6.000000	0.000000	0.000000
334.999173	__gene_A_rbs	6.000000	0.000000	0.000000
334.999173	__gene_B_rbs	62.000000	0.000000	0.000000
334.999173	__gene_C_rbs	57.000000	0.000000	0.000000
334.999173	__gene_D_rbs	238.000000	0.000000	0.000000
334.999173	__gene_E_rbs	236.000000	0.000000	0.000000
334.999173	__gene_F_rbs	164.000000	0.000000	0.000000
334.999173	__gene_G_rbs	107.000000	0.000000	0.000000
334.999173	__gene_H_rbs	73.000000	0.000000	0.000000
334.999173	__gene_J_rbs	230.000000	0.000000	0.000000
334.999173	__gene_K_rbs	58.000000	0.000000	0.000000
334.999173	__ribosome	0.000000	0.000000	0.000000
334.999173	bound_ecolipol	1884.000000	0.000000	0.000000
334.999173	bound_ribosome	100.000000	0.000000	0.000000
334.999173	ecoli_genome	116.000000	0.000000	0.000000
334.999173	ecoli_transcript	25703.000000	0.000000	0.000000
334.999173	ecolipol	57.000000	0.000000	0.000000
334.999173	gene_A	9.000000	6.000000	0.166667
334.999173	gene_A*	9.000000	6.000000	0.166667
334.999173	gene_B	71.000000	62.000000	0.000000
334.999173	gene_C	56.000000	57.000000	0.052632
334.999173	gene_D	278.000000	239.000000	0.016736
334.999173	gene_E	228.000000	236.000000	0.000000
334.999173	gene_F	116.000000	164.000000	0.012195
334.999173	gene_G	23.000000	107.000000	0.140187
334.999173	gene_H	0.000000	73.000000	0.273973
334.999173	gene_J	110.000000	230.000000	0.234783
334.999173	gene_K	53.000000	58.000000	0.000000
334.999173	promoter_A	1.000000	0.000000	0.000000
334.999173	promoter_B1	1.000000	0.000000	0.000000
334.999173	promoter_D	0.000000	0.000000	0.000000
339.999419	__gene_A*_rbs	6.000000	0.000000	0.000000
339.999419	__gene_A_rbs	6.000000	0.000000	0.000000
339.999419	__gene_B_rbs	62.000000	0.000000	0.000000
339.999419	__gene_C_rbs	59.000000	0.000000	0.000000
339.999419	__gene_D_rbs	242.000000	0.000000	0.000000
339.999419	__gene_E_rbs	237.000000	0.000000	0.000000
339.999419	__gene_F_rbs	166.000000	0.000000	0.000000
339.999419	__gene_G_rbs	108.000000	0.000000	0.000000
339.999419	__gene_H_rbs	74.000000	0.000000	0.000000
339.999419	__gene_J_rbs	233.000000	0.000000	0.000000
339.999419	__gene_K_rbs	60.000000	0.000000	0.000000
339.999419	__ribosome	0.000000	0.000000	0.000000
339.999419	bound_ecolipol	1893.000000	0.000000	0.000000
339.999419	bound_ribosome	100.000000	0.000000	0.000000
339.999419	ecoli_genome	107.000000	0.000000	0.000000
339.999419	ecoli_transcript	26109.000000	0.000000	0.000000
339.999419	ecolipol	47.000000	0.000000	0.000000
339.999419	gene_A	9.000000	6.000000	0.166667
339.999419	gene_A*	9.000000	6.000000	0.166667
339.999419	gene_B	71.000000	63.000000	0.015873
339.999419	gene_C	59.000000	59.000000	0.000000
339.999419	gene_D	279.000000	242.000000	0.020661
339.999419	gene_E	228.000000	239.000000	0.008368
339.999419	gene_F	117.000000	166.000000	0.012048
339.999419	gene_G	23.000000	108.000000	0.138889
339.999419	gene_H	0.000000	74.000000	0.270270
339.999419	gene_J	112.000000	233.000000	0.227468
339.999419	gene_K	53.000000	60.000000	0.000000
339.999419	promoter_A	1.000000	0.000000	0.000000
339.999419	promoter_B1	1.000000	0.000000	0.000000
339.999419	promoter_D	0.000000	0.000000	0.000000
344.999417	__gene_A*_rbs	6.000000	0.000000	0.000000
344.999417	__gene_A_rbs	6.000000	0.000000	0.000000
344.999417	__gene_B_rbs	63.000000	0.000000	0.000000
344.999417	__gene_C_rbs	60.000000	0.000000	0.000000
344.999417	__gene_D_rbs	245.000000	0.000000	0.000000
344.999417	__gene_E_rbs	242.000000	0.000000	0.000000
344.999417	__gene_F_rbs	170.000000	0.000000	0.000000
344.999417	__gene_G_rbs	111.000000	0.000000	0.000000
344.999417	__gene_H_rbs	76.000000	0.000000	0.000000
344.999417	__gene_J_rbs	236.000000	0.000000	0.000000
344.999417	__gene_K_rbs	62.000000	0.000000	0.000000
344.999417	__ribosome	0.000000	0.000000	0.000000
344.999417	bound_ecolipol	1893.000000	0.000000	0.000000
344.999417	bound_ribosome	100.000000	0.000000	0.000000
344.999417	ecoli_genome	107.000000	0.000000	0.000000
344.999417	ecoli_transcript	26510.000000	0.000000	0.000000
344.999417	ecolipol	48.000000	0.000000	0.000000
344.999417	gene_A	9.000000	6.000000	0.166667
344.999417	gene_A*	9.000000	6.000000	0.166667
344.999417	gene_B	71.000000	63.000000	0.015873
344.999417	gene_C	59.000000	60.000000	0.000000
344.999417	gene_D	280.000000	245.000000	0.016327
344.999417	gene_E	228.000000	242.000000	0.008264
344.999417	gene_F	117.000000	170.000000	0.011765
344.999417	gene_G	23.000000	111.000000	0.135135
344.999417	gene_H	0.000000	77.000000	0.272727
344.999417	gene_J	112.000000	237.000000	0.223629
344.999417	gene_K	53.000000	62.000000	0.000000
344.999417	promoter_A	1.000000	0.000000	0.000000
344.999417	promoter_B1	1.000000	0.000000	0.000000
344.999417	promoter_D	0.000000	0.000000	0.000000
349.999325	__gene_A*_rbs	5.000000	0.000000	0.000000
349.999325	__gene_A_rbs	6.000000	0.000000	0.000000
349.999325	__gene_B_rbs	63.000000	0.000000	0.000000
349.999325	__gene_C_rbs	62.000000	0.000000	0.000000
349.999325	__gene_D_rbs	249.000000	0.000000	0.000000
349.999325	__gene_E_rbs	245.000000	0.000000	0.000000
349.999325	__gene_F_rbs	173.000000	0.000000	0.000000
349.999325	__gene_G_rbs	112.000000	0.000000	0.000000
349.999325	__gene_H_rbs	79.000000	0.000000	0.000000
349.999325	__gene_J_rbs	240.000000	0.000000	0.000000
349.999325	__gene_K_rbs	62.000000	0.000000	0.000000
349.999325	__ribosome	1.000000	0.000000	0.000000
349.999325	bound_ecolipol	1905.000000	0.000000	0.000000
349.999325	bound_ribosome	100.000000	0.000000	0.000000
349.999325	ecoli_genome	95.000000	0.000000	0.000000
349.999325	ecoli_transcript	26890.000000	0.000000	0.000000
349.999325	ecolipol	36.000000	0.000000	0.000000
349.999325	gene_A	9.000000	6.000000	0.166667
349.999325	gene_A*	9.000000	6.000000	0.166667
349.999325	gene_B	71.000000	63.000000	0.031746
349.999325	gene_C	59.000000	62.000000	0.000000
349.999325	gene_D	282.000000	249.000000	0.012048
349.999325	gene_E	230.000000	245.000000	0.004082
349.999325	gene_F	118.000000	173.000000	0.005780
349.999325	gene_G	23.000000	112.000000	0.133929
349.999325	gene_H	0.000000	79.000000	0.265823
349.999325	gene_J	112.000000	240.000000	0.225000
349.999325	gene_K	53.000000	62.000000	0.000000
349.999325	promoter_A	1.000000	0.000000	0.000000
349.999325	promoter_B1	1.000000	0.000000	0.000000
349.999325	promoter_D	0.000000	0.000000	0.000000
354.999025	__gene_A*_rbs	6.000000	0.000000	0.000000
354.999025	__gene_A_rbs	6.000000	0.000000	0.000000
354.999025	__gene_B_rbs	63.000000	0.000000	0.000000
354.999025	__gene_C_rbs	63.000000	0.000000	0.000000
354.999025	__gene_D_rbs	253.000000	0.000000	0.000000
354.999025	__gene_E_rbs	248.000000	0.000000	0.000000
354.999025	__gene_F_rbs	176.000000	0.000000	0.000000
354.999025	__gene_G_rbs	115.000000	0.000000	0.000000
354.999025	__gene_H_rbs	80.000000	0.000000	0.000000
354.999025	__gene_J_rbs	242.000000	0.000000	0.000000
354.999025	__gene_K_rbs	63.000000	0.000000	0.000000
354.999025	__ribosome	0.000000	0.000000	0.000000
354.999025	bound_ecolipol	1906.000000	0.000000	0.000000
354.999025	bound_ribosome	100.000000	0.000000	0.000000
354.999025	ecoli_genome	94.000000	0.000000	0.000000
354.999025	ecoli_transcript	27281.000000	0.000000	0.000000
354.999025	ecolipol	37.000000	0.000000	0.000000
354.999025	gene_A	9.000000	6.000000	0.166667
354.999025	gene_A*	9.000000	6.000000	0.166667
354.999025	gene_B	72.000000	63.000000	0.015873
354.999025	gene_C	59.000000	63.000000	0.015873
354.999025	gene_D	284.000000	253.000000	0.007905
354.999025	gene_E	230.000000	248.000000	0.008065
354.999025	gene_F	118.000000	176.000000	0.005682
354.999025	gene_G	23.000000	115.000000	0.130435
354.999025	gene_H	0.000000	80.000000	0.262500
354.999025	gene_J	113.000000	243.000000	0.222222
354.999025	gene_K	53.000000	63.000000	0.015873
354.999025	promoter_A	1.000000	0.000000	0.000000
354.999025	promoter_B1	1.000000	0.000000	0.000000
354.999025	promoter_D	0.000000	0.000000	0.000000
359.999086	__gene_A*_rbs	6.000000	0.000000	0.000000
359.999086	__gene_A_rbs	6.000000	0.000000	0.000000
359.999086	__gene_B_rbs	63.000000	0.000000	0.000000
359.999086	__gene_C_rbs	63.000000	0.000000	0.000000
359.999086	__gene_D_rbs	256.000000	0.000000	0.000000
359.999086	__gene_E_rbs	252.000000	0.000000	0.000000
359.999086	__gene_F_rbs	177.000000	0.000000	0.000000
359.999086	__gene_G_rbs	117.000000	0.000000	0.000000
359.999086	__gene_H_rbs	83.000000	0.000000	0.000000
359.999086	__gene_J_rbs	246.000000	0.000000	0.000000
359.999086	__gene_K_rbs	63.000000	0.000000	0.000000
359.999086	__ribosome	1.000000	0.000000	0.000000
359.999086	bound_ecolipol	1900.000000	0.000000	0.000000
359.999086	bound_ribosome	100.000000	0.000000	0.000000
359.999086	ecoli_genome	100.000000	0.000000	0.000000
359.999086	ecoli_transcript	27650.000000	0.000000	0.000000
359.999086	ecolipol	46.000000	0.000000	0.000000
359.999086	gene_A	9.000000	6.000000	0.166667
359.999086	gene_A*	10.000000	6.000000	0.000000
359.999086	gene_B	73.000000	63.000000	0.000000
359.999086	gene_C	59.000000	63.000000	0.015873
359.999086	gene_D	284.000000	256.000000	0.007812
359.999086	gene_E	232.000000	252.000000	0.003968
359.999086	gene_F	118.000000	177.000000	0.005650
359.999086	gene_G	23.000000	117.000000	0.136752
359.999086	gene_H	0.000000	83.000000	0.253012
359.999086	gene_J	113.000000	246.000000	0.219512
359.999086	gene_K	54.000000	63.000000	0.031746
359.999086	promoter_A	1.000000	0.000000	0.000000
359.999086	promoter_B1	1.000000	0.000000	0.000000
359.999086	promoter_D	0.000000	0.000000	0.000000
364.999133	__gene_A*_rbs	6.000000	0.000000	0.000000
364.999133	__gene_A_rbs	6.000000	0.000000	0.000000
364.999133	__gene_B_rbs	63.000000	0.000000	0.000000
364.999133	__gene_C_rbs	63.000000	0.000000	0.000000
364.999133	__gene_D_rbs	260.000000	0.000000	0.000000
364.999133	__gene_E_rbs	255.000000	0.000000	0.000000
364.999133	__gene_F_rbs	178.000000	0.000000	0.000000
364.999133	__gene_G_rbs	118.000000	0.000000	0.000000
364.999133	__gene_H_rbs	84.000000	0.000000	0.000000
364.999133	__gene_J_rbs	249.000000	0.000000	0.000000
364.999133	__gene_K_rbs	63.000000	0.000000	0.000000
364.999133	__ribosome	0.000000	0.000000	0.000000
364.999133	bound_ecolipol	1897.000000	0.000000	0.000000
364.999133	bound_ribosome	100.000000	0.000000	0.000000
364.999133	ecoli_genome	103.000000	0.000000	0.000000
364.999133	ecoli_transcript	28010.000000	0.000000	0.000000
364.999133	ecolipol	49.000000	0.000000	0.000000
364.999133	gene_A	9.000000	6.000000	0.166667
364.999133	gene_A*	10.000000	6.000000	0.000000
364.999133	gene_B	73.000000	63.000000	0.015873
364.999133	gene_C	60.000000	63.000000	0.000000
364.999133	gene_D	285.000000	260.000000	0.003846
364.999133	gene_E	232.000000	255.000000	0.007843
364.999133	gene_F	118.000000	178.000000	0.011236
364.999133	gene_G	23.000000	118.000000	0.144068
364.999133	gene_H	0.000000	84.000000	0.261905
364.999133	gene_J	113.000000	249.000000	0.216867
364.999133	gene_K	56.000000	63.000000	0.000000
364.999133	promoter_A	1.000000	0.000000	0.000000
364.999133	promoter_B1	1.000000	0.000000	0.000000
364.999133	promoter_D	0.000000	0.000000	0.000000
369.999090	__gene_A*_rbs	6.000000	0.000000	0.000000
369.999090	__gene_A_rbs	6.000000	0.000000	0.000000
369.999090	__gene_B_rbs	64.000000	0.000000	0.000000
369.999090	__gene_C_rbs	63.000000	0.000000	0.000000
369.999090	__gene_D_rbs	263.000000	0.000000	0.000000
369.999090	__gene_E_rbs	259.000000	0.000000	0.000000
369.999090	__gene_F_rbs	179.000000	0.000000	0.000000
369.999090	__gene_G_rbs	122.000000	0.000000	0.000000
369.999090	__gene_H_rbs	86.000000	0.000000	0.000000
369.999090	__gene_J_rbs	253.000000	0.000000	0.000000
369.999090	__gene_K_rbs	63.000000	0.000000	0.000000
369.999090	__ribosome	0.000000	0.000000	0.000000
369.999090	bound_ecolipol	1895.000000	0.000000	0.000000
369.999090	bound_ribosome	100.000000	0.000000	0.000000
369.999090	ecoli_genome	105.000000	0.000000	0.000000
369.999090	ecoli_transcript	28408.000000	0.000000	0.000000
369.999090	ecolipol	53.000000	0.000000	0.000000
369.999090	gene_A	9.000000	6.000000	0.166667
369.999090	gene_A*	10.000000	6.000000	0.000000
369.999090	gene_B	73.000000	64.000000	0.015625
369.999090	gene_C	60.000000	63.000000	0.000000
369.999090	gene_D	286.000000	263.000000	0.003802
369.999090	gene_E	233.000000	259.000000	0.003861
369.999090	gene_F	118.000000	179.000000	0.011173
369.999090	gene_G	23.000000	122.000000	0.147541
369.999090	gene_H	0.000000	86.000000	0.255814
369.999090	gene_J	113.000000	253.000000	0.213439
369.999090	gene_K	56.000000	63.000000	0.000000
369.999090	promoter_A	1.000000	0.000000	0.000000
369.999090	promoter_B1	1.000000	0.000000	0.000000
369.999090	promoter_D	0.000000	0.000000	0.000000
374.999054	__gene_A*_rbs	6.000000	0.000000	0.000000
374.999054	__gene_A_rbs	6.000000	0.000000	0.000000
374.999054	__gene_B_rbs	64.000000	0.000000	0.000000
374.999054	__gene_C_rbs	63.000000	0.000000	0.000000
374.999054	__gene_D_rbs	267.000000	0.000000	0.000000
374.999054	__gene_E_rbs	263.000000	0.000000	0.000000
374.999054	__gene_F_rbs	181.000000	0.000000	0.000000
374.999054	__gene_G_rbs	123.000000	0.000000	0.000000
374.999054	__gene_H_rbs	87.000000	0.000000	0.000000
374.999054	__gene_J_rbs	256.000000	0.000000	0.000000
374.999054	__gene_K_rbs	63.000000	0.000000	0.000000
374.999054	__ribosome	0.000000	0.000000	0.000000
374.999054	bound_ecolipol	1906.000000	0.000000	0.000000
374.999054	bound_ribosome	100.000000	0.000000	0.000000
374.999054	ecoli_genome	94.000000	0.000000	0.000000
374.999054	ecoli_transcript	28788.000000	0.000000	0.000000
374.999054	ecolipol	42.000000	0.000000	0.000000
374.999054	gene_A	9.000000	6.000000	0.166667
374.999054	gene_A*	10.000000	6.000000	0.000000
374.999054	gene_B	73.000000	64.000000	0.015625
374.999054	gene_C	60.000000	63.000000	0.000000
374.999054	gene_D	286.000000	267.000000	0.003745
374.999054	gene_E	234.000000	263.000000	0.000000
374.999054	gene_F	118.000000	181.000000	0.016575
374.999054	gene_G	24.000000	123.000000	0.138211
374.999054	gene_H	0.000000	87.000000	0.252874
374.999054	gene_J	113.000000	256.000000	0.214844
374.999054	gene_K	56.000000	63.000000	0.000000
374.999054	promoter_A	1.000000	0.000000	0.000000
374.999054	promoter_B1	1.000000	0.000000	0.000000
374.999054	promoter_D	0.000000	0.000000	0.000000
379.999045	__gene_A*_rbs	6.000000	0.000000	0.000000
379.999045	__gene_A_rbs	6.000000	0.000000	0.000000
379.999045	__gene_B_rbs	65.000000	0.000000	0.000000
379.999045	__gene_C_rbs	63.000000	0.000000	0.000000
379.999045	__gene_D_rbs	271.000000	0.000000	0.000000
379.999045	__gene_E_rbs	267.000000	0.000000	0.000000
379.999045	__gene_F_rbs	184.000000	0.000000	0.000000
379.999045	__gene_G_rbs	127.000000	0.000000	0.000000
379.999045	__gene_H_rbs	87.000000	0.000000	0.000000
379.999045	__gene_J_rbs	260.000000	0.000000	0.000000
379.999045	__gene_K_rbs	64.000000	0.000000	0.000000
379.999045	__ribosome	0.000000	0.000000	0.000000
379.999045	bound_ecolipol	1899.000000	0.000000	0.000000
379.999045	bound_ribosome	100.000000	0.000000	0.000000
379.999045	ecoli_genome	101.000000	0.000000	0.000000
379.999045	ecoli_transcript	29148.000000	0.000000	0.000000
379.999045	ecolipol	49.000000	0.000000	0.000000
379.999045	gene_A	9.000000	6.000000	0.166667
379.999045	gene_A*	10.000000	6.000000	0.000000
379.999045	gene_B	74.000000	65.000000	0.000000
379.999045	gene_C	60.000000	63.000000	0.000000
379.999045	gene_D	286.000000	271.000000	0.007380
379.999045	gene_E	234.000000	267.000000	0.003745
379.999045	gene_F	118.000000	184.000000	0.016304
379.999045	gene_G	24.000000	127.000000	0.133858
379.999045	gene_H	0.000000	88.000000	0.250000
379.999045	gene_J	114.000000	260.000000	0.207692
379.999045	gene_K	56.000000	64.000000	0.000000
379.999045	promoter_A	1.000000	0.000000	0.000000
379.999045	promoter_B1	0.000000	0.000000	0.000000
379.999045	promoter_D	0.000000	0.000000	0.000000
384.999206	__gene_A*_rbs	6.000000	0.000000	0.000000
384.999206	__gene_A_rbs	6.000000	0.000000	0.000000
384.999206	__gene_B_rbs	66.000000	0.000000	0.000000
384.999206	__gene_C_rbs	64.000000	0.000000	0.000000
384.999206	__gene_D_rbs	274.000000	0.000000	0.000000
384.999206	__gene_E_rbs	270.000000	0.000000	0.000000
384.999206	__gene_F_rbs	188.000000	0.000000	0.000000
384.999206	__gene_G_rbs	128.000000	0.000000	0.000000
384.999206	__gene_H_rbs	89.000000	0.000000	0.000000
384.999206	__gene_J_rbs	264.000000	0.000000	0.000000
384.999206	__gene_K_rbs	64.000000	0.000000	0.000000
384.999206	__ribosome	0.000000	0.000000	0.000000
384.999206	bound_ecolipol	1894.000000	0.000000	0.000000
384.999206	bound_ribosome	100.000000	0.000000	0.000000
384.999206	ecoli_genome	106.000000	0.000000	0.000000
384.999206	ecoli_transcript	29538.000000	0.000000	0.000000
384.999206	ecolipol	54.000000	0.000000	0.000000
384.999206	gene_A	10.000000	6.000000	0.000000
384.999206	gene_A*	10.000000	6.000000	0.000000
384.999206	gene_B	74.000000	66.000000	0.000000
384.999206	gene_C	60.000000	64.000000	0.015625
384.999206	gene_D	287.000000	274.000000	0.003650
384.999206	gene_E	234.000000	270.000000	0.003704
384.999206	gene_F	119.000000	188.000000	0.026596
384.999206	gene_G	26.000000	128.000000	0.117188
384.999206	gene_H	0.000000	89.000000	0.258427
384.999206	gene_J	114.000000	264.000000	0.204545
384.999206	gene_K	56.000000	64.000000	0.000000
384.999206	promoter_A	1.000000	0.000000	0.000000
384.999206	promoter_B1	1.000000	0.000000	0.000000
384.999206	promoter_D	0.000000	0.000000	0.000000
389.999140	__gene_A*_rbs	6.000000	0.000000	0.000000
389.999140	__gene_A_rbs	6.000000	0.000000	0.000000
389.999140	__gene_B_rbs	67.000000	0.000000	0.000000
389.999140	__gene_C_rbs	64.000000	0.000000	0.000000
389.999140	__gene_D_rbs	277.000000	0.000000	0.000000
389.999140	__gene_E_rbs	274.000000	0.000000	0.000000
389.999140	__gene_F_rbs	190.000000	0.000000	0.000000
389.999140	__gene_G_rbs	132.000000	0.000000	0.000000
389.999140	__gene_H_rbs	91.000000	0.000000	0.000000
389.999140	__gene_J_rbs	268.000000	0.000000	0.000000
389.999140	__gene_K_rbs	65.000000	0.000000	0.000000
389.999140	__ribosome	0.000000	0.000000	0.000000
389.999140	bound_ecolipol	1909.000000	0.000000	0.000000
389.999140	bound_ribosome	100.000000	0.000000	0.000000
389.999140	ecoli_genome	91.000000	0.000000	0.000000
389.999140	ecoli_transcript	29922.000000	0.000000	0.000000
389.999140	ecolipol	40.000000	0.000000	0.000000
389.999140	gene_A	10.000000	6.000000	0.000000
389.999140	gene_A*	10.000000	6.000000	0.000000
389.999140	gene_B	74.000000	67.000000	0.000000
389.999140	gene_C	60.000000	64.000000	0.015625
389.999140	gene_D	287.000000	278.000000	0.007194
389.999140	gene_E	235.000000	274.000000	0.000000
389.999140	gene_F	119.000000	190.000000	0.026316
389.999140	gene_G	26.000000	132.000000	0.113636
389.999140	gene_H	0.000000	91.000000	0.252747
389.999140	gene_J	114.000000	268.000000	0.201493
389.999140	gene_K	56.000000	65.000000	0.000000
389.999140	promoter_A	1.000000	0.000000	0.000000
389.999140	promoter_B1	1.000000	0.000000	0.000000
389.999140	promoter_D	0.000000	0.000000	0.000000
394.999158	__gene_A*_rbs	6.000000	0.000000	0.000000
394.999158	__gene_A_rbs	6.000000	0.000000	0.000000
394.999158	__gene_B_rbs	67.000000	0.000000	0.000000
394.999158	__gene_C_rbs	65.000000	0.000000	0.000000
394.999158	__gene_D_rbs	282.000000	0.000000	0.000000
394.999158	__gene_E_rbs	278.000000	0.000000	0.000000
394.999158	__gene_F_rbs	192.000000	0.000000	0.000000
394.999158	__gene_G_rbs	133.000000	0.000000	0.000000
394.999158	__gene_H_rbs	94.000000	0.000000	0.000000
394.999158	__gene_J_rbs	271.000000	0.000000	0.000000
394.999158	__gene_K_rbs	66.000000	0.000000	0.000000
394.999158	__ribosome	0.000000	0.000000	0.000000
394.999158	bound_ecolipol	1900.000000	0.000000	0.000000
394.999158	bound_ribosome	100.000000	0.000000	0.000000
394.999158	ecoli_genome	100.000000	0.000000	0.000000
394.999158	ecoli_transcript	30310.000000	0.000000	0.000000
394.999158	ecolipol	47.000000	0.000000	0.000000
394.999158	gene_A	10.000000	6.000000	0.000000
394.999158	gene_A*	10.000000	6.000000	0.000000
394.999158	gene_B	74.000000	67.000000	0.000000
394.999158	gene_C	61.000000	65.000000	0.000000
394.999158	gene_D	288.000000	282.000000	0.003546
394.999158	gene_E	235.000000	278.000000	0.003597
394.999158	gene_F	119.000000	192.000000	0.026042
394.999158	gene_G	26.000000	133.000000	0.112782
394.999158	gene_H	0.000000	94.000000	0.244681
394.999158	gene_J	115.000000	271.000000	0.202952
394.999158	gene_K	56.000000	66.000000	0.000000
394.999158	promoter_A	1.000000	0.000000	0.000000
394.999158	promoter_B1	0.000000	0.000000	0.000000
394.999158	promoter_D	0.000000	0.000000	0.000000
399.999082	__gene_A*_rbs	6.000000	0.000000	0.000000
399.999082	__gene_A_rbs	6.000000	0.000000	0.000000
399.999082	__gene_B_rbs	69.000000	0.000000	0.000000
399.999082	__gene_C_rbs	67.000000	0.000000	0.000000
399.999082	__gene_D_rbs	285.000000	0.000000	0.000000
399.999082	__gene_E_rbs	282.000000	0.000000	0.000000
399.999082	__gene_F_rbs	194.000000	0.000000	0.000000
399.999082	__gene_G_rbs	135.000000	0.000000	0.000000
399.999082	__gene_H_rbs	95.000000	0.000000	0.000000
399.999082	__gene_J_rbs	275.000000	0.000000	0.000000
399.999082	__gene_K_rbs	67.000000	0.000000	0.000000
399.999082	__ribosome	0.000000	0.000000	0.000000
399.999082	bound_ecolipol	1900.000000	0.000000	0.000000
399.999082	bound_ribosome	100.000000	0.000000	0.000000
399.999082	ecoli_genome	100.000000	0.000000	0.000000
399.999082	ecoli_transcript	30669.000000	0.000000	0.000000
399.999082	ecolipol	47.000000	0.000000	0.000000
399.999082	gene_A	10.000000	6.000000	0.000000
399.999082	gene_A*	10.000000	6.000000	0.000000
399.999082	gene_B	74.000000	69.000000	0.000000
399.999082	gene_C	61.000000	67.000000	0.000000
399.999082	gene_D	288.000000	285.000000	0.003509
399.999082	gene_E	235.000000	282.000000	0.003546
399.999082	gene_F	119.000000	194.000000	0.030928
399.999082	gene_G	26.000000	135.000000	0.111111
399.999082	gene_H	0.000000	95.000000	0.242105
399.999082	gene_J	116.000000	275.000000	0.196364
399.999082	gene_K	56.000000	67.000000	0.000000
399.999082	promoter_A	1.000000	0.000000	0.000000
399.999082	promoter_B1	1.000000	0.000000	0.000000
399.999082	promoter_D	0.000000	0.000000	0.000000
404.999112	__gene_A*_rbs	6.000000	0.000000	0.000000
404.999112	__gene_A_rbs	6.000000	0.000000	0.000000
404.999112	__gene_B_rbs	70.000000	0.000000	0.000000
404.999112	__gene_C_rbs	67.000000	0.000000	0.000000
404.999112	__gene_D_rbs	289.000000	0.000000	0.000000
404.999112	__gene_E_rbs	285.000000	0.000000	0.000000
404.999112	__gene_F_rbs	198.000000	0.000000	0.000000
404.999112	__gene_G_rbs	135.000000	0.000000	0.000000
404.999112	__gene_H_rbs	97.000000	0.000000	0.000000
404.999112	__gene_J_rbs	279.000000	0.000000	0.000000
404.999112	__gene_K_rbs	67.000000	0.000000	0.000000
404.999112	__ribosome	0.000000	0.000000	0.000000
404.999112	bound_ecolipol	1901.000000	0.000000	0.000000
404.999112	bound_ribosome	100.000000	0.000000	0.000000
404.999112	ecoli_genome	99.000000	0.000000	0.000000
404.999112	ecoli_transcript	31015.000000	0.000000	0.000000
404.999112	ecolipol	48.000000	0.000000	0.000000
404.999112	gene_A	10.000000	6.000000	0.000000
404.999112	gene_A*	10.000000	6.000000	0.000000
404.999112	gene_B	74.000000	70.000000	0.000000
404.999112	gene_C	61.000000	67.000000	0.000000
404.999112	gene_D	289.000000	289.000000	0.003460
404.999112	gene_E	236.000000	285.000000	0.000000
404.999112	gene_F	120.000000	198.000000	0.035354
404.999112	gene_G	26.000000	135.000000	0.111111
404.999112	gene_H	0.000000	97.000000	0.237113
404.999112	gene_J	116.000000	279.000000	0.193548
404.999112	gene_K	56.000000	67.000000	0.000000
404.999112	promoter_A	1.000000	0.000000	0.000000
404.999112	promoter_B1	0.000000	0.000000	0.000000
404.999112	promoter_D	0.000000	0.000000	0.000000
409.999112	__gene_A*_rbs	6.000000	0.000000	0.000000
409.999112	__gene_A_rbs	6.000000	0.000000	0.000000
409.999112	__gene_B_rbs	71.000000	0.000000	0.000000
409.999112	__gene_C_rbs	68.000000	0.000000	0.000000
409.999112	__gene_D_rbs	292.000000	0.000000	0.000000
409.999112	__gene_E_rbs	288.000000	0.000000	0.000000
409.999112	__gene_F_rbs	201.000000	0.000000	0.000000
409.999112	__gene_G_rbs	136.000000	0.000000	0.000000
409.999112	__gene_H_rbs	99.000000	0.000000	0.000000
409.999112	__gene_J_rbs	282.000000	0.000000	0.000000
409.999112	__gene_K_rbs	69.000000	0.000000	0.000000
409.999112	__ribosome	0.000000	0.000000	0.000000
409.999112	bound_ecolipol	1899.000000	0.000000	0.000000
409.999112	bound_ribosome	100.000000	0.000000	0.000000
409.999112	ecoli_genome	101.000000	0.000000	0.000000
409.999112	ecoli_transcript	31382.000000	0.000000	0.000000
409.999112	ecolipol	47.000000	0.000000	0.000000
409.999112	gene_A	10.000000	6.000000	0.000000
409.999112	gene_A*	10.000000	6.000000	0.000000
409.999112	gene_B	74.000000	71.000000	0.000000
409.999112	gene_C	61.000000	68.000000	0.000000
409.999112	gene_D	289.000000	292.000000	0.003425
409.999112	gene_E	236.000000	288.000000	0.000000
409.999112	gene_F	120.000000	201.000000	0.034826
409.999112	gene_G	26.000000	136.000000	0.110294
409.999112	gene_H	0.000000	99.000000	0.232323
409.999112	gene_J	116.000000	282.000000	0.191489
409.999112	gene_K	56.000000	69.000000	0.000000
409.999112	promoter_A	1.000000	0.000000	0.000000
409.999112	promoter_B1	0.000000	0.000000	0.000000
409.999112	promoter_D	0.000000	0.000000	0.000000
414.999093	__gene_A*_rbs	6.000000	0.000000	0.000000
414.999093	__gene_A_rbs	6.000000	0.000000	0.000000
414.999093	__gene_B_rbs	73.000000	0.000000	0.000000
414.999093	__gene_C_rbs	70.000000	0.000000	0.000000
414.999093	__gene_D_rbs	296.000000	0.000000	0.000000
414.999093	__gene_E_rbs	292.000000	0.000000	0.000000
414.999093	__gene_F_rbs	202.000000	0.000000	0.000000
414.999093	__gene_G_rbs	138.000000	0.000000	0.000000
414.999093	__gene_H_rbs	100.000000	0.000000	0.000000
414.999093	__gene_J_rbs	286.000000	0.000000	0.000000
414.999093	__gene_K_rbs	70.000000	0.000000	0.000000
414.999093	__ribosome	0.000000	0.000000	0.000000
414.999093	bound_ecolipol	1905.000000	0.000000	0.000000
414.999093	bound_ribosome	100.000000	0.000000	0.000000
414.999093	ecoli_genome	95.000000	0.000000	0.000000
414.999093	ecoli_transcript	31710.000000	0.000000	0.000000
414.999093	ecolipol	42.000000	0.000000	0.000000
414.999093	gene_A	10.000000	6.000000	0.000000
414.999093	gene_A*	10.000000	6.000000	0.000000
414.999093	gene_B	74.000000	73.000000	0.000000
414.999093	gene_C	61.000000	70.000000	0.000000
414.999093	gene_D	289.000000	296.000000	0.003378
414.999093	gene_E	236.000000	292.000000	0.000000
414.999093	gene_F	121.000000	202.000000	0.029703
414.999093	gene_G	26.000000	138.000000	0.108696
414.999093	gene_H	0.000000	100.000000	0.230000
414.999093	gene_J	116.000000	286.000000	0.188811
414.999093	gene_K	56.000000	70.000000	0.014286
414.999093	promoter_A	1.000000	0.000000	0.000000
414.999093	promoter_B1	1.000000	0.000000	0.000000
414.999093	promoter_D	0.000000	0.000000	0.000000
419.999311	__gene_A*_rbs	6.000000	0.000000	0.000000
419.999311	__gene_A_rbs	6.000000	0.000000	0.000000
419.999311	__gene_B_rbs	74.000000	0.000000	0.000000
419.999311	__gene_C_rbs	70.000000	0.000000	0.000000
419.999311	__gene_D_rbs	299.000000	0.000000	0.000000
419.999311	__gene_E_rbs	295.000000	0.000000	0.000000
419.999311	__gene_F_rbs	203.000000	0.000000	0.000000
419.999311	__gene_G_rbs	140.000000	0.000000	0.000000
419.999311	__gene_H_rbs	100.000000	0.000000	0.000000
419.999311	__gene_J_rbs	289.000000	0.000000	0.000000
419.999311	__gene_K_rbs	71.000000	0.000000	0.000000
419.999311	__ribosome	0.000000	0.000000	0.000000
419.999311	bound_ecolipol	1896.000000	0.000000	0.000000
419.999311	bound_ribosome	100.000000	0.000000	0.000000
419.999311	ecoli_genome	104.000000	0.000000	0.000000
419.999311	ecoli_transcript	32113.000000	0.000000	0.000000
419.999311	ecolipol	50.000000	0.000000	0.000000
419.999311	gene_A	10.000000	6.000000	0.000000
419.999311	gene_A*	10.000000	6.000000	0.000000
419.999311	gene_B	74.000000	74.000000	0.000000
419.999311	gene_C	61.000000	70.000000	0.000000
419.999311	gene_D	290.000000	299.000000	0.000000
419.999311	gene_E	236.000000	295.000000	0.003390
419.999311	gene_F	121.000000	203.000000	0.029557
419.999311	gene_G	26.000000	140.000000	0.107143
419.999311	gene_H	0.000000	100.000000	0.230000
419.999311	gene_J	116.000000	289.000000	0.190311
419.999311	gene_K	57.000000	71.000000	0.000000
419.999311	promoter_A	1.000000	0.000000	0.000000
419.999311	promoter_B1	1.000000	0.000000	0.000000
419.999311	promoter_D	0.000000	0.000000	0.000000
424.999558	__gene_A*_rbs	6.000000	0.000000	0.000000
424.999558	__gene_A_rbs	7.000000	0.000000	0.000000
424.999558	__gene_B_rbs	77.000000	0.000000	0.000000
424.999558	__gene_C_rbs	72.000000	0.000000	0.000000
424.999558	__gene_D_rbs	302.000000	0.000000	0.000000
424.999558	__gene_E_rbs	299.000000	0.000000	0.000000
424.999558	__gene_F_rbs	205.000000	0.000000	0.000000
424.999558	__gene_G_rbs	142.000000	0.000000	0.000000
424.999558	__gene_H_rbs	101.000000	0.000000	0.000000
424.999558	__gene_J_rbs	293.000000	0.000000	0.000000
424.999558	__gene_K_rbs	73.000000	0.000000	0.000000
424.999558	__ribosome	0.000000	0.000000	0.000000
424.999558	bound_ecolipol	1911.000000	0.000000	0.000000
424.999558	bound_ribosome	100.000000	0.000000	0.000000
424.999558	ecoli_genome	89.000000	0.000000	0.000000
424.999558	ecoli_transcript	32493.000000	0.000000	0.000000
424.999558	ecolipol	34.000000	0.000000	0.000000
424.999558	gene_A	10.000000	7.000000	0.000000
424.999558	gene_A*	10.000000	6.000000	0.000000
424.999558	gene_B	74.000000	77.000000	0.000000
424.999558	gene_C	61.000000	72.000000	0.000000
424.999558	gene_D	290.000000	302.000000	0.000000
424.999558	gene_E	236.000000	299.000000	0.003344
424.999558	gene_F	122.000000	205.000000	0.024390
424.999558	gene_G	26.000000	142.000000	0.105634
424.999558	gene_H	0.000000	101.000000	0.237624
424.999558	gene_J	116.000000	293.000000	0.187713
424.999558	gene_K	57.000000	73.000000	0.000000
424.999558	promoter_A	1.000000	0.000000	0.000000
424.999558	promoter_B1	0.000000	0.000000	0.000000
424.999558	promoter_D	0.000000	0.000000	0.000000
429.999087	__gene_A*_rbs	6.000000	0.000000	0.000000
429.999087	__gene_A_rbs	7.000000	0.000000	0.000000
429.999087	__gene_B_rbs	79.000000	0.000000	0.000000
429.999087	__gene_C_rbs	74.000000	0.000000	0.000000
429.999087	__gene_D_rbs	306.000000	0.000000	0.000000
429.999087	__gene_E_rbs	302.000000	0.000000	0.000000
429.999087	__gene_F_rbs	207.000000	0.000000	0.000000
429.999087	__gene_G_rbs	144.000000	0.000000	0.000000
429.999087	__gene_H_rbs	102.000000	0.000000	0.000000
429.999087	__gene_J_rbs	296.000000	0.000000	0.000000
429.999087	__gene_K_rbs	74.000000	0.000000	0.000000
429.999087	__ribosome	0.000000	0.000000	0.000000
429.999087	bound_ecolipol	1888.000000	0.000000	0.000000
429.999087	bound_ribosome	100.000000	0.000000	0.000000
429.999087	ecoli_genome	112.000000	0.000000	0.000000
429.999087	ecoli_transcript	32832.000000	0.000000	0.000000
429.999087	ecolipol	60.000000	0.000000	0.000000
429.999087	gene_A	10.000000	7.000000	0.000000
429.999087	gene_A*	10.000000	6.000000	0.000000
429.999087	gene_B	74.000000	79.000000	0.000000
429.999087	gene_C	61.000000	74.000000	0.000000
429.999087	gene_D	290.000000	306.000000	0.003268
429.999087	gene_E	237.000000	302.000000	0.000000
429.999087	gene_F	124.000000	207.000000	0.014493
429.999087	gene_G	26.000000	144.000000	0.104167
429.999087	gene_H	0.000000	102.000000	0.235294
429.999087	gene_J	116.000000	296.000000	0.192568
429.999087	gene_K	57.000000	74.000000	0.000000
429.999087	promoter_A	1.000000	0.000000	0.000000
429.999087	promoter_B1	0.000000	0.000000	0.000000
429.999087	promoter_D	0.000000	0.000000	0.000000
434.999043	__gene_A*_rbs	6.000000	0.000000	0.000000
434.999043	__gene_A_rbs	7.000000	0.000000	0.000000
434.999043	__gene_B_rbs	80.000000	0.000000	0.000000
434.999043	__gene_C_rbs	76.000000	0.000000	0.000000
434.999043	__gene_D_rbs	310.000000	0.000000	0.000000
434.999043	__gene_E_rbs	305.000000	0.000000	0.000000
434.999043	__gene_F_rbs	209.000000	0.000000	0.000000
434.999043	__gene_G_rbs	146.000000	0.000000	0.000000
434.999043	__gene_H_rbs	103.000000	0.000000	0.000000
434.999043	__gene_J_rbs	300.000000	0.000000	0.000000
434.999043	__gene_K_rbs	77.000000	0.000000	0.000000
434.999043	__ribosome	0.000000	0.000000	0.000000
434.999043	bound_ecolipol	1897.000000	0.000000	0.000000
434.999043	bound_ribosome	100.000000	0.000000	0.000000
434.999043	ecoli_genome	103.000000	0.000000	0.000000
434.999043	ecoli_transcript	33233.000000	0.000000	0.000000
434.999043	ecolipol	52.000000	0.000000	0.000000
434.999043	gene_A	10.000000	7.000000	0.000000
434.999043	gene_A*	10.000000	6.000000	0.000000
434.999043	gene_B	74.000000	80.000000	0.000000
434.999043	gene_C	61.000000	76.000000	0.000000
434.999043	gene_D	290.000000	310.000000	0.003226
434.999043	gene_E	237.000000	305.000000	0.000000
434.999043	gene_F	124.000000	209.000000	0.014354
434.999043	gene_G	26.000000	146.000000	0.102740
434.999043	gene_H	0.000000	103.000000	0.242718
434.999043	gene_J	117.000000	300.000000	0.186667
434.999043	gene_K	57.000000	77.000000	0.000000
434.999043	promoter_A	1.000000	0.000000	0.000000
434.999043	promoter_B1	0.000000	0.000000	0.000000
434.999043	promoter_D	0.000000	0.000000	0.000000
439.999133	__gene_A*_rbs	7.000000	0.000000	0.000000
439.999133	__gene_A_rbs	7.000000	0.000000	0.000000
439.999133	__gene_B_rbs	82.000000	0.000000	0.000000
439.999133	__gene_C_rbs	78.000000	0.000000	0.000000
439.999133	__gene_D_rbs	313.000000	0.000000	0.000000
439.999133	__gene_E_rbs	309.000000	0.000000	0.000000
439.999133	__gene_F_rbs	211.000000	0.000000	0.000000
439.999133	__gene_G_rbs	148.000000	0.000000	0.000000
439.999133	__gene_H_rbs	104.000000	0.000000	0.000000
439.999133	__gene_J_rbs	303.000000	0.000000	0.000000
439.999133	__gene_K_rbs	79.000000	0.000000	0.000000
439.999133	__ribosome	0.000000	0.000000	0.000000
439.999133	bound_ecolipol	1908.000000	0.000000	0.000000
439.999133	bound_ribosome	100.000000	0.000000	0.000000
439.999133	ecoli_genome	92.000000	0.000000	0.000000
439.999133	ecoli_transcript	33615.000000	0.000000	0.000000
439.999133	ecolipol	44.000000	0.000000	0.000000
439.999133	gene_A	10.000000	7.000000	0.000000
439.999133	gene_A*	10.000000	7.000000	0.000000
439.999133	gene_B	74.000000	82.000000	0.000000
439.999133	gene_C	61.000000	78.000000	0.000000
439.999133	gene_D	290.000000	313.000000	0.003195
439.999133	gene_E	237.000000	309.000000	0.000000
439.999133	gene_F	124.000000	211.000000	0.014218
439.999133	gene_G	26.000000	148.000000	0.101351
439.999133	gene_H	0.000000	104.000000	0.240385
439.999133	gene_J	117.000000	303.000000	0.184818
439.999133	gene_K	57.000000	79.000000	0.000000
439.999133	promoter_A	1.000000	0.000000	0.000000
439.999133	promoter_B1	1.000000	0.000000	0.000000
439.999133	promoter_D	0.000000	0.000000	0.000000
444.999083	__gene_A*_rbs	7.000000	0.000000	0.000000
444.999083	__gene_A_rbs	7.000000	0.000000	0.000000
444.999083	__gene_B_rbs	83.000000	0.000000	0.000000
444.999083	__gene_C_rbs	80.000000	0.000000	0.000000
444.999083	__gene_D_rbs	316.000000	0.000000	0.000000
444.999083	__gene_E_rbs	312.000000	0.000000	0.000000
444.999083	__gene_F_rbs	212.000000	0.000000	0.000000
444.999083	__gene_G_rbs	151.000000	0.000000	0.000000
444.999083	__gene_H_rbs	106.000000	0.000000	0.000000
444.999083	__gene_J_rbs	307.000000	0.000000	0.000000
444.999083	__gene_K_rbs	80.000000	0.000000	0.000000
444.999083	__ribosome	0.000000	0.000000	0.000000
444.999083	bound_ecolipol	1899.000000	0.000000	0.000000
444.999083	bound_ribosome	100.000000	0.000000	0.000000
444.999083	ecoli_genome	101.000000	0.000000	0.000000
444.999083	ecoli_transcript	33985.000000	0.000000	0.000000
444.999083	ecolipol	52.000000	0.000000	0.000000
444.999083	gene_A	10.000000	7.000000	0.000000
444.999083	gene_A*	10.000000	7.000000	0.000000
444.999083	gene_B	74.000000	83.000000	0.000000
444.999083	gene_C	61.000000	80.000000	0.000000
444.999083	gene_D	291.000000	316.000000	0.000000
444.999083	gene_E	237.000000	312.000000	0.003205
444.999083	gene_F	126.000000	212.000000	0.004717
444.999083	gene_G	26.000000	151.000000	0.112583
444.999083	gene_H	0.000000	106.000000	0.235849
444.999083	gene_J	117.000000	307.000000	0.182410
444.999083	gene_K	57.000000	80.000000	0.000000
444.999083	promoter_A	1.000000	0.000000	0.000000
444.999083	promoter_B1	1.000000	0.000000	0.000000
444.999083	promoter_D	0.000000	0.000000	0.000000
449.999232	__gene_A*_rbs	7.000000	0.000000	0.000000
449.999232	__gene_A_rbs	7.000000	0.000000	0.000000
449.999232	__gene_B_rbs	84.000000	0.000000	0.000000
449.999232	__gene_C_rbs	81.000000	0.000000	0.000000
449.999232	__gene_D_rbs	319.000000	0.000000	0.000000
449.999232	__gene_E_rbs	316.000000	0.000000	0.000000
449.999232	__gene_F_rbs	215.000000	0.000000	0.000000
449.999232	__gene_G_rbs	153.000000	0.000000	0.000000
449.999232	__gene_H_rbs	107.000000	0.000000	0.000000
449.999232	__gene_J_rbs	310.000000	0.000000	0.000000
449.999232	__gene_K_rbs	82.000000	0.000000	0.000000
449.999232	__ribosome	0.000000	0.000000	0.000000
449.999232	bound_ecolipol	1905.000000	0.000000	0.000000
449.999232	bound_ribosome	100.000000	0.000000	0.000000
449.999232	ecoli_genome	95.000000	0.000000	0.000000
449.999232	ecoli_transcript	34367.000000	0.000000	0.000000
449.999232	ecolipol	48.000000	0.000000	0.000000
449.999232	gene_A	10.000000	7.000000	0.000000
449.999232	gene_A*	10.000000	7.000000	0.000000
449.999232	gene_B	74.000000	84.000000	0.000000
449.999232	gene_C	61.000000	81.000000	0.000000
449.999232	gene_D	291.000000	319.000000	0.000000
449.999232	gene_E	237.000000	316.000000	0.003165
449.999232	gene_F	127.000000	215.000000	0.004651
449.999232	gene_G	26.000000	153.000000	0.111111
449.999232	gene_H	0.000000	107.000000	0.233645
449.999232	gene_J	117.000000	310.000000	0.180645
449.999232	gene_K	57.000000	82.000000	0.000000
449.999232	promoter_A	1.000000	0.000000	0.000000
449.999232	promoter_B1	0.000000	0.000000	0.000000
449.999232	promoter_D	0.000000	0.000000	0.000000
454.999051	__gene_A*_rbs	7.000000	0.000000	0.000000
454.999051	__gene_A_rbs	7.000000	0.000000	0.000000
454.999051	__gene_B_rbs	85.000000	0.000000	0.000000
454.999051	__gene_C_rbs	83.000000	0.000000	0.000000
454.999051	__gene_D_rbs	323.000000	0.000000	0.000000
454.999051	__gene_E_rbs	319.000000	0.000000	0.000000
454.999051	__gene_F_rbs	217.000000	0.000000	0.000000
454.999051	__gene_G_rbs	156.000000	0.000000	0.000000
454.999051	__gene_H_rbs	108.000000	0.000000	0.000000
454.999051	__gene_J_rbs	313.000000	0.000000	0.000000
454.999051	__gene_K_rbs	83.000000	0.000000	0.000000
454.999051	__ribosome	0.000000	0.000000	0.000000
454.999051	bound_ecolipol	1892.000000	0.000000	0.000000
454.999051	bound_ribosome	100.000000	0.000000	0.000000
454.999051	ecoli_genome	108.000000	0.000000	0.000000
454.999051	ecoli_transcript	34740.000000	0.000000	0.000000
454.999051	ecolipol	57.000000	0.000000	0.000000
454.999051	gene_A	10.000000	7.000000	0.000000
454.999051	gene_A*	10.000000	7.000000	0.000000
454.999051	gene_B	74.000000	85.000000	0.000000
454.999051	gene_C	61.000000	83.000000	0.000000
454.999051	gene_D	291.000000	323.000000	0.000000
454.999051	gene_E	238.000000	319.000000	0.000000
454.999051	gene_F	127.000000	217.000000	0.009217
454.999051	gene_G	26.000000	156.000000	0.108974
454.999051	gene_H	0.000000	108.000000	0.231481
454.999051	gene_J	117.000000	313.000000	0.178914
454.999051	gene_K	57.000000	83.000000	0.000000
454.999051	promoter_A	1.000000	0.000000	0.000000
454.999051	promoter_B1	0.000000	0.000000	0.000000
454.999051	promoter_D	0.000000	0.000000	0.000000
459.999048	__gene_A*_rbs	7.000000	0.000000	0.000000
459.999048	__gene_A_rbs	7.000000	0.000000	0.000000
459.999048	__gene_B_rbs	87.000000	0.000000	0.000000
459.999048	__gene_C_rbs	83.000000	0.000000	0.000000
459.999048	__gene_D_rbs	325.000000	0.000000	0.000000
459.999048	__gene_E_rbs	322.000000	0.000000	0.000000
459.999048	__gene_F_rbs	220.000000	0.000000	0.000000
459.999048	__gene_G_rbs	157.000000	0.000000	0.000000
459.999048	__gene_H_rbs	110.000000	0.000000	0.000000
459.999048	__gene_J_rbs	317.000000	0.000000	0.000000
459.999048	__gene_K_rbs	84.000000	0.000000	0.000000
459.999048	__ribosome	0.000000	0.000000	0.000000
459.999048	bound_ecolipol	1901.000000	0.000000	0.000000
459.999048	bound_ribosome	100.000000	0.000000	0.000000
459.999048	ecoli_genome	99.000000	0.000000	0.000000
459.999048	ecoli_transcript	35166.000000	0.000000	0.000000
459.999048	ecolipol	49.000000	0.000000	0.000000
459.999048	gene_A	10.000000	7.000000	0.000000
459.999048	gene_A*	10.000000	7.000000	0.000000
459.999048	gene_B	74.000000	87.000000	0.000000
459.999048	gene_C	61.000000	83.000000	0.000000
459.999048	gene_D	291.000000	325.000000	0.000000
459.999048	gene_E	238.000000	322.000000	0.003106
459.999048	gene_F	127.000000	220.000000	0.009091
459.999048	gene_G	27.000000	157.000000	0.101911
459.999048	gene_H	0.000000	110.000000	0.227273
459.999048	gene_J	117.000000	317.000000	0.176656
459.999048	gene_K	57.000000	84.000000	0.000000
459.999048	promoter_A	1.000000	0.000000	0.000000
459.999048	promoter_B1	1.000000	0.000000	0.000000
459.999048	promoter_D	0.000000	0.000000	0.000000
464.999039	__gene_A*_rbs	7.000000	0.000000	0.000000
464.999039	__gene_A_rbs	7.000000	0.000000	0.000000
464.999039	__gene_B_rbs	88.000000	0.000000	0.000000
464.999039	__gene_C_rbs	85.000000	0.000000	0.000000
464.999039	__gene_D_rbs	329.000000	0.000000	0.000000
464.999039	__gene_E_rbs	325.000000	0.000000	0.000000
464.999039	__gene_F_rbs	221.000000	0.000000	0.000000
464.999039	__gene_G_rbs	158.000000	0.000000	0.000000
464.999039	__gene_H_rbs	112.000000	0.000000	0.000000
464.999039	__gene_J_rbs	320.000000	0.000000	0.000000
464.999039	__gene_K_rbs	85.000000	0.000000	0.000000
464.999039	__ribosome	0.000000	0.000000	0.000000
464.999039	bound_ecolipol	1894.000000	0.000000	0.000000
464.999039	bound_ribosome	100.000000	0.000000	0.000000
464.999039	ecoli_genome	106.000000	0.000000	0.000000
464.999039	ecoli_transcript	35552.000000	0.000000	0.000000
464.999039	ecolipol	55.000000	0.000000	0.000000
464.999039	gene_A	10.000000	7.000000	0.000000
464.999039	gene_A*	10.000000	7.000000	0.000000
464.999039	gene_B	74.000000	88.000000	0.000000
464.999039	gene_C	61.000000	85.000000	0.000000
464.999039	gene_D	291.000000	329.000000	0.000000
464.999039	gene_E	238.000000	325.000000	0.003077
464.999039	gene_F	127.000000	221.000000	0.009050
464.999039	gene_G	27.000000	158.000000	0.101266
464.999039	gene_H	0.000000	112.000000	0.223214
464.999039	gene_J	117.000000	320.000000	0.175000
464.999039	gene_K	57.000000	85.000000	0.000000
464.999039	promoter_A	1.000000	0.000000	0.000000
464.999039	promoter_B1	1.000000	0.000000	0.000000
464.999039	promoter_D	0.000000	0.000000	0.000000
469.999534	__gene_A*_rbs	7.000000	0.000000	0.000000
469.999534	__gene_A_rbs	7.000000	0.000000	0.000000
469.999534	__gene_B_rbs	90.000000	0.000000	0.000000
469.999534	__gene_C_rbs	86.000000	0.000000	0.000000
469.999534	__gene_D_rbs	332.000000	0.000000	0.000000
469.999534	__gene_E_rbs	328.000000	0.000000	0.000000
469.999534	__gene_F_rbs	223.000000	0.000000	0.000000
469.999534	__gene_G_rbs	160.000000	0.000000	0.000000
469.999534	__gene_H_rbs	115.000000	0.000000	0.000000
469.999534	__gene_J_rbs	323.000000	0.000000	0.000000
469.999534	__gene_K_rbs	87.000000	0.000000	0.000000
469.999534	__ribosome	0.000000	0.000000	0.000000
469.999534	bound_ecolipol	1908.000000	0.000000	0.000000
469.999534	bound_ribosome	100.000000	0.000000	0.000000
469.999534	ecoli_genome	92.000000	0.000000	0.000000
469.999534	ecoli_transcript	35903.000000	0.000000	0.000000
469.999534	ecolipol	44.000000	0.000000	0.000000
469.999534	gene_A	10.000000	7.000000	0.000000
469.999534	gene_A*	10.000000	7.000000	0.000000
469.999534	gene_B	74.000000	90.000000	0.000000
469.999534	gene_C	61.000000	86.000000	0.000000
469.999534	gene_D	291.000000	332.000000	0.003012
469.999534	gene_E	239.000000	328.000000	0.000000
469.999534	gene_F	127.000000	223.000000	0.008969
469.999534	gene_G	27.000000	160.000000	0.100000
469.999534	gene_H	0.000000	115.000000	0.217391
469.999534	gene_J	117.000000	323.000000	0.173375
469.999534	gene_K	57.000000	87.000000	0.000000
469.999534	promoter_A	1.000000	0.000000	0.000000
469.999534	promoter_B1	1.000000	0.000000	0.000000
469.999534	promoter_D	0.000000	0.000000	0.000000
474.999660	__gene_A*_rbs	7.000000	0.000000	0.000000
474.999660	__gene_A_rbs	7.000000	0.000000	0.000000
474.999660	__gene_B_rbs	91.000000	0.000000	0.000000
474.999660	__gene_C_rbs	88.000000	0.000000	0.000000
474.999660	__gene_D_rbs	336.000000	0.000000	0.000000
474.999660	__gene_E_rbs	332.000000	0.000000	0.000000
474.999660	__gene_F_rbs	225.000000	0.000000	0.000000
474.999660	__gene_G_rbs	161.000000	0.000000	0.000000
474.999660	__gene_H_rbs	116.000000	0.000000	0.000000
474.999660	__gene_J_rbs	326.000000	0.000000	0.000000
474.999660	__gene_K_rbs	88.000000	0.000000	0.000000
474.999660	__ribosome	0.000000	0.000000	0.000000
474.999660	bound_ecolipol	1901.000000	0.000000	0.000000
474.999660	bound_ribosome	100.000000	0.000000	0.000000
474.999660	ecoli_genome	99.000000	0.000000	0.000000
474.999660	ecoli_transcript	36289.000000	0.000000	0.000000
474.999660	ecolipol	50.000000	0.000000	0.000000
474.999660	gene_A	10.000000	7.000000	0.000000
474.999660	gene_A*	10.000000	7.000000	0.000000
474.999660	gene_B	74.000000	91.000000	0.000000
474.999660	gene_C	61.000000	88.000000	0.000000
474.999660	gene_D	291.000000	336.000000	0.002976
474.999660	gene_E	239.000000	332.000000	0.000000
474.999660	gene_F	127.000000	225.000000	0.008889
474.999660	gene_G	27.000000	161.000000	0.099379
474.999660	gene_H	0.000000	116.000000	0.215517
474.999660	gene_J	117.000000	326.000000	0.171779
474.999660	gene_K	57.000000	88.000000	0.000000
474.999660	promoter_A	1.000000	0.000000	0.000000
474.999660	promoter_B1	1.000000	0.000000	0.000000
474.999660	promoter_D	0.000000	0.000000	0.000000
479.999012	__gene_A*_rbs	7.000000	0.000000	0.000000
479.999012	__gene_A_rbs	7.000000	0.000000	0.000000
479.999012	__gene_B_rbs	91.000000	0.000000	0.000000
479.999012	__gene_C_rbs	89.000000	0.000000	0.000000
479.999012	__gene_D_rbs	340.000000	0.000000	0.000000
479.999012	__gene_E_rbs	335.000000	0.000000	0.000000
479.999012	__gene_F_rbs	227.000000	0.000000	0.000000
479.999012	__gene_G_rbs	162.000000	0.000000	0.000000
479.999012	__gene_H_rbs	117.000000	0.000000	0.000000
479.999012	__gene_J_rbs	329.000000	0.000000	0.000000
479.999012	__gene_K_rbs	90.000000	0.000000	0.000000
479.999012	__ribosome	0.000000	0.000000	0.000000
479.999012	bound_ecolipol	1917.000000	0.000000	0.000000
479.999012	bound_ribosome	100.000000	0.000000	0.000000
479.999012	ecoli_genome	83.000000	0.000000	0.000000
479.999012	ecoli_transcript	36640.000000	0.000000	0.000000
479.999012	ecolipol	34.000000	0.000000	0.000000
479.999012	gene_A	10.000000	7.000000	0.000000
479.999012	gene_A*	10.000000	7.000000	0.000000
479.999012	gene_B	74.000000	91.000000	0.000000
479.999012	gene_C	61.000000	89.000000	0.000000
479.999012	gene_D	291.000000	340.000000	0.002941
479.999012	gene_E	239.000000	335.000000	0.000000
479.999012	gene_F	127.000000	227.000000	0.008811
479.999012	gene_G	27.000000	162.000000	0.098765
479.999012	gene_H	0.000000	117.000000	0.213675
479.999012	gene_J	117.000000	329.000000	0.170213
479.999012	gene_K	57.000000	90.000000	0.000000
479.999012	promoter_A	1.000000	0.000000	0.000000
479.999012	promoter_B1	1.000000	0.000000	0.000000
479.999012	promoter_D	0.000000	0.000000	0.000000
484.999135	__gene_A*_rbs	7.000000	0.000000	0.000000
484.999135	__gene_A_rbs	7.000000	0.000000	0.000000
484.999135	__gene_B_rbs	92.000000	0.000000	0.000000
484.999135	__gene_C_rbs	90.000000	0.000000	0.000000
484.999135	__gene_D_rbs	343.000000	0.000000	0.000000
484.999135	__gene_E_rbs	339.000000	0.000000	0.000000
484.999135	__gene_F_rbs	230.000000	0.000000	0.000000
484.999135	__gene_G_rbs	164.000000	0.000000	0.000000
484.999135	__gene_H_rbs	119.000000	0.000000	0.000000
484.999135	__gene_J_rbs	332.000000	0.000000	0.000000
484.999135	__gene_K_rbs	91.000000	0.000000	0.000000
484.999135	__ribosome	0.000000	0.000000	0.000000
484.999135	bound_ecolipol	1898.000000	0.000000	0.000000
484.999135	bound_ribosome	100.000000	0.000000	0.000000
484.999135	ecoli_genome	102.000000	0.000000	0.000000
484.999135	ecoli_transcript	37027.000000	0.000000	0.000000
484.999135	ecolipol	52.000000	0.000000	0.000000
484.999135	gene_A	10.000000	7.000000	0.000000
484.999135	gene_A*	10.000000	7.000000	0.000000
484.999135	gene_B	74.000000	92.000000	0.000000
484.999135	gene_C	61.000000	90.000000	0.000000
484.999135	gene_D	292.000000	343.000000	0.000000
484.999135	gene_E	239.000000	339.000000	0.000000
484.999135	gene_F	127.000000	230.000000	0.008696
484.999135	gene_G	27.000000	164.000000	0.097561
484.999135	gene_H	0.000000	119.000000	0.218487
484.999135	gene_J	117.000000	332.000000	0.168675
484.999135	gene_K	57.000000	91.000000	0.000000
484.999135	promoter_A	1.000000	0.000000	0.000000
484.999135	promoter_B1	1.000000	0.000000	0.000000
484.999135	promoter_D	0.000000	0.000000	0.000000
489.999186	__gene_A*_rbs	7.000000	0.000000	0.000000
489.999186	__gene_A_rbs	7.000000	0.000000	0.000000
489.999186	__gene_B_rbs	93.000000	0.000000	0.000000
489.999186	__gene_C_rbs	91.000000	0.000000	0.000000
489.999186	__gene_D_rbs	347.000000	0.000000	0.000000
489.999186	__gene_E_rbs	343.000000	0.000000	0.000000
489.999186	__gene_F_rbs	231.000000	0.000000	0.000000
489.999186	__gene_G_rbs	167.000000	0.000000	0.000000
489.999186	__gene_H_rbs	120.000000	0.000000	0.000000
489.999186	__gene_J_rbs	336.000000	0.000000	0.000000
489.999186	__gene_K_rbs	91.000000	0.000000	0.000000
489.999186	__ribosome	0.000000	0.000000	0.000000
489.999186	bound_ecolipol	1906.000000	0.000000	0.000000
489.999186	bound_ribosome	100.000000	0.000000	0.000000
489.999186	ecoli_genome	94.000000	0.000000	0.000000
489.999186	ecoli_transcript	37415.000000	0.000000	0.000000
489.999186	ecolipol	45.000000	0.000000	0.000000
489.999186	gene_A	10.000000	7.000000	0.000000
489.999186	gene_A*	10.000000	7.000000	0.000000
489.999186	gene_B	74.000000	93.000000	0.000000
489.999186	gene_C	61.000000	91.000000	0.000000
489.999186	gene_D	292.000000	347.000000	0.000000
489.999186	gene_E	239.000000	343.000000	0.000000
489.999186	gene_F	127.000000	231.000000	0.008658
489.999186	gene_G	27.000000	167.000000	0.095808
489.999186	gene_H	0.000000	120.000000	0.216667
489.999186	gene_J	117.000000	336.000000	0.166667
489.999186	gene_K	57.000000	91.000000	0.000000
489.999186	promoter_A	1.000000	0.000000	0.000000
489.999186	promoter_B1	0.000000	0.000000	0.000000
489.999186	promoter_D	0.000000	0.000000	0.000000
494.999320	__gene_A*_rbs	7.000000	0.000000	0.000000
494.999320	__gene_A_rbs	7.000000	0.000000	0.000000
494.999320	__gene_B_rbs	94.000000	0.000000	0.000000
494.999320	__gene_C_rbs	91.000000	0.000000	0.000000
494.999320	__gene_D_rbs	350.000000	0.000000	0.000000
494.999320	__gene_E_rbs	345.000000	0.000000	0.000000
494.999320	__gene_F_rbs	232.000000	0.000000	0.000000
494.999320	__gene_G_rbs	169.000000	0.000000	0.000000
494.999320	__gene_H_rbs	120.000000	0.000000	0.000000
494.999320	__gene_J_rbs	340.000000	0.000000	0.000000
494.999320	__gene_K_rbs	92.000000	0.000000	0.000000
494.999320	__ribosome	0.000000	0.000000	0.000000
494.999320	bound_ecolipol	1898.000000	0.000000	0.000000
494.999320	bound_ribosome	100.000000	0.000000	0.000000
494.999320	ecoli_genome	102.000000	0.000000	0.000000
494.999320	ecoli_transcript	37814.000000	0.000000	0.000000
494.999320	ecolipol	55.000000	0.000000	0.000000
494.999320	gene_A	10.000000	7.000000	0.000000
494.999320	gene_A*	10.000000	7.000000	0.000000
494.999320	gene_B	74.000000	94.000000	0.000000
494.999320	gene_C	61.000000	91.000000	0.000000
494.999320	gene_D	292.000000	350.000000	0.000000
494.999320	gene_E	239.000000	346.000000	0.002890
494.999320	gene_F	129.000000	232.000000	0.000000
494.999320	gene_G	27.000000	169.000000	0.094675
494.999320	gene_H	0.000000	120.000000	0.216667
494.999320	gene_J	118.000000	340.000000	0.164706
494.999320	gene_K	57.000000	92.000000	0.010870
494.999320	promoter_A	1.000000	0.000000	0.000000
494.999320	promoter_B1	1.000000	0.000000	0.000000
494.999320	promoter_D	0.000000	0.000000	0.000000
499.999140	__gene_A*_rbs	7.000000	0.000000	0.000000
499.999140	__gene_A_rbs	7.000000	0.000000	0.000000
499.999140	__gene_B_rbs	96.000000	0.000000	0.000000
499.999140	__gene_C_rbs	93.000000	0.000000	0.000000
499.999140	__gene_D_rbs	353.000000	0.000000	0.000000
499.999140	__gene_E_rbs	350.000000	0.000000	0.000000
499.999140	__gene_F_rbs	236.000000	0.000000	0.000000
499.999140	__gene_G_rbs	171.000000	0.000000	0.000000
499.999140	__gene_H_rbs	120.000000	0.000000	0.000000
499.999140	__gene_J_rbs	344.000000	0.000000	0.000000
499.999140	__gene_K_rbs	93.000000	0.000000	0.000000
499.999140	__ribosome	0.000000	0.000000	0.000000
499.999140	bound_ecolipol	1895.000000	0.000000	0.000000
499.999140	bound_ribosome	100.000000	0.000000	0.000000
499.999140	ecoli_genome	105.000000	0.000000	0.000000
499.999140	ecoli_transcript	38219.000000	0.000000	0.000000
499.999140	ecolipol	55.000000	0.000000	0.000000
499.999140	gene_A	10.000000	7.000000	0.000000
499.999140	gene_A*	10.000000	7.000000	0.000000
499.999140	gene_B	74.000000	96.000000	0.000000
499.999140	gene_C	61.000000	93.000000	0.000000
499.999140	gene_D	292.000000	353.000000	0.000000
499.999140	gene_E	239.000000	350.000000	0.002857
499.999140	gene_F	129.000000	236.000000	0.000000
499.999140	gene_G	27.000000	171.000000	0.093567
499.999140	gene_H	0.000000	120.000000	0.216667
499.999140	gene_J	118.000000	344.000000	0.162791
499.999140	gene_K	57.000000	93.000000	0.010753
499.999140	promoter_A	1.000000	0.000000	0.000000
499.999140	promoter_B1	0.000000	0.000000	0.000000
499.999140	promoter_D	0.000000	0.000000	0.000000
504.999299	__gene_A*_rbs	7.000000	0.000000	0.000000
504.999299	__gene_A_rbs	7.000000	0.000000	0.000000
504.999299	__gene_B_rbs	97.000000	0.000000	0.000000
504.999299	__gene_C_rbs	93.000000	0.000000	0.000000
504.999299	__gene_D_rbs	357.000000	0.000000	0.000000
504.999299	__gene_E_rbs	353.000000	0.000000	0.000000
504.999299	__gene_F_rbs	240.000000	0.000000	0.000000
504.999299	__gene_G_rbs	172.000000	0.000000	0.000000
504.999299	__gene_H_rbs	121.000000	0.000000	0.000000
504.999299	__gene_J_rbs	347.000000	0.000000	0.000000
504.999299	__gene_K_rbs	94.000000	0.000000	0.000000
504.999299	__ribosome	1.000000	0.000000	0.000000
504.999299	bound_ecolipol	1913.000000	0.000000	0.000000
504.999299	bound_ribosome	100.000000	0.000000	0.000000
504.999299	ecoli_genome	87.000000	0.000000	0.000000
504.999299	ecoli_transcript	38575.000000	0.000000	0.000000
504.999299	ecolipol	40.000000	0.000000	0.000000
504.999299	gene_A	10.000000	7.000000	0.000000
504.999299	gene_A*	10.000000	7.000000	0.000000
504.999299	gene_B	74.000000	97.000000	0.000000
504.999299	gene_C	61.000000	93.000000	0.000000
504.999299	gene_D	292.000000	357.000000	0.002801
504.999299	gene_E	240.000000	353.000000	0.000000
504.999299	gene_F	129.000000	240.000000	0.000000
504.999299	gene_G	27.000000	172.000000	0.093023
504.999299	gene_H	0.000000	121.000000	0.214876
504.999299	gene_J	119.000000	347.000000	0.161383
504.999299	gene_K	58.000000	94.000000	0.000000
504.999299	promoter_A	1.000000	0.000000	0.000000
504.999299	promoter_B1	1.000000	0.000000	0.000000
504.999299	promoter_D	0.000000	0.000000	0.000000
509.999182	__gene_A*_rbs	7.000000	0.000000	0.000000
509.999182	__gene_A_rbs	7.000000	0.000000	0.000000
509.999182	__gene_B_rbs	98.000000	0.000000	0.000000
509.999182	__gene_C_rbs	95.000000	0.000000	0.000000
509.999182	__gene_D_rbs	360.000000	0.000000	0.000000
509.999182	__gene_E_rbs	355.000000	0.000000	0.000000
509.999182	__gene_F_rbs	242.000000	0.000000	0.000000
509.999182	__gene_G_rbs	173.000000	0.000000	0.000000
509.999182	__gene_H_rbs	122.000000	0.000000	0.000000
509.999182	__gene_J_rbs	351.000000	0.000000	0.000000
509.999182	__gene_K_rbs	96.000000	0.000000	0.000000
509.999182	__ribosome	0.000000	0.000000	0.000000
509.999182	bound_ecolipol	1902.000000	0.000000	0.000000
509.999182	bound_ribosome	100.000000	0.000000	0.000000
509.999182	ecoli_genome	98.000000	0.000000	0.000000
509.999182	ecoli_transcript	38961.000000	0.000000	0.000000
509.999182	ecolipol	54.000000	0.000000	0.000000
509.999182	gene_A	10.000000	7.000000	0.000000
509.999182	gene_A*	10.000000	7.000000	0.000000
509.999182	gene_B	74.000000	98.000000	0.000000
509.999182	gene_C	61.000000	95.000000	0.000000
509.999182	gene_D	292.000000	360.000000	0.002778
509.999182	gene_E	240.000000	356.000000	0.000000
509.999182	gene_F	129.000000	242.000000	0.000000
509.999182	gene_G	27.000000	173.000000	0.092486
509.999182	gene_H	0.000000	122.000000	0.213115
509.999182	gene_J	119.000000	351.000000	0.162393
509.999182	gene_K	58.000000	96.000000	0.000000
509.999182	promoter_A	1.000000	0.000000	0.000000
509.999182	promoter_B1	1.000000	0.000000	0.000000
509.999182	promoter_D	0.000000	0.000000	0.000000
514.999208	__gene_A*_rbs	7.000000	0.000000	0.000000
514.999208	__gene_A_rbs	7.000000	0.000000	0.000000
514.999208	__gene_B_rbs	98.000000	0.000000	0.000000
514.999208	__gene_C_rbs	96.000000	0.000000	0.000000
514.999208	__gene_D_rbs	363.000000	0.000000	0.000000
514.999208	__gene_E_rbs	359.000000	0.000000	0.000000
514.999208	__gene_F_rbs	244.000000	0.000000	0.000000
514.999208	__gene_G_rbs	175.000000	0.000000	0.000000
514.999208	__gene_H_rbs	124.000000	0.000000	0.000000
514.999208	__gene_J_rbs	354.000000	0.000000	0.000000
514.999208	__gene_K_rbs	97.000000	0.000000	0.000000
514.999208	__ribosome	0.000000	0.000000	0.000000
514.999208	bound_ecolipol	1907.000000	0.000000	0.000000
514.999208	bound_ribosome	100.000000	0.000000	0.000000
514.999208	ecoli_genome	93.000000	0.000000	0.000000
514.999208	ecoli_transcript	39338.000000	0.000000	0.000000
514.999208	ecolipol	49.000000	0.000000	0.000000
514.999208	gene_A	10.000000	7.000000	0.000000
514.999208	gene_A*	10.000000	7.000000	0.000000
514.999208	gene_B	74.000000	98.000000	0.000000
514.999208	gene_C	61.000000	96.000000	0.000000
514.999208	gene_D	292.000000	363.000000	0.002755
514.999208	gene_E	240.000000	359.000000	0.000000
514.999208	gene_F	129.000000	244.000000	0.000000
514.999208	gene_G	27.000000	175.000000	0.091429
514.999208	gene_H	0.000000	124.000000	0.209677
514.999208	gene_J	119.000000	354.000000	0.161017
514.999208	gene_K	58.000000	97.000000	0.000000
514.999208	promoter_A	1.000000	0.000000	0.000000
514.999208	promoter_B1	1.000000	0.000000	0.000000
514.999208	promoter_D	0.000000	0.000000	0.000000
519.999041	__gene_A*_rbs	7.000000	0.000000	0.000000
519.999041	__gene_A_rbs	7.000000	0.000000	0.000000
519.999041	__gene_B_rbs	98.000000	0.000000	0.000000
519.999041	__gene_C_rbs	98.000000	0.000000	0.000000
519.999041	__gene_D_rbs	367.000000	0.000000	0.000000
519.999041	__gene_E_rbs	363.000000	0.000000	0.000000
519.999041	__gene_F_rbs	245.000000	0.000000	0.000000
519.999041	__gene_G_rbs	176.000000	0.000000	0.000000
519.999041	__gene_H_rbs	124.000000	0.000000	0.000000
519.999041	__gene_J_rbs	357.000000	0.000000	0.000000
519.999041	__gene_K_rbs	98.000000	0.000000	0.000000
519.999041	__ribosome	0.000000	0.000000	0.000000
519.999041	bound_ecolipol	1903.000000	0.000000	0.000000
519.999041	bound_ribosome	100.000000	0.000000	0.000000
519.999041	ecoli_genome	97.000000	0.000000	0.000000
519.999041	ecoli_transcript	39733.000000	0.000000	0.000000
519.999041	ecolipol	53.000000	0.000000	0.000000
519.999041	gene_A	10.000000	7.000000	0.000000
519.999041	gene_A*	10.000000	7.000000	0.000000
519.999041	gene_B	74.000000	98.000000	0.000000
519.999041	gene_C	61.000000	98.000000	0.000000
519.999041	gene_D	293.000000	367.000000	0.000000
519.999041	gene_E	240.000000	363.000000	0.000000
519.999041	gene_F	129.000000	246.000000	0.004065
519.999041	gene_G	27.000000	176.000000	0.090909
519.999041	gene_H	0.000000	124.000000	0.209677
519.999041	gene_J	119.000000	357.000000	0.159664
519.999041	gene_K	58.000000	98.000000	0.000000
519.999041	promoter_A	1.000000	0.000000	0.000000
519.999041	promoter_B1	1.000000	0.000000	0.000000
519.999041	promoter_D	0.000000	0.000000	0.000000
524.999247	__gene_A*_rbs	7.000000	0.000000	0.000000
524.999247	__gene_A_rbs	7.000000	0.000000	0.000000
524.999247	__gene_B_rbs	99.000000	0.000000	0.000000
524.999247	__gene_C_rbs	98.000000	0.000000	0.000000
524.999247	__gene_D_rbs	370.000000	0.000000	0.000000
524.999247	__gene_E_rbs	366.000000	0.000000	0.000000
524.999247	__gene_F_rbs	249.000000	0.000000	0.000000
524.999247	__gene_G_rbs	178.000000	0.000000	0.000000
524.999247	__gene_H_rbs	126.000000	0.000000	0.000000
524.999247	__gene_J_rbs	360.000000	0.000000	0.000000
524.999247	__gene_K_rbs	98.000000	0.000000	0.000000
524.999247	__ribosome	0.000000	0.000000	0.000000
524.999247	bound_ecolipol	1907.000000	0.000000	0.000000
524.999247	bound_ribosome	100.000000	0.000000	0.000000
524.999247	ecoli_genome	93.000000	0.000000	0.000000
524.999247	ecoli_transcript	40120.000000	0.000000	0.000000
524.999247	ecolipol	47.000000	0.000000	0.000000
524.999247	gene_A	10.000000	7.000000	0.000000
524.999247	gene_A*	10.000000	7.000000	0.000000
524.999247	gene_B	74.000000	99.000000	0.000000
524.999247	gene_C	61.000000	98.000000	0.000000
524.999247	gene_D	293.000000	370.000000	0.000000
524.999247	gene_E	240.000000	366.000000	0.000000
524.999247	gene_F	129.000000	249.000000	0.004016
524.999247	gene_G	27.000000	178.000000	0.089888
524.999247	gene_H	0.000000	126.000000	0.206349
524.999247	gene_J	119.000000	360.000000	0.158333
524.999247	gene_K	58.000000	98.000000	0.000000
524.999247	promoter_A	1.000000	0.000000	0.000000
524.999247	promoter_B1	1.000000	0.000000	0.000000
524.999247	promoter_D	0.000000	0.000000	0.000000
529.999116	__gene_A*_rbs	7.000000	0.000000	0.000000
529.999116	__gene_A_rbs	7.000000	0.000000	0.000000
529.999116	__gene_B_rbs	100.000000	0.000000	0.000000
529.999116	__gene_C_rbs	98.000000	0.000000	0.000000
529.999116	__gene_D_rbs	374.000000	0.000000	0.000000
529.999116	__gene_E_rbs	370.000000	0.000000	0.000000
529.999116	__gene_F_rbs	250.000000	0.000000	0.000000
529.999116	__gene_G_rbs	180.000000	0.000000	0.000000
529.999116	__gene_H_rbs	128.000000	0.000000	0.000000
529.999116	__gene_J_rbs	364.000000	0.000000	0.000000
529.999116	__gene_K_rbs	98.000000	0.000000	0.000000
529.999116	__ribosome	0.000000	0.000000	0.000000
529.999116	bound_ecolipol	1888.000000	0.000000	0.000000
529.999116	bound_ribosome	100.000000	0.000000	0.000000
529.999116	ecoli_genome	112.000000	0.000000	0.000000
529.999116	ecoli_transcript	40491.000000	0.000000	0.000000
529.999116	ecolipol	63.000000	0.000000	0.000000
529.999116	gene_A	10.000000	7.000000	0.000000
529.999116	gene_A*	10.000000	7.000000	0.000000
529.999116	gene_B	74.000000	100.000000	0.000000
529.999116	gene_C	61.000000	98.000000	0.000000
529.999116	gene_D	293.000000	374.000000	0.000000
529.999116	gene_E	240.000000	370.000000	0.000000
529.999116	gene_F	129.000000	250.000000	0.004000
529.999116	gene_G	27.000000	180.000000	0.088889
529.999116	gene_H	0.000000	128.000000	0.203125
529.999116	gene_J	119.000000	364.000000	0.156593
529.999116	gene_K	58.000000	98.000000	0.000000
529.999116	promoter_A	1.000000	0.000000	0.000000
529.999116	promoter_B1	1.000000	0.000000	0.000000
529.999116	promoter_D	0.000000	0.000000	0.000000
534.999220	__gene_A*_rbs	7.000000	0.000000	0.000000
534.999220	__gene_A_rbs	7.000000	0.000000	0.000000
534.999220	__gene_B_rbs	101.000000	0.000000	0.000000
534.999220	__gene_C_rbs	99.000000	0.000000	0.000000
534.999220	__gene_D_rbs	378.000000	0.000000	0.000000
534.999220	__gene_E_rbs	374.000000	0.000000	0.000000
534.999220	__gene_F_rbs	252.000000	0.000000	0.000000
534.999220	__gene_G_rbs	181.000000	0.000000	0.000000
534.999220	__gene_H_rbs	128.000000	0.000000	0.000000
534.999220	__gene_J_rbs	368.000000	0.000000	0.000000
534.999220	__gene_K_rbs	99.000000	0.000000	0.000000
534.999220	__ribosome	0.000000	0.000000	0.000000
534.999220	bound_ecolipol	1902.000000	0.000000	0.000000
534.999220	bound_ribosome	100.000000	0.000000	0.000000
534.999220	ecoli_genome	98.000000	0.000000	0.000000
534.999220	ecoli_transcript	40884.000000	0.000000	0.000000
534.999220	ecolipol	47.000000	0.000000	0.000000
534.999220	gene_A	10.000000	7.000000	0.000000
534.999220	gene_A*	10.000000	7.000000	0.000000
534.999220	gene_B	74.000000	101.000000	0.000000
534.999220	gene_C	61.000000	99.000000	0.000000
534.999220	gene_D	293.000000	378.000000	0.000000
534.999220	gene_E	240.000000	374.000000	0.000000
534.999220	gene_F	129.000000	252.000000	0.003968
534.999220	gene_G	27.000000	181.000000	0.088398
534.999220	gene_H	0.000000	128.000000	0.203125
534.999220	gene_J	119.000000	368.000000	0.154891
534.999220	gene_K	58.000000	99.000000	0.000000
534.999220	promoter_A	0.000000	0.000000	0.000000
534.999220	promoter_B1	1.000000	0.000000	0.000000
534.999220	promoter_D	0.000000	0.000000	0.000000
539.999007	__gene_A*_rbs	7.000000	0.000000	0.000000
539.999007	__gene_A_rbs	8.000000	0.000000	0.000000
539.999007	__gene_B_rbs	102.000000	0.000000	0.000000
539.999007	__gene_C_rbs	99.000000	0.000000	0.000000
539.999007	__gene_D_rbs	381.000000	0.000000	0.000000
539.999007	__gene_E_rbs	377.000000	0.000000	0.000000
539.999007	__gene_F_rbs	255.000000	0.000000	0.000000
539.999007	__gene_G_rbs	184.000000	0.000000	0.000000
539.999007	__gene_H_rbs	131.000000	0.000000	0.000000
539.999007	__gene_J_rbs	371.000000	0.000000	0.000000
539.999007	__gene_K_rbs	100.000000	0.000000	0.000000
539.999007	__ribosome	0.000000	0.000000	0.000000
539.999007	bound_ecolipol	1893.000000	0.000000	0.000000
539.999007	bound_ribosome	100.000000	0.000000	0.000000
539.999007	ecoli_genome	107.000000	0.000000	0.000000
539.999007	ecoli_transcript	41258.000000	0.000000	0.000000
539.999007	ecolipol	54.000000	0.000000	0.000000
539.999007	gene_A	10.000000	8.000000	0.000000
539.999007	gene_A*	10.000000	7.000000	0.000000
539.999007	gene_B	74.000000	102.000000	0.000000
539.999007	gene_C	61.000000	99.000000	0.000000
539.999007	gene_D	293.000000	381.000000	0.000000
539.999007	gene_E	240.000000	377.000000	0.000000
539.999007	gene_F	129.000000	255.000000	0.003922
539.999007	gene_G	27.000000	184.000000	0.086957
539.999007	gene_H	0.000000	131.000000	0.198473
539.999007	gene_J	119.000000	371.000000	0.153639
539.999007	gene_K	58.000000	100.000000	0.000000
539.999007	promoter_A	1.000000	0.000000	0.000000
539.999007	promoter_B1	1.000000	0.000000	0.000000
539.999007	promoter_D	0.000000	0.000000	0.000000
544.999390	__gene_A*_rbs	7.000000	0.000000	0.000000
544.999390	__gene_A_rbs	8.000000	0.000000	0.000000
544.999390	__gene_B_rbs	102.000000	0.000000	0.000000
544.999390	__gene_C_rbs	100.000000	0.000000	0.000000
544.999390	__gene_D_rbs	385.000000	0.000000	0.000000
544.999390	__gene_E_rbs	381.000000	0.000000	0.000000
544.999390	__gene_F_rbs	258.000000	0.000000	0.000000
544.999390	__gene_G_rbs	187.000000	0.000000	0.000000
544.999390	__gene_H_rbs	132.000000	0.000000	0.000000
544.999390	__gene_J_rbs	375.000000	0.000000	0.000000
544.999390	__gene_K_rbs	101.000000	0.000000	0.000000
544.999390	__ribosome	0.000000	0.000000	0.000000
544.999390	bound_ecolipol	1895.000000	0.000000	0.000000
544.999390	bound_ribosome	100.000000	0.000000	0.000000
544.999390	ecoli_genome	105.000000	0.000000	0.000000
544.999390	ecoli_transcript	41625.000000	0.000000	0.000000
544.999390	ecolipol	50.000000	0.000000	0.000000
544.999390	gene_A	10.000000	8.000000	0.000000
544.999390	gene_A*	10.000000	7.000000	0.000000
544.999390	gene_B	74.000000	102.000000	0.000000
544.999390	gene_C	61.000000	100.000000	0.000000
544.999390	gene_D	293.000000	385.000000	0.000000
544.999390	gene_E	240.000000	381.000000	0.000000
544.999390	gene_F	129.000000	258.000000	0.003876
544.999390	gene_G	27.000000	187.000000	0.085561
544.999390	gene_H	0.000000	132.000000	0.196970
544.999390	gene_J	119.000000	375.000000	0.152000
544.999390	gene_K	58.000000	101.000000	0.000000
544.999390	promoter_A	1.000000	0.000000	0.000000
544.999390	promoter_B1	1.000000	0.000000	0.000000
544.999390	promoter_D	0.000000	0.000000	0.000000
549.999037	__gene_A*_rbs	7.000000	0.000000	0.000000
549.999037	__gene_A_rbs	8.000000	0.000000	0.000000
549.999037	__gene_B_rbs	104.000000	0.000000	0.000000
549.999037	__gene_C_rbs	102.000000	0.000000	0.000000
549.999037	__gene_D_rbs	388.000000	0.000000	0.000000
549.999037	__gene_E_rbs	385.000000	0.000000	0.000000
549.999037	__gene_F_rbs	260.000000	0.000000	0.000000
549.999037	__gene_G_rbs	190.000000	0.000000	0.000000
549.999037	__gene_H_rbs	134.000000	0.000000	0.000000
549.999037	__gene_J_rbs	378.000000	0.000000	0.000000
549.999037	__gene_K_rbs	102.000000	0.000000	0.000000
549.999037	__ribosome	0.000000	0.000000	0.000000
549.999037	bound_ecolipol	1888.000000	0.000000	0.000000
549.999037	bound_ribosome	100.000000	0.000000	0.000000
549.999037	ecoli_genome	112.000000	0.000000	0.000000
549.999037	ecoli_transcript	42028.000000	0.000000	0.000000
549.999037	ecolipol	56.000000	0.000000	0.000000
549.999037	gene_A	10.000000	8.000000	0.000000
549.999037	gene_A*	10.000000	7.000000	0.000000
549.999037	gene_B	74.000000	104.000000	0.000000
549.999037	gene_C	61.000000	102.000000	0.000000
549.999037	gene_D	293.000000	388.000000	0.000000
549.999037	gene_E	240.000000	385.000000	0.000000
549.999037	gene_F	129.000000	260.000000	0.003846
549.999037	gene_G	27.000000	190.000000	0.084211
549.999037	gene_H	0.000000	134.000000	0.194030
549.999037	gene_J	119.000000	378.000000	0.150794
549.999037	gene_K	58.000000	102.000000	0.000000
549.999037	promoter_A	1.000000	0.000000	0.000000
549.999037	promoter_B1	0.000000	0.000000	0.000000
549.999037	promoter_D	0.000000	0.000000	0.000000
554.999373	__gene_A*_rbs	8.000000	0.000000	0.000000
554.999373	__gene_A_rbs	8.000000	0.000000	0.000000
554.999373	__gene_B_rbs	105.000000	0.000000	0.000000
554.999373	__gene_C_rbs	102.000000	0.000000	0.000000
554.999373	__gene_D_rbs	391.000000	0.000000	0.000000
554.999373	__gene_E_rbs	388.000000	0.000000	0.000000
554.999373	__gene_F_rbs	263.000000	0.000000	0.000000
554.999373	__gene_G_rbs	192.000000	0.000000	0.000000
554.999373	__gene_H_rbs	136.000000	0.000000	0.000000
554.999373	__gene_J_rbs	381.000000	0.000000	0.000000
554.999373	__gene_K_rbs	102.000000	0.000000	0.000000
554.999373	__ribosome	0.000000	0.000000	0.000000
554.999373	bound_ecolipol	1908.000000	0.000000	0.000000
554.999373	bound_ribosome	100.000000	0.000000	0.000000
554.999373	ecoli_genome	92.000000	0.000000	0.000000
554.999373	ecoli_transcript	42386.000000	0.000000	0.000000
554.999373	ecolipol	36.000000	0.000000	0.000000
554.999373	gene_A	10.000000	8.000000	0.000000
554.999373	gene_A*	10.000000	8.000000	0.000000
554.999373	gene_B	74.000000	105.000000	0.000000
554.999373	gene_C	61.000000	102.000000	0.000000
554.999373	gene_D	293.000000	391.000000	0.000000
554.999373	gene_E	240.000000	388.000000	0.000000
554.999373	gene_F	129.000000	263.000000	0.003802
554.999373	gene_G	27.000000	192.000000	0.083333
554.999373	gene_H	0.000000	136.000000	0.191176
554.999373	gene_J	119.000000	381.000000	0.149606
554.999373	gene_K	58.000000	102.000000	0.000000
554.999373	promoter_A	1.000000	0.000000	0.000000
554.999373	promoter_B1	0.000000	0.000000	0.000000
554.999373	promoter_D	0.000000	0.000000	0.000000
559.999439	__gene_A*_rbs	8.000000	0.000000	0.000000
559.999439	__gene_A_rbs	8.000000	0.000000	0.000000
559.999439	__gene_B_rbs	107.000000	0.000000	0.000000
559.999439	__gene_C_rbs	103.000000	0.000000	0.000000
559.999439	__gene_D_rbs	395.000000	0.000000	0.000000
559.999439	__gene_E_rbs	391.000000	0.000000	0.000000
559.999439	__gene_F_rbs	264.000000	0.000000	0.000000
559.999439	__gene_G_rbs	195.000000	0.000000	0.000000
559.999439	__gene_H_rbs	138.000000	0.000000	0.000000
559.999439	__gene_J_rbs	385.000000	0.000000	0.000000
559.999439	__gene_K_rbs	103.000000	0.000000	0.000000
559.999439	__ribosome	0.000000	0.000000	0.000000
559.999439	bound_ecolipol	1893.000000	0.000000	0.000000
559.999439	bound_ribosome	100.000000	0.000000	0.000000
559.999439	ecoli_genome	107.000000	0.000000	0.000000
559.999439	ecoli_transcript	42739.000000	0.000000	0.000000
559.999439	ecolipol	48.000000	0.000000	0.000000
559.999439	gene_A	10.000000	8.000000	0.000000
559.999439	gene_A*	10.000000	8.000000	0.000000
559.999439	gene_B	74.000000	107.000000	0.000000
559.999439	gene_C	61.000000	103.000000	0.000000
559.999439	gene_D	293.000000	395.000000	0.000000
559.999439	gene_E	240.000000	391.000000	0.000000
559.999439	gene_F	129.000000	264.000000	0.003788
559.999439	gene_G	27.000000	195.000000	0.082051
559.999439	gene_H	0.000000	138.000000	0.188406
559.999439	gene_J	119.000000	385.000000	0.148052
559.999439	gene_K	58.000000	103.000000	0.000000
559.999439	promoter_A	0.000000	0.000000	0.000000
559.999439	promoter_B1	0.000000	0.000000	0.000000
559.999439	promoter_D	0.000000	0.000000	0.000000
564.999153	__gene_A*_rbs	8.000000	0.000000	0.000000
564.999153	__gene_A_rbs	9.000000	0.000000	0.000000
564.999153	__gene_B_rbs	109.000000	0.000000	0.000000
564.999153	__gene_C_rbs	104.000000	0.000000	0.000000
564.999153	__gene_D_rbs	398.000000	0.000000	0.000000
564.999153	__gene_E_rbs	394.000000	0.000000	0.000000
564.999153	__gene_F_rbs	268.000000	0.000000	0.000000
564.999153	__gene_G_rbs	197.000000	0.000000	0.000000
564.999153	__gene_H_rbs	139.000000	0.000000	0.000000
564.999153	__gene_J_rbs	389.000000	0.000000	0.000000
564.999153	__gene_K_rbs	105.000000	0.000000	0.000000
564.999153	__ribosome	0.000000	0.000000	0.000000
564.999153	bound_ecolipol	1895.000000	0.000000	0.000000
564.999153	bound_ribosome	100.000000	0.000000	0.000000
564.999153	ecoli_genome	105.000000	0.000000	0.000000
564.999153	ecoli_transcript	43152.000000	0.000000	0.000000
564.999153	ecolipol	48.000000	0.000000	0.000000
564.999153	gene_A	10.000000	9.000000	0.000000
564.999153	gene_A*	10.000000	8.000000	0.000000
564.999153	gene_B	74.000000	109.000000	0.000000
564.999153	gene_C	61.000000	104.000000	0.000000
564.999153	gene_D	293.000000	398.000000	0.002513
564.999153	gene_E	240.000000	394.000000	0.000000
564.999153	gene_F	130.000000	268.000000	0.000000
564.999153	gene_G	27.000000	197.000000	0.081218
564.999153	gene_H	0.000000	139.000000	0.187050
564.999153	gene_J	119.000000	389.000000	0.146530
564.999153	gene_K	58.000000	105.000000	0.000000
564.999153	promoter_A	1.000000	0.000000	0.000000
564.999153	promoter_B1	1.000000	0.000000	0.000000
564.999153	promoter_D	0.000000	0.000000	0.000000
569.999245	__gene_A*_rbs	8.000000	0.000000	0.000000
569.999245	__gene_A_rbs	9.000000	0.000000	0.000000
569.999245	__gene_B_rbs	110.000000	0.000000	0.000000
569.999245	__gene_C_rbs	106.000000	0.000000	0.000000
569.999245	__gene_D_rbs	402.000000	0.000000	0.000000
569.999245	__gene_E_rbs	398.000000	0.000000	0.000000
569.999245	__gene_F_rbs	270.000000	0.000000	0.000000
569.999245	__gene_G_rbs	198.000000	0.000000	0.000000
569.999245	__gene_H_rbs	142.000000	0.000000	0.000000
569.999245	__gene_J_rbs	392.000000	0.000000	0.000000
569.999245	__gene_K_rbs	107.000000	0.000000	0.000000
569.999245	__ribosome	0.000000	0.000000	0.000000
569.999245	bound_ecolipol	1893.000000	0.000000	0.000000
569.999245	bound_ribosome	100.000000	0.000000	0.000000
569.999245	ecoli_genome	107.000000	0.000000	0.000000
569.999245	ecoli_transcript	43516.000000	0.000000	0.000000
569.999245	ecolipol	49.000000	0.000000	0.000000
569.999245	gene_A	10.000000	9.000000	0.000000
569.999245	gene_A*	10.000000	8.000000	0.000000
569.999245	gene_B	74.000000	110.000000	0.000000
569.999245	gene_C	61.000000	106.000000	0.000000
569.999245	gene_D	293.000000	402.000000	0.002488
569.999245	gene_E	240.000000	398.000000	0.000000
569.999245	gene_F	130.000000	270.000000	0.000000
569.999245	gene_G	27.000000	198.000000	0.080808
569.999245	gene_H	0.000000	142.000000	0.183099
569.999245	gene_J	119.000000	392.000000	0.145408
569.999245	gene_K	58.000000	107.000000	0.000000
569.999245	promoter_A	1.000000	0.000000	0.000000
569.999245	promoter_B1	1.000000	0.000000	0.000000
569.999245	promoter_D	0.000000	0.000000	0.000000
574.999036	__gene_A*_rbs	8.000000	0.000000	0.000000
574.999036	__gene_A_rbs	10.000000	0.000000	0.000000
574.999036	__gene_B_rbs	110.000000	0.000000	0.000000
574.999036	__gene_C_rbs	108.000000	0.000000	0.000000
574.999036	__gene_D_rbs	405.000000	0.000000	0.000000
574.999036	__gene_E_rbs	402.000000	0.000000	0.000000
574.999036	__gene_F_rbs	272.000000	0.000000	0.000000
574.999036	__gene_G_rbs	200.000000	0.000000	0.000000
574.999036	__gene_H_rbs	145.000000	0.000000	0.000000
574.999036	__gene_J_rbs	395.000000	0.000000	0.000000
574.999036	__gene_K_rbs	109.000000	0.000000	0.000000
574.999036	__ribosome	0.000000	0.000000	0.000000
574.999036	bound_ecolipol	1892.000000	0.000000	0.000000
574.999036	bound_ribosome	100.000000	0.000000	0.000000
574.999036	ecoli_genome	108.000000	0.000000	0.000000
574.999036	ecoli_transcript	43903.000000	0.000000	0.000000
574.999036	ecolipol	51.000000	0.000000	0.000000
574.999036	gene_A	10.000000	10.000000	0.000000
574.999036	gene_A*	10.000000	8.000000	0.000000
574.999036	gene_B	74.000000	110.000000	0.000000
574.999036	gene_C	61.000000	108.000000	0.000000
574.999036	gene_D	293.000000	405.000000	0.002469
574.999036	gene_E	240.000000	402.000000	0.000000
574.999036	gene_F	130.000000	272.000000	0.000000
574.999036	gene_G	27.000000	200.000000	0.080000
574.999036	gene_H	0.000000	145.000000	0.179310
574.999036	gene_J	119.000000	395.000000	0.144304
574.999036	gene_K	58.000000	109.000000	0.000000
574.999036	promoter_A	1.000000	0.000000	0.000000
574.999036	promoter_B1	1.000000	0.000000	0.000000
574.999036	promoter_D	0.000000	0.000000	0.000000
579.999196	__gene_A*_rbs	9.000000	0.000000	0.000000
579.999196	__gene_A_rbs	10.000000	0.000000	0.000000
579.999196	__gene_B_rbs	111.000000	0.000000	0.000000
579.999196	__gene_C_rbs	110.000000	0.000000	0.000000
579.999196	__gene_D_rbs	408.000000	0.000000	0.000000
579.999196	__gene_E_rbs	404.000000	0.000000	0.000000
579.999196	__gene_F_rbs	274.000000	0.000000	0.000000
579.999196	__gene_G_rbs	202.000000	0.000000	0.000000
579.999196	__gene_H_rbs	147.000000	0.000000	0.000000
579.999196	__gene_J_rbs	399.000000	0.000000	0.000000
579.999196	__gene_K_rbs	110.000000	0.000000	0.000000
579.999196	__ribosome	0.000000	0.000000	0.000000
579.999196	bound_ecolipol	1894.000000	0.000000	0.000000
579.999196	bound_ribosome	100.000000	0.000000	0.000000
579.999196	ecoli_genome	106.000000	0.000000	0.000000
579.999196	ecoli_transcript	44264.000000	0.000000	0.000000
579.999196	ecolipol	49.000000	0.000000	0.000000
579.999196	gene_A	10.000000	10.000000	0.000000
579.999196	gene_A*	10.000000	9.000000	0.000000
579.999196	gene_B	74.000000	111.000000	0.000000
579.999196	gene_C	61.000000	110.000000	0.000000
579.999196	gene_D	294.000000	408.000000	0.000000
579.999196	gene_E	240.000000	404.000000	0.000000
579.999196	gene_F	130.000000	274.000000	0.000000
579.999196	gene_G	27.000000	202.000000	0.079208
579.999196	gene_H	0.000000	147.000000	0.176871
579.999196	gene_J	119.000000	399.000000	0.145363
579.999196	gene_K	58.000000	110.000000	0.000000
579.999196	promoter_A	1.000000	0.000000	0.000000
579.999196	promoter_B1	0.000000	0.000000	0.000000
579.999196	promoter_D	0.000000	0.000000	0.000000
584.999341	__gene_A*_rbs	9.000000	0.000000	0.000000
584.999341	__gene_A_rbs	11.000000	0.000000	0.000000
584.999341	__gene_B_rbs	112.000000	0.000000	0.000000
584.999341	__gene_C_rbs	110.000000	0.000000	0.000000
584.999341	__gene_D_rbs	412.000000	0.000000	0.000000
584.999341	__gene_E_rbs	408.000000	0.000000	0.000000
584.999341	__gene_F_rbs	276.000000	0.000000	0.000000
584.999341	__gene_G_rbs	204.000000	0.000000	0.000000
584.999341	__gene_H_rbs	148.000000	0.000000	0.000000
584.999341	__gene_J_rbs	402.000000	0.000000	0.000000
584.999341	__gene_K_rbs	110.000000	0.000000	0.000000
584.999341	__ribosome	0.000000	0.000000	0.000000
584.999341	bound_ecolipol	1895.000000	0.000000	0.000000
584.999341	bound_ribosome	100.000000	0.000000	0.000000
584.999341	ecoli_genome	105.000000	0.000000	0.000000
584.999341	ecoli_transcript	44641.000000	0.000000	0.000000
584.999341	ecolipol	50.000000	0.000000	0.000000
584.999341	gene_A	10.000000	11.000000	0.000000
584.999341	gene_A*	10.000000	9.000000	0.000000
584.999341	gene_B	74.000000	112.000000	0.000000
584.999341	gene_C	61.000000	110.000000	0.000000
584.999341	gene_D	294.000000	412.000000	0.000000
584.999341	gene_E	240.000000	408.000000	0.000000
584.999341	gene_F	130.000000	276.000000	0.000000
584.999341	gene_G	27.000000	204.000000	0.078431
584.999341	gene_H	0.000000	148.000000	0.175676
584.999341	gene_J	119.000000	402.000000	0.144279
584.999341	gene_K	58.000000	110.000000	0.000000
584.999341	promoter_A	1.000000	0.000000	0.000000
584.999341	promoter_B1	1.000000	0.000000	0.000000
584.999341	promoter_D	0.000000	0.000000	0.000000
589.999140	__gene_A*_rbs	10.000000	0.000000	0.000000
589.999140	__gene_A_rbs	11.000000	0.000000	0.000000
589.999140	__gene_B_rbs	113.000000	0.000000	0.000000
589.999140	__gene_C_rbs	110.000000	0.000000	0.000000
589.999140	__gene_D_rbs	415.000000	0.000000	0.000000
589.999140	__gene_E_rbs	412.000000	0.000000	0.000000
589.999140	__gene_F_rbs	279.000000	0.000000	0.000000
589.999140	__gene_G_rbs	207.000000	0.000000	0.000000
589.999140	__gene_H_rbs	149.000000	0.000000	0.000000
589.999140	__gene_J_rbs	405.000000	0.000000	0.000000
589.999140	__gene_K_rbs	111.000000	0.000000	0.000000
589.999140	__ribosome	0.000000	0.000000	0.000000
589.999140	bound_ecolipol	1889.000000	0.000000	0.000000
589.999140	bound_ribosome	100.000000	0.000000	0.000000
589.999140	ecoli_genome	111.000000	0.000000	0.000000
589.999140	ecoli_transcript	45031.000000	0.000000	0.000000
589.999140	ecolipol	54.000000	0.000000	0.000000
589.999140	gene_A	10.000000	11.000000	0.000000
589.999140	gene_A*	10.000000	10.000000	0.000000
589.999140	gene_B	74.000000	113.000000	0.000000
589.999140	gene_C	61.000000	110.000000	0.000000
589.999140	gene_D	294.000000	415.000000	0.000000
589.999140	gene_E	240.000000	412.000000	0.000000
589.999140	gene_F	130.000000	279.000000	0.000000
589.999140	gene_G	27.000000	207.000000	0.077295
589.999140	gene_H	0.000000	149.000000	0.174497
589.999140	gene_J	119.000000	405.000000	0.143210
589.999140	gene_K	58.000000	111.000000	0.000000
589.999140	promoter_A	1.000000	0.000000	0.000000
589.999140	promoter_B1	0.000000	0.000000	0.000000
589.999140	promoter_D	0.000000	0.000000	0.000000
594.999056	__gene_A*_rbs	10.000000	0.000000	0.000000
594.999056	__gene_A_rbs	11.000000	0.000000	0.000000
594.999056	__gene_B_rbs	114.000000	0.000000	0.000000
594.999056	__gene_C_rbs	111.000000	0.000000	0.000000
594.999056	__gene_D_rbs	419.000000	0.000000	0.000000
594.999056	__gene_E_rbs	415.000000	0.000000	0.000000
594.999056	__gene_F_rbs	281.000000	0.000000	0.000000
594.999056	__gene_G_rbs	209.000000	0.000000	0.000000
594.999056	__gene_H_rbs	152.000000	0.000000	0.000000
594.999056	__gene_J_rbs	409.000000	0.000000	0.000000
594.999056	__gene_K_rbs	112.000000	0.000000	0.000000
594.999056	__ribosome	0.000000	0.000000	0.000000
594.999056	bound_ecolipol	1894.000000	0.000000	0.000000
594.999056	bound_ribosome	100.000000	0.000000	0.000000
594.999056	ecoli_genome	106.000000	0.000000	0.000000
594.999056	ecoli_transcript	45446.000000	0.000000	0.000000
594.999056	ecolipol	48.000000	0.000000	0.000000
594.999056	gene_A	10.000000	11.000000	0.000000
594.999056	gene_A*	10.000000	10.000000	0.000000
594.999056	gene_B	74.000000	114.000000	0.000000
594.999056	gene_C	61.000000	111.000000	0.000000
594.999056	gene_D	294.000000	419.000000	0.000000
594.999056	gene_E	240.000000	415.000000	0.000000
594.999056	gene_F	130.000000	281.000000	0.000000
594.999056	gene_G	27.000000	209.000000	0.076555
594.999056	gene_H	0.000000	152.000000	0.171053
594.999056	gene_J	119.000000	409.000000	0.141809
594.999056	gene_K	58.000000	112.000000	0.000000
594.999056	promoter_A	1.000000	0.000000	0.000000
594.999056	promoter_B1	1.000000	0.000000	0.000000
594.999056	promoter_D	0.000000	0.000000	0.000000
599.999226	__gene_A*_rbs	11.000000	0.000000	0.000000
599.999226	__gene_A_rbs	11.000000	0.000000	0.000000
599.999226	__gene_B_rbs	115.000000	0.000000	0.000000
599.999226	__gene_C_rbs	113.000000	0.000000	0.000000
599.999226	__gene_D_rbs	422.000000	0.000000	0.000000
599.999226	__gene_E_rbs	419.000000	0.000000	0.000000
599.999226	__gene_F_rbs	282.000000	0.000000	0.000000
599.999226	__gene_G_rbs	212.000000	0.000000	0.000000
599.999226	__gene_H_rbs	154.000000	0.000000	0.000000
599.999226	__gene_J_rbs	412.000000	0.000000	0.000000
599.999226	__gene_K_rbs	113.000000	0.000000	0.000000
599.999226	__ribosome	0.000000	0.000000	0.000000
599.999226	bound_ecolipol	1902.000000	0.000000	0.000000
599.999226	bound_ribosome	100.000000	0.000000	0.000000
599.999226	ecoli_genome	98.000000	0.000000	0.000000
599.999226	ecoli_transcript	45818.000000	0.000000	0.000000
599.999226	ecolipol	43.000000	0.000000	0.000000
599.999226	gene_A	10.000000	11.000000	0.000000
599.999226	gene_A*	10.000000	11.000000	0.000000
599.999226	gene_B	74.000000	115.000000	0.000000
599.999226	gene_C	61.000000	113.000000	0.000000
599.999226	gene_D	294.000000	422.000000	0.000000
599.999226	gene_E	240.000000	419.000000	0.000000
599.999226	gene_F	130.000000	282.000000	0.000000
599.999226	gene_G	27.000000	212.000000	0.075472
599.999226	gene_H	0.000000	154.000000	0.168831
599.999226	gene_J	119.000000	412.000000	0.140777
599.999226	gene_K	58.000000	113.000000	0.000000
599.999226	promoter_A	1.000000	0.000000	0.000000
599.999226	promoter_B1	1.000000	0.000000	0.000000
599.999226	promoter_D	0.000000	0.000000	0.000000
604.999346	__gene_A*_rbs	11.000000	0.000000	0.000000
604.999346	__gene_A_rbs	11.000000	0.000000	0.000000
604.999346	__gene_B_rbs	117.000000	0.000000	0.000000
604.999346	__gene_C_rbs	113.000000	0.000000	0.000000
604.999346	__gene_D_rbs	426.000000	0.000000	0.000000
604.999346	__gene_E_rbs	422.000000	0.000000	0.000000
604.999346	__gene_F_rbs	284.000000	0.000000	0.000000
604.999346	__gene_G_rbs	213.000000	0.000000	0.000000
604.999346	__gene_H_rbs	157.000000	0.000000	0.000000
604.999346	__gene_J_rbs	416.000000	0.000000	0.000000
604.999346	__gene_K_rbs	114.000000	0.000000	0.000000
604.999346	__ribosome	0.000000	0.000000	0.000000
604.999346	bound_ecolipol	1897.000000	0.000000	0.000000
604.999346	bound_ribosome	100.000000	0.000000	0.000000
604.999346	ecoli_genome	103.000000	0.000000	0.000000
604.999346	ecoli_transcript	46252.000000	0.000000	0.000000
604.999346	ecolipol	48.000000	0.000000	0.000000
604.999346	gene_A	10.000000	11.000000	0.000000
604.999346	gene_A*	10.000000	11.000000	0.000000
604.999346	gene_B	74.000000	117.000000	0.000000
604.999346	gene_C	61.000000	113.000000	0.000000
604.999346	gene_D	294.000000	426.000000	0.000000
604.999346	gene_E	240.000000	422.000000	0.000000
604.999346	gene_F	130.000000	284.000000	0.000000
604.999346	gene_G	27.000000	213.000000	0.075117
604.999346	gene_H	0.000000	157.000000	0.165605
604.999346	gene_J	119.000000	416.000000	0.139423
604.999346	gene_K	58.000000	114.000000	0.000000
604.999346	promoter_A	1.000000	0.000000	0.000000
604.999346	promoter_B1	1.000000	0.000000	0.000000
604.999346	promoter_D	0.000000	0.000000	0.000000
609.999296	__gene_A*_rbs	11.000000	0.000000	0.000000
609.999296	__gene_A_rbs	11.000000	0.000000	0.000000
609.999296	__gene_B_rbs	117.000000	0.000000	0.000000
609.999296	__gene_C_rbs	115.000000	0.000000	0.000000
609.999296	__gene_D_rbs	429.000000	0.000000	0.000000
609.999296	__gene_E_rbs	426.000000	0.000000	0.000000
609.999296	__gene_F_rbs	287.000000	0.000000	0.000000
609.999296	__gene_G_rbs	215.000000	0.000000	0.000000
609.999296	__gene_H_rbs	158.000000	0.000000	0.000000
609.999296	__gene_J_rbs	420.000000	0.000000	0.000000
609.999296	__gene_K_rbs	115.000000	0.000000	0.000000
609.999296	__ribosome	0.000000	0.000000	0.000000
609.999296	bound_ecolipol	1894.000000	0.000000	0.000000
609.999296	bound_ribosome	100.000000	0.000000	0.000000
609.999296	ecoli_genome	106.000000	0.000000	0.000000
609.999296	ecoli_transcript	46658.000000	0.000000	0.000000
609.999296	ecolipol	55.000000	0.000000	0.000000
609.999296	gene_A	10.000000	11.000000	0.000000
609.999296	gene_A*	10.000000	11.000000	0.000000
609.999296	gene_B	74.000000	117.000000	0.000000
609.999296	gene_C	61.000000	115.000000	0.000000
609.999296	gene_D	294.000000	429.000000	0.000000
609.999296	gene_E	240.000000	426.000000	0.000000
609.999296	gene_F	130.000000	287.000000	0.000000
609.999296	gene_G	27.000000	215.000000	0.074419
609.999296	gene_H	0.000000	158.000000	0.164557
609.999296	gene_J	119.000000	420.000000	0.138095
609.999296	gene_K	58.000000	115.000000	0.000000
609.999296	promoter_A	1.000000	0.000000	0.000000
609.999296	promoter_B1	0.000000	0.000000	0.000000
609.999296	promoter_D	0.000000	0.000000	0.000000
614.999124	__gene_A*_rbs	11.000000	0.000000	0.000000
614.999124	__gene_A_rbs	11.000000	0.000000	0.000000
614.999124	__gene_B_rbs	118.000000	0.000000	0.000000
614.999124	__gene_C_rbs	116.000000	0.000000	0.000000
614.999124	__gene_D_rbs	433.000000	0.000000	0.000000
614.999124	__gene_E_rbs	429.000000	0.000000	0.000000
614.999124	__gene_F_rbs	290.000000	0.000000	0.000000
614.999124	__gene_G_rbs	216.000000	0.000000	0.000000
614.999124	__gene_H_rbs	160.000000	0.000000	0.000000
614.999124	__gene_J_rbs	423.000000	0.000000	0.000000
614.999124	__gene_K_rbs	117.000000	0.000000	0.000000
614.999124	__ribosome	0.000000	0.000000	0.000000
614.999124	bound_ecolipol	1898.000000	0.000000	0.000000
614.999124	bound_ribosome	100.000000	0.000000	0.000000
614.999124	ecoli_genome	102.000000	0.000000	0.000000
614.999124	ecoli_transcript	47029.000000	0.000000	0.000000
614.999124	ecolipol	48.000000	0.000000	0.000000
614.999124	gene_A	10.000000	11.000000	0.000000
614.999124	gene_A*	10.000000	11.000000	0.000000
614.999124	gene_B	74.000000	118.000000	0.000000
614.999124	gene_C	61.000000	116.000000	0.000000
614.999124	gene_D	294.000000	433.000000	0.000000
614.999124	gene_E	240.000000	429.000000	0.000000
614.999124	gene_F	130.000000	290.000000	0.000000
614.999124	gene_G	27.000000	216.000000	0.074074
614.999124	gene_H	0.000000	160.000000	0.162500
614.999124	gene_J	119.000000	423.000000	0.137116
614.999124	gene_K	58.000000	117.000000	0.000000
614.999124	promoter_A	1.000000	0.000000	0.000000
614.999124	promoter_B1	0.000000	0.000000	0.000000
614.999124	promoter_D	0.000000	0.000000	0.000000
619.999658	__gene_A*_rbs	11.000000	0.000000	0.000000
619.999658	__gene_A_rbs	11.000000	0.000000	0.000000
619.999658	__gene_B_rbs	119.000000	0.000000	0.000000
619.999658	__gene_C_rbs	117.000000	0.000000	0.000000
619.999658	__gene_D_rbs	436.000000	0.000000	0.000000
619.999658	__gene_E_rbs	432.000000	0.000000	0.000000
619.999658	__gene_F_rbs	293.000000	0.000000	0.000000
619.999658	__gene_G_rbs	218.000000	0.000000	0.000000
619.999658	__gene_H_rbs	161.000000	0.000000	0.000000
619.999658	__gene_J_rbs	427.000000	0.000000	0.000000
619.999658	__gene_K_rbs	117.000000	0.000000	0.000000
619.999658	__ribosome	0.000000	0.000000	0.000000
619.999658	bound_ecolipol	1909.000000	0.000000	0.000000
619.999658	bound_ribosome	100.000000	0.000000	0.000000
619.999658	ecoli_genome	91.000000	0.000000	0.000000
619.999658	ecoli_transcript	47416.000000	0.000000	0.000000
619.999658	ecolipol	40.000000	0.000000	0.000000
619.999658	gene_A	10.000000	11.000000	0.000000
619.999658	gene_A*	10.000000	11.000000	0.000000
619.999658	gene_B	74.000000	119.000000	0.000000
619.999658	gene_C	61.000000	117.000000	0.000000
619.999658	gene_D	294.000000	436.000000	0.000000
619.999658	gene_E	240.000000	432.000000	0.000000
619.999658	gene_F	130.000000	293.000000	0.000000
619.999658	gene_G	27.000000	218.000000	0.073394
619.999658	gene_H	0.000000	161.000000	0.161491
619.999658	gene_J	119.000000	427.000000	0.135831
619.999658	gene_K	58.000000	117.000000	0.000000
619.999658	promoter_A	1.000000	0.000000	0.000000
619.999658	promoter_B1	1.000000	0.000000	0.000000
619.999658	promoter_D	0.000000	0.000000	0.000000
624.999037	__gene_A*_rbs	11.000000	0.000000	0.000000
624.999037	__gene_A_rbs	11.000000	0.000000	0.000000
624.999037	__gene_B_rbs	120.000000	0.000000	0.000000
624.999037	__gene_C_rbs	117.000000	0.000000	0.000000
624.999037	__gene_D_rbs	439.000000	0.000000	0.000000
624.999037	__gene_E_rbs	436.000000	0.000000	0.000000
624.999037	__gene_F_rbs	297.000000	0.000000	0.000000
624.999037	__gene_G_rbs	218.000000	0.000000	0.000000
624.999037	__gene_H_rbs	161.000000	0.000000	0.000000
624.999037	__gene_J_rbs	430.000000	0.000000	0.000000
624.999037	__gene_K_rbs	117.000000	0.000000	0.000000
624.999037	__ribosome	0.000000	0.000000	0.000000
624.999037	bound_ecolipol	1901.000000	0.000000	0.000000
624.999037	bound_ribosome	100.000000	0.000000	0.000000
624.999037	ecoli_genome	99.000000	0.000000	0.000000
624.999037	ecoli_transcript	47774.000000	0.000000	0.000000
624.999037	ecolipol	50.000000	0.000000	0.000000
624.999037	gene_A	10.000000	11.000000	0.000000
624.999037	gene_A*	10.000000	11.000000	0.000000
624.999037	gene_B	74.000000	120.000000	0.000000
624.999037	gene_C	61.000000	117.000000	0.000000
624.999037	gene_D	294.000000	439.000000	0.000000
624.999037	gene_E	240.000000	436.000000	0.000000
624.999037	gene_F	130.000000	297.000000	0.000000
624.999037	gene_G	27.000000	218.000000	0.073394
624.999037	gene_H	0.000000	161.000000	0.161491
624.999037	gene_J	119.000000	430.000000	0.134884
624.999037	gene_K	58.000000	117.000000	0.000000
624.999037	promoter_A	1.000000	0.000000	0.000000
624.999037	promoter_B1	1.000000	0.000000	0.000000
624.999037	promoter_D	0.000000	0.000000	0.000000
629.999198	__gene_A*_rbs	11.000000	0.000000	0.000000
629.999198	__gene_A_rbs	11.000000	0.000000	0.000000
629.999198	__gene_B_rbs	121.000000	0.000000	0.000000
629.999198	__gene_C_rbs	119.000000	0.000000	0.000000
629.999198	__gene_D_rbs	442.000000	0.000000	0.000000
629.999198	__gene_E_rbs	439.000000	0.000000	0.000000
629.999198	__gene_F_rbs	299.000000	0.000000	0.000000
629.999198	__gene_G_rbs	219.000000	0.000000	0.000000
629.999198	__gene_H_rbs	161.000000	0.000000	0.000000
629.999198	__gene_J_rbs	433.000000	0.000000	0.000000
629.999198	__gene_K_rbs	119.000000	0.000000	0.000000
629.999198	__ribosome	0.000000	0.000000	0.000000
629.999198	bound_ecolipol	1903.000000	0.000000	0.000000
629.999198	bound_ribosome	100.000000	0.000000	0.000000
629.999198	ecoli_genome	97.000000	0.000000	0.000000
629.999198	ecoli_transcript	48134.000000	0.000000	0.000000
629.999198	ecolipol	50.000000	0.000000	0.000000
629.999198	gene_A	10.000000	11.000000	0.000000
629.999198	gene_A*	10.000000	11.000000	0.000000
629.999198	gene_B	74.000000	121.000000	0.000000
629.999198	gene_C	61.000000	119.000000	0.000000
629.999198	gene_D	294.000000	442.000000	0.000000
629.999198	gene_E	240.000000	439.000000	0.000000
629.999198	gene_F	130.000000	299.000000	0.000000
629.999198	gene_G	27.000000	219.000000	0.073059
629.999198	gene_H	0.000000	161.000000	0.161491
629.999198	gene_J	119.000000	433.000000	0.133949
629.999198	gene_K	58.000000	119.000000	0.000000
629.999198	promoter_A	1.000000	0.000000	0.000000
629.999198	promoter_B1	0.000000	0.000000	0.000000
629.999198	promoter_D	0.000000	0.000000	0.000000
634.999220	__gene_A*_rbs	11.000000	0.000000	0.000000
634.999220	__gene_A_rbs	11.000000	0.000000	0.000000
634.999220	__gene_B_rbs	122.000000	0.000000	0.000000
634.999220	__gene_C_rbs	120.000000	0.000000	0.000000
634.999220	__gene_D_rbs	446.000000	0.000000	0.000000
634.999220	__gene_E_rbs	442.000000	0.000000	0.000000
634.999220	__gene_F_rbs	301.000000	0.000000	0.000000
634.999220	__gene_G_rbs	221.000000	0.000000	0.000000
634.999220	__gene_H_rbs	162.000000	0.000000	0.000000
634.999220	__gene_J_rbs	436.000000	0.000000	0.000000
634.999220	__gene_K_rbs	120.000000	0.000000	0.000000
634.999220	__ribosome	0.000000	0.000000	0.000000
634.999220	bound_ecolipol	1911.000000	0.000000	0.000000
634.999220	bound_ribosome	100.000000	0.000000	0.000000
634.999220	ecoli_genome	89.000000	0.000000	0.000000
634.999220	ecoli_transcript	48486.000000	0.000000	0.000000
634.999220	ecolipol	44.000000	0.000000	0.000000
634.999220	gene_A	10.000000	11.000000	0.000000
634.999220	gene_A*	10.000000	11.000000	0.000000
634.999220	gene_B	74.000000	122.000000	0.000000
634.999220	gene_C	61.000000	120.000000	0.000000
634.999220	gene_D	294.000000	446.000000	0.000000
634.999220	gene_E	240.000000	442.000000	0.000000
634.999220	gene_F	130.000000	301.000000	0.000000
634.999220	gene_G	27.000000	221.000000	0.072398
634.999220	gene_H	0.000000	162.000000	0.160494
634.999220	gene_J	119.000000	436.000000	0.133028
634.999220	gene_K	58.000000	120.000000	0.000000
634.999220	promoter_A	1.000000	0.000000	0.000000
634.999220	promoter_B1	0.000000	0.000000	0.000000
634.999220	promoter_D	0.000000	0.000000	0.000000
639.999433	__gene_A*_rbs	11.000000	0.000000	0.000000
639.999433	__gene_A_rbs	11.000000	0.000000	0.000000
639.999433	__gene_B_rbs	123.000000	0.000000	0.000000
639.999433	__gene_C_rbs	120.000000	0.000000	0.000000
639.999433	__gene_D_rbs	449.000000	0.000000	0.000000
639.999433	__gene_E_rbs	446.000000	0.000000	0.000000
639.999433	__gene_F_rbs	304.000000	0.000000	0.000000
639.999433	__gene_G_rbs	221.000000	0.000000	0.000000
639.999433	__gene_H_rbs	163.000000	0.000000	0.000000
639.999433	__gene_J_rbs	439.000000	0.000000	0.000000
639.999433	__gene_K_rbs	121.000000	0.000000	0.000000
639.999433	__ribosome	0.000000	0.000000	0.000000
639.999433	bound_ecolipol	1903.000000	0.000000	0.000000
639.999433	bound_ribosome	100.000000	0.000000	0.000000
639.999433	ecoli_genome	97.000000	0.000000	0.000000
639.999433	ecoli_transcript	48864.000000	0.000000	0.000000
639.999433	ecolipol	50.000000	0.000000	0.000000
639.999433	gene_A	10.000000	11.000000	0.000000
639.999433	gene_A*	10.000000	11.000000	0.000000
639.999433	gene_B	74.000000	123.000000	0.000000
639.999433	gene_C	61.000000	120.000000	0.000000
639.999433	gene_D	294.000000	449.000000	0.000000
639.999433	gene_E	240.000000	446.000000	0.000000
639.999433	gene_F	130.000000	304.000000	0.000000
639.999433	gene_G	27.000000	221.000000	0.072398
639.999433	gene_H	0.000000	163.000000	0.159509
639.999433	gene_J	119.000000	439.000000	0.132118
639.999433	gene_K	58.000000	121.000000	0.000000
639.999433	promoter_A	1.000000	0.000000	0.000000
639.999433	promoter_B1	1.000000	0.000000	0.000000
639.999433	promoter_D	0.000000	0.000000	0.000000
644.999316	__gene_A*_rbs	11.000000	0.000000	0.000000
644.999316	__gene_A_rbs	11.000000	0.000000	0.000000
644.999316	__gene_B_rbs	124.000000	0.000000	0.000000
644.999316	__gene_C_rbs	122.000000	0.000000	0.000000
644.999316	__gene_D_rbs	453.000000	0.000000	0.000000
644.999316	__gene_E_rbs	449.000000	0.000000	0.000000
644.999316	__gene_F_rbs	307.000000	0.000000	0.000000
644.999316	__gene_G_rbs	222.000000	0.000000	0.000000
644.999316	__gene_H_rbs	163.000000	0.000000	0.000000
644.999316	__gene_J_rbs	443.000000	0.000000	0.000000
644.999316	__gene_K_rbs	122.000000	0.000000	0.000000
644.999316	__ribosome	0.000000	0.000000	0.000000
644.999316	bound_ecolipol	1898.000000	0.000000	0.000000
644.999316	bound_ribosome	100.000000	0.000000	0.000000
644.999316	ecoli_genome	102.000000	0.000000	0.000000
644.999316	ecoli_transcript	49243.000000	0.000000	0.000000
644.999316	ecolipol	57.000000	0.000000	0.000000
644.999316	gene_A	10.000000	11.000000	0.000000
644.999316	gene_A*	10.000000	11.000000	0.000000
644.999316	gene_B	74.000000	124.000000	0.000000
644.999316	gene_C	61.000000	122.000000	0.000000
644.999316	gene_D	294.000000	453.000000	0.000000
644.999316	gene_E	240.000000	449.000000	0.000000
644.999316	gene_F	130.000000	307.000000	0.000000
644.999316	gene_G	27.000000	222.000000	0.072072
644.999316	gene_H	0.000000	163.000000	0.159509
644.999316	gene_J	119.000000	443.000000	0.130926
644.999316	gene_K	58.000000	122.000000	0.000000
644.999316	promoter_A	1.000000	0.000000	0.000000
644.999316	promoter_B1	1.000000	0.000000	0.000000
644.999316	promoter_D	0.000000	0.000000	0.000000
649.999185	__gene_A*_rbs	11.000000	0.000000	0.000000
649.999185	__gene_A_rbs	11.000000	0.000000	0.000000
649.999185	__gene_B_rbs	124.000000	0.000000	0.000000
649.999185	__gene_C_rbs	123.000000	0.000000	0.000000
649.999185	__gene_D_rbs	456.000000	0.000000	0.000000
649.999185	__gene_E_rbs	452.000000	0.000000	0.000000
649.999185	__gene_F_rbs	310.000000	0.000000	0.000000
649.999185	__gene_G_rbs	225.000000	0.000000	0.000000
649.999185	__gene_H_rbs	163.000000	0.000000	0.000000
649.999185	__gene_J_rbs	447.000000	0.000000	0.000000
649.999185	__gene_K_rbs	123.000000	0.000000	0.000000
649.999185	__ribosome	0.000000	0.000000	0.000000
649.999185	bound_ecolipol	1912.000000	0.000000	0.000000
649.999185	bound_ribosome	100.000000	0.000000	0.000000
649.999185	ecoli_genome	88.000000	0.000000	0.000000
649.999185	ecoli_transcript	49617.000000	0.000000	0.000000
649.999185	ecolipol	44.000000	0.000000	0.000000
649.999185	gene_A	10.000000	11.000000	0.000000
649.999185	gene_A*	10.000000	11.000000	0.000000
649.999185	gene_B	74.000000	124.000000	0.000000
649.999185	gene_C	61.000000	123.000000	0.000000
649.999185	gene_D	294.000000	456.000000	0.000000
649.999185	gene_E	240.000000	452.000000	0.000000
649.999185	gene_F	130.000000	310.000000	0.000000
649.999185	gene_G	27.000000	225.000000	0.071111
649.999185	gene_H	0.000000	163.000000	0.159509
649.999185	gene_J	119.000000	447.000000	0.129754
649.999185	gene_K	58.000000	123.000000	0.000000
649.999185	promoter_A	1.000000	0.000000	0.000000
649.999185	promoter_B1	1.000000	0.000000	0.000000
649.999185	promoter_D	0.000000	0.000000	0.000000
654.999195	__gene_A*_rbs	11.000000	0.000000	0.000000
654.999195	__gene_A_rbs	11.000000	0.000000	0.000000
654.999195	__gene_B_rbs	124.000000	0.000000	0.000000
654.999195	__gene_C_rbs	124.000000	0.000000	0.000000
654.999195	__gene_D_rbs	459.000000	0.000000	0.000000
654.999195	__gene_E_rbs	455.000000	0.000000	0.000000
654.999195	__gene_F_rbs	313.000000	0.000000	0.000000
654.999195	__gene_G_rbs	228.000000	0.000000	0.000000
654.999195	__gene_H_rbs	163.000000	0.000000	0.000000
654.999195	__gene_J_rbs	450.000000	0.000000	0.000000
654.999195	__gene_K_rbs	124.000000	0.000000	0.000000
654.999195	__ribosome	0.000000	0.000000	0.000000
654.999195	bound_ecolipol	1901.000000	0.000000	0.000000
654.999195	bound_ribosome	100.000000	0.000000	0.000000
654.999195	ecoli_genome	99.000000	0.000000	0.000000
654.999195	ecoli_transcript	50002.000000	0.000000	0.000000
654.999195	ecolipol	51.000000	0.000000	0.000000
654.999195	gene_A	10.000000	11.000000	0.000000
654.999195	gene_A*	10.000000	11.000000	0.000000
654.999195	gene_B	74.000000	124.000000	0.000000
654.999195	gene_C	61.000000	124.000000	0.000000
654.999195	gene_D	294.000000	459.000000	0.000000
654.999195	gene_E	240.000000	455.000000	0.000000
654.999195	gene_F	130.000000	313.000000	0.000000
654.999195	gene_G	27.000000	228.000000	0.070175
654.999195	gene_H	0.000000	163.000000	0.159509
654.999195	gene_J	119.000000	450.000000	0.128889
654.999195	gene_K	58.000000	124.000000	0.000000
654.999195	promoter_A	1.000000	0.000000	0.000000
654.999195	promoter_B1	1.000000	0.000000	0.000000
654.999195	promoter_D	0.000000	0.000000	0.000000
659.999199	__gene_A*_rbs	11.000000	0.000000	0.000000
659.999199	__gene_A_rbs	11.000000	0.000000	0.000000
659.999199	__gene_B_rbs	125.000000	0.000000	0.000000
659.999199	__gene_C_rbs	124.000000	0.000000	0.000000
659.999199	__gene_D_rbs	463.000000	0.000000	0.000000
659.999199	__gene_E_rbs	459.000000	0.000000	0.000000
659.999199	__gene_F_rbs	316.000000	0.000000	0.000000
659.999199	__gene_G_rbs	230.000000	0.000000	0.000000
659.999199	__gene_H_rbs	163.000000	0.000000	0.000000
659.999199	__gene_J_rbs	453.000000	0.000000	0.000000
659.999199	__gene_K_rbs	124.000000	0.000000	0.000000
659.999199	__ribosome	0.000000	0.000000	0.000000
659.999199	bound_ecolipol	1898.000000	0.000000	0.000000
659.999199	bound_ribosome	100.000000	0.000000	0.000000
659.999199	ecoli_genome	102.000000	0.000000	0.000000
659.999199	ecoli_transcript	50416.000000	0.000000	0.000000
659.999199	ecolipol	53.000000	0.000000	0.000000
659.999199	gene_A	10.000000	11.000000	0.000000
659.999199	gene_A*	10.000000	11.000000	0.000000
659.999199	gene_B	74.000000	125.000000	0.000000
659.999199	gene_C	61.000000	124.000000	0.000000
659.999199	gene_D	294.000000	463.000000	0.000000
659.999199	gene_E	240.000000	459.000000	0.000000
659.999199	gene_F	130.000000	316.000000	0.000000
659.999199	gene_G	27.000000	230.000000	0.069565
659.999199	gene_H	0.000000	163.000000	0.159509
659.999199	gene_J	119.000000	453.000000	0.128035
659.999199	gene_K	58.000000	124.000000	0.000000
659.999199	promoter_A	1.000000	0.000000	0.000000
659.999199	promoter_B1	1.000000	0.000000	0.000000
659.999199	promoter_D	0.000000	0.000000	0.000000
664.999717	__gene_A*_rbs	11.000000	0.000000	0.000000
664.999717	__gene_A_rbs	11.000000	0.000000	0.000000
664.999717	__gene_B_rbs	125.000000	0.000000	0.000000
664.999717	__gene_C_rbs	124.000000	0.000000	0.000000
664.999717	__gene_D_rbs	466.000000	0.000000	0.000000
664.999717	__gene_E_rbs	462.000000	0.000000	0.000000
664.999717	__gene_F_rbs	317.000000	0.000000	0.000000
664.999717	__gene_G_rbs	231.000000	0.000000	0.000000
664.999717	__gene_H_rbs	164.000000	0.000000	0.000000
664.999717	__gene_J_rbs	456.000000	0.000000	0.000000
664.999717	__gene_K_rbs	124.000000	0.000000	0.000000
664.999717	__ribosome	0.000000	0.000000	0.000000
664.999717	bound_ecolipol	1898.000000	0.000000	0.000000
664.999717	bound_ribosome	100.000000	0.000000	0.000000
664.999717	ecoli_genome	102.000000	0.000000	0.000000
664.999717	ecoli_transcript	50853.000000	0.000000	0.000000
664.999717	ecolipol	57.000000	0.000000	0.000000
664.999717	gene_A	10.000000	11.000000	0.000000
664.999717	gene_A*	10.000000	11.000000	0.000000
664.999717	gene_B	74.000000	125.000000	0.000000
664.999717	gene_C	61.000000	124.000000	0.000000
664.999717	gene_D	294.000000	466.000000	0.000000
664.999717	gene_E	240.000000	462.000000	0.000000
664.999717	gene_F	130.000000	317.000000	0.000000
664.999717	gene_G	27.000000	231.000000	0.069264
664.999717	gene_H	0.000000	164.000000	0.158537
664.999717	gene_J	119.000000	456.000000	0.127193
664.999717	gene_K	58.000000	124.000000	0.000000
664.999717	promoter_A	1.000000	0.000000	0.000000
664.999717	promoter_B1	1.000000	0.000000	0.000000
664.999717	promoter_D	0.000000	0.000000	0.000000
669.999044	__gene_A*_rbs	11.000000	0.000000	0.000000
669.999044	__gene_A_rbs	11.000000	0.000000	0.000000
669.999044	__gene_B_rbs	126.000000	0.000000	0.000000
669.999044	__gene_C_rbs	124.000000	0.000000	0.000000
669.999044	__gene_D_rbs	470.000000	0.000000	0.000000
669.999044	__gene_E_rbs	466.000000	0.000000	0.000000
669.999044	__gene_F_rbs	320.000000	0.000000	0.000000
669.999044	__gene_G_rbs	234.000000	0.000000	0.000000
669.999044	__gene_H_rbs	167.000000	0.000000	0.000000
669.999044	__gene_J_rbs	460.000000	0.000000	0.000000
669.999044	__gene_K_rbs	125.000000	0.000000	0.000000
669.999044	__ribosome	0.000000	0.000000	0.000000
669.999044	bound_ecolipol	1910.000000	0.000000	0.000000
669.999044	bound_ribosome	100.000000	0.000000	0.000000
669.999044	ecoli_genome	90.000000	0.000000	0.000000
669.999044	ecoli_transcript	51223.000000	0.000000	0.000000
669.999044	ecolipol	42.000000	0.000000	0.000000
669.999044	gene_A	10.000000	11.000000	0.000000
669.999044	gene_A*	10.000000	11.000000	0.000000
669.999044	gene_B	74.000000	126.000000	0.000000
669.999044	gene_C	61.000000	124.000000	0.000000
669.999044	gene_D	294.000000	470.000000	0.000000
669.999044	gene_E	240.000000	466.000000	0.000000
669.999044	gene_F	130.000000	320.000000	0.000000
669.999044	gene_G	27.000000	234.000000	0.068376
669.999044	gene_H	0.000000	167.000000	0.155689
669.999044	gene_J	119.000000	460.000000	0.126087
669.999044	gene_K	58.000000	125.000000	0.000000
669.999044	promoter_A	1.000000	0.000000	0.000000
669.999044	promoter_B1	1.000000	0.000000	0.000000
669.999044	promoter_D	0.000000	0.000000	0.000000
674.999124	__gene_A*_rbs	11.000000	0.000000	0.000000
674.999124	__gene_A_rbs	11.000000	0.000000	0.000000
674.999124	__gene_B_rbs	126.000000	0.000000	0.000000
674.999124	__gene_C_rbs	125.000000	0.000000	0.000000
674.999124	__gene_D_rbs	474.000000	0.000000	0.000000
674.999124	__gene_E_rbs	470.000000	0.000000	0.000000
674.999124	__gene_F_rbs	322.000000	0.000000	0.000000
674.999124	__gene_G_rbs	236.000000	0.000000	0.000000
674.999124	__gene_H_rbs	168.000000	0.000000	0.000000
674.999124	__gene_J_rbs	464.000000	0.000000	0.000000
674.999124	__gene_K_rbs	125.000000	0.000000	0.000000
674.999124	__ribosome	0.000000	0.000000	0.000000
674.999124	bound_ecolipol	1885.000000	0.000000	0.000000
674.999124	bound_ribosome	100.000000	0.000000	0.000000
674.999124	ecoli_genome	115.000000	0.000000	0.000000
674.999124	ecoli_transcript	51641.000000	0.000000	0.000000
674.999124	ecolipol	66.000000	0.000000	0.000000
674.999124	gene_A	10.000000	11.000000	0.000000
674.999124	gene_A*	10.000000	11.000000	0.000000
674.999124	gene_B	74.000000	126.000000	0.000000
674.999124	gene_C	61.000000	125.000000	0.000000
674.999124	gene_D	294.000000	474.000000	0.000000
674.999124	gene_E	240.000000	470.000000	0.000000
674.999124	gene_F	130.000000	322.000000	0.000000
674.999124	gene_G	27.000000	236.000000	0.067797
674.999124	gene_H	0.000000	168.000000	0.154762
674.999124	gene_J	119.000000	464.000000	0.125000
674.999124	gene_K	58.000000	125.000000	0.000000
674.999124	promoter_A	1.000000	0.000000	0.000000
674.999124	promoter_B1	0.000000	0.000000	0.000000
674.999124	promoter_D	0.000000	0.000000	0.000000
679.999023	__gene_A*_rbs	11.000000	0.000000	0.000000
679.999023	__gene_A_rbs	11.000000	0.000000	0.000000
679.999023	__gene_B_rbs	126.000000	0.000000	0.000000
679.999023	__gene_C_rbs	126.000000	0.000000	0.000000
679.999023	__gene_D_rbs	477.000000	0.000000	0.000000
679.999023	__gene_E_rbs	473.000000	0.000000	0.000000
679.999023	__gene_F_rbs	324.000000	0.000000	0.000000
679.999023	__gene_G_rbs	237.000000	0.000000	0.000000
679.999023	__gene_H_rbs	169.000000	0.000000	0.000000
679.999023	__gene_J_rbs	467.000000	0.000000	0.000000
679.999023	__gene_K_rbs	126.000000	0.000000	0.000000
679.999023	__ribosome	0.000000	0.000000	0.000000
679.999023	bound_ecolipol	1900.000000	0.000000	0.000000
679.999023	bound_ribosome	100.000000	0.000000	0.000000
679.999023	ecoli_genome	100.000000	0.000000	0.000000
679.999023	ecoli_transcript	52027.000000	0.000000	0.000000
679.999023	ecolipol	51.000000	0.000000	0.000000
679.999023	gene_A	10.000000	11.000000	0.000000
679.999023	gene_A*	10.000000	11.000000	0.000000
679.999023	gene_B	74.000000	126.000000	0.000000
679.999023	gene_C	61.000000	126.000000	0.000000
679.999023	gene_D	294.000000	477.000000	0.000000
679.999023	gene_E	240.000000	473.000000	0.000000
679.999023	gene_F	130.000000	324.000000	0.000000
679.999023	gene_G	27.000000	237.000000	0.067511
679.999023	gene_H	0.000000	169.000000	0.153846
679.999023	gene_J	119.000000	467.000000	0.124197
679.999023	gene_K	58.000000	126.000000	0.000000
679.999023	promoter_A	1.000000	0.000000	0.000000
679.999023	promoter_B1	1.000000	0.000000	0.000000
679.999023	promoter_D	0.000000	0.000000	0.000000
684.999133	__gene_A*_rbs	11.000000	0.000000	0.000000
684.999133	__gene_A_rbs	11.000000	0.000000	0.000000
684.999133	__gene_B_rbs	127.000000	0.000000	0.000000
684.999133	__gene_C_rbs	126.000000	0.000000	0.000000
684.999133	__gene_D_rbs	481.000000	0.000000	0.000000
684.999133	__gene_E_rbs	476.000000	0.000000	0.000000
684.999133	__gene_F_rbs	327.000000	0.000000	0.000000
684.999133	__gene_G_rbs	240.000000	0.000000	0.000000
684.999133	__gene_H_rbs	170.000000	0.000000	0.000000
684.999133	__gene_J_rbs	471.000000	0.000000	0.000000
684.999133	__gene_K_rbs	126.000000	0.000000	0.000000
684.999133	__ribosome	0.000000	0.000000	0.000000
684.999133	bound_ecolipol	1895.000000	0.000000	0.000000
684.999133	bound_ribosome	100.000000	0.000000	0.000000
684.999133	ecoli_genome	105.000000	0.000000	0.000000
684.999133	ecoli_transcript	52400.000000	0.000000	0.000000
684.999133	ecolipol	54.000000	0.000000	0.000000
684.999133	gene_A	10.000000	11.000000	0.000000
684.999133	gene_A*	10.000000	11.000000	0.000000
684.999133	gene_B	74.000000	127.000000	0.000000
684.999133	gene_C	61.000000	126.000000	0.000000
684.999133	gene_D	294.000000	481.000000	0.000000
684.999133	gene_E	240.000000	476.000000	0.000000
684.999133	gene_F	130.000000	327.000000	0.000000
684.999133	gene_G	27.000000	240.000000	0.066667
684.999133	gene_H	0.000000	170.000000	0.152941
684.999133	gene_J	119.000000	471.000000	0.123142
684.999133	gene_K	58.000000	126.000000	0.000000
684.999133	promoter_A	1.000000	0.000000	0.000000
684.999133	promoter_B1	0.000000	0.000000	0.000000
684.999133	promoter_D	0.000000	0.000000	0.000000
689.999211	__gene_A*_rbs	11.000000	0.000000	0.000000
689.999211	__gene_A_rbs	11.000000	0.000000	0.000000
689.999211	__gene_B_rbs	129.000000	0.000000	0.000000
689.999211	__gene_C_rbs	126.000000	0.000000	0.000000
689.999211	__gene_D_rbs	484.000000	0.000000	0.000000
689.999211	__gene_E_rbs	480.000000	0.000000	0.000000
689.999211	__gene_F_rbs	329.000000	0.000000	0.000000
689.999211	__gene_G_rbs	243.000000	0.000000	0.000000
689.999211	__gene_H_rbs	171.000000	0.000000	0.000000
689.999211	__gene_J_rbs	475.000000	0.000000	0.000000
689.999211	__gene_K_rbs	126.000000	0.000000	0.000000
689.999211	__ribosome	0.000000	0.000000	0.000000
689.999211	bound_ecolipol	1893.000000	0.000000	0.000000
689.999211	bound_ribosome	100.000000	0.000000	0.000000
689.999211	ecoli_genome	107.000000	0.000000	0.000000
689.999211	ecoli_transcript	52749.000000	0.000000	0.000000
689.999211	ecolipol	53.000000	0.000000	0.000000
689.999211	gene_A	10.000000	11.000000	0.000000
689.999211	gene_A*	10.000000	11.000000	0.000000
689.999211	gene_B	74.000000	129.000000	0.000000
689.999211	gene_C	61.000000	126.000000	0.000000
689.999211	gene_D	294.000000	484.000000	0.000000
689.999211	gene_E	240.000000	480.000000	0.000000
689.999211	gene_F	130.000000	329.000000	0.000000
689.999211	gene_G	27.000000	243.000000	0.065844
689.999211	gene_H	0.000000	171.000000	0.152047
689.999211	gene_J	119.000000	475.000000	0.122105
689.999211	gene_K	58.000000	126.000000	0.000000
689.999211	promoter_A	1.000000	0.000000	0.000000
689.999211	promoter_B1	0.000000	0.000000	0.000000
689.999211	promoter_D	0.000000	0.000000	0.000000
694.999219	__gene_A*_rbs	11.000000	0.000000	0.000000
694.999219	__gene_A_rbs	11.000000	0.000000	0.000000
694.999219	__gene_B_rbs	131.000000	0.000000	0.000000
694.999219	__gene_C_rbs	127.000000	0.000000	0.000000
694.999219	__gene_D_rbs	488.000000	0.000000	0.000000
694.999219	__gene_E_rbs	483.000000	0.000000	0.000000
694.999219	__gene_F_rbs	332.000000	0.000000	0.000000
694.999219	__gene_G_rbs	246.000000	0.000000	0.000000
694.999219	__gene_H_rbs	171.000000	0.000000	0.000000
694.999219	__gene_J_rbs	478.000000	0.000000	0.000000
694.999219	__gene_K_rbs	127.000000	0.000000	0.000000
694.999219	__ribosome	0.000000	0.000000	0.000000
694.999219	bound_ecolipol	1903.000000	0.000000	0.000000
694.999219	bound_ribosome	100.000000	0.000000	0.000000
694.999219	ecoli_genome	97.000000	0.000000	0.000000
694.999219	ecoli_transcript	53097.000000	0.000000	0.000000
694.999219	ecolipol	44.000000	0.000000	0.000000
694.999219	gene_A	10.000000	11.000000	0.000000
694.999219	gene_A*	10.000000	11.000000	0.000000
694.999219	gene_B	74.000000	131.000000	0.000000
694.999219	gene_C	61.000000	127.000000	0.000000
694.999219	gene_D	294.000000	488.000000	0.000000
694.999219	gene_E	240.000000	483.000000	0.000000
694.999219	gene_F	130.000000	332.000000	0.000000
694.999219	gene_G	27.000000	246.000000	0.065041
694.999219	gene_H	0.000000	171.000000	0.152047
694.999219	gene_J	119.000000	478.000000	0.121339
694.999219	gene_K	58.000000	127.000000	0.000000
694.999219	promoter_A	1.000000	0.000000	0.000000
694.999219	promoter_B1	0.000000	0.000000	0.000000
694.999219	promoter_D	0.000000	0.000000	0.000000
699.999064	__gene_A*_rbs	11.000000	0.000000	0.000000
699.999064	__gene_A_rbs	11.000000	0.000000	0.000000
699.999064	__gene_B_rbs	132.000000	0.000000	0.000000
699.999064	__gene_C_rbs	127.000000	0.000000	0.000000
699.999064	__gene_D_rbs	491.000000	0.000000	0.000000
699.999064	__gene_E_rbs	487.000000	0.000000	0.000000
699.999064	__gene_F_rbs	334.000000	0.000000	0.000000
699.999064	__gene_G_rbs	247.000000	0.000000	0.000000
699.999064	__gene_H_rbs	172.000000	0.000000	0.000000
699.999064	__gene_J_rbs	481.000000	0.000000	0.000000
699.999064	__gene_K_rbs	129.000000	0.000000	0.000000
699.999064	__ribosome	0.000000	0.000000	0.000000
699.999064	bound_ecolipol	1890.000000	0.000000	0.000000
699.999064	bound_ribosome	100.000000	0.000000	0.000000
699.999064	ecoli_genome	110.000000	0.000000	0.000000
699.999064	ecoli_transcript	53470.000000	0.000000	0.000000
699.999064	ecolipol	59.000000	0.000000	0.000000
699.999064	gene_A	10.000000	11.000000	0.000000
699.999064	gene_A*	10.000000	11.000000	0.000000
699.999064	gene_B	74.000000	132.000000	0.000000
699.999064	gene_C	61.000000	127.000000	0.000000
699.999064	gene_D	294.000000	491.000000	0.000000
699.999064	gene_E	240.000000	487.000000	0.000000
699.999064	gene_F	130.000000	334.000000	0.000000
699.999064	gene_G	27.000000	247.000000	0.064777
699.999064	gene_H	0.000000	172.000000	0.151163
699.999064	gene_J	119.000000	481.000000	0.120582
699.999064	gene_K	58.000000	129.000000	0.000000
699.999064	promoter_A	1.000000	0.000000	0.000000
699.999064	promoter_B1	0.000000	0.000000	0.000000
699.999064	promoter_D	0.000000	0.000000	0.000000
704.999627	__gene_A*_rbs	11.000000	0.000000	0.000000
704.999627	__gene_A_rbs	11.000000	0.000000	0.000000
704.999627	__gene_B_rbs	133.000000	0.000000	0.000000
704.999627	__gene_C_rbs	130.000000	0.000000	0.000000
704.999627	__gene_D_rbs	495.000000	0.000000	0.000000
704.999627	__gene_E_rbs	491.000000	0.000000	0.000000
704.999627	__gene_F_rbs	336.000000	0.000000	0.000000
704.999627	__gene_G_rbs	249.000000	0.000000	0.000000
704.999627	__gene_H_rbs	175.000000	0.000000	0.000000
704.999627	__gene_J_rbs	485.000000	0.000000	0.000000
704.999627	__gene_K_rbs	131.000000	0.000000	0.000000
704.999627	__ribosome	0.000000	0.000000	0.000000
704.999627	bound_ecolipol	1899.000000	0.000000	0.000000
704.999627	bound_ribosome	100.000000	0.000000	0.000000
704.999627	ecoli_genome	101.000000	0.000000	0.000000
704.999627	ecoli_transcript	53863.000000	0.000000	0.000000
704.999627	ecolipol	47.000000	0.000000	0.000000
704.999627	gene_A	10.000000	11.000000	0.000000
704.999627	gene_A*	10.000000	11.000000	0.000000
704.999627	gene_B	74.000000	133.000000	0.000000
704.999627	gene_C	61.000000	130.000000	0.000000
704.999627	gene_D	294.000000	495.000000	0.000000
704.999627	gene_E	240.000000	491.000000	0.000000
704.999627	gene_F	130.000000	336.000000	0.000000
704.999627	gene_G	27.000000	249.000000	0.064257
704.999627	gene_H	0.000000	175.000000	0.148571
704.999627	gene_J	119.000000	485.000000	0.119588
704.999627	gene_K	58.000000	131.000000	0.000000
704.999627	promoter_A	1.000000	0.000000	0.000000
704.999627	promoter_B1	0.000000	0.000000	0.000000
704.999627	promoter_D	0.000000	0.000000	0.000000
709.999019	__gene_A*_rbs	11.000000	0.000000	0.000000
709.999019	__gene_A_rbs	11.000000	0.000000	0.000000
709.999019	__gene_B_rbs	134.000000	0.000000	0.000000
709.999019	__gene_C_rbs	132.000000	0.000000	0.000000
709.999019	__gene_D_rbs	499.000000	0.000000	0.000000
709.999019	__gene_E_rbs	495.000000	0.000000	0.000000
709.999019	__gene_F_rbs	340.000000	0.000000	0.000000
709.999019	__gene_G_rbs	252.000000	0.000000	0.000000
709.999019	__gene_H_rbs	178.000000	0.000000	0.000000
709.999019	__gene_J_rbs	488.000000	0.000000	0.000000
709.999019	__gene_K_rbs	132.000000	0.000000	0.000000
709.999019	__ribosome	0.000000	0.000000	0.000000
709.999019	bound_ecolipol	1900.000000	0.000000	0.000000
709.999019	bound_ribosome	100.000000	0.000000	0.000000
709.999019	ecoli_genome	100.000000	0.000000	0.000000
709.999019	ecoli_transcript	54200.000000	0.000000	0.000000
709.999019	ecolipol	46.000000	0.000000	0.000000
709.999019	gene_A	10.000000	11.000000	0.000000
709.999019	gene_A*	10.000000	11.000000	0.000000
709.999019	gene_B	74.000000	134.000000	0.000000
709.999019	gene_C	61.000000	132.000000	0.000000
709.999019	gene_D	294.000000	499.000000	0.000000
709.999019	gene_E	240.000000	495.000000	0.000000
709.999019	gene_F	130.000000	340.000000	0.000000
709.999019	gene_G	27.000000	252.000000	0.063492
709.999019	gene_H	0.000000	178.000000	0.146067
709.999019	gene_J	119.000000	488.000000	0.118852
709.999019	gene_K	58.000000	132.000000	0.000000
709.999019	promoter_A	1.000000	0.000000	0.000000
709.999019	promoter_B1	1.000000	0.000000	0.000000
709.999019	promoter_D	0.000000	0.000000	0.000000
714.999000	__gene_A*_rbs	11.000000	0.000000	0.000000
714.999000	__gene_A_rbs	11.000000	0.000000	0.000000
714.999000	__gene_B_rbs	135.000000	0.000000	0.000000
714.999000	__gene_C_rbs	133.000000	0.000000	0.000000
714.999000	__gene_D_rbs	502.000000	0.000000	0.000000
714.999000	__gene_E_rbs	498.000000	0.000000	0.000000
714.999000	__gene_F_rbs	342.000000	0.000000	0.000000
714.999000	__gene_G_rbs	254.000000	0.000000	0.000000
714.999000	__gene_H_rbs	179.000000	0.000000	0.000000
714.999000	__gene_J_rbs	492.000000	0.000000	0.000000
714.999000	__gene_K_rbs	133.000000	0.000000	0.000000
714.999000	__ribosome	0.000000	0.000000	0.000000
714.999000	bound_ecolipol	1893.000000	0.000000	0.000000
714.999000	bound_ribosome	100.000000	0.000000	0.000000
714.999000	ecoli_genome	107.000000	0.000000	0.000000
714.999000	ecoli_transcript	54583.000000	0.000000	0.000000
714.999000	ecolipol	54.000000	0.000000	0.000000
714.999000	gene_A	10.000000	11.000000	0.000000
714.999000	gene_A*	10.000000	11.000000	0.000000
714.999000	gene_B	74.000000	135.000000	0.000000
714.999000	gene_C	61.000000	133.000000	0.000000
714.999000	gene_D	294.000000	502.000000	0.000000
714.999000	gene_E	240.000000	498.000000	0.000000
714.999000	gene_F	130.000000	342.000000	0.000000
714.999000	gene_G	27.000000	254.000000	0.062992
714.999000	gene_H	0.000000	179.000000	0.145251
714.999000	gene_J	119.000000	492.000000	0.117886
714.999000	gene_K	58.000000	133.000000	0.000000
714.999000	promoter_A	1.000000	0.000000	0.000000
714.999000	promoter_B1	0.000000	0.000000	0.000000
714.999000	promoter_D	0.000000	0.000000	0.000000
719.999052	__gene_A*_rbs	11.000000	0.000000	0.000000
719.999052	__gene_A_rbs	11.000000	0.000000	0.000000
719.999052	__gene_B_rbs	136.000000	0.000000	0.000000
719.999052	__gene_C_rbs	134.000000	0.000000	0.000000
719.999052	__gene_D_rbs	506.000000	0.000000	0.000000
719.999052	__gene_E_rbs	502.000000	0.000000	0.000000
719.999052	__gene_F_rbs	344.000000	0.000000	0.000000
719.999052	__gene_G_rbs	255.000000	0.000000	0.000000
719.999052	__gene_H_rbs	179.000000	0.000000	0.000000
719.999052	__gene_J_rbs	495.000000	0.000000	0.000000
719.999052	__gene_K_rbs	134.000000	0.000000	0.000000
719.999052	__ribosome	0.000000	0.000000	0.000000
719.999052	bound_ecolipol	1904.000000	0.000000	0.000000
719.999052	bound_ribosome	100.000000	0.000000	0.000000
719.999052	ecoli_genome	96.000000	0.000000	0.000000
719.999052	ecoli_transcript	54972.000000	0.000000	0.000000
719.999052	ecolipol	44.000000	0.000000	0.000000
719.999052	gene_A	10.000000	11.000000	0.000000
719.999052	gene_A*	10.000000	11.000000	0.000000
719.999052	gene_B	74.000000	136.000000	0.000000
719.999052	gene_C	61.000000	134.000000	0.000000
719.999052	gene_D	294.000000	506.000000	0.000000
719.999052	gene_E	240.000000	502.000000	0.000000
719.999052	gene_F	130.000000	344.000000	0.000000
719.999052	gene_G	27.000000	255.000000	0.062745
719.999052	gene_H	0.000000	179.000000	0.145251
719.999052	gene_J	119.000000	495.000000	0.117172
719.999052	gene_K	58.000000	134.000000	0.000000
719.999052	promoter_A	1.000000	0.000000	0.000000
719.999052	promoter_B1	1.000000	0.000000	0.000000
719.999052	promoter_D	0.000000	0.000000	0.000000
724.999364	__gene_A*_rbs	11.000000	0.000000	0.000000
724.999364	__gene_A_rbs	11.000000	0.000000	0.000000
724.999364	__gene_B_rbs	137.000000	0.000000	0.000000
724.999364	__gene_C_rbs	135.000000	0.000000	0.000000
724.999364	__gene_D_rbs	509.000000	0.000000	0.000000
724.999364	__gene_E_rbs	505.000000	0.000000	0.000000
724.999364	__gene_F_rbs	345.000000	0.000000	0.000000
724.999364	__gene_G_rbs	257.000000	0.000000	0.000000
724.999364	__gene_H_rbs	181.000000	0.000000	0.000000
724.999364	__gene_J_rbs	499.000000	0.000000	0.000000
724.999364	__gene_K_rbs	135.000000	0.000000	0.000000
724.999364	__ribosome	0.000000	0.000000	0.000000
724.999364	bound_ecolipol	1906.000000	0.000000	0.000000
724.999364	bound_ribosome	100.000000	0.000000	0.000000
724.999364	ecoli_genome	94.000000	0.000000	0.000000
724.999364	ecoli_transcript	55359.000000	0.000000	0.000000
724.999364	ecolipol	45.000000	0.000000	0.000000
724.999364	gene_A	10.000000	11.000000	0.000000
724.999364	gene_A*	10.000000	11.000000	0.000000
724.999364	gene_B	74.000000	137.000000	0.000000
724.999364	gene_C	61.000000	135.000000	0.000000
724.999364	gene_D	294.000000	509.000000	0.000000
724.999364	gene_E	240.000000	505.000000	0.000000
724.999364	gene_F	130.000000	345.000000	0.000000
724.999364	gene_G	27.000000	257.000000	0.062257
724.999364	gene_H	0.000000	181.000000	0.143646
724.999364	gene_J	119.000000	499.000000	0.116232
724.999364	gene_K	58.000000	135.000000	0.000000
724.999364	promoter_A	1.000000	0.000000	0.000000
724.999364	promoter_B1	1.000000	0.000000	0.000000
724.999364	promoter_D	0.000000	0.000000	0.000000
729.999151	__gene_A*_rbs	11.000000	0.000000	0.000000
729.999151	__gene_A_rbs	11.000000	0.000000	0.000000
729.999151	__gene_B_rbs	137.000000	0.000000	0.000000
729.999151	__gene_C_rbs	136.000000	0.000000	0.000000
729.999151	__gene_D_rbs	513.000000	0.000000	0.000000
729.999151	__gene_E_rbs	509.000000	0.000000	0.000000
729.999151	__gene_F_rbs	347.000000	0.000000	0.000000
729.999151	__gene_G_rbs	259.000000	0.000000	0.000000
729.999151	__gene_H_rbs	182.000000	0.000000	0.000000
729.999151	__gene_J_rbs	502.000000	0.000000	0.000000
729.999151	__gene_K_rbs	136.000000	0.000000	0.000000
729.999151	__ribosome	0.000000	0.000000	0.000000
729.999151	bound_ecolipol	1891.000000	0.000000	0.000000
729.999151	bound_ribosome	100.000000	0.000000	0.000000
729.999151	ecoli_genome	109.000000	0.000000	0.000000
729.999151	ecoli_transcript	55743.000000	0.000000	0.000000
729.999151	ecolipol	60.000000	0.000000	0.000000
729.999151	gene_A	10.000000	11.000000	0.000000
729.999151	gene_A*	10.000000	11.000000	0.000000
729.999151	gene_B	74.000000	137.000000	0.000000
729.999151	gene_C	61.000000	136.000000	0.000000
729.999151	gene_D	294.000000	513.000000	0.000000
729.999151	gene_E	240.000000	509.000000	0.000000
729.999151	gene_F	130.000000	347.000000	0.000000
729.999151	gene_G	27.000000	259.000000	0.061776
729.999151	gene_H	0.000000	182.000000	0.142857
729.999151	gene_J	119.000000	502.000000	0.115538
729.999151	gene_K	58.000000	136.000000	0.000000
729.999151	promoter_A	1.000000	0.000000	0.000000
729.999151	promoter_B1	0.000000	0.000000	0.000000
729.999151	promoter_D	0.000000	0.000000	0.000000
734.999823	__gene_A*_rbs	11.000000	0.000000	0.000000
734.999823	__gene_A_rbs	11.000000	0.000000	0.000000
734.999823	__gene_B_rbs	138.000000	0.000000	0.000000
734.999823	__gene_C_rbs	137.000000	0.000000	0.000000
734.999823	__gene_D_rbs	517.000000	0.000000	0.000000
734.999823	__gene_E_rbs	513.000000	0.000000	0.000000
734.999823	__gene_F_rbs	351.000000	0.000000	0.000000
734.999823	__gene_G_rbs	260.000000	0.000000	0.000000
734.999823	__gene_H_rbs	183.000000	0.000000	0.000000
734.999823	__gene_J_rbs	506.000000	0.000000	0.000000
734.999823	__gene_K_rbs	137.000000	0.000000	0.000000
734.999823	__ribosome	0.000000	0.000000	0.000000
734.999823	bound_ecolipol	1903.000000	0.000000	0.000000
734.999823	bound_ribosome	100.000000	0.000000	0.000000
734.999823	ecoli_genome	97.000000	0.000000	0.000000
734.999823	ecoli_transcript	56122.000000	0.000000	0.000000
734.999823	ecolipol	47.000000	0.000000	0.000000
734.999823	gene_A	10.000000	11.000000	0.000000
734.999823	gene_A*	10.000000	11.000000	0.000000
734.999823	gene_B	74.000000	138.000000	0.000000
734.999823	gene_C	61.000000	137.000000	0.000000
734.999823	gene_D	294.000000	517.000000	0.000000
734.999823	gene_E	240.000000	513.000000	0.000000
734.999823	gene_F	130.000000	351.000000	0.000000
734.999823	gene_G	27.000000	260.000000	0.061538
734.999823	gene_H	0.000000	183.000000	0.142077
734.999823	gene_J	119.000000	506.000000	0.114625
734.999823	gene_K	58.000000	137.000000	0.000000
734.999823	promoter_A	1.000000	0.000000	0.000000
734.999823	promoter_B1	1.000000	0.000000	0.000000
734.999823	promoter_D	0.000000	0.000000	0.000000
739.999115	__gene_A*_rbs	11.000000	0.000000	0.000000
739.999115	__gene_A_rbs	12.000000	0.000000	0.000000
739.999115	__gene_B_rbs	140.000000	0.000000	0.000000
739.999115	__gene_C_rbs	137.000000	0.000000	0.000000
739.999115	__gene_D_rbs	520.000000	0.000000	0.000000
739.999115	__gene_E_rbs	517.000000	0.000000	0.000000
739.999115	__gene_F_rbs	352.000000	0.000000	0.000000
739.999115	__gene_G_rbs	263.000000	0.000000	0.000000
739.999115	__gene_H_rbs	184.000000	0.000000	0.000000
739.999115	__gene_J_rbs	510.000000	0.000000	0.000000
739.999115	__gene_K_rbs	137.000000	0.000000	0.000000
739.999115	__ribosome	0.000000	0.000000	0.000000
739.999115	bound_ecolipol	1897.000000	0.000000	0.000000
739.999115	bound_ribosome	100.000000	0.000000	0.000000
739.999115	ecoli_genome	103.000000	0.000000	0.000000
739.999115	ecoli_transcript	56488.000000	0.000000	0.000000
739.999115	ecolipol	52.000000	0.000000	0.000000
739.999115	gene_A	10.000000	12.000000	0.000000
739.999115	gene_A*	10.000000	11.000000	0.000000
739.999115	gene_B	74.000000	140.000000	0.000000
739.999115	gene_C	61.000000	137.000000	0.000000
739.999115	gene_D	294.000000	520.000000	0.000000
739.999115	gene_E	240.000000	517.000000	0.000000
739.999115	gene_F	130.000000	352.000000	0.000000
739.999115	gene_G	27.000000	263.000000	0.060837
739.999115	gene_H	0.000000	184.000000	0.141304
739.999115	gene_J	119.000000	510.000000	0.113725
739.999115	gene_K	58.000000	137.000000	0.000000
739.999115	promoter_A	1.000000	0.000000	0.000000
739.999115	promoter_B1	0.000000	0.000000	0.000000
739.999115	promoter_D	0.000000	0.000000	0.000000
744.999188	__gene_A*_rbs	11.000000	0.000000	0.000000
744.999188	__gene_A_rbs	12.000000	0.000000	0.000000
744.999188	__gene_B_rbs	142.000000	0.000000	0.000000
744.999188	__gene_C_rbs	138.000000	0.000000	0.000000
744.999188	__gene_D_rbs	523.000000	0.000000	0.000000
744.999188	__gene_E_rbs	520.000000	0.000000	0.000000
744.999188	__gene_F_rbs	356.000000	0.000000	0.000000
744.999188	__gene_G_rbs	265.000000	0.000000	0.000000
744.999188	__gene_H_rbs	185.000000	0.000000	0.000000
744.999188	__gene_J_rbs	513.000000	0.000000	0.000000
744.999188	__gene_K_rbs	138.000000	0.000000	0.000000
744.999188	__ribosome	0.000000	0.000000	0.000000
744.999188	bound_ecolipol	1907.000000	0.000000	0.000000
744.999188	bound_ribosome	100.000000	0.000000	0.000000
744.999188	ecoli_genome	93.000000	0.000000	0.000000
744.999188	ecoli_transcript	56840.000000	0.000000	0.000000
744.999188	ecolipol	40.000000	0.000000	0.000000
744.999188	gene_A	10.000000	12.000000	0.000000
744.999188	gene_A*	10.000000	11.000000	0.000000
744.999188	gene_B	74.000000	142.000000	0.000000
744.999188	gene_C	61.000000	138.000000	0.000000
744.999188	gene_D	294.000000	523.000000	0.000000
744.999188	gene_E	240.000000	520.000000	0.000000
744.999188	gene_F	130.000000	356.000000	0.000000
744.999188	gene_G	27.000000	265.000000	0.060377
744.999188	gene_H	0.000000	185.000000	0.140541
744.999188	gene_J	119.000000	513.000000	0.113060
744.999188	gene_K	58.000000	138.000000	0.000000
744.999188	promoter_A	1.000000	0.000000	0.000000
744.999188	promoter_B1	1.000000	0.000000	0.000000
744.999188	promoter_D	0.000000	0.000000	0.000000
749.999039	__gene_A*_rbs	11.000000	0.000000	0.000000
749.999039	__gene_A_rbs	13.000000	0.000000	0.000000
749.999039	__gene_B_rbs	143.000000	0.000000	0.000000
749.999039	__gene_C_rbs	139.000000	0.000000	0.000000
749.999039	__gene_D_rbs	527.000000	0.000000	0.000000
749.999039	__gene_E_rbs	523.000000	0.000000	0.000000
749.999039	__gene_F_rbs	357.000000	0.000000	0.000000
749.999039	__gene_G_rbs	267.000000	0.000000	0.000000
749.999039	__gene_H_rbs	187.000000	0.000000	0.000000
749.999039	__gene_J_rbs	517.000000	0.000000	0.000000
749.999039	__gene_K_rbs	140.000000	0.000000	0.000000
749.999039	__ribosome	0.000000	0.000000	0.000000
749.999039	bound_ecolipol	1890.000000	0.000000	0.000000
749.999039	bound_ribosome	100.000000	0.000000	0.000000
749.999039	ecoli_genome	110.000000	0.000000	0.000000
749.999039	ecoli_transcript	57225.000000	0.000000	0.000000
749.999039	ecolipol	55.000000	0.000000	0.000000
749.999039	gene_A	10.000000	13.000000	0.000000
749.999039	gene_A*	10.000000	11.000000	0.000000
749.999039	gene_B	74.000000	143.000000	0.000000
749.999039	gene_C	61.000000	139.000000	0.000000
749.999039	gene_D	294.000000	527.000000	0.000000
749.999039	gene_E	240.000000	523.000000	0.000000
749.999039	gene_F	130.000000	357.000000	0.000000
749.999039	gene_G	27.000000	267.000000	0.059925
749.999039	gene_H	0.000000	187.000000	0.139037
749.999039	gene_J	119.000000	517.000000	0.112186
749.999039	gene_K	58.000000	140.000000	0.000000
749.999039	promoter_A	1.000000	0.000000	0.000000
749.999039	promoter_B1	1.000000	0.000000	0.000000
749.999039	promoter_D	0.000000	0.000000	0.000000
754.999036	__gene_A*_rbs	12.000000	0.000000	0.000000
754.999036	__gene_A_rbs	13.000000	0.000000	0.000000
754.999036	__gene_B_rbs	144.000000	0.000000	0.000000
754.999036	__gene_C_rbs	141.000000	0.000000	0.000000
754.999036	__gene_D_rbs	531.000000	0.000000	0.000000
754.999036	__gene_E_rbs	527.000000	0.000000	0.000000
754.999036	__gene_F_rbs	360.000000	0.000000	0.000000
754.999036	__gene_G_rbs	269.000000	0.000000	0.000000
754.999036	__gene_H_rbs	188.000000	0.000000	0.000000
754.999036	__gene_J_rbs	520.000000	0.000000	0.000000
754.999036	__gene_K_rbs	142.000000	0.000000	0.000000
754.999036	__ribosome	0.000000	0.000000	0.000000
754.999036	bound_ecolipol	1902.000000	0.000000	0.000000
754.999036	bound_ribosome	100.000000	0.000000	0.000000
754.999036	ecoli_genome	98.000000	0.000000	0.000000
754.999036	ecoli_transcript	57611.000000	0.000000	0.000000
754.999036	ecolipol	44.000000	0.000000	0.000000
754.999036	gene_A	10.000000	13.000000	0.000000
754.999036	gene_A*	10.000000	12.000000	0.000000
754.999036	gene_B	74.000000	144.000000	0.000000
754.999036	gene_C	61.000000	141.000000	0.000000
754.999036	gene_D	294.000000	531.000000	0.000000
754.999036	gene_E	240.000000	527.000000	0.000000
754.999036	gene_F	130.000000	360.000000	0.000000
754.999036	gene_G	27.000000	269.000000	0.059480
754.999036	gene_H	0.000000	188.000000	0.138298
754.999036	gene_J	119.000000	520.000000	0.111538
754.999036	gene_K	58.000000	142.000000	0.000000
754.999036	promoter_A	1.000000	0.000000	0.000000
754.999036	promoter_B1	1.000000	0.000000	0.000000
754.999036	promoter_D	0.000000	0.000000	0.000000
759.999069	__gene_A*_rbs	12.000000	0.000000	0.000000
759.999069	__gene_A_rbs	13.000000	0.000000	0.000000
759.999069	__gene_B_rbs	145.000000	0.000000	0.000000
759.999069	__gene_C_rbs	143.000000	0.000000	0.000000
759.999069	__gene_D_rbs	534.000000	0.000000	0.000000
759.999069	__gene_E_rbs	530.000000	0.000000	0.000000
759.999069	__gene_F_rbs	362.000000	0.000000	0.000000
759.999069	__gene_G_rbs	270.000000	0.000000	0.000000
759.999069	__gene_H_rbs	189.000000	0.000000	0.000000
759.999069	__gene_J_rbs	524.000000	0.000000	0.000000
759.999069	__gene_K_rbs	143.000000	0.000000	0.000000
759.999069	__ribosome	0.000000	0.000000	0.000000
759.999069	bound_ecolipol	1902.000000	0.000000	0.000000
759.999069	bound_ribosome	100.000000	0.000000	0.000000
759.999069	ecoli_genome	98.000000	0.000000	0.000000
759.999069	ecoli_transcript	57987.000000	0.000000	0.000000
759.999069	ecolipol	48.000000	0.000000	0.000000
759.999069	gene_A	10.000000	13.000000	0.000000
759.999069	gene_A*	10.000000	12.000000	0.000000
759.999069	gene_B	74.000000	145.000000	0.000000
759.999069	gene_C	61.000000	143.000000	0.000000
759.999069	gene_D	294.000000	534.000000	0.000000
759.999069	gene_E	240.000000	530.000000	0.000000
759.999069	gene_F	130.000000	362.000000	0.000000
759.999069	gene_G	27.000000	270.000000	0.059259
759.999069	gene_H	0.000000	189.000000	0.137566
759.999069	gene_J	119.000000	524.000000	0.110687
759.999069	gene_K	58.000000	143.000000	0.000000
759.999069	promoter_A	1.000000	0.000000	0.000000
759.999069	promoter_B1	1.000000	0.000000	0.000000
759.999069	promoter_D	0.000000	0.000000	0.000000
764.999032	__gene_A*_rbs	13.000000	0.000000	0.000000
764.999032	__gene_A_rbs	13.000000	0.000000	0.000000
764.999032	__gene_B_rbs	146.000000	0.000000	0.000000
764.999032	__gene_C_rbs	144.000000	0.000000	0.000000
764.999032	__gene_D_rbs	537.000000	0.000000	0.000000
764.999032	__gene_E_rbs	534.000000	0.000000	0.000000
764.999032	__gene_F_rbs	366.000000	0.000000	0.000000
764.999032	__gene_G_rbs	271.000000	0.000000	0.000000
764.999032	__gene_H_rbs	191.000000	0.000000	0.000000
764.999032	__gene_J_rbs	528.000000	0.000000	0.000000
764.999032	__gene_K_rbs	144.000000	0.000000	0.000000
764.999032	__ribosome	0.000000	0.000000	0.000000
764.999032	bound_ecolipol	1903.000000	0.000000	0.000000
764.999032	bound_ribosome	100.000000	0.000000	0.000000
764.999032	ecoli_genome	97.000000	0.000000	0.000000
764.999032	ecoli_transcript	58345.000000	0.000000	0.000000
764.999032	ecolipol	47.000000	0.000000	0.000000
764.999032	gene_A	10.000000	13.000000	0.000000
764.999032	gene_A*	10.000000	13.000000	0.000000
764.999032	gene_B	74.000000	146.000000	0.000000
764.999032	gene_C	61.000000	144.000000	0.000000
764.999032	gene_D	294.000000	537.000000	0.000000
764.999032	gene_E	240.000000	534.000000	0.000000
764.999032	gene_F	130.000000	366.000000	0.000000
764.999032	gene_G	27.000000	271.000000	0.059041
764.999032	gene_H	0.000000	191.000000	0.136126
764.999032	gene_J	119.000000	528.000000	0.109848
764.999032	gene_K	58.000000	144.000000	0.000000
764.999032	promoter_A	1.000000	0.000000	0.000000
764.999032	promoter_B1	1.000000	0.000000	0.000000
764.999032	promoter_D	0.000000	0.000000	0.000000
769.999278	__gene_A*_rbs	13.000000	0.000000	0.000000
769.999278	__gene_A_rbs	13.000000	0.000000	0.000000
769.999278	__gene_B_rbs	147.000000	0.000000	0.000000
769.999278	__gene_C_rbs	144.000000	0.000000	0.000000
769.999278	__gene_D_rbs	541.000000	0.000000	0.000000
769.999278	__gene_E_rbs	537.000000	0.000000	0.000000
769.999278	__gene_F_rbs	369.000000	0.000000	0.000000
769.999278	__gene_G_rbs	273.000000	0.000000	0.000000
769.999278	__gene_H_rbs	191.000000	0.000000	0.000000
769.999278	__gene_J_rbs	531.000000	0.000000	0.000000
769.999278	__gene_K_rbs	145.000000	0.000000	0.000000
769.999278	__ribosome	0.000000	0.000000	0.000000
769.999278	bound_ecolipol	1905.000000	0.000000	0.000000
769.999278	bound_ribosome	100.000000	0.000000	0.000000
769.999278	ecoli_genome	95.000000	0.000000	0.000000
769.999278	ecoli_transcript	58724.000000	0.000000	0.000000
769.999278	ecolipol	45.000000	0.000000	0.000000
769.999278	gene_A	10.000000	13.000000	0.000000
769.999278	gene_A*	10.000000	13.000000	0.000000
769.999278	gene_B	74.000000	147.000000	0.000000
769.999278	gene_C	61.000000	144.000000	0.000000
769.999278	gene_D	294.000000	541.000000	0.000000
769.999278	gene_E	240.000000	537.000000	0.000000
769.999278	gene_F	130.000000	369.000000	0.000000
769.999278	gene_G	27.000000	273.000000	0.058608
769.999278	gene_H	0.000000	191.000000	0.136126
769.999278	gene_J	119.000000	531.000000	0.109228
769.999278	gene_K	58.000000	145.000000	0.000000
769.999278	promoter_A	1.000000	0.000000	0.000000
769.999278	promoter_B1	1.000000	0.000000	0.000000
769.999278	promoter_D	0.000000	0.000000	0.000000
774.999023	__gene_A*_rbs	13.000000	0.000000	0.000000
774.999023	__gene_A_rbs	14.000000	0.000000	0.000000
774.999023	__gene_B_rbs	149.000000	0.000000	0.000000
774.999023	__gene_C_rbs	145.000000	0.000000	0.000000
774.999023	__gene_D_rbs	544.000000	0.000000	0.000000
774.999023	__gene_E_rbs	541.000000	0.000000	0.000000
774.999023	__gene_F_rbs	371.000000	0.000000	0.000000
774.999023	__gene_G_rbs	275.000000	0.000000	0.000000
774.999023	__gene_H_rbs	192.000000	0.000000	0.000000
774.999023	__gene_J_rbs	535.000000	0.000000	0.000000
774.999023	__gene_K_rbs	146.000000	0.000000	0.000000
774.999023	__ribosome	0.000000	0.000000	0.000000
774.999023	bound_ecolipol	1891.000000	0.000000	0.000000
774.999023	bound_ribosome	100.000000	0.000000	0.000000
774.999023	ecoli_genome	109.000000	0.000000	0.000000
774.999023	ecoli_transcript	59111.000000	0.000000	0.000000
774.999023	ecolipol	56.000000	0.000000	0.000000
774.999023	gene_A	10.000000	14.000000	0.000000
774.999023	gene_A*	10.000000	13.000000	0.000000
774.999023	gene_B	74.000000	149.000000	0.000000
774.999023	gene_C	61.000000	145.000000	0.000000
774.999023	gene_D	294.000000	544.000000	0.000000
774.999023	gene_E	240.000000	541.000000	0.000000
774.999023	gene_F	130.000000	371.000000	0.000000
774.999023	gene_G	27.000000	275.000000	0.058182
774.999023	gene_H	0.000000	192.000000	0.135417
774.999023	gene_J	119.000000	535.000000	0.108411
774.999023	gene_K	58.000000	146.000000	0.000000
774.999023	promoter_A	1.000000	0.000000	0.000000
774.999023	promoter_B1	1.000000	0.000000	0.000000
774.999023	promoter_D	0.000000	0.000000	0.000000
779.999096	__gene_A*_rbs	13.000000	0.000000	0.000000
779.999096	__gene_A_rbs	14.000000	0.000000	0.000000
779.999096	__gene_B_rbs	150.000000	0.000000	0.000000
779.999096	__gene_C_rbs	146.000000	0.000000	0.000000
779.999096	__gene_D_rbs	548.000000	0.000000	0.000000
779.999096	__gene_E_rbs	543.000000	0.000000	0.000000
779.999096	__gene_F_rbs	374.000000	0.000000	0.000000
779.999096	__gene_G_rbs	276.000000	0.000000	0.000000
779.999096	__gene_H_rbs	193.000000	0.000000	0.000000
779.999096	__gene_J_rbs	538.000000	0.000000	0.000000
779.999096	__gene_K_rbs	147.000000	0.000000	0.000000
779.999096	__ribosome	0.000000	0.000000	0.000000
779.999096	bound_ecolipol	1885.000000	0.000000	0.000000
779.999096	bound_ribosome	100.000000	0.000000	0.000000
779.999096	ecoli_genome	115.000000	0.000000	0.000000
779.999096	ecoli_transcript	59461.000000	0.000000	0.000000
779.999096	ecolipol	62.000000	0.000000	0.000000
779.999096	gene_A	10.000000	14.000000	0.000000
779.999096	gene_A*	10.000000	13.000000	0.000000
779.999096	gene_B	74.000000	150.000000	0.000000
779.999096	gene_C	61.000000	146.000000	0.000000
779.999096	gene_D	294.000000	548.000000	0.000000
779.999096	gene_E	240.000000	543.000000	0.000000
779.999096	gene_F	130.000000	374.000000	0.000000
779.999096	gene_G	27.000000	276.000000	0.057971
779.999096	gene_H	0.000000	193.000000	0.134715
779.999096	gene_J	119.000000	538.000000	0.107807
779.999096	gene_K	58.000000	147.000000	0.000000
779.999096	promoter_A	1.000000	0.000000	0.000000
779.999096	promoter_B1	1.000000	0.000000	0.000000
779.999096	promoter_D	0.000000	0.000000	0.000000
784.999121	__gene_A*_rbs	13.000000	0.000000	0.000000
784.999121	__gene_A_rbs	14.000000	0.000000	0.000000
784.999121	__gene_B_rbs	152.000000	0.000000	0.000000
784.999121	__gene_C_rbs	147.000000	0.000000	0.000000
784.999121	__gene_D_rbs	551.000000	0.000000	0.000000
784.999121	__gene_E_rbs	547.000000	0.000000	0.000000
784.999121	__gene_F_rbs	375.000000	0.000000	0.000000
784.999121	__gene_G_rbs	278.000000	0.000000	0.000000
784.999121	__gene_H_rbs	195.000000	0.000000	0.000000
784.999121	__gene_J_rbs	541.000000	0.000000	0.000000
784.999121	__gene_K_rbs	149.000000	0.000000	0.000000
784.999121	__ribosome	0.000000	0.000000	0.000000
784.999121	bound_ecolipol	1885.000000	0.000000	0.000000
784.999121	bound_ribosome	100.000000	0.000000	0.000000
784.999121	ecoli_genome	115.000000	0.000000	0.000000
784.999121	ecoli_transcript	59853.000000	0.000000	0.000000
784.999121	ecolipol	60.000000	0.000000	0.000000
784.999121	gene_A	10.000000	14.000000	0.000000
784.999121	gene_A*	10.000000	13.000000	0.000000
784.999121	gene_B	74.000000	152.000000	0.000000
784.999121	gene_C	61.000000	147.000000	0.000000
784.999121	gene_D	294.000000	551.000000	0.000000
784.999121	gene_E	240.000000	547.000000	0.000000
784.999121	gene_F	130.000000	375.000000	0.000000
784.999121	gene_G	27.000000	278.000000	0.057554
784.999121	gene_H	0.000000	195.000000	0.133333
784.999121	gene_J	119.000000	541.000000	0.107209
784.999121	gene_K	58.000000	149.000000	0.000000
784.999121	promoter_A	1.000000	0.000000	0.000000
784.999121	promoter_B1	0.000000	0.000000	0.000000
784.999121	promoter_D	0.000000	0.000000	0.000000
789.999320	__gene_A*_rbs	14.000000	0.000000	0.000000
789.999320	__gene_A_rbs	15.000000	0.000000	0.000000
789.999320	__gene_B_rbs	153.000000	0.000000	0.000000
789.999320	__gene_C_rbs	149.000000	0.000000	0.000000
789.999320	__gene_D_rbs	554.000000	0.000000	0.000000
789.999320	__gene_E_rbs	551.000000	0.000000	0.000000
789.999320	__gene_F_rbs	379.000000	0.000000	0.000000
789.999320	__gene_G_rbs	281.000000	0.000000	0.000000
789.999320	__gene_H_rbs	196.000000	0.000000	0.000000
789.999320	__gene_J_rbs	545.000000	0.000000	0.000000
789.999320	__gene_K_rbs	150.000000	0.000000	0.000000
789.999320	__ribosome	0.000000	0.000000	0.000000
789.999320	bound_ecolipol	1889.000000	0.000000	0.000000
789.999320	bound_ribosome	100.000000	0.000000	0.000000
789.999320	ecoli_genome	111.000000	0.000000	0.000000
789.999320	ecoli_transcript	60256.000000	0.000000	0.000000
789.999320	ecolipol	54.000000	0.000000	0.000000
789.999320	gene_A	10.000000	15.000000	0.000000
789.999320	gene_A*	10.000000	14.000000	0.000000
789.999320	gene_B	74.000000	153.000000	0.000000
789.999320	gene_C	61.000000	149.000000	0.000000
789.999320	gene_D	294.000000	554.000000	0.000000
789.999320	gene_E	240.000000	551.000000	0.000000
789.999320	gene_F	130.000000	379.000000	0.000000
789.999320	gene_G	27.000000	281.000000	0.056940
789.999320	gene_H	0.000000	196.000000	0.132653
789.999320	gene_J	119.000000	545.000000	0.106422
789.999320	gene_K	58.000000	150.000000	0.000000
789.999320	promoter_A	0.000000	0.000000	0.000000
789.999320	promoter_B1	1.000000	0.000000	0.000000
789.999320	promoter_D	0.000000	0.000000	0.000000
794.999054	__gene_A*_rbs	14.000000	0.000000	0.000000
794.999054	__gene_A_rbs	15.000000	0.000000	0.000000
794.999054	__gene_B_rbs	155.000000	0.000000	0.000000
794.999054	__gene_C_rbs	151.000000	0.000000	0.000000
794.999054	__gene_D_rbs	558.000000	0.000000	0.000000
794.999054	__gene_E_rbs	554.000000	0.000000	0.000000
794.999054	__gene_F_rbs	380.000000	0.000000	0.000000
794.999054	__gene_G_rbs	282.000000	0.000000	0.000000
794.999054	__gene_H_rbs	197.000000	0.000000	0.000000
794.999054	__gene_J_rbs	548.000000	0.000000	0.000000
794.999054	__gene_K_rbs	152.000000	0.000000	0.000000
794.999054	__ribosome	0.000000	0.000000	0.000000
794.999054	bound_ecolipol	1887.000000	0.000000	0.000000
794.999054	bound_ribosome	100.000000	0.000000	0.000000
794.999054	ecoli_genome	113.000000	0.000000	0.000000
794.999054	ecoli_transcript	60668.000000	0.000000	0.000000
794.999054	ecolipol	58.000000	0.000000	0.000000
794.999054	gene_A	10.000000	15.000000	0.000000
794.999054	gene_A*	10.000000	14.000000	0.000000
794.999054	gene_B	74.000000	155.000000	0.000000
794.999054	gene_C	61.000000	151.000000	0.000000
794.999054	gene_D	294.000000	558.000000	0.000000
794.999054	gene_E	240.000000	554.000000	0.000000
794.999054	gene_F	130.000000	380.000000	0.000000
794.999054	gene_G	27.000000	282.000000	0.056738
794.999054	gene_H	0.000000	197.000000	0.131980
794.999054	gene_J	119.000000	548.000000	0.105839
794.999054	gene_K	58.000000	152.000000	0.000000
794.999054	promoter_A	1.000000	0.000000	0.000000
794.999054	promoter_B1	0.000000	0.000000	0.000000
794.999054	promoter_D	0.000000	0.000000	0.000000
799.999056	__gene_A*_rbs	14.000000	0.000000	0.000000
799.999056	__gene_A_rbs	16.000000	0.000000	0.000000
799.999056	__gene_B_rbs	156.000000	0.000000	0.000000
799.999056	__gene_C_rbs	153.000000	0.000000	0.000000
799.999056	__gene_D_rbs	562.000000	0.000000	0.000000
799.999056	__gene_E_rbs	557.000000	0.000000	0.000000
799.999056	__gene_F_rbs	382.000000	0.000000	0.000000
799.999056	__gene_G_rbs	283.000000	0.000000	0.000000
799.999056	__gene_H_rbs	198.000000	0.000000	0.000000
799.999056	__gene_J_rbs	552.000000	0.000000	0.000000
799.999056	__gene_K_rbs	153.000000	0.000000	0.000000
799.999056	__ribosome	0.000000	0.000000	0.000000
799.999056	bound_ecolipol	1898.000000	0.000000	0.000000
799.999056	bound_ribosome	100.000000	0.000000	0.000000
799.999056	ecoli_genome	102.000000	0.000000	0.000000
799.999056	ecoli_transcript	61058.000000	0.000000	0.000000
799.999056	ecolipol	50.000000	0.000000	0.000000
799.999056	gene_A	10.000000	16.000000	0.000000
799.999056	gene_A*	10.000000	14.000000	0.000000
799.999056	gene_B	74.000000	156.000000	0.000000
799.999056	gene_C	61.000000	153.000000	0.000000
799.999056	gene_D	294.000000	562.000000	0.000000
799.999056	gene_E	240.000000	557.000000	0.000000
799.999056	gene_F	130.000000	382.000000	0.000000
799.999056	gene_G	27.000000	283.000000	0.056537
799.999056	gene_H	0.000000	198.000000	0.131313
799.999056	gene_J	119.000000	552.000000	0.105072
799.999056	gene_K	58.000000	153.000000	0.000000
799.999056	promoter_A	1.000000	0.000000	0.000000
799.999056	promoter_B1	1.000000	0.000000	0.000000
799.999056	promoter_D	0.000000	0.000000	0.000000
804.999256	__gene_A*_rbs	15.000000	0.000000	0.000000
804.999256	__gene_A_rbs	16.000000	0.000000	0.000000
804.999256	__gene_B_rbs	157.000000	0.000000	0.000000
804.999256	__gene_C_rbs	154.000000	0.000000	0.000000
804.999256	__gene_D_rbs	565.000000	0.000000	0.000000
804.999256	__gene_E_rbs	561.000000	0.000000	0.000000
804.999256	__gene_F_rbs	384.000000	0.000000	0.000000
804.999256	__gene_G_rbs	285.000000	0.000000	0.000000
804.999256	__gene_H_rbs	200.000000	0.000000	0.000000
804.999256	__gene_J_rbs	555.000000	0.000000	0.000000
804.999256	__gene_K_rbs	154.000000	0.000000	0.000000
804.999256	__ribosome	0.000000	0.000000	0.000000
804.999256	bound_ecolipol	1898.000000	0.000000	0.000000
804.999256	bound_ribosome	100.000000	0.000000	0.000000
804.999256	ecoli_genome	102.000000	0.000000	0.000000
804.999256	ecoli_transcript	61428.000000	0.000000	0.000000
804.999256	ecolipol	47.000000	0.000000	0.000000
804.999256	gene_A	10.000000	16.000000	0.000000
804.999256	gene_A*	10.000000	15.000000	0.000000
804.999256	gene_B	74.000000	157.000000	0.000000
804.999256	gene_C	61.000000	154.000000	0.000000
804.999256	gene_D	294.000000	565.000000	0.000000
804.999256	gene_E	240.000000	561.000000	0.000000
804.999256	gene_F	130.000000	384.000000	0.000000
804.999256	gene_G	27.000000	285.000000	0.056140
804.999256	gene_H	0.000000	200.000000	0.130000
804.999256	gene_J	119.000000	555.000000	0.104505
804.999256	gene_K	58.000000	154.000000	0.000000
804.999256	promoter_A	1.000000	0.000000	0.000000
804.999256	promoter_B1	1.000000	0.000000	0.000000
804.999256	promoter_D	0.000000	0.000000	0.000000
809.999037	__gene_A*_rbs	15.000000	0.000000	0.000000
809.999037	__gene_A_rbs	16.000000	0.000000	0.000000
809.999037	__gene_B_rbs	159.000000	0.000000	0.000000
809.999037	__gene_C_rbs	155.000000	0.000000	0.000000
809.999037	__gene_D_rbs	568.000000	0.000000	0.000000
809.999037	__gene_E_rbs	564.000000	0.000000	0.000000
809.999037	__gene_F_rbs	386.000000	0.000000	0.000000
809.999037	__gene_G_rbs	287.000000	0.000000	0.000000
809.999037	__gene_H_rbs	200.000000	0.000000	0.000000
809.999037	__gene_J_rbs	559.000000	0.000000	0.000000
809.999037	__gene_K_rbs	156.000000	0.000000	0.000000
809.999037	__ribosome	0.000000	0.000000	0.000000
809.999037	bound_ecolipol	1908.000000	0.000000	0.000000
809.999037	bound_ribosome	100.000000	0.000000	0.000000
809.999037	ecoli_genome	92.000000	0.000000	0.000000
809.999037	ecoli_transcript	61809.000000	0.000000	0.000000
809.999037	ecolipol	39.000000	0.000000	0.000000
809.999037	gene_A	10.000000	16.000000	0.000000
809.999037	gene_A*	10.000000	15.000000	0.000000
809.999037	gene_B	74.000000	159.000000	0.000000
809.999037	gene_C	61.000000	155.000000	0.000000
809.999037	gene_D	294.000000	568.000000	0.000000
809.999037	gene_E	240.000000	564.000000	0.000000
809.999037	gene_F	130.000000	386.000000	0.000000
809.999037	gene_G	27.000000	287.000000	0.055749
809.999037	gene_H	0.000000	200.000000	0.130000
809.999037	gene_J	119.000000	559.000000	0.103757
809.999037	gene_K	58.000000	156.000000	0.000000
809.999037	promoter_A	1.000000	0.000000	0.000000
809.999037	promoter_B1	1.000000	0.000000	0.000000
809.999037	promoter_D	0.000000	0.000000	0.000000
814.999178	__gene_A*_rbs	16.000000	0.000000	0.000000
814.999178	__gene_A_rbs	16.000000	0.000000	0.000000
814.999178	__gene_B_rbs	160.000000	0.000000	0.000000
814.999178	__gene_C_rbs	157.000000	0.000000	0.000000
814.999178	__gene_D_rbs	571.000000	0.000000	0.000000
814.999178	__gene_E_rbs	568.000000	0.000000	0.000000
814.999178	__gene_F_rbs	389.000000	0.000000	0.000000
814.999178	__gene_G_rbs	289.000000	0.000000	0.000000
814.999178	__gene_H_rbs	201.000000	0.000000	0.000000
814.999178	__gene_J_rbs	562.000000	0.000000	0.000000
814.999178	__gene_K_rbs	157.000000	0.000000	0.000000
814.999178	__ribosome	0.000000	0.000000	0.000000
814.999178	bound_ecolipol	1899.000000	0.000000	0.000000
814.999178	bound_ribosome	100.000000	0.000000	0.000000
814.999178	ecoli_genome	101.000000	0.000000	0.000000
814.999178	ecoli_transcript	62207.000000	0.000000	0.000000
814.999178	ecolipol	53.000000	0.000000	0.000000
814.999178	gene_A	10.000000	16.000000	0.000000
814.999178	gene_A*	10.000000	16.000000	0.000000
814.999178	gene_B	74.000000	160.000000	0.000000
814.999178	gene_C	61.000000	157.000000	0.000000
814.999178	gene_D	294.000000	571.000000	0.000000
814.999178	gene_E	240.000000	568.000000	0.000000
814.999178	gene_F	130.000000	389.000000	0.000000
814.999178	gene_G	27.000000	289.000000	0.055363
814.999178	gene_H	0.000000	201.000000	0.129353
814.999178	gene_J	119.000000	562.000000	0.103203
814.999178	gene_K	58.000000	157.000000	0.000000
814.999178	promoter_A	1.000000	0.000000	0.000000
814.999178	promoter_B1	1.000000	0.000000	0.000000
814.999178	promoter_D	0.000000	0.000000	0.000000
819.999039	__gene_A*_rbs	16.000000	0.000000	0.000000
819.999039	__gene_A_rbs	16.000000	0.000000	0.000000
819.999039	__gene_B_rbs	160.000000	0.000000	0.000000
819.999039	__gene_C_rbs	158.000000	0.000000	0.000000
819.999039	__gene_D_rbs	575.000000	0.000000	0.000000
819.999039	__gene_E_rbs	571.000000	0.000000	0.000000
819.999039	__gene_F_rbs	392.000000	0.000000	0.000000
819.999039	__gene_G_rbs	291.000000	0.000000	0.000000
819.999039	__gene_H_rbs	203.000000	0.000000	0.000000
819.999039	__gene_J_rbs	565.000000	0.000000	0.000000
819.999039	__gene_K_rbs	159.000000	0.000000	0.000000
819.999039	__ribosome	0.000000	0.000000	0.000000
819.999039	bound_ecolipol	1905.000000	0.000000	0.000000
819.999039	bound_ribosome	100.000000	0.000000	0.000000
819.999039	ecoli_genome	95.000000	0.000000	0.000000
819.999039	ecoli_transcript	62581.000000	0.000000	0.000000
819.999039	ecolipol	47.000000	0.000000	0.000000
819.999039	gene_A	10.000000	16.000000	0.000000
819.999039	gene_A*	10.000000	16.000000	0.000000
819.999039	gene_B	74.000000	160.000000	0.000000
819.999039	gene_C	61.000000	158.000000	0.000000
819.999039	gene_D	294.000000	575.000000	0.000000
819.999039	gene_E	240.000000	571.000000	0.000000
819.999039	gene_F	130.000000	392.000000	0.000000
819.999039	gene_G	27.000000	291.000000	0.054983
819.999039	gene_H	0.000000	203.000000	0.128079
819.999039	gene_J	119.000000	565.000000	0.102655
819.999039	gene_K	58.000000	159.000000	0.000000
819.999039	promoter_A	1.000000	0.000000	0.000000
819.999039	promoter_B1	1.000000	0.000000	0.000000
819.999039	promoter_D	0.000000	0.000000	0.000000
824.999375	__gene_A*_rbs	16.000000	0.000000	0.000000
824.999375	__gene_A_rbs	16.000000	0.000000	0.000000
824.999375	__gene_B_rbs	162.000000	0.000000	0.000000
824.999375	__gene_C_rbs	160.000000	0.000000	0.000000
824.999375	__gene_D_rbs	578.000000	0.000000	0.000000
824.999375	__gene_E_rbs	575.000000	0.000000	0.000000
824.999375	__gene_F_rbs	394.000000	0.000000	0.000000
824.999375	__gene_G_rbs	293.000000	0.000000	0.000000
824.999375	__gene_H_rbs	203.000000	0.000000	0.000000
824.999375	__gene_J_rbs	569.000000	0.000000	0.000000
824.999375	__gene_K_rbs	160.000000	0.000000	0.000000
824.999375	__ribosome	0.000000	0.000000	0.000000
824.999375	bound_ecolipol	1901.000000	0.000000	0.000000
824.999375	bound_ribosome	100.000000	0.000000	0.000000
824.999375	ecoli_genome	99.000000	0.000000	0.000000
824.999375	ecoli_transcript	62962.000000	0.000000	0.000000
824.999375	ecolipol	51.000000	0.000000	0.000000
824.999375	gene_A	10.000000	16.000000	0.000000
824.999375	gene_A*	10.000000	16.000000	0.000000
824.999375	gene_B	74.000000	162.000000	0.000000
824.999375	gene_C	61.000000	160.000000	0.000000
824.999375	gene_D	294.000000	578.000000	0.000000
824.999375	gene_E	240.000000	575.000000	0.000000
824.999375	gene_F	130.000000	394.000000	0.000000
824.999375	gene_G	27.000000	293.000000	0.054608
824.999375	gene_H	0.000000	203.000000	0.128079
824.999375	gene_J	119.000000	569.000000	0.101933
824.999375	gene_K	58.000000	160.000000	0.000000
824.999375	promoter_A	1.000000	0.000000	0.000000
824.999375	promoter_B1	1.000000	0.000000	0.000000
824.999375	promoter_D	0.000000	0.000000	0.000000
829.999041	__gene_A*_rbs	16.000000	0.000000	0.000000
829.999041	__gene_A_rbs	16.000000	0.000000	0.000000
829.999041	__gene_B_rbs	163.000000	0.000000	0.000000
829.999041	__gene_C_rbs	160.000000	0.000000	0.000000
829.999041	__gene_D_rbs	582.000000	0.000000	0.000000
829.999041	__gene_E_rbs	579.000000	0.000000	0.000000
829.999041	__gene_F_rbs	396.000000	0.000000	0.000000
829.999041	__gene_G_rbs	294.000000	0.000000	0.000000
829.999041	__gene_H_rbs	205.000000	0.000000	0.000000
829.999041	__gene_J_rbs	572.000000	0.000000	0.000000
829.999041	__gene_K_rbs	160.000000	0.000000	0.000000
829.999041	__ribosome	0.000000	0.000000	0.000000
829.999041	bound_ecolipol	1896.000000	0.000000	0.000000
829.999041	bound_ribosome	100.000000	0.000000	0.000000
829.999041	ecoli_genome	104.000000	0.000000	0.000000
829.999041	ecoli_transcript	63378.000000	0.000000	0.000000
829.999041	ecolipol	56.000000	0.000000	0.000000
829.999041	gene_A	10.000000	16.000000	0.000000
829.999041	gene_A*	10.000000	16.000000	0.000000
829.999041	gene_B	74.000000	163.000000	0.000000
829.999041	gene_C	61.000000	160.000000	0.000000
829.999041	gene_D	294.000000	582.000000	0.000000
829.999041	gene_E	240.000000	579.000000	0.000000
829.999041	gene_F	130.000000	396.000000	0.000000
829.999041	gene_G	27.000000	294.000000	0.054422
829.999041	gene_H	0.000000	205.000000	0.126829
829.999041	gene_J	119.000000	572.000000	0.101399
829.999041	gene_K	58.000000	160.000000	0.000000
829.999041	promoter_A	1.000000	0.000000	0.000000
829.999041	promoter_B1	0.000000	0.000000	0.000000
829.999041	promoter_D	0.000000	0.000000	0.000000
834.999146	__gene_A*_rbs	16.000000	0.000000	0.000000
834.999146	__gene_A_rbs	16.000000	0.000000	0.000000
834.999146	__gene_B_rbs	163.000000	0.000000	0.000000
834.999146	__gene_C_rbs	161.000000	0.000000	0.000000
834.999146	__gene_D_rbs	585.000000	0.000000	0.000000
834.999146	__gene_E_rbs	582.000000	0.000000	0.000000
834.999146	__gene_F_rbs	400.000000	0.000000	0.000000
834.999146	__gene_G_rbs	296.000000	0.000000	0.000000
834.999146	__gene_H_rbs	206.000000	0.000000	0.000000
834.999146	__gene_J_rbs	575.000000	0.000000	0.000000
834.999146	__gene_K_rbs	162.000000	0.000000	0.000000
834.999146	__ribosome	0.000000	0.000000	0.000000
834.999146	bound_ecolipol	1891.000000	0.000000	0.000000
834.999146	bound_ribosome	100.000000	0.000000	0.000000
834.999146	ecoli_genome	109.000000	0.000000	0.000000
834.999146	ecoli_transcript	63765.000000	0.000000	0.000000
834.999146	ecolipol	60.000000	0.000000	0.000000
834.999146	gene_A	10.000000	16.000000	0.000000
834.999146	gene_A*	10.000000	16.000000	0.000000
834.999146	gene_B	74.000000	163.000000	0.000000
834.999146	gene_C	61.000000	161.000000	0.000000
834.999146	gene_D	294.000000	585.000000	0.000000
834.999146	gene_E	240.000000	582.000000	0.000000
834.999146	gene_F	130.000000	400.000000	0.000000
834.999146	gene_G	27.000000	296.000000	0.054054
834.999146	gene_H	0.000000	206.000000	0.126214
834.999146	gene_J	119.000000	575.000000	0.100870
834.999146	gene_K	58.000000	162.000000	0.000000
834.999146	promoter_A	1.000000	0.000000	0.000000
834.999146	promoter_B1	1.000000	0.000000	0.000000
834.999146	promoter_D	0.000000	0.000000	0.000000
839.999393	__gene_A*_rbs	16.000000	0.000000	0.000000
839.999393	__gene_A_rbs	16.000000	0.000000	0.000000
839.999393	__gene_B_rbs	165.000000	0.000000	0.000000
839.999393	__gene_C_rbs	162.000000	0.000000	0.000000
839.999393	__gene_D_rbs	589.000000	0.000000	0.000000
839.999393	__gene_E_rbs	585.000000	0.000000	0.000000
839.999393	__gene_F_rbs	402.000000	0.000000	0.000000
839.999393	__gene_G_rbs	298.000000	0.000000	0.000000
839.999393	__gene_H_rbs	208.000000	0.000000	0.000000
839.999393	__gene_J_rbs	579.000000	0.000000	0.000000
839.999393	__gene_K_rbs	163.000000	0.000000	0.000000
839.999393	__ribosome	0.000000	0.000000	0.000000
839.999393	bound_ecolipol	1896.000000	0.000000	0.000000
839.999393	bound_ribosome	100.000000	0.000000	0.000000
839.999393	ecoli_genome	104.000000	0.000000	0.000000
839.999393	ecoli_transcript	64145.000000	0.000000	0.000000
839.999393	ecolipol	52.000000	0.000000	0.000000
839.999393	gene_A	10.000000	16.000000	0.000000
839.999393	gene_A*	10.000000	16.000000	0.000000
839.999393	gene_B	74.000000	165.000000	0.000000
839.999393	gene_C	61.000000	162.000000	0.000000
839.999393	gene_D	294.000000	589.000000	0.000000
839.999393	gene_E	240.000000	585.000000	0.000000
839.999393	gene_F	130.000000	402.000000	0.000000
839.999393	gene_G	27.000000	298.000000	0.053691
839.999393	gene_H	0.000000	208.000000	0.125000
839.999393	gene_J	119.000000	579.000000	0.100173
839.999393	gene_K	58.000000	163.000000	0.000000
839.999393	promoter_A	1.000000	0.000000	0.000000
839.999393	promoter_B1	1.000000	0.000000	0.000000
839.999393	promoter_D	0.000000	0.000000	0.000000
844.999432	__gene_A*_rbs	16.000000	0.000000	0.000000
844.999432	__gene_A_rbs	16.000000	0.000000	0.000000
844.999432	__gene_B_rbs	166.000000	0.000000	0.000000
844.999432	__gene_C_rbs	163.000000	0.000000	0.000000
844.999432	__gene_D_rbs	592.000000	0.000000	0.000000
844.999432	__gene_E_rbs	588.000000	0.000000	0.000000
844.999432	__gene_F_rbs	406.000000	0.000000	0.000000
844.999432	__gene_G_rbs	299.000000	0.000000	0.000000
844.999432	__gene_H_rbs	209.000000	0.000000	0.000000
844.999432	__gene_J_rbs	583.000000	0.000000	0.000000
844.999432	__gene_K_rbs	163.000000	0.000000	0.000000
844.999432	__ribosome	0.000000	0.000000	0.000000
844.999432	bound_ecolipol	1903.000000	0.000000	0.000000
844.999432	bound_ribosome	100.000000	0.000000	0.000000
844.999432	ecoli_genome	97.000000	0.000000	0.000000
844.999432	ecoli_transcript	64510.000000	0.000000	0.000000
844.999432	ecolipol	45.000000	0.000000	0.000000
844.999432	gene_A	10.000000	16.000000	0.000000
844.999432	gene_A*	10.000000	16.000000	0.000000
844.999432	gene_B	74.000000	166.000000	0.000000
844.999432	gene_C	61.000000	163.000000	0.000000
844.999432	gene_D	294.000000	592.000000	0.000000
844.999432	gene_E	240.000000	588.000000	0.000000
844.999432	gene_F	130.000000	406.000000	0.000000
844.999432	gene_G	27.000000	299.000000	0.053512
844.999432	gene_H	0.000000	209.000000	0.124402
844.999432	gene_J	119.000000	583.000000	0.099485
844.999432	gene_K	58.000000	163.000000	0.000000
844.999432	promoter_A	1.000000	0.000000	0.000000
844.999432	promoter_B1	1.000000	0.000000	0.000000
844.999432	promoter_D	0.000000	0.000000	0.000000
849.999003	__gene_A*_rbs	16.000000	0.000000	0.000000
849.999003	__gene_A_rbs	16.000000	0.000000	0.000000
849.999003	__gene_B_rbs	166.000000	0.000000	0.000000
849.999003	__gene_C_rbs	163.000000	0.000000	0.000000
849.999003	__gene_D_rbs	596.000000	0.000000	0.000000
849.999003	__gene_E_rbs	592.000000	0.000000	0.000000
849.999003	__gene_F_rbs	410.000000	0.000000	0.000000
849.999003	__gene_G_rbs	301.000000	0.000000	0.000000
849.999003	__gene_H_rbs	210.000000	0.000000	0.000000
849.999003	__gene_J_rbs	586.000000	0.000000	0.000000
849.999003	__gene_K_rbs	165.000000	0.000000	0.000000
849.999003	__ribosome	0.000000	0.000000	0.000000
849.999003	bound_ecolipol	1893.000000	0.000000	0.000000
849.999003	bound_ribosome	100.000000	0.000000	0.000000
849.999003	ecoli_genome	107.000000	0.000000	0.000000
849.999003	ecoli_transcript	64920.000000	0.000000	0.000000
849.999003	ecolipol	54.000000	0.000000	0.000000
849.999003	gene_A	10.000000	16.000000	0.000000
849.999003	gene_A*	10.000000	16.000000	0.000000
849.999003	gene_B	74.000000	166.000000	0.000000
849.999003	gene_C	61.000000	163.000000	0.000000
849.999003	gene_D	294.000000	596.000000	0.000000
849.999003	gene_E	240.000000	592.000000	0.000000
849.999003	gene_F	130.000000	410.000000	0.000000
849.999003	gene_G	27.000000	301.000000	0.053156
849.999003	gene_H	0.000000	210.000000	0.123810
849.999003	gene_J	119.000000	586.000000	0.098976
849.999003	gene_K	58.000000	165.000000	0.000000
849.999003	promoter_A	1.000000	0.000000	0.000000
849.999003	promoter_B1	1.000000	0.000000	0.000000
849.999003	promoter_D	0.000000	0.000000	0.000000
854.999047	__gene_A*_rbs	16.000000	0.000000	0.000000
854.999047	__gene_A_rbs	16.000000	0.000000	0.000000
854.999047	__gene_B_rbs	166.000000	0.000000	0.000000
854.999047	__gene_C_rbs	165.000000	0.000000	0.000000
854.999047	__gene_D_rbs	600.000000	0.000000	0.000000
854.999047	__gene_E_rbs	596.000000	0.000000	0.000000
854.999047	__gene_F_rbs	413.000000	0.000000	0.000000
854.999047	__gene_G_rbs	303.000000	0.000000	0.000000
854.999047	__gene_H_rbs	212.000000	0.000000	0.000000
854.999047	__gene_J_rbs	590.000000	0.000000	0.000000
854.999047	__gene_K_rbs	166.000000	0.000000	0.000000
854.999047	__ribosome	0.000000	0.000000	0.000000
854.999047	bound_ecolipol	1893.000000	0.000000	0.000000
854.999047	bound_ribosome	100.000000	0.000000	0.000000
854.999047	ecoli_genome	107.000000	0.000000	0.000000
854.999047	ecoli_transcript	65314.000000	0.000000	0.000000
854.999047	ecolipol	51.000000	0.000000	0.000000
854.999047	gene_A	10.000000	16.000000	0.000000
854.999047	gene_A*	10.000000	16.000000	0.000000
854.999047	gene_B	74.000000	166.000000	0.000000
854.999047	gene_C	61.000000	165.000000	0.000000
854.999047	gene_D	294.000000	600.000000	0.000000
854.999047	gene_E	240.000000	596.000000	0.000000
854.999047	gene_F	130.000000	413.000000	0.000000
854.999047	gene_G	27.000000	303.000000	0.052805
854.999047	gene_H	0.000000	212.000000	0.122642
854.999047	gene_J	119.000000	590.000000	0.098305
854.999047	gene_K	58.000000	166.000000	0.000000
854.999047	promoter_A	1.000000	0.000000	0.000000
854.999047	promoter_B1	0.000000	0.000000	0.000000
854.999047	promoter_D	0.000000	0.000000	0.000000
859.999228	__gene_A*_rbs	16.000000	0.000000	0.000000
859.999228	__gene_A_rbs	16.000000	0.000000	0.000000
859.999228	__gene_B_rbs	167.000000	0.000000	0.000000
859.999228	__gene_C_rbs	166.000000	0.000000	0.000000
859.999228	__gene_D_rbs	602.000000	0.000000	0.000000
859.999228	__gene_E_rbs	599.000000	0.000000	0.000000
859.999228	__gene_F_rbs	416.000000	0.000000	0.000000
859.999228	__gene_G_rbs	306.000000	0.000000	0.000000
859.999228	__gene_H_rbs	212.000000	0.000000	0.000000
859.999228	__gene_J_rbs	593.000000	0.000000	0.000000
859.999228	__gene_K_rbs	166.000000	0.000000	0.000000
859.999228	__ribosome	0.000000	0.000000	0.000000
859.999228	bound_ecolipol	1903.000000	0.000000	0.000000
859.999228	bound_ribosome	100.000000	0.000000	0.000000
859.999228	ecoli_genome	97.000000	0.000000	0.000000
859.999228	ecoli_transcript	65671.000000	0.000000	0.000000
859.999228	ecolipol	42.000000	0.000000	0.000000
859.999228	gene_A	10.000000	16.000000	0.000000
859.999228	gene_A*	10.000000	16.000000	0.000000
859.999228	gene_B	74.000000	167.000000	0.000000
859.999228	gene_C	61.000000	166.000000	0.000000
859.999228	gene_D	294.000000	602.000000	0.000000
859.999228	gene_E	240.000000	599.000000	0.000000
859.999228	gene_F	130.000000	416.000000	0.000000
859.999228	gene_G	27.000000	306.000000	0.052288
859.999228	gene_H	0.000000	212.000000	0.122642
859.999228	gene_J	119.000000	593.000000	0.097808
859.999228	gene_K	58.000000	166.000000	0.000000
859.999228	promoter_A	1.000000	0.000000	0.000000
859.999228	promoter_B1	0.000000	0.000000	0.000000
859.999228	promoter_D	0.000000	0.000000	0.000000
864.999553	__gene_A*_rbs	16.000000	0.000000	0.000000
864.999553	__gene_A_rbs	16.000000	0.000000	0.000000
864.999553	__gene_B_rbs	168.000000	0.000000	0.000000
864.999553	__gene_C_rbs	166.000000	0.000000	0.000000
864.999553	__gene_D_rbs	606.000000	0.000000	0.000000
864.999553	__gene_E_rbs	602.000000	0.000000	0.000000
864.999553	__gene_F_rbs	418.000000	0.000000	0.000000
864.999553	__gene_G_rbs	307.000000	0.000000	0.000000
864.999553	__gene_H_rbs	213.000000	0.000000	0.000000
864.999553	__gene_J_rbs	597.000000	0.000000	0.000000
864.999553	__gene_K_rbs	166.000000	0.000000	0.000000
864.999553	__ribosome	0.000000	0.000000	0.000000
864.999553	bound_ecolipol	1894.000000	0.000000	0.000000
864.999553	bound_ribosome	100.000000	0.000000	0.000000
864.999553	ecoli_genome	106.000000	0.000000	0.000000
864.999553	ecoli_transcript	66063.000000	0.000000	0.000000
864.999553	ecolipol	52.000000	0.000000	0.000000
864.999553	gene_A	10.000000	16.000000	0.000000
864.999553	gene_A*	10.000000	16.000000	0.000000
864.999553	gene_B	74.000000	168.000000	0.000000
864.999553	gene_C	61.000000	166.000000	0.000000
864.999553	gene_D	294.000000	606.000000	0.000000
864.999553	gene_E	240.000000	602.000000	0.000000
864.999553	gene_F	130.000000	418.000000	0.000000
864.999553	gene_G	27.000000	307.000000	0.052117
864.999553	gene_H	0.000000	213.000000	0.122066
864.999553	gene_J	119.000000	597.000000	0.097152
864.999553	gene_K	58.000000	166.000000	0.000000
864.999553	promoter_A	1.000000	0.000000	0.000000
864.999553	promoter_B1	0.000000	0.000000	0.000000
864.999553	promoter_D	0.000000	0.000000	0.000000
869.999186	__gene_A*_rbs	16.000000	0.000000	0.000000
869.999186	__gene_A_rbs	16.000000	0.000000	0.000000
869.999186	__gene_B_rbs	169.000000	0.000000	0.000000
869.999186	__gene_C_rbs	166.000000	0.000000	0.000000
869.999186	__gene_D_rbs	610.000000	0.000000	0.000000
869.999186	__gene_E_rbs	606.000000	0.000000	0.000000
869.999186	__gene_F_rbs	421.000000	0.000000	0.000000
869.999186	__gene_G_rbs	310.000000	0.000000	0.000000
869.999186	__gene_H_rbs	215.000000	0.000000	0.000000
869.999186	__gene_J_rbs	601.000000	0.000000	0.000000
869.999186	__gene_K_rbs	167.000000	0.000000	0.000000
869.999186	__ribosome	0.000000	0.000000	0.000000
869.999186	bound_ecolipol	1889.000000	0.000000	0.000000
869.999186	bound_ribosome	100.000000	0.000000	0.000000
869.999186	ecoli_genome	111.000000	0.000000	0.000000
869.999186	ecoli_transcript	66400.000000	0.000000	0.000000
869.999186	ecolipol	57.000000	0.000000	0.000000
869.999186	gene_A	10.000000	16.000000	0.000000
869.999186	gene_A*	10.000000	16.000000	0.000000
869.999186	gene_B	74.000000	169.000000	0.000000
869.999186	gene_C	61.000000	166.000000	0.000000
869.999186	gene_D	294.000000	610.000000	0.000000
869.999186	gene_E	240.000000	606.000000	0.000000
869.999186	gene_F	130.000000	421.000000	0.000000
869.999186	gene_G	27.000000	310.000000	0.051613
869.999186	gene_H	0.000000	215.000000	0.120930
869.999186	gene_J	119.000000	601.000000	0.096506
869.999186	gene_K	58.000000	167.000000	0.000000
869.999186	promoter_A	1.000000	0.000000	0.000000
869.999186	promoter_B1	0.000000	0.000000	0.000000
869.999186	promoter_D	0.000000	0.000000	0.000000
874.999027	__gene_A*_rbs	16.000000	0.000000	0.000000
874.999027	__gene_A_rbs	16.000000	0.000000	0.000000
874.999027	__gene_B_rbs	170.000000	0.000000	0.000000
874.999027	__gene_C_rbs	168.000000	0.000000	0.000000
874.999027	__gene_D_rbs	614.000000	0.000000	0.000000
874.999027	__gene_E_rbs	610.000000	0.000000	0.000000
874.999027	__gene_F_rbs	422.000000	0.000000	0.000000
874.999027	__gene_G_rbs	312.000000	0.000000	0.000000
874.999027	__gene_H_rbs	217.000000	0.000000	0.000000
874.999027	__gene_J_rbs	603.000000	0.000000	0.000000
874.999027	__gene_K_rbs	168.000000	0.000000	0.000000
874.999027	__ribosome	0.000000	0.000000	0.000000
874.999027	bound_ecolipol	1894.000000	0.000000	0.000000
874.999027	bound_ribosome	100.000000	0.000000	0.000000
874.999027	ecoli_genome	106.000000	0.000000	0.000000
874.999027	ecoli_transcript	66800.000000	0.000000	0.000000
874.999027	ecolipol	50.000000	0.000000	0.000000
874.999027	gene_A	10.000000	16.000000	0.000000
874.999027	gene_A*	10.000000	16.000000	0.000000
874.999027	gene_B	74.000000	170.000000	0.000000
874.999027	gene_C	61.000000	168.000000	0.000000
874.999027	gene_D	294.000000	614.000000	0.000000
874.999027	gene_E	240.000000	610.000000	0.000000
874.999027	gene_F	130.000000	422.000000	0.000000
874.999027	gene_G	27.000000	312.000000	0.051282
874.999027	gene_H	0.000000	217.000000	0.119816
874.999027	gene_J	119.000000	603.000000	0.096186
874.999027	gene_K	58.000000	168.000000	0.000000
874.999027	promoter_A	1.000000	0.000000	0.000000
874.999027	promoter_B1	0.000000	0.000000	0.000000
874.999027	promoter_D	0.000000	0.000000	0.000000
879.999159	__gene_A*_rbs	16.000000	0.000000	0.000000
879.999159	__gene_A_rbs	16.000000	0.000000	0.000000
879.999159	__gene_B_rbs	172.000000	0.000000	0.000000
879.999159	__gene_C_rbs	169.000000	0.000000	0.000000
879.999159	__gene_D_rbs	617.000000	0.000000	0.000000
879.999159	__gene_E_rbs	613.000000	0.000000	0.000000
879.999159	__gene_F_rbs	423.000000	0.000000	0.000000
879.999159	__gene_G_rbs	314.000000	0.000000	0.000000
879.999159	__gene_H_rbs	218.000000	0.000000	0.000000
879.999159	__gene_J_rbs	607.000000	0.000000	0.000000
879.999159	__gene_K_rbs	169.000000	0.000000	0.000000
879.999159	__ribosome	0.000000	0.000000	0.000000
879.999159	bound_ecolipol	1900.000000	0.000000	0.000000
879.999159	bound_ribosome	100.000000	0.000000	0.000000
879.999159	ecoli_genome	100.000000	0.000000	0.000000
879.999159	ecoli_transcript	67171.000000	0.000000	0.000000
879.999159	ecolipol	47.000000	0.000000	0.000000
879.999159	gene_A	10.000000	16.000000	0.000000
879.999159	gene_A*	10.000000	16.000000	0.000000
879.999159	gene_B	74.000000	172.000000	0.000000
879.999159	gene_C	61.000000	169.000000	0.000000
879.999159	gene_D	294.000000	617.000000	0.000000
879.999159	gene_E	240.000000	613.000000	0.000000
879.999159	gene_F	130.000000	423.000000	0.000000
879.999159	gene_G	27.000000	314.000000	0.050955
879.999159	gene_H	0.000000	218.000000	0.119266
879.999159	gene_J	119.000000	607.000000	0.095552
879.999159	gene_K	58.000000	169.000000	0.000000
879.999159	promoter_A	1.000000	0.000000	0.000000
879.999159	promoter_B1	1.000000	0.000000	0.000000
879.999159	promoter_D	0.000000	0.000000	0.000000
884.999115	__gene_A*_rbs	16.000000	0.000000	0.000000
884.999115	__gene_A_rbs	16.000000	0.000000	0.000000
884.999115	__gene_B_rbs	173.000000	0.000000	0.000000
884.999115	__gene_C_rbs	170.000000	0.000000	0.000000
884.999115	__gene_D_rbs	619.000000	0.000000	0.000000
884.999115	__gene_E_rbs	617.000000	0.000000	0.000000
884.999115	__gene_F_rbs	425.000000	0.000000	0.000000
884.999115	__gene_G_rbs	316.000000	0.000000	0.000000
884.999115	__gene_H_rbs	219.000000	0.000000	0.000000
884.999115	__gene_J_rbs	611.000000	0.000000	0.000000
884.999115	__gene_K_rbs	170.000000	0.000000	0.000000
884.999115	__ribosome	0.000000	0.000000	0.000000
884.999115	bound_ecolipol	1906.000000	0.000000	0.000000
884.999115	bound_ribosome	100.000000	0.000000	0.000000
884.999115	ecoli_genome	94.000000	0.000000	0.000000
884.999115	ecoli_transcript	67548.000000	0.000000	0.000000
884.999115	ecolipol	43.000000	0.000000	0.000000
884.999115	gene_A	10.000000	16.000000	0.000000
884.999115	gene_A*	10.000000	16.000000	0.000000
884.999115	gene_B	74.000000	173.000000	0.000000
884.999115	gene_C	61.000000	170.000000	0.000000
884.999115	gene_D	294.000000	619.000000	0.000000
884.999115	gene_E	240.000000	617.000000	0.000000
884.999115	gene_F	130.000000	425.000000	0.000000
884.999115	gene_G	27.000000	316.000000	0.050633
884.999115	gene_H	0.000000	219.000000	0.118721
884.999115	gene_J	119.000000	611.000000	0.094926
884.999115	gene_K	58.000000	170.000000	0.000000
884.999115	promoter_A	1.000000	0.000000	0.000000
884.999115	promoter_B1	1.000000	0.000000	0.000000
884.999115	promoter_D	0.000000	0.000000	0.000000
889.999130	__gene_A*_rbs	16.000000	0.000000	0.000000
889.999130	__gene_A_rbs	16.000000	0.000000	0.000000
889.999130	__gene_B_rbs	175.000000	0.000000	0.000000
889.999130	__gene_C_rbs	171.000000	0.000000	0.000000
889.999130	__gene_D_rbs	623.000000	0.000000	0.000000
889.999130	__gene_E_rbs	619.000000	0.000000	0.000000
889.999130	__gene_F_rbs	428.000000	0.000000	0.000000
889.999130	__gene_G_rbs	318.000000	0.000000	0.000000
889.999130	__gene_H_rbs	220.000000	0.000000	0.000000
889.999130	__gene_J_rbs	614.000000	0.000000	0.000000
889.999130	__gene_K_rbs	172.000000	0.000000	0.000000
889.999130	__ribosome	0.000000	0.000000	0.000000
889.999130	bound_ecolipol	1904.000000	0.000000	0.000000
889.999130	bound_ribosome	100.000000	0.000000	0.000000
889.999130	ecoli_genome	96.000000	0.000000	0.000000
889.999130	ecoli_transcript	67962.000000	0.000000	0.000000
889.999130	ecolipol	44.000000	0.000000	0.000000
889.999130	gene_A	10.000000	16.000000	0.000000
889.999130	gene_A*	10.000000	16.000000	0.000000
889.999130	gene_B	74.000000	175.000000	0.000000
889.999130	gene_C	61.000000	171.000000	0.000000
889.999130	gene_D	294.000000	623.000000	0.000000
889.999130	gene_E	240.000000	619.000000	0.000000
889.999130	gene_F	130.000000	428.000000	0.000000
889.999130	gene_G	27.000000	318.000000	0.050314
889.999130	gene_H	0.000000	220.000000	0.118182
889.999130	gene_J	119.000000	614.000000	0.094463
889.999130	gene_K	58.000000	172.000000	0.000000
889.999130	promoter_A	1.000000	0.000000	0.000000
889.999130	promoter_B1	1.000000	0.000000	0.000000
889.999130	promoter_D	0.000000	0.000000	0.000000
894.999169	__gene_A*_rbs	16.000000	0.000000	0.000000
894.999169	__gene_A_rbs	16.000000	0.000000	0.000000
894.999169	__gene_B_rbs	175.000000	0.000000	0.000000
894.999169	__gene_C_rbs	173.000000	0.000000	0.000000
894.999169	__gene_D_rbs	627.000000	0.000000	0.000000
894.999169	__gene_E_rbs	623.000000	0.000000	0.000000
894.999169	__gene_F_rbs	431.000000	0.000000	0.000000
894.999169	__gene_G_rbs	320.000000	0.000000	0.000000
894.999169	__gene_H_rbs	221.000000	0.000000	0.000000
894.999169	__gene_J_rbs	618.000000	0.000000	0.000000
894.999169	__gene_K_rbs	173.000000	0.000000	0.000000
894.999169	__ribosome	0.000000	0.000000	0.000000
894.999169	bound_ecolipol	1901.000000	0.000000	0.000000
894.999169	bound_ribosome	100.000000	0.000000	0.000000
894.999169	ecoli_genome	99.000000	0.000000	0.000000
894.999169	ecoli_transcript	68346.000000	0.000000	0.000000
894.999169	ecolipol	46.000000	0.000000	0.000000
894.999169	gene_A	10.000000	16.000000	0.000000
894.999169	gene_A*	10.000000	16.000000	0.000000
894.999169	gene_B	74.000000	175.000000	0.000000
894.999169	gene_C	61.000000	173.000000	0.000000
894.999169	gene_D	294.000000	627.000000	0.000000
894.999169	gene_E	240.000000	623.000000	0.000000
894.999169	gene_F	130.000000	431.000000	0.000000
894.999169	gene_G	27.000000	320.000000	0.050000
894.999169	gene_H	0.000000	221.000000	0.117647
894.999169	gene_J	119.000000	618.000000	0.093851
894.999169	gene_K	58.000000	173.000000	0.000000
894.999169	promoter_A	1.000000	0.000000	0.000000
894.999169	promoter_B1	0.000000	0.000000	0.000000
894.999169	promoter_D	0.000000	0.000000	0.000000
899.999075	__gene_A*_rbs	16.000000	0.000000	0.000000
899.999075	__gene_A_rbs	16.000000	0.000000	0.000000
899.999075	__gene_B_rbs	175.000000	0.000000	0.000000
899.999075	__gene_C_rbs	174.000000	0.000000	0.000000
899.999075	__gene_D_rbs	631.000000	0.000000	0.000000
899.999075	__gene_E_rbs	626.000000	0.000000	0.000000
899.999075	__gene_F_rbs	433.000000	0.000000	0.000000
899.999075	__gene_G_rbs	324.000000	0.000000	0.000000
899.999075	__gene_H_rbs	221.000000	0.000000	0.000000
899.999075	__gene_J_rbs	620.000000	0.000000	0.000000
899.999075	__gene_K_rbs	175.000000	0.000000	0.000000
899.999075	__ribosome	0.000000	0.000000	0.000000
899.999075	bound_ecolipol	1897.000000	0.000000	0.000000
899.999075	bound_ribosome	100.000000	0.000000	0.000000
899.999075	ecoli_genome	103.000000	0.000000	0.000000
899.999075	ecoli_transcript	68705.000000	0.000000	0.000000
899.999075	ecolipol	55.000000	0.000000	0.000000
899.999075	gene_A	10.000000	16.000000	0.000000
899.999075	gene_A*	10.000000	16.000000	0.000000
899.999075	gene_B	74.000000	175.000000	0.000000
899.999075	gene_C	61.000000	174.000000	0.000000
899.999075	gene_D	294.000000	631.000000	0.000000
899.999075	gene_E	240.000000	626.000000	0.000000
899.999075	gene_F	130.000000	433.000000	0.000000
899.999075	gene_G	27.000000	324.000000	0.049383
899.999075	gene_H	0.000000	221.000000	0.117647
899.999075	gene_J	119.000000	620.000000	0.093548
899.999075	gene_K	58.000000	175.000000	0.000000
899.999075	promoter_A	1.000000	0.000000	0.000000
899.999075	promoter_B1	1.000000	0.000000	0.000000
899.999075	promoter_D	0.000000	0.000000	0.000000
904.999144	__gene_A*_rbs	16.000000	0.000000	0.000000
904.999144	__gene_A_rbs	16.000000	0.000000	0.000000
904.999144	__gene_B_rbs	176.000000	0.000000	0.000000
904.999144	__gene_C_rbs	175.000000	0.000000	0.000000
904.999144	__gene_D_rbs	634.000000	0.000000	0.000000
904.999144	__gene_E_rbs	630.000000	0.000000	0.000000
904.999144	__gene_F_rbs	434.000000	0.000000	0.000000
904.999144	__gene_G_rbs	325.000000	0.000000	0.000000
904.999144	__gene_H_rbs	224.000000	0.000000	0.000000
904.999144	__gene_J_rbs	623.000000	0.000000	0.000000
904.999144	__gene_K_rbs	175.000000	0.000000	0.000000
904.999144	__ribosome	0.000000	0.000000	0.000000
904.999144	bound_ecolipol	1897.000000	0.000000	0.000000
904.999144	bound_ribosome	100.000000	0.000000	0.000000
904.999144	ecoli_genome	103.000000	0.000000	0.000000
904.999144	ecoli_transcript	69086.000000	0.000000	0.000000
904.999144	ecolipol	56.000000	0.000000	0.000000
904.999144	gene_A	10.000000	16.000000	0.000000
904.999144	gene_A*	10.000000	16.000000	0.000000
904.999144	gene_B	74.000000	176.000000	0.000000
904.999144	gene_C	61.000000	175.000000	0.000000
904.999144	gene_D	294.000000	634.000000	0.000000
904.999144	gene_E	240.000000	630.000000	0.000000
904.999144	gene_F	130.000000	434.000000	0.000000
904.999144	gene_G	27.000000	325.000000	0.049231
904.999144	gene_H	0.000000	224.000000	0.116071
904.999144	gene_J	119.000000	623.000000	0.093098
904.999144	gene_K	58.000000	175.000000	0.000000
904.999144	promoter_A	1.000000	0.000000	0.000000
904.999144	promoter_B1	1.000000	0.000000	0.000000
904.999144	promoter_D	0.000000	0.000000	0.000000
909.999510	__gene_A*_rbs	16.000000	0.000000	0.000000
909.999510	__gene_A_rbs	16.000000	0.000000	0.000000
909.999510	__gene_B_rbs	177.000000	0.000000	0.000000
909.999510	__gene_C_rbs	175.000000	0.000000	0.000000
909.999510	__gene_D_rbs	637.000000	0.000000	0.000000
909.999510	__gene_E_rbs	633.000000	0.000000	0.000000
909.999510	__gene_F_rbs	435.000000	0.000000	0.000000
909.999510	__gene_G_rbs	327.000000	0.000000	0.000000
909.999510	__gene_H_rbs	225.000000	0.000000	0.000000
909.999510	__gene_J_rbs	627.000000	0.000000	0.000000
909.999510	__gene_K_rbs	175.000000	0.000000	0.000000
909.999510	__ribosome	0.000000	0.000000	0.000000
909.999510	bound_ecolipol	1908.000000	0.000000	0.000000
909.999510	bound_ribosome	100.000000	0.000000	0.000000
909.999510	ecoli_genome	92.000000	0.000000	0.000000
909.999510	ecoli_transcript	69468.000000	0.000000	0.000000
909.999510	ecolipol	44.000000	0.000000	0.000000
909.999510	gene_A	10.000000	16.000000	0.000000
909.999510	gene_A*	10.000000	16.000000	0.000000
909.999510	gene_B	74.000000	177.000000	0.000000
909.999510	gene_C	61.000000	175.000000	0.000000
909.999510	gene_D	294.000000	637.000000	0.000000
909.999510	gene_E	240.000000	633.000000	0.000000
909.999510	gene_F	130.000000	435.000000	0.000000
909.999510	gene_G	27.000000	327.000000	0.048930
909.999510	gene_H	0.000000	225.000000	0.115556
909.999510	gene_J	119.000000	627.000000	0.092504
909.999510	gene_K	58.000000	175.000000	0.000000
909.999510	promoter_A	1.000000	0.000000	0.000000
909.999510	promoter_B1	0.000000	0.000000	0.000000
909.999510	promoter_D	0.000000	0.000000	0.000000
914.999017	__gene_A*_rbs	16.000000	0.000000	0.000000
914.999017	__gene_A_rbs	16.000000	0.000000	0.000000
914.999017	__gene_B_rbs	179.000000	0.000000	0.000000
914.999017	__gene_C_rbs	176.000000	0.000000	0.000000
914.999017	__gene_D_rbs	641.000000	0.000000	0.000000
914.999017	__gene_E_rbs	637.000000	0.000000	0.000000
914.999017	__gene_F_rbs	438.000000	0.000000	0.000000
914.999017	__gene_G_rbs	328.000000	0.000000	0.000000
914.999017	__gene_H_rbs	229.000000	0.000000	0.000000
914.999017	__gene_J_rbs	631.000000	0.000000	0.000000
914.999017	__gene_K_rbs	176.000000	0.000000	0.000000
914.999017	__ribosome	0.000000	0.000000	0.000000
914.999017	bound_ecolipol	1899.000000	0.000000	0.000000
914.999017	bound_ribosome	100.000000	0.000000	0.000000
914.999017	ecoli_genome	101.000000	0.000000	0.000000
914.999017	ecoli_transcript	69848.000000	0.000000	0.000000
914.999017	ecolipol	52.000000	0.000000	0.000000
914.999017	gene_A	10.000000	16.000000	0.000000
914.999017	gene_A*	10.000000	16.000000	0.000000
914.999017	gene_B	74.000000	179.000000	0.000000
914.999017	gene_C	61.000000	176.000000	0.000000
914.999017	gene_D	294.000000	641.000000	0.000000
914.999017	gene_E	240.000000	637.000000	0.000000
914.999017	gene_F	130.000000	438.000000	0.000000
914.999017	gene_G	27.000000	328.000000	0.048780
914.999017	gene_H	0.000000	229.000000	0.113537
914.999017	gene_J	119.000000	631.000000	0.091918
914.999017	gene_K	58.000000	176.000000	0.000000
914.999017	promoter_A	1.000000	0.000000	0.000000
914.999017	promoter_B1	0.000000	0.000000	0.000000
914.999017	promoter_D	0.000000	0.000000	0.000000
919.999402	__gene_A*_rbs	16.000000	0.000000	0.000000
919.999402	__gene_A_rbs	16.000000	0.000000	0.000000
919.999402	__gene_B_rbs	180.000000	0.000000	0.000000
919.999402	__gene_C_rbs	176.000000	0.000000	0.000000
919.999402	__gene_D_rbs	645.000000	0.000000	0.000000
919.999402	__gene_E_rbs	641.000000	0.000000	0.000000
919.999402	__gene_F_rbs	441.000000	0.000000	0.000000
919.999402	__gene_G_rbs	329.000000	0.000000	0.000000
919.999402	__gene_H_rbs	230.000000	0.000000	0.000000
919.999402	__gene_J_rbs	634.000000	0.000000	0.000000
919.999402	__gene_K_rbs	177.000000	0.000000	0.000000
919.999402	__ribosome	0.000000	0.000000	0.000000
919.999402	bound_ecolipol	1902.000000	0.000000	0.000000
919.999402	bound_ribosome	100.000000	0.000000	0.000000
919.999402	ecoli_genome	98.000000	0.000000	0.000000
919.999402	ecoli_transcript	70240.000000	0.000000	0.000000
919.999402	ecolipol	47.000000	0.000000	0.000000
919.999402	gene_A	10.000000	16.000000	0.000000
919.999402	gene_A*	10.000000	16.000000	0.000000
919.999402	gene_B	74.000000	180.000000	0.000000
919.999402	gene_C	61.000000	176.000000	0.000000
919.999402	gene_D	294.000000	645.000000	0.000000
919.999402	gene_E	240.000000	641.000000	0.000000
919.999402	gene_F	130.000000	441.000000	0.000000
919.999402	gene_G	27.000000	329.000000	0.048632
919.999402	gene_H	0.000000	230.000000	0.113043
919.999402	gene_J	119.000000	634.000000	0.091483
919.999402	gene_K	58.000000	177.000000	0.000000
919.999402	promoter_A	1.000000	0.000000	0.000000
919.999402	promoter_B1	1.000000	0.000000	0.000000
919.999402	promoter_D	0.000000	0.000000	0.000000
924.999250	__gene_A*_rbs	16.000000	0.000000	0.000000
924.999250	__gene_A_rbs	16.000000	0.000000	0.000000
924.999250	__gene_B_rbs	181.000000	0.000000	0.000000
924.999250	__gene_C_rbs	178.000000	0.000000	0.000000
924.999250	__gene_D_rbs	648.000000	0.000000	0.000000
924.999250	__gene_E_rbs	644.000000	0.000000	0.000000
924.999250	__gene_F_rbs	444.000000	0.000000	0.000000
924.999250	__gene_G_rbs	331.000000	0.000000	0.000000
924.999250	__gene_H_rbs	231.000000	0.000000	0.000000
924.999250	__gene_J_rbs	638.000000	0.000000	0.000000
924.999250	__gene_K_rbs	179.000000	0.000000	0.000000
924.999250	__ribosome	0.000000	0.000000	0.000000
924.999250	bound_ecolipol	1898.000000	0.000000	0.000000
924.999250	bound_ribosome	100.000000	0.000000	0.000000
924.999250	ecoli_genome	102.000000	0.000000	0.000000
924.999250	ecoli_transcript	70620.000000	0.000000	0.000000
924.999250	ecolipol	50.000000	0.000000	0.000000
924.999250	gene_A	10.000000	16.000000	0.000000
924.999250	gene_A*	10.000000	16.000000	0.000000
924.999250	gene_B	74.000000	181.000000	0.000000
924.999250	gene_C	61.000000	178.000000	0.000000
924.999250	gene_D	294.000000	648.000000	0.000000
924.999250	gene_E	240.000000	644.000000	0.000000
924.999250	gene_F	130.000000	444.000000	0.000000
924.999250	gene_G	27.000000	331.000000	0.048338
924.999250	gene_H	0.000000	231.000000	0.112554
924.999250	gene_J	119.000000	638.000000	0.090909
924.999250	gene_K	58.000000	179.000000	0.000000
924.999250	promoter_A	1.000000	0.000000	0.000000
924.999250	promoter_B1	1.000000	0.000000	0.000000
924.999250	promoter_D	0.000000	0.000000	0.000000
929.999005	__gene_A*_rbs	16.000000	0.000000	0.000000
929.999005	__gene_A_rbs	16.000000	0.000000	0.000000
929.999005	__gene_B_rbs	181.000000	0.000000	0.000000
929.999005	__gene_C_rbs	180.000000	0.000000	0.000000
929.999005	__gene_D_rbs	652.000000	0.000000	0.000000
929.999005	__gene_E_rbs	648.000000	0.000000	0.000000
929.999005	__gene_F_rbs	448.000000	0.000000	0.000000
929.999005	__gene_G_rbs	331.000000	0.000000	0.000000
929.999005	__gene_H_rbs	232.000000	0.000000	0.000000
929.999005	__gene_J_rbs	641.000000	0.000000	0.000000
929.999005	__gene_K_rbs	180.000000	0.000000	0.000000
929.999005	__ribosome	0.000000	0.000000	0.000000
929.999005	bound_ecolipol	1893.000000	0.000000	0.000000
929.999005	bound_ribosome	100.000000	0.000000	0.000000
929.999005	ecoli_genome	107.000000	0.000000	0.000000
929.999005	ecoli_transcript	70996.000000	0.000000	0.000000
929.999005	ecolipol	55.000000	0.000000	0.000000
929.999005	gene_A	10.000000	16.000000	0.000000
929.999005	gene_A*	10.000000	16.000000	0.000000
929.999005	gene_B	74.000000	181.000000	0.000000
929.999005	gene_C	61.000000	180.000000	0.000000
929.999005	gene_D	294.000000	652.000000	0.000000
929.999005	gene_E	240.000000	648.000000	0.000000
929.999005	gene_F	130.000000	448.000000	0.000000
929.999005	gene_G	27.000000	331.000000	0.048338
929.999005	gene_H	0.000000	232.000000	0.112069
929.999005	gene_J	119.000000	641.000000	0.090484
929.999005	gene_K	58.000000	180.000000	0.000000
929.999005	promoter_A	1.000000	0.000000	0.000000
929.999005	promoter_B1	0.000000	0.000000	0.000000
929.999005	promoter_D	0.000000	0.000000	0.000000
934.999291	__gene_A*_rbs	16.000000	0.000000	0.000000
934.999291	__gene_A_rbs	16.000000	0.000000	0.000000
934.999291	__gene_B_rbs	182.000000	0.000000	0.000000
934.999291	__gene_C_rbs	181.000000	0.000000	0.000000
934.999291	__gene_D_rbs	656.000000	0.000000	0.000000
934.999291	__gene_E_rbs	652.000000	0.000000	0.000000
934.999291	__gene_F_rbs	451.000000	0.000000	0.000000
934.999291	__gene_G_rbs	332.000000	0.000000	0.000000
934.999291	__gene_H_rbs	233.000000	0.000000	0.000000
934.999291	__gene_J_rbs	645.000000	0.000000	0.000000
934.999291	__gene_K_rbs	181.000000	0.000000	0.000000
934.999291	__ribosome	0.000000	0.000000	0.000000
934.999291	bound_ecolipol	1903.000000	0.000000	0.000000
934.999291	bound_ribosome	100.000000	0.000000	0.000000
934.999291	ecoli_genome	97.000000	0.000000	0.000000
934.999291	ecoli_transcript	71356.000000	0.000000	0.000000
934.999291	ecolipol	45.000000	0.000000	0.000000
934.999291	gene_A	10.000000	16.000000	0.000000
934.999291	gene_A*	10.000000	16.000000	0.000000
934.999291	gene_B	74.000000	182.000000	0.000000
934.999291	gene_C	61.000000	181.000000	0.000000
934.999291	gene_D	294.000000	656.000000	0.000000
934.999291	gene_E	240.000000	652.000000	0.000000
934.999291	gene_F	130.000000	451.000000	0.000000
934.999291	gene_G	27.000000	332.000000	0.048193
934.999291	gene_H	0.000000	233.000000	0.111588
934.999291	gene_J	119.000000	645.000000	0.089922
934.999291	gene_K	58.000000	181.000000	0.000000
934.999291	promoter_A	1.000000	0.000000	0.000000
934.999291	promoter_B1	1.000000	0.000000	0.000000
934.999291	promoter_D	0.000000	0.000000	0.000000
939.999110	__gene_A*_rbs	16.000000	0.000000	0.000000
939.999110	__gene_A_rbs	16.000000	0.000000	0.000000
939.999110	__gene_B_rbs	184.000000	0.000000	0.000000
939.999110	__gene_C_rbs	181.000000	0.000000	0.000000
939.999110	__gene_D_rbs	660.000000	0.000000	0.000000
939.999110	__gene_E_rbs	655.000000	0.000000	0.000000
939.999110	__gene_F_rbs	455.000000	0.000000	0.000000
939.999110	__gene_G_rbs	336.000000	0.000000	0.000000
939.999110	__gene_H_rbs	234.000000	0.000000	0.000000
939.999110	__gene_J_rbs	649.000000	0.000000	0.000000
939.999110	__gene_K_rbs	181.000000	0.000000	0.000000
939.999110	__ribosome	0.000000	0.000000	0.000000
939.999110	bound_ecolipol	1889.000000	0.000000	0.000000
939.999110	bound_ribosome	100.000000	0.000000	0.000000
939.999110	ecoli_genome	111.000000	0.000000	0.000000
939.999110	ecoli_transcript	71748.000000	0.000000	0.000000
939.999110	ecolipol	61.000000	0.000000	0.000000
939.999110	gene_A	10.000000	16.000000	0.000000
939.999110	gene_A*	10.000000	16.000000	0.000000
939.999110	gene_B	74.000000	184.000000	0.000000
939.999110	gene_C	61.000000	181.000000	0.000000
939.999110	gene_D	294.000000	660.000000	0.000000
939.999110	gene_E	240.000000	655.000000	0.000000
939.999110	gene_F	130.000000	455.000000	0.000000
939.999110	gene_G	27.000000	336.000000	0.047619
939.999110	gene_H	0.000000	234.000000	0.111111
939.999110	gene_J	119.000000	649.000000	0.089368
939.999110	gene_K	58.000000	181.000000	0.000000
939.999110	promoter_A	1.000000	0.000000	0.000000
939.999110	promoter_B1	1.000000	0.000000	0.000000
939.999110	promoter_D	0.000000	0.000000	0.000000
944.999090	__gene_A*_rbs	16.000000	0.000000	0.000000
944.999090	__gene_A_rbs	16.000000	0.000000	0.000000
944.999090	__gene_B_rbs	184.000000	0.000000	0.000000
944.999090	__gene_C_rbs	181.000000	0.000000	0.000000
944.999090	__gene_D_rbs	663.000000	0.000000	0.000000
944.999090	__gene_E_rbs	659.000000	0.000000	0.000000
944.999090	__gene_F_rbs	458.000000	0.000000	0.000000
944.999090	__gene_G_rbs	336.000000	0.000000	0.000000
944.999090	__gene_H_rbs	234.000000	0.000000	0.000000
944.999090	__gene_J_rbs	653.000000	0.000000	0.000000
944.999090	__gene_K_rbs	182.000000	0.000000	0.000000
944.999090	__ribosome	0.000000	0.000000	0.000000
944.999090	bound_ecolipol	1888.000000	0.000000	0.000000
944.999090	bound_ribosome	100.000000	0.000000	0.000000
944.999090	ecoli_genome	112.000000	0.000000	0.000000
944.999090	ecoli_transcript	72122.000000	0.000000	0.000000
944.999090	ecolipol	60.000000	0.000000	0.000000
944.999090	gene_A	10.000000	16.000000	0.000000
944.999090	gene_A*	10.000000	16.000000	0.000000
944.999090	gene_B	74.000000	184.000000	0.000000
944.999090	gene_C	61.000000	181.000000	0.000000
944.999090	gene_D	294.000000	663.000000	0.000000
944.999090	gene_E	240.000000	659.000000	0.000000
944.999090	gene_F	130.000000	458.000000	0.000000
944.999090	gene_G	27.000000	336.000000	0.047619
944.999090	gene_H	0.000000	234.000000	0.111111
944.999090	gene_J	119.000000	653.000000	0.088821
944.999090	gene_K	58.000000	182.000000	0.000000
944.999090	promoter_A	1.000000	0.000000	0.000000
944.999090	promoter_B1	0.000000	0.000000	0.000000
944.999090	promoter_D	0.000000	0.000000	0.000000
949.999158	__gene_A*_rbs	16.000000	0.000000	0.000000
949.999158	__gene_A_rbs	16.000000	0.000000	0.000000
949.999158	__gene_B_rbs	184.000000	0.000000	0.000000
949.999158	__gene_C_rbs	183.000000	0.000000	0.000000
949.999158	__gene_D_rbs	667.000000	0.000000	0.000000
949.999158	__gene_E_rbs	663.000000	0.000000	0.000000
949.999158	__gene_F_rbs	462.000000	0.000000	0.000000
949.999158	__gene_G_rbs	337.000000	0.000000	0.000000
949.999158	__gene_H_rbs	234.000000	0.000000	0.000000
949.999158	__gene_J_rbs	657.000000	0.000000	0.000000
949.999158	__gene_K_rbs	184.000000	0.000000	0.000000
949.999158	__ribosome	0.000000	0.000000	0.000000
949.999158	bound_ecolipol	1894.000000	0.000000	0.000000
949.999158	bound_ribosome	100.000000	0.000000	0.000000
949.999158	ecoli_genome	106.000000	0.000000	0.000000
949.999158	ecoli_transcript	72529.000000	0.000000	0.000000
949.999158	ecolipol	52.000000	0.000000	0.000000
949.999158	gene_A	10.000000	16.000000	0.000000
949.999158	gene_A*	10.000000	16.000000	0.000000
949.999158	gene_B	74.000000	184.000000	0.000000
949.999158	gene_C	61.000000	183.000000	0.000000
949.999158	gene_D	294.000000	667.000000	0.000000
949.999158	gene_E	240.000000	663.000000	0.000000
949.999158	gene_F	130.000000	462.000000	0.000000
949.999158	gene_G	27.000000	337.000000	0.047478
949.999158	gene_H	0.000000	234.000000	0.111111
949.999158	gene_J	119.000000	657.000000	0.088280
949.999158	gene_K	58.000000	184.000000	0.000000
949.999158	promoter_A	1.000000	0.000000	0.000000
949.999158	promoter_B1	1.000000	0.000000	0.000000
949.999158	promoter_D	0.000000	0.000000	0.000000
954.999206	__gene_A*_rbs	16.000000	0.000000	0.000000
954.999206	__gene_A_rbs	16.000000	0.000000	0.000000
954.999206	__gene_B_rbs	187.000000	0.000000	0.000000
954.999206	__gene_C_rbs	184.000000	0.000000	0.000000
954.999206	__gene_D_rbs	670.000000	0.000000	0.000000
954.999206	__gene_E_rbs	667.000000	0.000000	0.000000
954.999206	__gene_F_rbs	463.000000	0.000000	0.000000
954.999206	__gene_G_rbs	339.000000	0.000000	0.000000
954.999206	__gene_H_rbs	235.000000	0.000000	0.000000
954.999206	__gene_J_rbs	660.000000	0.000000	0.000000
954.999206	__gene_K_rbs	184.000000	0.000000	0.000000
954.999206	__ribosome	0.000000	0.000000	0.000000
954.999206	bound_ecolipol	1898.000000	0.000000	0.000000
954.999206	bound_ribosome	100.000000	0.000000	0.000000
954.999206	ecoli_genome	102.000000	0.000000	0.000000
954.999206	ecoli_transcript	72928.000000	0.000000	0.000000
954.999206	ecolipol	53.000000	0.000000	0.000000
954.999206	gene_A	10.000000	16.000000	0.000000
954.999206	gene_A*	10.000000	16.000000	0.000000
954.999206	gene_B	74.000000	187.000000	0.000000
954.999206	gene_C	61.000000	184.000000	0.000000
954.999206	gene_D	294.000000	670.000000	0.000000
954.999206	gene_E	240.000000	667.000000	0.000000
954.999206	gene_F	130.000000	463.000000	0.000000
954.999206	gene_G	27.000000	339.000000	0.047198
954.999206	gene_H	0.000000	235.000000	0.110638
954.999206	gene_J	119.000000	660.000000	0.087879
954.999206	gene_K	58.000000	184.000000	0.000000
954.999206	promoter_A	1.000000	0.000000	0.000000
954.999206	promoter_B1	1.000000	0.000000	0.000000
954.999206	promoter_D	0.000000	0.000000	0.000000
959.999052	__gene_A*_rbs	16.000000	0.000000	0.000000
959.999052	__gene_A_rbs	16.000000	0.000000	0.000000
959.999052	__gene_B_rbs	187.000000	0.000000	0.000000
959.999052	__gene_C_rbs	184.000000	0.000000	0.000000
959.999052	__gene_D_rbs	674.000000	0.000000	0.000000
959.999052	__gene_E_rbs	670.000000	0.000000	0.000000
959.999052	__gene_F_rbs	465.000000	0.000000	0.000000
959.999052	__gene_G_rbs	341.000000	0.000000	0.000000
959.999052	__gene_H_rbs	236.000000	0.000000	0.000000
959.999052	__gene_J_rbs	664.000000	0.000000	0.000000
959.999052	__gene_K_rbs	184.000000	0.000000	0.000000
959.999052	__ribosome	0.000000	0.000000	0.000000
959.999052	bound_ecolipol	1909.000000	0.000000	0.000000
959.999052	bound_ribosome	100.000000	0.000000	0.000000
959.999052	ecoli_genome	91.000000	0.000000	0.000000
959.999052	ecoli_transcript	73339.000000	0.000000	0.000000
959.999052	ecolipol	41.000000	0.000000	0.000000
959.999052	gene_A	10.000000	16.000000	0.000000
959.999052	gene_A*	10.000000	16.000000	0.000000
959.999052	gene_B	74.000000	187.000000	0.000000
959.999052	gene_C	61.000000	184.000000	0.000000
959.999052	gene_D	294.000000	674.000000	0.000000
959.999052	gene_E	240.000000	670.000000	0.000000
959.999052	gene_F	130.000000	465.000000	0.000000
959.999052	gene_G	27.000000	341.000000	0.046921
959.999052	gene_H	0.000000	236.000000	0.110169
959.999052	gene_J	119.000000	664.000000	0.087349
959.999052	gene_K	58.000000	184.000000	0.000000
959.999052	promoter_A	1.000000	0.000000	0.000000
959.999052	promoter_B1	1.000000	0.000000	0.000000
959.999052	promoter_D	0.000000	0.000000	0.000000
964.999197	__gene_A*_rbs	16.000000	0.000000	0.000000
964.999197	__gene_A_rbs	16.000000	0.000000	0.000000
964.999197	__gene_B_rbs	187.000000	0.000000	0.000000
964.999197	__gene_C_rbs	186.000000	0.000000	0.000000
964.999197	__gene_D_rbs	678.000000	0.000000	0.000000
964.999197	__gene_E_rbs	674.000000	0.000000	0.000000
964.999197	__gene_F_rbs	469.000000	0.000000	0.000000
964.999197	__gene_G_rbs	342.000000	0.000000	0.000000
964.999197	__gene_H_rbs	236.000000	0.000000	0.000000
964.999197	__gene_J_rbs	667.000000	0.000000	0.000000
964.999197	__gene_K_rbs	187.000000	0.000000	0.000000
964.999197	__ribosome	0.000000	0.000000	0.000000
964.999197	bound_ecolipol	1901.000000	0.000000	0.000000
964.999197	bound_ribosome	100.000000	0.000000	0.000000
964.999197	ecoli_genome	99.000000	0.000000	0.000000
964.999197	ecoli_transcript	73726.000000	0.000000	0.000000
964.999197	ecolipol	48.000000	0.000000	0.000000
964.999197	gene_A	10.000000	16.000000	0.000000
964.999197	gene_A*	10.000000	16.000000	0.000000
964.999197	gene_B	74.000000	187.000000	0.000000
964.999197	gene_C	61.000000	186.000000	0.000000
964.999197	gene_D	294.000000	678.000000	0.000000
964.999197	gene_E	240.000000	674.000000	0.000000
964.999197	gene_F	130.000000	469.000000	0.000000
964.999197	gene_G	27.000000	342.000000	0.046784
964.999197	gene_H	0.000000	236.000000	0.110169
964.999197	gene_J	119.000000	667.000000	0.086957
964.999197	gene_K	58.000000	187.000000	0.000000
964.999197	promoter_A	1.000000	0.000000	0.000000
964.999197	promoter_B1	1.000000	0.000000	0.000000
964.999197	promoter_D	0.000000	0.000000	0.000000
969.999156	__gene_A*_rbs	16.000000	0.000000	0.000000
969.999156	__gene_A_rbs	16.000000	0.000000	0.000000
969.999156	__gene_B_rbs	188.000000	0.000000	0.000000
969.999156	__gene_C_rbs	187.000000	0.000000	0.000000
969.999156	__gene_D_rbs	681.000000	0.000000	0.000000
969.999156	__gene_E_rbs	677.000000	0.000000	0.000000
969.999156	__gene_F_rbs	472.000000	0.000000	0.000000
969.999156	__gene_G_rbs	345.000000	0.000000	0.000000
969.999156	__gene_H_rbs	237.000000	0.000000	0.000000
969.999156	__gene_J_rbs	671.000000	0.000000	0.000000
969.999156	__gene_K_rbs	187.000000	0.000000	0.000000
969.999156	__ribosome	0.000000	0.000000	0.000000
969.999156	bound_ecolipol	1902.000000	0.000000	0.000000
969.999156	bound_ribosome	100.000000	0.000000	0.000000
969.999156	ecoli_genome	98.000000	0.000000	0.000000
969.999156	ecoli_transcript	74112.000000	0.000000	0.000000
969.999156	ecolipol	45.000000	0.000000	0.000000
969.999156	gene_A	10.000000	16.000000	0.000000
969.999156	gene_A*	10.000000	16.000000	0.000000
969.999156	gene_B	74.000000	188.000000	0.000000
969.999156	gene_C	61.000000	187.000000	0.000000
969.999156	gene_D	294.000000	681.000000	0.000000
969.999156	gene_E	240.000000	677.000000	0.000000
969.999156	gene_F	130.000000	472.000000	0.000000
969.999156	gene_G	27.000000	345.000000	0.046377
969.999156	gene_H	0.000000	237.000000	0.109705
969.999156	gene_J	119.000000	671.000000	0.086438
969.999156	gene_K	58.000000	187.000000	0.000000
969.999156	promoter_A	1.000000	0.000000	0.000000
969.999156	promoter_B1	1.000000	0.000000	0.000000
969.999156	promoter_D	0.000000	0.000000	0.000000
974.999240	__gene_A*_rbs	16.000000	0.000000	0.000000
974.999240	__gene_A_rbs	16.000000	0.000000	0.000000
974.999240	__gene_B_rbs	189.000000	0.000000	0.000000
974.999240	__gene_C_rbs	187.000000	0.000000	0.000000
974.999240	__gene_D_rbs	684.000000	0.000000	0.000000
974.999240	__gene_E_rbs	680.000000	0.000000	0.000000
974.999240	__gene_F_rbs	475.000000	0.000000	0.000000
974.999240	__gene_G_rbs	348.000000	0.000000	0.000000
974.999240	__gene_H_rbs	238.000000	0.000000	0.000000
974.999240	__gene_J_rbs	674.000000	0.000000	0.000000
974.999240	__gene_K_rbs	187.000000	0.000000	0.000000
974.999240	__ribosome	0.000000	0.000000	0.000000
974.999240	bound_ecolipol	1892.000000	0.000000	0.000000
974.999240	bound_ribosome	100.000000	0.000000	0.000000
974.999240	ecoli_genome	108.000000	0.000000	0.000000
974.999240	ecoli_transcript	74462.000000	0.000000	0.000000
974.999240	ecolipol	57.000000	0.000000	0.000000
974.999240	gene_A	10.000000	16.000000	0.000000
974.999240	gene_A*	10.000000	16.000000	0.000000
974.999240	gene_B	74.000000	189.000000	0.000000
974.999240	gene_C	61.000000	187.000000	0.000000
974.999240	gene_D	294.000000	684.000000	0.000000
974.999240	gene_E	240.000000	680.000000	0.000000
974.999240	gene_F	130.000000	475.000000	0.000000
974.999240	gene_G	27.000000	348.000000	0.045977
974.999240	gene_H	0.000000	238.000000	0.109244
974.999240	gene_J	119.000000	674.000000	0.086053
974.999240	gene_K	58.000000	187.000000	0.000000
974.999240	promoter_A	1.000000	0.000000	0.000000
974.999240	promoter_B1	1.000000	0.000000	0.000000
974.999240	promoter_D	0.000000	0.000000	0.000000
979.999889	__gene_A*_rbs	16.000000	0.000000	0.000000
979.999889	__gene_A_rbs	16.000000	0.000000	0.000000
979.999889	__gene_B_rbs	189.000000	0.000000	0.000000
979.999889	__gene_C_rbs	187.000000	0.000000	0.000000
979.999889	__gene_D_rbs	688.000000	0.000000	0.000000
979.999889	__gene_E_rbs	684.000000	0.000000	0.000000
979.999889	__gene_F_rbs	477.000000	0.000000	0.000000
979.999889	__gene_G_rbs	352.000000	0.000000	0.000000
979.999889	__gene_H_rbs	239.000000	0.000000	0.000000
979.999889	__gene_J_rbs	679.000000	0.000000	0.000000
979.999889	__gene_K_rbs	187.000000	0.000000	0.000000
979.999889	__ribosome	0.000000	0.000000	0.000000
979.999889	bound_ecolipol	1898.000000	0.000000	0.000000
979.999889	bound_ribosome	100.000000	0.000000	0.000000
979.999889	ecoli_genome	102.000000	0.000000	0.000000
979.999889	ecoli_transcript	74847.000000	0.000000	0.000000
979.999889	ecolipol	47.000000	0.000000	0.000000
979.999889	gene_A	10.000000	16.000000	0.000000
979.999889	gene_A*	10.000000	16.000000	0.000000
979.999889	gene_B	74.000000	189.000000	0.000000
979.999889	gene_C	61.000000	187.000000	0.000000
979.999889	gene_D	294.000000	688.000000	0.000000
979.999889	gene_E	240.000000	684.000000	0.000000
979.999889	gene_F	130.000000	477.000000	0.000000
979.999889	gene_G	27.000000	352.000000	0.045455
979.999889	gene_H	0.000000	239.000000	0.108787
979.999889	gene_J	119.000000	679.000000	0.085420
979.999889	gene_K	58.000000	187.000000	0.000000
979.999889	promoter_A	1.000000	0.000000	0.000000
979.999889	promoter_B1	0.000000	0.000000	0.000000
979.999889	promoter_D	0.000000	0.000000	0.000000
984.999513	__gene_A*_rbs	16.000000	0.000000	0.000000
984.999513	__gene_A_rbs	16.000000	0.000000	0.000000
984.999513	__gene_B_rbs	189.000000	0.000000	0.000000
984.999513	__gene_C_rbs	189.000000	0.000000	0.000000
984.999513	__gene_D_rbs	691.000000	0.000000	0.000000
984.999513	__gene_E_rbs	687.000000	0.000000	0.000000
984.999513	__gene_F_rbs	480.000000	0.000000	0.000000
984.999513	__gene_G_rbs	355.000000	0.000000	0.000000
984.999513	__gene_H_rbs	240.000000	0.000000	0.000000
984.999513	__gene_J_rbs	681.000000	0.000000	0.000000
984.999513	__gene_K_rbs	189.000000	0.000000	0.000000
984.999513	__ribosome	0.000000	0.000000	0.000000
984.999513	bound_ecolipol	1894.000000	0.000000	0.000000
984.999513	bound_ribosome	100.000000	0.000000	0.000000
984.999513	ecoli_genome	106.000000	0.000000	0.000000
984.999513	ecoli_transcript	75235.000000	0.000000	0.000000
984.999513	ecolipol	50.000000	0.000000	0.000000
984.999513	gene_A	10.000000	16.000000	0.000000
984.999513	gene_A*	10.000000	16.000000	0.000000
984.999513	gene_B	74.000000	189.000000	0.000000
984.999513	gene_C	61.000000	189.000000	0.000000
984.999513	gene_D	294.000000	691.000000	0.000000
984.999513	gene_E	240.000000	687.000000	0.000000
984.999513	gene_F	130.000000	480.000000	0.000000
984.999513	gene_G	27.000000	355.000000	0.045070
984.999513	gene_H	0.000000	240.000000	0.108333
984.999513	gene_J	119.000000	681.000000	0.085169
984.999513	gene_K	58.000000	189.000000	0.000000
984.999513	promoter_A	1.000000	0.000000	0.000000
984.999513	promoter_B1	0.000000	0.000000	0.000000
984.999513	promoter_D	0.000000	0.000000	0.000000
989.999713	__gene_A*_rbs	16.000000	0.000000	0.000000
989.999713	__gene_A_rbs	17.000000	0.000000	0.000000
989.999713	__gene_B_rbs	191.000000	0.000000	0.000000
989.999713	__gene_C_rbs	189.000000	0.000000	0.000000
989.999713	__gene_D_rbs	695.000000	0.000000	0.000000
989.999713	__gene_E_rbs	691.000000	0.000000	0.000000
989.999713	__gene_F_rbs	482.000000	0.000000	0.000000
989.999713	__gene_G_rbs	359.000000	0.000000	0.000000
989.999713	__gene_H_rbs	242.000000	0.000000	0.000000
989.999713	__gene_J_rbs	685.000000	0.000000	0.000000
989.999713	__gene_K_rbs	189.000000	0.000000	0.000000
989.999713	__ribosome	0.000000	0.000000	0.000000
989.999713	bound_ecolipol	1890.000000	0.000000	0.000000
989.999713	bound_ribosome	100.000000	0.000000	0.000000
989.999713	ecoli_genome	110.000000	0.000000	0.000000
989.999713	ecoli_transcript	75608.000000	0.000000	0.000000
989.999713	ecolipol	50.000000	0.000000	0.000000
989.999713	gene_A	10.000000	17.000000	0.000000
989.999713	gene_A*	10.000000	16.000000	0.000000
989.999713	gene_B	74.000000	191.000000	0.000000
989.999713	gene_C	61.000000	189.000000	0.000000
989.999713	gene_D	294.000000	695.000000	0.000000
989.999713	gene_E	240.000000	691.000000	0.000000
989.999713	gene_F	130.000000	482.000000	0.000000
989.999713	gene_G	27.000000	359.000000	0.044568
989.999713	gene_H	0.000000	242.000000	0.107438
989.999713	gene_J	119.000000	685.000000	0.084672
989.999713	gene_K	58.000000	189.000000	0.000000
989.999713	promoter_A	1.000000	0.000000	0.000000
989.999713	promoter_B1	0.000000	0.000000	0.000000
989.999713	promoter_D	0.000000	0.000000	0.000000
994.999500	__gene_A*_rbs	16.000000	0.000000	0.000000
994.999500	__gene_A_rbs	17.000000	0.000000	0.000000
994.999500	__gene_B_rbs	192.000000	0.000000	0.000000
994.999500	__gene_C_rbs	189.000000	0.000000	0.000000
994.999500	__gene_D_rbs	698.000000	0.000000	0.000000
994.999500	__gene_E_rbs	694.000000	0.000000	0.000000
994.999500	__gene_F_rbs	485.000000	0.000000	0.000000
994.999500	__gene_G_rbs	360.000000	0.000000	0.000000
994.999500	__gene_H_rbs	244.000000	0.000000	0.000000
994.999500	__gene_J_rbs	688.000000	0.000000	0.000000
994.999500	__gene_K_rbs	189.000000	0.000000	0.000000
994.999500	__ribosome	0.000000	0.000000	0.000000
994.999500	bound_ecolipol	1885.000000	0.000000	0.000000
994.999500	bound_ribosome	100.000000	0.000000	0.000000
994.999500	ecoli_genome	115.000000	0.000000	0.000000
994.999500	ecoli_transcript	75995.000000	0.000000	0.000000
994.999500	ecolipol	57.000000	0.000000	0.000000
994.999500	gene_A	10.000000	17.000000	0.000000
994.999500	gene_A*	10.000000	16.000000	0.000000
994.999500	gene_B	74.000000	192.000000	0.000000
994.999500	gene_C	61.000000	189.000000	0.000000
994.999500	gene_D	294.000000	698.000000	0.000000
994.999500	gene_E	240.000000	694.000000	0.000000
994.999500	gene_F	130.000000	485.000000	0.000000
994.999500	gene_G	27.000000	360.000000	0.044444
994.999500	gene_H	0.000000	244.000000	0.106557
994.999500	gene_J	119.000000	688.000000	0.084302
994.999500	gene_K	58.000000	189.000000	0.000000
994.999500	promoter_A	1.000000	0.000000	0.000000
994.999500	promoter_B1	1.000000	0.000000	0.000000
994.999500	promoter_D	0.000000	0.000000	0.000000
999.999019	__gene_A*_rbs	16.000000	0.000000	0.000000
999.999019	__gene_A_rbs	17.000000	0.000000	0.000000
999.999019	__gene_B_rbs	193.000000	0.000000	0.000000
999.999019	__gene_C_rbs	190.000000	0.000000	0.000000
999.999019	__gene_D_rbs	701.000000	0.000000	0.000000
999.999019	__gene_E_rbs	698.000000	0.000000	0.000000
999.999019	__gene_F_rbs	488.000000	0.000000	0.000000
999.999019	__gene_G_rbs	360.000000	0.000000	0.000000
999.999019	__gene_H_rbs	246.000000	0.000000	0.000000
999.999019	__gene_J_rbs	691.000000	0.000000	0.000000
999.999019	__gene_K_rbs	191.000000	0.000000	0.000000
999.999019	__ribosome	0.000000	0.000000	0.000000
999.999019	bound_ecolipol	1889.000000	0.000000	0.000000
999.999019	bound_ribosome	100.000000	0.000000	0.000000
999.999019	ecoli_genome	111.000000	0.000000	0.000000
999.999019	ecoli_transcript	76394.000000	0.000000	0.000000
999.999019	ecolipol	54.000000	0.000000	0.000000
999.999019	gene_A	10.000000	17.000000	0.000000
999.999019	gene_A*	10.000000	16.000000	0.000000
999.999019	gene_B	74.000000	193.000000	0.000000
999.999019	gene_C	61.000000	190.000000	0.000000
999.999019	gene_D	294.000000	701.000000	0.000000
999.999019	gene_E	240.000000	698.000000	0.000000
999.999019	gene_F	130.000000	488.000000	0.000000
999.999019	gene_G	27.000000	360.000000	0.044444
999.999019	gene_H	0.000000	246.000000	0.105691
999.999019	gene_J	119.000000	691.000000	0.083936
999.999019	gene_K	58.000000	191.000000	0.000000
999.999019	promoter_A	1.000000	0.000000	0.000000
999.999019	promoter_B1	1.000000	0.000000	0.000000
999.999019	promoter_D	0.000000	0.000000	0.000000
1004.999039	__gene_A*_rbs	17.000000	0.000000	0.000000
1004.999039	__gene_A_rbs	17.000000	0.000000	0.000000
1004.999039	__gene_B_rbs	193.000000	0.000000	0.000000
1004.999039	__gene_C_rbs	191.000000	0.000000	0.000000
1004.999039	__gene_D_rbs	705.000000	0.000000	0.000000
1004.999039	__gene_E_rbs	701.000000	0.000000	0.000000
1004.999039	__gene_F_rbs	491.000000	0.000000	0.000000
1004.999039	__gene_G_rbs	363.000000	0.000000	0.000000
1004.999039	__gene_H_rbs	249.000000	0.000000	0.000000
1004.999039	__gene_J_rbs	695.000000	0.000000	0.000000
1004.999039	__gene_K_rbs	192.000000	0.000000	0.000000
1004.999039	__ribosome	0.000000	0.000000	0.000000
1004.999039	bound_ecolipol	1902.000000	0.000000	0.000000
1004.999039	bound_ribosome	100.000000	0.000000	0.000000
1004.999039	ecoli_genome	98.000000	0.000000	0.000000
1004.999039	ecoli_transcript	76765.000000	0.000000	0.000000
1004.999039	ecolipol	40.000000	0.000000	0.000000
1004.999039	gene_A	10.000000	17.000000	0.000000
1004.999039	gene_A*	10.000000	17.000000	0.000000
1004.999039	gene_B	74.000000	193.000000	0.000000
1004.999039	gene_C	61.000000	191.000000	0.000000
1004.999039	gene_D	294.000000	705.000000	0.000000
1004.999039	gene_E	240.000000	701.000000	0.000000
1004.999039	gene_F	130.000000	491.000000	0.000000
1004.999039	gene_G	27.000000	363.000000	0.044077
1004.999039	gene_H	0.000000	249.000000	0.104418
1004.999039	gene_J	119.000000	695.000000	0.083453
1004.999039	gene_K	58.000000	192.000000	0.000000
1004.999039	promoter_A	1.000000	0.000000	0.000000
1004.999039	promoter_B1	1.000000	0.000000	0.000000
1004.999039	promoter_D	0.000000	0.000000	0.000000
1009.999002	__gene_A*_rbs	17.000000	0.000000	0.000000
1009.999002	__gene_A_rbs	17.000000	0.000000	0.000000
1009.999002	__gene_B_rbs	193.000000	0.000000	0.000000
1009.999002	__gene_C_rbs	193.000000	0.000000	0.000000
1009.999002	__gene_D_rbs	708.000000	0.000000	0.000000
1009.999002	__gene_E_rbs	705.000000	0.000000	0.000000
1009.999002	__gene_F_rbs	494.000000	0.000000	0.000000
1009.999002	__gene_G_rbs	367.000000	0.000000	0.000000
1009.999002	__gene_H_rbs	252.000000	0.000000	0.000000
1009.999002	__gene_J_rbs	699.000000	0.000000	0.000000
1009.999002	__gene_K_rbs	193.000000	0.000000	0.000000
1009.999002	__ribosome	0.000000	0.000000	0.000000
1009.999002	bound_ecolipol	1890.000000	0.000000	0.000000
1009.999002	bound_ribosome	100.000000	0.000000	0.000000
1009.999002	ecoli_genome	110.000000	0.000000	0.000000
1009.999002	ecoli_transcript	77153.000000	0.000000	0.000000
1009.999002	ecolipol	52.000000	0.000000	0.000000
1009.999002	gene_A	10.000000	17.000000	0.000000
1009.999002	gene_A*	10.000000	17.000000	0.000000
1009.999002	gene_B	74.000000	193.000000	0.000000
1009.999002	gene_C	61.000000	193.000000	0.000000
1009.999002	gene_D	294.000000	708.000000	0.000000
1009.999002	gene_E	240.000000	705.000000	0.000000
1009.999002	gene_F	130.000000	494.000000	0.000000
1009.999002	gene_G	27.000000	367.000000	0.043597
1009.999002	gene_H	0.000000	252.000000	0.103175
1009.999002	gene_J	119.000000	699.000000	0.082976
1009.999002	gene_K	58.000000	193.000000	0.000000
1009.999002	promoter_A	1.000000	0.000000	0.000000
1009.999002	promoter_B1	0.000000	0.000000	0.000000
1009.999002	promoter_D	0.000000	0.000000	0.000000
1015.000165	__gene_A*_rbs	17.000000	0.000000	0.000000
1015.000165	__gene_A_rbs	17.000000	0.000000	0.000000
1015.000165	__gene_B_rbs	194.000000	0.000000	0.000000
1015.000165	__gene_C_rbs	193.000000	0.000000	0.000000
1015.000165	__gene_D_rbs	712.000000	0.000000	0.000000
1015.000165	__gene_E_rbs	708.000000	0.000000	0.000000
1015.000165	__gene_F_rbs	496.000000	0.000000	0.000000
1015.000165	__gene_G_rbs	369.000000	0.000000	0.000000
1015.000165	__gene_H_rbs	252.000000	0.000000	0.000000
1015.000165	__gene_J_rbs	702.000000	0.000000	0.000000
1015.000165	__gene_K_rbs	193.000000	0.000000	0.000000
1015.000165	__ribosome	0.000000	0.000000	0.000000
1015.000165	bound_ecolipol	1887.000000	0.000000	0.000000
1015.000165	bound_ribosome	100.000000	0.000000	0.000000
1015.000165	ecoli_genome	113.000000	0.000000	0.000000
1015.000165	ecoli_transcript	77552.000000	0.000000	0.000000
1015.000165	ecolipol	55.000000	0.000000	0.000000
1015.000165	gene_A	10.000000	17.000000	0.000000
1015.000165	gene_A*	10.000000	17.000000	0.000000
1015.000165	gene_B	74.000000	194.000000	0.000000
1015.000165	gene_C	61.000000	193.000000	0.000000
1015.000165	gene_D	294.000000	712.000000	0.000000
1015.000165	gene_E	240.000000	708.000000	0.000000
1015.000165	gene_F	130.000000	496.000000	0.000000
1015.000165	gene_G	27.000000	369.000000	0.043360
1015.000165	gene_H	0.000000	252.000000	0.103175
1015.000165	gene_J	119.000000	702.000000	0.082621
1015.000165	gene_K	58.000000	193.000000	0.000000
1015.000165	promoter_A	1.000000	0.000000	0.000000
1015.000165	promoter_B1	0.000000	0.000000	0.000000
1015.000165	promoter_D	0.000000	0.000000	0.000000
1019.999184	__gene_A*_rbs	17.000000	0.000000	0.000000
1019.999184	__gene_A_rbs	17.000000	0.000000	0.000000
1019.999184	__gene_B_rbs	196.000000	0.000000	0.000000
1019.999184	__gene_C_rbs	193.000000	0.000000	0.000000
1019.999184	__gene_D_rbs	715.000000	0.000000	0.000000
1019.999184	__gene_E_rbs	712.000000	0.000000	0.000000
1019.999184	__gene_F_rbs	499.000000	0.000000	0.000000
1019.999184	__gene_G_rbs	370.000000	0.000000	0.000000
1019.999184	__gene_H_rbs	253.000000	0.000000	0.000000
1019.999184	__gene_J_rbs	706.000000	0.000000	0.000000
1019.999184	__gene_K_rbs	193.000000	0.000000	0.000000
1019.999184	__ribosome	0.000000	0.000000	0.000000
1019.999184	bound_ecolipol	1894.000000	0.000000	0.000000
1019.999184	bound_ribosome	100.000000	0.000000	0.000000
1019.999184	ecoli_genome	106.000000	0.000000	0.000000
1019.999184	ecoli_transcript	77912.000000	0.000000	0.000000
1019.999184	ecolipol	46.000000	0.000000	0.000000
1019.999184	gene_A	10.000000	17.000000	0.000000
1019.999184	gene_A*	10.000000	17.000000	0.000000
1019.999184	gene_B	74.000000	196.000000	0.000000
1019.999184	gene_C	61.000000	193.000000	0.000000
1019.999184	gene_D	294.000000	715.000000	0.000000
1019.999184	gene_E	240.000000	712.000000	0.000000
1019.999184	gene_F	130.000000	499.000000	0.000000
1019.999184	gene_G	27.000000	370.000000	0.043243
1019.999184	gene_H	0.000000	253.000000	0.102767
1019.999184	gene_J	119.000000	706.000000	0.082153
1019.999184	gene_K	58.000000	193.000000	0.000000
1019.999184	promoter_A	1.000000	0.000000	0.000000
1019.999184	promoter_B1	0.000000	0.000000	0.000000
1019.999184	promoter_D	0.000000	0.000000	0.000000
1024.999233	__gene_A*_rbs	17.000000	0.000000	0.000000
1024.999233	__gene_A_rbs	18.000000	0.000000	0.000000
1024.999233	__gene_B_rbs	197.000000	0.000000	0.000000
1024.999233	__gene_C_rbs	193.000000	0.000000	0.000000
1024.999233	__gene_D_rbs	719.000000	0.000000	0.000000
1024.999233	__gene_E_rbs	715.000000	0.000000	0.000000
1024.999233	__gene_F_rbs	502.000000	0.000000	0.000000
1024.999233	__gene_G_rbs	373.000000	0.000000	0.000000
1024.999233	__gene_H_rbs	256.000000	0.000000	0.000000
1024.999233	__gene_J_rbs	709.000000	0.000000	0.000000
1024.999233	__gene_K_rbs	194.000000	0.000000	0.000000
1024.999233	__ribosome	0.000000	0.000000	0.000000
1024.999233	bound_ecolipol	1888.000000	0.000000	0.000000
1024.999233	bound_ribosome	100.000000	0.000000	0.000000
1024.999233	ecoli_genome	112.000000	0.000000	0.000000
1024.999233	ecoli_transcript	78303.000000	0.000000	0.000000
1024.999233	ecolipol	51.000000	0.000000	0.000000
1024.999233	gene_A	10.000000	18.000000	0.000000
1024.999233	gene_A*	10.000000	17.000000	0.000000
1024.999233	gene_B	74.000000	197.000000	0.000000
1024.999233	gene_C	61.000000	193.000000	0.000000
1024.999233	gene_D	294.000000	719.000000	0.000000
1024.999233	gene_E	240.000000	715.000000	0.000000
1024.999233	gene_F	130.000000	502.000000	0.000000
1024.999233	gene_G	27.000000	373.000000	0.042895
1024.999233	gene_H	0.000000	256.000000	0.101562
1024.999233	gene_J	119.000000	709.000000	0.081805
1024.999233	gene_K	58.000000	194.000000	0.000000
1024.999233	promoter_A	1.000000	0.000000	0.000000
1024.999233	promoter_B1	1.000000	0.000000	0.000000
1024.999233	promoter_D	0.000000	0.000000	0.000000
1029.999149	__gene_A*_rbs	17.000000	0.000000	0.000000
1029.999149	__gene_A_rbs	18.000000	0.000000	0.000000
1029.999149	__gene_B_rbs	199.000000	0.000000	0.000000
1029.999149	__gene_C_rbs	194.000000	0.000000	0.000000
1029.999149	__gene_D_rbs	723.000000	0.000000	0.000000
1029.999149	__gene_E_rbs	719.000000	0.000000	0.000000
1029.999149	__gene_F_rbs	505.000000	0.000000	0.000000
1029.999149	__gene_G_rbs	374.000000	0.000000	0.000000
1029.999149	__gene_H_rbs	258.000000	0.000000	0.000000
1029.999149	__gene_J_rbs	713.000000	0.000000	0.000000
1029.999149	__gene_K_rbs	196.000000	0.000000	0.000000
1029.999149	__ribosome	0.000000	0.000000	0.000000
1029.999149	bound_ecolipol	1891.000000	0.000000	0.000000
1029.999149	bound_ribosome	100.000000	0.000000	0.000000
1029.999149	ecoli_genome	109.000000	0.000000	0.000000
1029.999149	ecoli_transcript	78656.000000	0.000000	0.000000
1029.999149	ecolipol	46.000000	0.000000	0.000000
1029.999149	gene_A	10.000000	18.000000	0.000000
1029.999149	gene_A*	10.000000	17.000000	0.000000
1029.999149	gene_B	74.000000	199.000000	0.000000
1029.999149	gene_C	61.000000	194.000000	0.000000
1029.999149	gene_D	294.000000	723.000000	0.000000
1029.999149	gene_E	240.000000	719.000000	0.000000
1029.999149	gene_F	130.000000	505.000000	0.000000
1029.999149	gene_G	27.000000	374.000000	0.042781
1029.999149	gene_H	0.000000	258.000000	0.100775
1029.999149	gene_J	119.000000	713.000000	0.081346
1029.999149	gene_K	58.000000	196.000000	0.000000
1029.999149	promoter_A	1.000000	0.000000	0.000000
1029.999149	promoter_B1	1.000000	0.000000	0.000000
1029.999149	promoter_D	0.000000	0.000000	0.000000
1034.999184	__gene_A*_rbs	17.000000	0.000000	0.000000
1034.999184	__gene_A_rbs	19.000000	0.000000	0.000000
1034.999184	__gene_B_rbs	200.000000	0.000000	0.000000
1034.999184	__gene_C_rbs	196.000000	0.000000	0.000000
1034.999184	__gene_D_rbs	726.000000	0.000000	0.000000
1034.999184	__gene_E_rbs	723.000000	0.000000	0.000000
1034.999184	__gene_F_rbs	508.000000	0.000000	0.000000
1034.999184	__gene_G_rbs	377.000000	0.000000	0.000000
1034.999184	__gene_H_rbs	260.000000	0.000000	0.000000
1034.999184	__gene_J_rbs	716.000000	0.000000	0.000000
1034.999184	__gene_K_rbs	197.000000	0.000000	0.000000
1034.999184	__ribosome	0.000000	0.000000	0.000000
1034.999184	bound_ecolipol	1891.000000	0.000000	0.000000
1034.999184	bound_ribosome	100.000000	0.000000	0.000000
1034.999184	ecoli_genome	109.000000	0.000000	0.000000
1034.999184	ecoli_transcript	79029.000000	0.000000	0.000000
1034.999184	ecolipol	44.000000	0.000000	0.000000
1034.999184	gene_A	10.000000	19.000000	0.000000
1034.999184	gene_A*	10.000000	17.000000	0.000000
1034.999184	gene_B	74.000000	200.000000	0.000000
1034.999184	gene_C	61.000000	196.000000	0.000000
1034.999184	gene_D	294.000000	726.000000	0.000000
1034.999184	gene_E	240.000000	723.000000	0.000000
1034.999184	gene_F	130.000000	508.000000	0.000000
1034.999184	gene_G	27.000000	377.000000	0.042440
1034.999184	gene_H	0.000000	260.000000	0.100000
1034.999184	gene_J	119.000000	716.000000	0.081006
1034.999184	gene_K	58.000000	197.000000	0.000000
1034.999184	promoter_A	1.000000	0.000000	0.000000
1034.999184	promoter_B1	1.000000	0.000000	0.000000
1034.999184	promoter_D	0.000000	0.000000	0.000000
1039.999018	__gene_A*_rbs	18.000000	0.000000	0.000000
1039.999018	__gene_A_rbs	19.000000	0.000000	0.000000
1039.999018	__gene_B_rbs	201.000000	0.000000	0.000000
1039.999018	__gene_C_rbs	197.000000	0.000000	0.000000
1039.999018	__gene_D_rbs	730.000000	0.000000	0.000000
1039.999018	__gene_E_rbs	726.000000	0.000000	0.000000
1039.999018	__gene_F_rbs	511.000000	0.000000	0.000000
1039.999018	__gene_G_rbs	380.000000	0.000000	0.000000
1039.999018	__gene_H_rbs	262.000000	0.000000	0.000000
1039.999018	__gene_J_rbs	720.000000	0.000000	0.000000
1039.999018	__gene_K_rbs	199.000000	0.000000	0.000000
1039.999018	__ribosome	0.000000	0.000000	0.000000
1039.999018	bound_ecolipol	1887.000000	0.000000	0.000000
1039.999018	bound_ribosome	100.000000	0.000000	0.000000
1039.999018	ecoli_genome	113.000000	0.000000	0.000000
1039.999018	ecoli_transcript	79444.000000	0.000000	0.000000
1039.999018	ecolipol	50.000000	0.000000	0.000000
1039.999018	gene_A	10.000000	19.000000	0.000000
1039.999018	gene_A*	10.000000	18.000000	0.000000
1039.999018	gene_B	74.000000	201.000000	0.000000
1039.999018	gene_C	61.000000	197.000000	0.000000
1039.999018	gene_D	294.000000	730.000000	0.000000
1039.999018	gene_E	240.000000	726.000000	0.000000
1039.999018	gene_F	130.000000	511.000000	0.000000
1039.999018	gene_G	27.000000	380.000000	0.042105
1039.999018	gene_H	0.000000	262.000000	0.099237
1039.999018	gene_J	119.000000	720.000000	0.080556
1039.999018	gene_K	58.000000	199.000000	0.000000
1039.999018	promoter_A	1.000000	0.000000	0.000000
1039.999018	promoter_B1	0.000000	0.000000	0.000000
1039.999018	promoter_D	0.000000	0.000000	0.000000
1044.999055	__gene_A*_rbs	18.000000	0.000000	0.000000
1044.999055	__gene_A_rbs	19.000000	0.000000	0.000000
1044.999055	__gene_B_rbs	201.000000	0.000000	0.000000
1044.999055	__gene_C_rbs	199.000000	0.000000	0.000000
1044.999055	__gene_D_rbs	734.000000	0.000000	0.000000
1044.999055	__gene_E_rbs	730.000000	0.000000	0.000000
1044.999055	__gene_F_rbs	513.000000	0.000000	0.000000
1044.999055	__gene_G_rbs	382.000000	0.000000	0.000000
1044.999055	__gene_H_rbs	263.000000	0.000000	0.000000
1044.999055	__gene_J_rbs	723.000000	0.000000	0.000000
1044.999055	__gene_K_rbs	200.000000	0.000000	0.000000
1044.999055	__ribosome	0.000000	0.000000	0.000000
1044.999055	bound_ecolipol	1904.000000	0.000000	0.000000
1044.999055	bound_ribosome	100.000000	0.000000	0.000000
1044.999055	ecoli_genome	96.000000	0.000000	0.000000
1044.999055	ecoli_transcript	79813.000000	0.000000	0.000000
1044.999055	ecolipol	33.000000	0.000000	0.000000
1044.999055	gene_A	10.000000	19.000000	0.000000
1044.999055	gene_A*	10.000000	18.000000	0.000000
1044.999055	gene_B	74.000000	201.000000	0.000000
1044.999055	gene_C	61.000000	199.000000	0.000000
1044.999055	gene_D	294.000000	734.000000	0.000000
1044.999055	gene_E	240.000000	730.000000	0.000000
1044.999055	gene_F	130.000000	513.000000	0.000000
1044.999055	gene_G	27.000000	382.000000	0.041885
1044.999055	gene_H	0.000000	263.000000	0.098859
1044.999055	gene_J	119.000000	723.000000	0.080221
1044.999055	gene_K	58.000000	200.000000	0.000000
1044.999055	promoter_A	1.000000	0.000000	0.000000
1044.999055	promoter_B1	0.000000	0.000000	0.000000
1044.999055	promoter_D	0.000000	0.000000	0.000000
1049.999607	__gene_A*_rbs	19.000000	0.000000	0.000000
1049.999607	__gene_A_rbs	19.000000	0.000000	0.000000
1049.999607	__gene_B_rbs	203.000000	0.000000	0.000000
1049.999607	__gene_C_rbs	201.000000	0.000000	0.000000
1049.999607	__gene_D_rbs	737.000000	0.000000	0.000000
1049.999607	__gene_E_rbs	734.000000	0.000000	0.000000
1049.999607	__gene_F_rbs	515.000000	0.000000	0.000000
1049.999607	__gene_G_rbs	385.000000	0.000000	0.000000
1049.999607	__gene_H_rbs	264.000000	0.000000	0.000000
1049.999607	__gene_J_rbs	727.000000	0.000000	0.000000
1049.999607	__gene_K_rbs	201.000000	0.000000	0.000000
1049.999607	__ribosome	0.000000	0.000000	0.000000
1049.999607	bound_ecolipol	1891.000000	0.000000	0.000000
1049.999607	bound_ribosome	100.000000	0.000000	0.000000
1049.999607	ecoli_genome	109.000000	0.000000	0.000000
1049.999607	ecoli_transcript	80180.000000	0.000000	0.000000
1049.999607	ecolipol	49.000000	0.000000	0.000000
1049.999607	gene_A	10.000000	19.000000	0.000000
1049.999607	gene_A*	10.000000	19.000000	0.000000
1049.999607	gene_B	74.000000	203.000000	0.000000
1049.999607	gene_C	61.000000	201.000000	0.000000
1049.999607	gene_D	294.000000	737.000000	0.000000
1049.999607	gene_E	240.000000	734.000000	0.000000
1049.999607	gene_F	130.000000	515.000000	0.000000
1049.999607	gene_G	27.000000	385.000000	0.041558
1049.999607	gene_H	0.000000	264.000000	0.098485
1049.999607	gene_J	119.000000	727.000000	0.079780
1049.999607	gene_K	58.000000	201.000000	0.000000
1049.999607	promoter_A	1.000000	0.000000	0.000000
1049.999607	promoter_B1	1.000000	0.000000	0.000000
1049.999607	promoter_D	0.000000	0.000000	0.000000
1054.999228	__gene_A*_rbs	19.000000	0.000000	0.000000
1054.999228	__gene_A_rbs	19.000000	0.000000	0.000000
1054.999228	__gene_B_rbs	204.000000	0.000000	0.000000
1054.999228	__gene_C_rbs	201.000000	0.000000	0.000000
1054.999228	__gene_D_rbs	741.000000	0.000000	0.000000
1054.999228	__gene_E_rbs	737.000000	0.000000	0.000000
1054.999228	__gene_F_rbs	518.000000	0.000000	0.000000
1054.999228	__gene_G_rbs	387.000000	0.000000	0.000000
1054.999228	__gene_H_rbs	266.000000	0.000000	0.000000
1054.999228	__gene_J_rbs	731.000000	0.000000	0.000000
1054.999228	__gene_K_rbs	201.000000	0.000000	0.000000
1054.999228	__ribosome	0.000000	0.000000	0.000000
1054.999228	bound_ecolipol	1896.000000	0.000000	0.000000
1054.999228	bound_ribosome	100.000000	0.000000	0.000000
1054.999228	ecoli_genome	104.000000	0.000000	0.000000
1054.999228	ecoli_transcript	80558.000000	0.000000	0.000000
1054.999228	ecolipol	47.000000	0.000000	0.000000
1054.999228	gene_A	10.000000	19.000000	0.000000
1054.999228	gene_A*	10.000000	19.000000	0.000000
1054.999228	gene_B	74.000000	204.000000	0.000000
1054.999228	gene_C	61.000000	201.000000	0.000000
1054.999228	gene_D	294.000000	741.000000	0.000000
1054.999228	gene_E	240.000000	737.000000	0.000000
1054.999228	gene_F	130.000000	518.000000	0.000000
1054.999228	gene_G	27.000000	387.000000	0.041344
1054.999228	gene_H	0.000000	266.000000	0.097744
1054.999228	gene_J	119.000000	731.000000	0.079343
1054.999228	gene_K	58.000000	201.000000	0.000000
1054.999228	promoter_A	1.000000	0.000000	0.000000
1054.999228	promoter_B1	1.000000	0.000000	0.000000
1054.999228	promoter_D	0.000000	0.000000	0.000000
1059.999003	__gene_A*_rbs	19.000000	0.000000	0.000000
1059.999003	__gene_A_rbs	19.000000	0.000000	0.000000
1059.999003	__gene_B_rbs	204.000000	0.000000	0.000000
1059.999003	__gene_C_rbs	202.000000	0.000000	0.000000
1059.999003	__gene_D_rbs	745.000000	0.000000	0.000000
1059.999003	__gene_E_rbs	741.000000	0.000000	0.000000
1059.999003	__gene_F_rbs	520.000000	0.000000	0.000000
1059.999003	__gene_G_rbs	389.000000	0.000000	0.000000
1059.999003	__gene_H_rbs	266.000000	0.000000	0.000000
1059.999003	__gene_J_rbs	735.000000	0.000000	0.000000
1059.999003	__gene_K_rbs	203.000000	0.000000	0.000000
1059.999003	__ribosome	0.000000	0.000000	0.000000
1059.999003	bound_ecolipol	1901.000000	0.000000	0.000000
1059.999003	bound_ribosome	100.000000	0.000000	0.000000
1059.999003	ecoli_genome	99.000000	0.000000	0.000000
1059.999003	ecoli_transcript	80963.000000	0.000000	0.000000
1059.999003	ecolipol	46.000000	0.000000	0.000000
1059.999003	gene_A	10.000000	19.000000	0.000000
1059.999003	gene_A*	10.000000	19.000000	0.000000
1059.999003	gene_B	74.000000	204.000000	0.000000
1059.999003	gene_C	61.000000	202.000000	0.000000
1059.999003	gene_D	294.000000	745.000000	0.000000
1059.999003	gene_E	240.000000	741.000000	0.000000
1059.999003	gene_F	130.000000	520.000000	0.000000
1059.999003	gene_G	27.000000	389.000000	0.041131
1059.999003	gene_H	0.000000	266.000000	0.097744
1059.999003	gene_J	119.000000	735.000000	0.078912
1059.999003	gene_K	58.000000	203.000000	0.000000
1059.999003	promoter_A	0.000000	0.000000	0.000000
1059.999003	promoter_B1	1.000000	0.000000	0.000000
1059.999003	promoter_D	0.000000	0.000000	0.000000
1064.999125	__gene_A*_rbs	19.000000	0.000000	0.000000
1064.999125	__gene_A_rbs	20.000000	0.000000	0.000000
1064.999125	__gene_B_rbs	206.000000	0.000000	0.000000
1064.999125	__gene_C_rbs	203.000000	0.000000	0.000000
1064.999125	__gene_D_rbs	748.000000	0.000000	0.000000
1064.999125	__gene_E_rbs	744.000000	0.000000	0.000000
1064.999125	__gene_F_rbs	522.000000	0.000000	0.000000
1064.999125	__gene_G_rbs	391.000000	0.000000	0.000000
1064.999125	__gene_H_rbs	267.000000	0.000000	0.000000
1064.999125	__gene_J_rbs	738.000000	0.000000	0.000000
1064.999125	__gene_K_rbs	204.000000	0.000000	0.000000
1064.999125	__ribosome	0.000000	0.000000	0.000000
1064.999125	bound_ecolipol	1898.000000	0.000000	0.000000
1064.999125	bound_ribosome	100.000000	0.000000	0.000000
1064.999125	ecoli_genome	102.000000	0.000000	0.000000
1064.999125	ecoli_transcript	81351.000000	0.000000	0.000000
1064.999125	ecolipol	49.000000	0.000000	0.000000
1064.999125	gene_A	10.000000	20.000000	0.000000
1064.999125	gene_A*	10.000000	19.000000	0.000000
1064.999125	gene_B	74.000000	206.000000	0.000000
1064.999125	gene_C	61.000000	203.000000	0.000000
1064.999125	gene_D	294.000000	748.000000	0.000000
1064.999125	gene_E	240.000000	744.000000	0.000000
1064.999125	gene_F	130.000000	522.000000	0.000000
1064.999125	gene_G	27.000000	391.000000	0.040921
1064.999125	gene_H	0.000000	267.000000	0.097378
1064.999125	gene_J	119.000000	738.000000	0.078591
1064.999125	gene_K	58.000000	204.000000	0.000000
1064.999125	promoter_A	1.000000	0.000000	0.000000
1064.999125	promoter_B1	1.000000	0.000000	0.000000
1064.999125	promoter_D	0.000000	0.000000	0.000000
1069.999029	__gene_A*_rbs	19.000000	0.000000	0.000000
1069.999029	__gene_A_rbs	20.000000	0.000000	0.000000
1069.999029	__gene_B_rbs	207.000000	0.000000	0.000000
1069.999029	__gene_C_rbs	204.000000	0.000000	0.000000
1069.999029	__gene_D_rbs	752.000000	0.000000	0.000000
1069.999029	__gene_E_rbs	748.000000	0.000000	0.000000
1069.999029	__gene_F_rbs	525.000000	0.000000	0.000000
1069.999029	__gene_G_rbs	391.000000	0.000000	0.000000
1069.999029	__gene_H_rbs	269.000000	0.000000	0.000000
1069.999029	__gene_J_rbs	741.000000	0.000000	0.000000
1069.999029	__gene_K_rbs	204.000000	0.000000	0.000000
1069.999029	__ribosome	0.000000	0.000000	0.000000
1069.999029	bound_ecolipol	1894.000000	0.000000	0.000000
1069.999029	bound_ribosome	100.000000	0.000000	0.000000
1069.999029	ecoli_genome	106.000000	0.000000	0.000000
1069.999029	ecoli_transcript	81740.000000	0.000000	0.000000
1069.999029	ecolipol	56.000000	0.000000	0.000000
1069.999029	gene_A	10.000000	20.000000	0.000000
1069.999029	gene_A*	10.000000	19.000000	0.000000
1069.999029	gene_B	74.000000	207.000000	0.000000
1069.999029	gene_C	61.000000	204.000000	0.000000
1069.999029	gene_D	294.000000	752.000000	0.000000
1069.999029	gene_E	240.000000	748.000000	0.000000
1069.999029	gene_F	130.000000	525.000000	0.000000
1069.999029	gene_G	27.000000	391.000000	0.040921
1069.999029	gene_H	0.000000	269.000000	0.096654
1069.999029	gene_J	119.000000	741.000000	0.078273
1069.999029	gene_K	58.000000	204.000000	0.000000
1069.999029	promoter_A	1.000000	0.000000	0.000000
1069.999029	promoter_B1	1.000000	0.000000	0.000000
1069.999029	promoter_D	0.000000	0.000000	0.000000
1074.999242	__gene_A*_rbs	20.000000	0.000000	0.000000
1074.999242	__gene_A_rbs	20.000000	0.000000	0.000000
1074.999242	__gene_B_rbs	208.000000	0.000000	0.000000
1074.999242	__gene_C_rbs	204.000000	0.000000	0.000000
1074.999242	__gene_D_rbs	755.000000	0.000000	0.000000
1074.999242	__gene_E_rbs	751.000000	0.000000	0.000000
1074.999242	__gene_F_rbs	527.000000	0.000000	0.000000
1074.999242	__gene_G_rbs	393.000000	0.000000	0.000000
1074.999242	__gene_H_rbs	270.000000	0.000000	0.000000
1074.999242	__gene_J_rbs	745.000000	0.000000	0.000000
1074.999242	__gene_K_rbs	205.000000	0.000000	0.000000
1074.999242	__ribosome	0.000000	0.000000	0.000000
1074.999242	bound_ecolipol	1891.000000	0.000000	0.000000
1074.999242	bound_ribosome	100.000000	0.000000	0.000000
1074.999242	ecoli_genome	109.000000	0.000000	0.000000
1074.999242	ecoli_transcript	82138.000000	0.000000	0.000000
1074.999242	ecolipol	58.000000	0.000000	0.000000
1074.999242	gene_A	10.000000	20.000000	0.000000
1074.999242	gene_A*	10.000000	20.000000	0.000000
1074.999242	gene_B	74.000000	208.000000	0.000000
1074.999242	gene_C	61.000000	204.000000	0.000000
1074.999242	gene_D	294.000000	755.000000	0.000000
1074.999242	gene_E	240.000000	751.000000	0.000000
1074.999242	gene_F	130.000000	527.000000	0.000000
1074.999242	gene_G	27.000000	393.000000	0.040712
1074.999242	gene_H	0.000000	270.000000	0.096296
1074.999242	gene_J	119.000000	745.000000	0.077852
1074.999242	gene_K	58.000000	205.000000	0.000000
1074.999242	promoter_A	1.000000	0.000000	0.000000
1074.999242	promoter_B1	1.000000	0.000000	0.000000
1074.999242	promoter_D	0.000000	0.000000	0.000000
1079.999015	__gene_A*_rbs	20.000000	0.000000	0.000000
1079.999015	__gene_A_rbs	20.000000	0.000000	0.000000
1079.999015	__gene_B_rbs	209.000000	0.000000	0.000000
1079.999015	__gene_C_rbs	206.000000	0.000000	0.000000
1079.999015	__gene_D_rbs	758.000000	0.000000	0.000000
1079.999015	__gene_E_rbs	754.000000	0.000000	0.000000
1079.999015	__gene_F_rbs	530.000000	0.000000	0.000000
1079.999015	__gene_G_rbs	395.000000	0.000000	0.000000
1079.999015	__gene_H_rbs	271.000000	0.000000	0.000000
1079.999015	__gene_J_rbs	749.000000	0.000000	0.000000
1079.999015	__gene_K_rbs	207.000000	0.000000	0.000000
1079.999015	__ribosome	0.000000	0.000000	0.000000
1079.999015	bound_ecolipol	1895.000000	0.000000	0.000000
1079.999015	bound_ribosome	100.000000	0.000000	0.000000
1079.999015	ecoli_genome	105.000000	0.000000	0.000000
1079.999015	ecoli_transcript	82527.000000	0.000000	0.000000
1079.999015	ecolipol	56.000000	0.000000	0.000000
1079.999015	gene_A	10.000000	20.000000	0.000000
1079.999015	gene_A*	10.000000	20.000000	0.000000
1079.999015	gene_B	74.000000	209.000000	0.000000
1079.999015	gene_C	61.000000	206.000000	0.000000
1079.999015	gene_D	294.000000	758.000000	0.000000
1079.999015	gene_E	240.000000	754.000000	0.000000
1079.999015	gene_F	130.000000	530.000000	0.000000
1079.999015	gene_G	27.000000	395.000000	0.040506
1079.999015	gene_H	0.000000	271.000000	0.095941
1079.999015	gene_J	119.000000	749.000000	0.077437
1079.999015	gene_K	58.000000	207.000000	0.000000
1079.999015	promoter_A	1.000000	0.000000	0.000000
1079.999015	promoter_B1	1.000000	0.000000	0.000000
1079.999015	promoter_D	0.000000	0.000000	0.000000
1084.999052	__gene_A*_rbs	20.000000	0.000000	0.000000
1084.999052	__gene_A_rbs	20.000000	0.000000	0.000000
1084.999052	__gene_B_rbs	209.000000	0.000000	0.000000
1084.999052	__gene_C_rbs	207.000000	0.000000	0.000000
1084.999052	__gene_D_rbs	762.000000	0.000000	0.000000
1084.999052	__gene_E_rbs	758.000000	0.000000	0.000000
1084.999052	__gene_F_rbs	532.000000	0.000000	0.000000
1084.999052	__gene_G_rbs	397.000000	0.000000	0.000000
1084.999052	__gene_H_rbs	271.000000	0.000000	0.000000
1084.999052	__gene_J_rbs	752.000000	0.000000	0.000000
1084.999052	__gene_K_rbs	208.000000	0.000000	0.000000
1084.999052	__ribosome	0.000000	0.000000	0.000000
1084.999052	bound_ecolipol	1896.000000	0.000000	0.000000
1084.999052	bound_ribosome	100.000000	0.000000	0.000000
1084.999052	ecoli_genome	104.000000	0.000000	0.000000
1084.999052	ecoli_transcript	82935.000000	0.000000	0.000000
1084.999052	ecolipol	56.000000	0.000000	0.000000
1084.999052	gene_A	10.000000	20.000000	0.000000
1084.999052	gene_A*	10.000000	20.000000	0.000000
1084.999052	gene_B	74.000000	209.000000	0.000000
1084.999052	gene_C	61.000000	207.000000	0.000000
1084.999052	gene_D	294.000000	762.000000	0.000000
1084.999052	gene_E	240.000000	758.000000	0.000000
1084.999052	gene_F	130.000000	532.000000	0.000000
1084.999052	gene_G	27.000000	397.000000	0.040302
1084.999052	gene_H	0.000000	271.000000	0.095941
1084.999052	gene_J	119.000000	752.000000	0.077128
1084.999052	gene_K	58.000000	208.000000	0.000000
1084.999052	promoter_A	1.000000	0.000000	0.000000
1084.999052	promoter_B1	1.000000	0.000000	0.000000
1084.999052	promoter_D	0.000000	0.000000	0.000000
1089.999113	__gene_A*_rbs	20.000000	0.000000	0.000000
1089.999113	__gene_A_rbs	20.000000	0.000000	0.000000
1089.999113	__gene_B_rbs	210.000000	0.000000	0.000000
1089.999113	__gene_C_rbs	208.000000	0.000000	0.000000
1089.999113	__gene_D_rbs	765.000000	0.000000	0.000000
1089.999113	__gene_E_rbs	761.000000	0.000000	0.000000
1089.999113	__gene_F_rbs	534.000000	0.000000	0.000000
1089.999113	__gene_G_rbs	399.000000	0.000000	0.000000
1089.999113	__gene_H_rbs	272.000000	0.000000	0.000000
1089.999113	__gene_J_rbs	756.000000	0.000000	0.000000
1089.999113	__gene_K_rbs	209.000000	0.000000	0.000000
1089.999113	__ribosome	0.000000	0.000000	0.000000
1089.999113	bound_ecolipol	1902.000000	0.000000	0.000000
1089.999113	bound_ribosome	100.000000	0.000000	0.000000
1089.999113	ecoli_genome	98.000000	0.000000	0.000000
1089.999113	ecoli_transcript	83350.000000	0.000000	0.000000
1089.999113	ecolipol	49.000000	0.000000	0.000000
1089.999113	gene_A	10.000000	20.000000	0.000000
1089.999113	gene_A*	10.000000	20.000000	0.000000
1089.999113	gene_B	74.000000	210.000000	0.000000
1089.999113	gene_C	61.000000	208.000000	0.000000
1089.999113	gene_D	294.000000	765.000000	0.000000
1089.999113	gene_E	240.000000	761.000000	0.000000
1089.999113	gene_F	130.000000	534.000000	0.000000
1089.999113	gene_G	27.000000	399.000000	0.040100
1089.999113	gene_H	0.000000	272.000000	0.095588
1089.999113	gene_J	119.000000	756.000000	0.076720
1089.999113	gene_K	58.000000	209.000000	0.000000
1089.999113	promoter_A	1.000000	0.000000	0.000000
1089.999113	promoter_B1	1.000000	0.000000	0.000000
1089.999113	promoter_D	0.000000	0.000000	0.000000
1094.999391	__gene_A*_rbs	20.000000	0.000000	0.000000
1094.999391	__gene_A_rbs	20.000000	0.000000	0.000000
1094.999391	__gene_B_rbs	211.000000	0.000000	0.000000
1094.999391	__gene_C_rbs	209.000000	0.000000	0.000000
1094.999391	__gene_D_rbs	769.000000	0.000000	0.000000
1094.999391	__gene_E_rbs	765.000000	0.000000	0.000000
1094.999391	__gene_F_rbs	535.000000	0.000000	0.000000
1094.999391	__gene_G_rbs	402.000000	0.000000	0.000000
1094.999391	__gene_H_rbs	274.000000	0.000000	0.000000
1094.999391	__gene_J_rbs	759.000000	0.000000	0.000000
1094.999391	__gene_K_rbs	209.000000	0.000000	0.000000
1094.999391	__ribosome	0.000000	0.000000	0.000000
1094.999391	bound_ecolipol	1902.000000	0.000000	0.000000
1094.999391	bound_ribosome	100.000000	0.000000	0.000000
1094.999391	ecoli_genome	98.000000	0.000000	0.000000
1094.999391	ecoli_transcript	83728.000000	0.000000	0.000000
1094.999391	ecolipol	52.000000	0.000000	0.000000
1094.999391	gene_A	10.000000	20.000000	0.000000
1094.999391	gene_A*	10.000000	20.000000	0.000000
1094.999391	gene_B	74.000000	211.000000	0.000000
1094.999391	gene_C	61.000000	209.000000	0.000000
1094.999391	gene_D	294.000000	769.000000	0.000000
1094.999391	gene_E	240.000000	765.000000	0.000000
1094.999391	gene_F	130.000000	535.000000	0.000000
1094.999391	gene_G	27.000000	402.000000	0.039801
1094.999391	gene_H	0.000000	274.000000	0.094891
1094.999391	gene_J	119.000000	759.000000	0.076416
1094.999391	gene_K	58.000000	209.000000	0.000000
1094.999391	promoter_A	1.000000	0.000000	0.000000
1094.999391	promoter_B1	1.000000	0.000000	0.000000
1094.999391	promoter_D	0.000000	0.000000	0.000000
1099.999547	__gene_A*_rbs	20.000000	0.000000	0.000000
1099.999547	__gene_A_rbs	20.000000	0.000000	0.000000
1099.999547	__gene_B_rbs	212.000000	0.000000	0.000000
1099.999547	__gene_C_rbs	209.000000	0.000000	0.000000
1099.999547	__gene_D_rbs	773.000000	0.000000	0.000000
1099.999547	__gene_E_rbs	769.000000	0.000000	0.000000
1099.999547	__gene_F_rbs	536.000000	0.000000	0.000000
1099.999547	__gene_G_rbs	404.000000	0.000000	0.000000
1099.999547	__gene_H_rbs	276.000000	0.000000	0.000000
1099.999547	__gene_J_rbs	763.000000	0.000000	0.000000
1099.999547	__gene_K_rbs	210.000000	0.000000	0.000000
1099.999547	__ribosome	0.000000	0.000000	0.000000
1099.999547	bound_ecolipol	1913.000000	0.000000	0.000000
1099.999547	bound_ribosome	100.000000	0.000000	0.000000
1099.999547	ecoli_genome	87.000000	0.000000	0.000000
1099.999547	ecoli_transcript	84107.000000	0.000000	0.000000
1099.999547	ecolipol	39.000000	0.000000	0.000000
1099.999547	gene_A	10.000000	20.000000	0.000000
1099.999547	gene_A*	10.000000	20.000000	0.000000
1099.999547	gene_B	74.000000	212.000000	0.000000
1099.999547	gene_C	61.000000	209.000000	0.000000
1099.999547	gene_D	294.000000	773.000000	0.000000
1099.999547	gene_E	240.000000	769.000000	0.000000
1099.999547	gene_F	130.000000	536.000000	0.000000
1099.999547	gene_G	27.000000	404.000000	0.039604
1099.999547	gene_H	0.000000	276.000000	0.094203
1099.999547	gene_J	119.000000	763.000000	0.076016
1099.999547	gene_K	58.000000	210.000000	0.000000
1099.999547	promoter_A	1.000000	0.000000	0.000000
1099.999547	promoter_B1	1.000000	0.000000	0.000000
1099.999547	promoter_D	0.000000	0.000000	0.000000
1104.999610	__gene_A*_rbs	20.000000	0.000000	0.000000
1104.999610	__gene_A_rbs	20.000000	0.000000	0.000000
1104.999610	__gene_B_rbs	212.000000	0.000000	0.000000
1104.999610	__gene_C_rbs	211.000000	0.000000	0.000000
1104.999610	__gene_D_rbs	777.000000	0.000000	0.000000
1104.999610	__gene_E_rbs	772.000000	0.000000	0.000000
1104.999610	__gene_F_rbs	540.000000	0.000000	0.000000
1104.999610	__gene_G_rbs	406.000000	0.000000	0.000000
1104.999610	__gene_H_rbs	276.000000	0.000000	0.000000
1104.999610	__gene_J_rbs	766.000000	0.000000	0.000000
1104.999610	__gene_K_rbs	211.000000	0.000000	0.000000
1104.999610	__ribosome	0.000000	0.000000	0.000000
1104.999610	bound_ecolipol	1911.000000	0.000000	0.000000
1104.999610	bound_ribosome	100.000000	0.000000	0.000000
1104.999610	ecoli_genome	89.000000	0.000000	0.000000
1104.999610	ecoli_transcript	84460.000000	0.000000	0.000000
1104.999610	ecolipol	38.000000	0.000000	0.000000
1104.999610	gene_A	10.000000	20.000000	0.000000
1104.999610	gene_A*	10.000000	20.000000	0.000000
1104.999610	gene_B	74.000000	212.000000	0.000000
1104.999610	gene_C	61.000000	211.000000	0.000000
1104.999610	gene_D	294.000000	777.000000	0.000000
1104.999610	gene_E	240.000000	772.000000	0.000000
1104.999610	gene_F	130.000000	540.000000	0.000000
1104.999610	gene_G	27.000000	406.000000	0.039409
1104.999610	gene_H	0.000000	276.000000	0.094203
1104.999610	gene_J	119.000000	766.000000	0.075718
1104.999610	gene_K	58.000000	211.000000	0.000000
1104.999610	promoter_A	1.000000	0.000000	0.000000
1104.999610	promoter_B1	1.000000	0.000000	0.000000
1104.999610	promoter_D	0.000000	0.000000	0.000000
1109.999294	__gene_A*_rbs	20.000000	0.000000	0.000000
1109.999294	__gene_A_rbs	20.000000	0.000000	0.000000
1109.999294	__gene_B_rbs	213.000000	0.000000	0.000000
1109.999294	__gene_C_rbs	212.000000	0.000000	0.000000
1109.999294	__gene_D_rbs	780.000000	0.000000	0.000000
1109.999294	__gene_E_rbs	775.000000	0.000000	0.000000
1109.999294	__gene_F_rbs	543.000000	0.000000	0.000000
1109.999294	__gene_G_rbs	408.000000	0.000000	0.000000
1109.999294	__gene_H_rbs	279.000000	0.000000	0.000000
1109.999294	__gene_J_rbs	769.000000	0.000000	0.000000
1109.999294	__gene_K_rbs	212.000000	0.000000	0.000000
1109.999294	__ribosome	0.000000	0.000000	0.000000
1109.999294	bound_ecolipol	1900.000000	0.000000	0.000000
1109.999294	bound_ribosome	100.000000	0.000000	0.000000
1109.999294	ecoli_genome	100.000000	0.000000	0.000000
1109.999294	ecoli_transcript	84841.000000	0.000000	0.000000
1109.999294	ecolipol	49.000000	0.000000	0.000000
1109.999294	gene_A	10.000000	20.000000	0.000000
1109.999294	gene_A*	10.000000	20.000000	0.000000
1109.999294	gene_B	74.000000	213.000000	0.000000
1109.999294	gene_C	61.000000	212.000000	0.000000
1109.999294	gene_D	294.000000	780.000000	0.000000
1109.999294	gene_E	240.000000	775.000000	0.000000
1109.999294	gene_F	130.000000	543.000000	0.000000
1109.999294	gene_G	27.000000	408.000000	0.039216
1109.999294	gene_H	0.000000	279.000000	0.093190
1109.999294	gene_J	119.000000	769.000000	0.075423
1109.999294	gene_K	58.000000	212.000000	0.000000
1109.999294	promoter_A	1.000000	0.000000	0.000000
1109.999294	promoter_B1	1.000000	0.000000	0.000000
1109.999294	promoter_D	0.000000	0.000000	0.000000
1114.999233	__gene_A*_rbs	20.000000	0.000000	0.000000
1114.999233	__gene_A_rbs	20.000000	0.000000	0.000000
1114.999233	__gene_B_rbs	214.000000	0.000000	0.000000
1114.999233	__gene_C_rbs	212.000000	0.000000	0.000000
1114.999233	__gene_D_rbs	783.000000	0.000000	0.000000
1114.999233	__gene_E_rbs	779.000000	0.000000	0.000000
1114.999233	__gene_F_rbs	546.000000	0.000000	0.000000
1114.999233	__gene_G_rbs	410.000000	0.000000	0.000000
1114.999233	__gene_H_rbs	280.000000	0.000000	0.000000
1114.999233	__gene_J_rbs	773.000000	0.000000	0.000000
1114.999233	__gene_K_rbs	212.000000	0.000000	0.000000
1114.999233	__ribosome	0.000000	0.000000	0.000000
1114.999233	bound_ecolipol	1894.000000	0.000000	0.000000
1114.999233	bound_ribosome	100.000000	0.000000	0.000000
1114.999233	ecoli_genome	106.000000	0.000000	0.000000
1114.999233	ecoli_transcript	85215.000000	0.000000	0.000000
1114.999233	ecolipol	55.000000	0.000000	0.000000
1114.999233	gene_A	10.000000	20.000000	0.000000
1114.999233	gene_A*	10.000000	20.000000	0.000000
1114.999233	gene_B	74.000000	214.000000	0.000000
1114.999233	gene_C	61.000000	212.000000	0.000000
1114.999233	gene_D	294.000000	783.000000	0.000000
1114.999233	gene_E	240.000000	779.000000	0.000000
1114.999233	gene_F	130.000000	546.000000	0.000000
1114.999233	gene_G	27.000000	410.000000	0.039024
1114.999233	gene_H	0.000000	280.000000	0.092857
1114.999233	gene_J	119.000000	773.000000	0.075032
1114.999233	gene_K	58.000000	212.000000	0.000000
1114.999233	promoter_A	1.000000	0.000000	0.000000
1114.999233	promoter_B1	1.000000	0.000000	0.000000
1114.999233	promoter_D	0.000000	0.000000	0.000000
1119.999007	__gene_A*_rbs	20.000000	0.000000	0.000000
1119.999007	__gene_A_rbs	20.000000	0.000000	0.000000
1119.999007	__gene_B_rbs	214.000000	0.000000	0.000000
1119.999007	__gene_C_rbs	213.000000	0.000000	0.000000
1119.999007	__gene_D_rbs	786.000000	0.000000	0.000000
1119.999007	__gene_E_rbs	783.000000	0.000000	0.000000
1119.999007	__gene_F_rbs	549.000000	0.000000	0.000000
1119.999007	__gene_G_rbs	414.000000	0.000000	0.000000
1119.999007	__gene_H_rbs	282.000000	0.000000	0.000000
1119.999007	__gene_J_rbs	777.000000	0.000000	0.000000
1119.999007	__gene_K_rbs	213.000000	0.000000	0.000000
1119.999007	__ribosome	0.000000	0.000000	0.000000
1119.999007	bound_ecolipol	1896.000000	0.000000	0.000000
1119.999007	bound_ribosome	100.000000	0.000000	0.000000
1119.999007	ecoli_genome	104.000000	0.000000	0.000000
1119.999007	ecoli_transcript	85573.000000	0.000000	0.000000
1119.999007	ecolipol	51.000000	0.000000	0.000000
1119.999007	gene_A	10.000000	20.000000	0.000000
1119.999007	gene_A*	10.000000	20.000000	0.000000
1119.999007	gene_B	74.000000	214.000000	0.000000
1119.999007	gene_C	61.000000	213.000000	0.000000
1119.999007	gene_D	294.000000	786.000000	0.000000
1119.999007	gene_E	240.000000	783.000000	0.000000
1119.999007	gene_F	130.000000	549.000000	0.000000
1119.999007	gene_G	27.000000	414.000000	0.038647
1119.999007	gene_H	0.000000	282.000000	0.092199
1119.999007	gene_J	119.000000	777.000000	0.074646
1119.999007	gene_K	58.000000	213.000000	0.000000
1119.999007	promoter_A	1.000000	0.000000	0.000000
1119.999007	promoter_B1	0.000000	0.000000	0.000000
1119.999007	promoter_D	0.000000	0.000000	0.000000
1124.999076	__gene_A*_rbs	20.000000	0.000000	0.000000
1124.999076	__gene_A_rbs	20.000000	0.000000	0.000000
1124.999076	__gene_B_rbs	215.000000	0.000000	0.000000
1124.999076	__gene_C_rbs	214.000000	0.000000	0.000000
1124.999076	__gene_D_rbs	790.000000	0.000000	0.000000
1124.999076	__gene_E_rbs	786.000000	0.000000	0.000000
1124.999076	__gene_F_rbs	552.000000	0.000000	0.000000
1124.999076	__gene_G_rbs	416.000000	0.000000	0.000000
1124.999076	__gene_H_rbs	284.000000	0.000000	0.000000
1124.999076	__gene_J_rbs	780.000000	0.000000	0.000000
1124.999076	__gene_K_rbs	214.000000	0.000000	0.000000
1124.999076	__ribosome	0.000000	0.000000	0.000000
1124.999076	bound_ecolipol	1898.000000	0.000000	0.000000
1124.999076	bound_ribosome	100.000000	0.000000	0.000000
1124.999076	ecoli_genome	102.000000	0.000000	0.000000
1124.999076	ecoli_transcript	85933.000000	0.000000	0.000000
1124.999076	ecolipol	48.000000	0.000000	0.000000
1124.999076	gene_A	10.000000	20.000000	0.000000
1124.999076	gene_A*	10.000000	20.000000	0.000000
1124.999076	gene_B	74.000000	215.000000	0.000000
1124.999076	gene_C	61.000000	214.000000	0.000000
1124.999076	gene_D	294.000000	790.000000	0.000000
1124.999076	gene_E	240.000000	786.000000	0.000000
1124.999076	gene_F	130.000000	552.000000	0.000000
1124.999076	gene_G	27.000000	416.000000	0.038462
1124.999076	gene_H	0.000000	284.000000	0.091549
1124.999076	gene_J	119.000000	780.000000	0.074359
1124.999076	gene_K	58.000000	214.000000	0.000000
1124.999076	promoter_A	1.000000	0.000000	0.000000
1124.999076	promoter_B1	0.000000	0.000000	0.000000
1124.999076	promoter_D	0.000000	0.000000	0.000000
1129.999474	__gene_A*_rbs	20.000000	0.000000	0.000000
1129.999474	__gene_A_rbs	20.000000	0.000000	0.000000
1129.999474	__gene_B_rbs	217.000000	0.000000	0.000000
1129.999474	__gene_C_rbs	214.000000	0.000000	0.000000
1129.999474	__gene_D_rbs	794.000000	0.000000	0.000000
1129.999474	__gene_E_rbs	790.000000	0.000000	0.000000
1129.999474	__gene_F_rbs	554.000000	0.000000	0.000000
1129.999474	__gene_G_rbs	417.000000	0.000000	0.000000
1129.999474	__gene_H_rbs	285.000000	0.000000	0.000000
1129.999474	__gene_J_rbs	784.000000	0.000000	0.000000
1129.999474	__gene_K_rbs	214.000000	0.000000	0.000000
1129.999474	__ribosome	0.000000	0.000000	0.000000
1129.999474	bound_ecolipol	1907.000000	0.000000	0.000000
1129.999474	bound_ribosome	100.000000	0.000000	0.000000
1129.999474	ecoli_genome	93.000000	0.000000	0.000000
1129.999474	ecoli_transcript	86289.000000	0.000000	0.000000
1129.999474	ecolipol	40.000000	0.000000	0.000000
1129.999474	gene_A	10.000000	20.000000	0.000000
1129.999474	gene_A*	10.000000	20.000000	0.000000
1129.999474	gene_B	74.000000	217.000000	0.000000
1129.999474	gene_C	61.000000	214.000000	0.000000
1129.999474	gene_D	294.000000	794.000000	0.000000
1129.999474	gene_E	240.000000	790.000000	0.000000
1129.999474	gene_F	130.000000	554.000000	0.000000
1129.999474	gene_G	27.000000	417.000000	0.038369
1129.999474	gene_H	0.000000	285.000000	0.091228
1129.999474	gene_J	119.000000	784.000000	0.073980
1129.999474	gene_K	58.000000	214.000000	0.000000
1129.999474	promoter_A	1.000000	0.000000	0.000000
1129.999474	promoter_B1	1.000000	0.000000	0.000000
1129.999474	promoter_D	0.000000	0.000000	0.000000
1134.999083	__gene_A*_rbs	20.000000	0.000000	0.000000
1134.999083	__gene_A_rbs	20.000000	0.000000	0.000000
1134.999083	__gene_B_rbs	218.000000	0.000000	0.000000
1134.999083	__gene_C_rbs	214.000000	0.000000	0.000000
1134.999083	__gene_D_rbs	797.000000	0.000000	0.000000
1134.999083	__gene_E_rbs	793.000000	0.000000	0.000000
1134.999083	__gene_F_rbs	556.000000	0.000000	0.000000
1134.999083	__gene_G_rbs	418.000000	0.000000	0.000000
1134.999083	__gene_H_rbs	288.000000	0.000000	0.000000
1134.999083	__gene_J_rbs	787.000000	0.000000	0.000000
1134.999083	__gene_K_rbs	214.000000	0.000000	0.000000
1134.999083	__ribosome	0.000000	0.000000	0.000000
1134.999083	bound_ecolipol	1902.000000	0.000000	0.000000
1134.999083	bound_ribosome	100.000000	0.000000	0.000000
1134.999083	ecoli_genome	98.000000	0.000000	0.000000
1134.999083	ecoli_transcript	86652.000000	0.000000	0.000000
1134.999083	ecolipol	45.000000	0.000000	0.000000
1134.999083	gene_A	10.000000	20.000000	0.000000
1134.999083	gene_A*	10.000000	20.000000	0.000000
1134.999083	gene_B	74.000000	218.000000	0.000000
1134.999083	gene_C	61.000000	214.000000	0.000000
1134.999083	gene_D	294.000000	797.000000	0.000000
1134.999083	gene_E	240.000000	793.000000	0.000000
1134.999083	gene_F	130.000000	556.000000	0.000000
1134.999083	gene_G	27.000000	418.000000	0.038278
1134.999083	gene_H	0.000000	288.000000	0.090278
1134.999083	gene_J	119.000000	787.000000	0.073698
1134.999083	gene_K	58.000000	214.000000	0.000000
1134.999083	promoter_A	1.000000	0.000000	0.000000
1134.999083	promoter_B1	1.000000	0.000000	0.000000
1134.999083	promoter_D	0.000000	0.000000	0.000000
1139.999286	__gene_A*_rbs	20.000000	0.000000	0.000000
1139.999286	__gene_A_rbs	21.000000	0.000000	0.000000
1139.999286	__gene_B_rbs	218.000000	0.000000	0.000000
1139.999286	__gene_C_rbs	216.000000	0.000000	0.000000
1139.999286	__gene_D_rbs	801.000000	0.000000	0.000000
1139.999286	__gene_E_rbs	797.000000	0.000000	0.000000
1139.999286	__gene_F_rbs	557.000000	0.000000	0.000000
1139.999286	__gene_G_rbs	418.000000	0.000000	0.000000
1139.999286	__gene_H_rbs	290.000000	0.000000	0.000000
1139.999286	__gene_J_rbs	791.000000	0.000000	0.000000
1139.999286	__gene_K_rbs	217.000000	0.000000	0.000000
1139.999286	__ribosome	0.000000	0.000000	0.000000
1139.999286	bound_ecolipol	1903.000000	0.000000	0.000000
1139.999286	bound_ribosome	100.000000	0.000000	0.000000
1139.999286	ecoli_genome	97.000000	0.000000	0.000000
1139.999286	ecoli_transcript	87034.000000	0.000000	0.000000
1139.999286	ecolipol	43.000000	0.000000	0.000000
1139.999286	gene_A	10.000000	21.000000	0.000000
1139.999286	gene_A*	10.000000	20.000000	0.000000
1139.999286	gene_B	74.000000	218.000000	0.000000
1139.999286	gene_C	61.000000	216.000000	0.000000
1139.999286	gene_D	294.000000	801.000000	0.000000
1139.999286	gene_E	240.000000	797.000000	0.000000
1139.999286	gene_F	130.000000	557.000000	0.000000
1139.999286	gene_G	27.000000	418.000000	0.038278
1139.999286	gene_H	0.000000	290.000000	0.089655
1139.999286	gene_J	119.000000	791.000000	0.073325
1139.999286	gene_K	58.000000	217.000000	0.000000
1139.999286	promoter_A	1.000000	0.000000	0.000000
1139.999286	promoter_B1	1.000000	0.000000	0.000000
1139.999286	promoter_D	0.000000	0.000000	0.000000
1144.999357	__gene_A*_rbs	20.000000	0.000000	0.000000
1144.999357	__gene_A_rbs	21.000000	0.000000	0.000000
1144.999357	__gene_B_rbs	218.000000	0.000000	0.000000
1144.999357	__gene_C_rbs	218.000000	0.000000	0.000000
1144.999357	__gene_D_rbs	804.000000	0.000000	0.000000
1144.999357	__gene_E_rbs	801.000000	0.000000	0.000000
1144.999357	__gene_F_rbs	560.000000	0.000000	0.000000
1144.999357	__gene_G_rbs	421.000000	0.000000	0.000000
1144.999357	__gene_H_rbs	290.000000	0.000000	0.000000
1144.999357	__gene_J_rbs	794.000000	0.000000	0.000000
1144.999357	__gene_K_rbs	218.000000	0.000000	0.000000
1144.999357	__ribosome	0.000000	0.000000	0.000000
1144.999357	bound_ecolipol	1894.000000	0.000000	0.000000
1144.999357	bound_ribosome	100.000000	0.000000	0.000000
1144.999357	ecoli_genome	106.000000	0.000000	0.000000
1144.999357	ecoli_transcript	87421.000000	0.000000	0.000000
1144.999357	ecolipol	53.000000	0.000000	0.000000
1144.999357	gene_A	10.000000	21.000000	0.000000
1144.999357	gene_A*	10.000000	20.000000	0.000000
1144.999357	gene_B	74.000000	218.000000	0.000000
1144.999357	gene_C	61.000000	218.000000	0.000000
1144.999357	gene_D	294.000000	804.000000	0.000000
1144.999357	gene_E	240.000000	801.000000	0.000000
1144.999357	gene_F	130.000000	560.000000	0.000000
1144.999357	gene_G	27.000000	421.000000	0.038005
1144.999357	gene_H	0.000000	290.000000	0.089655
1144.999357	gene_J	119.000000	794.000000	0.073048
1144.999357	gene_K	58.000000	218.000000	0.000000
1144.999357	promoter_A	1.000000	0.000000	0.000000
1144.999357	promoter_B1	1.000000	0.000000	0.000000
1144.999357	promoter_D	0.000000	0.000000	0.000000
1149.999457	__gene_A*_rbs	20.000000	0.000000	0.000000
1149.999457	__gene_A_rbs	21.000000	0.000000	0.000000
1149.999457	__gene_B_rbs	219.000000	0.000000	0.000000
1149.999457	__gene_C_rbs	218.000000	0.000000	0.000000
1149.999457	__gene_D_rbs	807.000000	0.000000	0.000000
1149.999457	__gene_E_rbs	804.000000	0.000000	0.000000
1149.999457	__gene_F_rbs	563.000000	0.000000	0.000000
1149.999457	__gene_G_rbs	424.000000	0.000000	0.000000
1149.999457	__gene_H_rbs	291.000000	0.000000	0.000000
1149.999457	__gene_J_rbs	798.000000	0.000000	0.000000
1149.999457	__gene_K_rbs	218.000000	0.000000	0.000000
1149.999457	__ribosome	0.000000	0.000000	0.000000
1149.999457	bound_ecolipol	1901.000000	0.000000	0.000000
1149.999457	bound_ribosome	100.000000	0.000000	0.000000
1149.999457	ecoli_genome	99.000000	0.000000	0.000000
1149.999457	ecoli_transcript	87794.000000	0.000000	0.000000
1149.999457	ecolipol	48.000000	0.000000	0.000000
1149.999457	gene_A	10.000000	21.000000	0.000000
1149.999457	gene_A*	10.000000	20.000000	0.000000
1149.999457	gene_B	74.000000	219.000000	0.000000
1149.999457	gene_C	61.000000	218.000000	0.000000
1149.999457	gene_D	294.000000	807.000000	0.000000
1149.999457	gene_E	240.000000	804.000000	0.000000
1149.999457	gene_F	130.000000	563.000000	0.000000
1149.999457	gene_G	27.000000	424.000000	0.037736
1149.999457	gene_H	0.000000	291.000000	0.089347
1149.999457	gene_J	119.000000	798.000000	0.072682
1149.999457	gene_K	58.000000	218.000000	0.000000
1149.999457	promoter_A	1.000000	0.000000	0.000000
1149.999457	promoter_B1	1.000000	0.000000	0.000000
1149.999457	promoter_D	0.000000	0.000000	0.000000
1154.999058	__gene_A*_rbs	21.000000	0.000000	0.000000
1154.999058	__gene_A_rbs	21.000000	0.000000	0.000000
1154.999058	__gene_B_rbs	219.000000	0.000000	0.000000
1154.999058	__gene_C_rbs	218.000000	0.000000	0.000000
1154.999058	__gene_D_rbs	811.000000	0.000000	0.000000
1154.999058	__gene_E_rbs	807.000000	0.000000	0.000000
1154.999058	__gene_F_rbs	565.000000	0.000000	0.000000
1154.999058	__gene_G_rbs	428.000000	0.000000	0.000000
1154.999058	__gene_H_rbs	291.000000	0.000000	0.000000
1154.999058	__gene_J_rbs	802.000000	0.000000	0.000000
1154.999058	__gene_K_rbs	218.000000	0.000000	0.000000
1154.999058	__ribosome	0.000000	0.000000	0.000000
1154.999058	bound_ecolipol	1895.000000	0.000000	0.000000
1154.999058	bound_ribosome	100.000000	0.000000	0.000000
1154.999058	ecoli_genome	105.000000	0.000000	0.000000
1154.999058	ecoli_transcript	88190.000000	0.000000	0.000000
1154.999058	ecolipol	52.000000	0.000000	0.000000
1154.999058	gene_A	10.000000	21.000000	0.000000
1154.999058	gene_A*	10.000000	21.000000	0.000000
1154.999058	gene_B	74.000000	219.000000	0.000000
1154.999058	gene_C	61.000000	218.000000	0.000000
1154.999058	gene_D	294.000000	811.000000	0.000000
1154.999058	gene_E	240.000000	807.000000	0.000000
1154.999058	gene_F	130.000000	565.000000	0.000000
1154.999058	gene_G	27.000000	428.000000	0.037383
1154.999058	gene_H	0.000000	291.000000	0.089347
1154.999058	gene_J	119.000000	802.000000	0.072319
1154.999058	gene_K	58.000000	218.000000	0.000000
1154.999058	promoter_A	1.000000	0.000000	0.000000
1154.999058	promoter_B1	0.000000	0.000000	0.000000
1154.999058	promoter_D	0.000000	0.000000	0.000000
1159.999068	__gene_A*_rbs	21.000000	0.000000	0.000000
1159.999068	__gene_A_rbs	22.000000	0.000000	0.000000
1159.999068	__gene_B_rbs	220.000000	0.000000	0.000000
1159.999068	__gene_C_rbs	219.000000	0.000000	0.000000
1159.999068	__gene_D_rbs	815.000000	0.000000	0.000000
1159.999068	__gene_E_rbs	811.000000	0.000000	0.000000
1159.999068	__gene_F_rbs	569.000000	0.000000	0.000000
1159.999068	__gene_G_rbs	429.000000	0.000000	0.000000
1159.999068	__gene_H_rbs	292.000000	0.000000	0.000000
1159.999068	__gene_J_rbs	805.000000	0.000000	0.000000
1159.999068	__gene_K_rbs	219.000000	0.000000	0.000000
1159.999068	__ribosome	0.000000	0.000000	0.000000
1159.999068	bound_ecolipol	1887.000000	0.000000	0.000000
1159.999068	bound_ribosome	100.000000	0.000000	0.000000
1159.999068	ecoli_genome	113.000000	0.000000	0.000000
1159.999068	ecoli_transcript	88572.000000	0.000000	0.000000
1159.999068	ecolipol	58.000000	0.000000	0.000000
1159.999068	gene_A	10.000000	22.000000	0.000000
1159.999068	gene_A*	10.000000	21.000000	0.000000
1159.999068	gene_B	74.000000	220.000000	0.000000
1159.999068	gene_C	61.000000	219.000000	0.000000
1159.999068	gene_D	294.000000	815.000000	0.000000
1159.999068	gene_E	240.000000	811.000000	0.000000
1159.999068	gene_F	130.000000	569.000000	0.000000
1159.999068	gene_G	27.000000	429.000000	0.037296
1159.999068	gene_H	0.000000	292.000000	0.089041
1159.999068	gene_J	119.000000	805.000000	0.072050
1159.999068	gene_K	58.000000	219.000000	0.000000
1159.999068	promoter_A	1.000000	0.000000	0.000000
1159.999068	promoter_B1	1.000000	0.000000	0.000000
1159.999068	promoter_D	0.000000	0.000000	0.000000
1164.999375	__gene_A*_rbs	21.000000	0.000000	0.000000
1164.999375	__gene_A_rbs	22.000000	0.000000	0.000000
1164.999375	__gene_B_rbs	221.000000	0.000000	0.000000
1164.999375	__gene_C_rbs	219.000000	0.000000	0.000000
1164.999375	__gene_D_rbs	818.000000	0.000000	0.000000
1164.999375	__gene_E_rbs	814.000000	0.000000	0.000000
1164.999375	__gene_F_rbs	573.000000	0.000000	0.000000
1164.999375	__gene_G_rbs	432.000000	0.000000	0.000000
1164.999375	__gene_H_rbs	295.000000	0.000000	0.000000
1164.999375	__gene_J_rbs	808.000000	0.000000	0.000000
1164.999375	__gene_K_rbs	219.000000	0.000000	0.000000
1164.999375	__ribosome	0.000000	0.000000	0.000000
1164.999375	bound_ecolipol	1904.000000	0.000000	0.000000
1164.999375	bound_ribosome	100.000000	0.000000	0.000000
1164.999375	ecoli_genome	96.000000	0.000000	0.000000
1164.999375	ecoli_transcript	88934.000000	0.000000	0.000000
1164.999375	ecolipol	43.000000	0.000000	0.000000
1164.999375	gene_A	10.000000	22.000000	0.000000
1164.999375	gene_A*	10.000000	21.000000	0.000000
1164.999375	gene_B	74.000000	221.000000	0.000000
1164.999375	gene_C	61.000000	219.000000	0.000000
1164.999375	gene_D	294.000000	818.000000	0.000000
1164.999375	gene_E	240.000000	814.000000	0.000000
1164.999375	gene_F	130.000000	573.000000	0.000000
1164.999375	gene_G	27.000000	432.000000	0.037037
1164.999375	gene_H	0.000000	295.000000	0.088136
1164.999375	gene_J	119.000000	808.000000	0.071782
1164.999375	gene_K	58.000000	219.000000	0.000000
1164.999375	promoter_A	1.000000	0.000000	0.000000
1164.999375	promoter_B1	1.000000	0.000000	0.000000
1164.999375	promoter_D	0.000000	0.000000	0.000000
1169.999052	__gene_A*_rbs	21.000000	0.000000	0.000000
1169.999052	__gene_A_rbs	22.000000	0.000000	0.000000
1169.999052	__gene_B_rbs	221.000000	0.000000	0.000000
1169.999052	__gene_C_rbs	220.000000	0.000000	0.000000
1169.999052	__gene_D_rbs	822.000000	0.000000	0.000000
1169.999052	__gene_E_rbs	818.000000	0.000000	0.000000
1169.999052	__gene_F_rbs	573.000000	0.000000	0.000000
1169.999052	__gene_G_rbs	435.000000	0.000000	0.000000
1169.999052	__gene_H_rbs	298.000000	0.000000	0.000000
1169.999052	__gene_J_rbs	812.000000	0.000000	0.000000
1169.999052	__gene_K_rbs	220.000000	0.000000	0.000000
1169.999052	__ribosome	0.000000	0.000000	0.000000
1169.999052	bound_ecolipol	1894.000000	0.000000	0.000000
1169.999052	bound_ribosome	100.000000	0.000000	0.000000
1169.999052	ecoli_genome	106.000000	0.000000	0.000000
1169.999052	ecoli_transcript	89309.000000	0.000000	0.000000
1169.999052	ecolipol	51.000000	0.000000	0.000000
1169.999052	gene_A	10.000000	22.000000	0.000000
1169.999052	gene_A*	10.000000	21.000000	0.000000
1169.999052	gene_B	74.000000	221.000000	0.000000
1169.999052	gene_C	61.000000	220.000000	0.000000
1169.999052	gene_D	294.000000	822.000000	0.000000
1169.999052	gene_E	240.000000	818.000000	0.000000
1169.999052	gene_F	130.000000	573.000000	0.000000
1169.999052	gene_G	27.000000	435.000000	0.036782
1169.999052	gene_H	0.000000	298.000000	0.087248
1169.999052	gene_J	119.000000	812.000000	0.071429
1169.999052	gene_K	58.000000	220.000000	0.000000
1169.999052	promoter_A	1.000000	0.000000	0.000000
1169.999052	promoter_B1	0.000000	0.000000	0.000000
1169.999052	promoter_D	0.000000	0.000000	0.000000
1174.999006	__gene_A*_rbs	22.000000	0.000000	0.000000
1174.999006	__gene_A_rbs	22.000000	0.000000	0.000000
1174.999006	__gene_B_rbs	222.000000	0.000000	0.000000
1174.999006	__gene_C_rbs	221.000000	0.000000	0.000000
1174.999006	__gene_D_rbs	826.000000	0.000000	0.000000
1174.999006	__gene_E_rbs	822.000000	0.000000	0.000000
1174.999006	__gene_F_rbs	577.000000	0.000000	0.000000
1174.999006	__gene_G_rbs	436.000000	0.000000	0.000000
1174.999006	__gene_H_rbs	300.000000	0.000000	0.000000
1174.999006	__gene_J_rbs	815.000000	0.000000	0.000000
1174.999006	__gene_K_rbs	221.000000	0.000000	0.000000
1174.999006	__ribosome	0.000000	0.000000	0.000000
1174.999006	bound_ecolipol	1890.000000	0.000000	0.000000
1174.999006	bound_ribosome	100.000000	0.000000	0.000000
1174.999006	ecoli_genome	110.000000	0.000000	0.000000
1174.999006	ecoli_transcript	89679.000000	0.000000	0.000000
1174.999006	ecolipol	54.000000	0.000000	0.000000
1174.999006	gene_A	10.000000	22.000000	0.000000
1174.999006	gene_A*	10.000000	22.000000	0.000000
1174.999006	gene_B	74.000000	222.000000	0.000000
1174.999006	gene_C	61.000000	221.000000	0.000000
1174.999006	gene_D	294.000000	826.000000	0.000000
1174.999006	gene_E	240.000000	822.000000	0.000000
1174.999006	gene_F	130.000000	577.000000	0.000000
1174.999006	gene_G	27.000000	436.000000	0.036697
1174.999006	gene_H	0.000000	300.000000	0.086667
1174.999006	gene_J	119.000000	815.000000	0.071166
1174.999006	gene_K	58.000000	221.000000	0.000000
1174.999006	promoter_A	1.000000	0.000000	0.000000
1174.999006	promoter_B1	1.000000	0.000000	0.000000
1174.999006	promoter_D	0.000000	0.000000	0.000000
1179.999216	__gene_A*_rbs	22.000000	0.000000	0.000000
1179.999216	__gene_A_rbs	22.000000	0.000000	0.000000
1179.999216	__gene_B_rbs	223.000000	0.000000	0.000000
1179.999216	__gene_C_rbs	221.000000	0.000000	0.000000
1179.999216	__gene_D_rbs	829.000000	0.000000	0.000000
1179.999216	__gene_E_rbs	826.000000	0.000000	0.000000
1179.999216	__gene_F_rbs	580.000000	0.000000	0.000000
1179.999216	__gene_G_rbs	438.000000	0.000000	0.000000
1179.999216	__gene_H_rbs	302.000000	0.000000	0.000000
1179.999216	__gene_J_rbs	819.000000	0.000000	0.000000
1179.999216	__gene_K_rbs	221.000000	0.000000	0.000000
1179.999216	__ribosome	0.000000	0.000000	0.000000
1179.999216	bound_ecolipol	1893.000000	0.000000	0.000000
1179.999216	bound_ribosome	100.000000	0.000000	0.000000
1179.999216	ecoli_genome	107.000000	0.000000	0.000000
1179.999216	ecoli_transcript	90030.000000	0.000000	0.000000
1179.999216	ecolipol	48.000000	0.000000	0.000000
1179.999216	gene_A	10.000000	22.000000	0.000000
1179.999216	gene_A*	10.000000	22.000000	0.000000
1179.999216	gene_B	74.000000	223.000000	0.000000
1179.999216	gene_C	61.000000	221.000000	0.000000
1179.999216	gene_D	294.000000	829.000000	0.000000
1179.999216	gene_E	240.000000	826.000000	0.000000
1179.999216	gene_F	130.000000	580.000000	0.000000
1179.999216	gene_G	27.000000	438.000000	0.036530
1179.999216	gene_H	0.000000	302.000000	0.086093
1179.999216	gene_J	119.000000	819.000000	0.070818
1179.999216	gene_K	58.000000	221.000000	0.000000
1179.999216	promoter_A	1.000000	0.000000	0.000000
1179.999216	promoter_B1	0.000000	0.000000	0.000000
1179.999216	promoter_D	0.000000	0.000000	0.000000
1184.999554	__gene_A*_rbs	22.000000	0.000000	0.000000
1184.999554	__gene_A_rbs	22.000000	0.000000	0.000000
1184.999554	__gene_B_rbs	224.000000	0.000000	0.000000
1184.999554	__gene_C_rbs	222.000000	0.000000	0.000000
1184.999554	__gene_D_rbs	832.000000	0.000000	0.000000
1184.999554	__gene_E_rbs	829.000000	0.000000	0.000000
1184.999554	__gene_F_rbs	582.000000	0.000000	0.000000
1184.999554	__gene_G_rbs	440.000000	0.000000	0.000000
1184.999554	__gene_H_rbs	305.000000	0.000000	0.000000
1184.999554	__gene_J_rbs	823.000000	0.000000	0.000000
1184.999554	__gene_K_rbs	222.000000	0.000000	0.000000
1184.999554	__ribosome	0.000000	0.000000	0.000000
1184.999554	bound_ecolipol	1888.000000	0.000000	0.000000
1184.999554	bound_ribosome	100.000000	0.000000	0.000000
1184.999554	ecoli_genome	112.000000	0.000000	0.000000
1184.999554	ecoli_transcript	90399.000000	0.000000	0.000000
1184.999554	ecolipol	53.000000	0.000000	0.000000
1184.999554	gene_A	10.000000	22.000000	0.000000
1184.999554	gene_A*	10.000000	22.000000	0.000000
1184.999554	gene_B	74.000000	224.000000	0.000000
1184.999554	gene_C	61.000000	222.000000	0.000000
1184.999554	gene_D	294.000000	832.000000	0.000000
1184.999554	gene_E	240.000000	829.000000	0.000000
1184.999554	gene_F	130.000000	582.000000	0.000000
1184.999554	gene_G	27.000000	440.000000	0.036364
1184.999554	gene_H	0.000000	305.000000	0.085246
1184.999554	gene_J	119.000000	823.000000	0.070474
1184.999554	gene_K	58.000000	222.000000	0.000000
1184.999554	promoter_A	1.000000	0.000000	0.000000
1184.999554	promoter_B1	0.000000	0.000000	0.000000
1184.999554	promoter_D	0.000000	0.000000	0.000000
1189.999029	__gene_A*_rbs	22.000000	0.000000	0.000000
1189.999029	__gene_A_rbs	22.000000	0.000000	0.000000
1189.999029	__gene_B_rbs	226.000000	0.000000	0.000000
1189.999029	__gene_C_rbs	223.000000	0.000000	0.000000
1189.999029	__gene_D_rbs	836.000000	0.000000	0.000000
1189.999029	__gene_E_rbs	833.000000	0.000000	0.000000
1189.999029	__gene_F_rbs	585.000000	0.000000	0.000000
1189.999029	__gene_G_rbs	443.000000	0.000000	0.000000
1189.999029	__gene_H_rbs	305.000000	0.000000	0.000000
1189.999029	__gene_J_rbs	826.000000	0.000000	0.000000
1189.999029	__gene_K_rbs	223.000000	0.000000	0.000000
1189.999029	__ribosome	0.000000	0.000000	0.000000
1189.999029	bound_ecolipol	1894.000000	0.000000	0.000000
1189.999029	bound_ribosome	100.000000	0.000000	0.000000
1189.999029	ecoli_genome	106.000000	0.000000	0.000000
1189.999029	ecoli_transcript	90804.000000	0.000000	0.000000
1189.999029	ecolipol	48.000000	0.000000	0.000000
1189.999029	gene_A	10.000000	22.000000	0.000000
1189.999029	gene_A*	10.000000	22.000000	0.000000
1189.999029	gene_B	74.000000	226.000000	0.000000
1189.999029	gene_C	61.000000	223.000000	0.000000
1189.999029	gene_D	294.000000	836.000000	0.000000
1189.999029	gene_E	240.000000	833.000000	0.000000
1189.999029	gene_F	130.000000	585.000000	0.000000
1189.999029	gene_G	27.000000	443.000000	0.036117
1189.999029	gene_H	0.000000	305.000000	0.085246
1189.999029	gene_J	119.000000	826.000000	0.070218
1189.999029	gene_K	58.000000	223.000000	0.000000
1189.999029	promoter_A	1.000000	0.000000	0.000000
1189.999029	promoter_B1	1.000000	0.000000	0.000000
1189.999029	promoter_D	0.000000	0.000000	0.000000
1194.999002	__gene_A*_rbs	22.000000	0.000000	0.000000
1194.999002	__gene_A_rbs	22.000000	0.000000	0.000000
1194.999002	__gene_B_rbs	227.000000	0.000000	0.000000
1194.999002	__gene_C_rbs	223.000000	0.000000	0.000000
1194.999002	__gene_D_rbs	839.000000	0.000000	0.000000
1194.999002	__gene_E_rbs	836.000000	0.000000	0.000000
1194.999002	__gene_F_rbs	588.000000	0.000000	0.000000
1194.999002	__gene_G_rbs	445.000000	0.000000	0.000000
1194.999002	__gene_H_rbs	306.000000	0.000000	0.000000
1194.999002	__gene_J_rbs	830.000000	0.000000	0.000000
1194.999002	__gene_K_rbs	224.000000	0.000000	0.000000
1194.999002	__ribosome	0.000000	0.000000	0.000000
1194.999002	bound_ecolipol	1895.000000	0.000000	0.000000
1194.999002	bound_ribosome	100.000000	0.000000	0.000000
1194.999002	ecoli_genome	105.000000	0.000000	0.000000
1194.999002	ecoli_transcript	91180.000000	0.000000	0.000000
1194.999002	ecolipol	49.000000	0.000000	0.000000
1194.999002	gene_A	10.000000	22.000000	0.000000
1194.999002	gene_A*	10.000000	22.000000	0.000000
1194.999002	gene_B	74.000000	227.000000	0.000000
1194.999002	gene_C	61.000000	223.000000	0.000000
1194.999002	gene_D	294.000000	839.000000	0.000000
1194.999002	gene_E	240.000000	836.000000	0.000000
1194.999002	gene_F	130.000000	588.000000	0.000000
1194.999002	gene_G	27.000000	445.000000	0.035955
1194.999002	gene_H	0.000000	306.000000	0.084967
1194.999002	gene_J	119.000000	830.000000	0.069880
1194.999002	gene_K	58.000000	224.000000	0.000000
1194.999002	promoter_A	1.000000	0.000000	0.000000
1194.999002	promoter_B1	1.000000	0.000000	0.000000
1194.999002	promoter_D	0.000000	0.000000	0.000000
1199.999161	__gene_A*_rbs	22.000000	0.000000	0.000000
1199.999161	__gene_A_rbs	23.000000	0.000000	0.000000
1199.999161	__gene_B_rbs	228.000000	0.000000	0.000000
1199.999161	__gene_C_rbs	224.000000	0.000000	0.000000
1199.999161	__gene_D_rbs	843.000000	0.000000	0.000000
1199.999161	__gene_E_rbs	839.000000	0.000000	0.000000
1199.999161	__gene_F_rbs	590.000000	0.000000	0.000000
1199.999161	__gene_G_rbs	447.000000	0.000000	0.000000
1199.999161	__gene_H_rbs	307.000000	0.000000	0.000000
1199.999161	__gene_J_rbs	833.000000	0.000000	0.000000
1199.999161	__gene_K_rbs	226.000000	0.000000	0.000000
1199.999161	__ribosome	0.000000	0.000000	0.000000
1199.999161	bound_ecolipol	1894.000000	0.000000	0.000000
1199.999161	bound_ribosome	100.000000	0.000000	0.000000
1199.999161	ecoli_genome	106.000000	0.000000	0.000000
1199.999161	ecoli_transcript	91567.000000	0.000000	0.000000
1199.999161	ecolipol	48.000000	0.000000	0.000000
1199.999161	gene_A	10.000000	23.000000	0.000000
1199.999161	gene_A*	10.000000	22.000000	0.000000
1199.999161	gene_B	74.000000	228.000000	0.000000
1199.999161	gene_C	61.000000	224.000000	0.000000
1199.999161	gene_D	294.000000	843.000000	0.000000
1199.999161	gene_E	240.000000	839.000000	0.000000
1199.999161	gene_F	130.000000	590.000000	0.000000
1199.999161	gene_G	27.000000	447.000000	0.035794
1199.999161	gene_H	0.000000	307.000000	0.084691
1199.999161	gene_J	119.000000	833.000000	0.069628
1199.999161	gene_K	58.000000	226.000000	0.000000
1199.999161	promoter_A	1.000000	0.000000	0.000000
1199.999161	promoter_B1	1.000000	0.000000	0.000000
1199.999161	promoter_D	0.000000	0.000000	0.000000
