time	species	protein	transcript	ribo_density
0.000000	__gene_A*_rbs	0.000000	0.000000	0.000000
0.000000	__gene_A_rbs	0.000000	0.000000	0.000000
0.000000	__gene_B_rbs	0.000000	0.000000	0.000000
0.000000	__gene_C_rbs	0.000000	0.000000	0.000000
0.000000	__gene_D_rbs	0.000000	0.000000	0.000000
0.000000	__gene_E_rbs	0.000000	0.000000	0.000000
0.000000	__gene_F_rbs	0.000000	0.000000	0.000000
0.000000	__gene_G_rbs	0.000000	0.000000	0.000000
0.000000	__gene_H_rbs	0.000000	0.000000	0.000000
0.000000	__gene_J_rbs	0.000000	0.000000	0.000000
0.000000	__gene_K_rbs	0.000000	0.000000	0.000000
0.000000	__ribosome	100.000000	0.000000	0.000000
0.000000	bound_ecolipol	2000.000000	0.000000	0.000000
0.000000	bound_ribosome	100.000000	0.000000	0.000000
0.000000	ecoli_genome	0.000000	0.000000	0.000000
0.000000	ecoli_transcript	0.000000	0.000000	0.000000
0.000000	ecolipol	0.000000	0.000000	0.000000
0.000000	promoter_A	1.000000	0.000000	0.000000
0.000000	promoter_B1	1.000000	0.000000	0.000000
0.000000	promoter_D	1.000000	0.000000	0.000000
4.999242	__gene_A*_rbs	0.000000	0.000000	0.000000
4.999242	__gene_A_rbs	1.000000	0.000000	0.000000
4.999242	__gene_B_rbs	0.000000	0.000000	0.000000
4.999242	__gene_C_rbs	0.000000	0.000000	0.000000
4.999242	__gene_D_rbs	1.000000	0.000000	0.000000
4.999242	__gene_E_rbs	0.000000	0.000000	0.000000
4.999242	__gene_F_rbs	0.000000	0.000000	0.000000
4.999242	__gene_G_rbs	0.000000	0.000000	0.000000
4.999242	__gene_H_rbs	0.000000	0.000000	0.000000
4.999242	__gene_J_rbs	0.000000	0.000000	0.000000
4.999242	__gene_K_rbs	0.000000	0.000000	0.000000
4.999242	__ribosome	93.000000	0.000000	0.000000
4.999242	bound_ecolipol	1920.000000	0.000000	0.000000
4.999242	bound_ribosome	100.000000	0.000000	0.000000
4.999242	ecoli_genome	80.000000	0.000000	0.000000
4.999242	ecoli_transcript	381.000000	0.000000	0.000000
4.999242	ecolipol	77.000000	0.000000	0.000000
4.999242	gene_A	0.000000	2.000000	3.000000
4.999242	gene_D	0.000000	1.000000	1.000000
4.999242	promoter_A	1.000000	0.000000	0.000000
4.999242	promoter_B1	1.000000	0.000000	0.000000
4.999242	promoter_D	1.000000	0.000000	0.000000
9.999630	__gene_A*_rbs	0.000000	0.000000	0.000000
9.999630	__gene_A_rbs	2.000000	0.000000	0.000000
9.999630	__gene_B_rbs	0.000000	0.000000	0.000000
9.999630	__gene_C_rbs	0.000000	0.000000	0.000000
9.999630	__gene_D_rbs	1.000000	0.000000	0.000000
9.999630	__gene_E_rbs	1.000000	0.000000	0.000000
9.999630	__gene_F_rbs	0.000000	0.000000	0.000000
9.999630	__gene_G_rbs	0.000000	0.000000	0.000000
9.999630	__gene_H_rbs	0.000000	0.000000	0.000000
9.999630	__gene_J_rbs	0.000000	0.000000	0.000000
9.999630	__gene_K_rbs	0.000000	0.000000	0.000000
9.999630	__ribosome	79.000000	0.000000	0.000000
9.999630	bound_ecolipol	1935.000000	0.000000	0.000000
9.999630	bound_ribosome	100.000000	0.000000	0.000000
9.999630	ecoli_genome	65.000000	0.000000	0.000000
9.999630	ecoli_transcript	724.000000	0.000000	0.000000
9.999630	ecolipol	61.000000	0.000000	0.000000
9.999630	gene_A	0.000000	3.000000	5.333333
9.999630	gene_D	0.000000	1.000000	4.000000
9.999630	gene_E	0.000000	1.000000	1.000000
9.999630	promoter_A	1.000000	0.000000	0.000000
9.999630	promoter_B1	1.000000	0.000000	0.000000
9.999630	promoter_D	1.000000	0.000000	0.000000
14.999052	__gene_A*_rbs	0.000000	0.000000	0.000000
14.999052	__gene_A_rbs	5.000000	0.000000	0.000000
14.999052	__gene_B_rbs	0.000000	0.000000	0.000000
14.999052	__gene_C_rbs	0.000000	0.000000	0.000000
14.999052	__gene_D_rbs	1.000000	0.000000	0.000000
14.999052	__gene_E_rbs	0.000000	0.000000	0.000000
14.999052	__gene_F_rbs	0.000000	0.000000	0.000000
14.999052	__gene_G_rbs	0.000000	0.000000	0.000000
14.999052	__gene_H_rbs	0.000000	0.000000	0.000000
14.999052	__gene_J_rbs	0.000000	0.000000	0.000000
14.999052	__gene_K_rbs	0.000000	0.000000	0.000000
14.999052	__ribosome	59.000000	0.000000	0.000000
14.999052	bound_ecolipol	1920.000000	0.000000	0.000000
14.999052	bound_ribosome	100.000000	0.000000	0.000000
14.999052	ecoli_genome	80.000000	0.000000	0.000000
14.999052	ecoli_transcript	1111.000000	0.000000	0.000000
14.999052	ecolipol	72.000000	0.000000	0.000000
14.999052	gene_A	0.000000	6.000000	4.666667
14.999052	gene_D	0.000000	1.000000	9.000000
14.999052	gene_E	0.000000	1.000000	4.000000
14.999052	promoter_A	0.000000	0.000000	0.000000
14.999052	promoter_B1	1.000000	0.000000	0.000000
14.999052	promoter_D	1.000000	0.000000	0.000000
19.999476	__gene_A*_rbs	0.000000	0.000000	0.000000
19.999476	__gene_A_rbs	6.000000	0.000000	0.000000
19.999476	__gene_B_rbs	1.000000	0.000000	0.000000
19.999476	__gene_C_rbs	0.000000	0.000000	0.000000
19.999476	__gene_D_rbs	2.000000	0.000000	0.000000
19.999476	__gene_E_rbs	0.000000	0.000000	0.000000
19.999476	__gene_F_rbs	0.000000	0.000000	0.000000
19.999476	__gene_G_rbs	0.000000	0.000000	0.000000
19.999476	__gene_H_rbs	0.000000	0.000000	0.000000
19.999476	__gene_J_rbs	0.000000	0.000000	0.000000
19.999476	__gene_K_rbs	0.000000	0.000000	0.000000
19.999476	__ribosome	32.000000	0.000000	0.000000
19.999476	bound_ecolipol	1928.000000	0.000000	0.000000
19.999476	bound_ribosome	100.000000	0.000000	0.000000
19.999476	ecoli_genome	72.000000	0.000000	0.000000
19.999476	ecoli_transcript	1499.000000	0.000000	0.000000
19.999476	ecolipol	60.000000	0.000000	0.000000
19.999476	gene_A	0.000000	7.000000	7.000000
19.999476	gene_A*	0.000000	2.000000	1.000000
19.999476	gene_B	0.000000	1.000000	0.000000
19.999476	gene_D	0.000000	2.000000	6.000000
19.999476	gene_E	1.000000	1.000000	4.000000
19.999476	gene_J	0.000000	1.000000	1.000000
19.999476	promoter_A	0.000000	0.000000	0.000000
19.999476	promoter_B1	1.000000	0.000000	0.000000
19.999476	promoter_D	1.000000	0.000000	0.000000
24.999543	__gene_A*_rbs	2.000000	0.000000	0.000000
24.999543	__gene_A_rbs	10.000000	0.000000	0.000000
24.999543	__gene_B_rbs	2.000000	0.000000	0.000000
24.999543	__gene_C_rbs	0.000000	0.000000	0.000000
24.999543	__gene_D_rbs	1.000000	0.000000	0.000000
24.999543	__gene_E_rbs	1.000000	0.000000	0.000000
24.999543	__gene_F_rbs	1.000000	0.000000	0.000000
24.999543	__gene_G_rbs	0.000000	0.000000	0.000000
24.999543	__gene_H_rbs	0.000000	0.000000	0.000000
24.999543	__gene_J_rbs	1.000000	0.000000	0.000000
24.999543	__gene_K_rbs	0.000000	0.000000	0.000000
24.999543	__ribosome	17.000000	0.000000	0.000000
24.999543	bound_ecolipol	1928.000000	0.000000	0.000000
24.999543	bound_ribosome	100.000000	0.000000	0.000000
24.999543	ecoli_genome	72.000000	0.000000	0.000000
24.999543	ecoli_transcript	1872.000000	0.000000	0.000000
24.999543	ecolipol	58.000000	0.000000	0.000000
24.999543	gene_A	0.000000	10.000000	6.200000
24.999543	gene_A*	0.000000	3.000000	0.666667
24.999543	gene_B	0.000000	2.000000	1.000000
24.999543	gene_D	3.000000	2.000000	6.500000
24.999543	gene_E	3.000000	2.000000	2.000000
24.999543	gene_F	0.000000	1.000000	0.000000
24.999543	gene_J	1.000000	1.000000	0.000000
24.999543	promoter_A	1.000000	0.000000	0.000000
24.999543	promoter_B1	0.000000	0.000000	0.000000
24.999543	promoter_D	1.000000	0.000000	0.000000
29.999344	__gene_A*_rbs	3.000000	0.000000	0.000000
29.999344	__gene_A_rbs	11.000000	0.000000	0.000000
29.999344	__gene_B_rbs	2.000000	0.000000	0.000000
29.999344	__gene_C_rbs	1.000000	0.000000	0.000000
29.999344	__gene_D_rbs	2.000000	0.000000	0.000000
29.999344	__gene_E_rbs	2.000000	0.000000	0.000000
29.999344	__gene_F_rbs	1.000000	0.000000	0.000000
29.999344	__gene_G_rbs	0.000000	0.000000	0.000000
29.999344	__gene_H_rbs	0.000000	0.000000	0.000000
29.999344	__gene_J_rbs	2.000000	0.000000	0.000000
29.999344	__gene_K_rbs	1.000000	0.000000	0.000000
29.999344	__ribosome	6.000000	0.000000	0.000000
29.999344	bound_ecolipol	1910.000000	0.000000	0.000000
29.999344	bound_ribosome	100.000000	0.000000	0.000000
29.999344	ecoli_genome	90.000000	0.000000	0.000000
29.999344	ecoli_transcript	2284.000000	0.000000	0.000000
29.999344	ecolipol	74.000000	0.000000	0.000000
29.999344	gene_A	0.000000	11.000000	6.363636
29.999344	gene_A*	0.000000	6.000000	0.833333
29.999344	gene_B	0.000000	2.000000	2.000000
29.999344	gene_C	0.000000	1.000000	0.000000
29.999344	gene_D	9.000000	2.000000	4.000000
29.999344	gene_E	5.000000	2.000000	2.000000
29.999344	gene_F	0.000000	1.000000	2.000000
29.999344	gene_J	1.000000	2.000000	0.500000
29.999344	gene_K	0.000000	1.000000	0.000000
29.999344	promoter_A	0.000000	0.000000	0.000000
29.999344	promoter_B1	0.000000	0.000000	0.000000
29.999344	promoter_D	1.000000	0.000000	0.000000
34.999210	__gene_A*_rbs	4.000000	0.000000	0.000000
34.999210	__gene_A_rbs	12.000000	0.000000	0.000000
34.999210	__gene_B_rbs	3.000000	0.000000	0.000000
34.999210	__gene_C_rbs	1.000000	0.000000	0.000000
34.999210	__gene_D_rbs	3.000000	0.000000	0.000000
34.999210	__gene_E_rbs	1.000000	0.000000	0.000000
34.999210	__gene_F_rbs	1.000000	0.000000	0.000000
34.999210	__gene_G_rbs	0.000000	0.000000	0.000000
34.999210	__gene_H_rbs	0.000000	0.000000	0.000000
34.999210	__gene_J_rbs	2.000000	0.000000	0.000000
34.999210	__gene_K_rbs	2.000000	0.000000	0.000000
34.999210	__ribosome	6.000000	0.000000	0.000000
34.999210	bound_ecolipol	1923.000000	0.000000	0.000000
34.999210	bound_ribosome	100.000000	0.000000	0.000000
34.999210	ecoli_genome	77.000000	0.000000	0.000000
34.999210	ecoli_transcript	2657.000000	0.000000	0.000000
34.999210	ecolipol	59.000000	0.000000	0.000000
34.999210	gene_A	0.000000	13.000000	5.769231
34.999210	gene_A*	0.000000	7.000000	0.857143
34.999210	gene_B	2.000000	3.000000	1.333333
34.999210	gene_C	0.000000	1.000000	1.000000
34.999210	gene_D	13.000000	3.000000	1.333333
34.999210	gene_E	7.000000	2.000000	1.000000
34.999210	gene_F	0.000000	1.000000	2.000000
34.999210	gene_J	2.000000	2.000000	0.000000
34.999210	gene_K	0.000000	2.000000	0.000000
34.999210	promoter_A	1.000000	0.000000	0.000000
34.999210	promoter_B1	0.000000	0.000000	0.000000
34.999210	promoter_D	0.000000	0.000000	0.000000
40.000239	__gene_A*_rbs	7.000000	0.000000	0.000000
40.000239	__gene_A_rbs	15.000000	0.000000	0.000000
40.000239	__gene_B_rbs	4.000000	0.000000	0.000000
40.000239	__gene_C_rbs	1.000000	0.000000	0.000000
40.000239	__gene_D_rbs	5.000000	0.000000	0.000000
40.000239	__gene_E_rbs	3.000000	0.000000	0.000000
40.000239	__gene_F_rbs	1.000000	0.000000	0.000000
40.000239	__gene_G_rbs	0.000000	0.000000	0.000000
40.000239	__gene_H_rbs	0.000000	0.000000	0.000000
40.000239	__gene_J_rbs	1.000000	0.000000	0.000000
40.000239	__gene_K_rbs	2.000000	0.000000	0.000000
40.000239	__ribosome	3.000000	0.000000	0.000000
40.000239	bound_ecolipol	1917.000000	0.000000	0.000000
40.000239	bound_ribosome	100.000000	0.000000	0.000000
40.000239	ecoli_genome	83.000000	0.000000	0.000000
40.000239	ecoli_transcript	3069.000000	0.000000	0.000000
40.000239	ecolipol	61.000000	0.000000	0.000000
40.000239	gene_A	0.000000	15.000000	5.133333
40.000239	gene_A*	0.000000	10.000000	0.800000
40.000239	gene_B	4.000000	5.000000	0.600000
40.000239	gene_C	0.000000	2.000000	0.500000
40.000239	gene_D	15.000000	5.000000	0.600000
40.000239	gene_E	9.000000	3.000000	0.000000
40.000239	gene_F	0.000000	1.000000	3.000000
40.000239	gene_J	2.000000	2.000000	0.500000
40.000239	gene_K	0.000000	2.000000	0.500000
40.000239	promoter_A	0.000000	0.000000	0.000000
40.000239	promoter_B1	1.000000	0.000000	0.000000
40.000239	promoter_D	0.000000	0.000000	0.000000
44.999359	__gene_A*_rbs	10.000000	0.000000	0.000000
44.999359	__gene_A_rbs	18.000000	0.000000	0.000000
44.999359	__gene_B_rbs	7.000000	0.000000	0.000000
44.999359	__gene_C_rbs	3.000000	0.000000	0.000000
44.999359	__gene_D_rbs	7.000000	0.000000	0.000000
44.999359	__gene_E_rbs	5.000000	0.000000	0.000000
44.999359	__gene_F_rbs	1.000000	0.000000	0.000000
44.999359	__gene_G_rbs	0.000000	0.000000	0.000000
44.999359	__gene_H_rbs	0.000000	0.000000	0.000000
44.999359	__gene_J_rbs	3.000000	0.000000	0.000000
44.999359	__gene_K_rbs	3.000000	0.000000	0.000000
44.999359	__ribosome	1.000000	0.000000	0.000000
44.999359	bound_ecolipol	1925.000000	0.000000	0.000000
44.999359	bound_ribosome	100.000000	0.000000	0.000000
44.999359	ecoli_genome	75.000000	0.000000	0.000000
44.999359	ecoli_transcript	3432.000000	0.000000	0.000000
44.999359	ecolipol	50.000000	0.000000	0.000000
44.999359	gene_A	0.000000	18.000000	4.277778
44.999359	gene_A*	0.000000	12.000000	0.750000
44.999359	gene_B	4.000000	7.000000	0.714286
44.999359	gene_C	1.000000	3.000000	0.000000
44.999359	gene_D	17.000000	7.000000	0.285714
44.999359	gene_E	9.000000	5.000000	0.400000
44.999359	gene_F	0.000000	1.000000	3.000000
44.999359	gene_J	3.000000	3.000000	0.000000
44.999359	gene_K	1.000000	3.000000	0.333333
44.999359	promoter_A	0.000000	0.000000	0.000000
44.999359	promoter_B1	0.000000	0.000000	0.000000
44.999359	promoter_D	1.000000	0.000000	0.000000
49.999026	__gene_A*_rbs	12.000000	0.000000	0.000000
49.999026	__gene_A_rbs	21.000000	0.000000	0.000000
49.999026	__gene_B_rbs	8.000000	0.000000	0.000000
49.999026	__gene_C_rbs	3.000000	0.000000	0.000000
49.999026	__gene_D_rbs	7.000000	0.000000	0.000000
49.999026	__gene_E_rbs	7.000000	0.000000	0.000000
49.999026	__gene_F_rbs	1.000000	0.000000	0.000000
49.999026	__gene_G_rbs	0.000000	0.000000	0.000000
49.999026	__gene_H_rbs	0.000000	0.000000	0.000000
49.999026	__gene_J_rbs	4.000000	0.000000	0.000000
49.999026	__gene_K_rbs	4.000000	0.000000	0.000000
49.999026	__ribosome	0.000000	0.000000	0.000000
49.999026	bound_ecolipol	1912.000000	0.000000	0.000000
49.999026	bound_ribosome	100.000000	0.000000	0.000000
49.999026	ecoli_genome	88.000000	0.000000	0.000000
49.999026	ecoli_transcript	3790.000000	0.000000	0.000000
49.999026	ecolipol	61.000000	0.000000	0.000000
49.999026	gene_A	0.000000	21.000000	3.714286
49.999026	gene_A*	0.000000	13.000000	0.846154
49.999026	gene_B	7.000000	9.000000	0.333333
49.999026	gene_C	1.000000	3.000000	0.000000
49.999026	gene_D	17.000000	7.000000	0.428571
49.999026	gene_E	9.000000	7.000000	0.285714
49.999026	gene_F	0.000000	1.000000	3.000000
49.999026	gene_J	3.000000	4.000000	0.000000
49.999026	gene_K	2.000000	4.000000	0.000000
49.999026	promoter_A	0.000000	0.000000	0.000000
49.999026	promoter_B1	1.000000	0.000000	0.000000
49.999026	promoter_D	0.000000	0.000000	0.000000
54.999397	__gene_A*_rbs	15.000000	0.000000	0.000000
54.999397	__gene_A_rbs	23.000000	0.000000	0.000000
54.999397	__gene_B_rbs	9.000000	0.000000	0.000000
54.999397	__gene_C_rbs	3.000000	0.000000	0.000000
54.999397	__gene_D_rbs	9.000000	0.000000	0.000000
54.999397	__gene_E_rbs	7.000000	0.000000	0.000000
54.999397	__gene_F_rbs	2.000000	0.000000	0.000000
54.999397	__gene_G_rbs	0.000000	0.000000	0.000000
54.999397	__gene_H_rbs	0.000000	0.000000	0.000000
54.999397	__gene_J_rbs	6.000000	0.000000	0.000000
54.999397	__gene_K_rbs	5.000000	0.000000	0.000000
54.999397	__ribosome	2.000000	0.000000	0.000000
54.999397	bound_ecolipol	1917.000000	0.000000	0.000000
54.999397	bound_ribosome	100.000000	0.000000	0.000000
54.999397	ecoli_genome	83.000000	0.000000	0.000000
54.999397	ecoli_transcript	4176.000000	0.000000	0.000000
54.999397	ecolipol	53.000000	0.000000	0.000000
54.999397	gene_A	2.000000	23.000000	3.391304
54.999397	gene_A*	2.000000	16.000000	0.625000
54.999397	gene_B	7.000000	11.000000	0.272727
54.999397	gene_C	1.000000	5.000000	0.200000
54.999397	gene_D	18.000000	9.000000	0.222222
54.999397	gene_E	11.000000	7.000000	0.142857
54.999397	gene_F	0.000000	2.000000	1.500000
54.999397	gene_J	3.000000	6.000000	0.000000
54.999397	gene_K	2.000000	5.000000	0.000000
54.999397	promoter_A	0.000000	0.000000	0.000000
54.999397	promoter_B1	0.000000	0.000000	0.000000
54.999397	promoter_D	1.000000	0.000000	0.000000
59.999080	__gene_A*_rbs	19.000000	0.000000	0.000000
59.999080	__gene_A_rbs	23.000000	0.000000	0.000000
59.999080	__gene_B_rbs	9.000000	0.000000	0.000000
59.999080	__gene_C_rbs	8.000000	0.000000	0.000000
59.999080	__gene_D_rbs	10.000000	0.000000	0.000000
59.999080	__gene_E_rbs	8.000000	0.000000	0.000000
59.999080	__gene_F_rbs	3.000000	0.000000	0.000000
59.999080	__gene_G_rbs	0.000000	0.000000	0.000000
59.999080	__gene_H_rbs	0.000000	0.000000	0.000000
59.999080	__gene_J_rbs	7.000000	0.000000	0.000000
59.999080	__gene_K_rbs	5.000000	0.000000	0.000000
59.999080	__ribosome	1.000000	0.000000	0.000000
59.999080	bound_ecolipol	1914.000000	0.000000	0.000000
59.999080	bound_ribosome	100.000000	0.000000	0.000000
59.999080	ecoli_genome	86.000000	0.000000	0.000000
59.999080	ecoli_transcript	4535.000000	0.000000	0.000000
59.999080	ecolipol	55.000000	0.000000	0.000000
59.999080	gene_A	9.000000	25.000000	2.920000
59.999080	gene_A*	2.000000	19.000000	0.684211
59.999080	gene_B	10.000000	13.000000	0.076923
59.999080	gene_C	1.000000	8.000000	0.250000
59.999080	gene_D	19.000000	10.000000	0.200000
59.999080	gene_E	11.000000	9.000000	0.333333
59.999080	gene_F	0.000000	3.000000	1.000000
59.999080	gene_J	3.000000	7.000000	0.142857
59.999080	gene_K	2.000000	8.000000	0.125000
59.999080	promoter_A	1.000000	0.000000	0.000000
59.999080	promoter_B1	0.000000	0.000000	0.000000
59.999080	promoter_D	0.000000	0.000000	0.000000
64.999116	__gene_A*_rbs	20.000000	0.000000	0.000000
64.999116	__gene_A_rbs	26.000000	0.000000	0.000000
64.999116	__gene_B_rbs	12.000000	0.000000	0.000000
64.999116	__gene_C_rbs	9.000000	0.000000	0.000000
64.999116	__gene_D_rbs	12.000000	0.000000	0.000000
64.999116	__gene_E_rbs	10.000000	0.000000	0.000000
64.999116	__gene_F_rbs	4.000000	0.000000	0.000000
64.999116	__gene_G_rbs	1.000000	0.000000	0.000000
64.999116	__gene_H_rbs	0.000000	0.000000	0.000000
64.999116	__gene_J_rbs	8.000000	0.000000	0.000000
64.999116	__gene_K_rbs	8.000000	0.000000	0.000000
64.999116	__ribosome	3.000000	0.000000	0.000000
64.999116	bound_ecolipol	1905.000000	0.000000	0.000000
64.999116	bound_ribosome	100.000000	0.000000	0.000000
64.999116	ecoli_genome	95.000000	0.000000	0.000000
64.999116	ecoli_transcript	4910.000000	0.000000	0.000000
64.999116	ecolipol	62.000000	0.000000	0.000000
64.999116	gene_A	23.000000	26.000000	2.461538
64.999116	gene_A*	5.000000	21.000000	0.666667
64.999116	gene_B	10.000000	16.000000	0.062500
64.999116	gene_C	2.000000	10.000000	0.400000
64.999116	gene_D	20.000000	12.000000	0.166667
64.999116	gene_E	12.000000	10.000000	0.200000
64.999116	gene_F	0.000000	4.000000	1.250000
64.999116	gene_G	0.000000	1.000000	0.000000
64.999116	gene_J	3.000000	8.000000	0.125000
64.999116	gene_K	2.000000	11.000000	0.363636
64.999116	promoter_A	0.000000	0.000000	0.000000
64.999116	promoter_B1	0.000000	0.000000	0.000000
64.999116	promoter_D	0.000000	0.000000	0.000000
69.999267	__gene_A*_rbs	22.000000	0.000000	0.000000
69.999267	__gene_A_rbs	27.000000	0.000000	0.000000
69.999267	__gene_B_rbs	16.000000	0.000000	0.000000
69.999267	__gene_C_rbs	12.000000	0.000000	0.000000
69.999267	__gene_D_rbs	15.000000	0.000000	0.000000
69.999267	__gene_E_rbs	12.000000	0.000000	0.000000
69.999267	__gene_F_rbs	5.000000	0.000000	0.000000
69.999267	__gene_G_rbs	1.000000	0.000000	0.000000
69.999267	__gene_H_rbs	0.000000	0.000000	0.000000
69.999267	__gene_J_rbs	7.000000	0.000000	0.000000
69.999267	__gene_K_rbs	12.000000	0.000000	0.000000
69.999267	__ribosome	4.000000	0.000000	0.000000
69.999267	bound_ecolipol	1911.000000	0.000000	0.000000
69.999267	bound_ribosome	100.000000	0.000000	0.000000
69.999267	ecoli_genome	89.000000	0.000000	0.000000
69.999267	ecoli_transcript	5322.000000	0.000000	0.000000
69.999267	ecolipol	56.000000	0.000000	0.000000
69.999267	gene_A	40.000000	27.000000	2.000000
69.999267	gene_A*	7.000000	23.000000	0.869565
69.999267	gene_B	11.000000	17.000000	0.058824
69.999267	gene_C	4.000000	13.000000	0.461538
69.999267	gene_D	20.000000	15.000000	0.200000
69.999267	gene_E	13.000000	12.000000	0.250000
69.999267	gene_F	0.000000	5.000000	1.200000
69.999267	gene_G	0.000000	1.000000	0.000000
69.999267	gene_J	3.000000	9.000000	0.222222
69.999267	gene_K	5.000000	13.000000	0.076923
69.999267	promoter_A	0.000000	0.000000	0.000000
69.999267	promoter_B1	0.000000	0.000000	0.000000
69.999267	promoter_D	0.000000	0.000000	0.000000
74.999172	__gene_A*_rbs	24.000000	0.000000	0.000000
74.999172	__gene_A_rbs	27.000000	0.000000	0.000000
74.999172	__gene_B_rbs	20.000000	0.000000	0.000000
74.999172	__gene_C_rbs	12.000000	0.000000	0.000000
74.999172	__gene_D_rbs	16.000000	0.000000	0.000000
74.999172	__gene_E_rbs	14.000000	0.000000	0.000000
74.999172	__gene_F_rbs	5.000000	0.000000	0.000000
74.999172	__gene_G_rbs	1.000000	0.000000	0.000000
74.999172	__gene_H_rbs	0.000000	0.000000	0.000000
74.999172	__gene_J_rbs	11.000000	0.000000	0.000000
74.999172	__gene_K_rbs	12.000000	0.000000	0.000000
74.999172	__ribosome	2.000000	0.000000	0.000000
74.999172	bound_ecolipol	1906.000000	0.000000	0.000000
74.999172	bound_ribosome	100.000000	0.000000	0.000000
74.999172	ecoli_genome	94.000000	0.000000	0.000000
74.999172	ecoli_transcript	5712.000000	0.000000	0.000000
74.999172	ecolipol	61.000000	0.000000	0.000000
74.999172	gene_A	58.000000	28.000000	1.428571
74.999172	gene_A*	8.000000	25.000000	0.960000
74.999172	gene_B	11.000000	21.000000	0.190476
74.999172	gene_C	6.000000	14.000000	0.571429
74.999172	gene_D	21.000000	17.000000	0.176471
74.999172	gene_E	14.000000	15.000000	0.333333
74.999172	gene_F	2.000000	5.000000	1.400000
74.999172	gene_G	0.000000	1.000000	0.000000
74.999172	gene_J	3.000000	11.000000	0.454545
74.999172	gene_K	6.000000	15.000000	0.133333
74.999172	promoter_A	0.000000	0.000000	0.000000
74.999172	promoter_B1	0.000000	0.000000	0.000000
74.999172	promoter_D	0.000000	0.000000	0.000000
79.999122	__gene_A*_rbs	25.000000	0.000000	0.000000
79.999122	__gene_A_rbs	30.000000	0.000000	0.000000
79.999122	__gene_B_rbs	22.000000	0.000000	0.000000
79.999122	__gene_C_rbs	15.000000	0.000000	0.000000
79.999122	__gene_D_rbs	18.000000	0.000000	0.000000
79.999122	__gene_E_rbs	16.000000	0.000000	0.000000
79.999122	__gene_F_rbs	6.000000	0.000000	0.000000
79.999122	__gene_G_rbs	1.000000	0.000000	0.000000
79.999122	__gene_H_rbs	1.000000	0.000000	0.000000
79.999122	__gene_J_rbs	13.000000	0.000000	0.000000
79.999122	__gene_K_rbs	16.000000	0.000000	0.000000
79.999122	__ribosome	3.000000	0.000000	0.000000
79.999122	bound_ecolipol	1900.000000	0.000000	0.000000
79.999122	bound_ribosome	100.000000	0.000000	0.000000
79.999122	ecoli_genome	100.000000	0.000000	0.000000
79.999122	ecoli_transcript	6111.000000	0.000000	0.000000
79.999122	ecolipol	65.000000	0.000000	0.000000
79.999122	gene_A	68.000000	30.000000	1.166667
79.999122	gene_A*	10.000000	27.000000	0.962963
79.999122	gene_B	11.000000	23.000000	0.391304
79.999122	gene_C	11.000000	17.000000	0.235294
79.999122	gene_D	22.000000	20.000000	0.250000
79.999122	gene_E	17.000000	16.000000	0.250000
79.999122	gene_F	2.000000	6.000000	1.166667
79.999122	gene_G	0.000000	1.000000	0.000000
79.999122	gene_H	0.000000	1.000000	0.000000
79.999122	gene_J	4.000000	13.000000	0.384615
79.999122	gene_K	8.000000	17.000000	0.117647
79.999122	promoter_A	0.000000	0.000000	0.000000
79.999122	promoter_B1	0.000000	0.000000	0.000000
79.999122	promoter_D	0.000000	0.000000	0.000000
84.999565	__gene_A*_rbs	26.000000	0.000000	0.000000
84.999565	__gene_A_rbs	32.000000	0.000000	0.000000
84.999565	__gene_B_rbs	22.000000	0.000000	0.000000
84.999565	__gene_C_rbs	17.000000	0.000000	0.000000
84.999565	__gene_D_rbs	23.000000	0.000000	0.000000
84.999565	__gene_E_rbs	20.000000	0.000000	0.000000
84.999565	__gene_F_rbs	9.000000	0.000000	0.000000
84.999565	__gene_G_rbs	1.000000	0.000000	0.000000
84.999565	__gene_H_rbs	1.000000	0.000000	0.000000
84.999565	__gene_J_rbs	16.000000	0.000000	0.000000
84.999565	__gene_K_rbs	19.000000	0.000000	0.000000
84.999565	__ribosome	0.000000	0.000000	0.000000
84.999565	bound_ecolipol	1901.000000	0.000000	0.000000
84.999565	bound_ribosome	100.000000	0.000000	0.000000
84.999565	ecoli_genome	99.000000	0.000000	0.000000
84.999565	ecoli_transcript	6508.000000	0.000000	0.000000
84.999565	ecolipol	60.000000	0.000000	0.000000
84.999565	gene_A	73.000000	32.000000	1.031250
84.999565	gene_A*	12.000000	27.000000	1.037037
84.999565	gene_B	14.000000	25.000000	0.400000
84.999565	gene_C	14.000000	18.000000	0.222222
84.999565	gene_D	23.000000	23.000000	0.304348
84.999565	gene_E	19.000000	20.000000	0.150000
84.999565	gene_F	3.000000	9.000000	0.666667
84.999565	gene_G	0.000000	1.000000	0.000000
84.999565	gene_H	0.000000	1.000000	0.000000
84.999565	gene_J	5.000000	16.000000	0.250000
84.999565	gene_K	8.000000	20.000000	0.250000
84.999565	promoter_A	0.000000	0.000000	0.000000
84.999565	promoter_B1	0.000000	0.000000	0.000000
84.999565	promoter_D	0.000000	0.000000	0.000000
89.999082	__gene_A*_rbs	28.000000	0.000000	0.000000
89.999082	__gene_A_rbs	35.000000	0.000000	0.000000
89.999082	__gene_B_rbs	26.000000	0.000000	0.000000
89.999082	__gene_C_rbs	21.000000	0.000000	0.000000
89.999082	__gene_D_rbs	25.000000	0.000000	0.000000
89.999082	__gene_E_rbs	23.000000	0.000000	0.000000
89.999082	__gene_F_rbs	10.000000	0.000000	0.000000
89.999082	__gene_G_rbs	1.000000	0.000000	0.000000
89.999082	__gene_H_rbs	1.000000	0.000000	0.000000
89.999082	__gene_J_rbs	18.000000	0.000000	0.000000
89.999082	__gene_K_rbs	23.000000	0.000000	0.000000
89.999082	__ribosome	1.000000	0.000000	0.000000
89.999082	bound_ecolipol	1903.000000	0.000000	0.000000
89.999082	bound_ribosome	100.000000	0.000000	0.000000
89.999082	ecoli_genome	97.000000	0.000000	0.000000
89.999082	ecoli_transcript	6892.000000	0.000000	0.000000
89.999082	ecolipol	56.000000	0.000000	0.000000
89.999082	gene_A	77.000000	35.000000	0.971429
89.999082	gene_A*	13.000000	28.000000	0.964286
89.999082	gene_B	18.000000	28.000000	0.250000
89.999082	gene_C	15.000000	22.000000	0.272727
89.999082	gene_D	24.000000	25.000000	0.320000
89.999082	gene_E	21.000000	23.000000	0.086957
89.999082	gene_F	3.000000	10.000000	0.700000
89.999082	gene_G	0.000000	1.000000	0.000000
89.999082	gene_H	0.000000	1.000000	0.000000
89.999082	gene_J	5.000000	18.000000	0.222222
89.999082	gene_K	12.000000	23.000000	0.173913
89.999082	promoter_A	0.000000	0.000000	0.000000
89.999082	promoter_B1	0.000000	0.000000	0.000000
89.999082	promoter_D	0.000000	0.000000	0.000000
94.999294	__gene_A*_rbs	30.000000	0.000000	0.000000
94.999294	__gene_A_rbs	37.000000	0.000000	0.000000
94.999294	__gene_B_rbs	28.000000	0.000000	0.000000
94.999294	__gene_C_rbs	24.000000	0.000000	0.000000
94.999294	__gene_D_rbs	27.000000	0.000000	0.000000
94.999294	__gene_E_rbs	25.000000	0.000000	0.000000
94.999294	__gene_F_rbs	12.000000	0.000000	0.000000
94.999294	__gene_G_rbs	1.000000	0.000000	0.000000
94.999294	__gene_H_rbs	1.000000	0.000000	0.000000
94.999294	__gene_J_rbs	20.000000	0.000000	0.000000
94.999294	__gene_K_rbs	24.000000	0.000000	0.000000
94.999294	__ribosome	2.000000	0.000000	0.000000
94.999294	bound_ecolipol	1890.000000	0.000000	0.000000
94.999294	bound_ribosome	100.000000	0.000000	0.000000
94.999294	ecoli_genome	110.000000	0.000000	0.000000
94.999294	ecoli_transcript	7310.000000	0.000000	0.000000
94.999294	ecolipol	68.000000	0.000000	0.000000
94.999294	gene_A	77.000000	37.000000	1.000000
94.999294	gene_A*	15.000000	30.000000	0.900000
94.999294	gene_B	23.000000	30.000000	0.133333
94.999294	gene_C	19.000000	24.000000	0.291667
94.999294	gene_D	27.000000	28.000000	0.285714
94.999294	gene_E	22.000000	25.000000	0.080000
94.999294	gene_F	3.000000	12.000000	0.583333
94.999294	gene_G	0.000000	1.000000	0.000000
94.999294	gene_H	0.000000	1.000000	0.000000
94.999294	gene_J	6.000000	21.000000	0.285714
94.999294	gene_K	16.000000	25.000000	0.000000
94.999294	promoter_A	0.000000	0.000000	0.000000
94.999294	promoter_B1	0.000000	0.000000	0.000000
94.999294	promoter_D	0.000000	0.000000	0.000000
99.999005	__gene_A*_rbs	33.000000	0.000000	0.000000
99.999005	__gene_A_rbs	39.000000	0.000000	0.000000
99.999005	__gene_B_rbs	31.000000	0.000000	0.000000
99.999005	__gene_C_rbs	24.000000	0.000000	0.000000
99.999005	__gene_D_rbs	30.000000	0.000000	0.000000
99.999005	__gene_E_rbs	26.000000	0.000000	0.000000
99.999005	__gene_F_rbs	13.000000	0.000000	0.000000
99.999005	__gene_G_rbs	3.000000	0.000000	0.000000
99.999005	__gene_H_rbs	1.000000	0.000000	0.000000
99.999005	__gene_J_rbs	24.000000	0.000000	0.000000
99.999005	__gene_K_rbs	26.000000	0.000000	0.000000
99.999005	__ribosome	1.000000	0.000000	0.000000
99.999005	bound_ecolipol	1902.000000	0.000000	0.000000
99.999005	bound_ribosome	100.000000	0.000000	0.000000
99.999005	ecoli_genome	98.000000	0.000000	0.000000
99.999005	ecoli_transcript	7711.000000	0.000000	0.000000
99.999005	ecolipol	55.000000	0.000000	0.000000
99.999005	gene_A	78.000000	39.000000	0.974359
99.999005	gene_A*	19.000000	33.000000	0.727273
99.999005	gene_B	25.000000	31.000000	0.129032
99.999005	gene_C	22.000000	26.000000	0.192308
99.999005	gene_D	30.000000	31.000000	0.225806
99.999005	gene_E	23.000000	27.000000	0.185185
99.999005	gene_F	3.000000	13.000000	0.538462
99.999005	gene_G	0.000000	3.000000	0.000000
99.999005	gene_H	0.000000	1.000000	0.000000
99.999005	gene_J	7.000000	24.000000	0.291667
99.999005	gene_K	16.000000	27.000000	0.074074
99.999005	promoter_A	0.000000	0.000000	0.000000
99.999005	promoter_B1	0.000000	0.000000	0.000000
99.999005	promoter_D	0.000000	0.000000	0.000000
104.999222	__gene_A*_rbs	33.000000	0.000000	0.000000
104.999222	__gene_A_rbs	41.000000	0.000000	0.000000
104.999222	__gene_B_rbs	31.000000	0.000000	0.000000
104.999222	__gene_C_rbs	26.000000	0.000000	0.000000
104.999222	__gene_D_rbs	32.000000	0.000000	0.000000
104.999222	__gene_E_rbs	30.000000	0.000000	0.000000
104.999222	__gene_F_rbs	16.000000	0.000000	0.000000
104.999222	__gene_G_rbs	3.000000	0.000000	0.000000
104.999222	__gene_H_rbs	1.000000	0.000000	0.000000
104.999222	__gene_J_rbs	26.000000	0.000000	0.000000
104.999222	__gene_K_rbs	28.000000	0.000000	0.000000
104.999222	__ribosome	0.000000	0.000000	0.000000
104.999222	bound_ecolipol	1900.000000	0.000000	0.000000
104.999222	bound_ribosome	100.000000	0.000000	0.000000
104.999222	ecoli_genome	100.000000	0.000000	0.000000
104.999222	ecoli_transcript	8105.000000	0.000000	0.000000
104.999222	ecolipol	57.000000	0.000000	0.000000
104.999222	gene_A	80.000000	41.000000	0.975610
104.999222	gene_A*	28.000000	35.000000	0.457143
104.999222	gene_B	26.000000	32.000000	0.187500
104.999222	gene_C	27.000000	29.000000	0.034483
104.999222	gene_D	32.000000	33.000000	0.212121
104.999222	gene_E	24.000000	31.000000	0.225806
104.999222	gene_F	3.000000	16.000000	0.500000
104.999222	gene_G	0.000000	3.000000	0.666667
104.999222	gene_H	0.000000	1.000000	0.000000
104.999222	gene_J	9.000000	26.000000	0.307692
104.999222	gene_K	17.000000	30.000000	0.166667
104.999222	promoter_A	1.000000	0.000000	0.000000
104.999222	promoter_B1	0.000000	0.000000	0.000000
104.999222	promoter_D	0.000000	0.000000	0.000000
109.999220	__gene_A*_rbs	37.000000	0.000000	0.000000
109.999220	__gene_A_rbs	42.000000	0.000000	0.000000
109.999220	__gene_B_rbs	31.000000	0.000000	0.000000
109.999220	__gene_C_rbs	27.000000	0.000000	0.000000
109.999220	__gene_D_rbs	35.000000	0.000000	0.000000
109.999220	__gene_E_rbs	33.000000	0.000000	0.000000
109.999220	__gene_F_rbs	18.000000	0.000000	0.000000
109.999220	__gene_G_rbs	4.000000	0.000000	0.000000
109.999220	__gene_H_rbs	1.000000	0.000000	0.000000
109.999220	__gene_J_rbs	27.000000	0.000000	0.000000
109.999220	__gene_K_rbs	29.000000	0.000000	0.000000
109.999220	__ribosome	2.000000	0.000000	0.000000
109.999220	bound_ecolipol	1902.000000	0.000000	0.000000
109.999220	bound_ribosome	100.000000	0.000000	0.000000
109.999220	ecoli_genome	98.000000	0.000000	0.000000
109.999220	ecoli_transcript	8520.000000	0.000000	0.000000
109.999220	ecolipol	53.000000	0.000000	0.000000
109.999220	gene_A	80.000000	43.000000	1.000000
109.999220	gene_A*	31.000000	37.000000	0.432432
109.999220	gene_B	29.000000	33.000000	0.121212
109.999220	gene_C	27.000000	31.000000	0.193548
109.999220	gene_D	35.000000	35.000000	0.142857
109.999220	gene_E	28.000000	33.000000	0.121212
109.999220	gene_F	6.000000	18.000000	0.333333
109.999220	gene_G	0.000000	4.000000	0.500000
109.999220	gene_H	0.000000	1.000000	0.000000
109.999220	gene_J	12.000000	28.000000	0.285714
109.999220	gene_K	20.000000	31.000000	0.129032
109.999220	promoter_A	0.000000	0.000000	0.000000
109.999220	promoter_B1	0.000000	0.000000	0.000000
109.999220	promoter_D	0.000000	0.000000	0.000000
114.999233	__gene_A*_rbs	40.000000	0.000000	0.000000
114.999233	__gene_A_rbs	42.000000	0.000000	0.000000
114.999233	__gene_B_rbs	35.000000	0.000000	0.000000
114.999233	__gene_C_rbs	31.000000	0.000000	0.000000
114.999233	__gene_D_rbs	37.000000	0.000000	0.000000
114.999233	__gene_E_rbs	35.000000	0.000000	0.000000
114.999233	__gene_F_rbs	20.000000	0.000000	0.000000
114.999233	__gene_G_rbs	4.000000	0.000000	0.000000
114.999233	__gene_H_rbs	1.000000	0.000000	0.000000
114.999233	__gene_J_rbs	32.000000	0.000000	0.000000
114.999233	__gene_K_rbs	31.000000	0.000000	0.000000
114.999233	__ribosome	1.000000	0.000000	0.000000
114.999233	bound_ecolipol	1906.000000	0.000000	0.000000
114.999233	bound_ribosome	100.000000	0.000000	0.000000
114.999233	ecoli_genome	94.000000	0.000000	0.000000
114.999233	ecoli_transcript	8908.000000	0.000000	0.000000
114.999233	ecolipol	51.000000	0.000000	0.000000
114.999233	gene_A	85.000000	44.000000	0.954545
114.999233	gene_A*	36.000000	40.000000	0.350000
114.999233	gene_B	32.000000	35.000000	0.114286
114.999233	gene_C	30.000000	32.000000	0.218750
114.999233	gene_D	37.000000	38.000000	0.210526
114.999233	gene_E	31.000000	35.000000	0.085714
114.999233	gene_F	7.000000	20.000000	0.300000
114.999233	gene_G	0.000000	4.000000	0.500000
114.999233	gene_H	0.000000	1.000000	1.000000
114.999233	gene_J	14.000000	32.000000	0.312500
114.999233	gene_K	24.000000	32.000000	0.062500
114.999233	promoter_A	1.000000	0.000000	0.000000
114.999233	promoter_B1	0.000000	0.000000	0.000000
114.999233	promoter_D	0.000000	0.000000	0.000000
119.999082	__gene_A*_rbs	41.000000	0.000000	0.000000
119.999082	__gene_A_rbs	46.000000	0.000000	0.000000
119.999082	__gene_B_rbs	37.000000	0.000000	0.000000
119.999082	__gene_C_rbs	32.000000	0.000000	0.000000
119.999082	__gene_D_rbs	39.000000	0.000000	0.000000
119.999082	__gene_E_rbs	37.000000	0.000000	0.000000
119.999082	__gene_F_rbs	22.000000	0.000000	0.000000
119.999082	__gene_G_rbs	5.000000	0.000000	0.000000
119.999082	__gene_H_rbs	1.000000	0.000000	0.000000
119.999082	__gene_J_rbs	33.000000	0.000000	0.000000
119.999082	__gene_K_rbs	33.000000	0.000000	0.000000
119.999082	__ribosome	0.000000	0.000000	0.000000
119.999082	bound_ecolipol	1903.000000	0.000000	0.000000
119.999082	bound_ribosome	100.000000	0.000000	0.000000
119.999082	ecoli_genome	97.000000	0.000000	0.000000
119.999082	ecoli_transcript	9269.000000	0.000000	0.000000
119.999082	ecolipol	52.000000	0.000000	0.000000
119.999082	gene_A	93.000000	46.000000	0.847826
119.999082	gene_A*	40.000000	41.000000	0.292683
119.999082	gene_B	33.000000	38.000000	0.157895
119.999082	gene_C	34.000000	32.000000	0.125000
119.999082	gene_D	38.000000	40.000000	0.250000
119.999082	gene_E	32.000000	38.000000	0.157895
119.999082	gene_F	9.000000	22.000000	0.181818
119.999082	gene_G	1.000000	5.000000	0.400000
119.999082	gene_H	0.000000	1.000000	1.000000
119.999082	gene_J	16.000000	34.000000	0.352941
119.999082	gene_K	26.000000	33.000000	0.121212
119.999082	promoter_A	1.000000	0.000000	0.000000
119.999082	promoter_B1	0.000000	0.000000	0.000000
119.999082	promoter_D	0.000000	0.000000	0.000000
124.999060	__gene_A*_rbs	43.000000	0.000000	0.000000
124.999060	__gene_A_rbs	48.000000	0.000000	0.000000
124.999060	__gene_B_rbs	40.000000	0.000000	0.000000
124.999060	__gene_C_rbs	33.000000	0.000000	0.000000
124.999060	__gene_D_rbs	41.000000	0.000000	0.000000
124.999060	__gene_E_rbs	40.000000	0.000000	0.000000
124.999060	__gene_F_rbs	24.000000	0.000000	0.000000
124.999060	__gene_G_rbs	6.000000	0.000000	0.000000
124.999060	__gene_H_rbs	1.000000	0.000000	0.000000
124.999060	__gene_J_rbs	35.000000	0.000000	0.000000
124.999060	__gene_K_rbs	32.000000	0.000000	0.000000
124.999060	__ribosome	1.000000	0.000000	0.000000
124.999060	bound_ecolipol	1910.000000	0.000000	0.000000
124.999060	bound_ribosome	100.000000	0.000000	0.000000
124.999060	ecoli_genome	90.000000	0.000000	0.000000
124.999060	ecoli_transcript	9684.000000	0.000000	0.000000
124.999060	ecolipol	43.000000	0.000000	0.000000
124.999060	gene_A	96.000000	48.000000	0.791667
124.999060	gene_A*	40.000000	44.000000	0.318182
124.999060	gene_B	34.000000	40.000000	0.175000
124.999060	gene_C	38.000000	34.000000	0.029412
124.999060	gene_D	40.000000	41.000000	0.292683
124.999060	gene_E	34.000000	40.000000	0.150000
124.999060	gene_F	9.000000	24.000000	0.166667
124.999060	gene_G	2.000000	7.000000	0.428571
124.999060	gene_H	0.000000	1.000000	1.000000
124.999060	gene_J	18.000000	36.000000	0.305556
124.999060	gene_K	30.000000	35.000000	0.057143
124.999060	promoter_A	0.000000	0.000000	0.000000
124.999060	promoter_B1	0.000000	0.000000	0.000000
124.999060	promoter_D	1.000000	0.000000	0.000000
129.999096	__gene_A*_rbs	43.000000	0.000000	0.000000
129.999096	__gene_A_rbs	50.000000	0.000000	0.000000
129.999096	__gene_B_rbs	42.000000	0.000000	0.000000
129.999096	__gene_C_rbs	35.000000	0.000000	0.000000
129.999096	__gene_D_rbs	42.000000	0.000000	0.000000
129.999096	__gene_E_rbs	40.000000	0.000000	0.000000
129.999096	__gene_F_rbs	25.000000	0.000000	0.000000
129.999096	__gene_G_rbs	9.000000	0.000000	0.000000
129.999096	__gene_H_rbs	1.000000	0.000000	0.000000
129.999096	__gene_J_rbs	37.000000	0.000000	0.000000
129.999096	__gene_K_rbs	36.000000	0.000000	0.000000
129.999096	__ribosome	0.000000	0.000000	0.000000
129.999096	bound_ecolipol	1905.000000	0.000000	0.000000
129.999096	bound_ribosome	100.000000	0.000000	0.000000
129.999096	ecoli_genome	95.000000	0.000000	0.000000
129.999096	ecoli_transcript	10039.000000	0.000000	0.000000
129.999096	ecolipol	48.000000	0.000000	0.000000
129.999096	gene_A	103.000000	50.000000	0.680000
129.999096	gene_A*	43.000000	44.000000	0.318182
129.999096	gene_B	37.000000	42.000000	0.190476
129.999096	gene_C	38.000000	36.000000	0.027778
129.999096	gene_D	43.000000	42.000000	0.309524
129.999096	gene_E	38.000000	41.000000	0.097561
129.999096	gene_F	10.000000	25.000000	0.200000
129.999096	gene_G	2.000000	9.000000	0.444444
129.999096	gene_H	0.000000	1.000000	1.000000
129.999096	gene_J	19.000000	39.000000	0.282051
129.999096	gene_K	32.000000	37.000000	0.135135
129.999096	promoter_A	1.000000	0.000000	0.000000
129.999096	promoter_B1	0.000000	0.000000	0.000000
129.999096	promoter_D	0.000000	0.000000	0.000000
134.999110	__gene_A*_rbs	45.000000	0.000000	0.000000
134.999110	__gene_A_rbs	52.000000	0.000000	0.000000
134.999110	__gene_B_rbs	45.000000	0.000000	0.000000
134.999110	__gene_C_rbs	37.000000	0.000000	0.000000
134.999110	__gene_D_rbs	44.000000	0.000000	0.000000
134.999110	__gene_E_rbs	42.000000	0.000000	0.000000
134.999110	__gene_F_rbs	27.000000	0.000000	0.000000
134.999110	__gene_G_rbs	9.000000	0.000000	0.000000
134.999110	__gene_H_rbs	2.000000	0.000000	0.000000
134.999110	__gene_J_rbs	40.000000	0.000000	0.000000
134.999110	__gene_K_rbs	37.000000	0.000000	0.000000
134.999110	__ribosome	1.000000	0.000000	0.000000
134.999110	bound_ecolipol	1898.000000	0.000000	0.000000
134.999110	bound_ribosome	100.000000	0.000000	0.000000
134.999110	ecoli_genome	102.000000	0.000000	0.000000
134.999110	ecoli_transcript	10416.000000	0.000000	0.000000
134.999110	ecolipol	55.000000	0.000000	0.000000
134.999110	gene_A	105.000000	52.000000	0.653846
134.999110	gene_A*	43.000000	46.000000	0.369565
134.999110	gene_B	40.000000	45.000000	0.155556
134.999110	gene_C	39.000000	39.000000	0.000000
134.999110	gene_D	48.000000	44.000000	0.250000
134.999110	gene_E	40.000000	42.000000	0.071429
134.999110	gene_F	10.000000	27.000000	0.259259
134.999110	gene_G	2.000000	9.000000	0.555556
134.999110	gene_H	0.000000	2.000000	0.500000
134.999110	gene_J	20.000000	41.000000	0.268293
134.999110	gene_K	37.000000	40.000000	0.075000
134.999110	promoter_A	1.000000	0.000000	0.000000
134.999110	promoter_B1	0.000000	0.000000	0.000000
134.999110	promoter_D	0.000000	0.000000	0.000000
139.999190	__gene_A*_rbs	48.000000	0.000000	0.000000
139.999190	__gene_A_rbs	53.000000	0.000000	0.000000
139.999190	__gene_B_rbs	46.000000	0.000000	0.000000
139.999190	__gene_C_rbs	40.000000	0.000000	0.000000
139.999190	__gene_D_rbs	46.000000	0.000000	0.000000
139.999190	__gene_E_rbs	44.000000	0.000000	0.000000
139.999190	__gene_F_rbs	28.000000	0.000000	0.000000
139.999190	__gene_G_rbs	11.000000	0.000000	0.000000
139.999190	__gene_H_rbs	3.000000	0.000000	0.000000
139.999190	__gene_J_rbs	41.000000	0.000000	0.000000
139.999190	__gene_K_rbs	37.000000	0.000000	0.000000
139.999190	__ribosome	0.000000	0.000000	0.000000
139.999190	bound_ecolipol	1897.000000	0.000000	0.000000
139.999190	bound_ribosome	100.000000	0.000000	0.000000
139.999190	ecoli_genome	103.000000	0.000000	0.000000
139.999190	ecoli_transcript	10815.000000	0.000000	0.000000
139.999190	ecolipol	56.000000	0.000000	0.000000
139.999190	gene_A	108.000000	54.000000	0.611111
139.999190	gene_A*	45.000000	48.000000	0.333333
139.999190	gene_B	42.000000	47.000000	0.148936
139.999190	gene_C	39.000000	41.000000	0.024390
139.999190	gene_D	52.000000	46.000000	0.173913
139.999190	gene_E	42.000000	44.000000	0.045455
139.999190	gene_F	10.000000	28.000000	0.321429
139.999190	gene_G	2.000000	11.000000	0.454545
139.999190	gene_H	0.000000	3.000000	0.666667
139.999190	gene_J	20.000000	41.000000	0.317073
139.999190	gene_K	39.000000	42.000000	0.095238
139.999190	promoter_A	1.000000	0.000000	0.000000
139.999190	promoter_B1	0.000000	0.000000	0.000000
139.999190	promoter_D	0.000000	0.000000	0.000000
144.999322	__gene_A*_rbs	48.000000	0.000000	0.000000
144.999322	__gene_A_rbs	55.000000	0.000000	0.000000
144.999322	__gene_B_rbs	47.000000	0.000000	0.000000
144.999322	__gene_C_rbs	42.000000	0.000000	0.000000
144.999322	__gene_D_rbs	48.000000	0.000000	0.000000
144.999322	__gene_E_rbs	45.000000	0.000000	0.000000
144.999322	__gene_F_rbs	28.000000	0.000000	0.000000
144.999322	__gene_G_rbs	13.000000	0.000000	0.000000
144.999322	__gene_H_rbs	5.000000	0.000000	0.000000
144.999322	__gene_J_rbs	43.000000	0.000000	0.000000
144.999322	__gene_K_rbs	44.000000	0.000000	0.000000
144.999322	__ribosome	0.000000	0.000000	0.000000
144.999322	bound_ecolipol	1894.000000	0.000000	0.000000
144.999322	bound_ribosome	100.000000	0.000000	0.000000
144.999322	ecoli_genome	106.000000	0.000000	0.000000
144.999322	ecoli_transcript	11194.000000	0.000000	0.000000
144.999322	ecolipol	58.000000	0.000000	0.000000
144.999322	gene_A	114.000000	55.000000	0.527273
144.999322	gene_A*	47.000000	50.000000	0.300000
144.999322	gene_B	46.000000	49.000000	0.102041
144.999322	gene_C	39.000000	44.000000	0.090909
144.999322	gene_D	56.000000	49.000000	0.122449
144.999322	gene_E	44.000000	46.000000	0.065217
144.999322	gene_F	10.000000	28.000000	0.321429
144.999322	gene_G	2.000000	13.000000	0.384615
144.999322	gene_H	0.000000	5.000000	0.600000
144.999322	gene_J	21.000000	43.000000	0.325581
144.999322	gene_K	42.000000	45.000000	0.155556
144.999322	promoter_A	0.000000	0.000000	0.000000
144.999322	promoter_B1	0.000000	0.000000	0.000000
144.999322	promoter_D	0.000000	0.000000	0.000000
149.999467	__gene_A*_rbs	51.000000	0.000000	0.000000
149.999467	__gene_A_rbs	55.000000	0.000000	0.000000
149.999467	__gene_B_rbs	49.000000	0.000000	0.000000
149.999467	__gene_C_rbs	44.000000	0.000000	0.000000
149.999467	__gene_D_rbs	51.000000	0.000000	0.000000
149.999467	__gene_E_rbs	49.000000	0.000000	0.000000
149.999467	__gene_F_rbs	30.000000	0.000000	0.000000
149.999467	__gene_G_rbs	15.000000	0.000000	0.000000
149.999467	__gene_H_rbs	5.000000	0.000000	0.000000
149.999467	__gene_J_rbs	44.000000	0.000000	0.000000
149.999467	__gene_K_rbs	45.000000	0.000000	0.000000
149.999467	__ribosome	1.000000	0.000000	0.000000
149.999467	bound_ecolipol	1906.000000	0.000000	0.000000
149.999467	bound_ribosome	100.000000	0.000000	0.000000
149.999467	ecoli_genome	94.000000	0.000000	0.000000
149.999467	ecoli_transcript	11591.000000	0.000000	0.000000
149.999467	ecolipol	46.000000	0.000000	0.000000
149.999467	gene_A	115.000000	56.000000	0.571429
149.999467	gene_A*	50.000000	52.000000	0.288462
149.999467	gene_B	49.000000	51.000000	0.058824
149.999467	gene_C	41.000000	45.000000	0.133333
149.999467	gene_D	59.000000	51.000000	0.117647
149.999467	gene_E	45.000000	49.000000	0.081633
149.999467	gene_F	12.000000	30.000000	0.266667
149.999467	gene_G	2.000000	15.000000	0.333333
149.999467	gene_H	0.000000	5.000000	0.800000
149.999467	gene_J	22.000000	45.000000	0.333333
149.999467	gene_K	49.000000	46.000000	0.021739
149.999467	promoter_A	1.000000	0.000000	0.000000
149.999467	promoter_B1	0.000000	0.000000	0.000000
149.999467	promoter_D	0.000000	0.000000	0.000000
154.999048	__gene_A*_rbs	54.000000	0.000000	0.000000
154.999048	__gene_A_rbs	57.000000	0.000000	0.000000
154.999048	__gene_B_rbs	52.000000	0.000000	0.000000
154.999048	__gene_C_rbs	48.000000	0.000000	0.000000
154.999048	__gene_D_rbs	53.000000	0.000000	0.000000
154.999048	__gene_E_rbs	51.000000	0.000000	0.000000
154.999048	__gene_F_rbs	31.000000	0.000000	0.000000
154.999048	__gene_G_rbs	16.000000	0.000000	0.000000
154.999048	__gene_H_rbs	6.000000	0.000000	0.000000
154.999048	__gene_J_rbs	47.000000	0.000000	0.000000
154.999048	__gene_K_rbs	48.000000	0.000000	0.000000
154.999048	__ribosome	0.000000	0.000000	0.000000
154.999048	bound_ecolipol	1904.000000	0.000000	0.000000
154.999048	bound_ribosome	100.000000	0.000000	0.000000
154.999048	ecoli_genome	96.000000	0.000000	0.000000
154.999048	ecoli_transcript	12005.000000	0.000000	0.000000
154.999048	ecolipol	48.000000	0.000000	0.000000
154.999048	gene_A	121.000000	57.000000	0.491228
154.999048	gene_A*	52.000000	54.000000	0.277778
154.999048	gene_B	49.000000	53.000000	0.094340
154.999048	gene_C	43.000000	48.000000	0.125000
154.999048	gene_D	59.000000	54.000000	0.148148
154.999048	gene_E	47.000000	51.000000	0.078431
154.999048	gene_F	13.000000	31.000000	0.258065
154.999048	gene_G	3.000000	16.000000	0.312500
154.999048	gene_H	0.000000	6.000000	0.666667
154.999048	gene_J	23.000000	47.000000	0.340426
154.999048	gene_K	50.000000	49.000000	0.020408
154.999048	promoter_A	0.000000	0.000000	0.000000
154.999048	promoter_B1	0.000000	0.000000	0.000000
154.999048	promoter_D	1.000000	0.000000	0.000000
159.999121	__gene_A*_rbs	53.000000	0.000000	0.000000
159.999121	__gene_A_rbs	60.000000	0.000000	0.000000
159.999121	__gene_B_rbs	55.000000	0.000000	0.000000
159.999121	__gene_C_rbs	49.000000	0.000000	0.000000
159.999121	__gene_D_rbs	56.000000	0.000000	0.000000
159.999121	__gene_E_rbs	54.000000	0.000000	0.000000
159.999121	__gene_F_rbs	34.000000	0.000000	0.000000
159.999121	__gene_G_rbs	18.000000	0.000000	0.000000
159.999121	__gene_H_rbs	7.000000	0.000000	0.000000
159.999121	__gene_J_rbs	48.000000	0.000000	0.000000
159.999121	__gene_K_rbs	49.000000	0.000000	0.000000
159.999121	__ribosome	0.000000	0.000000	0.000000
159.999121	bound_ecolipol	1900.000000	0.000000	0.000000
159.999121	bound_ribosome	100.000000	0.000000	0.000000
159.999121	ecoli_genome	100.000000	0.000000	0.000000
159.999121	ecoli_transcript	12378.000000	0.000000	0.000000
159.999121	ecolipol	50.000000	0.000000	0.000000
159.999121	gene_A	121.000000	60.000000	0.516667
159.999121	gene_A*	54.000000	55.000000	0.290909
159.999121	gene_B	52.000000	55.000000	0.054545
159.999121	gene_C	47.000000	50.000000	0.040000
159.999121	gene_D	61.000000	56.000000	0.125000
159.999121	gene_E	50.000000	54.000000	0.092593
159.999121	gene_F	13.000000	34.000000	0.264706
159.999121	gene_G	3.000000	18.000000	0.333333
159.999121	gene_H	0.000000	7.000000	0.571429
159.999121	gene_J	24.000000	50.000000	0.300000
159.999121	gene_K	51.000000	51.000000	0.039216
159.999121	promoter_A	1.000000	0.000000	0.000000
159.999121	promoter_B1	1.000000	0.000000	0.000000
159.999121	promoter_D	0.000000	0.000000	0.000000
164.999141	__gene_A*_rbs	56.000000	0.000000	0.000000
164.999141	__gene_A_rbs	62.000000	0.000000	0.000000
164.999141	__gene_B_rbs	56.000000	0.000000	0.000000
164.999141	__gene_C_rbs	49.000000	0.000000	0.000000
164.999141	__gene_D_rbs	58.000000	0.000000	0.000000
164.999141	__gene_E_rbs	56.000000	0.000000	0.000000
164.999141	__gene_F_rbs	36.000000	0.000000	0.000000
164.999141	__gene_G_rbs	20.000000	0.000000	0.000000
164.999141	__gene_H_rbs	9.000000	0.000000	0.000000
164.999141	__gene_J_rbs	52.000000	0.000000	0.000000
164.999141	__gene_K_rbs	51.000000	0.000000	0.000000
164.999141	__ribosome	0.000000	0.000000	0.000000
164.999141	bound_ecolipol	1903.000000	0.000000	0.000000
164.999141	bound_ribosome	100.000000	0.000000	0.000000
164.999141	ecoli_genome	97.000000	0.000000	0.000000
164.999141	ecoli_transcript	12742.000000	0.000000	0.000000
164.999141	ecolipol	46.000000	0.000000	0.000000
164.999141	gene_A	125.000000	62.000000	0.483871
164.999141	gene_A*	57.000000	56.000000	0.250000
164.999141	gene_B	53.000000	57.000000	0.070175
164.999141	gene_C	49.000000	51.000000	0.019608
164.999141	gene_D	64.000000	58.000000	0.068966
164.999141	gene_E	51.000000	56.000000	0.125000
164.999141	gene_F	13.000000	36.000000	0.305556
164.999141	gene_G	3.000000	20.000000	0.300000
164.999141	gene_H	0.000000	9.000000	0.444444
164.999141	gene_J	24.000000	52.000000	0.326923
164.999141	gene_K	52.000000	52.000000	0.038462
164.999141	promoter_A	1.000000	0.000000	0.000000
164.999141	promoter_B1	1.000000	0.000000	0.000000
164.999141	promoter_D	0.000000	0.000000	0.000000
169.999619	__gene_A*_rbs	56.000000	0.000000	0.000000
169.999619	__gene_A_rbs	64.000000	0.000000	0.000000
169.999619	__gene_B_rbs	58.000000	0.000000	0.000000
169.999619	__gene_C_rbs	52.000000	0.000000	0.000000
169.999619	__gene_D_rbs	61.000000	0.000000	0.000000
169.999619	__gene_E_rbs	58.000000	0.000000	0.000000
169.999619	__gene_F_rbs	37.000000	0.000000	0.000000
169.999619	__gene_G_rbs	21.000000	0.000000	0.000000
169.999619	__gene_H_rbs	9.000000	0.000000	0.000000
169.999619	__gene_J_rbs	53.000000	0.000000	0.000000
169.999619	__gene_K_rbs	54.000000	0.000000	0.000000
169.999619	__ribosome	1.000000	0.000000	0.000000
169.999619	bound_ecolipol	1905.000000	0.000000	0.000000
169.999619	bound_ribosome	100.000000	0.000000	0.000000
169.999619	ecoli_genome	95.000000	0.000000	0.000000
169.999619	ecoli_transcript	13114.000000	0.000000	0.000000
169.999619	ecolipol	45.000000	0.000000	0.000000
169.999619	gene_A	130.000000	64.000000	0.421875
169.999619	gene_A*	60.000000	57.000000	0.245614
169.999619	gene_B	54.000000	59.000000	0.067797
169.999619	gene_C	50.000000	53.000000	0.018868
169.999619	gene_D	67.000000	61.000000	0.081967
169.999619	gene_E	55.000000	58.000000	0.068966
169.999619	gene_F	14.000000	38.000000	0.315789
169.999619	gene_G	3.000000	21.000000	0.333333
169.999619	gene_H	0.000000	9.000000	0.444444
169.999619	gene_J	25.000000	54.000000	0.388889
169.999619	gene_K	54.000000	55.000000	0.000000
169.999619	promoter_A	1.000000	0.000000	0.000000
169.999619	promoter_B1	0.000000	0.000000	0.000000
169.999619	promoter_D	1.000000	0.000000	0.000000
174.999119	__gene_A*_rbs	59.000000	0.000000	0.000000
174.999119	__gene_A_rbs	65.000000	0.000000	0.000000
174.999119	__gene_B_rbs	58.000000	0.000000	0.000000
174.999119	__gene_C_rbs	56.000000	0.000000	0.000000
174.999119	__gene_D_rbs	62.000000	0.000000	0.000000
174.999119	__gene_E_rbs	61.000000	0.000000	0.000000
174.999119	__gene_F_rbs	39.000000	0.000000	0.000000
174.999119	__gene_G_rbs	22.000000	0.000000	0.000000
174.999119	__gene_H_rbs	11.000000	0.000000	0.000000
174.999119	__gene_J_rbs	57.000000	0.000000	0.000000
174.999119	__gene_K_rbs	56.000000	0.000000	0.000000
174.999119	__ribosome	0.000000	0.000000	0.000000
174.999119	bound_ecolipol	1903.000000	0.000000	0.000000
174.999119	bound_ribosome	100.000000	0.000000	0.000000
174.999119	ecoli_genome	97.000000	0.000000	0.000000
174.999119	ecoli_transcript	13473.000000	0.000000	0.000000
174.999119	ecolipol	49.000000	0.000000	0.000000
174.999119	gene_A	134.000000	65.000000	0.369231
174.999119	gene_A*	61.000000	59.000000	0.271186
174.999119	gene_B	57.000000	59.000000	0.084746
174.999119	gene_C	50.000000	56.000000	0.017857
174.999119	gene_D	68.000000	62.000000	0.080645
174.999119	gene_E	59.000000	61.000000	0.016393
174.999119	gene_F	16.000000	40.000000	0.350000
174.999119	gene_G	3.000000	22.000000	0.454545
174.999119	gene_H	0.000000	11.000000	0.363636
174.999119	gene_J	29.000000	57.000000	0.315789
174.999119	gene_K	54.000000	57.000000	0.035088
174.999119	promoter_A	1.000000	0.000000	0.000000
174.999119	promoter_B1	0.000000	0.000000	0.000000
174.999119	promoter_D	0.000000	0.000000	0.000000
179.999036	__gene_A*_rbs	62.000000	0.000000	0.000000
179.999036	__gene_A_rbs	67.000000	0.000000	0.000000
179.999036	__gene_B_rbs	61.000000	0.000000	0.000000
179.999036	__gene_C_rbs	55.000000	0.000000	0.000000
179.999036	__gene_D_rbs	65.000000	0.000000	0.000000
179.999036	__gene_E_rbs	62.000000	0.000000	0.000000
179.999036	__gene_F_rbs	42.000000	0.000000	0.000000
179.999036	__gene_G_rbs	23.000000	0.000000	0.000000
179.999036	__gene_H_rbs	12.000000	0.000000	0.000000
179.999036	__gene_J_rbs	59.000000	0.000000	0.000000
179.999036	__gene_K_rbs	57.000000	0.000000	0.000000
179.999036	__ribosome	0.000000	0.000000	0.000000
179.999036	bound_ecolipol	1911.000000	0.000000	0.000000
179.999036	bound_ribosome	100.000000	0.000000	0.000000
179.999036	ecoli_genome	89.000000	0.000000	0.000000
179.999036	ecoli_transcript	13865.000000	0.000000	0.000000
179.999036	ecolipol	40.000000	0.000000	0.000000
179.999036	gene_A	136.000000	67.000000	0.328358
179.999036	gene_A*	62.000000	62.000000	0.274194
179.999036	gene_B	58.000000	61.000000	0.065574
179.999036	gene_C	51.000000	57.000000	0.017544
179.999036	gene_D	68.000000	65.000000	0.123077
179.999036	gene_E	59.000000	62.000000	0.048387
179.999036	gene_F	18.000000	42.000000	0.285714
179.999036	gene_G	4.000000	23.000000	0.391304
179.999036	gene_H	0.000000	12.000000	0.333333
179.999036	gene_J	30.000000	59.000000	0.322034
179.999036	gene_K	56.000000	58.000000	0.017241
179.999036	promoter_A	1.000000	0.000000	0.000000
179.999036	promoter_B1	0.000000	0.000000	0.000000
179.999036	promoter_D	0.000000	0.000000	0.000000
184.999895	__gene_A*_rbs	62.000000	0.000000	0.000000
184.999895	__gene_A_rbs	68.000000	0.000000	0.000000
184.999895	__gene_B_rbs	62.000000	0.000000	0.000000
184.999895	__gene_C_rbs	58.000000	0.000000	0.000000
184.999895	__gene_D_rbs	66.000000	0.000000	0.000000
184.999895	__gene_E_rbs	65.000000	0.000000	0.000000
184.999895	__gene_F_rbs	44.000000	0.000000	0.000000
184.999895	__gene_G_rbs	23.000000	0.000000	0.000000
184.999895	__gene_H_rbs	14.000000	0.000000	0.000000
184.999895	__gene_J_rbs	61.000000	0.000000	0.000000
184.999895	__gene_K_rbs	58.000000	0.000000	0.000000
184.999895	__ribosome	1.000000	0.000000	0.000000
184.999895	bound_ecolipol	1908.000000	0.000000	0.000000
184.999895	bound_ribosome	100.000000	0.000000	0.000000
184.999895	ecoli_genome	92.000000	0.000000	0.000000
184.999895	ecoli_transcript	14222.000000	0.000000	0.000000
184.999895	ecolipol	44.000000	0.000000	0.000000
184.999895	gene_A	139.000000	68.000000	0.323529
184.999895	gene_A*	66.000000	64.000000	0.218750
184.999895	gene_B	61.000000	62.000000	0.048387
184.999895	gene_C	51.000000	59.000000	0.050847
184.999895	gene_D	72.000000	67.000000	0.074627
184.999895	gene_E	60.000000	65.000000	0.061538
184.999895	gene_F	19.000000	44.000000	0.318182
184.999895	gene_G	5.000000	23.000000	0.347826
184.999895	gene_H	0.000000	14.000000	0.285714
184.999895	gene_J	32.000000	62.000000	0.306452
184.999895	gene_K	56.000000	59.000000	0.050847
184.999895	promoter_A	1.000000	0.000000	0.000000
184.999895	promoter_B1	0.000000	0.000000	0.000000
184.999895	promoter_D	1.000000	0.000000	0.000000
189.999536	__gene_A*_rbs	65.000000	0.000000	0.000000
189.999536	__gene_A_rbs	70.000000	0.000000	0.000000
189.999536	__gene_B_rbs	63.000000	0.000000	0.000000
189.999536	__gene_C_rbs	60.000000	0.000000	0.000000
189.999536	__gene_D_rbs	69.000000	0.000000	0.000000
189.999536	__gene_E_rbs	67.000000	0.000000	0.000000
189.999536	__gene_F_rbs	46.000000	0.000000	0.000000
189.999536	__gene_G_rbs	23.000000	0.000000	0.000000
189.999536	__gene_H_rbs	15.000000	0.000000	0.000000
189.999536	__gene_J_rbs	61.000000	0.000000	0.000000
189.999536	__gene_K_rbs	60.000000	0.000000	0.000000
189.999536	__ribosome	0.000000	0.000000	0.000000
189.999536	bound_ecolipol	1908.000000	0.000000	0.000000
189.999536	bound_ribosome	100.000000	0.000000	0.000000
189.999536	ecoli_genome	92.000000	0.000000	0.000000
189.999536	ecoli_transcript	14598.000000	0.000000	0.000000
189.999536	ecolipol	45.000000	0.000000	0.000000
189.999536	gene_A	140.000000	70.000000	0.300000
189.999536	gene_A*	67.000000	65.000000	0.215385
189.999536	gene_B	62.000000	64.000000	0.046875
189.999536	gene_C	53.000000	60.000000	0.033333
189.999536	gene_D	73.000000	69.000000	0.072464
189.999536	gene_E	62.000000	67.000000	0.074627
189.999536	gene_F	19.000000	46.000000	0.326087
189.999536	gene_G	6.000000	23.000000	0.347826
189.999536	gene_H	0.000000	15.000000	0.266667
189.999536	gene_J	32.000000	63.000000	0.333333
189.999536	gene_K	59.000000	60.000000	0.033333
189.999536	promoter_A	1.000000	0.000000	0.000000
189.999536	promoter_B1	1.000000	0.000000	0.000000
189.999536	promoter_D	1.000000	0.000000	0.000000
194.999794	__gene_A*_rbs	67.000000	0.000000	0.000000
194.999794	__gene_A_rbs	70.000000	0.000000	0.000000
194.999794	__gene_B_rbs	66.000000	0.000000	0.000000
194.999794	__gene_C_rbs	61.000000	0.000000	0.000000
194.999794	__gene_D_rbs	69.000000	0.000000	0.000000
194.999794	__gene_E_rbs	68.000000	0.000000	0.000000
194.999794	__gene_F_rbs	47.000000	0.000000	0.000000
194.999794	__gene_G_rbs	25.000000	0.000000	0.000000
194.999794	__gene_H_rbs	16.000000	0.000000	0.000000
194.999794	__gene_J_rbs	63.000000	0.000000	0.000000
194.999794	__gene_K_rbs	59.000000	0.000000	0.000000
194.999794	__ribosome	0.000000	0.000000	0.000000
194.999794	bound_ecolipol	1901.000000	0.000000	0.000000
194.999794	bound_ribosome	100.000000	0.000000	0.000000
194.999794	ecoli_genome	99.000000	0.000000	0.000000
194.999794	ecoli_transcript	14984.000000	0.000000	0.000000
194.999794	ecolipol	53.000000	0.000000	0.000000
194.999794	gene_A	142.000000	70.000000	0.342857
194.999794	gene_A*	71.000000	67.000000	0.164179
194.999794	gene_B	63.000000	67.000000	0.059701
194.999794	gene_C	55.000000	61.000000	0.032787
194.999794	gene_D	76.000000	69.000000	0.057971
194.999794	gene_E	64.000000	68.000000	0.044118
194.999794	gene_F	20.000000	47.000000	0.319149
194.999794	gene_G	8.000000	25.000000	0.240000
194.999794	gene_H	0.000000	16.000000	0.250000
194.999794	gene_J	34.000000	65.000000	0.338462
194.999794	gene_K	60.000000	62.000000	0.080645
194.999794	promoter_A	0.000000	0.000000	0.000000
194.999794	promoter_B1	1.000000	0.000000	0.000000
194.999794	promoter_D	0.000000	0.000000	0.000000
199.999093	__gene_A*_rbs	67.000000	0.000000	0.000000
199.999093	__gene_A_rbs	72.000000	0.000000	0.000000
199.999093	__gene_B_rbs	69.000000	0.000000	0.000000
199.999093	__gene_C_rbs	62.000000	0.000000	0.000000
199.999093	__gene_D_rbs	71.000000	0.000000	0.000000
199.999093	__gene_E_rbs	69.000000	0.000000	0.000000
199.999093	__gene_F_rbs	48.000000	0.000000	0.000000
199.999093	__gene_G_rbs	26.000000	0.000000	0.000000
199.999093	__gene_H_rbs	16.000000	0.000000	0.000000
199.999093	__gene_J_rbs	67.000000	0.000000	0.000000
199.999093	__gene_K_rbs	61.000000	0.000000	0.000000
199.999093	__ribosome	0.000000	0.000000	0.000000
199.999093	bound_ecolipol	1896.000000	0.000000	0.000000
199.999093	bound_ribosome	100.000000	0.000000	0.000000
199.999093	ecoli_genome	104.000000	0.000000	0.000000
199.999093	ecoli_transcript	15387.000000	0.000000	0.000000
199.999093	ecolipol	58.000000	0.000000	0.000000
199.999093	gene_A	146.000000	72.000000	0.305556
199.999093	gene_A*	71.000000	68.000000	0.176471
199.999093	gene_B	64.000000	69.000000	0.057971
199.999093	gene_C	55.000000	63.000000	0.079365
199.999093	gene_D	76.000000	71.000000	0.070423
199.999093	gene_E	67.000000	69.000000	0.014493
199.999093	gene_F	22.000000	48.000000	0.291667
199.999093	gene_G	8.000000	26.000000	0.307692
199.999093	gene_H	0.000000	16.000000	0.250000
199.999093	gene_J	36.000000	67.000000	0.313433
199.999093	gene_K	64.000000	64.000000	0.062500
199.999093	promoter_A	1.000000	0.000000	0.000000
199.999093	promoter_B1	1.000000	0.000000	0.000000
199.999093	promoter_D	0.000000	0.000000	0.000000
204.999341	__gene_A*_rbs	70.000000	0.000000	0.000000
204.999341	__gene_A_rbs	71.000000	0.000000	0.000000
204.999341	__gene_B_rbs	70.000000	0.000000	0.000000
204.999341	__gene_C_rbs	65.000000	0.000000	0.000000
204.999341	__gene_D_rbs	69.000000	0.000000	0.000000
204.999341	__gene_E_rbs	70.000000	0.000000	0.000000
204.999341	__gene_F_rbs	49.000000	0.000000	0.000000
204.999341	__gene_G_rbs	28.000000	0.000000	0.000000
204.999341	__gene_H_rbs	16.000000	0.000000	0.000000
204.999341	__gene_J_rbs	69.000000	0.000000	0.000000
204.999341	__gene_K_rbs	64.000000	0.000000	0.000000
204.999341	__ribosome	0.000000	0.000000	0.000000
204.999341	bound_ecolipol	1901.000000	0.000000	0.000000
204.999341	bound_ribosome	100.000000	0.000000	0.000000
204.999341	ecoli_genome	99.000000	0.000000	0.000000
204.999341	ecoli_transcript	15747.000000	0.000000	0.000000
204.999341	ecolipol	56.000000	0.000000	0.000000
204.999341	gene_A	149.000000	72.000000	0.291667
204.999341	gene_A*	75.000000	70.000000	0.128571
204.999341	gene_B	67.000000	71.000000	0.028169
204.999341	gene_C	58.000000	65.000000	0.061538
204.999341	gene_D	78.000000	72.000000	0.097222
204.999341	gene_E	67.000000	70.000000	0.085714
204.999341	gene_F	23.000000	49.000000	0.265306
204.999341	gene_G	9.000000	28.000000	0.250000
204.999341	gene_H	0.000000	16.000000	0.312500
204.999341	gene_J	36.000000	69.000000	0.347826
204.999341	gene_K	67.000000	66.000000	0.030303
204.999341	promoter_A	0.000000	0.000000	0.000000
204.999341	promoter_B1	1.000000	0.000000	0.000000
204.999341	promoter_D	0.000000	0.000000	0.000000
209.999323	__gene_A*_rbs	69.000000	0.000000	0.000000
209.999323	__gene_A_rbs	75.000000	0.000000	0.000000
209.999323	__gene_B_rbs	71.000000	0.000000	0.000000
209.999323	__gene_C_rbs	67.000000	0.000000	0.000000
209.999323	__gene_D_rbs	74.000000	0.000000	0.000000
209.999323	__gene_E_rbs	72.000000	0.000000	0.000000
209.999323	__gene_F_rbs	51.000000	0.000000	0.000000
209.999323	__gene_G_rbs	29.000000	0.000000	0.000000
209.999323	__gene_H_rbs	16.000000	0.000000	0.000000
209.999323	__gene_J_rbs	69.000000	0.000000	0.000000
209.999323	__gene_K_rbs	67.000000	0.000000	0.000000
209.999323	__ribosome	1.000000	0.000000	0.000000
209.999323	bound_ecolipol	1900.000000	0.000000	0.000000
209.999323	bound_ribosome	100.000000	0.000000	0.000000
209.999323	ecoli_genome	100.000000	0.000000	0.000000
209.999323	ecoli_transcript	16133.000000	0.000000	0.000000
209.999323	ecolipol	56.000000	0.000000	0.000000
209.999323	gene_A	152.000000	75.000000	0.280000
209.999323	gene_A*	78.000000	71.000000	0.140845
209.999323	gene_B	68.000000	72.000000	0.041667
209.999323	gene_C	60.000000	68.000000	0.029412
209.999323	gene_D	80.000000	74.000000	0.081081
209.999323	gene_E	68.000000	72.000000	0.125000
209.999323	gene_F	25.000000	51.000000	0.235294
209.999323	gene_G	9.000000	29.000000	0.275862
209.999323	gene_H	0.000000	16.000000	0.312500
209.999323	gene_J	39.000000	70.000000	0.314286
209.999323	gene_K	69.000000	69.000000	0.014493
209.999323	promoter_A	1.000000	0.000000	0.000000
209.999323	promoter_B1	0.000000	0.000000	0.000000
209.999323	promoter_D	0.000000	0.000000	0.000000
214.999318	__gene_A*_rbs	72.000000	0.000000	0.000000
214.999318	__gene_A_rbs	77.000000	0.000000	0.000000
214.999318	__gene_B_rbs	74.000000	0.000000	0.000000
214.999318	__gene_C_rbs	70.000000	0.000000	0.000000
214.999318	__gene_D_rbs	76.000000	0.000000	0.000000
214.999318	__gene_E_rbs	74.000000	0.000000	0.000000
214.999318	__gene_F_rbs	51.000000	0.000000	0.000000
214.999318	__gene_G_rbs	31.000000	0.000000	0.000000
214.999318	__gene_H_rbs	17.000000	0.000000	0.000000
214.999318	__gene_J_rbs	71.000000	0.000000	0.000000
214.999318	__gene_K_rbs	69.000000	0.000000	0.000000
214.999318	__ribosome	0.000000	0.000000	0.000000
214.999318	bound_ecolipol	1907.000000	0.000000	0.000000
214.999318	bound_ribosome	100.000000	0.000000	0.000000
214.999318	ecoli_genome	93.000000	0.000000	0.000000
214.999318	ecoli_transcript	16512.000000	0.000000	0.000000
214.999318	ecolipol	53.000000	0.000000	0.000000
214.999318	gene_A	154.000000	77.000000	0.246753
214.999318	gene_A*	79.000000	72.000000	0.125000
214.999318	gene_B	68.000000	74.000000	0.067568
214.999318	gene_C	62.000000	70.000000	0.028571
214.999318	gene_D	81.000000	76.000000	0.092105
214.999318	gene_E	73.000000	74.000000	0.067568
214.999318	gene_F	27.000000	51.000000	0.235294
214.999318	gene_G	9.000000	31.000000	0.354839
214.999318	gene_H	0.000000	17.000000	0.294118
214.999318	gene_J	39.000000	71.000000	0.338028
214.999318	gene_K	70.000000	71.000000	0.014085
214.999318	promoter_A	0.000000	0.000000	0.000000
214.999318	promoter_B1	0.000000	0.000000	0.000000
214.999318	promoter_D	0.000000	0.000000	0.000000
219.999134	__gene_A*_rbs	73.000000	0.000000	0.000000
219.999134	__gene_A_rbs	78.000000	0.000000	0.000000
219.999134	__gene_B_rbs	75.000000	0.000000	0.000000
219.999134	__gene_C_rbs	70.000000	0.000000	0.000000
219.999134	__gene_D_rbs	78.000000	0.000000	0.000000
219.999134	__gene_E_rbs	76.000000	0.000000	0.000000
219.999134	__gene_F_rbs	52.000000	0.000000	0.000000
219.999134	__gene_G_rbs	31.000000	0.000000	0.000000
219.999134	__gene_H_rbs	18.000000	0.000000	0.000000
219.999134	__gene_J_rbs	73.000000	0.000000	0.000000
219.999134	__gene_K_rbs	72.000000	0.000000	0.000000
219.999134	__ribosome	0.000000	0.000000	0.000000
219.999134	bound_ecolipol	1903.000000	0.000000	0.000000
219.999134	bound_ribosome	100.000000	0.000000	0.000000
219.999134	ecoli_genome	97.000000	0.000000	0.000000
219.999134	ecoli_transcript	16893.000000	0.000000	0.000000
219.999134	ecolipol	56.000000	0.000000	0.000000
219.999134	gene_A	156.000000	78.000000	0.217949
219.999134	gene_A*	80.000000	73.000000	0.109589
219.999134	gene_B	69.000000	76.000000	0.065789
219.999134	gene_C	62.000000	71.000000	0.042254
219.999134	gene_D	84.000000	79.000000	0.063291
219.999134	gene_E	77.000000	76.000000	0.052632
219.999134	gene_F	29.000000	52.000000	0.250000
219.999134	gene_G	9.000000	32.000000	0.437500
219.999134	gene_H	0.000000	18.000000	0.277778
219.999134	gene_J	41.000000	73.000000	0.328767
219.999134	gene_K	71.000000	72.000000	0.027778
219.999134	promoter_A	0.000000	0.000000	0.000000
219.999134	promoter_B1	0.000000	0.000000	0.000000
219.999134	promoter_D	0.000000	0.000000	0.000000
224.999141	__gene_A*_rbs	73.000000	0.000000	0.000000
224.999141	__gene_A_rbs	80.000000	0.000000	0.000000
224.999141	__gene_B_rbs	77.000000	0.000000	0.000000
224.999141	__gene_C_rbs	73.000000	0.000000	0.000000
224.999141	__gene_D_rbs	81.000000	0.000000	0.000000
224.999141	__gene_E_rbs	79.000000	0.000000	0.000000
224.999141	__gene_F_rbs	54.000000	0.000000	0.000000
224.999141	__gene_G_rbs	34.000000	0.000000	0.000000
224.999141	__gene_H_rbs	19.000000	0.000000	0.000000
224.999141	__gene_J_rbs	72.000000	0.000000	0.000000
224.999141	__gene_K_rbs	72.000000	0.000000	0.000000
224.999141	__ribosome	0.000000	0.000000	0.000000
224.999141	bound_ecolipol	1904.000000	0.000000	0.000000
224.999141	bound_ribosome	100.000000	0.000000	0.000000
224.999141	ecoli_genome	96.000000	0.000000	0.000000
224.999141	ecoli_transcript	17281.000000	0.000000	0.000000
224.999141	ecolipol	55.000000	0.000000	0.000000
224.999141	gene_A	157.000000	80.000000	0.225000
224.999141	gene_A*	81.000000	75.000000	0.133333
224.999141	gene_B	72.000000	77.000000	0.038961
224.999141	gene_C	64.000000	73.000000	0.027397
224.999141	gene_D	86.000000	81.000000	0.049383
224.999141	gene_E	78.000000	79.000000	0.075949
224.999141	gene_F	31.000000	54.000000	0.203704
224.999141	gene_G	9.000000	34.000000	0.470588
224.999141	gene_H	0.000000	19.000000	0.263158
224.999141	gene_J	43.000000	75.000000	0.320000
224.999141	gene_K	73.000000	73.000000	0.013699
224.999141	promoter_A	0.000000	0.000000	0.000000
224.999141	promoter_B1	1.000000	0.000000	0.000000
224.999141	promoter_D	1.000000	0.000000	0.000000
229.999165	__gene_A*_rbs	77.000000	0.000000	0.000000
229.999165	__gene_A_rbs	80.000000	0.000000	0.000000
229.999165	__gene_B_rbs	76.000000	0.000000	0.000000
229.999165	__gene_C_rbs	73.000000	0.000000	0.000000
229.999165	__gene_D_rbs	81.000000	0.000000	0.000000
229.999165	__gene_E_rbs	80.000000	0.000000	0.000000
229.999165	__gene_F_rbs	55.000000	0.000000	0.000000
229.999165	__gene_G_rbs	34.000000	0.000000	0.000000
229.999165	__gene_H_rbs	21.000000	0.000000	0.000000
229.999165	__gene_J_rbs	77.000000	0.000000	0.000000
229.999165	__gene_K_rbs	76.000000	0.000000	0.000000
229.999165	__ribosome	0.000000	0.000000	0.000000
229.999165	bound_ecolipol	1916.000000	0.000000	0.000000
229.999165	bound_ribosome	100.000000	0.000000	0.000000
229.999165	ecoli_genome	84.000000	0.000000	0.000000
229.999165	ecoli_transcript	17631.000000	0.000000	0.000000
229.999165	ecolipol	43.000000	0.000000	0.000000
229.999165	gene_A	158.000000	81.000000	0.234568
229.999165	gene_A*	82.000000	77.000000	0.116883
229.999165	gene_B	74.000000	78.000000	0.025641
229.999165	gene_C	65.000000	75.000000	0.040000
229.999165	gene_D	88.000000	82.000000	0.073171
229.999165	gene_E	83.000000	81.000000	0.012346
229.999165	gene_F	33.000000	55.000000	0.200000
229.999165	gene_G	9.000000	34.000000	0.470588
229.999165	gene_H	0.000000	21.000000	0.333333
229.999165	gene_J	45.000000	77.000000	0.298701
229.999165	gene_K	74.000000	76.000000	0.039474
229.999165	promoter_A	1.000000	0.000000	0.000000
229.999165	promoter_B1	0.000000	0.000000	0.000000
229.999165	promoter_D	0.000000	0.000000	0.000000
234.999512	__gene_A*_rbs	78.000000	0.000000	0.000000
234.999512	__gene_A_rbs	83.000000	0.000000	0.000000
234.999512	__gene_B_rbs	79.000000	0.000000	0.000000
234.999512	__gene_C_rbs	75.000000	0.000000	0.000000
234.999512	__gene_D_rbs	82.000000	0.000000	0.000000
234.999512	__gene_E_rbs	82.000000	0.000000	0.000000
234.999512	__gene_F_rbs	57.000000	0.000000	0.000000
234.999512	__gene_G_rbs	36.000000	0.000000	0.000000
234.999512	__gene_H_rbs	22.000000	0.000000	0.000000
234.999512	__gene_J_rbs	80.000000	0.000000	0.000000
234.999512	__gene_K_rbs	77.000000	0.000000	0.000000
234.999512	__ribosome	1.000000	0.000000	0.000000
234.999512	bound_ecolipol	1909.000000	0.000000	0.000000
234.999512	bound_ribosome	100.000000	0.000000	0.000000
234.999512	ecoli_genome	91.000000	0.000000	0.000000
234.999512	ecoli_transcript	18021.000000	0.000000	0.000000
234.999512	ecolipol	49.000000	0.000000	0.000000
234.999512	gene_A	160.000000	83.000000	0.228916
234.999512	gene_A*	84.000000	78.000000	0.102564
234.999512	gene_B	75.000000	79.000000	0.025316
234.999512	gene_C	68.000000	77.000000	0.025974
234.999512	gene_D	89.000000	84.000000	0.119048
234.999512	gene_E	84.000000	82.000000	0.012195
234.999512	gene_F	35.000000	57.000000	0.175439
234.999512	gene_G	12.000000	36.000000	0.388889
234.999512	gene_H	0.000000	22.000000	0.318182
234.999512	gene_J	45.000000	80.000000	0.312500
234.999512	gene_K	76.000000	77.000000	0.012987
234.999512	promoter_A	0.000000	0.000000	0.000000
234.999512	promoter_B1	1.000000	0.000000	0.000000
234.999512	promoter_D	1.000000	0.000000	0.000000
239.999044	__gene_A*_rbs	79.000000	0.000000	0.000000
239.999044	__gene_A_rbs	84.000000	0.000000	0.000000
239.999044	__gene_B_rbs	80.000000	0.000000	0.000000
239.999044	__gene_C_rbs	78.000000	0.000000	0.000000
239.999044	__gene_D_rbs	86.000000	0.000000	0.000000
239.999044	__gene_E_rbs	83.000000	0.000000	0.000000
239.999044	__gene_F_rbs	59.000000	0.000000	0.000000
239.999044	__gene_G_rbs	37.000000	0.000000	0.000000
239.999044	__gene_H_rbs	24.000000	0.000000	0.000000
239.999044	__gene_J_rbs	81.000000	0.000000	0.000000
239.999044	__gene_K_rbs	78.000000	0.000000	0.000000
239.999044	__ribosome	0.000000	0.000000	0.000000
239.999044	bound_ecolipol	1913.000000	0.000000	0.000000
239.999044	bound_ribosome	100.000000	0.000000	0.000000
239.999044	ecoli_genome	87.000000	0.000000	0.000000
239.999044	ecoli_transcript	18387.000000	0.000000	0.000000
239.999044	ecolipol	44.000000	0.000000	0.000000
239.999044	gene_A	161.000000	85.000000	0.235294
239.999044	gene_A*	85.000000	80.000000	0.100000
239.999044	gene_B	75.000000	81.000000	0.024691
239.999044	gene_C	68.000000	78.000000	0.025641
239.999044	gene_D	90.000000	86.000000	0.116279
239.999044	gene_E	84.000000	84.000000	0.035714
239.999044	gene_F	36.000000	59.000000	0.169492
239.999044	gene_G	14.000000	37.000000	0.324324
239.999044	gene_H	0.000000	24.000000	0.291667
239.999044	gene_J	45.000000	81.000000	0.320988
239.999044	gene_K	77.000000	78.000000	0.000000
239.999044	promoter_A	1.000000	0.000000	0.000000
239.999044	promoter_B1	0.000000	0.000000	0.000000
239.999044	promoter_D	0.000000	0.000000	0.000000
244.999220	__gene_A*_rbs	81.000000	0.000000	0.000000
244.999220	__gene_A_rbs	87.000000	0.000000	0.000000
244.999220	__gene_B_rbs	83.000000	0.000000	0.000000
244.999220	__gene_C_rbs	78.000000	0.000000	0.000000
244.999220	__gene_D_rbs	87.000000	0.000000	0.000000
244.999220	__gene_E_rbs	86.000000	0.000000	0.000000
244.999220	__gene_F_rbs	60.000000	0.000000	0.000000
244.999220	__gene_G_rbs	37.000000	0.000000	0.000000
244.999220	__gene_H_rbs	24.000000	0.000000	0.000000
244.999220	__gene_J_rbs	82.000000	0.000000	0.000000
244.999220	__gene_K_rbs	78.000000	0.000000	0.000000
244.999220	__ribosome	0.000000	0.000000	0.000000
244.999220	bound_ecolipol	1896.000000	0.000000	0.000000
244.999220	bound_ribosome	100.000000	0.000000	0.000000
244.999220	ecoli_genome	104.000000	0.000000	0.000000
244.999220	ecoli_transcript	18789.000000	0.000000	0.000000
244.999220	ecolipol	60.000000	0.000000	0.000000
244.999220	gene_A	163.000000	87.000000	0.252874
244.999220	gene_A*	88.000000	81.000000	0.098765
244.999220	gene_B	76.000000	83.000000	0.024096
244.999220	gene_C	70.000000	79.000000	0.025316
244.999220	gene_D	93.000000	87.000000	0.091954
244.999220	gene_E	86.000000	86.000000	0.011628
244.999220	gene_F	36.000000	60.000000	0.183333
244.999220	gene_G	14.000000	37.000000	0.324324
244.999220	gene_H	0.000000	24.000000	0.291667
244.999220	gene_J	46.000000	82.000000	0.317073
244.999220	gene_K	77.000000	79.000000	0.012658
244.999220	promoter_A	0.000000	0.000000	0.000000
244.999220	promoter_B1	1.000000	0.000000	0.000000
244.999220	promoter_D	1.000000	0.000000	0.000000
249.999099	__gene_A*_rbs	83.000000	0.000000	0.000000
249.999099	__gene_A_rbs	89.000000	0.000000	0.000000
249.999099	__gene_B_rbs	85.000000	0.000000	0.000000
249.999099	__gene_C_rbs	79.000000	0.000000	0.000000
249.999099	__gene_D_rbs	87.000000	0.000000	0.000000
249.999099	__gene_E_rbs	87.000000	0.000000	0.000000
249.999099	__gene_F_rbs	61.000000	0.000000	0.000000
249.999099	__gene_G_rbs	38.000000	0.000000	0.000000
249.999099	__gene_H_rbs	26.000000	0.000000	0.000000
249.999099	__gene_J_rbs	84.000000	0.000000	0.000000
249.999099	__gene_K_rbs	81.000000	0.000000	0.000000
249.999099	__ribosome	0.000000	0.000000	0.000000
249.999099	bound_ecolipol	1901.000000	0.000000	0.000000
249.999099	bound_ribosome	100.000000	0.000000	0.000000
249.999099	ecoli_genome	99.000000	0.000000	0.000000
249.999099	ecoli_transcript	19161.000000	0.000000	0.000000
249.999099	ecolipol	57.000000	0.000000	0.000000
249.999099	gene_A	167.000000	89.000000	0.202247
249.999099	gene_A*	88.000000	83.000000	0.132530
249.999099	gene_B	77.000000	85.000000	0.023529
249.999099	gene_C	70.000000	80.000000	0.025000
249.999099	gene_D	98.000000	88.000000	0.045455
249.999099	gene_E	87.000000	87.000000	0.034483
249.999099	gene_F	37.000000	61.000000	0.196721
249.999099	gene_G	14.000000	38.000000	0.315789
249.999099	gene_H	0.000000	26.000000	0.346154
249.999099	gene_J	47.000000	84.000000	0.297619
249.999099	gene_K	78.000000	81.000000	0.024691
249.999099	promoter_A	1.000000	0.000000	0.000000
249.999099	promoter_B1	0.000000	0.000000	0.000000
249.999099	promoter_D	0.000000	0.000000	0.000000
254.999417	__gene_A*_rbs	85.000000	0.000000	0.000000
254.999417	__gene_A_rbs	89.000000	0.000000	0.000000
254.999417	__gene_B_rbs	86.000000	0.000000	0.000000
254.999417	__gene_C_rbs	81.000000	0.000000	0.000000
254.999417	__gene_D_rbs	89.000000	0.000000	0.000000
254.999417	__gene_E_rbs	88.000000	0.000000	0.000000
254.999417	__gene_F_rbs	62.000000	0.000000	0.000000
254.999417	__gene_G_rbs	37.000000	0.000000	0.000000
254.999417	__gene_H_rbs	26.000000	0.000000	0.000000
254.999417	__gene_J_rbs	86.000000	0.000000	0.000000
254.999417	__gene_K_rbs	79.000000	0.000000	0.000000
254.999417	__ribosome	0.000000	0.000000	0.000000
254.999417	bound_ecolipol	1915.000000	0.000000	0.000000
254.999417	bound_ribosome	100.000000	0.000000	0.000000
254.999417	ecoli_genome	85.000000	0.000000	0.000000
254.999417	ecoli_transcript	19548.000000	0.000000	0.000000
254.999417	ecolipol	46.000000	0.000000	0.000000
254.999417	gene_A	169.000000	90.000000	0.222222
254.999417	gene_A*	90.000000	85.000000	0.105882
254.999417	gene_B	77.000000	86.000000	0.034884
254.999417	gene_C	72.000000	82.000000	0.024390
254.999417	gene_D	100.000000	89.000000	0.022472
254.999417	gene_E	88.000000	88.000000	0.022727
254.999417	gene_F	38.000000	62.000000	0.193548
254.999417	gene_G	15.000000	38.000000	0.342105
254.999417	gene_H	0.000000	26.000000	0.384615
254.999417	gene_J	47.000000	86.000000	0.302326
254.999417	gene_K	80.000000	83.000000	0.012048
254.999417	promoter_A	1.000000	0.000000	0.000000
254.999417	promoter_B1	0.000000	0.000000	0.000000
254.999417	promoter_D	0.000000	0.000000	0.000000
259.999322	__gene_A*_rbs	87.000000	0.000000	0.000000
259.999322	__gene_A_rbs	92.000000	0.000000	0.000000
259.999322	__gene_B_rbs	87.000000	0.000000	0.000000
259.999322	__gene_C_rbs	84.000000	0.000000	0.000000
259.999322	__gene_D_rbs	91.000000	0.000000	0.000000
259.999322	__gene_E_rbs	89.000000	0.000000	0.000000
259.999322	__gene_F_rbs	64.000000	0.000000	0.000000
259.999322	__gene_G_rbs	38.000000	0.000000	0.000000
259.999322	__gene_H_rbs	26.000000	0.000000	0.000000
259.999322	__gene_J_rbs	87.000000	0.000000	0.000000
259.999322	__gene_K_rbs	85.000000	0.000000	0.000000
259.999322	__ribosome	0.000000	0.000000	0.000000
259.999322	bound_ecolipol	1911.000000	0.000000	0.000000
259.999322	bound_ribosome	100.000000	0.000000	0.000000
259.999322	ecoli_genome	89.000000	0.000000	0.000000
259.999322	ecoli_transcript	19951.000000	0.000000	0.000000
259.999322	ecolipol	48.000000	0.000000	0.000000
259.999322	gene_A	171.000000	92.000000	0.206522
259.999322	gene_A*	91.000000	88.000000	0.090909
259.999322	gene_B	79.000000	88.000000	0.034091
259.999322	gene_C	73.000000	84.000000	0.023810
259.999322	gene_D	101.000000	92.000000	0.032609
259.999322	gene_E	90.000000	89.000000	0.011236
259.999322	gene_F	41.000000	64.000000	0.156250
259.999322	gene_G	15.000000	38.000000	0.342105
259.999322	gene_H	0.000000	26.000000	0.384615
259.999322	gene_J	48.000000	87.000000	0.321839
259.999322	gene_K	80.000000	85.000000	0.035294
259.999322	promoter_A	1.000000	0.000000	0.000000
259.999322	promoter_B1	0.000000	0.000000	0.000000
259.999322	promoter_D	1.000000	0.000000	0.000000
264.999078	__gene_A*_rbs	88.000000	0.000000	0.000000
264.999078	__gene_A_rbs	93.000000	0.000000	0.000000
264.999078	__gene_B_rbs	89.000000	0.000000	0.000000
264.999078	__gene_C_rbs	85.000000	0.000000	0.000000
264.999078	__gene_D_rbs	94.000000	0.000000	0.000000
264.999078	__gene_E_rbs	92.000000	0.000000	0.000000
264.999078	__gene_F_rbs	64.000000	0.000000	0.000000
264.999078	__gene_G_rbs	40.000000	0.000000	0.000000
264.999078	__gene_H_rbs	27.000000	0.000000	0.000000
264.999078	__gene_J_rbs	89.000000	0.000000	0.000000
264.999078	__gene_K_rbs	85.000000	0.000000	0.000000
264.999078	__ribosome	0.000000	0.000000	0.000000
264.999078	bound_ecolipol	1914.000000	0.000000	0.000000
264.999078	bound_ribosome	100.000000	0.000000	0.000000
264.999078	ecoli_genome	86.000000	0.000000	0.000000
264.999078	ecoli_transcript	20306.000000	0.000000	0.000000
264.999078	ecolipol	47.000000	0.000000	0.000000
264.999078	gene_A	173.000000	93.000000	0.182796
264.999078	gene_A*	91.000000	89.000000	0.112360
264.999078	gene_B	79.000000	90.000000	0.044444
264.999078	gene_C	74.000000	85.000000	0.023529
264.999078	gene_D	102.000000	94.000000	0.021277
264.999078	gene_E	90.000000	92.000000	0.032609
264.999078	gene_F	42.000000	64.000000	0.156250
264.999078	gene_G	15.000000	40.000000	0.325000
264.999078	gene_H	0.000000	27.000000	0.370370
264.999078	gene_J	50.000000	89.000000	0.303371
264.999078	gene_K	83.000000	86.000000	0.023256
264.999078	promoter_A	0.000000	0.000000	0.000000
264.999078	promoter_B1	0.000000	0.000000	0.000000
264.999078	promoter_D	1.000000	0.000000	0.000000
269.999008	__gene_A*_rbs	90.000000	0.000000	0.000000
269.999008	__gene_A_rbs	94.000000	0.000000	0.000000
269.999008	__gene_B_rbs	93.000000	0.000000	0.000000
269.999008	__gene_C_rbs	87.000000	0.000000	0.000000
269.999008	__gene_D_rbs	93.000000	0.000000	0.000000
269.999008	__gene_E_rbs	93.000000	0.000000	0.000000
269.999008	__gene_F_rbs	65.000000	0.000000	0.000000
269.999008	__gene_G_rbs	40.000000	0.000000	0.000000
269.999008	__gene_H_rbs	27.000000	0.000000	0.000000
269.999008	__gene_J_rbs	89.000000	0.000000	0.000000
269.999008	__gene_K_rbs	87.000000	0.000000	0.000000
269.999008	__ribosome	0.000000	0.000000	0.000000
269.999008	bound_ecolipol	1915.000000	0.000000	0.000000
269.999008	bound_ribosome	100.000000	0.000000	0.000000
269.999008	ecoli_genome	85.000000	0.000000	0.000000
269.999008	ecoli_transcript	20662.000000	0.000000	0.000000
269.999008	ecolipol	47.000000	0.000000	0.000000
269.999008	gene_A	173.000000	94.000000	0.180851
269.999008	gene_A*	92.000000	90.000000	0.111111
269.999008	gene_B	80.000000	93.000000	0.043011
269.999008	gene_C	76.000000	87.000000	0.000000
269.999008	gene_D	102.000000	94.000000	0.031915
269.999008	gene_E	91.000000	93.000000	0.032258
269.999008	gene_F	42.000000	65.000000	0.184615
269.999008	gene_G	15.000000	40.000000	0.375000
269.999008	gene_H	0.000000	27.000000	0.370370
269.999008	gene_J	51.000000	90.000000	0.288889
269.999008	gene_K	85.000000	88.000000	0.000000
269.999008	promoter_A	1.000000	0.000000	0.000000
269.999008	promoter_B1	0.000000	0.000000	0.000000
269.999008	promoter_D	0.000000	0.000000	0.000000
274.999104	__gene_A*_rbs	92.000000	0.000000	0.000000
274.999104	__gene_A_rbs	96.000000	0.000000	0.000000
274.999104	__gene_B_rbs	94.000000	0.000000	0.000000
274.999104	__gene_C_rbs	88.000000	0.000000	0.000000
274.999104	__gene_D_rbs	96.000000	0.000000	0.000000
274.999104	__gene_E_rbs	94.000000	0.000000	0.000000
274.999104	__gene_F_rbs	65.000000	0.000000	0.000000
274.999104	__gene_G_rbs	42.000000	0.000000	0.000000
274.999104	__gene_H_rbs	27.000000	0.000000	0.000000
274.999104	__gene_J_rbs	91.000000	0.000000	0.000000
274.999104	__gene_K_rbs	89.000000	0.000000	0.000000
274.999104	__ribosome	0.000000	0.000000	0.000000
274.999104	bound_ecolipol	1898.000000	0.000000	0.000000
274.999104	bound_ribosome	100.000000	0.000000	0.000000
274.999104	ecoli_genome	102.000000	0.000000	0.000000
274.999104	ecoli_transcript	21073.000000	0.000000	0.000000
274.999104	ecolipol	64.000000	0.000000	0.000000
274.999104	gene_A	175.000000	96.000000	0.166667
274.999104	gene_A*	93.000000	92.000000	0.119565
274.999104	gene_B	82.000000	95.000000	0.031579
274.999104	gene_C	76.000000	89.000000	0.000000
274.999104	gene_D	103.000000	96.000000	0.031250
274.999104	gene_E	93.000000	94.000000	0.021277
274.999104	gene_F	44.000000	65.000000	0.169231
274.999104	gene_G	15.000000	42.000000	0.380952
274.999104	gene_H	0.000000	27.000000	0.370370
274.999104	gene_J	51.000000	92.000000	0.282609
274.999104	gene_K	85.000000	90.000000	0.022222
274.999104	promoter_A	1.000000	0.000000	0.000000
274.999104	promoter_B1	0.000000	0.000000	0.000000
274.999104	promoter_D	0.000000	0.000000	0.000000
279.999005	__gene_A*_rbs	93.000000	0.000000	0.000000
279.999005	__gene_A_rbs	98.000000	0.000000	0.000000
279.999005	__gene_B_rbs	96.000000	0.000000	0.000000
279.999005	__gene_C_rbs	89.000000	0.000000	0.000000
279.999005	__gene_D_rbs	98.000000	0.000000	0.000000
279.999005	__gene_E_rbs	96.000000	0.000000	0.000000
279.999005	__gene_F_rbs	66.000000	0.000000	0.000000
279.999005	__gene_G_rbs	43.000000	0.000000	0.000000
279.999005	__gene_H_rbs	27.000000	0.000000	0.000000
279.999005	__gene_J_rbs	94.000000	0.000000	0.000000
279.999005	__gene_K_rbs	91.000000	0.000000	0.000000
279.999005	__ribosome	0.000000	0.000000	0.000000
279.999005	bound_ecolipol	1899.000000	0.000000	0.000000
279.999005	bound_ribosome	100.000000	0.000000	0.000000
279.999005	ecoli_genome	101.000000	0.000000	0.000000
279.999005	ecoli_transcript	21452.000000	0.000000	0.000000
279.999005	ecolipol	64.000000	0.000000	0.000000
279.999005	gene_A	176.000000	98.000000	0.183673
279.999005	gene_A*	96.000000	93.000000	0.096774
279.999005	gene_B	83.000000	97.000000	0.030928
279.999005	gene_C	76.000000	91.000000	0.010989
279.999005	gene_D	104.000000	98.000000	0.020408
279.999005	gene_E	94.000000	96.000000	0.020833
279.999005	gene_F	46.000000	66.000000	0.151515
279.999005	gene_G	15.000000	43.000000	0.372093
279.999005	gene_H	0.000000	27.000000	0.370370
279.999005	gene_J	51.000000	94.000000	0.287234
279.999005	gene_K	87.000000	92.000000	0.021739
279.999005	promoter_A	0.000000	0.000000	0.000000
279.999005	promoter_B1	0.000000	0.000000	0.000000
279.999005	promoter_D	0.000000	0.000000	0.000000
284.999297	__gene_A*_rbs	94.000000	0.000000	0.000000
284.999297	__gene_A_rbs	100.000000	0.000000	0.000000
284.999297	__gene_B_rbs	99.000000	0.000000	0.000000
284.999297	__gene_C_rbs	94.000000	0.000000	0.000000
284.999297	__gene_D_rbs	100.000000	0.000000	0.000000
284.999297	__gene_E_rbs	98.000000	0.000000	0.000000
284.999297	__gene_F_rbs	67.000000	0.000000	0.000000
284.999297	__gene_G_rbs	44.000000	0.000000	0.000000
284.999297	__gene_H_rbs	27.000000	0.000000	0.000000
284.999297	__gene_J_rbs	95.000000	0.000000	0.000000
284.999297	__gene_K_rbs	93.000000	0.000000	0.000000
284.999297	__ribosome	0.000000	0.000000	0.000000
284.999297	bound_ecolipol	1914.000000	0.000000	0.000000
284.999297	bound_ribosome	100.000000	0.000000	0.000000
284.999297	ecoli_genome	86.000000	0.000000	0.000000
284.999297	ecoli_transcript	21816.000000	0.000000	0.000000
284.999297	ecolipol	47.000000	0.000000	0.000000
284.999297	gene_A	179.000000	101.000000	0.168317
284.999297	gene_A*	99.000000	94.000000	0.074468
284.999297	gene_B	84.000000	100.000000	0.050000
284.999297	gene_C	76.000000	94.000000	0.010638
284.999297	gene_D	105.000000	100.000000	0.010000
284.999297	gene_E	95.000000	98.000000	0.030612
284.999297	gene_F	47.000000	67.000000	0.149254
284.999297	gene_G	15.000000	44.000000	0.386364
284.999297	gene_H	0.000000	27.000000	0.370370
284.999297	gene_J	52.000000	95.000000	0.284211
284.999297	gene_K	89.000000	94.000000	0.021277
284.999297	promoter_A	1.000000	0.000000	0.000000
284.999297	promoter_B1	0.000000	0.000000	0.000000
284.999297	promoter_D	0.000000	0.000000	0.000000
289.999015	__gene_A*_rbs	95.000000	0.000000	0.000000
289.999015	__gene_A_rbs	100.000000	0.000000	0.000000
289.999015	__gene_B_rbs	100.000000	0.000000	0.000000
289.999015	__gene_C_rbs	95.000000	0.000000	0.000000
289.999015	__gene_D_rbs	103.000000	0.000000	0.000000
289.999015	__gene_E_rbs	100.000000	0.000000	0.000000
289.999015	__gene_F_rbs	68.000000	0.000000	0.000000
289.999015	__gene_G_rbs	45.000000	0.000000	0.000000
289.999015	__gene_H_rbs	29.000000	0.000000	0.000000
289.999015	__gene_J_rbs	96.000000	0.000000	0.000000
289.999015	__gene_K_rbs	97.000000	0.000000	0.000000
289.999015	__ribosome	0.000000	0.000000	0.000000
289.999015	bound_ecolipol	1897.000000	0.000000	0.000000
289.999015	bound_ribosome	100.000000	0.000000	0.000000
289.999015	ecoli_genome	103.000000	0.000000	0.000000
289.999015	ecoli_transcript	22192.000000	0.000000	0.000000
289.999015	ecolipol	63.000000	0.000000	0.000000
289.999015	gene_A	179.000000	101.000000	0.188119
289.999015	gene_A*	99.000000	96.000000	0.072917
289.999015	gene_B	85.000000	101.000000	0.059406
289.999015	gene_C	77.000000	96.000000	0.000000
289.999015	gene_D	106.000000	103.000000	0.019417
289.999015	gene_E	98.000000	100.000000	0.010000
289.999015	gene_F	47.000000	68.000000	0.147059
289.999015	gene_G	16.000000	45.000000	0.377778
289.999015	gene_H	0.000000	29.000000	0.344828
289.999015	gene_J	53.000000	97.000000	0.278351
289.999015	gene_K	90.000000	97.000000	0.010309
289.999015	promoter_A	0.000000	0.000000	0.000000
289.999015	promoter_B1	0.000000	0.000000	0.000000
289.999015	promoter_D	1.000000	0.000000	0.000000
294.999067	__gene_A*_rbs	98.000000	0.000000	0.000000
294.999067	__gene_A_rbs	103.000000	0.000000	0.000000
294.999067	__gene_B_rbs	103.000000	0.000000	0.000000
294.999067	__gene_C_rbs	98.000000	0.000000	0.000000
294.999067	__gene_D_rbs	105.000000	0.000000	0.000000
294.999067	__gene_E_rbs	103.000000	0.000000	0.000000
294.999067	__gene_F_rbs	70.000000	0.000000	0.000000
294.999067	__gene_G_rbs	45.000000	0.000000	0.000000
294.999067	__gene_H_rbs	30.000000	0.000000	0.000000
294.999067	__gene_J_rbs	99.000000	0.000000	0.000000
294.999067	__gene_K_rbs	99.000000	0.000000	0.000000
294.999067	__ribosome	2.000000	0.000000	0.000000
294.999067	bound_ecolipol	1920.000000	0.000000	0.000000
294.999067	bound_ribosome	100.000000	0.000000	0.000000
294.999067	ecoli_genome	80.000000	0.000000	0.000000
294.999067	ecoli_transcript	22555.000000	0.000000	0.000000
294.999067	ecolipol	39.000000	0.000000	0.000000
294.999067	gene_A	184.000000	103.000000	0.135922
294.999067	gene_A*	99.000000	99.000000	0.070707
294.999067	gene_B	88.000000	103.000000	0.038835
294.999067	gene_C	77.000000	98.000000	0.020408
294.999067	gene_D	106.000000	105.000000	0.038095
294.999067	gene_E	99.000000	103.000000	0.029126
294.999067	gene_F	49.000000	70.000000	0.114286
294.999067	gene_G	16.000000	45.000000	0.377778
294.999067	gene_H	0.000000	30.000000	0.333333
294.999067	gene_J	54.000000	99.000000	0.282828
294.999067	gene_K	91.000000	99.000000	0.010101
294.999067	promoter_A	0.000000	0.000000	0.000000
294.999067	promoter_B1	0.000000	0.000000	0.000000
294.999067	promoter_D	0.000000	0.000000	0.000000
299.999161	__gene_A*_rbs	101.000000	0.000000	0.000000
299.999161	__gene_A_rbs	106.000000	0.000000	0.000000
299.999161	__gene_B_rbs	105.000000	0.000000	0.000000
299.999161	__gene_C_rbs	100.000000	0.000000	0.000000
299.999161	__gene_D_rbs	107.000000	0.000000	0.000000
299.999161	__gene_E_rbs	102.000000	0.000000	0.000000
299.999161	__gene_F_rbs	71.000000	0.000000	0.000000
299.999161	__gene_G_rbs	47.000000	0.000000	0.000000
299.999161	__gene_H_rbs	31.000000	0.000000	0.000000
299.999161	__gene_J_rbs	100.000000	0.000000	0.000000
299.999161	__gene_K_rbs	100.000000	0.000000	0.000000
299.999161	__ribosome	1.000000	0.000000	0.000000
299.999161	bound_ecolipol	1906.000000	0.000000	0.000000
299.999161	bound_ribosome	100.000000	0.000000	0.000000
299.999161	ecoli_genome	94.000000	0.000000	0.000000
299.999161	ecoli_transcript	22892.000000	0.000000	0.000000
299.999161	ecolipol	52.000000	0.000000	0.000000
299.999161	gene_A	185.000000	106.000000	0.132075
299.999161	gene_A*	101.000000	101.000000	0.049505
299.999161	gene_B	91.000000	105.000000	0.009524
299.999161	gene_C	77.000000	101.000000	0.059406
299.999161	gene_D	106.000000	107.000000	0.056075
299.999161	gene_E	99.000000	104.000000	0.048077
299.999161	gene_F	51.000000	71.000000	0.098592
299.999161	gene_G	16.000000	47.000000	0.361702
299.999161	gene_H	0.000000	31.000000	0.322581
299.999161	gene_J	58.000000	101.000000	0.277228
299.999161	gene_K	92.000000	101.000000	0.000000
299.999161	promoter_A	0.000000	0.000000	0.000000
299.999161	promoter_B1	1.000000	0.000000	0.000000
299.999161	promoter_D	0.000000	0.000000	0.000000
304.999149	__gene_A*_rbs	102.000000	0.000000	0.000000
304.999149	__gene_A_rbs	108.000000	0.000000	0.000000
304.999149	__gene_B_rbs	107.000000	0.000000	0.000000
304.999149	__gene_C_rbs	102.000000	0.000000	0.000000
304.999149	__gene_D_rbs	108.000000	0.000000	0.000000
304.999149	__gene_E_rbs	107.000000	0.000000	0.000000
304.999149	__gene_F_rbs	73.000000	0.000000	0.000000
304.999149	__gene_G_rbs	47.000000	0.000000	0.000000
304.999149	__gene_H_rbs	32.000000	0.000000	0.000000
304.999149	__gene_J_rbs	103.000000	0.000000	0.000000
304.999149	__gene_K_rbs	103.000000	0.000000	0.000000
304.999149	__ribosome	0.000000	0.000000	0.000000
304.999149	bound_ecolipol	1904.000000	0.000000	0.000000
304.999149	bound_ribosome	100.000000	0.000000	0.000000
304.999149	ecoli_genome	96.000000	0.000000	0.000000
304.999149	ecoli_transcript	23262.000000	0.000000	0.000000
304.999149	ecolipol	52.000000	0.000000	0.000000
304.999149	gene_A	187.000000	108.000000	0.148148
304.999149	gene_A*	102.000000	102.000000	0.049020
304.999149	gene_B	92.000000	107.000000	0.000000
304.999149	gene_C	80.000000	102.000000	0.029412
304.999149	gene_D	108.000000	109.000000	0.064220
304.999149	gene_E	102.000000	107.000000	0.037383
304.999149	gene_F	52.000000	73.000000	0.095890
304.999149	gene_G	18.000000	47.000000	0.319149
304.999149	gene_H	0.000000	32.000000	0.312500
304.999149	gene_J	59.000000	103.000000	0.300971
304.999149	gene_K	92.000000	103.000000	0.019417
304.999149	promoter_A	0.000000	0.000000	0.000000
304.999149	promoter_B1	0.000000	0.000000	0.000000
304.999149	promoter_D	0.000000	0.000000	0.000000
309.999007	__gene_A*_rbs	104.000000	0.000000	0.000000
309.999007	__gene_A_rbs	110.000000	0.000000	0.000000
309.999007	__gene_B_rbs	109.000000	0.000000	0.000000
309.999007	__gene_C_rbs	102.000000	0.000000	0.000000
309.999007	__gene_D_rbs	111.000000	0.000000	0.000000
309.999007	__gene_E_rbs	108.000000	0.000000	0.000000
309.999007	__gene_F_rbs	73.000000	0.000000	0.000000
309.999007	__gene_G_rbs	48.000000	0.000000	0.000000
309.999007	__gene_H_rbs	32.000000	0.000000	0.000000
309.999007	__gene_J_rbs	104.000000	0.000000	0.000000
309.999007	__gene_K_rbs	104.000000	0.000000	0.000000
309.999007	__ribosome	0.000000	0.000000	0.000000
309.999007	bound_ecolipol	1901.000000	0.000000	0.000000
309.999007	bound_ribosome	100.000000	0.000000	0.000000
309.999007	ecoli_genome	99.000000	0.000000	0.000000
309.999007	ecoli_transcript	23619.000000	0.000000	0.000000
309.999007	ecolipol	54.000000	0.000000	0.000000
309.999007	gene_A	190.000000	110.000000	0.136364
309.999007	gene_A*	104.000000	104.000000	0.038462
309.999007	gene_B	92.000000	109.000000	0.000000
309.999007	gene_C	83.000000	103.000000	0.019417
309.999007	gene_D	110.000000	111.000000	0.072072
309.999007	gene_E	104.000000	108.000000	0.055556
309.999007	gene_F	54.000000	73.000000	0.082192
309.999007	gene_G	18.000000	48.000000	0.333333
309.999007	gene_H	0.000000	32.000000	0.343750
309.999007	gene_J	62.000000	105.000000	0.285714
309.999007	gene_K	94.000000	105.000000	0.019048
309.999007	promoter_A	1.000000	0.000000	0.000000
309.999007	promoter_B1	0.000000	0.000000	0.000000
309.999007	promoter_D	0.000000	0.000000	0.000000
314.999281	__gene_A*_rbs	105.000000	0.000000	0.000000
314.999281	__gene_A_rbs	112.000000	0.000000	0.000000
314.999281	__gene_B_rbs	111.000000	0.000000	0.000000
314.999281	__gene_C_rbs	105.000000	0.000000	0.000000
314.999281	__gene_D_rbs	113.000000	0.000000	0.000000
314.999281	__gene_E_rbs	110.000000	0.000000	0.000000
314.999281	__gene_F_rbs	75.000000	0.000000	0.000000
314.999281	__gene_G_rbs	48.000000	0.000000	0.000000
314.999281	__gene_H_rbs	34.000000	0.000000	0.000000
314.999281	__gene_J_rbs	106.000000	0.000000	0.000000
314.999281	__gene_K_rbs	106.000000	0.000000	0.000000
314.999281	__ribosome	1.000000	0.000000	0.000000
314.999281	bound_ecolipol	1905.000000	0.000000	0.000000
314.999281	bound_ribosome	100.000000	0.000000	0.000000
314.999281	ecoli_genome	95.000000	0.000000	0.000000
314.999281	ecoli_transcript	24001.000000	0.000000	0.000000
314.999281	ecolipol	49.000000	0.000000	0.000000
314.999281	gene_A	190.000000	112.000000	0.142857
314.999281	gene_A*	105.000000	106.000000	0.047170
314.999281	gene_B	92.000000	111.000000	0.000000
314.999281	gene_C	84.000000	106.000000	0.028302
314.999281	gene_D	111.000000	113.000000	0.061947
314.999281	gene_E	106.000000	111.000000	0.036036
314.999281	gene_F	55.000000	75.000000	0.066667
314.999281	gene_G	18.000000	48.000000	0.333333
314.999281	gene_H	0.000000	34.000000	0.323529
314.999281	gene_J	64.000000	108.000000	0.268519
314.999281	gene_K	95.000000	107.000000	0.028037
314.999281	promoter_A	1.000000	0.000000	0.000000
314.999281	promoter_B1	0.000000	0.000000	0.000000
314.999281	promoter_D	1.000000	0.000000	0.000000
319.999027	__gene_A*_rbs	108.000000	0.000000	0.000000
319.999027	__gene_A_rbs	113.000000	0.000000	0.000000
319.999027	__gene_B_rbs	113.000000	0.000000	0.000000
319.999027	__gene_C_rbs	108.000000	0.000000	0.000000
319.999027	__gene_D_rbs	115.000000	0.000000	0.000000
319.999027	__gene_E_rbs	113.000000	0.000000	0.000000
319.999027	__gene_F_rbs	77.000000	0.000000	0.000000
319.999027	__gene_G_rbs	48.000000	0.000000	0.000000
319.999027	__gene_H_rbs	34.000000	0.000000	0.000000
319.999027	__gene_J_rbs	110.000000	0.000000	0.000000
319.999027	__gene_K_rbs	108.000000	0.000000	0.000000
319.999027	__ribosome	0.000000	0.000000	0.000000
319.999027	bound_ecolipol	1899.000000	0.000000	0.000000
319.999027	bound_ribosome	100.000000	0.000000	0.000000
319.999027	ecoli_genome	101.000000	0.000000	0.000000
319.999027	ecoli_transcript	24401.000000	0.000000	0.000000
319.999027	ecolipol	57.000000	0.000000	0.000000
319.999027	gene_A	190.000000	113.000000	0.168142
319.999027	gene_A*	106.000000	109.000000	0.055046
319.999027	gene_B	92.000000	113.000000	0.008850
319.999027	gene_C	85.000000	108.000000	0.027778
319.999027	gene_D	115.000000	115.000000	0.034783
319.999027	gene_E	110.000000	113.000000	0.017699
319.999027	gene_F	55.000000	77.000000	0.077922
319.999027	gene_G	18.000000	48.000000	0.333333
319.999027	gene_H	0.000000	34.000000	0.352941
319.999027	gene_J	64.000000	110.000000	0.281818
319.999027	gene_K	98.000000	108.000000	0.000000
319.999027	promoter_A	1.000000	0.000000	0.000000
319.999027	promoter_B1	0.000000	0.000000	0.000000
319.999027	promoter_D	0.000000	0.000000	0.000000
324.999142	__gene_A*_rbs	110.000000	0.000000	0.000000
324.999142	__gene_A_rbs	115.000000	0.000000	0.000000
324.999142	__gene_B_rbs	116.000000	0.000000	0.000000
324.999142	__gene_C_rbs	110.000000	0.000000	0.000000
324.999142	__gene_D_rbs	116.000000	0.000000	0.000000
324.999142	__gene_E_rbs	115.000000	0.000000	0.000000
324.999142	__gene_F_rbs	78.000000	0.000000	0.000000
324.999142	__gene_G_rbs	48.000000	0.000000	0.000000
324.999142	__gene_H_rbs	35.000000	0.000000	0.000000
324.999142	__gene_J_rbs	112.000000	0.000000	0.000000
324.999142	__gene_K_rbs	110.000000	0.000000	0.000000
324.999142	__ribosome	0.000000	0.000000	0.000000
324.999142	bound_ecolipol	1912.000000	0.000000	0.000000
324.999142	bound_ribosome	100.000000	0.000000	0.000000
324.999142	ecoli_genome	88.000000	0.000000	0.000000
324.999142	ecoli_transcript	24769.000000	0.000000	0.000000
324.999142	ecolipol	45.000000	0.000000	0.000000
324.999142	gene_A	191.000000	115.000000	0.156522
324.999142	gene_A*	106.000000	110.000000	0.054545
324.999142	gene_B	92.000000	116.000000	0.025862
324.999142	gene_C	87.000000	110.000000	0.009091
324.999142	gene_D	117.000000	117.000000	0.034188
324.999142	gene_E	111.000000	115.000000	0.017391
324.999142	gene_F	57.000000	78.000000	0.064103
324.999142	gene_G	18.000000	48.000000	0.333333
324.999142	gene_H	0.000000	35.000000	0.342857
324.999142	gene_J	65.000000	112.000000	0.276786
324.999142	gene_K	98.000000	111.000000	0.018018
324.999142	promoter_A	0.000000	0.000000	0.000000
324.999142	promoter_B1	0.000000	0.000000	0.000000
324.999142	promoter_D	1.000000	0.000000	0.000000
329.999209	__gene_A*_rbs	110.000000	0.000000	0.000000
329.999209	__gene_A_rbs	117.000000	0.000000	0.000000
329.999209	__gene_B_rbs	118.000000	0.000000	0.000000
329.999209	__gene_C_rbs	113.000000	0.000000	0.000000
329.999209	__gene_D_rbs	119.000000	0.000000	0.000000
329.999209	__gene_E_rbs	117.000000	0.000000	0.000000
329.999209	__gene_F_rbs	80.000000	0.000000	0.000000
329.999209	__gene_G_rbs	48.000000	0.000000	0.000000
329.999209	__gene_H_rbs	35.000000	0.000000	0.000000
329.999209	__gene_J_rbs	114.000000	0.000000	0.000000
329.999209	__gene_K_rbs	112.000000	0.000000	0.000000
329.999209	__ribosome	0.000000	0.000000	0.000000
329.999209	bound_ecolipol	1895.000000	0.000000	0.000000
329.999209	bound_ribosome	100.000000	0.000000	0.000000
329.999209	ecoli_genome	105.000000	0.000000	0.000000
329.999209	ecoli_transcript	25168.000000	0.000000	0.000000
329.999209	ecolipol	62.000000	0.000000	0.000000
329.999209	gene_A	194.000000	117.000000	0.136752
329.999209	gene_A*	106.000000	112.000000	0.071429
329.999209	gene_B	93.000000	118.000000	0.025424
329.999209	gene_C	88.000000	113.000000	0.000000
329.999209	gene_D	118.000000	119.000000	0.025210
329.999209	gene_E	113.000000	117.000000	0.008547
329.999209	gene_F	57.000000	80.000000	0.112500
329.999209	gene_G	18.000000	48.000000	0.333333
329.999209	gene_H	0.000000	35.000000	0.371429
329.999209	gene_J	66.000000	114.000000	0.263158
329.999209	gene_K	99.000000	113.000000	0.008850
329.999209	promoter_A	0.000000	0.000000	0.000000
329.999209	promoter_B1	0.000000	0.000000	0.000000
329.999209	promoter_D	0.000000	0.000000	0.000000
334.999059	__gene_A*_rbs	113.000000	0.000000	0.000000
334.999059	__gene_A_rbs	118.000000	0.000000	0.000000
334.999059	__gene_B_rbs	120.000000	0.000000	0.000000
334.999059	__gene_C_rbs	114.000000	0.000000	0.000000
334.999059	__gene_D_rbs	121.000000	0.000000	0.000000
334.999059	__gene_E_rbs	119.000000	0.000000	0.000000
334.999059	__gene_F_rbs	82.000000	0.000000	0.000000
334.999059	__gene_G_rbs	49.000000	0.000000	0.000000
334.999059	__gene_H_rbs	35.000000	0.000000	0.000000
334.999059	__gene_J_rbs	116.000000	0.000000	0.000000
334.999059	__gene_K_rbs	115.000000	0.000000	0.000000
334.999059	__ribosome	1.000000	0.000000	0.000000
334.999059	bound_ecolipol	1911.000000	0.000000	0.000000
334.999059	bound_ribosome	100.000000	0.000000	0.000000
334.999059	ecoli_genome	89.000000	0.000000	0.000000
334.999059	ecoli_transcript	25524.000000	0.000000	0.000000
334.999059	ecolipol	46.000000	0.000000	0.000000
334.999059	gene_A	195.000000	118.000000	0.127119
334.999059	gene_A*	107.000000	113.000000	0.061947
334.999059	gene_B	94.000000	120.000000	0.016667
334.999059	gene_C	88.000000	115.000000	0.000000
334.999059	gene_D	119.000000	121.000000	0.024793
334.999059	gene_E	113.000000	119.000000	0.008403
334.999059	gene_F	57.000000	82.000000	0.109756
334.999059	gene_G	18.000000	49.000000	0.326531
334.999059	gene_H	0.000000	35.000000	0.371429
334.999059	gene_J	66.000000	116.000000	0.275862
334.999059	gene_K	100.000000	116.000000	0.008621
334.999059	promoter_A	0.000000	0.000000	0.000000
334.999059	promoter_B1	1.000000	0.000000	0.000000
334.999059	promoter_D	0.000000	0.000000	0.000000
339.999493	__gene_A*_rbs	113.000000	0.000000	0.000000
339.999493	__gene_A_rbs	119.000000	0.000000	0.000000
339.999493	__gene_B_rbs	121.000000	0.000000	0.000000
339.999493	__gene_C_rbs	117.000000	0.000000	0.000000
339.999493	__gene_D_rbs	123.000000	0.000000	0.000000
339.999493	__gene_E_rbs	121.000000	0.000000	0.000000
339.999493	__gene_F_rbs	83.000000	0.000000	0.000000
339.999493	__gene_G_rbs	51.000000	0.000000	0.000000
339.999493	__gene_H_rbs	35.000000	0.000000	0.000000
339.999493	__gene_J_rbs	115.000000	0.000000	0.000000
339.999493	__gene_K_rbs	118.000000	0.000000	0.000000
339.999493	__ribosome	0.000000	0.000000	0.000000
339.999493	bound_ecolipol	1900.000000	0.000000	0.000000
339.999493	bound_ribosome	100.000000	0.000000	0.000000
339.999493	ecoli_genome	100.000000	0.000000	0.000000
339.999493	ecoli_transcript	25916.000000	0.000000	0.000000
339.999493	ecolipol	57.000000	0.000000	0.000000
339.999493	gene_A	197.000000	119.000000	0.117647
339.999493	gene_A*	107.000000	114.000000	0.070175
339.999493	gene_B	96.000000	122.000000	0.016393
339.999493	gene_C	88.000000	117.000000	0.008547
339.999493	gene_D	119.000000	123.000000	0.040650
339.999493	gene_E	114.000000	121.000000	0.000000
339.999493	gene_F	57.000000	83.000000	0.108434
339.999493	gene_G	18.000000	51.000000	0.313725
339.999493	gene_H	0.000000	35.000000	0.371429
339.999493	gene_J	68.000000	117.000000	0.273504
339.999493	gene_K	101.000000	118.000000	0.000000
339.999493	promoter_A	1.000000	0.000000	0.000000
339.999493	promoter_B1	1.000000	0.000000	0.000000
339.999493	promoter_D	0.000000	0.000000	0.000000
344.999639	__gene_A*_rbs	116.000000	0.000000	0.000000
344.999639	__gene_A_rbs	120.000000	0.000000	0.000000
344.999639	__gene_B_rbs	124.000000	0.000000	0.000000
344.999639	__gene_C_rbs	119.000000	0.000000	0.000000
344.999639	__gene_D_rbs	125.000000	0.000000	0.000000
344.999639	__gene_E_rbs	123.000000	0.000000	0.000000
344.999639	__gene_F_rbs	85.000000	0.000000	0.000000
344.999639	__gene_G_rbs	52.000000	0.000000	0.000000
344.999639	__gene_H_rbs	35.000000	0.000000	0.000000
344.999639	__gene_J_rbs	120.000000	0.000000	0.000000
344.999639	__gene_K_rbs	119.000000	0.000000	0.000000
344.999639	__ribosome	0.000000	0.000000	0.000000
344.999639	bound_ecolipol	1902.000000	0.000000	0.000000
344.999639	bound_ribosome	100.000000	0.000000	0.000000
344.999639	ecoli_genome	98.000000	0.000000	0.000000
344.999639	ecoli_transcript	26278.000000	0.000000	0.000000
344.999639	ecolipol	53.000000	0.000000	0.000000
344.999639	gene_A	198.000000	120.000000	0.116667
344.999639	gene_A*	108.000000	117.000000	0.068376
344.999639	gene_B	96.000000	124.000000	0.032258
344.999639	gene_C	88.000000	119.000000	0.008403
344.999639	gene_D	121.000000	125.000000	0.024000
344.999639	gene_E	114.000000	123.000000	0.000000
344.999639	gene_F	59.000000	85.000000	0.094118
344.999639	gene_G	18.000000	52.000000	0.326923
344.999639	gene_H	0.000000	35.000000	0.371429
344.999639	gene_J	68.000000	120.000000	0.266667
344.999639	gene_K	101.000000	120.000000	0.000000
344.999639	promoter_A	0.000000	0.000000	0.000000
344.999639	promoter_B1	0.000000	0.000000	0.000000
344.999639	promoter_D	0.000000	0.000000	0.000000
349.999101	__gene_A*_rbs	118.000000	0.000000	0.000000
349.999101	__gene_A_rbs	123.000000	0.000000	0.000000
349.999101	__gene_B_rbs	126.000000	0.000000	0.000000
349.999101	__gene_C_rbs	121.000000	0.000000	0.000000
349.999101	__gene_D_rbs	128.000000	0.000000	0.000000
349.999101	__gene_E_rbs	125.000000	0.000000	0.000000
349.999101	__gene_F_rbs	86.000000	0.000000	0.000000
349.999101	__gene_G_rbs	53.000000	0.000000	0.000000
349.999101	__gene_H_rbs	35.000000	0.000000	0.000000
349.999101	__gene_J_rbs	122.000000	0.000000	0.000000
349.999101	__gene_K_rbs	121.000000	0.000000	0.000000
349.999101	__ribosome	0.000000	0.000000	0.000000
349.999101	bound_ecolipol	1908.000000	0.000000	0.000000
349.999101	bound_ribosome	100.000000	0.000000	0.000000
349.999101	ecoli_genome	92.000000	0.000000	0.000000
349.999101	ecoli_transcript	26660.000000	0.000000	0.000000
349.999101	ecolipol	48.000000	0.000000	0.000000
349.999101	gene_A	198.000000	123.000000	0.121951
349.999101	gene_A*	110.000000	118.000000	0.059322
349.999101	gene_B	98.000000	126.000000	0.023810
349.999101	gene_C	89.000000	121.000000	0.000000
349.999101	gene_D	122.000000	128.000000	0.015625
349.999101	gene_E	114.000000	125.000000	0.000000
349.999101	gene_F	59.000000	86.000000	0.093023
349.999101	gene_G	18.000000	53.000000	0.320755
349.999101	gene_H	0.000000	35.000000	0.400000
349.999101	gene_J	68.000000	122.000000	0.278689
349.999101	gene_K	101.000000	122.000000	0.000000
349.999101	promoter_A	0.000000	0.000000	0.000000
349.999101	promoter_B1	0.000000	0.000000	0.000000
349.999101	promoter_D	0.000000	0.000000	0.000000
354.999029	__gene_A*_rbs	119.000000	0.000000	0.000000
354.999029	__gene_A_rbs	124.000000	0.000000	0.000000
354.999029	__gene_B_rbs	127.000000	0.000000	0.000000
354.999029	__gene_C_rbs	122.000000	0.000000	0.000000
354.999029	__gene_D_rbs	130.000000	0.000000	0.000000
354.999029	__gene_E_rbs	128.000000	0.000000	0.000000
354.999029	__gene_F_rbs	89.000000	0.000000	0.000000
354.999029	__gene_G_rbs	55.000000	0.000000	0.000000
354.999029	__gene_H_rbs	36.000000	0.000000	0.000000
354.999029	__gene_J_rbs	125.000000	0.000000	0.000000
354.999029	__gene_K_rbs	124.000000	0.000000	0.000000
354.999029	__ribosome	0.000000	0.000000	0.000000
354.999029	bound_ecolipol	1902.000000	0.000000	0.000000
354.999029	bound_ribosome	100.000000	0.000000	0.000000
354.999029	ecoli_genome	98.000000	0.000000	0.000000
354.999029	ecoli_transcript	27029.000000	0.000000	0.000000
354.999029	ecolipol	54.000000	0.000000	0.000000
354.999029	gene_A	202.000000	124.000000	0.104839
354.999029	gene_A*	112.000000	119.000000	0.042017
354.999029	gene_B	100.000000	128.000000	0.015625
354.999029	gene_C	89.000000	123.000000	0.016260
354.999029	gene_D	124.000000	130.000000	0.000000
354.999029	gene_E	114.000000	128.000000	0.007812
354.999029	gene_F	60.000000	89.000000	0.089888
354.999029	gene_G	18.000000	55.000000	0.309091
354.999029	gene_H	0.000000	36.000000	0.472222
354.999029	gene_J	70.000000	125.000000	0.256000
354.999029	gene_K	101.000000	124.000000	0.024194
354.999029	promoter_A	1.000000	0.000000	0.000000
354.999029	promoter_B1	0.000000	0.000000	0.000000
354.999029	promoter_D	0.000000	0.000000	0.000000
359.999125	__gene_A*_rbs	119.000000	0.000000	0.000000
359.999125	__gene_A_rbs	126.000000	0.000000	0.000000
359.999125	__gene_B_rbs	130.000000	0.000000	0.000000
359.999125	__gene_C_rbs	124.000000	0.000000	0.000000
359.999125	__gene_D_rbs	132.000000	0.000000	0.000000
359.999125	__gene_E_rbs	130.000000	0.000000	0.000000
359.999125	__gene_F_rbs	91.000000	0.000000	0.000000
359.999125	__gene_G_rbs	56.000000	0.000000	0.000000
359.999125	__gene_H_rbs	37.000000	0.000000	0.000000
359.999125	__gene_J_rbs	126.000000	0.000000	0.000000
359.999125	__gene_K_rbs	125.000000	0.000000	0.000000
359.999125	__ribosome	0.000000	0.000000	0.000000
359.999125	bound_ecolipol	1908.000000	0.000000	0.000000
359.999125	bound_ribosome	100.000000	0.000000	0.000000
359.999125	ecoli_genome	92.000000	0.000000	0.000000
359.999125	ecoli_transcript	27407.000000	0.000000	0.000000
359.999125	ecolipol	47.000000	0.000000	0.000000
359.999125	gene_A	205.000000	126.000000	0.079365
359.999125	gene_A*	112.000000	120.000000	0.041667
359.999125	gene_B	101.000000	130.000000	0.015385
359.999125	gene_C	89.000000	125.000000	0.024000
359.999125	gene_D	124.000000	132.000000	0.007576
359.999125	gene_E	114.000000	130.000000	0.007692
359.999125	gene_F	60.000000	91.000000	0.098901
359.999125	gene_G	18.000000	56.000000	0.321429
359.999125	gene_H	0.000000	37.000000	0.459459
359.999125	gene_J	70.000000	126.000000	0.261905
359.999125	gene_K	104.000000	126.000000	0.007937
359.999125	promoter_A	0.000000	0.000000	0.000000
359.999125	promoter_B1	0.000000	0.000000	0.000000
359.999125	promoter_D	0.000000	0.000000	0.000000
364.999139	__gene_A*_rbs	123.000000	0.000000	0.000000
364.999139	__gene_A_rbs	129.000000	0.000000	0.000000
364.999139	__gene_B_rbs	131.000000	0.000000	0.000000
364.999139	__gene_C_rbs	125.000000	0.000000	0.000000
364.999139	__gene_D_rbs	135.000000	0.000000	0.000000
364.999139	__gene_E_rbs	131.000000	0.000000	0.000000
364.999139	__gene_F_rbs	92.000000	0.000000	0.000000
364.999139	__gene_G_rbs	58.000000	0.000000	0.000000
364.999139	__gene_H_rbs	37.000000	0.000000	0.000000
364.999139	__gene_J_rbs	129.000000	0.000000	0.000000
364.999139	__gene_K_rbs	128.000000	0.000000	0.000000
364.999139	__ribosome	0.000000	0.000000	0.000000
364.999139	bound_ecolipol	1904.000000	0.000000	0.000000
364.999139	bound_ribosome	100.000000	0.000000	0.000000
364.999139	ecoli_genome	96.000000	0.000000	0.000000
364.999139	ecoli_transcript	27733.000000	0.000000	0.000000
364.999139	ecolipol	49.000000	0.000000	0.000000
364.999139	gene_A	207.000000	129.000000	0.062016
364.999139	gene_A*	114.000000	123.000000	0.040650
364.999139	gene_B	102.000000	132.000000	0.022727
364.999139	gene_C	91.000000	127.000000	0.007874
364.999139	gene_D	124.000000	135.000000	0.014815
364.999139	gene_E	115.000000	132.000000	0.000000
364.999139	gene_F	62.000000	92.000000	0.097826
364.999139	gene_G	18.000000	58.000000	0.327586
364.999139	gene_H	0.000000	37.000000	0.459459
364.999139	gene_J	71.000000	129.000000	0.255814
364.999139	gene_K	105.000000	128.000000	0.023438
364.999139	promoter_A	1.000000	0.000000	0.000000
364.999139	promoter_B1	1.000000	0.000000	0.000000
364.999139	promoter_D	1.000000	0.000000	0.000000
369.999344	__gene_A*_rbs	124.000000	0.000000	0.000000
369.999344	__gene_A_rbs	131.000000	0.000000	0.000000
369.999344	__gene_B_rbs	132.000000	0.000000	0.000000
369.999344	__gene_C_rbs	129.000000	0.000000	0.000000
369.999344	__gene_D_rbs	136.000000	0.000000	0.000000
369.999344	__gene_E_rbs	134.000000	0.000000	0.000000
369.999344	__gene_F_rbs	93.000000	0.000000	0.000000
369.999344	__gene_G_rbs	60.000000	0.000000	0.000000
369.999344	__gene_H_rbs	38.000000	0.000000	0.000000
369.999344	__gene_J_rbs	131.000000	0.000000	0.000000
369.999344	__gene_K_rbs	129.000000	0.000000	0.000000
369.999344	__ribosome	0.000000	0.000000	0.000000
369.999344	bound_ecolipol	1903.000000	0.000000	0.000000
369.999344	bound_ribosome	100.000000	0.000000	0.000000
369.999344	ecoli_genome	97.000000	0.000000	0.000000
369.999344	ecoli_transcript	28134.000000	0.000000	0.000000
369.999344	ecolipol	49.000000	0.000000	0.000000
369.999344	gene_A	209.000000	131.000000	0.045802
369.999344	gene_A*	114.000000	124.000000	0.040323
369.999344	gene_B	102.000000	133.000000	0.060150
369.999344	gene_C	92.000000	129.000000	0.000000
369.999344	gene_D	124.000000	136.000000	0.014706
369.999344	gene_E	115.000000	134.000000	0.000000
369.999344	gene_F	63.000000	93.000000	0.107527
369.999344	gene_G	18.000000	60.000000	0.316667
369.999344	gene_H	0.000000	38.000000	0.447368
369.999344	gene_J	72.000000	131.000000	0.244275
369.999344	gene_K	108.000000	130.000000	0.007692
369.999344	promoter_A	0.000000	0.000000	0.000000
369.999344	promoter_B1	0.000000	0.000000	0.000000
369.999344	promoter_D	0.000000	0.000000	0.000000
374.999078	__gene_A*_rbs	126.000000	0.000000	0.000000
374.999078	__gene_A_rbs	133.000000	0.000000	0.000000
374.999078	__gene_B_rbs	134.000000	0.000000	0.000000
374.999078	__gene_C_rbs	131.000000	0.000000	0.000000
374.999078	__gene_D_rbs	138.000000	0.000000	0.000000
374.999078	__gene_E_rbs	136.000000	0.000000	0.000000
374.999078	__gene_F_rbs	93.000000	0.000000	0.000000
374.999078	__gene_G_rbs	62.000000	0.000000	0.000000
374.999078	__gene_H_rbs	40.000000	0.000000	0.000000
374.999078	__gene_J_rbs	132.000000	0.000000	0.000000
374.999078	__gene_K_rbs	131.000000	0.000000	0.000000
374.999078	__ribosome	0.000000	0.000000	0.000000
374.999078	bound_ecolipol	1898.000000	0.000000	0.000000
374.999078	bound_ribosome	100.000000	0.000000	0.000000
374.999078	ecoli_genome	102.000000	0.000000	0.000000
374.999078	ecoli_transcript	28534.000000	0.000000	0.000000
374.999078	ecolipol	54.000000	0.000000	0.000000
374.999078	gene_A	209.000000	133.000000	0.052632
374.999078	gene_A*	116.000000	126.000000	0.031746
374.999078	gene_B	103.000000	134.000000	0.067164
374.999078	gene_C	92.000000	131.000000	0.000000
374.999078	gene_D	124.000000	138.000000	0.021739
374.999078	gene_E	115.000000	136.000000	0.000000
374.999078	gene_F	66.000000	93.000000	0.086022
374.999078	gene_G	18.000000	62.000000	0.306452
374.999078	gene_H	0.000000	40.000000	0.425000
374.999078	gene_J	72.000000	133.000000	0.240602
374.999078	gene_K	109.000000	132.000000	0.007576
374.999078	promoter_A	1.000000	0.000000	0.000000
374.999078	promoter_B1	0.000000	0.000000	0.000000
374.999078	promoter_D	0.000000	0.000000	0.000000
379.999007	__gene_A*_rbs	129.000000	0.000000	0.000000
379.999007	__gene_A_rbs	135.000000	0.000000	0.000000
379.999007	__gene_B_rbs	136.000000	0.000000	0.000000
379.999007	__gene_C_rbs	132.000000	0.000000	0.000000
379.999007	__gene_D_rbs	140.000000	0.000000	0.000000
379.999007	__gene_E_rbs	138.000000	0.000000	0.000000
379.999007	__gene_F_rbs	95.000000	0.000000	0.000000
379.999007	__gene_G_rbs	63.000000	0.000000	0.000000
379.999007	__gene_H_rbs	40.000000	0.000000	0.000000
379.999007	__gene_J_rbs	135.000000	0.000000	0.000000
379.999007	__gene_K_rbs	133.000000	0.000000	0.000000
379.999007	__ribosome	0.000000	0.000000	0.000000
379.999007	bound_ecolipol	1895.000000	0.000000	0.000000
379.999007	bound_ribosome	100.000000	0.000000	0.000000
379.999007	ecoli_genome	105.000000	0.000000	0.000000
379.999007	ecoli_transcript	28879.000000	0.000000	0.000000
379.999007	ecolipol	55.000000	0.000000	0.000000
379.999007	gene_A	210.000000	135.000000	0.044444
379.999007	gene_A*	116.000000	129.000000	0.031008
379.999007	gene_B	105.000000	136.000000	0.058824
379.999007	gene_C	92.000000	132.000000	0.007576
379.999007	gene_D	126.000000	140.000000	0.007143
379.999007	gene_E	115.000000	138.000000	0.007246
379.999007	gene_F	66.000000	95.000000	0.094737
379.999007	gene_G	19.000000	63.000000	0.285714
379.999007	gene_H	0.000000	41.000000	0.414634
379.999007	gene_J	72.000000	135.000000	0.237037
379.999007	gene_K	109.000000	133.000000	0.022556
379.999007	promoter_A	1.000000	0.000000	0.000000
379.999007	promoter_B1	1.000000	0.000000	0.000000
379.999007	promoter_D	0.000000	0.000000	0.000000
384.999110	__gene_A*_rbs	132.000000	0.000000	0.000000
384.999110	__gene_A_rbs	137.000000	0.000000	0.000000
384.999110	__gene_B_rbs	139.000000	0.000000	0.000000
384.999110	__gene_C_rbs	132.000000	0.000000	0.000000
384.999110	__gene_D_rbs	142.000000	0.000000	0.000000
384.999110	__gene_E_rbs	140.000000	0.000000	0.000000
384.999110	__gene_F_rbs	97.000000	0.000000	0.000000
384.999110	__gene_G_rbs	65.000000	0.000000	0.000000
384.999110	__gene_H_rbs	43.000000	0.000000	0.000000
384.999110	__gene_J_rbs	137.000000	0.000000	0.000000
384.999110	__gene_K_rbs	133.000000	0.000000	0.000000
384.999110	__ribosome	0.000000	0.000000	0.000000
384.999110	bound_ecolipol	1898.000000	0.000000	0.000000
384.999110	bound_ribosome	100.000000	0.000000	0.000000
384.999110	ecoli_genome	102.000000	0.000000	0.000000
384.999110	ecoli_transcript	29249.000000	0.000000	0.000000
384.999110	ecolipol	51.000000	0.000000	0.000000
384.999110	gene_A	210.000000	137.000000	0.058394
384.999110	gene_A*	117.000000	132.000000	0.037879
384.999110	gene_B	111.000000	139.000000	0.021583
384.999110	gene_C	93.000000	134.000000	0.014925
384.999110	gene_D	126.000000	142.000000	0.028169
384.999110	gene_E	115.000000	140.000000	0.007143
384.999110	gene_F	66.000000	97.000000	0.092784
384.999110	gene_G	20.000000	65.000000	0.261538
384.999110	gene_H	0.000000	43.000000	0.395349
384.999110	gene_J	72.000000	137.000000	0.233577
384.999110	gene_K	112.000000	134.000000	0.014925
384.999110	promoter_A	0.000000	0.000000	0.000000
384.999110	promoter_B1	0.000000	0.000000	0.000000
384.999110	promoter_D	1.000000	0.000000	0.000000
389.999271	__gene_A*_rbs	132.000000	0.000000	0.000000
389.999271	__gene_A_rbs	138.000000	0.000000	0.000000
389.999271	__gene_B_rbs	140.000000	0.000000	0.000000
389.999271	__gene_C_rbs	135.000000	0.000000	0.000000
389.999271	__gene_D_rbs	143.000000	0.000000	0.000000
389.999271	__gene_E_rbs	142.000000	0.000000	0.000000
389.999271	__gene_F_rbs	99.000000	0.000000	0.000000
389.999271	__gene_G_rbs	65.000000	0.000000	0.000000
389.999271	__gene_H_rbs	45.000000	0.000000	0.000000
389.999271	__gene_J_rbs	139.000000	0.000000	0.000000
389.999271	__gene_K_rbs	136.000000	0.000000	0.000000
389.999271	__ribosome	0.000000	0.000000	0.000000
389.999271	bound_ecolipol	1897.000000	0.000000	0.000000
389.999271	bound_ribosome	100.000000	0.000000	0.000000
389.999271	ecoli_genome	103.000000	0.000000	0.000000
389.999271	ecoli_transcript	29647.000000	0.000000	0.000000
389.999271	ecolipol	51.000000	0.000000	0.000000
389.999271	gene_A	211.000000	138.000000	0.057971
389.999271	gene_A*	117.000000	133.000000	0.052632
389.999271	gene_B	113.000000	140.000000	0.014286
389.999271	gene_C	93.000000	135.000000	0.022222
389.999271	gene_D	127.000000	143.000000	0.020979
389.999271	gene_E	116.000000	142.000000	0.000000
389.999271	gene_F	67.000000	99.000000	0.090909
389.999271	gene_G	20.000000	66.000000	0.272727
389.999271	gene_H	0.000000	45.000000	0.377778
389.999271	gene_J	72.000000	139.000000	0.230216
389.999271	gene_K	113.000000	136.000000	0.007353
389.999271	promoter_A	1.000000	0.000000	0.000000
389.999271	promoter_B1	0.000000	0.000000	0.000000
389.999271	promoter_D	0.000000	0.000000	0.000000
394.999559	__gene_A*_rbs	135.000000	0.000000	0.000000
394.999559	__gene_A_rbs	139.000000	0.000000	0.000000
394.999559	__gene_B_rbs	142.000000	0.000000	0.000000
394.999559	__gene_C_rbs	136.000000	0.000000	0.000000
394.999559	__gene_D_rbs	145.000000	0.000000	0.000000
394.999559	__gene_E_rbs	143.000000	0.000000	0.000000
394.999559	__gene_F_rbs	100.000000	0.000000	0.000000
394.999559	__gene_G_rbs	68.000000	0.000000	0.000000
394.999559	__gene_H_rbs	45.000000	0.000000	0.000000
394.999559	__gene_J_rbs	139.000000	0.000000	0.000000
394.999559	__gene_K_rbs	139.000000	0.000000	0.000000
394.999559	__ribosome	0.000000	0.000000	0.000000
394.999559	bound_ecolipol	1895.000000	0.000000	0.000000
394.999559	bound_ribosome	100.000000	0.000000	0.000000
394.999559	ecoli_genome	105.000000	0.000000	0.000000
394.999559	ecoli_transcript	30043.000000	0.000000	0.000000
394.999559	ecolipol	52.000000	0.000000	0.000000
394.999559	gene_A	212.000000	139.000000	0.050360
394.999559	gene_A*	117.000000	135.000000	0.051852
394.999559	gene_B	114.000000	142.000000	0.007042
394.999559	gene_C	95.000000	137.000000	0.007299
394.999559	gene_D	127.000000	146.000000	0.034247
394.999559	gene_E	116.000000	143.000000	0.000000
394.999559	gene_F	68.000000	101.000000	0.089109
394.999559	gene_G	20.000000	68.000000	0.264706
394.999559	gene_H	0.000000	45.000000	0.400000
394.999559	gene_J	72.000000	140.000000	0.235714
394.999559	gene_K	114.000000	139.000000	0.007194
394.999559	promoter_A	1.000000	0.000000	0.000000
394.999559	promoter_B1	0.000000	0.000000	0.000000
394.999559	promoter_D	0.000000	0.000000	0.000000
399.999833	__gene_A*_rbs	135.000000	0.000000	0.000000
399.999833	__gene_A_rbs	140.000000	0.000000	0.000000
399.999833	__gene_B_rbs	144.000000	0.000000	0.000000
399.999833	__gene_C_rbs	139.000000	0.000000	0.000000
399.999833	__gene_D_rbs	148.000000	0.000000	0.000000
399.999833	__gene_E_rbs	146.000000	0.000000	0.000000
399.999833	__gene_F_rbs	101.000000	0.000000	0.000000
399.999833	__gene_G_rbs	70.000000	0.000000	0.000000
399.999833	__gene_H_rbs	46.000000	0.000000	0.000000
399.999833	__gene_J_rbs	142.000000	0.000000	0.000000
399.999833	__gene_K_rbs	139.000000	0.000000	0.000000
399.999833	__ribosome	0.000000	0.000000	0.000000
399.999833	bound_ecolipol	1903.000000	0.000000	0.000000
399.999833	bound_ribosome	100.000000	0.000000	0.000000
399.999833	ecoli_genome	97.000000	0.000000	0.000000
399.999833	ecoli_transcript	30446.000000	0.000000	0.000000
399.999833	ecolipol	49.000000	0.000000	0.000000
399.999833	gene_A	213.000000	140.000000	0.057143
399.999833	gene_A*	119.000000	136.000000	0.044118
399.999833	gene_B	115.000000	146.000000	0.006849
399.999833	gene_C	96.000000	139.000000	0.000000
399.999833	gene_D	130.000000	148.000000	0.020270
399.999833	gene_E	116.000000	146.000000	0.006849
399.999833	gene_F	68.000000	101.000000	0.089109
399.999833	gene_G	20.000000	70.000000	0.271429
399.999833	gene_H	0.000000	46.000000	0.413043
399.999833	gene_J	73.000000	142.000000	0.232394
399.999833	gene_K	115.000000	140.000000	0.007143
399.999833	promoter_A	1.000000	0.000000	0.000000
399.999833	promoter_B1	0.000000	0.000000	0.000000
399.999833	promoter_D	0.000000	0.000000	0.000000
404.999133	__gene_A*_rbs	138.000000	0.000000	0.000000
404.999133	__gene_A_rbs	141.000000	0.000000	0.000000
404.999133	__gene_B_rbs	146.000000	0.000000	0.000000
404.999133	__gene_C_rbs	141.000000	0.000000	0.000000
404.999133	__gene_D_rbs	151.000000	0.000000	0.000000
404.999133	__gene_E_rbs	148.000000	0.000000	0.000000
404.999133	__gene_F_rbs	102.000000	0.000000	0.000000
404.999133	__gene_G_rbs	71.000000	0.000000	0.000000
404.999133	__gene_H_rbs	47.000000	0.000000	0.000000
404.999133	__gene_J_rbs	144.000000	0.000000	0.000000
404.999133	__gene_K_rbs	142.000000	0.000000	0.000000
404.999133	__ribosome	0.000000	0.000000	0.000000
404.999133	bound_ecolipol	1891.000000	0.000000	0.000000
404.999133	bound_ribosome	100.000000	0.000000	0.000000
404.999133	ecoli_genome	109.000000	0.000000	0.000000
404.999133	ecoli_transcript	30860.000000	0.000000	0.000000
404.999133	ecolipol	62.000000	0.000000	0.000000
404.999133	gene_A	214.000000	141.000000	0.063830
404.999133	gene_A*	119.000000	138.000000	0.043478
404.999133	gene_B	115.000000	147.000000	0.006803
404.999133	gene_C	96.000000	141.000000	0.000000
404.999133	gene_D	130.000000	151.000000	0.026490
404.999133	gene_E	116.000000	148.000000	0.006757
404.999133	gene_F	70.000000	102.000000	0.068627
404.999133	gene_G	20.000000	71.000000	0.267606
404.999133	gene_H	0.000000	47.000000	0.404255
404.999133	gene_J	73.000000	144.000000	0.229167
404.999133	gene_K	115.000000	142.000000	0.007042
404.999133	promoter_A	1.000000	0.000000	0.000000
404.999133	promoter_B1	0.000000	0.000000	0.000000
404.999133	promoter_D	1.000000	0.000000	0.000000
409.999464	__gene_A*_rbs	139.000000	0.000000	0.000000
409.999464	__gene_A_rbs	142.000000	0.000000	0.000000
409.999464	__gene_B_rbs	148.000000	0.000000	0.000000
409.999464	__gene_C_rbs	144.000000	0.000000	0.000000
409.999464	__gene_D_rbs	152.000000	0.000000	0.000000
409.999464	__gene_E_rbs	151.000000	0.000000	0.000000
409.999464	__gene_F_rbs	103.000000	0.000000	0.000000
409.999464	__gene_G_rbs	72.000000	0.000000	0.000000
409.999464	__gene_H_rbs	48.000000	0.000000	0.000000
409.999464	__gene_J_rbs	146.000000	0.000000	0.000000
409.999464	__gene_K_rbs	146.000000	0.000000	0.000000
409.999464	__ribosome	0.000000	0.000000	0.000000
409.999464	bound_ecolipol	1904.000000	0.000000	0.000000
409.999464	bound_ribosome	100.000000	0.000000	0.000000
409.999464	ecoli_genome	96.000000	0.000000	0.000000
409.999464	ecoli_transcript	31252.000000	0.000000	0.000000
409.999464	ecolipol	50.000000	0.000000	0.000000
409.999464	gene_A	215.000000	142.000000	0.056338
409.999464	gene_A*	120.000000	139.000000	0.043165
409.999464	gene_B	115.000000	150.000000	0.026667
409.999464	gene_C	96.000000	144.000000	0.006944
409.999464	gene_D	131.000000	152.000000	0.019737
409.999464	gene_E	117.000000	151.000000	0.006623
409.999464	gene_F	71.000000	103.000000	0.058252
409.999464	gene_G	20.000000	72.000000	0.263889
409.999464	gene_H	0.000000	48.000000	0.395833
409.999464	gene_J	73.000000	147.000000	0.224490
409.999464	gene_K	116.000000	146.000000	0.000000
409.999464	promoter_A	1.000000	0.000000	0.000000
409.999464	promoter_B1	0.000000	0.000000	0.000000
409.999464	promoter_D	0.000000	0.000000	0.000000
414.999035	__gene_A*_rbs	140.000000	0.000000	0.000000
414.999035	__gene_A_rbs	143.000000	0.000000	0.000000
414.999035	__gene_B_rbs	150.000000	0.000000	0.000000
414.999035	__gene_C_rbs	146.000000	0.000000	0.000000
414.999035	__gene_D_rbs	154.000000	0.000000	0.000000
414.999035	__gene_E_rbs	151.000000	0.000000	0.000000
414.999035	__gene_F_rbs	106.000000	0.000000	0.000000
414.999035	__gene_G_rbs	72.000000	0.000000	0.000000
414.999035	__gene_H_rbs	50.000000	0.000000	0.000000
414.999035	__gene_J_rbs	149.000000	0.000000	0.000000
414.999035	__gene_K_rbs	146.000000	0.000000	0.000000
414.999035	__ribosome	0.000000	0.000000	0.000000
414.999035	bound_ecolipol	1902.000000	0.000000	0.000000
414.999035	bound_ribosome	100.000000	0.000000	0.000000
414.999035	ecoli_genome	98.000000	0.000000	0.000000
414.999035	ecoli_transcript	31626.000000	0.000000	0.000000
414.999035	ecolipol	52.000000	0.000000	0.000000
414.999035	gene_A	215.000000	143.000000	0.062937
414.999035	gene_A*	121.000000	140.000000	0.035714
414.999035	gene_B	116.000000	151.000000	0.026490
414.999035	gene_C	97.000000	146.000000	0.013699
414.999035	gene_D	133.000000	154.000000	0.006494
414.999035	gene_E	117.000000	152.000000	0.013158
414.999035	gene_F	73.000000	106.000000	0.037736
414.999035	gene_G	20.000000	72.000000	0.263889
414.999035	gene_H	0.000000	50.000000	0.380000
414.999035	gene_J	73.000000	149.000000	0.221477
414.999035	gene_K	116.000000	147.000000	0.013605
414.999035	promoter_A	1.000000	0.000000	0.000000
414.999035	promoter_B1	0.000000	0.000000	0.000000
414.999035	promoter_D	0.000000	0.000000	0.000000
419.999438	__gene_A*_rbs	140.000000	0.000000	0.000000
419.999438	__gene_A_rbs	144.000000	0.000000	0.000000
419.999438	__gene_B_rbs	154.000000	0.000000	0.000000
419.999438	__gene_C_rbs	148.000000	0.000000	0.000000
419.999438	__gene_D_rbs	157.000000	0.000000	0.000000
419.999438	__gene_E_rbs	154.000000	0.000000	0.000000
419.999438	__gene_F_rbs	109.000000	0.000000	0.000000
419.999438	__gene_G_rbs	74.000000	0.000000	0.000000
419.999438	__gene_H_rbs	51.000000	0.000000	0.000000
419.999438	__gene_J_rbs	151.000000	0.000000	0.000000
419.999438	__gene_K_rbs	149.000000	0.000000	0.000000
419.999438	__ribosome	1.000000	0.000000	0.000000
419.999438	bound_ecolipol	1905.000000	0.000000	0.000000
419.999438	bound_ribosome	100.000000	0.000000	0.000000
419.999438	ecoli_genome	95.000000	0.000000	0.000000
419.999438	ecoli_transcript	31984.000000	0.000000	0.000000
419.999438	ecolipol	49.000000	0.000000	0.000000
419.999438	gene_A	215.000000	144.000000	0.062500
419.999438	gene_A*	122.000000	141.000000	0.028369
419.999438	gene_B	119.000000	154.000000	0.012987
419.999438	gene_C	98.000000	149.000000	0.020134
419.999438	gene_D	134.000000	158.000000	0.012658
419.999438	gene_E	118.000000	154.000000	0.006494
419.999438	gene_F	74.000000	109.000000	0.055046
419.999438	gene_G	20.000000	74.000000	0.256757
419.999438	gene_H	0.000000	51.000000	0.372549
419.999438	gene_J	73.000000	151.000000	0.225166
419.999438	gene_K	118.000000	149.000000	0.000000
419.999438	promoter_A	0.000000	0.000000	0.000000
419.999438	promoter_B1	1.000000	0.000000	0.000000
419.999438	promoter_D	0.000000	0.000000	0.000000
424.999079	__gene_A*_rbs	142.000000	0.000000	0.000000
424.999079	__gene_A_rbs	144.000000	0.000000	0.000000
424.999079	__gene_B_rbs	155.000000	0.000000	0.000000
424.999079	__gene_C_rbs	150.000000	0.000000	0.000000
424.999079	__gene_D_rbs	160.000000	0.000000	0.000000
424.999079	__gene_E_rbs	158.000000	0.000000	0.000000
424.999079	__gene_F_rbs	110.000000	0.000000	0.000000
424.999079	__gene_G_rbs	74.000000	0.000000	0.000000
424.999079	__gene_H_rbs	52.000000	0.000000	0.000000
424.999079	__gene_J_rbs	152.000000	0.000000	0.000000
424.999079	__gene_K_rbs	150.000000	0.000000	0.000000
424.999079	__ribosome	0.000000	0.000000	0.000000
424.999079	bound_ecolipol	1907.000000	0.000000	0.000000
424.999079	bound_ribosome	100.000000	0.000000	0.000000
424.999079	ecoli_genome	93.000000	0.000000	0.000000
424.999079	ecoli_transcript	32381.000000	0.000000	0.000000
424.999079	ecolipol	50.000000	0.000000	0.000000
424.999079	gene_A	216.000000	144.000000	0.062500
424.999079	gene_A*	123.000000	142.000000	0.028169
424.999079	gene_B	119.000000	155.000000	0.012903
424.999079	gene_C	99.000000	151.000000	0.013245
424.999079	gene_D	134.000000	160.000000	0.018750
424.999079	gene_E	119.000000	158.000000	0.000000
424.999079	gene_F	75.000000	110.000000	0.054545
424.999079	gene_G	20.000000	74.000000	0.256757
424.999079	gene_H	0.000000	52.000000	0.365385
424.999079	gene_J	74.000000	152.000000	0.223684
424.999079	gene_K	118.000000	151.000000	0.013245
424.999079	promoter_A	0.000000	0.000000	0.000000
424.999079	promoter_B1	1.000000	0.000000	0.000000
424.999079	promoter_D	0.000000	0.000000	0.000000
429.999014	__gene_A*_rbs	143.000000	0.000000	0.000000
429.999014	__gene_A_rbs	146.000000	0.000000	0.000000
429.999014	__gene_B_rbs	157.000000	0.000000	0.000000
429.999014	__gene_C_rbs	151.000000	0.000000	0.000000
429.999014	__gene_D_rbs	163.000000	0.000000	0.000000
429.999014	__gene_E_rbs	160.000000	0.000000	0.000000
429.999014	__gene_F_rbs	110.000000	0.000000	0.000000
429.999014	__gene_G_rbs	75.000000	0.000000	0.000000
429.999014	__gene_H_rbs	52.000000	0.000000	0.000000
429.999014	__gene_J_rbs	155.000000	0.000000	0.000000
429.999014	__gene_K_rbs	154.000000	0.000000	0.000000
429.999014	__ribosome	0.000000	0.000000	0.000000
429.999014	bound_ecolipol	1905.000000	0.000000	0.000000
429.999014	bound_ribosome	100.000000	0.000000	0.000000
429.999014	ecoli_genome	95.000000	0.000000	0.000000
429.999014	ecoli_transcript	32765.000000	0.000000	0.000000
429.999014	ecolipol	54.000000	0.000000	0.000000
429.999014	gene_A	216.000000	146.000000	0.068493
429.999014	gene_A*	124.000000	143.000000	0.020979
429.999014	gene_B	121.000000	157.000000	0.006369
429.999014	gene_C	101.000000	152.000000	0.006579
429.999014	gene_D	134.000000	163.000000	0.024540
429.999014	gene_E	119.000000	160.000000	0.000000
429.999014	gene_F	75.000000	110.000000	0.054545
429.999014	gene_G	20.000000	75.000000	0.253333
429.999014	gene_H	0.000000	52.000000	0.365385
429.999014	gene_J	74.000000	155.000000	0.225806
429.999014	gene_K	119.000000	154.000000	0.012987
429.999014	promoter_A	0.000000	0.000000	0.000000
429.999014	promoter_B1	1.000000	0.000000	0.000000
429.999014	promoter_D	1.000000	0.000000	0.000000
434.999216	__gene_A*_rbs	144.000000	0.000000	0.000000
434.999216	__gene_A_rbs	148.000000	0.000000	0.000000
434.999216	__gene_B_rbs	158.000000	0.000000	0.000000
434.999216	__gene_C_rbs	154.000000	0.000000	0.000000
434.999216	__gene_D_rbs	164.000000	0.000000	0.000000
434.999216	__gene_E_rbs	162.000000	0.000000	0.000000
434.999216	__gene_F_rbs	112.000000	0.000000	0.000000
434.999216	__gene_G_rbs	76.000000	0.000000	0.000000
434.999216	__gene_H_rbs	53.000000	0.000000	0.000000
434.999216	__gene_J_rbs	157.000000	0.000000	0.000000
434.999216	__gene_K_rbs	155.000000	0.000000	0.000000
434.999216	__ribosome	0.000000	0.000000	0.000000
434.999216	bound_ecolipol	1909.000000	0.000000	0.000000
434.999216	bound_ribosome	100.000000	0.000000	0.000000
434.999216	ecoli_genome	91.000000	0.000000	0.000000
434.999216	ecoli_transcript	33105.000000	0.000000	0.000000
434.999216	ecolipol	48.000000	0.000000	0.000000
434.999216	gene_A	217.000000	148.000000	0.067568
434.999216	gene_A*	125.000000	144.000000	0.013889
434.999216	gene_B	121.000000	158.000000	0.006329
434.999216	gene_C	101.000000	155.000000	0.006452
434.999216	gene_D	136.000000	165.000000	0.024242
434.999216	gene_E	119.000000	162.000000	0.012346
434.999216	gene_F	76.000000	112.000000	0.044643
434.999216	gene_G	20.000000	76.000000	0.263158
434.999216	gene_H	0.000000	53.000000	0.358491
434.999216	gene_J	75.000000	158.000000	0.215190
434.999216	gene_K	121.000000	155.000000	0.012903
434.999216	promoter_A	0.000000	0.000000	0.000000
434.999216	promoter_B1	1.000000	0.000000	0.000000
434.999216	promoter_D	0.000000	0.000000	0.000000
439.999313	__gene_A*_rbs	144.000000	0.000000	0.000000
439.999313	__gene_A_rbs	152.000000	0.000000	0.000000
439.999313	__gene_B_rbs	160.000000	0.000000	0.000000
439.999313	__gene_C_rbs	155.000000	0.000000	0.000000
439.999313	__gene_D_rbs	167.000000	0.000000	0.000000
439.999313	__gene_E_rbs	165.000000	0.000000	0.000000
439.999313	__gene_F_rbs	115.000000	0.000000	0.000000
439.999313	__gene_G_rbs	76.000000	0.000000	0.000000
439.999313	__gene_H_rbs	53.000000	0.000000	0.000000
439.999313	__gene_J_rbs	161.000000	0.000000	0.000000
439.999313	__gene_K_rbs	157.000000	0.000000	0.000000
439.999313	__ribosome	0.000000	0.000000	0.000000
439.999313	bound_ecolipol	1894.000000	0.000000	0.000000
439.999313	bound_ribosome	100.000000	0.000000	0.000000
439.999313	ecoli_genome	106.000000	0.000000	0.000000
439.999313	ecoli_transcript	33536.000000	0.000000	0.000000
439.999313	ecolipol	61.000000	0.000000	0.000000
439.999313	gene_A	218.000000	152.000000	0.065789
439.999313	gene_A*	125.000000	144.000000	0.013889
439.999313	gene_B	122.000000	160.000000	0.000000
439.999313	gene_C	102.000000	156.000000	0.006410
439.999313	gene_D	137.000000	167.000000	0.017964
439.999313	gene_E	119.000000	165.000000	0.018182
439.999313	gene_F	77.000000	115.000000	0.034783
439.999313	gene_G	20.000000	76.000000	0.263158
439.999313	gene_H	0.000000	53.000000	0.358491
439.999313	gene_J	75.000000	161.000000	0.229814
439.999313	gene_K	122.000000	157.000000	0.006369
439.999313	promoter_A	0.000000	0.000000	0.000000
439.999313	promoter_B1	1.000000	0.000000	0.000000
439.999313	promoter_D	0.000000	0.000000	0.000000
444.999343	__gene_A*_rbs	146.000000	0.000000	0.000000
444.999343	__gene_A_rbs	153.000000	0.000000	0.000000
444.999343	__gene_B_rbs	161.000000	0.000000	0.000000
444.999343	__gene_C_rbs	157.000000	0.000000	0.000000
444.999343	__gene_D_rbs	169.000000	0.000000	0.000000
444.999343	__gene_E_rbs	167.000000	0.000000	0.000000
444.999343	__gene_F_rbs	117.000000	0.000000	0.000000
444.999343	__gene_G_rbs	77.000000	0.000000	0.000000
444.999343	__gene_H_rbs	53.000000	0.000000	0.000000
444.999343	__gene_J_rbs	163.000000	0.000000	0.000000
444.999343	__gene_K_rbs	158.000000	0.000000	0.000000
444.999343	__ribosome	0.000000	0.000000	0.000000
444.999343	bound_ecolipol	1900.000000	0.000000	0.000000
444.999343	bound_ribosome	100.000000	0.000000	0.000000
444.999343	ecoli_genome	100.000000	0.000000	0.000000
444.999343	ecoli_transcript	33946.000000	0.000000	0.000000
444.999343	ecolipol	55.000000	0.000000	0.000000
444.999343	gene_A	219.000000	153.000000	0.071895
444.999343	gene_A*	126.000000	147.000000	0.013605
444.999343	gene_B	122.000000	161.000000	0.006211
444.999343	gene_C	103.000000	157.000000	0.000000
444.999343	gene_D	138.000000	169.000000	0.023669
444.999343	gene_E	121.000000	167.000000	0.005988
444.999343	gene_F	77.000000	117.000000	0.034188
444.999343	gene_G	20.000000	77.000000	0.259740
444.999343	gene_H	0.000000	53.000000	0.358491
444.999343	gene_J	77.000000	163.000000	0.214724
444.999343	gene_K	123.000000	158.000000	0.018987
444.999343	promoter_A	1.000000	0.000000	0.000000
444.999343	promoter_B1	1.000000	0.000000	0.000000
444.999343	promoter_D	0.000000	0.000000	0.000000
449.999218	__gene_A*_rbs	147.000000	0.000000	0.000000
449.999218	__gene_A_rbs	153.000000	0.000000	0.000000
449.999218	__gene_B_rbs	162.000000	0.000000	0.000000
449.999218	__gene_C_rbs	158.000000	0.000000	0.000000
449.999218	__gene_D_rbs	171.000000	0.000000	0.000000
449.999218	__gene_E_rbs	169.000000	0.000000	0.000000
449.999218	__gene_F_rbs	119.000000	0.000000	0.000000
449.999218	__gene_G_rbs	78.000000	0.000000	0.000000
449.999218	__gene_H_rbs	54.000000	0.000000	0.000000
449.999218	__gene_J_rbs	166.000000	0.000000	0.000000
449.999218	__gene_K_rbs	160.000000	0.000000	0.000000
449.999218	__ribosome	0.000000	0.000000	0.000000
449.999218	bound_ecolipol	1904.000000	0.000000	0.000000
449.999218	bound_ribosome	100.000000	0.000000	0.000000
449.999218	ecoli_genome	96.000000	0.000000	0.000000
449.999218	ecoli_transcript	34327.000000	0.000000	0.000000
449.999218	ecolipol	54.000000	0.000000	0.000000
449.999218	gene_A	221.000000	153.000000	0.058824
449.999218	gene_A*	126.000000	148.000000	0.013514
449.999218	gene_B	122.000000	162.000000	0.018519
449.999218	gene_C	103.000000	159.000000	0.012579
449.999218	gene_D	139.000000	171.000000	0.023392
449.999218	gene_E	122.000000	169.000000	0.005917
449.999218	gene_F	77.000000	119.000000	0.033613
449.999218	gene_G	20.000000	78.000000	0.256410
449.999218	gene_H	0.000000	54.000000	0.370370
449.999218	gene_J	77.000000	166.000000	0.210843
449.999218	gene_K	126.000000	160.000000	0.000000
449.999218	promoter_A	1.000000	0.000000	0.000000
449.999218	promoter_B1	0.000000	0.000000	0.000000
449.999218	promoter_D	1.000000	0.000000	0.000000
454.999250	__gene_A*_rbs	151.000000	0.000000	0.000000
454.999250	__gene_A_rbs	153.000000	0.000000	0.000000
454.999250	__gene_B_rbs	163.000000	0.000000	0.000000
454.999250	__gene_C_rbs	159.000000	0.000000	0.000000
454.999250	__gene_D_rbs	173.000000	0.000000	0.000000
454.999250	__gene_E_rbs	170.000000	0.000000	0.000000
454.999250	__gene_F_rbs	122.000000	0.000000	0.000000
454.999250	__gene_G_rbs	80.000000	0.000000	0.000000
454.999250	__gene_H_rbs	54.000000	0.000000	0.000000
454.999250	__gene_J_rbs	169.000000	0.000000	0.000000
454.999250	__gene_K_rbs	161.000000	0.000000	0.000000
454.999250	__ribosome	0.000000	0.000000	0.000000
454.999250	bound_ecolipol	1898.000000	0.000000	0.000000
454.999250	bound_ribosome	100.000000	0.000000	0.000000
454.999250	ecoli_genome	102.000000	0.000000	0.000000
454.999250	ecoli_transcript	34725.000000	0.000000	0.000000
454.999250	ecolipol	59.000000	0.000000	0.000000
454.999250	gene_A	222.000000	154.000000	0.071429
454.999250	gene_A*	127.000000	151.000000	0.006623
454.999250	gene_B	123.000000	163.000000	0.012270
454.999250	gene_C	104.000000	160.000000	0.006250
454.999250	gene_D	140.000000	173.000000	0.017341
454.999250	gene_E	122.000000	171.000000	0.005848
454.999250	gene_F	77.000000	122.000000	0.032787
454.999250	gene_G	20.000000	80.000000	0.262500
454.999250	gene_H	0.000000	54.000000	0.388889
454.999250	gene_J	77.000000	169.000000	0.207101
454.999250	gene_K	126.000000	161.000000	0.000000
454.999250	promoter_A	1.000000	0.000000	0.000000
454.999250	promoter_B1	0.000000	0.000000	0.000000
454.999250	promoter_D	0.000000	0.000000	0.000000
459.999100	__gene_A*_rbs	151.000000	0.000000	0.000000
459.999100	__gene_A_rbs	155.000000	0.000000	0.000000
459.999100	__gene_B_rbs	165.000000	0.000000	0.000000
459.999100	__gene_C_rbs	161.000000	0.000000	0.000000
459.999100	__gene_D_rbs	175.000000	0.000000	0.000000
459.999100	__gene_E_rbs	173.000000	0.000000	0.000000
459.999100	__gene_F_rbs	124.000000	0.000000	0.000000
459.999100	__gene_G_rbs	82.000000	0.000000	0.000000
459.999100	__gene_H_rbs	54.000000	0.000000	0.000000
459.999100	__gene_J_rbs	170.000000	0.000000	0.000000
459.999100	__gene_K_rbs	162.000000	0.000000	0.000000
459.999100	__ribosome	0.000000	0.000000	0.000000
459.999100	bound_ecolipol	1902.000000	0.000000	0.000000
459.999100	bound_ribosome	100.000000	0.000000	0.000000
459.999100	ecoli_genome	98.000000	0.000000	0.000000
459.999100	ecoli_transcript	35104.000000	0.000000	0.000000
459.999100	ecolipol	54.000000	0.000000	0.000000
459.999100	gene_A	223.000000	155.000000	0.070968
459.999100	gene_A*	127.000000	153.000000	0.019608
459.999100	gene_B	125.000000	166.000000	0.000000
459.999100	gene_C	105.000000	162.000000	0.006173
459.999100	gene_D	142.000000	175.000000	0.011429
459.999100	gene_E	123.000000	173.000000	0.005780
459.999100	gene_F	79.000000	124.000000	0.016129
459.999100	gene_G	20.000000	82.000000	0.268293
459.999100	gene_H	0.000000	54.000000	0.388889
459.999100	gene_J	77.000000	170.000000	0.211765
459.999100	gene_K	126.000000	162.000000	0.006173
459.999100	promoter_A	1.000000	0.000000	0.000000
459.999100	promoter_B1	0.000000	0.000000	0.000000
459.999100	promoter_D	1.000000	0.000000	0.000000
464.999024	__gene_A*_rbs	153.000000	0.000000	0.000000
464.999024	__gene_A_rbs	157.000000	0.000000	0.000000
464.999024	__gene_B_rbs	168.000000	0.000000	0.000000
464.999024	__gene_C_rbs	163.000000	0.000000	0.000000
464.999024	__gene_D_rbs	176.000000	0.000000	0.000000
464.999024	__gene_E_rbs	175.000000	0.000000	0.000000
464.999024	__gene_F_rbs	125.000000	0.000000	0.000000
464.999024	__gene_G_rbs	84.000000	0.000000	0.000000
464.999024	__gene_H_rbs	55.000000	0.000000	0.000000
464.999024	__gene_J_rbs	172.000000	0.000000	0.000000
464.999024	__gene_K_rbs	163.000000	0.000000	0.000000
464.999024	__ribosome	0.000000	0.000000	0.000000
464.999024	bound_ecolipol	1909.000000	0.000000	0.000000
464.999024	bound_ribosome	100.000000	0.000000	0.000000
464.999024	ecoli_genome	91.000000	0.000000	0.000000
464.999024	ecoli_transcript	35461.000000	0.000000	0.000000
464.999024	ecolipol	46.000000	0.000000	0.000000
464.999024	gene_A	224.000000	157.000000	0.063694
464.999024	gene_A*	127.000000	153.000000	0.026144
464.999024	gene_B	125.000000	168.000000	0.000000
464.999024	gene_C	105.000000	163.000000	0.012270
464.999024	gene_D	143.000000	176.000000	0.011364
464.999024	gene_E	123.000000	175.000000	0.011429
464.999024	gene_F	80.000000	125.000000	0.008000
464.999024	gene_G	20.000000	84.000000	0.261905
464.999024	gene_H	0.000000	55.000000	0.381818
464.999024	gene_J	77.000000	172.000000	0.209302
464.999024	gene_K	127.000000	163.000000	0.000000
464.999024	promoter_A	0.000000	0.000000	0.000000
464.999024	promoter_B1	0.000000	0.000000	0.000000
464.999024	promoter_D	0.000000	0.000000	0.000000
469.999244	__gene_A*_rbs	154.000000	0.000000	0.000000
469.999244	__gene_A_rbs	159.000000	0.000000	0.000000
469.999244	__gene_B_rbs	171.000000	0.000000	0.000000
469.999244	__gene_C_rbs	165.000000	0.000000	0.000000
469.999244	__gene_D_rbs	178.000000	0.000000	0.000000
469.999244	__gene_E_rbs	176.000000	0.000000	0.000000
469.999244	__gene_F_rbs	126.000000	0.000000	0.000000
469.999244	__gene_G_rbs	84.000000	0.000000	0.000000
469.999244	__gene_H_rbs	57.000000	0.000000	0.000000
469.999244	__gene_J_rbs	174.000000	0.000000	0.000000
469.999244	__gene_K_rbs	166.000000	0.000000	0.000000
469.999244	__ribosome	0.000000	0.000000	0.000000
469.999244	bound_ecolipol	1903.000000	0.000000	0.000000
469.999244	bound_ribosome	100.000000	0.000000	0.000000
469.999244	ecoli_genome	97.000000	0.000000	0.000000
469.999244	ecoli_transcript	35856.000000	0.000000	0.000000
469.999244	ecolipol	48.000000	0.000000	0.000000
469.999244	gene_A	225.000000	159.000000	0.056604
469.999244	gene_A*	127.000000	154.000000	0.025974
469.999244	gene_B	125.000000	171.000000	0.005848
469.999244	gene_C	106.000000	165.000000	0.012121
469.999244	gene_D	143.000000	178.000000	0.011236
469.999244	gene_E	124.000000	176.000000	0.017045
469.999244	gene_F	81.000000	126.000000	0.000000
469.999244	gene_G	20.000000	84.000000	0.261905
469.999244	gene_H	0.000000	57.000000	0.368421
469.999244	gene_J	77.000000	174.000000	0.206897
469.999244	gene_K	127.000000	166.000000	0.000000
469.999244	promoter_A	1.000000	0.000000	0.000000
469.999244	promoter_B1	0.000000	0.000000	0.000000
469.999244	promoter_D	0.000000	0.000000	0.000000
474.999243	__gene_A*_rbs	154.000000	0.000000	0.000000
474.999243	__gene_A_rbs	159.000000	0.000000	0.000000
474.999243	__gene_B_rbs	174.000000	0.000000	0.000000
474.999243	__gene_C_rbs	167.000000	0.000000	0.000000
474.999243	__gene_D_rbs	179.000000	0.000000	0.000000
474.999243	__gene_E_rbs	178.000000	0.000000	0.000000
474.999243	__gene_F_rbs	127.000000	0.000000	0.000000
474.999243	__gene_G_rbs	86.000000	0.000000	0.000000
474.999243	__gene_H_rbs	58.000000	0.000000	0.000000
474.999243	__gene_J_rbs	175.000000	0.000000	0.000000
474.999243	__gene_K_rbs	168.000000	0.000000	0.000000
474.999243	__ribosome	0.000000	0.000000	0.000000
474.999243	bound_ecolipol	1901.000000	0.000000	0.000000
474.999243	bound_ribosome	100.000000	0.000000	0.000000
474.999243	ecoli_genome	99.000000	0.000000	0.000000
474.999243	ecoli_transcript	36233.000000	0.000000	0.000000
474.999243	ecolipol	51.000000	0.000000	0.000000
474.999243	gene_A	225.000000	159.000000	0.062893
474.999243	gene_A*	127.000000	155.000000	0.032258
474.999243	gene_B	125.000000	174.000000	0.005747
474.999243	gene_C	107.000000	167.000000	0.005988
474.999243	gene_D	144.000000	179.000000	0.005587
474.999243	gene_E	126.000000	178.000000	0.011236
474.999243	gene_F	81.000000	127.000000	0.000000
474.999243	gene_G	22.000000	86.000000	0.232558
474.999243	gene_H	0.000000	58.000000	0.362069
474.999243	gene_J	77.000000	175.000000	0.217143
474.999243	gene_K	127.000000	168.000000	0.005952
474.999243	promoter_A	0.000000	0.000000	0.000000
474.999243	promoter_B1	0.000000	0.000000	0.000000
474.999243	promoter_D	0.000000	0.000000	0.000000
479.999412	__gene_A*_rbs	156.000000	0.000000	0.000000
479.999412	__gene_A_rbs	160.000000	0.000000	0.000000
479.999412	__gene_B_rbs	174.000000	0.000000	0.000000
479.999412	__gene_C_rbs	168.000000	0.000000	0.000000
479.999412	__gene_D_rbs	182.000000	0.000000	0.000000
479.999412	__gene_E_rbs	179.000000	0.000000	0.000000
479.999412	__gene_F_rbs	127.000000	0.000000	0.000000
479.999412	__gene_G_rbs	87.000000	0.000000	0.000000
479.999412	__gene_H_rbs	59.000000	0.000000	0.000000
479.999412	__gene_J_rbs	176.000000	0.000000	0.000000
479.999412	__gene_K_rbs	169.000000	0.000000	0.000000
479.999412	__ribosome	0.000000	0.000000	0.000000
479.999412	bound_ecolipol	1891.000000	0.000000	0.000000
479.999412	bound_ribosome	100.000000	0.000000	0.000000
479.999412	ecoli_genome	109.000000	0.000000	0.000000
479.999412	ecoli_transcript	36646.000000	0.000000	0.000000
479.999412	ecolipol	66.000000	0.000000	0.000000
479.999412	gene_A	225.000000	160.000000	0.068750
479.999412	gene_A*	128.000000	156.000000	0.032051
479.999412	gene_B	125.000000	175.000000	0.011429
479.999412	gene_C	108.000000	169.000000	0.000000
479.999412	gene_D	145.000000	182.000000	0.000000
479.999412	gene_E	127.000000	179.000000	0.022346
479.999412	gene_F	81.000000	127.000000	0.000000
479.999412	gene_G	22.000000	87.000000	0.229885
479.999412	gene_H	0.000000	59.000000	0.372881
479.999412	gene_J	79.000000	176.000000	0.204545
479.999412	gene_K	128.000000	171.000000	0.000000
479.999412	promoter_A	0.000000	0.000000	0.000000
479.999412	promoter_B1	1.000000	0.000000	0.000000
479.999412	promoter_D	1.000000	0.000000	0.000000
484.999536	__gene_A*_rbs	159.000000	0.000000	0.000000
484.999536	__gene_A_rbs	161.000000	0.000000	0.000000
484.999536	__gene_B_rbs	176.000000	0.000000	0.000000
484.999536	__gene_C_rbs	171.000000	0.000000	0.000000
484.999536	__gene_D_rbs	184.000000	0.000000	0.000000
484.999536	__gene_E_rbs	182.000000	0.000000	0.000000
484.999536	__gene_F_rbs	129.000000	0.000000	0.000000
484.999536	__gene_G_rbs	88.000000	0.000000	0.000000
484.999536	__gene_H_rbs	59.000000	0.000000	0.000000
484.999536	__gene_J_rbs	179.000000	0.000000	0.000000
484.999536	__gene_K_rbs	172.000000	0.000000	0.000000
484.999536	__ribosome	0.000000	0.000000	0.000000
484.999536	bound_ecolipol	1903.000000	0.000000	0.000000
484.999536	bound_ribosome	100.000000	0.000000	0.000000
484.999536	ecoli_genome	97.000000	0.000000	0.000000
484.999536	ecoli_transcript	37025.000000	0.000000	0.000000
484.999536	ecolipol	53.000000	0.000000	0.000000
484.999536	gene_A	227.000000	161.000000	0.062112
484.999536	gene_A*	128.000000	159.000000	0.031447
484.999536	gene_B	126.000000	176.000000	0.011364
484.999536	gene_C	108.000000	172.000000	0.000000
484.999536	gene_D	145.000000	184.000000	0.000000
484.999536	gene_E	128.000000	182.000000	0.021978
484.999536	gene_F	81.000000	129.000000	0.000000
484.999536	gene_G	22.000000	88.000000	0.227273
484.999536	gene_H	0.000000	59.000000	0.372881
484.999536	gene_J	79.000000	179.000000	0.201117
484.999536	gene_K	128.000000	173.000000	0.005780
484.999536	promoter_A	0.000000	0.000000	0.000000
484.999536	promoter_B1	0.000000	0.000000	0.000000
484.999536	promoter_D	0.000000	0.000000	0.000000
489.999057	__gene_A*_rbs	159.000000	0.000000	0.000000
489.999057	__gene_A_rbs	164.000000	0.000000	0.000000
489.999057	__gene_B_rbs	177.000000	0.000000	0.000000
489.999057	__gene_C_rbs	173.000000	0.000000	0.000000
489.999057	__gene_D_rbs	187.000000	0.000000	0.000000
489.999057	__gene_E_rbs	184.000000	0.000000	0.000000
489.999057	__gene_F_rbs	131.000000	0.000000	0.000000
489.999057	__gene_G_rbs	88.000000	0.000000	0.000000
489.999057	__gene_H_rbs	60.000000	0.000000	0.000000
489.999057	__gene_J_rbs	180.000000	0.000000	0.000000
489.999057	__gene_K_rbs	173.000000	0.000000	0.000000
489.999057	__ribosome	0.000000	0.000000	0.000000
489.999057	bound_ecolipol	1903.000000	0.000000	0.000000
489.999057	bound_ribosome	100.000000	0.000000	0.000000
489.999057	ecoli_genome	97.000000	0.000000	0.000000
489.999057	ecoli_transcript	37389.000000	0.000000	0.000000
489.999057	ecolipol	53.000000	0.000000	0.000000
489.999057	gene_A	228.000000	164.000000	0.060976
489.999057	gene_A*	128.000000	159.000000	0.031447
489.999057	gene_B	126.000000	177.000000	0.011299
489.999057	gene_C	108.000000	175.000000	0.005714
489.999057	gene_D	145.000000	187.000000	0.000000
489.999057	gene_E	132.000000	184.000000	0.000000
489.999057	gene_F	81.000000	131.000000	0.000000
489.999057	gene_G	22.000000	88.000000	0.227273
489.999057	gene_H	0.000000	60.000000	0.366667
489.999057	gene_J	79.000000	180.000000	0.200000
489.999057	gene_K	129.000000	175.000000	0.022857
489.999057	promoter_A	1.000000	0.000000	0.000000
489.999057	promoter_B1	0.000000	0.000000	0.000000
489.999057	promoter_D	0.000000	0.000000	0.000000
494.999358	__gene_A*_rbs	160.000000	0.000000	0.000000
494.999358	__gene_A_rbs	164.000000	0.000000	0.000000
494.999358	__gene_B_rbs	178.000000	0.000000	0.000000
494.999358	__gene_C_rbs	174.000000	0.000000	0.000000
494.999358	__gene_D_rbs	189.000000	0.000000	0.000000
494.999358	__gene_E_rbs	186.000000	0.000000	0.000000
494.999358	__gene_F_rbs	132.000000	0.000000	0.000000
494.999358	__gene_G_rbs	91.000000	0.000000	0.000000
494.999358	__gene_H_rbs	61.000000	0.000000	0.000000
494.999358	__gene_J_rbs	182.000000	0.000000	0.000000
494.999358	__gene_K_rbs	176.000000	0.000000	0.000000
494.999358	__ribosome	0.000000	0.000000	0.000000
494.999358	bound_ecolipol	1897.000000	0.000000	0.000000
494.999358	bound_ribosome	100.000000	0.000000	0.000000
494.999358	ecoli_genome	103.000000	0.000000	0.000000
494.999358	ecoli_transcript	37774.000000	0.000000	0.000000
494.999358	ecolipol	59.000000	0.000000	0.000000
494.999358	gene_A	229.000000	165.000000	0.072727
494.999358	gene_A*	130.000000	160.000000	0.018750
494.999358	gene_B	128.000000	178.000000	0.000000
494.999358	gene_C	108.000000	176.000000	0.011364
494.999358	gene_D	145.000000	189.000000	0.015873
494.999358	gene_E	132.000000	187.000000	0.005348
494.999358	gene_F	81.000000	132.000000	0.000000
494.999358	gene_G	22.000000	91.000000	0.219780
494.999358	gene_H	0.000000	61.000000	0.360656
494.999358	gene_J	79.000000	182.000000	0.197802
494.999358	gene_K	133.000000	176.000000	0.005682
494.999358	promoter_A	1.000000	0.000000	0.000000
494.999358	promoter_B1	1.000000	0.000000	0.000000
494.999358	promoter_D	0.000000	0.000000	0.000000
499.999200	__gene_A*_rbs	160.000000	0.000000	0.000000
499.999200	__gene_A_rbs	166.000000	0.000000	0.000000
499.999200	__gene_B_rbs	181.000000	0.000000	0.000000
499.999200	__gene_C_rbs	176.000000	0.000000	0.000000
499.999200	__gene_D_rbs	191.000000	0.000000	0.000000
499.999200	__gene_E_rbs	189.000000	0.000000	0.000000
499.999200	__gene_F_rbs	133.000000	0.000000	0.000000
499.999200	__gene_G_rbs	93.000000	0.000000	0.000000
499.999200	__gene_H_rbs	62.000000	0.000000	0.000000
499.999200	__gene_J_rbs	184.000000	0.000000	0.000000
499.999200	__gene_K_rbs	177.000000	0.000000	0.000000
499.999200	__ribosome	0.000000	0.000000	0.000000
499.999200	bound_ecolipol	1906.000000	0.000000	0.000000
499.999200	bound_ribosome	100.000000	0.000000	0.000000
499.999200	ecoli_genome	94.000000	0.000000	0.000000
499.999200	ecoli_transcript	38143.000000	0.000000	0.000000
499.999200	ecolipol	54.000000	0.000000	0.000000
499.999200	gene_A	230.000000	166.000000	0.072289
499.999200	gene_A*	131.000000	161.000000	0.012422
499.999200	gene_B	128.000000	181.000000	0.005525
499.999200	gene_C	109.000000	176.000000	0.005682
499.999200	gene_D	145.000000	191.000000	0.020942
499.999200	gene_E	132.000000	189.000000	0.005291
499.999200	gene_F	81.000000	133.000000	0.000000
499.999200	gene_G	22.000000	93.000000	0.225806
499.999200	gene_H	0.000000	62.000000	0.354839
499.999200	gene_J	80.000000	184.000000	0.195652
499.999200	gene_K	134.000000	177.000000	0.000000
499.999200	promoter_A	1.000000	0.000000	0.000000
499.999200	promoter_B1	0.000000	0.000000	0.000000
499.999200	promoter_D	0.000000	0.000000	0.000000
504.999755	__gene_A*_rbs	164.000000	0.000000	0.000000
504.999755	__gene_A_rbs	168.000000	0.000000	0.000000
504.999755	__gene_B_rbs	182.000000	0.000000	0.000000
504.999755	__gene_C_rbs	177.000000	0.000000	0.000000
504.999755	__gene_D_rbs	192.000000	0.000000	0.000000
504.999755	__gene_E_rbs	191.000000	0.000000	0.000000
504.999755	__gene_F_rbs	135.000000	0.000000	0.000000
504.999755	__gene_G_rbs	94.000000	0.000000	0.000000
504.999755	__gene_H_rbs	62.000000	0.000000	0.000000
504.999755	__gene_J_rbs	188.000000	0.000000	0.000000
504.999755	__gene_K_rbs	178.000000	0.000000	0.000000
504.999755	__ribosome	0.000000	0.000000	0.000000
504.999755	bound_ecolipol	1896.000000	0.000000	0.000000
504.999755	bound_ribosome	100.000000	0.000000	0.000000
504.999755	ecoli_genome	104.000000	0.000000	0.000000
504.999755	ecoli_transcript	38543.000000	0.000000	0.000000
504.999755	ecolipol	62.000000	0.000000	0.000000
504.999755	gene_A	231.000000	168.000000	0.065476
504.999755	gene_A*	131.000000	164.000000	0.012195
504.999755	gene_B	128.000000	182.000000	0.005495
504.999755	gene_C	110.000000	177.000000	0.005650
504.999755	gene_D	145.000000	192.000000	0.020833
504.999755	gene_E	133.000000	191.000000	0.005236
504.999755	gene_F	81.000000	135.000000	0.000000
504.999755	gene_G	22.000000	94.000000	0.234043
504.999755	gene_H	0.000000	62.000000	0.354839
504.999755	gene_J	80.000000	188.000000	0.191489
504.999755	gene_K	134.000000	178.000000	0.000000
504.999755	promoter_A	1.000000	0.000000	0.000000
504.999755	promoter_B1	0.000000	0.000000	0.000000
504.999755	promoter_D	1.000000	0.000000	0.000000
509.999301	__gene_A*_rbs	165.000000	0.000000	0.000000
509.999301	__gene_A_rbs	170.000000	0.000000	0.000000
509.999301	__gene_B_rbs	183.000000	0.000000	0.000000
509.999301	__gene_C_rbs	179.000000	0.000000	0.000000
509.999301	__gene_D_rbs	194.000000	0.000000	0.000000
509.999301	__gene_E_rbs	192.000000	0.000000	0.000000
509.999301	__gene_F_rbs	137.000000	0.000000	0.000000
509.999301	__gene_G_rbs	95.000000	0.000000	0.000000
509.999301	__gene_H_rbs	64.000000	0.000000	0.000000
509.999301	__gene_J_rbs	190.000000	0.000000	0.000000
509.999301	__gene_K_rbs	181.000000	0.000000	0.000000
509.999301	__ribosome	0.000000	0.000000	0.000000
509.999301	bound_ecolipol	1895.000000	0.000000	0.000000
509.999301	bound_ribosome	100.000000	0.000000	0.000000
509.999301	ecoli_genome	105.000000	0.000000	0.000000
509.999301	ecoli_transcript	38950.000000	0.000000	0.000000
509.999301	ecolipol	63.000000	0.000000	0.000000
509.999301	gene_A	234.000000	170.000000	0.052941
509.999301	gene_A*	132.000000	165.000000	0.018182
509.999301	gene_B	128.000000	183.000000	0.005464
509.999301	gene_C	111.000000	179.000000	0.000000
509.999301	gene_D	148.000000	194.000000	0.005155
509.999301	gene_E	133.000000	192.000000	0.010417
509.999301	gene_F	81.000000	137.000000	0.021898
509.999301	gene_G	22.000000	95.000000	0.242105
509.999301	gene_H	0.000000	64.000000	0.343750
509.999301	gene_J	80.000000	190.000000	0.189474
509.999301	gene_K	134.000000	181.000000	0.000000
509.999301	promoter_A	0.000000	0.000000	0.000000
509.999301	promoter_B1	1.000000	0.000000	0.000000
509.999301	promoter_D	0.000000	0.000000	0.000000
514.999148	__gene_A*_rbs	165.000000	0.000000	0.000000
514.999148	__gene_A_rbs	171.000000	0.000000	0.000000
514.999148	__gene_B_rbs	185.000000	0.000000	0.000000
514.999148	__gene_C_rbs	182.000000	0.000000	0.000000
514.999148	__gene_D_rbs	195.000000	0.000000	0.000000
514.999148	__gene_E_rbs	194.000000	0.000000	0.000000
514.999148	__gene_F_rbs	139.000000	0.000000	0.000000
514.999148	__gene_G_rbs	96.000000	0.000000	0.000000
514.999148	__gene_H_rbs	65.000000	0.000000	0.000000
514.999148	__gene_J_rbs	192.000000	0.000000	0.000000
514.999148	__gene_K_rbs	182.000000	0.000000	0.000000
514.999148	__ribosome	0.000000	0.000000	0.000000
514.999148	bound_ecolipol	1900.000000	0.000000	0.000000
514.999148	bound_ribosome	100.000000	0.000000	0.000000
514.999148	ecoli_genome	100.000000	0.000000	0.000000
514.999148	ecoli_transcript	39345.000000	0.000000	0.000000
514.999148	ecolipol	59.000000	0.000000	0.000000
514.999148	gene_A	234.000000	171.000000	0.058480
514.999148	gene_A*	133.000000	166.000000	0.012048
514.999148	gene_B	129.000000	185.000000	0.005405
514.999148	gene_C	111.000000	182.000000	0.000000
514.999148	gene_D	149.000000	195.000000	0.000000
514.999148	gene_E	134.000000	194.000000	0.005155
514.999148	gene_F	81.000000	139.000000	0.028777
514.999148	gene_G	22.000000	96.000000	0.239583
514.999148	gene_H	0.000000	65.000000	0.338462
514.999148	gene_J	80.000000	192.000000	0.192708
514.999148	gene_K	134.000000	182.000000	0.000000
514.999148	promoter_A	0.000000	0.000000	0.000000
514.999148	promoter_B1	0.000000	0.000000	0.000000
514.999148	promoter_D	0.000000	0.000000	0.000000
519.999349	__gene_A*_rbs	168.000000	0.000000	0.000000
519.999349	__gene_A_rbs	172.000000	0.000000	0.000000
519.999349	__gene_B_rbs	186.000000	0.000000	0.000000
519.999349	__gene_C_rbs	183.000000	0.000000	0.000000
519.999349	__gene_D_rbs	199.000000	0.000000	0.000000
519.999349	__gene_E_rbs	195.000000	0.000000	0.000000
519.999349	__gene_F_rbs	140.000000	0.000000	0.000000
519.999349	__gene_G_rbs	96.000000	0.000000	0.000000
519.999349	__gene_H_rbs	65.000000	0.000000	0.000000
519.999349	__gene_J_rbs	192.000000	0.000000	0.000000
519.999349	__gene_K_rbs	183.000000	0.000000	0.000000
519.999349	__ribosome	0.000000	0.000000	0.000000
519.999349	bound_ecolipol	1912.000000	0.000000	0.000000
519.999349	bound_ribosome	100.000000	0.000000	0.000000
519.999349	ecoli_genome	88.000000	0.000000	0.000000
519.999349	ecoli_transcript	39715.000000	0.000000	0.000000
519.999349	ecolipol	47.000000	0.000000	0.000000
519.999349	gene_A	234.000000	172.000000	0.058140
519.999349	gene_A*	133.000000	168.000000	0.017857
519.999349	gene_B	129.000000	186.000000	0.005376
519.999349	gene_C	111.000000	183.000000	0.000000
519.999349	gene_D	149.000000	199.000000	0.005025
519.999349	gene_E	135.000000	195.000000	0.000000
519.999349	gene_F	81.000000	140.000000	0.028571
519.999349	gene_G	23.000000	96.000000	0.229167
519.999349	gene_H	0.000000	65.000000	0.338462
519.999349	gene_J	80.000000	192.000000	0.192708
519.999349	gene_K	134.000000	183.000000	0.000000
519.999349	promoter_A	1.000000	0.000000	0.000000
519.999349	promoter_B1	1.000000	0.000000	0.000000
519.999349	promoter_D	0.000000	0.000000	0.000000
524.999167	__gene_A*_rbs	170.000000	0.000000	0.000000
524.999167	__gene_A_rbs	174.000000	0.000000	0.000000
524.999167	__gene_B_rbs	189.000000	0.000000	0.000000
524.999167	__gene_C_rbs	185.000000	0.000000	0.000000
524.999167	__gene_D_rbs	200.000000	0.000000	0.000000
524.999167	__gene_E_rbs	198.000000	0.000000	0.000000
524.999167	__gene_F_rbs	141.000000	0.000000	0.000000
524.999167	__gene_G_rbs	97.000000	0.000000	0.000000
524.999167	__gene_H_rbs	65.000000	0.000000	0.000000
524.999167	__gene_J_rbs	195.000000	0.000000	0.000000
524.999167	__gene_K_rbs	185.000000	0.000000	0.000000
524.999167	__ribosome	0.000000	0.000000	0.000000
524.999167	bound_ecolipol	1906.000000	0.000000	0.000000
524.999167	bound_ribosome	100.000000	0.000000	0.000000
524.999167	ecoli_genome	94.000000	0.000000	0.000000
524.999167	ecoli_transcript	40056.000000	0.000000	0.000000
524.999167	ecolipol	52.000000	0.000000	0.000000
524.999167	gene_A	235.000000	174.000000	0.057471
524.999167	gene_A*	133.000000	170.000000	0.017647
524.999167	gene_B	130.000000	189.000000	0.000000
524.999167	gene_C	111.000000	185.000000	0.000000
524.999167	gene_D	149.000000	200.000000	0.005000
524.999167	gene_E	135.000000	198.000000	0.000000
524.999167	gene_F	81.000000	141.000000	0.035461
524.999167	gene_G	23.000000	97.000000	0.226804
524.999167	gene_H	0.000000	65.000000	0.338462
524.999167	gene_J	80.000000	195.000000	0.189744
524.999167	gene_K	134.000000	185.000000	0.000000
524.999167	promoter_A	1.000000	0.000000	0.000000
524.999167	promoter_B1	0.000000	0.000000	0.000000
524.999167	promoter_D	0.000000	0.000000	0.000000
529.999116	__gene_A*_rbs	171.000000	0.000000	0.000000
529.999116	__gene_A_rbs	176.000000	0.000000	0.000000
529.999116	__gene_B_rbs	188.000000	0.000000	0.000000
529.999116	__gene_C_rbs	185.000000	0.000000	0.000000
529.999116	__gene_D_rbs	201.000000	0.000000	0.000000
529.999116	__gene_E_rbs	200.000000	0.000000	0.000000
529.999116	__gene_F_rbs	142.000000	0.000000	0.000000
529.999116	__gene_G_rbs	99.000000	0.000000	0.000000
529.999116	__gene_H_rbs	66.000000	0.000000	0.000000
529.999116	__gene_J_rbs	196.000000	0.000000	0.000000
529.999116	__gene_K_rbs	186.000000	0.000000	0.000000
529.999116	__ribosome	0.000000	0.000000	0.000000
529.999116	bound_ecolipol	1905.000000	0.000000	0.000000
529.999116	bound_ribosome	100.000000	0.000000	0.000000
529.999116	ecoli_genome	95.000000	0.000000	0.000000
529.999116	ecoli_transcript	40428.000000	0.000000	0.000000
529.999116	ecolipol	54.000000	0.000000	0.000000
529.999116	gene_A	235.000000	176.000000	0.056818
529.999116	gene_A*	133.000000	171.000000	0.017544
529.999116	gene_B	130.000000	189.000000	0.000000
529.999116	gene_C	111.000000	185.000000	0.000000
529.999116	gene_D	149.000000	201.000000	0.004975
529.999116	gene_E	135.000000	200.000000	0.000000
529.999116	gene_F	81.000000	142.000000	0.035211
529.999116	gene_G	23.000000	99.000000	0.222222
529.999116	gene_H	0.000000	66.000000	0.333333
529.999116	gene_J	80.000000	196.000000	0.188776
529.999116	gene_K	134.000000	186.000000	0.000000
529.999116	promoter_A	0.000000	0.000000	0.000000
529.999116	promoter_B1	1.000000	0.000000	0.000000
529.999116	promoter_D	0.000000	0.000000	0.000000
534.999667	__gene_A*_rbs	172.000000	0.000000	0.000000
534.999667	__gene_A_rbs	177.000000	0.000000	0.000000
534.999667	__gene_B_rbs	191.000000	0.000000	0.000000
534.999667	__gene_C_rbs	187.000000	0.000000	0.000000
534.999667	__gene_D_rbs	203.000000	0.000000	0.000000
534.999667	__gene_E_rbs	201.000000	0.000000	0.000000
534.999667	__gene_F_rbs	143.000000	0.000000	0.000000
534.999667	__gene_G_rbs	100.000000	0.000000	0.000000
534.999667	__gene_H_rbs	66.000000	0.000000	0.000000
534.999667	__gene_J_rbs	199.000000	0.000000	0.000000
534.999667	__gene_K_rbs	189.000000	0.000000	0.000000
534.999667	__ribosome	0.000000	0.000000	0.000000
534.999667	bound_ecolipol	1909.000000	0.000000	0.000000
534.999667	bound_ribosome	100.000000	0.000000	0.000000
534.999667	ecoli_genome	91.000000	0.000000	0.000000
534.999667	ecoli_transcript	40791.000000	0.000000	0.000000
534.999667	ecolipol	47.000000	0.000000	0.000000
534.999667	gene_A	236.000000	177.000000	0.050847
534.999667	gene_A*	133.000000	172.000000	0.017442
534.999667	gene_B	130.000000	192.000000	0.000000
534.999667	gene_C	111.000000	187.000000	0.005348
534.999667	gene_D	150.000000	203.000000	0.000000
534.999667	gene_E	135.000000	201.000000	0.000000
534.999667	gene_F	81.000000	143.000000	0.034965
534.999667	gene_G	23.000000	100.000000	0.220000
534.999667	gene_H	0.000000	66.000000	0.333333
534.999667	gene_J	80.000000	199.000000	0.190955
534.999667	gene_K	134.000000	189.000000	0.000000
534.999667	promoter_A	1.000000	0.000000	0.000000
534.999667	promoter_B1	0.000000	0.000000	0.000000
534.999667	promoter_D	1.000000	0.000000	0.000000
539.999056	__gene_A*_rbs	174.000000	0.000000	0.000000
539.999056	__gene_A_rbs	179.000000	0.000000	0.000000
539.999056	__gene_B_rbs	193.000000	0.000000	0.000000
539.999056	__gene_C_rbs	189.000000	0.000000	0.000000
539.999056	__gene_D_rbs	205.000000	0.000000	0.000000
539.999056	__gene_E_rbs	203.000000	0.000000	0.000000
539.999056	__gene_F_rbs	146.000000	0.000000	0.000000
539.999056	__gene_G_rbs	100.000000	0.000000	0.000000
539.999056	__gene_H_rbs	67.000000	0.000000	0.000000
539.999056	__gene_J_rbs	201.000000	0.000000	0.000000
539.999056	__gene_K_rbs	188.000000	0.000000	0.000000
539.999056	__ribosome	0.000000	0.000000	0.000000
539.999056	bound_ecolipol	1903.000000	0.000000	0.000000
539.999056	bound_ribosome	100.000000	0.000000	0.000000
539.999056	ecoli_genome	97.000000	0.000000	0.000000
539.999056	ecoli_transcript	41182.000000	0.000000	0.000000
539.999056	ecolipol	53.000000	0.000000	0.000000
539.999056	gene_A	237.000000	179.000000	0.044693
539.999056	gene_A*	133.000000	174.000000	0.017241
539.999056	gene_B	130.000000	194.000000	0.005155
539.999056	gene_C	112.000000	189.000000	0.000000
539.999056	gene_D	150.000000	205.000000	0.009756
539.999056	gene_E	135.000000	203.000000	0.000000
539.999056	gene_F	81.000000	146.000000	0.034247
539.999056	gene_G	23.000000	100.000000	0.220000
539.999056	gene_H	0.000000	67.000000	0.328358
539.999056	gene_J	81.000000	201.000000	0.184080
539.999056	gene_K	134.000000	189.000000	0.000000
539.999056	promoter_A	1.000000	0.000000	0.000000
539.999056	promoter_B1	0.000000	0.000000	0.000000
539.999056	promoter_D	0.000000	0.000000	0.000000
544.999117	__gene_A*_rbs	176.000000	0.000000	0.000000
544.999117	__gene_A_rbs	181.000000	0.000000	0.000000
544.999117	__gene_B_rbs	196.000000	0.000000	0.000000
544.999117	__gene_C_rbs	190.000000	0.000000	0.000000
544.999117	__gene_D_rbs	208.000000	0.000000	0.000000
544.999117	__gene_E_rbs	205.000000	0.000000	0.000000
544.999117	__gene_F_rbs	147.000000	0.000000	0.000000
544.999117	__gene_G_rbs	103.000000	0.000000	0.000000
544.999117	__gene_H_rbs	68.000000	0.000000	0.000000
544.999117	__gene_J_rbs	202.000000	0.000000	0.000000
544.999117	__gene_K_rbs	192.000000	0.000000	0.000000
544.999117	__ribosome	0.000000	0.000000	0.000000
544.999117	bound_ecolipol	1900.000000	0.000000	0.000000
544.999117	bound_ribosome	100.000000	0.000000	0.000000
544.999117	ecoli_genome	100.000000	0.000000	0.000000
544.999117	ecoli_transcript	41596.000000	0.000000	0.000000
544.999117	ecolipol	55.000000	0.000000	0.000000
544.999117	gene_A	239.000000	181.000000	0.033149
544.999117	gene_A*	135.000000	176.000000	0.005682
544.999117	gene_B	130.000000	196.000000	0.005102
544.999117	gene_C	112.000000	190.000000	0.005263
544.999117	gene_D	150.000000	208.000000	0.019231
544.999117	gene_E	135.000000	205.000000	0.000000
544.999117	gene_F	81.000000	147.000000	0.034014
544.999117	gene_G	23.000000	103.000000	0.213592
544.999117	gene_H	0.000000	68.000000	0.323529
544.999117	gene_J	81.000000	202.000000	0.188119
544.999117	gene_K	134.000000	192.000000	0.000000
544.999117	promoter_A	0.000000	0.000000	0.000000
544.999117	promoter_B1	0.000000	0.000000	0.000000
544.999117	promoter_D	1.000000	0.000000	0.000000
549.999372	__gene_A*_rbs	177.000000	0.000000	0.000000
549.999372	__gene_A_rbs	182.000000	0.000000	0.000000
549.999372	__gene_B_rbs	198.000000	0.000000	0.000000
549.999372	__gene_C_rbs	191.000000	0.000000	0.000000
549.999372	__gene_D_rbs	208.000000	0.000000	0.000000
549.999372	__gene_E_rbs	208.000000	0.000000	0.000000
549.999372	__gene_F_rbs	148.000000	0.000000	0.000000
549.999372	__gene_G_rbs	104.000000	0.000000	0.000000
549.999372	__gene_H_rbs	70.000000	0.000000	0.000000
549.999372	__gene_J_rbs	203.000000	0.000000	0.000000
549.999372	__gene_K_rbs	194.000000	0.000000	0.000000
549.999372	__ribosome	0.000000	0.000000	0.000000
549.999372	bound_ecolipol	1908.000000	0.000000	0.000000
549.999372	bound_ribosome	100.000000	0.000000	0.000000
549.999372	ecoli_genome	92.000000	0.000000	0.000000
549.999372	ecoli_transcript	41983.000000	0.000000	0.000000
549.999372	ecolipol	47.000000	0.000000	0.000000
549.999372	gene_A	241.000000	182.000000	0.021978
549.999372	gene_A*	135.000000	177.000000	0.011299
549.999372	gene_B	130.000000	198.000000	0.005051
549.999372	gene_C	112.000000	193.000000	0.010363
549.999372	gene_D	150.000000	208.000000	0.024038
549.999372	gene_E	135.000000	208.000000	0.004808
549.999372	gene_F	83.000000	148.000000	0.020270
549.999372	gene_G	23.000000	104.000000	0.211538
549.999372	gene_H	0.000000	70.000000	0.314286
549.999372	gene_J	81.000000	203.000000	0.187192
549.999372	gene_K	134.000000	194.000000	0.000000
549.999372	promoter_A	0.000000	0.000000	0.000000
549.999372	promoter_B1	0.000000	0.000000	0.000000
549.999372	promoter_D	0.000000	0.000000	0.000000
554.999086	__gene_A*_rbs	179.000000	0.000000	0.000000
554.999086	__gene_A_rbs	184.000000	0.000000	0.000000
554.999086	__gene_B_rbs	199.000000	0.000000	0.000000
554.999086	__gene_C_rbs	195.000000	0.000000	0.000000
554.999086	__gene_D_rbs	211.000000	0.000000	0.000000
554.999086	__gene_E_rbs	208.000000	0.000000	0.000000
554.999086	__gene_F_rbs	149.000000	0.000000	0.000000
554.999086	__gene_G_rbs	105.000000	0.000000	0.000000
554.999086	__gene_H_rbs	70.000000	0.000000	0.000000
554.999086	__gene_J_rbs	206.000000	0.000000	0.000000
554.999086	__gene_K_rbs	196.000000	0.000000	0.000000
554.999086	__ribosome	0.000000	0.000000	0.000000
554.999086	bound_ecolipol	1902.000000	0.000000	0.000000
554.999086	bound_ribosome	100.000000	0.000000	0.000000
554.999086	ecoli_genome	98.000000	0.000000	0.000000
554.999086	ecoli_transcript	42387.000000	0.000000	0.000000
554.999086	ecolipol	54.000000	0.000000	0.000000
554.999086	gene_A	242.000000	184.000000	0.016304
554.999086	gene_A*	136.000000	179.000000	0.016760
554.999086	gene_B	131.000000	199.000000	0.005025
554.999086	gene_C	113.000000	195.000000	0.010256
554.999086	gene_D	152.000000	211.000000	0.023697
554.999086	gene_E	135.000000	208.000000	0.004808
554.999086	gene_F	85.000000	149.000000	0.006711
554.999086	gene_G	23.000000	105.000000	0.219048
554.999086	gene_H	0.000000	70.000000	0.314286
554.999086	gene_J	81.000000	206.000000	0.189320
554.999086	gene_K	134.000000	196.000000	0.000000
554.999086	promoter_A	1.000000	0.000000	0.000000
554.999086	promoter_B1	0.000000	0.000000	0.000000
554.999086	promoter_D	0.000000	0.000000	0.000000
559.999107	__gene_A*_rbs	180.000000	0.000000	0.000000
559.999107	__gene_A_rbs	185.000000	0.000000	0.000000
559.999107	__gene_B_rbs	201.000000	0.000000	0.000000
559.999107	__gene_C_rbs	197.000000	0.000000	0.000000
559.999107	__gene_D_rbs	213.000000	0.000000	0.000000
559.999107	__gene_E_rbs	210.000000	0.000000	0.000000
559.999107	__gene_F_rbs	150.000000	0.000000	0.000000
559.999107	__gene_G_rbs	106.000000	0.000000	0.000000
559.999107	__gene_H_rbs	71.000000	0.000000	0.000000
559.999107	__gene_J_rbs	208.000000	0.000000	0.000000
559.999107	__gene_K_rbs	198.000000	0.000000	0.000000
559.999107	__ribosome	0.000000	0.000000	0.000000
559.999107	bound_ecolipol	1911.000000	0.000000	0.000000
559.999107	bound_ribosome	100.000000	0.000000	0.000000
559.999107	ecoli_genome	89.000000	0.000000	0.000000
559.999107	ecoli_transcript	42745.000000	0.000000	0.000000
559.999107	ecolipol	46.000000	0.000000	0.000000
559.999107	gene_A	242.000000	185.000000	0.016216
559.999107	gene_A*	136.000000	180.000000	0.022222
559.999107	gene_B	131.000000	201.000000	0.004975
559.999107	gene_C	114.000000	197.000000	0.010152
559.999107	gene_D	154.000000	213.000000	0.014085
559.999107	gene_E	136.000000	210.000000	0.004762
559.999107	gene_F	85.000000	150.000000	0.006667
559.999107	gene_G	23.000000	106.000000	0.216981
559.999107	gene_H	0.000000	71.000000	0.309859
559.999107	gene_J	82.000000	208.000000	0.182692
559.999107	gene_K	134.000000	198.000000	0.010101
559.999107	promoter_A	0.000000	0.000000	0.000000
559.999107	promoter_B1	1.000000	0.000000	0.000000
559.999107	promoter_D	0.000000	0.000000	0.000000
564.999477	__gene_A*_rbs	183.000000	0.000000	0.000000
564.999477	__gene_A_rbs	186.000000	0.000000	0.000000
564.999477	__gene_B_rbs	203.000000	0.000000	0.000000
564.999477	__gene_C_rbs	198.000000	0.000000	0.000000
564.999477	__gene_D_rbs	215.000000	0.000000	0.000000
564.999477	__gene_E_rbs	213.000000	0.000000	0.000000
564.999477	__gene_F_rbs	151.000000	0.000000	0.000000
564.999477	__gene_G_rbs	107.000000	0.000000	0.000000
564.999477	__gene_H_rbs	73.000000	0.000000	0.000000
564.999477	__gene_J_rbs	209.000000	0.000000	0.000000
564.999477	__gene_K_rbs	199.000000	0.000000	0.000000
564.999477	__ribosome	0.000000	0.000000	0.000000
564.999477	bound_ecolipol	1914.000000	0.000000	0.000000
564.999477	bound_ribosome	100.000000	0.000000	0.000000
564.999477	ecoli_genome	86.000000	0.000000	0.000000
564.999477	ecoli_transcript	43121.000000	0.000000	0.000000
564.999477	ecolipol	44.000000	0.000000	0.000000
564.999477	gene_A	244.000000	186.000000	0.005376
564.999477	gene_A*	136.000000	183.000000	0.021858
564.999477	gene_B	132.000000	203.000000	0.000000
564.999477	gene_C	115.000000	198.000000	0.005051
564.999477	gene_D	155.000000	216.000000	0.018519
564.999477	gene_E	136.000000	213.000000	0.004695
564.999477	gene_F	85.000000	151.000000	0.019868
564.999477	gene_G	23.000000	107.000000	0.214953
564.999477	gene_H	0.000000	73.000000	0.301370
564.999477	gene_J	82.000000	209.000000	0.186603
564.999477	gene_K	135.000000	199.000000	0.010050
564.999477	promoter_A	1.000000	0.000000	0.000000
564.999477	promoter_B1	1.000000	0.000000	0.000000
564.999477	promoter_D	1.000000	0.000000	0.000000
569.999331	__gene_A*_rbs	184.000000	0.000000	0.000000
569.999331	__gene_A_rbs	187.000000	0.000000	0.000000
569.999331	__gene_B_rbs	203.000000	0.000000	0.000000
569.999331	__gene_C_rbs	198.000000	0.000000	0.000000
569.999331	__gene_D_rbs	217.000000	0.000000	0.000000
569.999331	__gene_E_rbs	216.000000	0.000000	0.000000
569.999331	__gene_F_rbs	152.000000	0.000000	0.000000
569.999331	__gene_G_rbs	108.000000	0.000000	0.000000
569.999331	__gene_H_rbs	73.000000	0.000000	0.000000
569.999331	__gene_J_rbs	211.000000	0.000000	0.000000
569.999331	__gene_K_rbs	200.000000	0.000000	0.000000
569.999331	__ribosome	0.000000	0.000000	0.000000
569.999331	bound_ecolipol	1906.000000	0.000000	0.000000
569.999331	bound_ribosome	100.000000	0.000000	0.000000
569.999331	ecoli_genome	94.000000	0.000000	0.000000
569.999331	ecoli_transcript	43518.000000	0.000000	0.000000
569.999331	ecolipol	52.000000	0.000000	0.000000
569.999331	gene_A	244.000000	187.000000	0.005348
569.999331	gene_A*	136.000000	184.000000	0.021739
569.999331	gene_B	132.000000	204.000000	0.014706
569.999331	gene_C	116.000000	199.000000	0.000000
569.999331	gene_D	157.000000	217.000000	0.013825
569.999331	gene_E	137.000000	216.000000	0.004630
569.999331	gene_F	86.000000	152.000000	0.019737
569.999331	gene_G	24.000000	108.000000	0.212963
569.999331	gene_H	0.000000	73.000000	0.301370
569.999331	gene_J	83.000000	211.000000	0.180095
569.999331	gene_K	137.000000	201.000000	0.009950
569.999331	promoter_A	0.000000	0.000000	0.000000
569.999331	promoter_B1	0.000000	0.000000	0.000000
569.999331	promoter_D	0.000000	0.000000	0.000000
574.999039	__gene_A*_rbs	185.000000	0.000000	0.000000
574.999039	__gene_A_rbs	190.000000	0.000000	0.000000
574.999039	__gene_B_rbs	206.000000	0.000000	0.000000
574.999039	__gene_C_rbs	202.000000	0.000000	0.000000
574.999039	__gene_D_rbs	219.000000	0.000000	0.000000
574.999039	__gene_E_rbs	217.000000	0.000000	0.000000
574.999039	__gene_F_rbs	154.000000	0.000000	0.000000
574.999039	__gene_G_rbs	108.000000	0.000000	0.000000
574.999039	__gene_H_rbs	73.000000	0.000000	0.000000
574.999039	__gene_J_rbs	214.000000	0.000000	0.000000
574.999039	__gene_K_rbs	203.000000	0.000000	0.000000
574.999039	__ribosome	0.000000	0.000000	0.000000
574.999039	bound_ecolipol	1917.000000	0.000000	0.000000
574.999039	bound_ribosome	100.000000	0.000000	0.000000
574.999039	ecoli_genome	83.000000	0.000000	0.000000
574.999039	ecoli_transcript	43895.000000	0.000000	0.000000
574.999039	ecolipol	41.000000	0.000000	0.000000
574.999039	gene_A	245.000000	190.000000	0.005263
574.999039	gene_A*	136.000000	185.000000	0.027027
574.999039	gene_B	132.000000	206.000000	0.014563
574.999039	gene_C	116.000000	202.000000	0.000000
574.999039	gene_D	157.000000	219.000000	0.013699
574.999039	gene_E	138.000000	217.000000	0.004608
574.999039	gene_F	86.000000	154.000000	0.019481
574.999039	gene_G	24.000000	108.000000	0.212963
574.999039	gene_H	0.000000	73.000000	0.315068
574.999039	gene_J	83.000000	214.000000	0.177570
574.999039	gene_K	139.000000	203.000000	0.000000
574.999039	promoter_A	0.000000	0.000000	0.000000
574.999039	promoter_B1	0.000000	0.000000	0.000000
574.999039	promoter_D	1.000000	0.000000	0.000000
579.999120	__gene_A*_rbs	185.000000	0.000000	0.000000
579.999120	__gene_A_rbs	193.000000	0.000000	0.000000
579.999120	__gene_B_rbs	208.000000	0.000000	0.000000
579.999120	__gene_C_rbs	203.000000	0.000000	0.000000
579.999120	__gene_D_rbs	221.000000	0.000000	0.000000
579.999120	__gene_E_rbs	219.000000	0.000000	0.000000
579.999120	__gene_F_rbs	157.000000	0.000000	0.000000
579.999120	__gene_G_rbs	109.000000	0.000000	0.000000
579.999120	__gene_H_rbs	74.000000	0.000000	0.000000
579.999120	__gene_J_rbs	214.000000	0.000000	0.000000
579.999120	__gene_K_rbs	204.000000	0.000000	0.000000
579.999120	__ribosome	0.000000	0.000000	0.000000
579.999120	bound_ecolipol	1901.000000	0.000000	0.000000
579.999120	bound_ribosome	100.000000	0.000000	0.000000
579.999120	ecoli_genome	99.000000	0.000000	0.000000
579.999120	ecoli_transcript	44280.000000	0.000000	0.000000
579.999120	ecolipol	56.000000	0.000000	0.000000
579.999120	gene_A	245.000000	193.000000	0.010363
579.999120	gene_A*	136.000000	186.000000	0.032258
579.999120	gene_B	135.000000	208.000000	0.000000
579.999120	gene_C	116.000000	203.000000	0.000000
579.999120	gene_D	158.000000	221.000000	0.009050
579.999120	gene_E	138.000000	219.000000	0.004566
579.999120	gene_F	86.000000	157.000000	0.019108
579.999120	gene_G	24.000000	109.000000	0.220183
579.999120	gene_H	0.000000	74.000000	0.310811
579.999120	gene_J	83.000000	216.000000	0.175926
579.999120	gene_K	139.000000	204.000000	0.004902
579.999120	promoter_A	0.000000	0.000000	0.000000
579.999120	promoter_B1	0.000000	0.000000	0.000000
579.999120	promoter_D	0.000000	0.000000	0.000000
584.999108	__gene_A*_rbs	187.000000	0.000000	0.000000
584.999108	__gene_A_rbs	194.000000	0.000000	0.000000
584.999108	__gene_B_rbs	210.000000	0.000000	0.000000
584.999108	__gene_C_rbs	205.000000	0.000000	0.000000
584.999108	__gene_D_rbs	223.000000	0.000000	0.000000
584.999108	__gene_E_rbs	221.000000	0.000000	0.000000
584.999108	__gene_F_rbs	159.000000	0.000000	0.000000
584.999108	__gene_G_rbs	110.000000	0.000000	0.000000
584.999108	__gene_H_rbs	75.000000	0.000000	0.000000
584.999108	__gene_J_rbs	218.000000	0.000000	0.000000
584.999108	__gene_K_rbs	206.000000	0.000000	0.000000
584.999108	__ribosome	0.000000	0.000000	0.000000
584.999108	bound_ecolipol	1910.000000	0.000000	0.000000
584.999108	bound_ribosome	100.000000	0.000000	0.000000
584.999108	ecoli_genome	90.000000	0.000000	0.000000
584.999108	ecoli_transcript	44635.000000	0.000000	0.000000
584.999108	ecolipol	45.000000	0.000000	0.000000
584.999108	gene_A	245.000000	194.000000	0.015464
584.999108	gene_A*	137.000000	187.000000	0.026738
584.999108	gene_B	135.000000	210.000000	0.000000
584.999108	gene_C	116.000000	205.000000	0.004878
584.999108	gene_D	160.000000	223.000000	0.000000
584.999108	gene_E	139.000000	221.000000	0.000000
584.999108	gene_F	86.000000	159.000000	0.031447
584.999108	gene_G	24.000000	110.000000	0.218182
584.999108	gene_H	0.000000	75.000000	0.320000
584.999108	gene_J	83.000000	218.000000	0.174312
584.999108	gene_K	140.000000	206.000000	0.000000
584.999108	promoter_A	1.000000	0.000000	0.000000
584.999108	promoter_B1	0.000000	0.000000	0.000000
584.999108	promoter_D	1.000000	0.000000	0.000000
589.999157	__gene_A*_rbs	190.000000	0.000000	0.000000
589.999157	__gene_A_rbs	195.000000	0.000000	0.000000
589.999157	__gene_B_rbs	212.000000	0.000000	0.000000
589.999157	__gene_C_rbs	207.000000	0.000000	0.000000
589.999157	__gene_D_rbs	224.000000	0.000000	0.000000
589.999157	__gene_E_rbs	223.000000	0.000000	0.000000
589.999157	__gene_F_rbs	160.000000	0.000000	0.000000
589.999157	__gene_G_rbs	110.000000	0.000000	0.000000
589.999157	__gene_H_rbs	75.000000	0.000000	0.000000
589.999157	__gene_J_rbs	219.000000	0.000000	0.000000
589.999157	__gene_K_rbs	207.000000	0.000000	0.000000
589.999157	__ribosome	0.000000	0.000000	0.000000
589.999157	bound_ecolipol	1892.000000	0.000000	0.000000
589.999157	bound_ribosome	100.000000	0.000000	0.000000
589.999157	ecoli_genome	108.000000	0.000000	0.000000
589.999157	ecoli_transcript	45036.000000	0.000000	0.000000
589.999157	ecolipol	65.000000	0.000000	0.000000
589.999157	gene_A	245.000000	195.000000	0.025641
589.999157	gene_A*	140.000000	190.000000	0.010526
589.999157	gene_B	135.000000	212.000000	0.000000
589.999157	gene_C	116.000000	207.000000	0.004831
589.999157	gene_D	160.000000	224.000000	0.004464
589.999157	gene_E	139.000000	223.000000	0.004484
589.999157	gene_F	86.000000	160.000000	0.031250
589.999157	gene_G	25.000000	110.000000	0.209091
589.999157	gene_H	0.000000	75.000000	0.320000
589.999157	gene_J	83.000000	219.000000	0.173516
589.999157	gene_K	140.000000	207.000000	0.000000
589.999157	promoter_A	0.000000	0.000000	0.000000
589.999157	promoter_B1	0.000000	0.000000	0.000000
589.999157	promoter_D	0.000000	0.000000	0.000000
594.999001	__gene_A*_rbs	193.000000	0.000000	0.000000
594.999001	__gene_A_rbs	198.000000	0.000000	0.000000
594.999001	__gene_B_rbs	214.000000	0.000000	0.000000
594.999001	__gene_C_rbs	209.000000	0.000000	0.000000
594.999001	__gene_D_rbs	226.000000	0.000000	0.000000
594.999001	__gene_E_rbs	223.000000	0.000000	0.000000
594.999001	__gene_F_rbs	161.000000	0.000000	0.000000
594.999001	__gene_G_rbs	111.000000	0.000000	0.000000
594.999001	__gene_H_rbs	76.000000	0.000000	0.000000
594.999001	__gene_J_rbs	222.000000	0.000000	0.000000
594.999001	__gene_K_rbs	210.000000	0.000000	0.000000
594.999001	__ribosome	0.000000	0.000000	0.000000
594.999001	bound_ecolipol	1906.000000	0.000000	0.000000
594.999001	bound_ribosome	100.000000	0.000000	0.000000
594.999001	ecoli_genome	94.000000	0.000000	0.000000
594.999001	ecoli_transcript	45400.000000	0.000000	0.000000
594.999001	ecolipol	49.000000	0.000000	0.000000
594.999001	gene_A	245.000000	198.000000	0.025253
594.999001	gene_A*	140.000000	193.000000	0.010363
594.999001	gene_B	135.000000	214.000000	0.000000
594.999001	gene_C	117.000000	209.000000	0.004785
594.999001	gene_D	160.000000	226.000000	0.004425
594.999001	gene_E	139.000000	224.000000	0.004464
594.999001	gene_F	86.000000	161.000000	0.031056
594.999001	gene_G	25.000000	111.000000	0.207207
594.999001	gene_H	0.000000	76.000000	0.315789
594.999001	gene_J	83.000000	222.000000	0.171171
594.999001	gene_K	140.000000	210.000000	0.000000
594.999001	promoter_A	0.000000	0.000000	0.000000
594.999001	promoter_B1	1.000000	0.000000	0.000000
594.999001	promoter_D	0.000000	0.000000	0.000000
599.999350	__gene_A*_rbs	194.000000	0.000000	0.000000
599.999350	__gene_A_rbs	199.000000	0.000000	0.000000
599.999350	__gene_B_rbs	214.000000	0.000000	0.000000
599.999350	__gene_C_rbs	211.000000	0.000000	0.000000
599.999350	__gene_D_rbs	228.000000	0.000000	0.000000
599.999350	__gene_E_rbs	227.000000	0.000000	0.000000
599.999350	__gene_F_rbs	164.000000	0.000000	0.000000
599.999350	__gene_G_rbs	112.000000	0.000000	0.000000
599.999350	__gene_H_rbs	77.000000	0.000000	0.000000
599.999350	__gene_J_rbs	223.000000	0.000000	0.000000
599.999350	__gene_K_rbs	212.000000	0.000000	0.000000
599.999350	__ribosome	0.000000	0.000000	0.000000
599.999350	bound_ecolipol	1903.000000	0.000000	0.000000
599.999350	bound_ribosome	100.000000	0.000000	0.000000
599.999350	ecoli_genome	97.000000	0.000000	0.000000
599.999350	ecoli_transcript	45781.000000	0.000000	0.000000
599.999350	ecolipol	52.000000	0.000000	0.000000
599.999350	gene_A	245.000000	199.000000	0.025126
599.999350	gene_A*	140.000000	194.000000	0.010309
599.999350	gene_B	135.000000	215.000000	0.000000
599.999350	gene_C	117.000000	211.000000	0.004739
599.999350	gene_D	160.000000	228.000000	0.008772
599.999350	gene_E	140.000000	227.000000	0.000000
599.999350	gene_F	86.000000	164.000000	0.030488
599.999350	gene_G	26.000000	112.000000	0.196429
599.999350	gene_H	0.000000	77.000000	0.311688
599.999350	gene_J	83.000000	223.000000	0.170404
599.999350	gene_K	140.000000	212.000000	0.004717
599.999350	promoter_A	1.000000	0.000000	0.000000
599.999350	promoter_B1	0.000000	0.000000	0.000000
599.999350	promoter_D	0.000000	0.000000	0.000000
604.999431	__gene_A*_rbs	195.000000	0.000000	0.000000
604.999431	__gene_A_rbs	200.000000	0.000000	0.000000
604.999431	__gene_B_rbs	217.000000	0.000000	0.000000
604.999431	__gene_C_rbs	213.000000	0.000000	0.000000
604.999431	__gene_D_rbs	230.000000	0.000000	0.000000
604.999431	__gene_E_rbs	228.000000	0.000000	0.000000
604.999431	__gene_F_rbs	166.000000	0.000000	0.000000
604.999431	__gene_G_rbs	112.000000	0.000000	0.000000
604.999431	__gene_H_rbs	77.000000	0.000000	0.000000
604.999431	__gene_J_rbs	224.000000	0.000000	0.000000
604.999431	__gene_K_rbs	214.000000	0.000000	0.000000
604.999431	__ribosome	0.000000	0.000000	0.000000
604.999431	bound_ecolipol	1905.000000	0.000000	0.000000
604.999431	bound_ribosome	100.000000	0.000000	0.000000
604.999431	ecoli_genome	95.000000	0.000000	0.000000
604.999431	ecoli_transcript	46199.000000	0.000000	0.000000
604.999431	ecolipol	48.000000	0.000000	0.000000
604.999431	gene_A	245.000000	200.000000	0.025000
604.999431	gene_A*	140.000000	196.000000	0.015306
604.999431	gene_B	135.000000	217.000000	0.000000
604.999431	gene_C	118.000000	213.000000	0.000000
604.999431	gene_D	160.000000	230.000000	0.008696
604.999431	gene_E	140.000000	228.000000	0.004386
604.999431	gene_F	87.000000	166.000000	0.024096
604.999431	gene_G	26.000000	112.000000	0.205357
604.999431	gene_H	0.000000	77.000000	0.311688
604.999431	gene_J	83.000000	225.000000	0.168889
604.999431	gene_K	141.000000	214.000000	0.000000
604.999431	promoter_A	0.000000	0.000000	0.000000
604.999431	promoter_B1	0.000000	0.000000	0.000000
604.999431	promoter_D	0.000000	0.000000	0.000000
609.999110	__gene_A*_rbs	197.000000	0.000000	0.000000
609.999110	__gene_A_rbs	203.000000	0.000000	0.000000
609.999110	__gene_B_rbs	221.000000	0.000000	0.000000
609.999110	__gene_C_rbs	215.000000	0.000000	0.000000
609.999110	__gene_D_rbs	232.000000	0.000000	0.000000
609.999110	__gene_E_rbs	230.000000	0.000000	0.000000
609.999110	__gene_F_rbs	167.000000	0.000000	0.000000
609.999110	__gene_G_rbs	112.000000	0.000000	0.000000
609.999110	__gene_H_rbs	78.000000	0.000000	0.000000
609.999110	__gene_J_rbs	227.000000	0.000000	0.000000
609.999110	__gene_K_rbs	216.000000	0.000000	0.000000
609.999110	__ribosome	0.000000	0.000000	0.000000
609.999110	bound_ecolipol	1903.000000	0.000000	0.000000
609.999110	bound_ribosome	100.000000	0.000000	0.000000
609.999110	ecoli_genome	97.000000	0.000000	0.000000
609.999110	ecoli_transcript	46563.000000	0.000000	0.000000
609.999110	ecolipol	50.000000	0.000000	0.000000
609.999110	gene_A	245.000000	203.000000	0.024631
609.999110	gene_A*	141.000000	197.000000	0.010152
609.999110	gene_B	135.000000	221.000000	0.000000
609.999110	gene_C	118.000000	215.000000	0.000000
609.999110	gene_D	161.000000	232.000000	0.008621
609.999110	gene_E	140.000000	230.000000	0.008696
609.999110	gene_F	88.000000	167.000000	0.017964
609.999110	gene_G	26.000000	112.000000	0.205357
609.999110	gene_H	0.000000	78.000000	0.307692
609.999110	gene_J	83.000000	227.000000	0.167401
609.999110	gene_K	141.000000	216.000000	0.004630
609.999110	promoter_A	1.000000	0.000000	0.000000
609.999110	promoter_B1	0.000000	0.000000	0.000000
609.999110	promoter_D	0.000000	0.000000	0.000000
614.999161	__gene_A*_rbs	199.000000	0.000000	0.000000
614.999161	__gene_A_rbs	205.000000	0.000000	0.000000
614.999161	__gene_B_rbs	223.000000	0.000000	0.000000
614.999161	__gene_C_rbs	215.000000	0.000000	0.000000
614.999161	__gene_D_rbs	235.000000	0.000000	0.000000
614.999161	__gene_E_rbs	233.000000	0.000000	0.000000
614.999161	__gene_F_rbs	167.000000	0.000000	0.000000
614.999161	__gene_G_rbs	115.000000	0.000000	0.000000
614.999161	__gene_H_rbs	78.000000	0.000000	0.000000
614.999161	__gene_J_rbs	229.000000	0.000000	0.000000
614.999161	__gene_K_rbs	216.000000	0.000000	0.000000
614.999161	__ribosome	0.000000	0.000000	0.000000
614.999161	bound_ecolipol	1896.000000	0.000000	0.000000
614.999161	bound_ribosome	100.000000	0.000000	0.000000
614.999161	ecoli_genome	104.000000	0.000000	0.000000
614.999161	ecoli_transcript	46942.000000	0.000000	0.000000
614.999161	ecolipol	56.000000	0.000000	0.000000
614.999161	gene_A	245.000000	205.000000	0.029268
614.999161	gene_A*	141.000000	199.000000	0.010050
614.999161	gene_B	135.000000	223.000000	0.000000
614.999161	gene_C	118.000000	216.000000	0.004630
614.999161	gene_D	162.000000	235.000000	0.008511
614.999161	gene_E	141.000000	233.000000	0.004292
614.999161	gene_F	89.000000	167.000000	0.011976
614.999161	gene_G	26.000000	115.000000	0.200000
614.999161	gene_H	0.000000	78.000000	0.307692
614.999161	gene_J	83.000000	229.000000	0.165939
614.999161	gene_K	142.000000	216.000000	0.004630
614.999161	promoter_A	0.000000	0.000000	0.000000
614.999161	promoter_B1	0.000000	0.000000	0.000000
614.999161	promoter_D	0.000000	0.000000	0.000000
619.999357	__gene_A*_rbs	200.000000	0.000000	0.000000
619.999357	__gene_A_rbs	207.000000	0.000000	0.000000
619.999357	__gene_B_rbs	225.000000	0.000000	0.000000
619.999357	__gene_C_rbs	218.000000	0.000000	0.000000
619.999357	__gene_D_rbs	237.000000	0.000000	0.000000
619.999357	__gene_E_rbs	235.000000	0.000000	0.000000
619.999357	__gene_F_rbs	169.000000	0.000000	0.000000
619.999357	__gene_G_rbs	118.000000	0.000000	0.000000
619.999357	__gene_H_rbs	78.000000	0.000000	0.000000
619.999357	__gene_J_rbs	230.000000	0.000000	0.000000
619.999357	__gene_K_rbs	220.000000	0.000000	0.000000
619.999357	__ribosome	0.000000	0.000000	0.000000
619.999357	bound_ecolipol	1891.000000	0.000000	0.000000
619.999357	bound_ribosome	100.000000	0.000000	0.000000
619.999357	ecoli_genome	109.000000	0.000000	0.000000
619.999357	ecoli_transcript	47300.000000	0.000000	0.000000
619.999357	ecolipol	60.000000	0.000000	0.000000
619.999357	gene_A	245.000000	207.000000	0.028986
619.999357	gene_A*	142.000000	200.000000	0.005000
619.999357	gene_B	135.000000	225.000000	0.004444
619.999357	gene_C	118.000000	218.000000	0.004587
619.999357	gene_D	162.000000	237.000000	0.012658
619.999357	gene_E	142.000000	235.000000	0.000000
619.999357	gene_F	89.000000	169.000000	0.011834
619.999357	gene_G	26.000000	118.000000	0.194915
619.999357	gene_H	0.000000	78.000000	0.307692
619.999357	gene_J	83.000000	231.000000	0.164502
619.999357	gene_K	143.000000	220.000000	0.004545
619.999357	promoter_A	0.000000	0.000000	0.000000
619.999357	promoter_B1	0.000000	0.000000	0.000000
619.999357	promoter_D	1.000000	0.000000	0.000000
624.999606	__gene_A*_rbs	203.000000	0.000000	0.000000
624.999606	__gene_A_rbs	208.000000	0.000000	0.000000
624.999606	__gene_B_rbs	226.000000	0.000000	0.000000
624.999606	__gene_C_rbs	222.000000	0.000000	0.000000
624.999606	__gene_D_rbs	237.000000	0.000000	0.000000
624.999606	__gene_E_rbs	237.000000	0.000000	0.000000
624.999606	__gene_F_rbs	170.000000	0.000000	0.000000
624.999606	__gene_G_rbs	120.000000	0.000000	0.000000
624.999606	__gene_H_rbs	78.000000	0.000000	0.000000
624.999606	__gene_J_rbs	234.000000	0.000000	0.000000
624.999606	__gene_K_rbs	223.000000	0.000000	0.000000
624.999606	__ribosome	0.000000	0.000000	0.000000
624.999606	bound_ecolipol	1893.000000	0.000000	0.000000
624.999606	bound_ribosome	100.000000	0.000000	0.000000
624.999606	ecoli_genome	107.000000	0.000000	0.000000
624.999606	ecoli_transcript	47709.000000	0.000000	0.000000
624.999606	ecolipol	60.000000	0.000000	0.000000
624.999606	gene_A	245.000000	208.000000	0.033654
624.999606	gene_A*	142.000000	203.000000	0.004926
624.999606	gene_B	135.000000	227.000000	0.004405
624.999606	gene_C	119.000000	222.000000	0.000000
624.999606	gene_D	163.000000	237.000000	0.016878
624.999606	gene_E	142.000000	237.000000	0.000000
624.999606	gene_F	89.000000	170.000000	0.017647
624.999606	gene_G	27.000000	120.000000	0.183333
624.999606	gene_H	0.000000	78.000000	0.307692
624.999606	gene_J	83.000000	234.000000	0.162393
624.999606	gene_K	144.000000	223.000000	0.000000
624.999606	promoter_A	0.000000	0.000000	0.000000
624.999606	promoter_B1	1.000000	0.000000	0.000000
624.999606	promoter_D	0.000000	0.000000	0.000000
630.000150	__gene_A*_rbs	204.000000	0.000000	0.000000
630.000150	__gene_A_rbs	210.000000	0.000000	0.000000
630.000150	__gene_B_rbs	229.000000	0.000000	0.000000
630.000150	__gene_C_rbs	222.000000	0.000000	0.000000
630.000150	__gene_D_rbs	241.000000	0.000000	0.000000
630.000150	__gene_E_rbs	237.000000	0.000000	0.000000
630.000150	__gene_F_rbs	171.000000	0.000000	0.000000
630.000150	__gene_G_rbs	121.000000	0.000000	0.000000
630.000150	__gene_H_rbs	79.000000	0.000000	0.000000
630.000150	__gene_J_rbs	236.000000	0.000000	0.000000
630.000150	__gene_K_rbs	225.000000	0.000000	0.000000
630.000150	__ribosome	0.000000	0.000000	0.000000
630.000150	bound_ecolipol	1901.000000	0.000000	0.000000
630.000150	bound_ribosome	100.000000	0.000000	0.000000
630.000150	ecoli_genome	99.000000	0.000000	0.000000
630.000150	ecoli_transcript	48074.000000	0.000000	0.000000
630.000150	ecolipol	54.000000	0.000000	0.000000
630.000150	gene_A	247.000000	210.000000	0.033333
630.000150	gene_A*	142.000000	205.000000	0.009756
630.000150	gene_B	136.000000	229.000000	0.000000
630.000150	gene_C	119.000000	223.000000	0.004484
630.000150	gene_D	164.000000	241.000000	0.012448
630.000150	gene_E	142.000000	237.000000	0.000000
630.000150	gene_F	91.000000	171.000000	0.005848
630.000150	gene_G	27.000000	121.000000	0.181818
630.000150	gene_H	0.000000	79.000000	0.303797
630.000150	gene_J	83.000000	236.000000	0.161017
630.000150	gene_K	144.000000	225.000000	0.008889
630.000150	promoter_A	1.000000	0.000000	0.000000
630.000150	promoter_B1	0.000000	0.000000	0.000000
630.000150	promoter_D	0.000000	0.000000	0.000000
634.999097	__gene_A*_rbs	206.000000	0.000000	0.000000
634.999097	__gene_A_rbs	212.000000	0.000000	0.000000
634.999097	__gene_B_rbs	230.000000	0.000000	0.000000
634.999097	__gene_C_rbs	226.000000	0.000000	0.000000
634.999097	__gene_D_rbs	244.000000	0.000000	0.000000
634.999097	__gene_E_rbs	241.000000	0.000000	0.000000
634.999097	__gene_F_rbs	171.000000	0.000000	0.000000
634.999097	__gene_G_rbs	123.000000	0.000000	0.000000
634.999097	__gene_H_rbs	81.000000	0.000000	0.000000
634.999097	__gene_J_rbs	237.000000	0.000000	0.000000
634.999097	__gene_K_rbs	227.000000	0.000000	0.000000
634.999097	__ribosome	0.000000	0.000000	0.000000
634.999097	bound_ecolipol	1904.000000	0.000000	0.000000
634.999097	bound_ribosome	100.000000	0.000000	0.000000
634.999097	ecoli_genome	96.000000	0.000000	0.000000
634.999097	ecoli_transcript	48458.000000	0.000000	0.000000
634.999097	ecolipol	52.000000	0.000000	0.000000
634.999097	gene_A	248.000000	212.000000	0.028302
634.999097	gene_A*	142.000000	206.000000	0.014563
634.999097	gene_B	136.000000	230.000000	0.000000
634.999097	gene_C	119.000000	226.000000	0.004425
634.999097	gene_D	165.000000	244.000000	0.008197
634.999097	gene_E	142.000000	241.000000	0.008299
634.999097	gene_F	91.000000	171.000000	0.005848
634.999097	gene_G	27.000000	123.000000	0.178862
634.999097	gene_H	0.000000	81.000000	0.296296
634.999097	gene_J	83.000000	237.000000	0.160338
634.999097	gene_K	146.000000	227.000000	0.004405
634.999097	promoter_A	1.000000	0.000000	0.000000
634.999097	promoter_B1	1.000000	0.000000	0.000000
634.999097	promoter_D	1.000000	0.000000	0.000000
639.999167	__gene_A*_rbs	208.000000	0.000000	0.000000
639.999167	__gene_A_rbs	213.000000	0.000000	0.000000
639.999167	__gene_B_rbs	232.000000	0.000000	0.000000
639.999167	__gene_C_rbs	225.000000	0.000000	0.000000
639.999167	__gene_D_rbs	246.000000	0.000000	0.000000
639.999167	__gene_E_rbs	244.000000	0.000000	0.000000
639.999167	__gene_F_rbs	172.000000	0.000000	0.000000
639.999167	__gene_G_rbs	123.000000	0.000000	0.000000
639.999167	__gene_H_rbs	83.000000	0.000000	0.000000
639.999167	__gene_J_rbs	239.000000	0.000000	0.000000
639.999167	__gene_K_rbs	228.000000	0.000000	0.000000
639.999167	__ribosome	0.000000	0.000000	0.000000
639.999167	bound_ecolipol	1901.000000	0.000000	0.000000
639.999167	bound_ribosome	100.000000	0.000000	0.000000
639.999167	ecoli_genome	99.000000	0.000000	0.000000
639.999167	ecoli_transcript	48861.000000	0.000000	0.000000
639.999167	ecolipol	56.000000	0.000000	0.000000
639.999167	gene_A	248.000000	213.000000	0.037559
639.999167	gene_A*	143.000000	208.000000	0.014423
639.999167	gene_B	136.000000	232.000000	0.004310
639.999167	gene_C	120.000000	227.000000	0.004405
639.999167	gene_D	167.000000	246.000000	0.000000
639.999167	gene_E	142.000000	244.000000	0.008197
639.999167	gene_F	91.000000	172.000000	0.005814
639.999167	gene_G	27.000000	123.000000	0.178862
639.999167	gene_H	0.000000	83.000000	0.289157
639.999167	gene_J	83.000000	239.000000	0.158996
639.999167	gene_K	147.000000	228.000000	0.000000
639.999167	promoter_A	1.000000	0.000000	0.000000
639.999167	promoter_B1	0.000000	0.000000	0.000000
639.999167	promoter_D	0.000000	0.000000	0.000000
644.999110	__gene_A*_rbs	208.000000	0.000000	0.000000
644.999110	__gene_A_rbs	214.000000	0.000000	0.000000
644.999110	__gene_B_rbs	234.000000	0.000000	0.000000
644.999110	__gene_C_rbs	229.000000	0.000000	0.000000
644.999110	__gene_D_rbs	248.000000	0.000000	0.000000
644.999110	__gene_E_rbs	245.000000	0.000000	0.000000
644.999110	__gene_F_rbs	173.000000	0.000000	0.000000
644.999110	__gene_G_rbs	124.000000	0.000000	0.000000
644.999110	__gene_H_rbs	84.000000	0.000000	0.000000
644.999110	__gene_J_rbs	241.000000	0.000000	0.000000
644.999110	__gene_K_rbs	230.000000	0.000000	0.000000
644.999110	__ribosome	0.000000	0.000000	0.000000
644.999110	bound_ecolipol	1914.000000	0.000000	0.000000
644.999110	bound_ribosome	100.000000	0.000000	0.000000
644.999110	ecoli_genome	86.000000	0.000000	0.000000
644.999110	ecoli_transcript	49222.000000	0.000000	0.000000
644.999110	ecolipol	44.000000	0.000000	0.000000
644.999110	gene_A	250.000000	214.000000	0.028037
644.999110	gene_A*	143.000000	210.000000	0.014286
644.999110	gene_B	136.000000	234.000000	0.004274
644.999110	gene_C	120.000000	229.000000	0.004367
644.999110	gene_D	167.000000	248.000000	0.004032
644.999110	gene_E	144.000000	245.000000	0.000000
644.999110	gene_F	91.000000	173.000000	0.005780
644.999110	gene_G	27.000000	124.000000	0.185484
644.999110	gene_H	0.000000	84.000000	0.297619
644.999110	gene_J	83.000000	241.000000	0.161826
644.999110	gene_K	147.000000	230.000000	0.000000
644.999110	promoter_A	1.000000	0.000000	0.000000
644.999110	promoter_B1	0.000000	0.000000	0.000000
644.999110	promoter_D	1.000000	0.000000	0.000000
649.999017	__gene_A*_rbs	212.000000	0.000000	0.000000
649.999017	__gene_A_rbs	215.000000	0.000000	0.000000
649.999017	__gene_B_rbs	235.000000	0.000000	0.000000
649.999017	__gene_C_rbs	230.000000	0.000000	0.000000
649.999017	__gene_D_rbs	248.000000	0.000000	0.000000
649.999017	__gene_E_rbs	248.000000	0.000000	0.000000
649.999017	__gene_F_rbs	174.000000	0.000000	0.000000
649.999017	__gene_G_rbs	126.000000	0.000000	0.000000
649.999017	__gene_H_rbs	84.000000	0.000000	0.000000
649.999017	__gene_J_rbs	244.000000	0.000000	0.000000
649.999017	__gene_K_rbs	232.000000	0.000000	0.000000
649.999017	__ribosome	0.000000	0.000000	0.000000
649.999017	bound_ecolipol	1896.000000	0.000000	0.000000
649.999017	bound_ribosome	100.000000	0.000000	0.000000
649.999017	ecoli_genome	104.000000	0.000000	0.000000
649.999017	ecoli_transcript	49606.000000	0.000000	0.000000
649.999017	ecolipol	62.000000	0.000000	0.000000
649.999017	gene_A	250.000000	215.000000	0.027907
649.999017	gene_A*	143.000000	212.000000	0.018868
649.999017	gene_B	137.000000	236.000000	0.000000
649.999017	gene_C	121.000000	230.000000	0.000000
649.999017	gene_D	167.000000	249.000000	0.008032
649.999017	gene_E	144.000000	248.000000	0.000000
649.999017	gene_F	91.000000	174.000000	0.005747
649.999017	gene_G	27.000000	126.000000	0.182540
649.999017	gene_H	0.000000	84.000000	0.297619
649.999017	gene_J	84.000000	244.000000	0.159836
649.999017	gene_K	147.000000	232.000000	0.000000
649.999017	promoter_A	0.000000	0.000000	0.000000
649.999017	promoter_B1	1.000000	0.000000	0.000000
649.999017	promoter_D	0.000000	0.000000	0.000000
654.999351	__gene_A*_rbs	213.000000	0.000000	0.000000
654.999351	__gene_A_rbs	216.000000	0.000000	0.000000
654.999351	__gene_B_rbs	238.000000	0.000000	0.000000
654.999351	__gene_C_rbs	233.000000	0.000000	0.000000
654.999351	__gene_D_rbs	251.000000	0.000000	0.000000
654.999351	__gene_E_rbs	249.000000	0.000000	0.000000
654.999351	__gene_F_rbs	176.000000	0.000000	0.000000
654.999351	__gene_G_rbs	126.000000	0.000000	0.000000
654.999351	__gene_H_rbs	85.000000	0.000000	0.000000
654.999351	__gene_J_rbs	246.000000	0.000000	0.000000
654.999351	__gene_K_rbs	234.000000	0.000000	0.000000
654.999351	__ribosome	0.000000	0.000000	0.000000
654.999351	bound_ecolipol	1900.000000	0.000000	0.000000
654.999351	bound_ribosome	100.000000	0.000000	0.000000
654.999351	ecoli_genome	100.000000	0.000000	0.000000
654.999351	ecoli_transcript	49976.000000	0.000000	0.000000
654.999351	ecolipol	58.000000	0.000000	0.000000
654.999351	gene_A	250.000000	216.000000	0.027778
654.999351	gene_A*	143.000000	213.000000	0.018779
654.999351	gene_B	137.000000	238.000000	0.000000
654.999351	gene_C	121.000000	233.000000	0.000000
654.999351	gene_D	167.000000	251.000000	0.007968
654.999351	gene_E	144.000000	249.000000	0.000000
654.999351	gene_F	91.000000	176.000000	0.005682
654.999351	gene_G	27.000000	126.000000	0.182540
654.999351	gene_H	0.000000	85.000000	0.294118
654.999351	gene_J	84.000000	246.000000	0.158537
654.999351	gene_K	147.000000	234.000000	0.000000
654.999351	promoter_A	0.000000	0.000000	0.000000
654.999351	promoter_B1	0.000000	0.000000	0.000000
654.999351	promoter_D	1.000000	0.000000	0.000000
659.999221	__gene_A*_rbs	214.000000	0.000000	0.000000
659.999221	__gene_A_rbs	218.000000	0.000000	0.000000
659.999221	__gene_B_rbs	239.000000	0.000000	0.000000
659.999221	__gene_C_rbs	236.000000	0.000000	0.000000
659.999221	__gene_D_rbs	253.000000	0.000000	0.000000
659.999221	__gene_E_rbs	251.000000	0.000000	0.000000
659.999221	__gene_F_rbs	178.000000	0.000000	0.000000
659.999221	__gene_G_rbs	127.000000	0.000000	0.000000
659.999221	__gene_H_rbs	86.000000	0.000000	0.000000
659.999221	__gene_J_rbs	248.000000	0.000000	0.000000
659.999221	__gene_K_rbs	236.000000	0.000000	0.000000
659.999221	__ribosome	0.000000	0.000000	0.000000
659.999221	bound_ecolipol	1903.000000	0.000000	0.000000
659.999221	bound_ribosome	100.000000	0.000000	0.000000
659.999221	ecoli_genome	97.000000	0.000000	0.000000
659.999221	ecoli_transcript	50330.000000	0.000000	0.000000
659.999221	ecolipol	57.000000	0.000000	0.000000
659.999221	gene_A	250.000000	218.000000	0.027523
659.999221	gene_A*	143.000000	214.000000	0.018692
659.999221	gene_B	137.000000	239.000000	0.000000
659.999221	gene_C	121.000000	236.000000	0.000000
659.999221	gene_D	168.000000	253.000000	0.003953
659.999221	gene_E	144.000000	251.000000	0.003984
659.999221	gene_F	91.000000	178.000000	0.005618
659.999221	gene_G	27.000000	127.000000	0.181102
659.999221	gene_H	0.000000	86.000000	0.290698
659.999221	gene_J	84.000000	248.000000	0.157258
659.999221	gene_K	147.000000	236.000000	0.000000
659.999221	promoter_A	1.000000	0.000000	0.000000
659.999221	promoter_B1	1.000000	0.000000	0.000000
659.999221	promoter_D	0.000000	0.000000	0.000000
664.999159	__gene_A*_rbs	216.000000	0.000000	0.000000
664.999159	__gene_A_rbs	219.000000	0.000000	0.000000
664.999159	__gene_B_rbs	241.000000	0.000000	0.000000
664.999159	__gene_C_rbs	237.000000	0.000000	0.000000
664.999159	__gene_D_rbs	255.000000	0.000000	0.000000
664.999159	__gene_E_rbs	253.000000	0.000000	0.000000
664.999159	__gene_F_rbs	180.000000	0.000000	0.000000
664.999159	__gene_G_rbs	128.000000	0.000000	0.000000
664.999159	__gene_H_rbs	87.000000	0.000000	0.000000
664.999159	__gene_J_rbs	250.000000	0.000000	0.000000
664.999159	__gene_K_rbs	237.000000	0.000000	0.000000
664.999159	__ribosome	0.000000	0.000000	0.000000
664.999159	bound_ecolipol	1904.000000	0.000000	0.000000
664.999159	bound_ribosome	100.000000	0.000000	0.000000
664.999159	ecoli_genome	96.000000	0.000000	0.000000
664.999159	ecoli_transcript	50756.000000	0.000000	0.000000
664.999159	ecolipol	56.000000	0.000000	0.000000
664.999159	gene_A	250.000000	219.000000	0.027397
664.999159	gene_A*	144.000000	216.000000	0.018519
664.999159	gene_B	137.000000	241.000000	0.000000
664.999159	gene_C	121.000000	237.000000	0.000000
664.999159	gene_D	168.000000	255.000000	0.003922
664.999159	gene_E	144.000000	253.000000	0.007905
664.999159	gene_F	92.000000	180.000000	0.000000
664.999159	gene_G	27.000000	128.000000	0.179688
664.999159	gene_H	0.000000	87.000000	0.287356
664.999159	gene_J	84.000000	250.000000	0.156000
664.999159	gene_K	147.000000	238.000000	0.000000
664.999159	promoter_A	0.000000	0.000000	0.000000
664.999159	promoter_B1	1.000000	0.000000	0.000000
664.999159	promoter_D	0.000000	0.000000	0.000000
669.999224	__gene_A*_rbs	216.000000	0.000000	0.000000
669.999224	__gene_A_rbs	221.000000	0.000000	0.000000
669.999224	__gene_B_rbs	243.000000	0.000000	0.000000
669.999224	__gene_C_rbs	238.000000	0.000000	0.000000
669.999224	__gene_D_rbs	257.000000	0.000000	0.000000
669.999224	__gene_E_rbs	255.000000	0.000000	0.000000
669.999224	__gene_F_rbs	182.000000	0.000000	0.000000
669.999224	__gene_G_rbs	129.000000	0.000000	0.000000
669.999224	__gene_H_rbs	87.000000	0.000000	0.000000
669.999224	__gene_J_rbs	251.000000	0.000000	0.000000
669.999224	__gene_K_rbs	237.000000	0.000000	0.000000
669.999224	__ribosome	0.000000	0.000000	0.000000
669.999224	bound_ecolipol	1904.000000	0.000000	0.000000
669.999224	bound_ribosome	100.000000	0.000000	0.000000
669.999224	ecoli_genome	96.000000	0.000000	0.000000
669.999224	ecoli_transcript	51132.000000	0.000000	0.000000
669.999224	ecolipol	56.000000	0.000000	0.000000
669.999224	gene_A	251.000000	221.000000	0.027149
669.999224	gene_A*	145.000000	216.000000	0.013889
669.999224	gene_B	137.000000	243.000000	0.000000
669.999224	gene_C	121.000000	238.000000	0.000000
669.999224	gene_D	169.000000	257.000000	0.000000
669.999224	gene_E	145.000000	255.000000	0.007843
669.999224	gene_F	92.000000	182.000000	0.005495
669.999224	gene_G	27.000000	129.000000	0.178295
669.999224	gene_H	0.000000	87.000000	0.287356
669.999224	gene_J	84.000000	251.000000	0.155378
669.999224	gene_K	147.000000	239.000000	0.004184
669.999224	promoter_A	1.000000	0.000000	0.000000
669.999224	promoter_B1	0.000000	0.000000	0.000000
669.999224	promoter_D	0.000000	0.000000	0.000000
674.999032	__gene_A*_rbs	218.000000	0.000000	0.000000
674.999032	__gene_A_rbs	222.000000	0.000000	0.000000
674.999032	__gene_B_rbs	244.000000	0.000000	0.000000
674.999032	__gene_C_rbs	240.000000	0.000000	0.000000
674.999032	__gene_D_rbs	260.000000	0.000000	0.000000
674.999032	__gene_E_rbs	257.000000	0.000000	0.000000
674.999032	__gene_F_rbs	183.000000	0.000000	0.000000
674.999032	__gene_G_rbs	129.000000	0.000000	0.000000
674.999032	__gene_H_rbs	88.000000	0.000000	0.000000
674.999032	__gene_J_rbs	252.000000	0.000000	0.000000
674.999032	__gene_K_rbs	240.000000	0.000000	0.000000
674.999032	__ribosome	0.000000	0.000000	0.000000
674.999032	bound_ecolipol	1905.000000	0.000000	0.000000
674.999032	bound_ribosome	100.000000	0.000000	0.000000
674.999032	ecoli_genome	95.000000	0.000000	0.000000
674.999032	ecoli_transcript	51523.000000	0.000000	0.000000
674.999032	ecolipol	54.000000	0.000000	0.000000
674.999032	gene_A	252.000000	222.000000	0.031532
674.999032	gene_A*	146.000000	218.000000	0.009174
674.999032	gene_B	137.000000	244.000000	0.000000
674.999032	gene_C	121.000000	240.000000	0.000000
674.999032	gene_D	169.000000	260.000000	0.003846
674.999032	gene_E	146.000000	257.000000	0.003891
674.999032	gene_F	92.000000	183.000000	0.005464
674.999032	gene_G	27.000000	129.000000	0.178295
674.999032	gene_H	0.000000	88.000000	0.284091
674.999032	gene_J	84.000000	253.000000	0.158103
674.999032	gene_K	148.000000	241.000000	0.000000
674.999032	promoter_A	1.000000	0.000000	0.000000
674.999032	promoter_B1	0.000000	0.000000	0.000000
674.999032	promoter_D	1.000000	0.000000	0.000000
679.999080	__gene_A*_rbs	219.000000	0.000000	0.000000
679.999080	__gene_A_rbs	223.000000	0.000000	0.000000
679.999080	__gene_B_rbs	246.000000	0.000000	0.000000
679.999080	__gene_C_rbs	242.000000	0.000000	0.000000
679.999080	__gene_D_rbs	260.000000	0.000000	0.000000
679.999080	__gene_E_rbs	258.000000	0.000000	0.000000
679.999080	__gene_F_rbs	184.000000	0.000000	0.000000
679.999080	__gene_G_rbs	130.000000	0.000000	0.000000
679.999080	__gene_H_rbs	89.000000	0.000000	0.000000
679.999080	__gene_J_rbs	256.000000	0.000000	0.000000
679.999080	__gene_K_rbs	242.000000	0.000000	0.000000
679.999080	__ribosome	0.000000	0.000000	0.000000
679.999080	bound_ecolipol	1904.000000	0.000000	0.000000
679.999080	bound_ribosome	100.000000	0.000000	0.000000
679.999080	ecoli_genome	96.000000	0.000000	0.000000
679.999080	ecoli_transcript	51877.000000	0.000000	0.000000
679.999080	ecolipol	53.000000	0.000000	0.000000
679.999080	gene_A	254.000000	224.000000	0.026786
679.999080	gene_A*	146.000000	219.000000	0.009132
679.999080	gene_B	137.000000	246.000000	0.008130
679.999080	gene_C	121.000000	242.000000	0.000000
679.999080	gene_D	169.000000	260.000000	0.007692
679.999080	gene_E	147.000000	259.000000	0.000000
679.999080	gene_F	92.000000	184.000000	0.005435
679.999080	gene_G	27.000000	130.000000	0.176923
679.999080	gene_H	0.000000	89.000000	0.280899
679.999080	gene_J	85.000000	256.000000	0.152344
679.999080	gene_K	148.000000	243.000000	0.000000
679.999080	promoter_A	1.000000	0.000000	0.000000
679.999080	promoter_B1	0.000000	0.000000	0.000000
679.999080	promoter_D	0.000000	0.000000	0.000000
684.999259	__gene_A*_rbs	221.000000	0.000000	0.000000
684.999259	__gene_A_rbs	224.000000	0.000000	0.000000
684.999259	__gene_B_rbs	248.000000	0.000000	0.000000
684.999259	__gene_C_rbs	244.000000	0.000000	0.000000
684.999259	__gene_D_rbs	263.000000	0.000000	0.000000
684.999259	__gene_E_rbs	260.000000	0.000000	0.000000
684.999259	__gene_F_rbs	187.000000	0.000000	0.000000
684.999259	__gene_G_rbs	131.000000	0.000000	0.000000
684.999259	__gene_H_rbs	89.000000	0.000000	0.000000
684.999259	__gene_J_rbs	258.000000	0.000000	0.000000
684.999259	__gene_K_rbs	244.000000	0.000000	0.000000
684.999259	__ribosome	0.000000	0.000000	0.000000
684.999259	bound_ecolipol	1902.000000	0.000000	0.000000
684.999259	bound_ribosome	100.000000	0.000000	0.000000
684.999259	ecoli_genome	98.000000	0.000000	0.000000
684.999259	ecoli_transcript	52250.000000	0.000000	0.000000
684.999259	ecolipol	58.000000	0.000000	0.000000
684.999259	gene_A	255.000000	224.000000	0.022321
684.999259	gene_A*	147.000000	221.000000	0.004525
684.999259	gene_B	137.000000	248.000000	0.008065
684.999259	gene_C	121.000000	244.000000	0.000000
684.999259	gene_D	169.000000	263.000000	0.011407
684.999259	gene_E	147.000000	260.000000	0.003846
684.999259	gene_F	92.000000	187.000000	0.005348
684.999259	gene_G	27.000000	131.000000	0.175573
684.999259	gene_H	0.000000	89.000000	0.280899
684.999259	gene_J	85.000000	258.000000	0.151163
684.999259	gene_K	148.000000	244.000000	0.000000
684.999259	promoter_A	1.000000	0.000000	0.000000
684.999259	promoter_B1	1.000000	0.000000	0.000000
684.999259	promoter_D	0.000000	0.000000	0.000000
689.999522	__gene_A*_rbs	222.000000	0.000000	0.000000
689.999522	__gene_A_rbs	226.000000	0.000000	0.000000
689.999522	__gene_B_rbs	250.000000	0.000000	0.000000
689.999522	__gene_C_rbs	245.000000	0.000000	0.000000
689.999522	__gene_D_rbs	265.000000	0.000000	0.000000
689.999522	__gene_E_rbs	263.000000	0.000000	0.000000
689.999522	__gene_F_rbs	189.000000	0.000000	0.000000
689.999522	__gene_G_rbs	131.000000	0.000000	0.000000
689.999522	__gene_H_rbs	89.000000	0.000000	0.000000
689.999522	__gene_J_rbs	260.000000	0.000000	0.000000
689.999522	__gene_K_rbs	246.000000	0.000000	0.000000
689.999522	__ribosome	0.000000	0.000000	0.000000
689.999522	bound_ecolipol	1911.000000	0.000000	0.000000
689.999522	bound_ribosome	100.000000	0.000000	0.000000
689.999522	ecoli_genome	89.000000	0.000000	0.000000
689.999522	ecoli_transcript	52665.000000	0.000000	0.000000
689.999522	ecolipol	48.000000	0.000000	0.000000
689.999522	gene_A	256.000000	226.000000	0.022124
689.999522	gene_A*	147.000000	222.000000	0.004505
689.999522	gene_B	138.000000	250.000000	0.004000
689.999522	gene_C	121.000000	245.000000	0.000000
689.999522	gene_D	170.000000	265.000000	0.011321
689.999522	gene_E	147.000000	263.000000	0.003802
689.999522	gene_F	92.000000	189.000000	0.005291
689.999522	gene_G	27.000000	131.000000	0.175573
689.999522	gene_H	0.000000	89.000000	0.280899
689.999522	gene_J	85.000000	260.000000	0.150000
689.999522	gene_K	148.000000	246.000000	0.004065
689.999522	promoter_A	1.000000	0.000000	0.000000
689.999522	promoter_B1	0.000000	0.000000	0.000000
689.999522	promoter_D	0.000000	0.000000	0.000000
694.999628	__gene_A*_rbs	224.000000	0.000000	0.000000
694.999628	__gene_A_rbs	226.000000	0.000000	0.000000
694.999628	__gene_B_rbs	251.000000	0.000000	0.000000
694.999628	__gene_C_rbs	247.000000	0.000000	0.000000
694.999628	__gene_D_rbs	266.000000	0.000000	0.000000
694.999628	__gene_E_rbs	265.000000	0.000000	0.000000
694.999628	__gene_F_rbs	190.000000	0.000000	0.000000
694.999628	__gene_G_rbs	131.000000	0.000000	0.000000
694.999628	__gene_H_rbs	89.000000	0.000000	0.000000
694.999628	__gene_J_rbs	261.000000	0.000000	0.000000
694.999628	__gene_K_rbs	248.000000	0.000000	0.000000
694.999628	__ribosome	0.000000	0.000000	0.000000
694.999628	bound_ecolipol	1909.000000	0.000000	0.000000
694.999628	bound_ribosome	100.000000	0.000000	0.000000
694.999628	ecoli_genome	91.000000	0.000000	0.000000
694.999628	ecoli_transcript	53057.000000	0.000000	0.000000
694.999628	ecolipol	53.000000	0.000000	0.000000
694.999628	gene_A	256.000000	226.000000	0.022124
694.999628	gene_A*	147.000000	224.000000	0.008929
694.999628	gene_B	139.000000	251.000000	0.000000
694.999628	gene_C	121.000000	247.000000	0.004049
694.999628	gene_D	171.000000	266.000000	0.011278
694.999628	gene_E	148.000000	265.000000	0.000000
694.999628	gene_F	92.000000	190.000000	0.005263
694.999628	gene_G	27.000000	131.000000	0.175573
694.999628	gene_H	0.000000	89.000000	0.280899
694.999628	gene_J	85.000000	261.000000	0.149425
694.999628	gene_K	148.000000	248.000000	0.004032
694.999628	promoter_A	1.000000	0.000000	0.000000
694.999628	promoter_B1	1.000000	0.000000	0.000000
694.999628	promoter_D	0.000000	0.000000	0.000000
699.999007	__gene_A*_rbs	224.000000	0.000000	0.000000
699.999007	__gene_A_rbs	227.000000	0.000000	0.000000
699.999007	__gene_B_rbs	253.000000	0.000000	0.000000
699.999007	__gene_C_rbs	249.000000	0.000000	0.000000
699.999007	__gene_D_rbs	269.000000	0.000000	0.000000
699.999007	__gene_E_rbs	266.000000	0.000000	0.000000
699.999007	__gene_F_rbs	191.000000	0.000000	0.000000
699.999007	__gene_G_rbs	134.000000	0.000000	0.000000
699.999007	__gene_H_rbs	90.000000	0.000000	0.000000
699.999007	__gene_J_rbs	264.000000	0.000000	0.000000
699.999007	__gene_K_rbs	250.000000	0.000000	0.000000
699.999007	__ribosome	0.000000	0.000000	0.000000
699.999007	bound_ecolipol	1911.000000	0.000000	0.000000
699.999007	bound_ribosome	100.000000	0.000000	0.000000
699.999007	ecoli_genome	89.000000	0.000000	0.000000
699.999007	ecoli_transcript	53423.000000	0.000000	0.000000
699.999007	ecolipol	51.000000	0.000000	0.000000
699.999007	gene_A	256.000000	227.000000	0.022026
699.999007	gene_A*	148.000000	224.000000	0.004464
699.999007	gene_B	139.000000	254.000000	0.003937
699.999007	gene_C	122.000000	249.000000	0.000000
699.999007	gene_D	172.000000	269.000000	0.007435
699.999007	gene_E	148.000000	266.000000	0.007519
699.999007	gene_F	92.000000	191.000000	0.005236
699.999007	gene_G	27.000000	134.000000	0.171642
699.999007	gene_H	0.000000	90.000000	0.277778
699.999007	gene_J	86.000000	264.000000	0.147727
699.999007	gene_K	149.000000	250.000000	0.004000
699.999007	promoter_A	1.000000	0.000000	0.000000
699.999007	promoter_B1	0.000000	0.000000	0.000000
699.999007	promoter_D	1.000000	0.000000	0.000000
704.999204	__gene_A*_rbs	226.000000	0.000000	0.000000
704.999204	__gene_A_rbs	228.000000	0.000000	0.000000
704.999204	__gene_B_rbs	256.000000	0.000000	0.000000
704.999204	__gene_C_rbs	250.000000	0.000000	0.000000
704.999204	__gene_D_rbs	271.000000	0.000000	0.000000
704.999204	__gene_E_rbs	269.000000	0.000000	0.000000
704.999204	__gene_F_rbs	192.000000	0.000000	0.000000
704.999204	__gene_G_rbs	136.000000	0.000000	0.000000
704.999204	__gene_H_rbs	90.000000	0.000000	0.000000
704.999204	__gene_J_rbs	266.000000	0.000000	0.000000
704.999204	__gene_K_rbs	251.000000	0.000000	0.000000
704.999204	__ribosome	0.000000	0.000000	0.000000
704.999204	bound_ecolipol	1908.000000	0.000000	0.000000
704.999204	bound_ribosome	100.000000	0.000000	0.000000
704.999204	ecoli_genome	92.000000	0.000000	0.000000
704.999204	ecoli_transcript	53787.000000	0.000000	0.000000
704.999204	ecolipol	54.000000	0.000000	0.000000
704.999204	gene_A	256.000000	228.000000	0.021930
704.999204	gene_A*	148.000000	226.000000	0.004425
704.999204	gene_B	139.000000	256.000000	0.003906
704.999204	gene_C	122.000000	250.000000	0.000000
704.999204	gene_D	173.000000	271.000000	0.003690
704.999204	gene_E	148.000000	269.000000	0.007435
704.999204	gene_F	92.000000	192.000000	0.005208
704.999204	gene_G	27.000000	136.000000	0.176471
704.999204	gene_H	0.000000	90.000000	0.277778
704.999204	gene_J	86.000000	266.000000	0.146617
704.999204	gene_K	149.000000	251.000000	0.003984
704.999204	promoter_A	1.000000	0.000000	0.000000
704.999204	promoter_B1	1.000000	0.000000	0.000000
704.999204	promoter_D	0.000000	0.000000	0.000000
709.999195	__gene_A*_rbs	226.000000	0.000000	0.000000
709.999195	__gene_A_rbs	231.000000	0.000000	0.000000
709.999195	__gene_B_rbs	256.000000	0.000000	0.000000
709.999195	__gene_C_rbs	252.000000	0.000000	0.000000
709.999195	__gene_D_rbs	273.000000	0.000000	0.000000
709.999195	__gene_E_rbs	271.000000	0.000000	0.000000
709.999195	__gene_F_rbs	194.000000	0.000000	0.000000
709.999195	__gene_G_rbs	137.000000	0.000000	0.000000
709.999195	__gene_H_rbs	90.000000	0.000000	0.000000
709.999195	__gene_J_rbs	267.000000	0.000000	0.000000
709.999195	__gene_K_rbs	253.000000	0.000000	0.000000
709.999195	__ribosome	0.000000	0.000000	0.000000
709.999195	bound_ecolipol	1903.000000	0.000000	0.000000
709.999195	bound_ribosome	100.000000	0.000000	0.000000
709.999195	ecoli_genome	97.000000	0.000000	0.000000
709.999195	ecoli_transcript	54187.000000	0.000000	0.000000
709.999195	ecolipol	56.000000	0.000000	0.000000
709.999195	gene_A	256.000000	231.000000	0.021645
709.999195	gene_A*	148.000000	226.000000	0.008850
709.999195	gene_B	139.000000	257.000000	0.007782
709.999195	gene_C	122.000000	252.000000	0.000000
709.999195	gene_D	174.000000	273.000000	0.000000
709.999195	gene_E	150.000000	271.000000	0.003690
709.999195	gene_F	92.000000	194.000000	0.010309
709.999195	gene_G	27.000000	137.000000	0.175182
709.999195	gene_H	0.000000	90.000000	0.277778
709.999195	gene_J	86.000000	267.000000	0.146067
709.999195	gene_K	150.000000	253.000000	0.000000
709.999195	promoter_A	0.000000	0.000000	0.000000
709.999195	promoter_B1	1.000000	0.000000	0.000000
709.999195	promoter_D	0.000000	0.000000	0.000000
714.999150	__gene_A*_rbs	227.000000	0.000000	0.000000
714.999150	__gene_A_rbs	233.000000	0.000000	0.000000
714.999150	__gene_B_rbs	258.000000	0.000000	0.000000
714.999150	__gene_C_rbs	254.000000	0.000000	0.000000
714.999150	__gene_D_rbs	275.000000	0.000000	0.000000
714.999150	__gene_E_rbs	273.000000	0.000000	0.000000
714.999150	__gene_F_rbs	196.000000	0.000000	0.000000
714.999150	__gene_G_rbs	137.000000	0.000000	0.000000
714.999150	__gene_H_rbs	92.000000	0.000000	0.000000
714.999150	__gene_J_rbs	269.000000	0.000000	0.000000
714.999150	__gene_K_rbs	256.000000	0.000000	0.000000
714.999150	__ribosome	0.000000	0.000000	0.000000
714.999150	bound_ecolipol	1903.000000	0.000000	0.000000
714.999150	bound_ribosome	100.000000	0.000000	0.000000
714.999150	ecoli_genome	97.000000	0.000000	0.000000
714.999150	ecoli_transcript	54586.000000	0.000000	0.000000
714.999150	ecolipol	56.000000	0.000000	0.000000
714.999150	gene_A	256.000000	233.000000	0.021459
714.999150	gene_A*	148.000000	227.000000	0.008811
714.999150	gene_B	140.000000	258.000000	0.007752
714.999150	gene_C	122.000000	254.000000	0.000000
714.999150	gene_D	174.000000	275.000000	0.000000
714.999150	gene_E	150.000000	273.000000	0.003663
714.999150	gene_F	93.000000	196.000000	0.005102
714.999150	gene_G	27.000000	137.000000	0.175182
714.999150	gene_H	0.000000	92.000000	0.271739
714.999150	gene_J	86.000000	269.000000	0.148699
714.999150	gene_K	150.000000	256.000000	0.000000
714.999150	promoter_A	1.000000	0.000000	0.000000
714.999150	promoter_B1	1.000000	0.000000	0.000000
714.999150	promoter_D	0.000000	0.000000	0.000000
719.999228	__gene_A*_rbs	228.000000	0.000000	0.000000
719.999228	__gene_A_rbs	233.000000	0.000000	0.000000
719.999228	__gene_B_rbs	259.000000	0.000000	0.000000
719.999228	__gene_C_rbs	257.000000	0.000000	0.000000
719.999228	__gene_D_rbs	277.000000	0.000000	0.000000
719.999228	__gene_E_rbs	275.000000	0.000000	0.000000
719.999228	__gene_F_rbs	196.000000	0.000000	0.000000
719.999228	__gene_G_rbs	138.000000	0.000000	0.000000
719.999228	__gene_H_rbs	93.000000	0.000000	0.000000
719.999228	__gene_J_rbs	272.000000	0.000000	0.000000
719.999228	__gene_K_rbs	257.000000	0.000000	0.000000
719.999228	__ribosome	0.000000	0.000000	0.000000
719.999228	bound_ecolipol	1900.000000	0.000000	0.000000
719.999228	bound_ribosome	100.000000	0.000000	0.000000
719.999228	ecoli_genome	100.000000	0.000000	0.000000
719.999228	ecoli_transcript	54961.000000	0.000000	0.000000
719.999228	ecolipol	59.000000	0.000000	0.000000
719.999228	gene_A	257.000000	233.000000	0.017167
719.999228	gene_A*	148.000000	228.000000	0.008772
719.999228	gene_B	140.000000	259.000000	0.007722
719.999228	gene_C	122.000000	257.000000	0.000000
719.999228	gene_D	174.000000	277.000000	0.003610
719.999228	gene_E	151.000000	275.000000	0.003636
719.999228	gene_F	93.000000	196.000000	0.005102
719.999228	gene_G	27.000000	138.000000	0.181159
719.999228	gene_H	0.000000	94.000000	0.265957
719.999228	gene_J	87.000000	272.000000	0.143382
719.999228	gene_K	150.000000	257.000000	0.000000
719.999228	promoter_A	0.000000	0.000000	0.000000
719.999228	promoter_B1	1.000000	0.000000	0.000000
719.999228	promoter_D	0.000000	0.000000	0.000000
724.999021	__gene_A*_rbs	231.000000	0.000000	0.000000
724.999021	__gene_A_rbs	235.000000	0.000000	0.000000
724.999021	__gene_B_rbs	260.000000	0.000000	0.000000
724.999021	__gene_C_rbs	258.000000	0.000000	0.000000
724.999021	__gene_D_rbs	280.000000	0.000000	0.000000
724.999021	__gene_E_rbs	276.000000	0.000000	0.000000
724.999021	__gene_F_rbs	197.000000	0.000000	0.000000
724.999021	__gene_G_rbs	140.000000	0.000000	0.000000
724.999021	__gene_H_rbs	95.000000	0.000000	0.000000
724.999021	__gene_J_rbs	274.000000	0.000000	0.000000
724.999021	__gene_K_rbs	257.000000	0.000000	0.000000
724.999021	__ribosome	0.000000	0.000000	0.000000
724.999021	bound_ecolipol	1904.000000	0.000000	0.000000
724.999021	bound_ribosome	100.000000	0.000000	0.000000
724.999021	ecoli_genome	96.000000	0.000000	0.000000
724.999021	ecoli_transcript	55344.000000	0.000000	0.000000
724.999021	ecolipol	56.000000	0.000000	0.000000
724.999021	gene_A	258.000000	235.000000	0.012766
724.999021	gene_A*	148.000000	231.000000	0.012987
724.999021	gene_B	142.000000	261.000000	0.000000
724.999021	gene_C	122.000000	258.000000	0.000000
724.999021	gene_D	174.000000	280.000000	0.003571
724.999021	gene_E	151.000000	277.000000	0.003610
724.999021	gene_F	93.000000	198.000000	0.010101
724.999021	gene_G	28.000000	140.000000	0.171429
724.999021	gene_H	0.000000	95.000000	0.263158
724.999021	gene_J	88.000000	274.000000	0.145985
724.999021	gene_K	150.000000	258.000000	0.003876
724.999021	promoter_A	1.000000	0.000000	0.000000
724.999021	promoter_B1	1.000000	0.000000	0.000000
724.999021	promoter_D	0.000000	0.000000	0.000000
729.999200	__gene_A*_rbs	233.000000	0.000000	0.000000
729.999200	__gene_A_rbs	237.000000	0.000000	0.000000
729.999200	__gene_B_rbs	262.000000	0.000000	0.000000
729.999200	__gene_C_rbs	257.000000	0.000000	0.000000
729.999200	__gene_D_rbs	281.000000	0.000000	0.000000
729.999200	__gene_E_rbs	280.000000	0.000000	0.000000
729.999200	__gene_F_rbs	199.000000	0.000000	0.000000
729.999200	__gene_G_rbs	142.000000	0.000000	0.000000
729.999200	__gene_H_rbs	95.000000	0.000000	0.000000
729.999200	__gene_J_rbs	276.000000	0.000000	0.000000
729.999200	__gene_K_rbs	259.000000	0.000000	0.000000
729.999200	__ribosome	0.000000	0.000000	0.000000
729.999200	bound_ecolipol	1911.000000	0.000000	0.000000
729.999200	bound_ribosome	100.000000	0.000000	0.000000
729.999200	ecoli_genome	89.000000	0.000000	0.000000
729.999200	ecoli_transcript	55744.000000	0.000000	0.000000
729.999200	ecolipol	48.000000	0.000000	0.000000
729.999200	gene_A	259.000000	237.000000	0.012658
729.999200	gene_A*	149.000000	233.000000	0.008584
729.999200	gene_B	142.000000	262.000000	0.000000
729.999200	gene_C	122.000000	258.000000	0.003876
729.999200	gene_D	174.000000	281.000000	0.003559
729.999200	gene_E	152.000000	280.000000	0.000000
729.999200	gene_F	93.000000	199.000000	0.010050
729.999200	gene_G	28.000000	142.000000	0.169014
729.999200	gene_H	0.000000	95.000000	0.263158
729.999200	gene_J	89.000000	276.000000	0.148551
729.999200	gene_K	150.000000	259.000000	0.003861
729.999200	promoter_A	0.000000	0.000000	0.000000
729.999200	promoter_B1	0.000000	0.000000	0.000000
729.999200	promoter_D	0.000000	0.000000	0.000000
734.999662	__gene_A*_rbs	234.000000	0.000000	0.000000
734.999662	__gene_A_rbs	238.000000	0.000000	0.000000
734.999662	__gene_B_rbs	262.000000	0.000000	0.000000
734.999662	__gene_C_rbs	260.000000	0.000000	0.000000
734.999662	__gene_D_rbs	281.000000	0.000000	0.000000
734.999662	__gene_E_rbs	281.000000	0.000000	0.000000
734.999662	__gene_F_rbs	200.000000	0.000000	0.000000
734.999662	__gene_G_rbs	143.000000	0.000000	0.000000
734.999662	__gene_H_rbs	95.000000	0.000000	0.000000
734.999662	__gene_J_rbs	278.000000	0.000000	0.000000
734.999662	__gene_K_rbs	261.000000	0.000000	0.000000
734.999662	__ribosome	0.000000	0.000000	0.000000
734.999662	bound_ecolipol	1899.000000	0.000000	0.000000
734.999662	bound_ribosome	100.000000	0.000000	0.000000
734.999662	ecoli_genome	101.000000	0.000000	0.000000
734.999662	ecoli_transcript	56140.000000	0.000000	0.000000
734.999662	ecolipol	59.000000	0.000000	0.000000
734.999662	gene_A	260.000000	238.000000	0.012605
734.999662	gene_A*	149.000000	234.000000	0.012821
734.999662	gene_B	142.000000	262.000000	0.003817
734.999662	gene_C	122.000000	260.000000	0.003846
734.999662	gene_D	174.000000	282.000000	0.007092
734.999662	gene_E	152.000000	281.000000	0.000000
734.999662	gene_F	93.000000	200.000000	0.010000
734.999662	gene_G	29.000000	143.000000	0.160839
734.999662	gene_H	0.000000	95.000000	0.273684
734.999662	gene_J	91.000000	279.000000	0.139785
734.999662	gene_K	151.000000	261.000000	0.000000
734.999662	promoter_A	0.000000	0.000000	0.000000
734.999662	promoter_B1	0.000000	0.000000	0.000000
734.999662	promoter_D	1.000000	0.000000	0.000000
739.999042	__gene_A*_rbs	235.000000	0.000000	0.000000
739.999042	__gene_A_rbs	240.000000	0.000000	0.000000
739.999042	__gene_B_rbs	264.000000	0.000000	0.000000
739.999042	__gene_C_rbs	261.000000	0.000000	0.000000
739.999042	__gene_D_rbs	283.000000	0.000000	0.000000
739.999042	__gene_E_rbs	282.000000	0.000000	0.000000
739.999042	__gene_F_rbs	202.000000	0.000000	0.000000
739.999042	__gene_G_rbs	144.000000	0.000000	0.000000
739.999042	__gene_H_rbs	97.000000	0.000000	0.000000
739.999042	__gene_J_rbs	281.000000	0.000000	0.000000
739.999042	__gene_K_rbs	262.000000	0.000000	0.000000
739.999042	__ribosome	0.000000	0.000000	0.000000
739.999042	bound_ecolipol	1904.000000	0.000000	0.000000
739.999042	bound_ribosome	100.000000	0.000000	0.000000
739.999042	ecoli_genome	96.000000	0.000000	0.000000
739.999042	ecoli_transcript	56534.000000	0.000000	0.000000
739.999042	ecolipol	56.000000	0.000000	0.000000
739.999042	gene_A	261.000000	240.000000	0.008333
739.999042	gene_A*	149.000000	235.000000	0.012766
739.999042	gene_B	142.000000	264.000000	0.003788
739.999042	gene_C	123.000000	261.000000	0.000000
739.999042	gene_D	175.000000	283.000000	0.007067
739.999042	gene_E	152.000000	282.000000	0.003546
739.999042	gene_F	93.000000	202.000000	0.009901
739.999042	gene_G	29.000000	144.000000	0.159722
739.999042	gene_H	0.000000	97.000000	0.278351
739.999042	gene_J	91.000000	281.000000	0.138790
739.999042	gene_K	151.000000	262.000000	0.000000
739.999042	promoter_A	0.000000	0.000000	0.000000
739.999042	promoter_B1	1.000000	0.000000	0.000000
739.999042	promoter_D	0.000000	0.000000	0.000000
744.999341	__gene_A*_rbs	237.000000	0.000000	0.000000
744.999341	__gene_A_rbs	241.000000	0.000000	0.000000
744.999341	__gene_B_rbs	267.000000	0.000000	0.000000
744.999341	__gene_C_rbs	262.000000	0.000000	0.000000
744.999341	__gene_D_rbs	285.000000	0.000000	0.000000
744.999341	__gene_E_rbs	283.000000	0.000000	0.000000
744.999341	__gene_F_rbs	203.000000	0.000000	0.000000
744.999341	__gene_G_rbs	145.000000	0.000000	0.000000
744.999341	__gene_H_rbs	99.000000	0.000000	0.000000
744.999341	__gene_J_rbs	282.000000	0.000000	0.000000
744.999341	__gene_K_rbs	262.000000	0.000000	0.000000
744.999341	__ribosome	0.000000	0.000000	0.000000
744.999341	bound_ecolipol	1911.000000	0.000000	0.000000
744.999341	bound_ribosome	100.000000	0.000000	0.000000
744.999341	ecoli_genome	89.000000	0.000000	0.000000
744.999341	ecoli_transcript	56909.000000	0.000000	0.000000
744.999341	ecolipol	48.000000	0.000000	0.000000
744.999341	gene_A	261.000000	241.000000	0.008299
744.999341	gene_A*	150.000000	237.000000	0.008439
744.999341	gene_B	143.000000	267.000000	0.003745
744.999341	gene_C	123.000000	262.000000	0.000000
744.999341	gene_D	175.000000	285.000000	0.007018
744.999341	gene_E	152.000000	283.000000	0.007067
744.999341	gene_F	93.000000	203.000000	0.009852
744.999341	gene_G	29.000000	145.000000	0.158621
744.999341	gene_H	0.000000	99.000000	0.272727
744.999341	gene_J	91.000000	282.000000	0.138298
744.999341	gene_K	151.000000	262.000000	0.000000
744.999341	promoter_A	1.000000	0.000000	0.000000
744.999341	promoter_B1	0.000000	0.000000	0.000000
744.999341	promoter_D	1.000000	0.000000	0.000000
749.999332	__gene_A*_rbs	238.000000	0.000000	0.000000
749.999332	__gene_A_rbs	243.000000	0.000000	0.000000
749.999332	__gene_B_rbs	268.000000	0.000000	0.000000
749.999332	__gene_C_rbs	262.000000	0.000000	0.000000
749.999332	__gene_D_rbs	286.000000	0.000000	0.000000
749.999332	__gene_E_rbs	285.000000	0.000000	0.000000
749.999332	__gene_F_rbs	203.000000	0.000000	0.000000
749.999332	__gene_G_rbs	147.000000	0.000000	0.000000
749.999332	__gene_H_rbs	100.000000	0.000000	0.000000
749.999332	__gene_J_rbs	280.000000	0.000000	0.000000
749.999332	__gene_K_rbs	264.000000	0.000000	0.000000
749.999332	__ribosome	0.000000	0.000000	0.000000
749.999332	bound_ecolipol	1916.000000	0.000000	0.000000
749.999332	bound_ribosome	100.000000	0.000000	0.000000
749.999332	ecoli_genome	84.000000	0.000000	0.000000
749.999332	ecoli_transcript	57276.000000	0.000000	0.000000
749.999332	ecolipol	44.000000	0.000000	0.000000
749.999332	gene_A	261.000000	243.000000	0.008230
749.999332	gene_A*	150.000000	238.000000	0.008403
749.999332	gene_B	143.000000	269.000000	0.003717
749.999332	gene_C	123.000000	263.000000	0.007605
749.999332	gene_D	176.000000	286.000000	0.003497
749.999332	gene_E	153.000000	285.000000	0.003509
749.999332	gene_F	93.000000	203.000000	0.009852
749.999332	gene_G	29.000000	147.000000	0.156463
749.999332	gene_H	0.000000	100.000000	0.270000
749.999332	gene_J	91.000000	282.000000	0.138298
749.999332	gene_K	151.000000	264.000000	0.000000
749.999332	promoter_A	1.000000	0.000000	0.000000
749.999332	promoter_B1	1.000000	0.000000	0.000000
749.999332	promoter_D	1.000000	0.000000	0.000000
754.999023	__gene_A*_rbs	239.000000	0.000000	0.000000
754.999023	__gene_A_rbs	245.000000	0.000000	0.000000
754.999023	__gene_B_rbs	271.000000	0.000000	0.000000
754.999023	__gene_C_rbs	265.000000	0.000000	0.000000
754.999023	__gene_D_rbs	286.000000	0.000000	0.000000
754.999023	__gene_E_rbs	286.000000	0.000000	0.000000
754.999023	__gene_F_rbs	204.000000	0.000000	0.000000
754.999023	__gene_G_rbs	149.000000	0.000000	0.000000
754.999023	__gene_H_rbs	100.000000	0.000000	0.000000
754.999023	__gene_J_rbs	284.000000	0.000000	0.000000
754.999023	__gene_K_rbs	266.000000	0.000000	0.000000
754.999023	__ribosome	0.000000	0.000000	0.000000
754.999023	bound_ecolipol	1914.000000	0.000000	0.000000
754.999023	bound_ribosome	100.000000	0.000000	0.000000
754.999023	ecoli_genome	86.000000	0.000000	0.000000
754.999023	ecoli_transcript	57644.000000	0.000000	0.000000
754.999023	ecolipol	45.000000	0.000000	0.000000
754.999023	gene_A	261.000000	245.000000	0.012245
754.999023	gene_A*	150.000000	239.000000	0.008368
754.999023	gene_B	143.000000	271.000000	0.003690
754.999023	gene_C	123.000000	265.000000	0.011321
754.999023	gene_D	177.000000	286.000000	0.003497
754.999023	gene_E	154.000000	286.000000	0.000000
754.999023	gene_F	94.000000	204.000000	0.004902
754.999023	gene_G	29.000000	149.000000	0.154362
754.999023	gene_H	0.000000	100.000000	0.270000
754.999023	gene_J	91.000000	284.000000	0.137324
754.999023	gene_K	151.000000	266.000000	0.000000
754.999023	promoter_A	0.000000	0.000000	0.000000
754.999023	promoter_B1	0.000000	0.000000	0.000000
754.999023	promoter_D	0.000000	0.000000	0.000000
759.999399	__gene_A*_rbs	241.000000	0.000000	0.000000
759.999399	__gene_A_rbs	246.000000	0.000000	0.000000
759.999399	__gene_B_rbs	273.000000	0.000000	0.000000
759.999399	__gene_C_rbs	268.000000	0.000000	0.000000
759.999399	__gene_D_rbs	288.000000	0.000000	0.000000
759.999399	__gene_E_rbs	286.000000	0.000000	0.000000
759.999399	__gene_F_rbs	205.000000	0.000000	0.000000
759.999399	__gene_G_rbs	149.000000	0.000000	0.000000
759.999399	__gene_H_rbs	101.000000	0.000000	0.000000
759.999399	__gene_J_rbs	285.000000	0.000000	0.000000
759.999399	__gene_K_rbs	268.000000	0.000000	0.000000
759.999399	__ribosome	0.000000	0.000000	0.000000
759.999399	bound_ecolipol	1905.000000	0.000000	0.000000
759.999399	bound_ribosome	100.000000	0.000000	0.000000
759.999399	ecoli_genome	95.000000	0.000000	0.000000
759.999399	ecoli_transcript	58032.000000	0.000000	0.000000
759.999399	ecolipol	53.000000	0.000000	0.000000
759.999399	gene_A	261.000000	246.000000	0.012195
759.999399	gene_A*	151.000000	241.000000	0.004149
759.999399	gene_B	144.000000	273.000000	0.000000
759.999399	gene_C	126.000000	268.000000	0.000000
759.999399	gene_D	177.000000	288.000000	0.006944
759.999399	gene_E	154.000000	286.000000	0.006993
759.999399	gene_F	94.000000	205.000000	0.004878
759.999399	gene_G	29.000000	149.000000	0.154362
759.999399	gene_H	0.000000	101.000000	0.267327
759.999399	gene_J	91.000000	285.000000	0.136842
759.999399	gene_K	151.000000	268.000000	0.007463
759.999399	promoter_A	1.000000	0.000000	0.000000
759.999399	promoter_B1	0.000000	0.000000	0.000000
759.999399	promoter_D	0.000000	0.000000	0.000000
764.999215	__gene_A*_rbs	243.000000	0.000000	0.000000
764.999215	__gene_A_rbs	249.000000	0.000000	0.000000
764.999215	__gene_B_rbs	275.000000	0.000000	0.000000
764.999215	__gene_C_rbs	270.000000	0.000000	0.000000
764.999215	__gene_D_rbs	290.000000	0.000000	0.000000
764.999215	__gene_E_rbs	287.000000	0.000000	0.000000
764.999215	__gene_F_rbs	205.000000	0.000000	0.000000
764.999215	__gene_G_rbs	150.000000	0.000000	0.000000
764.999215	__gene_H_rbs	102.000000	0.000000	0.000000
764.999215	__gene_J_rbs	286.000000	0.000000	0.000000
764.999215	__gene_K_rbs	271.000000	0.000000	0.000000
764.999215	__ribosome	0.000000	0.000000	0.000000
764.999215	bound_ecolipol	1902.000000	0.000000	0.000000
764.999215	bound_ribosome	100.000000	0.000000	0.000000
764.999215	ecoli_genome	98.000000	0.000000	0.000000
764.999215	ecoli_transcript	58427.000000	0.000000	0.000000
764.999215	ecolipol	55.000000	0.000000	0.000000
764.999215	gene_A	261.000000	249.000000	0.012048
764.999215	gene_A*	152.000000	243.000000	0.000000
764.999215	gene_B	144.000000	275.000000	0.003636
764.999215	gene_C	126.000000	270.000000	0.000000
764.999215	gene_D	177.000000	290.000000	0.006897
764.999215	gene_E	154.000000	288.000000	0.010417
764.999215	gene_F	94.000000	206.000000	0.009709
764.999215	gene_G	29.000000	150.000000	0.153333
764.999215	gene_H	0.000000	102.000000	0.264706
764.999215	gene_J	91.000000	286.000000	0.136364
764.999215	gene_K	153.000000	271.000000	0.000000
764.999215	promoter_A	0.000000	0.000000	0.000000
764.999215	promoter_B1	0.000000	0.000000	0.000000
764.999215	promoter_D	0.000000	0.000000	0.000000
769.999105	__gene_A*_rbs	245.000000	0.000000	0.000000
769.999105	__gene_A_rbs	250.000000	0.000000	0.000000
769.999105	__gene_B_rbs	277.000000	0.000000	0.000000
769.999105	__gene_C_rbs	272.000000	0.000000	0.000000
769.999105	__gene_D_rbs	293.000000	0.000000	0.000000
769.999105	__gene_E_rbs	290.000000	0.000000	0.000000
769.999105	__gene_F_rbs	207.000000	0.000000	0.000000
769.999105	__gene_G_rbs	151.000000	0.000000	0.000000
769.999105	__gene_H_rbs	103.000000	0.000000	0.000000
769.999105	__gene_J_rbs	287.000000	0.000000	0.000000
769.999105	__gene_K_rbs	273.000000	0.000000	0.000000
769.999105	__ribosome	0.000000	0.000000	0.000000
769.999105	bound_ecolipol	1907.000000	0.000000	0.000000
769.999105	bound_ribosome	100.000000	0.000000	0.000000
769.999105	ecoli_genome	93.000000	0.000000	0.000000
769.999105	ecoli_transcript	58822.000000	0.000000	0.000000
769.999105	ecolipol	51.000000	0.000000	0.000000
769.999105	gene_A	261.000000	250.000000	0.012000
769.999105	gene_A*	152.000000	245.000000	0.000000
769.999105	gene_B	144.000000	277.000000	0.003610
769.999105	gene_C	126.000000	272.000000	0.003676
769.999105	gene_D	178.000000	293.000000	0.003413
769.999105	gene_E	156.000000	290.000000	0.003448
769.999105	gene_F	95.000000	207.000000	0.014493
769.999105	gene_G	29.000000	151.000000	0.158940
769.999105	gene_H	0.000000	103.000000	0.262136
769.999105	gene_J	91.000000	287.000000	0.135889
769.999105	gene_K	153.000000	273.000000	0.000000
769.999105	promoter_A	0.000000	0.000000	0.000000
769.999105	promoter_B1	0.000000	0.000000	0.000000
769.999105	promoter_D	0.000000	0.000000	0.000000
774.999403	__gene_A*_rbs	246.000000	0.000000	0.000000
774.999403	__gene_A_rbs	252.000000	0.000000	0.000000
774.999403	__gene_B_rbs	278.000000	0.000000	0.000000
774.999403	__gene_C_rbs	274.000000	0.000000	0.000000
774.999403	__gene_D_rbs	296.000000	0.000000	0.000000
774.999403	__gene_E_rbs	293.000000	0.000000	0.000000
774.999403	__gene_F_rbs	207.000000	0.000000	0.000000
774.999403	__gene_G_rbs	152.000000	0.000000	0.000000
774.999403	__gene_H_rbs	103.000000	0.000000	0.000000
774.999403	__gene_J_rbs	289.000000	0.000000	0.000000
774.999403	__gene_K_rbs	275.000000	0.000000	0.000000
774.999403	__ribosome	0.000000	0.000000	0.000000
774.999403	bound_ecolipol	1899.000000	0.000000	0.000000
774.999403	bound_ribosome	100.000000	0.000000	0.000000
774.999403	ecoli_genome	101.000000	0.000000	0.000000
774.999403	ecoli_transcript	59202.000000	0.000000	0.000000
774.999403	ecolipol	60.000000	0.000000	0.000000
774.999403	gene_A	261.000000	252.000000	0.015873
774.999403	gene_A*	152.000000	246.000000	0.000000
774.999403	gene_B	145.000000	278.000000	0.000000
774.999403	gene_C	126.000000	274.000000	0.003650
774.999403	gene_D	179.000000	296.000000	0.003378
774.999403	gene_E	157.000000	293.000000	0.000000
774.999403	gene_F	95.000000	207.000000	0.014493
774.999403	gene_G	29.000000	152.000000	0.157895
774.999403	gene_H	0.000000	103.000000	0.262136
774.999403	gene_J	91.000000	289.000000	0.134948
774.999403	gene_K	153.000000	275.000000	0.003636
774.999403	promoter_A	1.000000	0.000000	0.000000
774.999403	promoter_B1	1.000000	0.000000	0.000000
774.999403	promoter_D	1.000000	0.000000	0.000000
779.999546	__gene_A*_rbs	249.000000	0.000000	0.000000
779.999546	__gene_A_rbs	254.000000	0.000000	0.000000
779.999546	__gene_B_rbs	281.000000	0.000000	0.000000
779.999546	__gene_C_rbs	276.000000	0.000000	0.000000
779.999546	__gene_D_rbs	297.000000	0.000000	0.000000
779.999546	__gene_E_rbs	294.000000	0.000000	0.000000
779.999546	__gene_F_rbs	209.000000	0.000000	0.000000
779.999546	__gene_G_rbs	154.000000	0.000000	0.000000
779.999546	__gene_H_rbs	104.000000	0.000000	0.000000
779.999546	__gene_J_rbs	292.000000	0.000000	0.000000
779.999546	__gene_K_rbs	277.000000	0.000000	0.000000
779.999546	__ribosome	0.000000	0.000000	0.000000
779.999546	bound_ecolipol	1915.000000	0.000000	0.000000
779.999546	bound_ribosome	100.000000	0.000000	0.000000
779.999546	ecoli_genome	85.000000	0.000000	0.000000
779.999546	ecoli_transcript	59552.000000	0.000000	0.000000
779.999546	ecolipol	41.000000	0.000000	0.000000
779.999546	gene_A	262.000000	254.000000	0.015748
779.999546	gene_A*	152.000000	249.000000	0.000000
779.999546	gene_B	145.000000	281.000000	0.000000
779.999546	gene_C	127.000000	276.000000	0.003623
779.999546	gene_D	179.000000	297.000000	0.003367
779.999546	gene_E	157.000000	295.000000	0.000000
779.999546	gene_F	95.000000	209.000000	0.014354
779.999546	gene_G	29.000000	154.000000	0.155844
779.999546	gene_H	0.000000	104.000000	0.269231
779.999546	gene_J	91.000000	292.000000	0.133562
779.999546	gene_K	154.000000	277.000000	0.000000
779.999546	promoter_A	0.000000	0.000000	0.000000
779.999546	promoter_B1	1.000000	0.000000	0.000000
779.999546	promoter_D	1.000000	0.000000	0.000000
784.999068	__gene_A*_rbs	250.000000	0.000000	0.000000
784.999068	__gene_A_rbs	256.000000	0.000000	0.000000
784.999068	__gene_B_rbs	284.000000	0.000000	0.000000
784.999068	__gene_C_rbs	277.000000	0.000000	0.000000
784.999068	__gene_D_rbs	299.000000	0.000000	0.000000
784.999068	__gene_E_rbs	296.000000	0.000000	0.000000
784.999068	__gene_F_rbs	210.000000	0.000000	0.000000
784.999068	__gene_G_rbs	155.000000	0.000000	0.000000
784.999068	__gene_H_rbs	105.000000	0.000000	0.000000
784.999068	__gene_J_rbs	294.000000	0.000000	0.000000
784.999068	__gene_K_rbs	278.000000	0.000000	0.000000
784.999068	__ribosome	0.000000	0.000000	0.000000
784.999068	bound_ecolipol	1913.000000	0.000000	0.000000
784.999068	bound_ribosome	100.000000	0.000000	0.000000
784.999068	ecoli_genome	87.000000	0.000000	0.000000
784.999068	ecoli_transcript	59934.000000	0.000000	0.000000
784.999068	ecolipol	43.000000	0.000000	0.000000
784.999068	gene_A	263.000000	256.000000	0.011719
784.999068	gene_A*	152.000000	250.000000	0.000000
784.999068	gene_B	145.000000	284.000000	0.000000
784.999068	gene_C	127.000000	277.000000	0.003610
784.999068	gene_D	179.000000	299.000000	0.003344
784.999068	gene_E	157.000000	296.000000	0.000000
784.999068	gene_F	95.000000	210.000000	0.014286
784.999068	gene_G	29.000000	155.000000	0.161290
784.999068	gene_H	0.000000	105.000000	0.266667
784.999068	gene_J	91.000000	294.000000	0.132653
784.999068	gene_K	154.000000	278.000000	0.000000
784.999068	promoter_A	0.000000	0.000000	0.000000
784.999068	promoter_B1	0.000000	0.000000	0.000000
784.999068	promoter_D	0.000000	0.000000	0.000000
789.999517	__gene_A*_rbs	251.000000	0.000000	0.000000
789.999517	__gene_A_rbs	258.000000	0.000000	0.000000
789.999517	__gene_B_rbs	285.000000	0.000000	0.000000
789.999517	__gene_C_rbs	280.000000	0.000000	0.000000
789.999517	__gene_D_rbs	301.000000	0.000000	0.000000
789.999517	__gene_E_rbs	299.000000	0.000000	0.000000
789.999517	__gene_F_rbs	212.000000	0.000000	0.000000
789.999517	__gene_G_rbs	155.000000	0.000000	0.000000
789.999517	__gene_H_rbs	105.000000	0.000000	0.000000
789.999517	__gene_J_rbs	296.000000	0.000000	0.000000
789.999517	__gene_K_rbs	281.000000	0.000000	0.000000
789.999517	__ribosome	0.000000	0.000000	0.000000
789.999517	bound_ecolipol	1909.000000	0.000000	0.000000
789.999517	bound_ribosome	100.000000	0.000000	0.000000
789.999517	ecoli_genome	91.000000	0.000000	0.000000
789.999517	ecoli_transcript	60315.000000	0.000000	0.000000
789.999517	ecolipol	48.000000	0.000000	0.000000
789.999517	gene_A	263.000000	258.000000	0.011628
789.999517	gene_A*	152.000000	252.000000	0.000000
789.999517	gene_B	145.000000	285.000000	0.000000
789.999517	gene_C	128.000000	280.000000	0.000000
789.999517	gene_D	179.000000	301.000000	0.003322
789.999517	gene_E	157.000000	299.000000	0.000000
789.999517	gene_F	95.000000	212.000000	0.018868
789.999517	gene_G	29.000000	155.000000	0.161290
789.999517	gene_H	0.000000	105.000000	0.266667
789.999517	gene_J	91.000000	296.000000	0.131757
789.999517	gene_K	154.000000	281.000000	0.000000
789.999517	promoter_A	1.000000	0.000000	0.000000
789.999517	promoter_B1	0.000000	0.000000	0.000000
789.999517	promoter_D	0.000000	0.000000	0.000000
794.999034	__gene_A*_rbs	254.000000	0.000000	0.000000
794.999034	__gene_A_rbs	260.000000	0.000000	0.000000
794.999034	__gene_B_rbs	286.000000	0.000000	0.000000
794.999034	__gene_C_rbs	282.000000	0.000000	0.000000
794.999034	__gene_D_rbs	302.000000	0.000000	0.000000
794.999034	__gene_E_rbs	300.000000	0.000000	0.000000
794.999034	__gene_F_rbs	214.000000	0.000000	0.000000
794.999034	__gene_G_rbs	155.000000	0.000000	0.000000
794.999034	__gene_H_rbs	106.000000	0.000000	0.000000
794.999034	__gene_J_rbs	297.000000	0.000000	0.000000
794.999034	__gene_K_rbs	283.000000	0.000000	0.000000
794.999034	__ribosome	0.000000	0.000000	0.000000
794.999034	bound_ecolipol	1917.000000	0.000000	0.000000
794.999034	bound_ribosome	100.000000	0.000000	0.000000
794.999034	ecoli_genome	83.000000	0.000000	0.000000
794.999034	ecoli_transcript	60676.000000	0.000000	0.000000
794.999034	ecolipol	41.000000	0.000000	0.000000
794.999034	gene_A	263.000000	260.000000	0.011538
794.999034	gene_A*	152.000000	254.000000	0.000000
794.999034	gene_B	145.000000	286.000000	0.000000
794.999034	gene_C	128.000000	282.000000	0.000000
794.999034	gene_D	180.000000	302.000000	0.000000
794.999034	gene_E	157.000000	300.000000	0.000000
794.999034	gene_F	95.000000	214.000000	0.018692
794.999034	gene_G	29.000000	155.000000	0.161290
794.999034	gene_H	0.000000	106.000000	0.264151
794.999034	gene_J	91.000000	297.000000	0.131313
794.999034	gene_K	154.000000	283.000000	0.003534
794.999034	promoter_A	1.000000	0.000000	0.000000
794.999034	promoter_B1	0.000000	0.000000	0.000000
794.999034	promoter_D	0.000000	0.000000	0.000000
799.999252	__gene_A*_rbs	256.000000	0.000000	0.000000
799.999252	__gene_A_rbs	262.000000	0.000000	0.000000
799.999252	__gene_B_rbs	288.000000	0.000000	0.000000
799.999252	__gene_C_rbs	284.000000	0.000000	0.000000
799.999252	__gene_D_rbs	305.000000	0.000000	0.000000
799.999252	__gene_E_rbs	302.000000	0.000000	0.000000
799.999252	__gene_F_rbs	215.000000	0.000000	0.000000
799.999252	__gene_G_rbs	156.000000	0.000000	0.000000
799.999252	__gene_H_rbs	106.000000	0.000000	0.000000
799.999252	__gene_J_rbs	300.000000	0.000000	0.000000
799.999252	__gene_K_rbs	285.000000	0.000000	0.000000
799.999252	__ribosome	0.000000	0.000000	0.000000
799.999252	bound_ecolipol	1902.000000	0.000000	0.000000
799.999252	bound_ribosome	100.000000	0.000000	0.000000
799.999252	ecoli_genome	98.000000	0.000000	0.000000
799.999252	ecoli_transcript	61076.000000	0.000000	0.000000
799.999252	ecolipol	56.000000	0.000000	0.000000
799.999252	gene_A	263.000000	262.000000	0.011450
799.999252	gene_A*	152.000000	256.000000	0.000000
799.999252	gene_B	145.000000	288.000000	0.003472
799.999252	gene_C	128.000000	284.000000	0.000000
799.999252	gene_D	180.000000	305.000000	0.000000
799.999252	gene_E	157.000000	302.000000	0.000000
799.999252	gene_F	95.000000	215.000000	0.018605
799.999252	gene_G	29.000000	156.000000	0.160256
799.999252	gene_H	0.000000	106.000000	0.264151
799.999252	gene_J	91.000000	300.000000	0.130000
799.999252	gene_K	155.000000	285.000000	0.000000
799.999252	promoter_A	1.000000	0.000000	0.000000
799.999252	promoter_B1	1.000000	0.000000	0.000000
799.999252	promoter_D	0.000000	0.000000	0.000000
804.999130	__gene_A*_rbs	258.000000	0.000000	0.000000
804.999130	__gene_A_rbs	263.000000	0.000000	0.000000
804.999130	__gene_B_rbs	291.000000	0.000000	0.000000
804.999130	__gene_C_rbs	286.000000	0.000000	0.000000
804.999130	__gene_D_rbs	307.000000	0.000000	0.000000
804.999130	__gene_E_rbs	305.000000	0.000000	0.000000
804.999130	__gene_F_rbs	218.000000	0.000000	0.000000
804.999130	__gene_G_rbs	157.000000	0.000000	0.000000
804.999130	__gene_H_rbs	106.000000	0.000000	0.000000
804.999130	__gene_J_rbs	301.000000	0.000000	0.000000
804.999130	__gene_K_rbs	286.000000	0.000000	0.000000
804.999130	__ribosome	0.000000	0.000000	0.000000
804.999130	bound_ecolipol	1910.000000	0.000000	0.000000
804.999130	bound_ribosome	100.000000	0.000000	0.000000
804.999130	ecoli_genome	90.000000	0.000000	0.000000
804.999130	ecoli_transcript	61456.000000	0.000000	0.000000
804.999130	ecolipol	47.000000	0.000000	0.000000
804.999130	gene_A	264.000000	263.000000	0.007605
804.999130	gene_A*	152.000000	258.000000	0.000000
804.999130	gene_B	145.000000	291.000000	0.003436
804.999130	gene_C	128.000000	286.000000	0.000000
804.999130	gene_D	180.000000	307.000000	0.000000
804.999130	gene_E	157.000000	305.000000	0.000000
804.999130	gene_F	95.000000	218.000000	0.018349
804.999130	gene_G	29.000000	157.000000	0.159236
804.999130	gene_H	0.000000	106.000000	0.264151
804.999130	gene_J	91.000000	301.000000	0.129568
804.999130	gene_K	155.000000	286.000000	0.003497
804.999130	promoter_A	0.000000	0.000000	0.000000
804.999130	promoter_B1	0.000000	0.000000	0.000000
804.999130	promoter_D	0.000000	0.000000	0.000000
809.999094	__gene_A*_rbs	260.000000	0.000000	0.000000
809.999094	__gene_A_rbs	263.000000	0.000000	0.000000
809.999094	__gene_B_rbs	293.000000	0.000000	0.000000
809.999094	__gene_C_rbs	287.000000	0.000000	0.000000
809.999094	__gene_D_rbs	308.000000	0.000000	0.000000
809.999094	__gene_E_rbs	307.000000	0.000000	0.000000
809.999094	__gene_F_rbs	218.000000	0.000000	0.000000
809.999094	__gene_G_rbs	158.000000	0.000000	0.000000
809.999094	__gene_H_rbs	106.000000	0.000000	0.000000
809.999094	__gene_J_rbs	302.000000	0.000000	0.000000
809.999094	__gene_K_rbs	288.000000	0.000000	0.000000
809.999094	__ribosome	0.000000	0.000000	0.000000
809.999094	bound_ecolipol	1904.000000	0.000000	0.000000
809.999094	bound_ribosome	100.000000	0.000000	0.000000
809.999094	ecoli_genome	96.000000	0.000000	0.000000
809.999094	ecoli_transcript	61821.000000	0.000000	0.000000
809.999094	ecolipol	56.000000	0.000000	0.000000
809.999094	gene_A	264.000000	264.000000	0.011364
809.999094	gene_A*	152.000000	260.000000	0.000000
809.999094	gene_B	146.000000	293.000000	0.000000
809.999094	gene_C	128.000000	287.000000	0.003484
809.999094	gene_D	180.000000	308.000000	0.000000
809.999094	gene_E	157.000000	307.000000	0.003257
809.999094	gene_F	97.000000	218.000000	0.013761
809.999094	gene_G	29.000000	158.000000	0.158228
809.999094	gene_H	0.000000	106.000000	0.264151
809.999094	gene_J	91.000000	302.000000	0.129139
809.999094	gene_K	156.000000	288.000000	0.000000
809.999094	promoter_A	1.000000	0.000000	0.000000
809.999094	promoter_B1	0.000000	0.000000	0.000000
809.999094	promoter_D	0.000000	0.000000	0.000000
814.999454	__gene_A*_rbs	262.000000	0.000000	0.000000
814.999454	__gene_A_rbs	266.000000	0.000000	0.000000
814.999454	__gene_B_rbs	295.000000	0.000000	0.000000
814.999454	__gene_C_rbs	289.000000	0.000000	0.000000
814.999454	__gene_D_rbs	311.000000	0.000000	0.000000
814.999454	__gene_E_rbs	308.000000	0.000000	0.000000
814.999454	__gene_F_rbs	218.000000	0.000000	0.000000
814.999454	__gene_G_rbs	158.000000	0.000000	0.000000
814.999454	__gene_H_rbs	106.000000	0.000000	0.000000
814.999454	__gene_J_rbs	306.000000	0.000000	0.000000
814.999454	__gene_K_rbs	291.000000	0.000000	0.000000
814.999454	__ribosome	0.000000	0.000000	0.000000
814.999454	bound_ecolipol	1905.000000	0.000000	0.000000
814.999454	bound_ribosome	100.000000	0.000000	0.000000
814.999454	ecoli_genome	95.000000	0.000000	0.000000
814.999454	ecoli_transcript	62206.000000	0.000000	0.000000
814.999454	ecolipol	54.000000	0.000000	0.000000
814.999454	gene_A	264.000000	266.000000	0.011278
814.999454	gene_A*	152.000000	262.000000	0.000000
814.999454	gene_B	146.000000	295.000000	0.003390
814.999454	gene_C	128.000000	289.000000	0.003460
814.999454	gene_D	180.000000	311.000000	0.000000
814.999454	gene_E	157.000000	308.000000	0.003247
814.999454	gene_F	98.000000	218.000000	0.009174
814.999454	gene_G	29.000000	158.000000	0.158228
814.999454	gene_H	0.000000	106.000000	0.264151
814.999454	gene_J	91.000000	306.000000	0.127451
814.999454	gene_K	156.000000	291.000000	0.000000
814.999454	promoter_A	0.000000	0.000000	0.000000
814.999454	promoter_B1	0.000000	0.000000	0.000000
814.999454	promoter_D	0.000000	0.000000	0.000000
819.999652	__gene_A*_rbs	263.000000	0.000000	0.000000
819.999652	__gene_A_rbs	266.000000	0.000000	0.000000
819.999652	__gene_B_rbs	296.000000	0.000000	0.000000
819.999652	__gene_C_rbs	291.000000	0.000000	0.000000
819.999652	__gene_D_rbs	314.000000	0.000000	0.000000
819.999652	__gene_E_rbs	311.000000	0.000000	0.000000
819.999652	__gene_F_rbs	221.000000	0.000000	0.000000
819.999652	__gene_G_rbs	160.000000	0.000000	0.000000
819.999652	__gene_H_rbs	107.000000	0.000000	0.000000
819.999652	__gene_J_rbs	307.000000	0.000000	0.000000
819.999652	__gene_K_rbs	292.000000	0.000000	0.000000
819.999652	__ribosome	0.000000	0.000000	0.000000
819.999652	bound_ecolipol	1913.000000	0.000000	0.000000
819.999652	bound_ribosome	100.000000	0.000000	0.000000
819.999652	ecoli_genome	87.000000	0.000000	0.000000
819.999652	ecoli_transcript	62584.000000	0.000000	0.000000
819.999652	ecolipol	48.000000	0.000000	0.000000
819.999652	gene_A	264.000000	266.000000	0.011278
819.999652	gene_A*	152.000000	263.000000	0.000000
819.999652	gene_B	146.000000	296.000000	0.003378
819.999652	gene_C	129.000000	291.000000	0.003436
819.999652	gene_D	180.000000	314.000000	0.003185
819.999652	gene_E	158.000000	311.000000	0.000000
819.999652	gene_F	98.000000	221.000000	0.009050
819.999652	gene_G	29.000000	160.000000	0.156250
819.999652	gene_H	0.000000	107.000000	0.261682
819.999652	gene_J	91.000000	307.000000	0.127036
819.999652	gene_K	156.000000	292.000000	0.000000
819.999652	promoter_A	1.000000	0.000000	0.000000
819.999652	promoter_B1	1.000000	0.000000	0.000000
819.999652	promoter_D	1.000000	0.000000	0.000000
824.999420	__gene_A*_rbs	264.000000	0.000000	0.000000
824.999420	__gene_A_rbs	268.000000	0.000000	0.000000
824.999420	__gene_B_rbs	299.000000	0.000000	0.000000
824.999420	__gene_C_rbs	293.000000	0.000000	0.000000
824.999420	__gene_D_rbs	316.000000	0.000000	0.000000
824.999420	__gene_E_rbs	313.000000	0.000000	0.000000
824.999420	__gene_F_rbs	223.000000	0.000000	0.000000
824.999420	__gene_G_rbs	160.000000	0.000000	0.000000
824.999420	__gene_H_rbs	108.000000	0.000000	0.000000
824.999420	__gene_J_rbs	309.000000	0.000000	0.000000
824.999420	__gene_K_rbs	293.000000	0.000000	0.000000
824.999420	__ribosome	0.000000	0.000000	0.000000
824.999420	bound_ecolipol	1912.000000	0.000000	0.000000
824.999420	bound_ribosome	100.000000	0.000000	0.000000
824.999420	ecoli_genome	88.000000	0.000000	0.000000
824.999420	ecoli_transcript	62925.000000	0.000000	0.000000
824.999420	ecolipol	47.000000	0.000000	0.000000
824.999420	gene_A	264.000000	268.000000	0.011194
824.999420	gene_A*	152.000000	264.000000	0.000000
824.999420	gene_B	146.000000	299.000000	0.003344
824.999420	gene_C	129.000000	294.000000	0.003401
824.999420	gene_D	180.000000	316.000000	0.003165
824.999420	gene_E	158.000000	314.000000	0.000000
824.999420	gene_F	98.000000	223.000000	0.008969
824.999420	gene_G	29.000000	160.000000	0.156250
824.999420	gene_H	0.000000	108.000000	0.259259
824.999420	gene_J	91.000000	309.000000	0.126214
824.999420	gene_K	156.000000	295.000000	0.000000
824.999420	promoter_A	0.000000	0.000000	0.000000
824.999420	promoter_B1	0.000000	0.000000	0.000000
824.999420	promoter_D	1.000000	0.000000	0.000000
829.999089	__gene_A*_rbs	266.000000	0.000000	0.000000
829.999089	__gene_A_rbs	269.000000	0.000000	0.000000
829.999089	__gene_B_rbs	300.000000	0.000000	0.000000
829.999089	__gene_C_rbs	296.000000	0.000000	0.000000
829.999089	__gene_D_rbs	317.000000	0.000000	0.000000
829.999089	__gene_E_rbs	316.000000	0.000000	0.000000
829.999089	__gene_F_rbs	225.000000	0.000000	0.000000
829.999089	__gene_G_rbs	160.000000	0.000000	0.000000
829.999089	__gene_H_rbs	108.000000	0.000000	0.000000
829.999089	__gene_J_rbs	312.000000	0.000000	0.000000
829.999089	__gene_K_rbs	296.000000	0.000000	0.000000
829.999089	__ribosome	0.000000	0.000000	0.000000
829.999089	bound_ecolipol	1914.000000	0.000000	0.000000
829.999089	bound_ribosome	100.000000	0.000000	0.000000
829.999089	ecoli_genome	86.000000	0.000000	0.000000
829.999089	ecoli_transcript	63262.000000	0.000000	0.000000
829.999089	ecolipol	47.000000	0.000000	0.000000
829.999089	gene_A	266.000000	269.000000	0.007435
829.999089	gene_A*	152.000000	266.000000	0.000000
829.999089	gene_B	147.000000	300.000000	0.003333
829.999089	gene_C	130.000000	296.000000	0.000000
829.999089	gene_D	180.000000	317.000000	0.003155
829.999089	gene_E	158.000000	316.000000	0.003165
829.999089	gene_F	98.000000	225.000000	0.008889
829.999089	gene_G	29.000000	160.000000	0.156250
829.999089	gene_H	0.000000	108.000000	0.268519
829.999089	gene_J	92.000000	312.000000	0.125000
829.999089	gene_K	156.000000	296.000000	0.000000
829.999089	promoter_A	1.000000	0.000000	0.000000
829.999089	promoter_B1	0.000000	0.000000	0.000000
829.999089	promoter_D	0.000000	0.000000	0.000000
834.999013	__gene_A*_rbs	266.000000	0.000000	0.000000
834.999013	__gene_A_rbs	270.000000	0.000000	0.000000
834.999013	__gene_B_rbs	302.000000	0.000000	0.000000
834.999013	__gene_C_rbs	297.000000	0.000000	0.000000
834.999013	__gene_D_rbs	320.000000	0.000000	0.000000
834.999013	__gene_E_rbs	317.000000	0.000000	0.000000
834.999013	__gene_F_rbs	227.000000	0.000000	0.000000
834.999013	__gene_G_rbs	162.000000	0.000000	0.000000
834.999013	__gene_H_rbs	109.000000	0.000000	0.000000
834.999013	__gene_J_rbs	314.000000	0.000000	0.000000
834.999013	__gene_K_rbs	298.000000	0.000000	0.000000
834.999013	__ribosome	0.000000	0.000000	0.000000
834.999013	bound_ecolipol	1896.000000	0.000000	0.000000
834.999013	bound_ribosome	100.000000	0.000000	0.000000
834.999013	ecoli_genome	104.000000	0.000000	0.000000
834.999013	ecoli_transcript	63625.000000	0.000000	0.000000
834.999013	ecolipol	64.000000	0.000000	0.000000
834.999013	gene_A	266.000000	270.000000	0.007407
834.999013	gene_A*	152.000000	266.000000	0.000000
834.999013	gene_B	147.000000	302.000000	0.003311
834.999013	gene_C	130.000000	297.000000	0.000000
834.999013	gene_D	181.000000	320.000000	0.000000
834.999013	gene_E	158.000000	317.000000	0.006309
834.999013	gene_F	99.000000	227.000000	0.004405
834.999013	gene_G	29.000000	162.000000	0.154321
834.999013	gene_H	0.000000	109.000000	0.266055
834.999013	gene_J	92.000000	314.000000	0.124204
834.999013	gene_K	156.000000	298.000000	0.003356
834.999013	promoter_A	1.000000	0.000000	0.000000
834.999013	promoter_B1	1.000000	0.000000	0.000000
834.999013	promoter_D	0.000000	0.000000	0.000000
839.999048	__gene_A*_rbs	268.000000	0.000000	0.000000
839.999048	__gene_A_rbs	272.000000	0.000000	0.000000
839.999048	__gene_B_rbs	303.000000	0.000000	0.000000
839.999048	__gene_C_rbs	299.000000	0.000000	0.000000
839.999048	__gene_D_rbs	321.000000	0.000000	0.000000
839.999048	__gene_E_rbs	320.000000	0.000000	0.000000
839.999048	__gene_F_rbs	230.000000	0.000000	0.000000
839.999048	__gene_G_rbs	163.000000	0.000000	0.000000
839.999048	__gene_H_rbs	109.000000	0.000000	0.000000
839.999048	__gene_J_rbs	316.000000	0.000000	0.000000
839.999048	__gene_K_rbs	300.000000	0.000000	0.000000
839.999048	__ribosome	0.000000	0.000000	0.000000
839.999048	bound_ecolipol	1906.000000	0.000000	0.000000
839.999048	bound_ribosome	100.000000	0.000000	0.000000
839.999048	ecoli_genome	94.000000	0.000000	0.000000
839.999048	ecoli_transcript	63990.000000	0.000000	0.000000
839.999048	ecolipol	52.000000	0.000000	0.000000
839.999048	gene_A	266.000000	272.000000	0.007353
839.999048	gene_A*	152.000000	268.000000	0.003731
839.999048	gene_B	148.000000	303.000000	0.003300
839.999048	gene_C	130.000000	299.000000	0.000000
839.999048	gene_D	181.000000	321.000000	0.000000
839.999048	gene_E	159.000000	320.000000	0.003125
839.999048	gene_F	99.000000	230.000000	0.004348
839.999048	gene_G	29.000000	163.000000	0.153374
839.999048	gene_H	0.000000	109.000000	0.266055
839.999048	gene_J	92.000000	316.000000	0.123418
839.999048	gene_K	157.000000	300.000000	0.003333
839.999048	promoter_A	1.000000	0.000000	0.000000
839.999048	promoter_B1	1.000000	0.000000	0.000000
839.999048	promoter_D	0.000000	0.000000	0.000000
844.999026	__gene_A*_rbs	269.000000	0.000000	0.000000
844.999026	__gene_A_rbs	274.000000	0.000000	0.000000
844.999026	__gene_B_rbs	304.000000	0.000000	0.000000
844.999026	__gene_C_rbs	301.000000	0.000000	0.000000
844.999026	__gene_D_rbs	323.000000	0.000000	0.000000
844.999026	__gene_E_rbs	321.000000	0.000000	0.000000
844.999026	__gene_F_rbs	231.000000	0.000000	0.000000
844.999026	__gene_G_rbs	166.000000	0.000000	0.000000
844.999026	__gene_H_rbs	109.000000	0.000000	0.000000
844.999026	__gene_J_rbs	318.000000	0.000000	0.000000
844.999026	__gene_K_rbs	302.000000	0.000000	0.000000
844.999026	__ribosome	0.000000	0.000000	0.000000
844.999026	bound_ecolipol	1905.000000	0.000000	0.000000
844.999026	bound_ribosome	100.000000	0.000000	0.000000
844.999026	ecoli_genome	95.000000	0.000000	0.000000
844.999026	ecoli_transcript	64360.000000	0.000000	0.000000
844.999026	ecolipol	51.000000	0.000000	0.000000
844.999026	gene_A	266.000000	274.000000	0.007299
844.999026	gene_A*	152.000000	269.000000	0.003717
844.999026	gene_B	148.000000	304.000000	0.006579
844.999026	gene_C	130.000000	301.000000	0.000000
844.999026	gene_D	181.000000	323.000000	0.000000
844.999026	gene_E	160.000000	321.000000	0.000000
844.999026	gene_F	99.000000	231.000000	0.004329
844.999026	gene_G	29.000000	166.000000	0.156627
844.999026	gene_H	0.000000	109.000000	0.266055
844.999026	gene_J	92.000000	318.000000	0.122642
844.999026	gene_K	158.000000	302.000000	0.000000
844.999026	promoter_A	0.000000	0.000000	0.000000
844.999026	promoter_B1	0.000000	0.000000	0.000000
844.999026	promoter_D	0.000000	0.000000	0.000000
849.999014	__gene_A*_rbs	270.000000	0.000000	0.000000
849.999014	__gene_A_rbs	276.000000	0.000000	0.000000
849.999014	__gene_B_rbs	305.000000	0.000000	0.000000
849.999014	__gene_C_rbs	303.000000	0.000000	0.000000
849.999014	__gene_D_rbs	325.000000	0.000000	0.000000
849.999014	__gene_E_rbs	323.000000	0.000000	0.000000
849.999014	__gene_F_rbs	233.000000	0.000000	0.000000
849.999014	__gene_G_rbs	166.000000	0.000000	0.000000
849.999014	__gene_H_rbs	111.000000	0.000000	0.000000
849.999014	__gene_J_rbs	320.000000	0.000000	0.000000
849.999014	__gene_K_rbs	303.000000	0.000000	0.000000
849.999014	__ribosome	0.000000	0.000000	0.000000
849.999014	bound_ecolipol	1900.000000	0.000000	0.000000
849.999014	bound_ribosome	100.000000	0.000000	0.000000
849.999014	ecoli_genome	100.000000	0.000000	0.000000
849.999014	ecoli_transcript	64773.000000	0.000000	0.000000
849.999014	ecolipol	56.000000	0.000000	0.000000
849.999014	gene_A	266.000000	276.000000	0.007246
849.999014	gene_A*	152.000000	270.000000	0.003704
849.999014	gene_B	149.000000	305.000000	0.003279
849.999014	gene_C	130.000000	303.000000	0.003300
849.999014	gene_D	181.000000	325.000000	0.000000
849.999014	gene_E	160.000000	323.000000	0.000000
849.999014	gene_F	99.000000	233.000000	0.004292
849.999014	gene_G	29.000000	166.000000	0.156627
849.999014	gene_H	0.000000	111.000000	0.261261
849.999014	gene_J	92.000000	320.000000	0.121875
849.999014	gene_K	158.000000	303.000000	0.000000
849.999014	promoter_A	0.000000	0.000000	0.000000
849.999014	promoter_B1	1.000000	0.000000	0.000000
849.999014	promoter_D	0.000000	0.000000	0.000000
854.999211	__gene_A*_rbs	272.000000	0.000000	0.000000
854.999211	__gene_A_rbs	278.000000	0.000000	0.000000
854.999211	__gene_B_rbs	308.000000	0.000000	0.000000
854.999211	__gene_C_rbs	303.000000	0.000000	0.000000
854.999211	__gene_D_rbs	327.000000	0.000000	0.000000
854.999211	__gene_E_rbs	325.000000	0.000000	0.000000
854.999211	__gene_F_rbs	234.000000	0.000000	0.000000
854.999211	__gene_G_rbs	166.000000	0.000000	0.000000
854.999211	__gene_H_rbs	111.000000	0.000000	0.000000
854.999211	__gene_J_rbs	322.000000	0.000000	0.000000
854.999211	__gene_K_rbs	303.000000	0.000000	0.000000
854.999211	__ribosome	0.000000	0.000000	0.000000
854.999211	bound_ecolipol	1908.000000	0.000000	0.000000
854.999211	bound_ribosome	100.000000	0.000000	0.000000
854.999211	ecoli_genome	92.000000	0.000000	0.000000
854.999211	ecoli_transcript	65156.000000	0.000000	0.000000
854.999211	ecolipol	47.000000	0.000000	0.000000
854.999211	gene_A	266.000000	278.000000	0.007194
854.999211	gene_A*	152.000000	272.000000	0.003676
854.999211	gene_B	149.000000	308.000000	0.003247
854.999211	gene_C	130.000000	303.000000	0.003300
854.999211	gene_D	181.000000	327.000000	0.003058
854.999211	gene_E	160.000000	325.000000	0.000000
854.999211	gene_F	100.000000	234.000000	0.000000
854.999211	gene_G	29.000000	166.000000	0.156627
854.999211	gene_H	0.000000	111.000000	0.261261
854.999211	gene_J	92.000000	322.000000	0.121118
854.999211	gene_K	158.000000	304.000000	0.000000
854.999211	promoter_A	0.000000	0.000000	0.000000
854.999211	promoter_B1	1.000000	0.000000	0.000000
854.999211	promoter_D	1.000000	0.000000	0.000000
859.999343	__gene_A*_rbs	274.000000	0.000000	0.000000
859.999343	__gene_A_rbs	281.000000	0.000000	0.000000
859.999343	__gene_B_rbs	308.000000	0.000000	0.000000
859.999343	__gene_C_rbs	305.000000	0.000000	0.000000
859.999343	__gene_D_rbs	328.000000	0.000000	0.000000
859.999343	__gene_E_rbs	327.000000	0.000000	0.000000
859.999343	__gene_F_rbs	236.000000	0.000000	0.000000
859.999343	__gene_G_rbs	168.000000	0.000000	0.000000
859.999343	__gene_H_rbs	112.000000	0.000000	0.000000
859.999343	__gene_J_rbs	324.000000	0.000000	0.000000
859.999343	__gene_K_rbs	305.000000	0.000000	0.000000
859.999343	__ribosome	0.000000	0.000000	0.000000
859.999343	bound_ecolipol	1905.000000	0.000000	0.000000
859.999343	bound_ribosome	100.000000	0.000000	0.000000
859.999343	ecoli_genome	95.000000	0.000000	0.000000
859.999343	ecoli_transcript	65543.000000	0.000000	0.000000
859.999343	ecolipol	47.000000	0.000000	0.000000
859.999343	gene_A	266.000000	281.000000	0.010676
859.999343	gene_A*	152.000000	274.000000	0.003650
859.999343	gene_B	150.000000	308.000000	0.003247
859.999343	gene_C	131.000000	305.000000	0.000000
859.999343	gene_D	181.000000	328.000000	0.003049
859.999343	gene_E	160.000000	327.000000	0.000000
859.999343	gene_F	100.000000	236.000000	0.000000
859.999343	gene_G	29.000000	168.000000	0.154762
859.999343	gene_H	0.000000	112.000000	0.258929
859.999343	gene_J	92.000000	324.000000	0.120370
859.999343	gene_K	158.000000	305.000000	0.000000
859.999343	promoter_A	0.000000	0.000000	0.000000
859.999343	promoter_B1	1.000000	0.000000	0.000000
859.999343	promoter_D	0.000000	0.000000	0.000000
864.999696	__gene_A*_rbs	276.000000	0.000000	0.000000
864.999696	__gene_A_rbs	283.000000	0.000000	0.000000
864.999696	__gene_B_rbs	310.000000	0.000000	0.000000
864.999696	__gene_C_rbs	306.000000	0.000000	0.000000
864.999696	__gene_D_rbs	330.000000	0.000000	0.000000
864.999696	__gene_E_rbs	328.000000	0.000000	0.000000
864.999696	__gene_F_rbs	238.000000	0.000000	0.000000
864.999696	__gene_G_rbs	170.000000	0.000000	0.000000
864.999696	__gene_H_rbs	113.000000	0.000000	0.000000
864.999696	__gene_J_rbs	326.000000	0.000000	0.000000
864.999696	__gene_K_rbs	307.000000	0.000000	0.000000
864.999696	__ribosome	0.000000	0.000000	0.000000
864.999696	bound_ecolipol	1898.000000	0.000000	0.000000
864.999696	bound_ribosome	100.000000	0.000000	0.000000
864.999696	ecoli_genome	102.000000	0.000000	0.000000
864.999696	ecoli_transcript	65897.000000	0.000000	0.000000
864.999696	ecolipol	52.000000	0.000000	0.000000
864.999696	gene_A	267.000000	283.000000	0.007067
864.999696	gene_A*	152.000000	276.000000	0.003623
864.999696	gene_B	150.000000	310.000000	0.009677
864.999696	gene_C	131.000000	306.000000	0.000000
864.999696	gene_D	181.000000	330.000000	0.003030
864.999696	gene_E	160.000000	328.000000	0.000000
864.999696	gene_F	100.000000	238.000000	0.000000
864.999696	gene_G	30.000000	170.000000	0.147059
864.999696	gene_H	0.000000	113.000000	0.256637
864.999696	gene_J	92.000000	326.000000	0.119632
864.999696	gene_K	158.000000	307.000000	0.000000
864.999696	promoter_A	1.000000	0.000000	0.000000
864.999696	promoter_B1	0.000000	0.000000	0.000000
864.999696	promoter_D	0.000000	0.000000	0.000000
869.999080	__gene_A*_rbs	278.000000	0.000000	0.000000
869.999080	__gene_A_rbs	285.000000	0.000000	0.000000
869.999080	__gene_B_rbs	313.000000	0.000000	0.000000
869.999080	__gene_C_rbs	307.000000	0.000000	0.000000
869.999080	__gene_D_rbs	332.000000	0.000000	0.000000
869.999080	__gene_E_rbs	330.000000	0.000000	0.000000
869.999080	__gene_F_rbs	240.000000	0.000000	0.000000
869.999080	__gene_G_rbs	171.000000	0.000000	0.000000
869.999080	__gene_H_rbs	113.000000	0.000000	0.000000
869.999080	__gene_J_rbs	327.000000	0.000000	0.000000
869.999080	__gene_K_rbs	309.000000	0.000000	0.000000
869.999080	__ribosome	0.000000	0.000000	0.000000
869.999080	bound_ecolipol	1889.000000	0.000000	0.000000
869.999080	bound_ribosome	100.000000	0.000000	0.000000
869.999080	ecoli_genome	111.000000	0.000000	0.000000
869.999080	ecoli_transcript	66306.000000	0.000000	0.000000
869.999080	ecolipol	58.000000	0.000000	0.000000
869.999080	gene_A	267.000000	285.000000	0.007018
869.999080	gene_A*	152.000000	278.000000	0.003597
869.999080	gene_B	151.000000	313.000000	0.006390
869.999080	gene_C	131.000000	308.000000	0.000000
869.999080	gene_D	182.000000	332.000000	0.003012
869.999080	gene_E	160.000000	330.000000	0.000000
869.999080	gene_F	100.000000	240.000000	0.000000
869.999080	gene_G	30.000000	171.000000	0.146199
869.999080	gene_H	0.000000	113.000000	0.256637
869.999080	gene_J	92.000000	327.000000	0.122324
869.999080	gene_K	158.000000	309.000000	0.000000
869.999080	promoter_A	0.000000	0.000000	0.000000
869.999080	promoter_B1	0.000000	0.000000	0.000000
869.999080	promoter_D	0.000000	0.000000	0.000000
874.999073	__gene_A*_rbs	280.000000	0.000000	0.000000
874.999073	__gene_A_rbs	287.000000	0.000000	0.000000
874.999073	__gene_B_rbs	315.000000	0.000000	0.000000
874.999073	__gene_C_rbs	309.000000	0.000000	0.000000
874.999073	__gene_D_rbs	334.000000	0.000000	0.000000
874.999073	__gene_E_rbs	332.000000	0.000000	0.000000
874.999073	__gene_F_rbs	241.000000	0.000000	0.000000
874.999073	__gene_G_rbs	173.000000	0.000000	0.000000
874.999073	__gene_H_rbs	113.000000	0.000000	0.000000
874.999073	__gene_J_rbs	329.000000	0.000000	0.000000
874.999073	__gene_K_rbs	310.000000	0.000000	0.000000
874.999073	__ribosome	0.000000	0.000000	0.000000
874.999073	bound_ecolipol	1897.000000	0.000000	0.000000
874.999073	bound_ribosome	100.000000	0.000000	0.000000
874.999073	ecoli_genome	103.000000	0.000000	0.000000
874.999073	ecoli_transcript	66679.000000	0.000000	0.000000
874.999073	ecolipol	52.000000	0.000000	0.000000
874.999073	gene_A	267.000000	287.000000	0.006969
874.999073	gene_A*	153.000000	280.000000	0.000000
874.999073	gene_B	152.000000	315.000000	0.006349
874.999073	gene_C	131.000000	309.000000	0.003236
874.999073	gene_D	182.000000	334.000000	0.005988
874.999073	gene_E	160.000000	332.000000	0.000000
874.999073	gene_F	100.000000	241.000000	0.000000
874.999073	gene_G	30.000000	173.000000	0.144509
874.999073	gene_H	0.000000	113.000000	0.256637
874.999073	gene_J	93.000000	329.000000	0.118541
874.999073	gene_K	158.000000	310.000000	0.000000
874.999073	promoter_A	1.000000	0.000000	0.000000
874.999073	promoter_B1	0.000000	0.000000	0.000000
874.999073	promoter_D	0.000000	0.000000	0.000000
879.999293	__gene_A*_rbs	283.000000	0.000000	0.000000
879.999293	__gene_A_rbs	289.000000	0.000000	0.000000
879.999293	__gene_B_rbs	318.000000	0.000000	0.000000
879.999293	__gene_C_rbs	311.000000	0.000000	0.000000
879.999293	__gene_D_rbs	336.000000	0.000000	0.000000
879.999293	__gene_E_rbs	334.000000	0.000000	0.000000
879.999293	__gene_F_rbs	241.000000	0.000000	0.000000
879.999293	__gene_G_rbs	175.000000	0.000000	0.000000
879.999293	__gene_H_rbs	115.000000	0.000000	0.000000
879.999293	__gene_J_rbs	330.000000	0.000000	0.000000
879.999293	__gene_K_rbs	313.000000	0.000000	0.000000
879.999293	__ribosome	0.000000	0.000000	0.000000
879.999293	bound_ecolipol	1899.000000	0.000000	0.000000
879.999293	bound_ribosome	100.000000	0.000000	0.000000
879.999293	ecoli_genome	101.000000	0.000000	0.000000
879.999293	ecoli_transcript	67091.000000	0.000000	0.000000
879.999293	ecolipol	50.000000	0.000000	0.000000
879.999293	gene_A	268.000000	289.000000	0.006920
879.999293	gene_A*	153.000000	283.000000	0.003534
879.999293	gene_B	153.000000	318.000000	0.003145
879.999293	gene_C	131.000000	311.000000	0.003215
879.999293	gene_D	182.000000	336.000000	0.005952
879.999293	gene_E	160.000000	334.000000	0.000000
879.999293	gene_F	100.000000	241.000000	0.000000
879.999293	gene_G	30.000000	175.000000	0.142857
879.999293	gene_H	0.000000	115.000000	0.252174
879.999293	gene_J	93.000000	330.000000	0.118182
879.999293	gene_K	158.000000	313.000000	0.000000
879.999293	promoter_A	0.000000	0.000000	0.000000
879.999293	promoter_B1	0.000000	0.000000	0.000000
879.999293	promoter_D	1.000000	0.000000	0.000000
884.999165	__gene_A*_rbs	285.000000	0.000000	0.000000
884.999165	__gene_A_rbs	290.000000	0.000000	0.000000
884.999165	__gene_B_rbs	320.000000	0.000000	0.000000
884.999165	__gene_C_rbs	313.000000	0.000000	0.000000
884.999165	__gene_D_rbs	337.000000	0.000000	0.000000
884.999165	__gene_E_rbs	336.000000	0.000000	0.000000
884.999165	__gene_F_rbs	242.000000	0.000000	0.000000
884.999165	__gene_G_rbs	177.000000	0.000000	0.000000
884.999165	__gene_H_rbs	115.000000	0.000000	0.000000
884.999165	__gene_J_rbs	333.000000	0.000000	0.000000
884.999165	__gene_K_rbs	315.000000	0.000000	0.000000
884.999165	__ribosome	0.000000	0.000000	0.000000
884.999165	bound_ecolipol	1912.000000	0.000000	0.000000
884.999165	bound_ribosome	100.000000	0.000000	0.000000
884.999165	ecoli_genome	88.000000	0.000000	0.000000
884.999165	ecoli_transcript	67448.000000	0.000000	0.000000
884.999165	ecolipol	38.000000	0.000000	0.000000
884.999165	gene_A	268.000000	290.000000	0.006897
884.999165	gene_A*	153.000000	285.000000	0.003509
884.999165	gene_B	154.000000	320.000000	0.000000
884.999165	gene_C	132.000000	314.000000	0.003185
884.999165	gene_D	183.000000	337.000000	0.002967
884.999165	gene_E	160.000000	336.000000	0.000000
884.999165	gene_F	100.000000	242.000000	0.004132
884.999165	gene_G	30.000000	177.000000	0.141243
884.999165	gene_H	0.000000	115.000000	0.252174
884.999165	gene_J	93.000000	333.000000	0.117117
884.999165	gene_K	158.000000	315.000000	0.003175
884.999165	promoter_A	1.000000	0.000000	0.000000
884.999165	promoter_B1	0.000000	0.000000	0.000000
884.999165	promoter_D	0.000000	0.000000	0.000000
889.999118	__gene_A*_rbs	287.000000	0.000000	0.000000
889.999118	__gene_A_rbs	291.000000	0.000000	0.000000
889.999118	__gene_B_rbs	322.000000	0.000000	0.000000
889.999118	__gene_C_rbs	315.000000	0.000000	0.000000
889.999118	__gene_D_rbs	339.000000	0.000000	0.000000
889.999118	__gene_E_rbs	337.000000	0.000000	0.000000
889.999118	__gene_F_rbs	245.000000	0.000000	0.000000
889.999118	__gene_G_rbs	179.000000	0.000000	0.000000
889.999118	__gene_H_rbs	117.000000	0.000000	0.000000
889.999118	__gene_J_rbs	335.000000	0.000000	0.000000
889.999118	__gene_K_rbs	318.000000	0.000000	0.000000
889.999118	__ribosome	0.000000	0.000000	0.000000
889.999118	bound_ecolipol	1896.000000	0.000000	0.000000
889.999118	bound_ribosome	100.000000	0.000000	0.000000
889.999118	ecoli_genome	104.000000	0.000000	0.000000
889.999118	ecoli_transcript	67845.000000	0.000000	0.000000
889.999118	ecolipol	54.000000	0.000000	0.000000
889.999118	gene_A	268.000000	291.000000	0.006873
889.999118	gene_A*	153.000000	287.000000	0.003484
889.999118	gene_B	154.000000	322.000000	0.000000
889.999118	gene_C	132.000000	316.000000	0.009494
889.999118	gene_D	184.000000	340.000000	0.000000
889.999118	gene_E	160.000000	337.000000	0.000000
889.999118	gene_F	100.000000	245.000000	0.004082
889.999118	gene_G	30.000000	179.000000	0.139665
889.999118	gene_H	0.000000	117.000000	0.247863
889.999118	gene_J	93.000000	335.000000	0.116418
889.999118	gene_K	159.000000	318.000000	0.000000
889.999118	promoter_A	0.000000	0.000000	0.000000
889.999118	promoter_B1	1.000000	0.000000	0.000000
889.999118	promoter_D	0.000000	0.000000	0.000000
894.999165	__gene_A*_rbs	289.000000	0.000000	0.000000
894.999165	__gene_A_rbs	291.000000	0.000000	0.000000
894.999165	__gene_B_rbs	325.000000	0.000000	0.000000
894.999165	__gene_C_rbs	319.000000	0.000000	0.000000
894.999165	__gene_D_rbs	342.000000	0.000000	0.000000
894.999165	__gene_E_rbs	339.000000	0.000000	0.000000
894.999165	__gene_F_rbs	246.000000	0.000000	0.000000
894.999165	__gene_G_rbs	180.000000	0.000000	0.000000
894.999165	__gene_H_rbs	119.000000	0.000000	0.000000
894.999165	__gene_J_rbs	337.000000	0.000000	0.000000
894.999165	__gene_K_rbs	320.000000	0.000000	0.000000
894.999165	__ribosome	0.000000	0.000000	0.000000
894.999165	bound_ecolipol	1899.000000	0.000000	0.000000
894.999165	bound_ribosome	100.000000	0.000000	0.000000
894.999165	ecoli_genome	101.000000	0.000000	0.000000
894.999165	ecoli_transcript	68225.000000	0.000000	0.000000
894.999165	ecolipol	53.000000	0.000000	0.000000
894.999165	gene_A	268.000000	291.000000	0.006873
894.999165	gene_A*	153.000000	289.000000	0.003460
894.999165	gene_B	154.000000	325.000000	0.000000
894.999165	gene_C	133.000000	319.000000	0.006270
894.999165	gene_D	184.000000	342.000000	0.000000
894.999165	gene_E	160.000000	339.000000	0.002950
894.999165	gene_F	100.000000	246.000000	0.004065
894.999165	gene_G	30.000000	180.000000	0.138889
894.999165	gene_H	0.000000	119.000000	0.243697
894.999165	gene_J	93.000000	337.000000	0.115727
894.999165	gene_K	159.000000	320.000000	0.000000
894.999165	promoter_A	1.000000	0.000000	0.000000
894.999165	promoter_B1	1.000000	0.000000	0.000000
894.999165	promoter_D	0.000000	0.000000	0.000000
899.999113	__gene_A*_rbs	290.000000	0.000000	0.000000
899.999113	__gene_A_rbs	291.000000	0.000000	0.000000
899.999113	__gene_B_rbs	327.000000	0.000000	0.000000
899.999113	__gene_C_rbs	322.000000	0.000000	0.000000
899.999113	__gene_D_rbs	345.000000	0.000000	0.000000
899.999113	__gene_E_rbs	342.000000	0.000000	0.000000
899.999113	__gene_F_rbs	246.000000	0.000000	0.000000
899.999113	__gene_G_rbs	181.000000	0.000000	0.000000
899.999113	__gene_H_rbs	120.000000	0.000000	0.000000
899.999113	__gene_J_rbs	337.000000	0.000000	0.000000
899.999113	__gene_K_rbs	322.000000	0.000000	0.000000
899.999113	__ribosome	0.000000	0.000000	0.000000
899.999113	bound_ecolipol	1902.000000	0.000000	0.000000
899.999113	bound_ribosome	100.000000	0.000000	0.000000
899.999113	ecoli_genome	98.000000	0.000000	0.000000
899.999113	ecoli_transcript	68611.000000	0.000000	0.000000
899.999113	ecolipol	54.000000	0.000000	0.000000
899.999113	gene_A	268.000000	291.000000	0.006873
899.999113	gene_A*	153.000000	290.000000	0.003448
899.999113	gene_B	154.000000	327.000000	0.000000
899.999113	gene_C	135.000000	322.000000	0.000000
899.999113	gene_D	184.000000	345.000000	0.002899
899.999113	gene_E	160.000000	342.000000	0.002924
899.999113	gene_F	100.000000	246.000000	0.004065
899.999113	gene_G	30.000000	181.000000	0.138122
899.999113	gene_H	0.000000	120.000000	0.241667
899.999113	gene_J	93.000000	338.000000	0.118343
899.999113	gene_K	159.000000	322.000000	0.000000
899.999113	promoter_A	1.000000	0.000000	0.000000
899.999113	promoter_B1	0.000000	0.000000	0.000000
899.999113	promoter_D	0.000000	0.000000	0.000000
904.999246	__gene_A*_rbs	291.000000	0.000000	0.000000
904.999246	__gene_A_rbs	293.000000	0.000000	0.000000
904.999246	__gene_B_rbs	329.000000	0.000000	0.000000
904.999246	__gene_C_rbs	324.000000	0.000000	0.000000
904.999246	__gene_D_rbs	347.000000	0.000000	0.000000
904.999246	__gene_E_rbs	345.000000	0.000000	0.000000
904.999246	__gene_F_rbs	247.000000	0.000000	0.000000
904.999246	__gene_G_rbs	182.000000	0.000000	0.000000
904.999246	__gene_H_rbs	122.000000	0.000000	0.000000
904.999246	__gene_J_rbs	341.000000	0.000000	0.000000
904.999246	__gene_K_rbs	325.000000	0.000000	0.000000
904.999246	__ribosome	0.000000	0.000000	0.000000
904.999246	bound_ecolipol	1912.000000	0.000000	0.000000
904.999246	bound_ribosome	100.000000	0.000000	0.000000
904.999246	ecoli_genome	88.000000	0.000000	0.000000
904.999246	ecoli_transcript	69021.000000	0.000000	0.000000
904.999246	ecolipol	45.000000	0.000000	0.000000
904.999246	gene_A	268.000000	293.000000	0.006826
904.999246	gene_A*	153.000000	291.000000	0.003436
904.999246	gene_B	154.000000	329.000000	0.000000
904.999246	gene_C	135.000000	324.000000	0.000000
904.999246	gene_D	184.000000	347.000000	0.002882
904.999246	gene_E	161.000000	345.000000	0.000000
904.999246	gene_F	100.000000	247.000000	0.004049
904.999246	gene_G	30.000000	182.000000	0.137363
904.999246	gene_H	0.000000	122.000000	0.237705
904.999246	gene_J	93.000000	341.000000	0.117302
904.999246	gene_K	159.000000	325.000000	0.003077
904.999246	promoter_A	1.000000	0.000000	0.000000
904.999246	promoter_B1	0.000000	0.000000	0.000000
904.999246	promoter_D	0.000000	0.000000	0.000000
909.999186	__gene_A*_rbs	291.000000	0.000000	0.000000
909.999186	__gene_A_rbs	296.000000	0.000000	0.000000
909.999186	__gene_B_rbs	331.000000	0.000000	0.000000
909.999186	__gene_C_rbs	326.000000	0.000000	0.000000
909.999186	__gene_D_rbs	349.000000	0.000000	0.000000
909.999186	__gene_E_rbs	348.000000	0.000000	0.000000
909.999186	__gene_F_rbs	248.000000	0.000000	0.000000
909.999186	__gene_G_rbs	184.000000	0.000000	0.000000
909.999186	__gene_H_rbs	124.000000	0.000000	0.000000
909.999186	__gene_J_rbs	342.000000	0.000000	0.000000
909.999186	__gene_K_rbs	327.000000	0.000000	0.000000
909.999186	__ribosome	0.000000	0.000000	0.000000
909.999186	bound_ecolipol	1911.000000	0.000000	0.000000
909.999186	bound_ribosome	100.000000	0.000000	0.000000
909.999186	ecoli_genome	89.000000	0.000000	0.000000
909.999186	ecoli_transcript	69384.000000	0.000000	0.000000
909.999186	ecolipol	44.000000	0.000000	0.000000
909.999186	gene_A	269.000000	296.000000	0.006757
909.999186	gene_A*	153.000000	291.000000	0.003436
909.999186	gene_B	154.000000	331.000000	0.000000
909.999186	gene_C	135.000000	326.000000	0.003067
909.999186	gene_D	184.000000	349.000000	0.002865
909.999186	gene_E	161.000000	348.000000	0.000000
909.999186	gene_F	100.000000	248.000000	0.004032
909.999186	gene_G	30.000000	184.000000	0.135870
909.999186	gene_H	0.000000	124.000000	0.233871
909.999186	gene_J	93.000000	342.000000	0.116959
909.999186	gene_K	160.000000	327.000000	0.000000
909.999186	promoter_A	0.000000	0.000000	0.000000
909.999186	promoter_B1	1.000000	0.000000	0.000000
909.999186	promoter_D	0.000000	0.000000	0.000000
914.999116	__gene_A*_rbs	291.000000	0.000000	0.000000
914.999116	__gene_A_rbs	297.000000	0.000000	0.000000
914.999116	__gene_B_rbs	333.000000	0.000000	0.000000
914.999116	__gene_C_rbs	327.000000	0.000000	0.000000
914.999116	__gene_D_rbs	351.000000	0.000000	0.000000
914.999116	__gene_E_rbs	349.000000	0.000000	0.000000
914.999116	__gene_F_rbs	250.000000	0.000000	0.000000
914.999116	__gene_G_rbs	184.000000	0.000000	0.000000
914.999116	__gene_H_rbs	124.000000	0.000000	0.000000
914.999116	__gene_J_rbs	346.000000	0.000000	0.000000
914.999116	__gene_K_rbs	329.000000	0.000000	0.000000
914.999116	__ribosome	0.000000	0.000000	0.000000
914.999116	bound_ecolipol	1905.000000	0.000000	0.000000
914.999116	bound_ribosome	100.000000	0.000000	0.000000
914.999116	ecoli_genome	95.000000	0.000000	0.000000
914.999116	ecoli_transcript	69743.000000	0.000000	0.000000
914.999116	ecolipol	48.000000	0.000000	0.000000
914.999116	gene_A	269.000000	297.000000	0.006734
914.999116	gene_A*	153.000000	291.000000	0.003436
914.999116	gene_B	154.000000	333.000000	0.000000
914.999116	gene_C	135.000000	328.000000	0.003049
914.999116	gene_D	185.000000	352.000000	0.000000
914.999116	gene_E	161.000000	349.000000	0.000000
914.999116	gene_F	100.000000	250.000000	0.004000
914.999116	gene_G	30.000000	184.000000	0.135870
914.999116	gene_H	0.000000	124.000000	0.233871
914.999116	gene_J	93.000000	346.000000	0.118497
914.999116	gene_K	160.000000	329.000000	0.000000
914.999116	promoter_A	0.000000	0.000000	0.000000
914.999116	promoter_B1	1.000000	0.000000	0.000000
914.999116	promoter_D	0.000000	0.000000	0.000000
919.999092	__gene_A*_rbs	293.000000	0.000000	0.000000
919.999092	__gene_A_rbs	299.000000	0.000000	0.000000
919.999092	__gene_B_rbs	334.000000	0.000000	0.000000
919.999092	__gene_C_rbs	330.000000	0.000000	0.000000
919.999092	__gene_D_rbs	354.000000	0.000000	0.000000
919.999092	__gene_E_rbs	352.000000	0.000000	0.000000
919.999092	__gene_F_rbs	252.000000	0.000000	0.000000
919.999092	__gene_G_rbs	185.000000	0.000000	0.000000
919.999092	__gene_H_rbs	124.000000	0.000000	0.000000
919.999092	__gene_J_rbs	349.000000	0.000000	0.000000
919.999092	__gene_K_rbs	331.000000	0.000000	0.000000
919.999092	__ribosome	0.000000	0.000000	0.000000
919.999092	bound_ecolipol	1904.000000	0.000000	0.000000
919.999092	bound_ribosome	100.000000	0.000000	0.000000
919.999092	ecoli_genome	96.000000	0.000000	0.000000
919.999092	ecoli_transcript	70140.000000	0.000000	0.000000
919.999092	ecolipol	51.000000	0.000000	0.000000
919.999092	gene_A	269.000000	299.000000	0.006689
919.999092	gene_A*	154.000000	293.000000	0.000000
919.999092	gene_B	154.000000	334.000000	0.000000
919.999092	gene_C	136.000000	330.000000	0.000000
919.999092	gene_D	185.000000	354.000000	0.000000
919.999092	gene_E	161.000000	352.000000	0.000000
919.999092	gene_F	100.000000	252.000000	0.007937
919.999092	gene_G	30.000000	185.000000	0.140541
919.999092	gene_H	0.000000	124.000000	0.233871
919.999092	gene_J	94.000000	349.000000	0.117479
919.999092	gene_K	160.000000	331.000000	0.000000
919.999092	promoter_A	0.000000	0.000000	0.000000
919.999092	promoter_B1	1.000000	0.000000	0.000000
919.999092	promoter_D	0.000000	0.000000	0.000000
924.999114	__gene_A*_rbs	296.000000	0.000000	0.000000
924.999114	__gene_A_rbs	301.000000	0.000000	0.000000
924.999114	__gene_B_rbs	335.000000	0.000000	0.000000
924.999114	__gene_C_rbs	332.000000	0.000000	0.000000
924.999114	__gene_D_rbs	356.000000	0.000000	0.000000
924.999114	__gene_E_rbs	353.000000	0.000000	0.000000
924.999114	__gene_F_rbs	254.000000	0.000000	0.000000
924.999114	__gene_G_rbs	186.000000	0.000000	0.000000
924.999114	__gene_H_rbs	126.000000	0.000000	0.000000
924.999114	__gene_J_rbs	350.000000	0.000000	0.000000
924.999114	__gene_K_rbs	333.000000	0.000000	0.000000
924.999114	__ribosome	0.000000	0.000000	0.000000
924.999114	bound_ecolipol	1908.000000	0.000000	0.000000
924.999114	bound_ribosome	100.000000	0.000000	0.000000
924.999114	ecoli_genome	92.000000	0.000000	0.000000
924.999114	ecoli_transcript	70518.000000	0.000000	0.000000
924.999114	ecolipol	48.000000	0.000000	0.000000
924.999114	gene_A	269.000000	301.000000	0.006645
924.999114	gene_A*	154.000000	296.000000	0.000000
924.999114	gene_B	154.000000	335.000000	0.000000
924.999114	gene_C	136.000000	332.000000	0.000000
924.999114	gene_D	185.000000	356.000000	0.000000
924.999114	gene_E	161.000000	353.000000	0.002833
924.999114	gene_F	101.000000	254.000000	0.003937
924.999114	gene_G	30.000000	186.000000	0.139785
924.999114	gene_H	0.000000	126.000000	0.230159
924.999114	gene_J	94.000000	350.000000	0.117143
924.999114	gene_K	160.000000	333.000000	0.000000
924.999114	promoter_A	1.000000	0.000000	0.000000
924.999114	promoter_B1	0.000000	0.000000	0.000000
924.999114	promoter_D	0.000000	0.000000	0.000000
929.999282	__gene_A*_rbs	298.000000	0.000000	0.000000
929.999282	__gene_A_rbs	302.000000	0.000000	0.000000
929.999282	__gene_B_rbs	336.000000	0.000000	0.000000
929.999282	__gene_C_rbs	333.000000	0.000000	0.000000
929.999282	__gene_D_rbs	358.000000	0.000000	0.000000
929.999282	__gene_E_rbs	356.000000	0.000000	0.000000
929.999282	__gene_F_rbs	254.000000	0.000000	0.000000
929.999282	__gene_G_rbs	189.000000	0.000000	0.000000
929.999282	__gene_H_rbs	127.000000	0.000000	0.000000
929.999282	__gene_J_rbs	353.000000	0.000000	0.000000
929.999282	__gene_K_rbs	334.000000	0.000000	0.000000
929.999282	__ribosome	0.000000	0.000000	0.000000
929.999282	bound_ecolipol	1914.000000	0.000000	0.000000
929.999282	bound_ribosome	100.000000	0.000000	0.000000
929.999282	ecoli_genome	86.000000	0.000000	0.000000
929.999282	ecoli_transcript	70877.000000	0.000000	0.000000
929.999282	ecolipol	45.000000	0.000000	0.000000
929.999282	gene_A	270.000000	302.000000	0.003311
929.999282	gene_A*	154.000000	298.000000	0.000000
929.999282	gene_B	154.000000	336.000000	0.000000
929.999282	gene_C	136.000000	333.000000	0.000000
929.999282	gene_D	185.000000	358.000000	0.000000
929.999282	gene_E	161.000000	356.000000	0.002809
929.999282	gene_F	101.000000	254.000000	0.003937
929.999282	gene_G	30.000000	189.000000	0.142857
929.999282	gene_H	0.000000	127.000000	0.228346
929.999282	gene_J	94.000000	353.000000	0.116147
929.999282	gene_K	160.000000	334.000000	0.000000
929.999282	promoter_A	1.000000	0.000000	0.000000
929.999282	promoter_B1	0.000000	0.000000	0.000000
929.999282	promoter_D	0.000000	0.000000	0.000000
934.999392	__gene_A*_rbs	300.000000	0.000000	0.000000
934.999392	__gene_A_rbs	304.000000	0.000000	0.000000
934.999392	__gene_B_rbs	338.000000	0.000000	0.000000
934.999392	__gene_C_rbs	334.000000	0.000000	0.000000
934.999392	__gene_D_rbs	360.000000	0.000000	0.000000
934.999392	__gene_E_rbs	358.000000	0.000000	0.000000
934.999392	__gene_F_rbs	255.000000	0.000000	0.000000
934.999392	__gene_G_rbs	190.000000	0.000000	0.000000
934.999392	__gene_H_rbs	127.000000	0.000000	0.000000
934.999392	__gene_J_rbs	355.000000	0.000000	0.000000
934.999392	__gene_K_rbs	335.000000	0.000000	0.000000
934.999392	__ribosome	0.000000	0.000000	0.000000
934.999392	bound_ecolipol	1922.000000	0.000000	0.000000
934.999392	bound_ribosome	100.000000	0.000000	0.000000
934.999392	ecoli_genome	78.000000	0.000000	0.000000
934.999392	ecoli_transcript	71220.000000	0.000000	0.000000
934.999392	ecolipol	37.000000	0.000000	0.000000
934.999392	gene_A	270.000000	304.000000	0.003289
934.999392	gene_A*	154.000000	300.000000	0.000000
934.999392	gene_B	154.000000	338.000000	0.000000
934.999392	gene_C	136.000000	334.000000	0.000000
934.999392	gene_D	185.000000	360.000000	0.002778
934.999392	gene_E	162.000000	358.000000	0.000000
934.999392	gene_F	101.000000	255.000000	0.003922
934.999392	gene_G	30.000000	190.000000	0.142105
934.999392	gene_H	0.000000	127.000000	0.228346
934.999392	gene_J	94.000000	355.000000	0.115493
934.999392	gene_K	160.000000	335.000000	0.000000
934.999392	promoter_A	1.000000	0.000000	0.000000
934.999392	promoter_B1	0.000000	0.000000	0.000000
934.999392	promoter_D	1.000000	0.000000	0.000000
939.999232	__gene_A*_rbs	301.000000	0.000000	0.000000
939.999232	__gene_A_rbs	305.000000	0.000000	0.000000
939.999232	__gene_B_rbs	339.000000	0.000000	0.000000
939.999232	__gene_C_rbs	335.000000	0.000000	0.000000
939.999232	__gene_D_rbs	361.000000	0.000000	0.000000
939.999232	__gene_E_rbs	360.000000	0.000000	0.000000
939.999232	__gene_F_rbs	258.000000	0.000000	0.000000
939.999232	__gene_G_rbs	190.000000	0.000000	0.000000
939.999232	__gene_H_rbs	127.000000	0.000000	0.000000
939.999232	__gene_J_rbs	357.000000	0.000000	0.000000
939.999232	__gene_K_rbs	335.000000	0.000000	0.000000
939.999232	__ribosome	0.000000	0.000000	0.000000
939.999232	bound_ecolipol	1917.000000	0.000000	0.000000
939.999232	bound_ribosome	100.000000	0.000000	0.000000
939.999232	ecoli_genome	83.000000	0.000000	0.000000
939.999232	ecoli_transcript	71602.000000	0.000000	0.000000
939.999232	ecolipol	44.000000	0.000000	0.000000
939.999232	gene_A	270.000000	305.000000	0.003279
939.999232	gene_A*	154.000000	301.000000	0.000000
939.999232	gene_B	154.000000	339.000000	0.000000
939.999232	gene_C	136.000000	335.000000	0.000000
939.999232	gene_D	185.000000	361.000000	0.002770
939.999232	gene_E	162.000000	360.000000	0.000000
939.999232	gene_F	101.000000	258.000000	0.003876
939.999232	gene_G	30.000000	190.000000	0.142105
939.999232	gene_H	0.000000	127.000000	0.228346
939.999232	gene_J	94.000000	357.000000	0.114846
939.999232	gene_K	160.000000	335.000000	0.000000
939.999232	promoter_A	1.000000	0.000000	0.000000
939.999232	promoter_B1	1.000000	0.000000	0.000000
939.999232	promoter_D	1.000000	0.000000	0.000000
944.999050	__gene_A*_rbs	302.000000	0.000000	0.000000
944.999050	__gene_A_rbs	306.000000	0.000000	0.000000
944.999050	__gene_B_rbs	342.000000	0.000000	0.000000
944.999050	__gene_C_rbs	336.000000	0.000000	0.000000
944.999050	__gene_D_rbs	362.000000	0.000000	0.000000
944.999050	__gene_E_rbs	361.000000	0.000000	0.000000
944.999050	__gene_F_rbs	259.000000	0.000000	0.000000
944.999050	__gene_G_rbs	191.000000	0.000000	0.000000
944.999050	__gene_H_rbs	128.000000	0.000000	0.000000
944.999050	__gene_J_rbs	359.000000	0.000000	0.000000
944.999050	__gene_K_rbs	338.000000	0.000000	0.000000
944.999050	__ribosome	0.000000	0.000000	0.000000
944.999050	bound_ecolipol	1911.000000	0.000000	0.000000
944.999050	bound_ribosome	100.000000	0.000000	0.000000
944.999050	ecoli_genome	89.000000	0.000000	0.000000
944.999050	ecoli_transcript	71979.000000	0.000000	0.000000
944.999050	ecolipol	49.000000	0.000000	0.000000
944.999050	gene_A	270.000000	306.000000	0.003268
944.999050	gene_A*	154.000000	302.000000	0.000000
944.999050	gene_B	154.000000	342.000000	0.000000
944.999050	gene_C	136.000000	336.000000	0.000000
944.999050	gene_D	185.000000	362.000000	0.002762
944.999050	gene_E	162.000000	361.000000	0.000000
944.999050	gene_F	101.000000	259.000000	0.003861
944.999050	gene_G	30.000000	191.000000	0.141361
944.999050	gene_H	0.000000	128.000000	0.226562
944.999050	gene_J	94.000000	359.000000	0.114206
944.999050	gene_K	160.000000	338.000000	0.000000
944.999050	promoter_A	1.000000	0.000000	0.000000
944.999050	promoter_B1	1.000000	0.000000	0.000000
944.999050	promoter_D	1.000000	0.000000	0.000000
949.999444	__gene_A*_rbs	303.000000	0.000000	0.000000
949.999444	__gene_A_rbs	307.000000	0.000000	0.000000
949.999444	__gene_B_rbs	344.000000	0.000000	0.000000
949.999444	__gene_C_rbs	339.000000	0.000000	0.000000
949.999444	__gene_D_rbs	363.000000	0.000000	0.000000
949.999444	__gene_E_rbs	362.000000	0.000000	0.000000
949.999444	__gene_F_rbs	261.000000	0.000000	0.000000
949.999444	__gene_G_rbs	192.000000	0.000000	0.000000
949.999444	__gene_H_rbs	130.000000	0.000000	0.000000
949.999444	__gene_J_rbs	360.000000	0.000000	0.000000
949.999444	__gene_K_rbs	339.000000	0.000000	0.000000
949.999444	__ribosome	0.000000	0.000000	0.000000
949.999444	bound_ecolipol	1906.000000	0.000000	0.000000
949.999444	bound_ribosome	100.000000	0.000000	0.000000
949.999444	ecoli_genome	94.000000	0.000000	0.000000
949.999444	ecoli_transcript	72376.000000	0.000000	0.000000
949.999444	ecolipol	52.000000	0.000000	0.000000
949.999444	gene_A	270.000000	307.000000	0.003257
949.999444	gene_A*	154.000000	303.000000	0.000000
949.999444	gene_B	154.000000	344.000000	0.002907
949.999444	gene_C	136.000000	339.000000	0.000000
949.999444	gene_D	186.000000	363.000000	0.000000
949.999444	gene_E	162.000000	362.000000	0.000000
949.999444	gene_F	101.000000	261.000000	0.003831
949.999444	gene_G	30.000000	192.000000	0.140625
949.999444	gene_H	0.000000	130.000000	0.223077
949.999444	gene_J	94.000000	360.000000	0.113889
949.999444	gene_K	160.000000	339.000000	0.000000
949.999444	promoter_A	0.000000	0.000000	0.000000
949.999444	promoter_B1	0.000000	0.000000	0.000000
949.999444	promoter_D	1.000000	0.000000	0.000000
954.999742	__gene_A*_rbs	305.000000	0.000000	0.000000
954.999742	__gene_A_rbs	310.000000	0.000000	0.000000
954.999742	__gene_B_rbs	345.000000	0.000000	0.000000
954.999742	__gene_C_rbs	341.000000	0.000000	0.000000
954.999742	__gene_D_rbs	364.000000	0.000000	0.000000
954.999742	__gene_E_rbs	363.000000	0.000000	0.000000
954.999742	__gene_F_rbs	261.000000	0.000000	0.000000
954.999742	__gene_G_rbs	193.000000	0.000000	0.000000
954.999742	__gene_H_rbs	130.000000	0.000000	0.000000
954.999742	__gene_J_rbs	361.000000	0.000000	0.000000
954.999742	__gene_K_rbs	341.000000	0.000000	0.000000
954.999742	__ribosome	0.000000	0.000000	0.000000
954.999742	bound_ecolipol	1911.000000	0.000000	0.000000
954.999742	bound_ribosome	100.000000	0.000000	0.000000
954.999742	ecoli_genome	89.000000	0.000000	0.000000
954.999742	ecoli_transcript	72759.000000	0.000000	0.000000
954.999742	ecolipol	49.000000	0.000000	0.000000
954.999742	gene_A	270.000000	310.000000	0.003226
954.999742	gene_A*	154.000000	305.000000	0.000000
954.999742	gene_B	154.000000	345.000000	0.002899
954.999742	gene_C	136.000000	341.000000	0.000000
954.999742	gene_D	186.000000	364.000000	0.000000
954.999742	gene_E	162.000000	363.000000	0.000000
954.999742	gene_F	101.000000	261.000000	0.003831
954.999742	gene_G	30.000000	193.000000	0.139896
954.999742	gene_H	0.000000	130.000000	0.223077
954.999742	gene_J	94.000000	361.000000	0.113573
954.999742	gene_K	160.000000	341.000000	0.000000
954.999742	promoter_A	0.000000	0.000000	0.000000
954.999742	promoter_B1	1.000000	0.000000	0.000000
954.999742	promoter_D	0.000000	0.000000	0.000000
959.999003	__gene_A*_rbs	305.000000	0.000000	0.000000
959.999003	__gene_A_rbs	312.000000	0.000000	0.000000
959.999003	__gene_B_rbs	347.000000	0.000000	0.000000
959.999003	__gene_C_rbs	343.000000	0.000000	0.000000
959.999003	__gene_D_rbs	368.000000	0.000000	0.000000
959.999003	__gene_E_rbs	364.000000	0.000000	0.000000
959.999003	__gene_F_rbs	261.000000	0.000000	0.000000
959.999003	__gene_G_rbs	195.000000	0.000000	0.000000
959.999003	__gene_H_rbs	130.000000	0.000000	0.000000
959.999003	__gene_J_rbs	361.000000	0.000000	0.000000
959.999003	__gene_K_rbs	344.000000	0.000000	0.000000
959.999003	__ribosome	0.000000	0.000000	0.000000
959.999003	bound_ecolipol	1910.000000	0.000000	0.000000
959.999003	bound_ribosome	100.000000	0.000000	0.000000
959.999003	ecoli_genome	90.000000	0.000000	0.000000
959.999003	ecoli_transcript	73117.000000	0.000000	0.000000
959.999003	ecolipol	49.000000	0.000000	0.000000
959.999003	gene_A	271.000000	312.000000	0.000000
959.999003	gene_A*	154.000000	306.000000	0.003268
959.999003	gene_B	154.000000	347.000000	0.002882
959.999003	gene_C	136.000000	343.000000	0.000000
959.999003	gene_D	186.000000	368.000000	0.000000
959.999003	gene_E	162.000000	364.000000	0.000000
959.999003	gene_F	102.000000	261.000000	0.000000
959.999003	gene_G	30.000000	195.000000	0.138462
959.999003	gene_H	0.000000	130.000000	0.223077
959.999003	gene_J	94.000000	362.000000	0.116022
959.999003	gene_K	160.000000	344.000000	0.000000
959.999003	promoter_A	1.000000	0.000000	0.000000
959.999003	promoter_B1	0.000000	0.000000	0.000000
959.999003	promoter_D	0.000000	0.000000	0.000000
964.999283	__gene_A*_rbs	308.000000	0.000000	0.000000
964.999283	__gene_A_rbs	312.000000	0.000000	0.000000
964.999283	__gene_B_rbs	348.000000	0.000000	0.000000
964.999283	__gene_C_rbs	345.000000	0.000000	0.000000
964.999283	__gene_D_rbs	369.000000	0.000000	0.000000
964.999283	__gene_E_rbs	368.000000	0.000000	0.000000
964.999283	__gene_F_rbs	262.000000	0.000000	0.000000
964.999283	__gene_G_rbs	198.000000	0.000000	0.000000
964.999283	__gene_H_rbs	131.000000	0.000000	0.000000
964.999283	__gene_J_rbs	363.000000	0.000000	0.000000
964.999283	__gene_K_rbs	345.000000	0.000000	0.000000
964.999283	__ribosome	0.000000	0.000000	0.000000
964.999283	bound_ecolipol	1914.000000	0.000000	0.000000
964.999283	bound_ribosome	100.000000	0.000000	0.000000
964.999283	ecoli_genome	86.000000	0.000000	0.000000
964.999283	ecoli_transcript	73521.000000	0.000000	0.000000
964.999283	ecolipol	45.000000	0.000000	0.000000
964.999283	gene_A	271.000000	312.000000	0.000000
964.999283	gene_A*	154.000000	308.000000	0.003247
964.999283	gene_B	155.000000	348.000000	0.002874
964.999283	gene_C	136.000000	345.000000	0.000000
964.999283	gene_D	186.000000	369.000000	0.002710
964.999283	gene_E	162.000000	368.000000	0.000000
964.999283	gene_F	102.000000	262.000000	0.000000
964.999283	gene_G	30.000000	198.000000	0.136364
964.999283	gene_H	0.000000	131.000000	0.221374
964.999283	gene_J	95.000000	363.000000	0.112948
964.999283	gene_K	160.000000	345.000000	0.000000
964.999283	promoter_A	1.000000	0.000000	0.000000
964.999283	promoter_B1	1.000000	0.000000	0.000000
964.999283	promoter_D	0.000000	0.000000	0.000000
969.999189	__gene_A*_rbs	310.000000	0.000000	0.000000
969.999189	__gene_A_rbs	314.000000	0.000000	0.000000
969.999189	__gene_B_rbs	349.000000	0.000000	0.000000
969.999189	__gene_C_rbs	346.000000	0.000000	0.000000
969.999189	__gene_D_rbs	372.000000	0.000000	0.000000
969.999189	__gene_E_rbs	368.000000	0.000000	0.000000
969.999189	__gene_F_rbs	263.000000	0.000000	0.000000
969.999189	__gene_G_rbs	199.000000	0.000000	0.000000
969.999189	__gene_H_rbs	132.000000	0.000000	0.000000
969.999189	__gene_J_rbs	365.000000	0.000000	0.000000
969.999189	__gene_K_rbs	347.000000	0.000000	0.000000
969.999189	__ribosome	0.000000	0.000000	0.000000
969.999189	bound_ecolipol	1902.000000	0.000000	0.000000
969.999189	bound_ribosome	100.000000	0.000000	0.000000
969.999189	ecoli_genome	98.000000	0.000000	0.000000
969.999189	ecoli_transcript	73920.000000	0.000000	0.000000
969.999189	ecolipol	54.000000	0.000000	0.000000
969.999189	gene_A	271.000000	314.000000	0.000000
969.999189	gene_A*	154.000000	310.000000	0.003226
969.999189	gene_B	155.000000	349.000000	0.002865
969.999189	gene_C	136.000000	346.000000	0.000000
969.999189	gene_D	186.000000	372.000000	0.002688
969.999189	gene_E	162.000000	369.000000	0.000000
969.999189	gene_F	102.000000	263.000000	0.000000
969.999189	gene_G	30.000000	199.000000	0.135678
969.999189	gene_H	0.000000	132.000000	0.219697
969.999189	gene_J	95.000000	365.000000	0.112329
969.999189	gene_K	160.000000	347.000000	0.000000
969.999189	promoter_A	0.000000	0.000000	0.000000
969.999189	promoter_B1	1.000000	0.000000	0.000000
969.999189	promoter_D	0.000000	0.000000	0.000000
974.999019	__gene_A*_rbs	312.000000	0.000000	0.000000
974.999019	__gene_A_rbs	317.000000	0.000000	0.000000
974.999019	__gene_B_rbs	350.000000	0.000000	0.000000
974.999019	__gene_C_rbs	347.000000	0.000000	0.000000
974.999019	__gene_D_rbs	373.000000	0.000000	0.000000
974.999019	__gene_E_rbs	372.000000	0.000000	0.000000
974.999019	__gene_F_rbs	265.000000	0.000000	0.000000
974.999019	__gene_G_rbs	199.000000	0.000000	0.000000
974.999019	__gene_H_rbs	134.000000	0.000000	0.000000
974.999019	__gene_J_rbs	368.000000	0.000000	0.000000
974.999019	__gene_K_rbs	348.000000	0.000000	0.000000
974.999019	__ribosome	0.000000	0.000000	0.000000
974.999019	bound_ecolipol	1901.000000	0.000000	0.000000
974.999019	bound_ribosome	100.000000	0.000000	0.000000
974.999019	ecoli_genome	99.000000	0.000000	0.000000
974.999019	ecoli_transcript	74346.000000	0.000000	0.000000
974.999019	ecolipol	56.000000	0.000000	0.000000
974.999019	gene_A	271.000000	317.000000	0.000000
974.999019	gene_A*	154.000000	312.000000	0.006410
974.999019	gene_B	156.000000	350.000000	0.000000
974.999019	gene_C	136.000000	347.000000	0.000000
974.999019	gene_D	186.000000	373.000000	0.002681
974.999019	gene_E	162.000000	372.000000	0.000000
974.999019	gene_F	102.000000	265.000000	0.000000
974.999019	gene_G	30.000000	199.000000	0.135678
974.999019	gene_H	0.000000	134.000000	0.216418
974.999019	gene_J	95.000000	368.000000	0.111413
974.999019	gene_K	160.000000	348.000000	0.000000
974.999019	promoter_A	1.000000	0.000000	0.000000
974.999019	promoter_B1	0.000000	0.000000	0.000000
974.999019	promoter_D	0.000000	0.000000	0.000000
979.999164	__gene_A*_rbs	312.000000	0.000000	0.000000
979.999164	__gene_A_rbs	319.000000	0.000000	0.000000
979.999164	__gene_B_rbs	353.000000	0.000000	0.000000
979.999164	__gene_C_rbs	349.000000	0.000000	0.000000
979.999164	__gene_D_rbs	375.000000	0.000000	0.000000
979.999164	__gene_E_rbs	373.000000	0.000000	0.000000
979.999164	__gene_F_rbs	266.000000	0.000000	0.000000
979.999164	__gene_G_rbs	200.000000	0.000000	0.000000
979.999164	__gene_H_rbs	134.000000	0.000000	0.000000
979.999164	__gene_J_rbs	369.000000	0.000000	0.000000
979.999164	__gene_K_rbs	349.000000	0.000000	0.000000
979.999164	__ribosome	0.000000	0.000000	0.000000
979.999164	bound_ecolipol	1912.000000	0.000000	0.000000
979.999164	bound_ribosome	100.000000	0.000000	0.000000
979.999164	ecoli_genome	88.000000	0.000000	0.000000
979.999164	ecoli_transcript	74744.000000	0.000000	0.000000
979.999164	ecolipol	45.000000	0.000000	0.000000
979.999164	gene_A	271.000000	319.000000	0.000000
979.999164	gene_A*	154.000000	312.000000	0.006410
979.999164	gene_B	156.000000	353.000000	0.000000
979.999164	gene_C	136.000000	349.000000	0.000000
979.999164	gene_D	186.000000	375.000000	0.002667
979.999164	gene_E	162.000000	373.000000	0.000000
979.999164	gene_F	102.000000	266.000000	0.000000
979.999164	gene_G	30.000000	200.000000	0.135000
979.999164	gene_H	0.000000	134.000000	0.216418
979.999164	gene_J	95.000000	370.000000	0.110811
979.999164	gene_K	160.000000	349.000000	0.000000
979.999164	promoter_A	1.000000	0.000000	0.000000
979.999164	promoter_B1	0.000000	0.000000	0.000000
979.999164	promoter_D	1.000000	0.000000	0.000000
984.999340	__gene_A*_rbs	314.000000	0.000000	0.000000
984.999340	__gene_A_rbs	321.000000	0.000000	0.000000
984.999340	__gene_B_rbs	355.000000	0.000000	0.000000
984.999340	__gene_C_rbs	350.000000	0.000000	0.000000
984.999340	__gene_D_rbs	376.000000	0.000000	0.000000
984.999340	__gene_E_rbs	375.000000	0.000000	0.000000
984.999340	__gene_F_rbs	268.000000	0.000000	0.000000
984.999340	__gene_G_rbs	202.000000	0.000000	0.000000
984.999340	__gene_H_rbs	137.000000	0.000000	0.000000
984.999340	__gene_J_rbs	373.000000	0.000000	0.000000
984.999340	__gene_K_rbs	351.000000	0.000000	0.000000
984.999340	__ribosome	0.000000	0.000000	0.000000
984.999340	bound_ecolipol	1916.000000	0.000000	0.000000
984.999340	bound_ribosome	100.000000	0.000000	0.000000
984.999340	ecoli_genome	84.000000	0.000000	0.000000
984.999340	ecoli_transcript	75121.000000	0.000000	0.000000
984.999340	ecolipol	39.000000	0.000000	0.000000
984.999340	gene_A	271.000000	321.000000	0.000000
984.999340	gene_A*	154.000000	314.000000	0.006369
984.999340	gene_B	156.000000	355.000000	0.000000
984.999340	gene_C	136.000000	350.000000	0.000000
984.999340	gene_D	187.000000	376.000000	0.000000
984.999340	gene_E	162.000000	375.000000	0.002667
984.999340	gene_F	102.000000	268.000000	0.000000
984.999340	gene_G	30.000000	202.000000	0.133663
984.999340	gene_H	0.000000	137.000000	0.211679
984.999340	gene_J	95.000000	373.000000	0.109920
984.999340	gene_K	160.000000	351.000000	0.000000
984.999340	promoter_A	0.000000	0.000000	0.000000
984.999340	promoter_B1	1.000000	0.000000	0.000000
984.999340	promoter_D	0.000000	0.000000	0.000000
989.999148	__gene_A*_rbs	317.000000	0.000000	0.000000
989.999148	__gene_A_rbs	322.000000	0.000000	0.000000
989.999148	__gene_B_rbs	359.000000	0.000000	0.000000
989.999148	__gene_C_rbs	351.000000	0.000000	0.000000
989.999148	__gene_D_rbs	377.000000	0.000000	0.000000
989.999148	__gene_E_rbs	376.000000	0.000000	0.000000
989.999148	__gene_F_rbs	271.000000	0.000000	0.000000
989.999148	__gene_G_rbs	204.000000	0.000000	0.000000
989.999148	__gene_H_rbs	137.000000	0.000000	0.000000
989.999148	__gene_J_rbs	374.000000	0.000000	0.000000
989.999148	__gene_K_rbs	353.000000	0.000000	0.000000
989.999148	__ribosome	0.000000	0.000000	0.000000
989.999148	bound_ecolipol	1898.000000	0.000000	0.000000
989.999148	bound_ribosome	100.000000	0.000000	0.000000
989.999148	ecoli_genome	102.000000	0.000000	0.000000
989.999148	ecoli_transcript	75487.000000	0.000000	0.000000
989.999148	ecolipol	56.000000	0.000000	0.000000
989.999148	gene_A	271.000000	322.000000	0.000000
989.999148	gene_A*	154.000000	317.000000	0.006309
989.999148	gene_B	156.000000	359.000000	0.000000
989.999148	gene_C	136.000000	351.000000	0.000000
989.999148	gene_D	187.000000	377.000000	0.000000
989.999148	gene_E	163.000000	376.000000	0.000000
989.999148	gene_F	102.000000	271.000000	0.000000
989.999148	gene_G	30.000000	204.000000	0.132353
989.999148	gene_H	0.000000	137.000000	0.211679
989.999148	gene_J	95.000000	374.000000	0.109626
989.999148	gene_K	160.000000	353.000000	0.002833
989.999148	promoter_A	1.000000	0.000000	0.000000
989.999148	promoter_B1	0.000000	0.000000	0.000000
989.999148	promoter_D	0.000000	0.000000	0.000000
994.999335	__gene_A*_rbs	318.000000	0.000000	0.000000
994.999335	__gene_A_rbs	324.000000	0.000000	0.000000
994.999335	__gene_B_rbs	359.000000	0.000000	0.000000
994.999335	__gene_C_rbs	354.000000	0.000000	0.000000
994.999335	__gene_D_rbs	378.000000	0.000000	0.000000
994.999335	__gene_E_rbs	378.000000	0.000000	0.000000
994.999335	__gene_F_rbs	271.000000	0.000000	0.000000
994.999335	__gene_G_rbs	204.000000	0.000000	0.000000
994.999335	__gene_H_rbs	138.000000	0.000000	0.000000
994.999335	__gene_J_rbs	375.000000	0.000000	0.000000
994.999335	__gene_K_rbs	355.000000	0.000000	0.000000
994.999335	__ribosome	0.000000	0.000000	0.000000
994.999335	bound_ecolipol	1911.000000	0.000000	0.000000
994.999335	bound_ribosome	100.000000	0.000000	0.000000
994.999335	ecoli_genome	89.000000	0.000000	0.000000
994.999335	ecoli_transcript	75867.000000	0.000000	0.000000
994.999335	ecolipol	42.000000	0.000000	0.000000
994.999335	gene_A	271.000000	324.000000	0.000000
994.999335	gene_A*	155.000000	319.000000	0.006270
994.999335	gene_B	156.000000	359.000000	0.000000
994.999335	gene_C	136.000000	354.000000	0.000000
994.999335	gene_D	187.000000	378.000000	0.000000
994.999335	gene_E	163.000000	378.000000	0.000000
994.999335	gene_F	102.000000	271.000000	0.000000
994.999335	gene_G	30.000000	204.000000	0.132353
994.999335	gene_H	0.000000	138.000000	0.210145
994.999335	gene_J	95.000000	375.000000	0.112000
994.999335	gene_K	161.000000	355.000000	0.000000
994.999335	promoter_A	0.000000	0.000000	0.000000
994.999335	promoter_B1	0.000000	0.000000	0.000000
994.999335	promoter_D	0.000000	0.000000	0.000000
999.999129	__gene_A*_rbs	321.000000	0.000000	0.000000
999.999129	__gene_A_rbs	327.000000	0.000000	0.000000
999.999129	__gene_B_rbs	362.000000	0.000000	0.000000
999.999129	__gene_C_rbs	357.000000	0.000000	0.000000
999.999129	__gene_D_rbs	381.000000	0.000000	0.000000
999.999129	__gene_E_rbs	379.000000	0.000000	0.000000
999.999129	__gene_F_rbs	272.000000	0.000000	0.000000
999.999129	__gene_G_rbs	204.000000	0.000000	0.000000
999.999129	__gene_H_rbs	140.000000	0.000000	0.000000
999.999129	__gene_J_rbs	377.000000	0.000000	0.000000
999.999129	__gene_K_rbs	358.000000	0.000000	0.000000
999.999129	__ribosome	0.000000	0.000000	0.000000
999.999129	bound_ecolipol	1905.000000	0.000000	0.000000
999.999129	bound_ribosome	100.000000	0.000000	0.000000
999.999129	ecoli_genome	95.000000	0.000000	0.000000
999.999129	ecoli_transcript	76251.000000	0.000000	0.000000
999.999129	ecolipol	48.000000	0.000000	0.000000
999.999129	gene_A	271.000000	327.000000	0.000000
999.999129	gene_A*	155.000000	321.000000	0.006231
999.999129	gene_B	156.000000	362.000000	0.000000
999.999129	gene_C	136.000000	357.000000	0.000000
999.999129	gene_D	187.000000	381.000000	0.000000
999.999129	gene_E	163.000000	379.000000	0.000000
999.999129	gene_F	102.000000	272.000000	0.000000
999.999129	gene_G	30.000000	204.000000	0.132353
999.999129	gene_H	0.000000	140.000000	0.207143
999.999129	gene_J	96.000000	377.000000	0.108753
999.999129	gene_K	161.000000	358.000000	0.002793
999.999129	promoter_A	0.000000	0.000000	0.000000
999.999129	promoter_B1	0.000000	0.000000	0.000000
999.999129	promoter_D	0.000000	0.000000	0.000000
1004.999010	__gene_A*_rbs	322.000000	0.000000	0.000000
1004.999010	__gene_A_rbs	329.000000	0.000000	0.000000
1004.999010	__gene_B_rbs	364.000000	0.000000	0.000000
1004.999010	__gene_C_rbs	359.000000	0.000000	0.000000
1004.999010	__gene_D_rbs	383.000000	0.000000	0.000000
1004.999010	__gene_E_rbs	381.000000	0.000000	0.000000
1004.999010	__gene_F_rbs	273.000000	0.000000	0.000000
1004.999010	__gene_G_rbs	206.000000	0.000000	0.000000
1004.999010	__gene_H_rbs	141.000000	0.000000	0.000000
1004.999010	__gene_J_rbs	378.000000	0.000000	0.000000
1004.999010	__gene_K_rbs	358.000000	0.000000	0.000000
1004.999010	__ribosome	0.000000	0.000000	0.000000
1004.999010	bound_ecolipol	1893.000000	0.000000	0.000000
1004.999010	bound_ribosome	100.000000	0.000000	0.000000
1004.999010	ecoli_genome	107.000000	0.000000	0.000000
1004.999010	ecoli_transcript	76633.000000	0.000000	0.000000
1004.999010	ecolipol	60.000000	0.000000	0.000000
1004.999010	gene_A	271.000000	329.000000	0.000000
1004.999010	gene_A*	155.000000	322.000000	0.006211
1004.999010	gene_B	156.000000	364.000000	0.000000
1004.999010	gene_C	136.000000	359.000000	0.002786
1004.999010	gene_D	187.000000	383.000000	0.000000
1004.999010	gene_E	163.000000	381.000000	0.000000
1004.999010	gene_F	102.000000	273.000000	0.000000
1004.999010	gene_G	30.000000	206.000000	0.131068
1004.999010	gene_H	0.000000	141.000000	0.205674
1004.999010	gene_J	96.000000	378.000000	0.108466
1004.999010	gene_K	162.000000	359.000000	0.000000
1004.999010	promoter_A	0.000000	0.000000	0.000000
1004.999010	promoter_B1	0.000000	0.000000	0.000000
1004.999010	promoter_D	0.000000	0.000000	0.000000
1009.999263	__gene_A*_rbs	324.000000	0.000000	0.000000
1009.999263	__gene_A_rbs	330.000000	0.000000	0.000000
1009.999263	__gene_B_rbs	367.000000	0.000000	0.000000
1009.999263	__gene_C_rbs	360.000000	0.000000	0.000000
1009.999263	__gene_D_rbs	386.000000	0.000000	0.000000
1009.999263	__gene_E_rbs	383.000000	0.000000	0.000000
1009.999263	__gene_F_rbs	274.000000	0.000000	0.000000
1009.999263	__gene_G_rbs	206.000000	0.000000	0.000000
1009.999263	__gene_H_rbs	141.000000	0.000000	0.000000
1009.999263	__gene_J_rbs	379.000000	0.000000	0.000000
1009.999263	__gene_K_rbs	362.000000	0.000000	0.000000
1009.999263	__ribosome	0.000000	0.000000	0.000000
1009.999263	bound_ecolipol	1903.000000	0.000000	0.000000
1009.999263	bound_ribosome	100.000000	0.000000	0.000000
1009.999263	ecoli_genome	97.000000	0.000000	0.000000
1009.999263	ecoli_transcript	77003.000000	0.000000	0.000000
1009.999263	ecolipol	51.000000	0.000000	0.000000
1009.999263	gene_A	271.000000	330.000000	0.000000
1009.999263	gene_A*	156.000000	324.000000	0.003086
1009.999263	gene_B	156.000000	367.000000	0.000000
1009.999263	gene_C	136.000000	360.000000	0.002778
1009.999263	gene_D	187.000000	386.000000	0.000000
1009.999263	gene_E	163.000000	383.000000	0.000000
1009.999263	gene_F	102.000000	274.000000	0.000000
1009.999263	gene_G	30.000000	206.000000	0.135922
1009.999263	gene_H	0.000000	141.000000	0.205674
1009.999263	gene_J	96.000000	379.000000	0.108179
1009.999263	gene_K	162.000000	362.000000	0.000000
1009.999263	promoter_A	1.000000	0.000000	0.000000
1009.999263	promoter_B1	0.000000	0.000000	0.000000
1009.999263	promoter_D	0.000000	0.000000	0.000000
1014.999032	__gene_A*_rbs	326.000000	0.000000	0.000000
1014.999032	__gene_A_rbs	331.000000	0.000000	0.000000
1014.999032	__gene_B_rbs	368.000000	0.000000	0.000000
1014.999032	__gene_C_rbs	363.000000	0.000000	0.000000
1014.999032	__gene_D_rbs	387.000000	0.000000	0.000000
1014.999032	__gene_E_rbs	386.000000	0.000000	0.000000
1014.999032	__gene_F_rbs	275.000000	0.000000	0.000000
1014.999032	__gene_G_rbs	207.000000	0.000000	0.000000
1014.999032	__gene_H_rbs	141.000000	0.000000	0.000000
1014.999032	__gene_J_rbs	382.000000	0.000000	0.000000
1014.999032	__gene_K_rbs	364.000000	0.000000	0.000000
1014.999032	__ribosome	0.000000	0.000000	0.000000
1014.999032	bound_ecolipol	1901.000000	0.000000	0.000000
1014.999032	bound_ribosome	100.000000	0.000000	0.000000
1014.999032	ecoli_genome	99.000000	0.000000	0.000000
1014.999032	ecoli_transcript	77375.000000	0.000000	0.000000
1014.999032	ecolipol	55.000000	0.000000	0.000000
1014.999032	gene_A	271.000000	331.000000	0.000000
1014.999032	gene_A*	156.000000	326.000000	0.003067
1014.999032	gene_B	156.000000	368.000000	0.000000
1014.999032	gene_C	137.000000	363.000000	0.000000
1014.999032	gene_D	187.000000	387.000000	0.000000
1014.999032	gene_E	163.000000	386.000000	0.002591
1014.999032	gene_F	102.000000	275.000000	0.000000
1014.999032	gene_G	30.000000	207.000000	0.135266
1014.999032	gene_H	0.000000	141.000000	0.205674
1014.999032	gene_J	96.000000	382.000000	0.107330
1014.999032	gene_K	162.000000	364.000000	0.000000
1014.999032	promoter_A	1.000000	0.000000	0.000000
1014.999032	promoter_B1	0.000000	0.000000	0.000000
1014.999032	promoter_D	0.000000	0.000000	0.000000
1019.999383	__gene_A*_rbs	329.000000	0.000000	0.000000
1019.999383	__gene_A_rbs	333.000000	0.000000	0.000000
1019.999383	__gene_B_rbs	370.000000	0.000000	0.000000
1019.999383	__gene_C_rbs	365.000000	0.000000	0.000000
1019.999383	__gene_D_rbs	390.000000	0.000000	0.000000
1019.999383	__gene_E_rbs	387.000000	0.000000	0.000000
1019.999383	__gene_F_rbs	275.000000	0.000000	0.000000
1019.999383	__gene_G_rbs	210.000000	0.000000	0.000000
1019.999383	__gene_H_rbs	143.000000	0.000000	0.000000
1019.999383	__gene_J_rbs	385.000000	0.000000	0.000000
1019.999383	__gene_K_rbs	366.000000	0.000000	0.000000
1019.999383	__ribosome	0.000000	0.000000	0.000000
1019.999383	bound_ecolipol	1898.000000	0.000000	0.000000
1019.999383	bound_ribosome	100.000000	0.000000	0.000000
1019.999383	ecoli_genome	102.000000	0.000000	0.000000
1019.999383	ecoli_transcript	77759.000000	0.000000	0.000000
1019.999383	ecolipol	57.000000	0.000000	0.000000
1019.999383	gene_A	271.000000	333.000000	0.000000
1019.999383	gene_A*	156.000000	329.000000	0.003040
1019.999383	gene_B	156.000000	370.000000	0.000000
1019.999383	gene_C	137.000000	365.000000	0.000000
1019.999383	gene_D	187.000000	390.000000	0.000000
1019.999383	gene_E	163.000000	387.000000	0.002584
1019.999383	gene_F	102.000000	275.000000	0.000000
1019.999383	gene_G	30.000000	210.000000	0.133333
1019.999383	gene_H	0.000000	143.000000	0.202797
1019.999383	gene_J	96.000000	385.000000	0.106494
1019.999383	gene_K	162.000000	366.000000	0.000000
1019.999383	promoter_A	1.000000	0.000000	0.000000
1019.999383	promoter_B1	0.000000	0.000000	0.000000
1019.999383	promoter_D	1.000000	0.000000	0.000000
1024.999215	__gene_A*_rbs	330.000000	0.000000	0.000000
1024.999215	__gene_A_rbs	334.000000	0.000000	0.000000
1024.999215	__gene_B_rbs	372.000000	0.000000	0.000000
1024.999215	__gene_C_rbs	368.000000	0.000000	0.000000
1024.999215	__gene_D_rbs	392.000000	0.000000	0.000000
1024.999215	__gene_E_rbs	389.000000	0.000000	0.000000
1024.999215	__gene_F_rbs	277.000000	0.000000	0.000000
1024.999215	__gene_G_rbs	210.000000	0.000000	0.000000
1024.999215	__gene_H_rbs	143.000000	0.000000	0.000000
1024.999215	__gene_J_rbs	387.000000	0.000000	0.000000
1024.999215	__gene_K_rbs	368.000000	0.000000	0.000000
1024.999215	__ribosome	0.000000	0.000000	0.000000
1024.999215	bound_ecolipol	1906.000000	0.000000	0.000000
1024.999215	bound_ribosome	100.000000	0.000000	0.000000
1024.999215	ecoli_genome	94.000000	0.000000	0.000000
1024.999215	ecoli_transcript	78153.000000	0.000000	0.000000
1024.999215	ecolipol	54.000000	0.000000	0.000000
1024.999215	gene_A	271.000000	334.000000	0.000000
1024.999215	gene_A*	156.000000	330.000000	0.003030
1024.999215	gene_B	156.000000	372.000000	0.000000
1024.999215	gene_C	137.000000	368.000000	0.000000
1024.999215	gene_D	187.000000	392.000000	0.000000
1024.999215	gene_E	164.000000	389.000000	0.002571
1024.999215	gene_F	102.000000	277.000000	0.000000
1024.999215	gene_G	30.000000	210.000000	0.133333
1024.999215	gene_H	0.000000	143.000000	0.202797
1024.999215	gene_J	96.000000	387.000000	0.105943
1024.999215	gene_K	162.000000	368.000000	0.000000
1024.999215	promoter_A	1.000000	0.000000	0.000000
1024.999215	promoter_B1	0.000000	0.000000	0.000000
1024.999215	promoter_D	0.000000	0.000000	0.000000
1029.999435	__gene_A*_rbs	331.000000	0.000000	0.000000
1029.999435	__gene_A_rbs	336.000000	0.000000	0.000000
1029.999435	__gene_B_rbs	374.000000	0.000000	0.000000
1029.999435	__gene_C_rbs	368.000000	0.000000	0.000000
1029.999435	__gene_D_rbs	394.000000	0.000000	0.000000
1029.999435	__gene_E_rbs	392.000000	0.000000	0.000000
1029.999435	__gene_F_rbs	278.000000	0.000000	0.000000
1029.999435	__gene_G_rbs	212.000000	0.000000	0.000000
1029.999435	__gene_H_rbs	143.000000	0.000000	0.000000
1029.999435	__gene_J_rbs	388.000000	0.000000	0.000000
1029.999435	__gene_K_rbs	370.000000	0.000000	0.000000
1029.999435	__ribosome	0.000000	0.000000	0.000000
1029.999435	bound_ecolipol	1916.000000	0.000000	0.000000
1029.999435	bound_ribosome	100.000000	0.000000	0.000000
1029.999435	ecoli_genome	84.000000	0.000000	0.000000
1029.999435	ecoli_transcript	78536.000000	0.000000	0.000000
1029.999435	ecolipol	45.000000	0.000000	0.000000
1029.999435	gene_A	271.000000	336.000000	0.000000
1029.999435	gene_A*	157.000000	331.000000	0.000000
1029.999435	gene_B	156.000000	374.000000	0.000000
1029.999435	gene_C	137.000000	369.000000	0.000000
1029.999435	gene_D	187.000000	394.000000	0.000000
1029.999435	gene_E	164.000000	392.000000	0.002551
1029.999435	gene_F	102.000000	278.000000	0.003597
1029.999435	gene_G	31.000000	212.000000	0.127358
1029.999435	gene_H	0.000000	143.000000	0.202797
1029.999435	gene_J	96.000000	388.000000	0.105670
1029.999435	gene_K	162.000000	370.000000	0.002703
1029.999435	promoter_A	1.000000	0.000000	0.000000
1029.999435	promoter_B1	0.000000	0.000000	0.000000
1029.999435	promoter_D	0.000000	0.000000	0.000000
1034.999080	__gene_A*_rbs	333.000000	0.000000	0.000000
1034.999080	__gene_A_rbs	338.000000	0.000000	0.000000
1034.999080	__gene_B_rbs	376.000000	0.000000	0.000000
1034.999080	__gene_C_rbs	371.000000	0.000000	0.000000
1034.999080	__gene_D_rbs	396.000000	0.000000	0.000000
1034.999080	__gene_E_rbs	395.000000	0.000000	0.000000
1034.999080	__gene_F_rbs	279.000000	0.000000	0.000000
1034.999080	__gene_G_rbs	212.000000	0.000000	0.000000
1034.999080	__gene_H_rbs	146.000000	0.000000	0.000000
1034.999080	__gene_J_rbs	391.000000	0.000000	0.000000
1034.999080	__gene_K_rbs	372.000000	0.000000	0.000000
1034.999080	__ribosome	0.000000	0.000000	0.000000
1034.999080	bound_ecolipol	1914.000000	0.000000	0.000000
1034.999080	bound_ribosome	100.000000	0.000000	0.000000
1034.999080	ecoli_genome	86.000000	0.000000	0.000000
1034.999080	ecoli_transcript	78926.000000	0.000000	0.000000
1034.999080	ecolipol	45.000000	0.000000	0.000000
1034.999080	gene_A	271.000000	338.000000	0.000000
1034.999080	gene_A*	157.000000	333.000000	0.000000
1034.999080	gene_B	156.000000	376.000000	0.000000
1034.999080	gene_C	137.000000	371.000000	0.000000
1034.999080	gene_D	187.000000	396.000000	0.000000
1034.999080	gene_E	165.000000	395.000000	0.000000
1034.999080	gene_F	102.000000	279.000000	0.003584
1034.999080	gene_G	31.000000	212.000000	0.132075
1034.999080	gene_H	0.000000	146.000000	0.198630
1034.999080	gene_J	96.000000	391.000000	0.107417
1034.999080	gene_K	163.000000	372.000000	0.000000
1034.999080	promoter_A	0.000000	0.000000	0.000000
1034.999080	promoter_B1	1.000000	0.000000	0.000000
1034.999080	promoter_D	0.000000	0.000000	0.000000
1039.999075	__gene_A*_rbs	334.000000	0.000000	0.000000
1039.999075	__gene_A_rbs	340.000000	0.000000	0.000000
1039.999075	__gene_B_rbs	378.000000	0.000000	0.000000
1039.999075	__gene_C_rbs	373.000000	0.000000	0.000000
1039.999075	__gene_D_rbs	398.000000	0.000000	0.000000
1039.999075	__gene_E_rbs	396.000000	0.000000	0.000000
1039.999075	__gene_F_rbs	282.000000	0.000000	0.000000
1039.999075	__gene_G_rbs	213.000000	0.000000	0.000000
1039.999075	__gene_H_rbs	146.000000	0.000000	0.000000
1039.999075	__gene_J_rbs	393.000000	0.000000	0.000000
1039.999075	__gene_K_rbs	374.000000	0.000000	0.000000
1039.999075	__ribosome	0.000000	0.000000	0.000000
1039.999075	bound_ecolipol	1903.000000	0.000000	0.000000
1039.999075	bound_ribosome	100.000000	0.000000	0.000000
1039.999075	ecoli_genome	97.000000	0.000000	0.000000
1039.999075	ecoli_transcript	79335.000000	0.000000	0.000000
1039.999075	ecolipol	53.000000	0.000000	0.000000
1039.999075	gene_A	271.000000	340.000000	0.000000
1039.999075	gene_A*	157.000000	334.000000	0.000000
1039.999075	gene_B	156.000000	378.000000	0.000000
1039.999075	gene_C	137.000000	373.000000	0.000000
1039.999075	gene_D	187.000000	398.000000	0.000000
1039.999075	gene_E	165.000000	396.000000	0.000000
1039.999075	gene_F	102.000000	282.000000	0.003546
1039.999075	gene_G	31.000000	213.000000	0.131455
1039.999075	gene_H	0.000000	146.000000	0.198630
1039.999075	gene_J	96.000000	393.000000	0.106870
1039.999075	gene_K	163.000000	374.000000	0.000000
1039.999075	promoter_A	1.000000	0.000000	0.000000
1039.999075	promoter_B1	0.000000	0.000000	0.000000
1039.999075	promoter_D	0.000000	0.000000	0.000000
1044.999124	__gene_A*_rbs	336.000000	0.000000	0.000000
1044.999124	__gene_A_rbs	343.000000	0.000000	0.000000
1044.999124	__gene_B_rbs	379.000000	0.000000	0.000000
1044.999124	__gene_C_rbs	375.000000	0.000000	0.000000
1044.999124	__gene_D_rbs	400.000000	0.000000	0.000000
1044.999124	__gene_E_rbs	398.000000	0.000000	0.000000
1044.999124	__gene_F_rbs	283.000000	0.000000	0.000000
1044.999124	__gene_G_rbs	214.000000	0.000000	0.000000
1044.999124	__gene_H_rbs	147.000000	0.000000	0.000000
1044.999124	__gene_J_rbs	395.000000	0.000000	0.000000
1044.999124	__gene_K_rbs	376.000000	0.000000	0.000000
1044.999124	__ribosome	0.000000	0.000000	0.000000
1044.999124	bound_ecolipol	1908.000000	0.000000	0.000000
1044.999124	bound_ribosome	100.000000	0.000000	0.000000
1044.999124	ecoli_genome	92.000000	0.000000	0.000000
1044.999124	ecoli_transcript	79731.000000	0.000000	0.000000
1044.999124	ecolipol	48.000000	0.000000	0.000000
1044.999124	gene_A	271.000000	343.000000	0.000000
1044.999124	gene_A*	157.000000	336.000000	0.000000
1044.999124	gene_B	156.000000	379.000000	0.000000
1044.999124	gene_C	137.000000	375.000000	0.000000
1044.999124	gene_D	187.000000	400.000000	0.000000
1044.999124	gene_E	165.000000	398.000000	0.000000
1044.999124	gene_F	102.000000	283.000000	0.003534
1044.999124	gene_G	31.000000	214.000000	0.130841
1044.999124	gene_H	0.000000	147.000000	0.197279
1044.999124	gene_J	96.000000	395.000000	0.106329
1044.999124	gene_K	163.000000	376.000000	0.000000
1044.999124	promoter_A	0.000000	0.000000	0.000000
1044.999124	promoter_B1	1.000000	0.000000	0.000000
1044.999124	promoter_D	0.000000	0.000000	0.000000
1049.999101	__gene_A*_rbs	338.000000	0.000000	0.000000
1049.999101	__gene_A_rbs	344.000000	0.000000	0.000000
1049.999101	__gene_B_rbs	382.000000	0.000000	0.000000
1049.999101	__gene_C_rbs	377.000000	0.000000	0.000000
1049.999101	__gene_D_rbs	402.000000	0.000000	0.000000
1049.999101	__gene_E_rbs	399.000000	0.000000	0.000000
1049.999101	__gene_F_rbs	286.000000	0.000000	0.000000
1049.999101	__gene_G_rbs	215.000000	0.000000	0.000000
1049.999101	__gene_H_rbs	147.000000	0.000000	0.000000
1049.999101	__gene_J_rbs	397.000000	0.000000	0.000000
1049.999101	__gene_K_rbs	378.000000	0.000000	0.000000
1049.999101	__ribosome	0.000000	0.000000	0.000000
1049.999101	bound_ecolipol	1900.000000	0.000000	0.000000
1049.999101	bound_ribosome	100.000000	0.000000	0.000000
1049.999101	ecoli_genome	100.000000	0.000000	0.000000
1049.999101	ecoli_transcript	80117.000000	0.000000	0.000000
1049.999101	ecolipol	56.000000	0.000000	0.000000
1049.999101	gene_A	271.000000	344.000000	0.000000
1049.999101	gene_A*	157.000000	338.000000	0.000000
1049.999101	gene_B	156.000000	382.000000	0.000000
1049.999101	gene_C	137.000000	377.000000	0.000000
1049.999101	gene_D	187.000000	402.000000	0.000000
1049.999101	gene_E	165.000000	399.000000	0.000000
1049.999101	gene_F	102.000000	286.000000	0.003497
1049.999101	gene_G	31.000000	215.000000	0.130233
1049.999101	gene_H	0.000000	147.000000	0.197279
1049.999101	gene_J	96.000000	397.000000	0.105793
1049.999101	gene_K	163.000000	378.000000	0.000000
1049.999101	promoter_A	1.000000	0.000000	0.000000
1049.999101	promoter_B1	0.000000	0.000000	0.000000
1049.999101	promoter_D	1.000000	0.000000	0.000000
1054.999076	__gene_A*_rbs	340.000000	0.000000	0.000000
1054.999076	__gene_A_rbs	346.000000	0.000000	0.000000
1054.999076	__gene_B_rbs	383.000000	0.000000	0.000000
1054.999076	__gene_C_rbs	378.000000	0.000000	0.000000
1054.999076	__gene_D_rbs	404.000000	0.000000	0.000000
1054.999076	__gene_E_rbs	402.000000	0.000000	0.000000
1054.999076	__gene_F_rbs	287.000000	0.000000	0.000000
1054.999076	__gene_G_rbs	215.000000	0.000000	0.000000
1054.999076	__gene_H_rbs	147.000000	0.000000	0.000000
1054.999076	__gene_J_rbs	399.000000	0.000000	0.000000
1054.999076	__gene_K_rbs	379.000000	0.000000	0.000000
1054.999076	__ribosome	0.000000	0.000000	0.000000
1054.999076	bound_ecolipol	1912.000000	0.000000	0.000000
1054.999076	bound_ribosome	100.000000	0.000000	0.000000
1054.999076	ecoli_genome	88.000000	0.000000	0.000000
1054.999076	ecoli_transcript	80482.000000	0.000000	0.000000
1054.999076	ecolipol	42.000000	0.000000	0.000000
1054.999076	gene_A	271.000000	346.000000	0.000000
1054.999076	gene_A*	157.000000	340.000000	0.000000
1054.999076	gene_B	156.000000	383.000000	0.000000
1054.999076	gene_C	137.000000	378.000000	0.000000
1054.999076	gene_D	187.000000	404.000000	0.000000
1054.999076	gene_E	165.000000	402.000000	0.000000
1054.999076	gene_F	102.000000	287.000000	0.003484
1054.999076	gene_G	32.000000	215.000000	0.130233
1054.999076	gene_H	0.000000	147.000000	0.197279
1054.999076	gene_J	96.000000	399.000000	0.105263
1054.999076	gene_K	163.000000	379.000000	0.000000
1054.999076	promoter_A	0.000000	0.000000	0.000000
1054.999076	promoter_B1	1.000000	0.000000	0.000000
1054.999076	promoter_D	0.000000	0.000000	0.000000
1059.999027	__gene_A*_rbs	342.000000	0.000000	0.000000
1059.999027	__gene_A_rbs	349.000000	0.000000	0.000000
1059.999027	__gene_B_rbs	385.000000	0.000000	0.000000
1059.999027	__gene_C_rbs	380.000000	0.000000	0.000000
1059.999027	__gene_D_rbs	406.000000	0.000000	0.000000
1059.999027	__gene_E_rbs	404.000000	0.000000	0.000000
1059.999027	__gene_F_rbs	288.000000	0.000000	0.000000
1059.999027	__gene_G_rbs	216.000000	0.000000	0.000000
1059.999027	__gene_H_rbs	149.000000	0.000000	0.000000
1059.999027	__gene_J_rbs	401.000000	0.000000	0.000000
1059.999027	__gene_K_rbs	381.000000	0.000000	0.000000
1059.999027	__ribosome	0.000000	0.000000	0.000000
1059.999027	bound_ecolipol	1900.000000	0.000000	0.000000
1059.999027	bound_ribosome	100.000000	0.000000	0.000000
1059.999027	ecoli_genome	100.000000	0.000000	0.000000
1059.999027	ecoli_transcript	80869.000000	0.000000	0.000000
1059.999027	ecolipol	54.000000	0.000000	0.000000
1059.999027	gene_A	271.000000	349.000000	0.000000
1059.999027	gene_A*	157.000000	342.000000	0.000000
1059.999027	gene_B	156.000000	385.000000	0.000000
1059.999027	gene_C	137.000000	380.000000	0.000000
1059.999027	gene_D	187.000000	406.000000	0.000000
1059.999027	gene_E	165.000000	404.000000	0.000000
1059.999027	gene_F	102.000000	288.000000	0.003472
1059.999027	gene_G	32.000000	216.000000	0.129630
1059.999027	gene_H	0.000000	149.000000	0.194631
1059.999027	gene_J	96.000000	401.000000	0.104738
1059.999027	gene_K	163.000000	381.000000	0.000000
1059.999027	promoter_A	0.000000	0.000000	0.000000
1059.999027	promoter_B1	0.000000	0.000000	0.000000
1059.999027	promoter_D	1.000000	0.000000	0.000000
1064.999023	__gene_A*_rbs	344.000000	0.000000	0.000000
1064.999023	__gene_A_rbs	350.000000	0.000000	0.000000
1064.999023	__gene_B_rbs	386.000000	0.000000	0.000000
1064.999023	__gene_C_rbs	382.000000	0.000000	0.000000
1064.999023	__gene_D_rbs	407.000000	0.000000	0.000000
1064.999023	__gene_E_rbs	406.000000	0.000000	0.000000
1064.999023	__gene_F_rbs	290.000000	0.000000	0.000000
1064.999023	__gene_G_rbs	218.000000	0.000000	0.000000
1064.999023	__gene_H_rbs	150.000000	0.000000	0.000000
1064.999023	__gene_J_rbs	402.000000	0.000000	0.000000
1064.999023	__gene_K_rbs	382.000000	0.000000	0.000000
1064.999023	__ribosome	0.000000	0.000000	0.000000
1064.999023	bound_ecolipol	1905.000000	0.000000	0.000000
1064.999023	bound_ribosome	100.000000	0.000000	0.000000
1064.999023	ecoli_genome	95.000000	0.000000	0.000000
1064.999023	ecoli_transcript	81266.000000	0.000000	0.000000
1064.999023	ecolipol	49.000000	0.000000	0.000000
1064.999023	gene_A	271.000000	350.000000	0.000000
1064.999023	gene_A*	157.000000	344.000000	0.000000
1064.999023	gene_B	156.000000	386.000000	0.000000
1064.999023	gene_C	137.000000	382.000000	0.000000
1064.999023	gene_D	187.000000	407.000000	0.000000
1064.999023	gene_E	165.000000	406.000000	0.000000
1064.999023	gene_F	102.000000	290.000000	0.003448
1064.999023	gene_G	32.000000	218.000000	0.128440
1064.999023	gene_H	0.000000	150.000000	0.193333
1064.999023	gene_J	96.000000	402.000000	0.104478
1064.999023	gene_K	163.000000	382.000000	0.000000
1064.999023	promoter_A	1.000000	0.000000	0.000000
1064.999023	promoter_B1	1.000000	0.000000	0.000000
1064.999023	promoter_D	0.000000	0.000000	0.000000
1069.999129	__gene_A*_rbs	346.000000	0.000000	0.000000
1069.999129	__gene_A_rbs	351.000000	0.000000	0.000000
1069.999129	__gene_B_rbs	388.000000	0.000000	0.000000
1069.999129	__gene_C_rbs	384.000000	0.000000	0.000000
1069.999129	__gene_D_rbs	410.000000	0.000000	0.000000
1069.999129	__gene_E_rbs	407.000000	0.000000	0.000000
1069.999129	__gene_F_rbs	290.000000	0.000000	0.000000
1069.999129	__gene_G_rbs	219.000000	0.000000	0.000000
1069.999129	__gene_H_rbs	150.000000	0.000000	0.000000
1069.999129	__gene_J_rbs	405.000000	0.000000	0.000000
1069.999129	__gene_K_rbs	385.000000	0.000000	0.000000
1069.999129	__ribosome	0.000000	0.000000	0.000000
1069.999129	bound_ecolipol	1911.000000	0.000000	0.000000
1069.999129	bound_ribosome	100.000000	0.000000	0.000000
1069.999129	ecoli_genome	89.000000	0.000000	0.000000
1069.999129	ecoli_transcript	81659.000000	0.000000	0.000000
1069.999129	ecolipol	43.000000	0.000000	0.000000
1069.999129	gene_A	271.000000	351.000000	0.000000
1069.999129	gene_A*	157.000000	346.000000	0.000000
1069.999129	gene_B	156.000000	388.000000	0.000000
1069.999129	gene_C	137.000000	384.000000	0.000000
1069.999129	gene_D	187.000000	410.000000	0.000000
1069.999129	gene_E	165.000000	407.000000	0.000000
1069.999129	gene_F	103.000000	290.000000	0.000000
1069.999129	gene_G	32.000000	219.000000	0.132420
1069.999129	gene_H	0.000000	150.000000	0.193333
1069.999129	gene_J	96.000000	405.000000	0.103704
1069.999129	gene_K	163.000000	385.000000	0.000000
1069.999129	promoter_A	1.000000	0.000000	0.000000
1069.999129	promoter_B1	0.000000	0.000000	0.000000
1069.999129	promoter_D	0.000000	0.000000	0.000000
1074.999041	__gene_A*_rbs	348.000000	0.000000	0.000000
1074.999041	__gene_A_rbs	353.000000	0.000000	0.000000
1074.999041	__gene_B_rbs	390.000000	0.000000	0.000000
1074.999041	__gene_C_rbs	385.000000	0.000000	0.000000
1074.999041	__gene_D_rbs	411.000000	0.000000	0.000000
1074.999041	__gene_E_rbs	410.000000	0.000000	0.000000
1074.999041	__gene_F_rbs	293.000000	0.000000	0.000000
1074.999041	__gene_G_rbs	220.000000	0.000000	0.000000
1074.999041	__gene_H_rbs	151.000000	0.000000	0.000000
1074.999041	__gene_J_rbs	406.000000	0.000000	0.000000
1074.999041	__gene_K_rbs	386.000000	0.000000	0.000000
1074.999041	__ribosome	0.000000	0.000000	0.000000
1074.999041	bound_ecolipol	1897.000000	0.000000	0.000000
1074.999041	bound_ribosome	100.000000	0.000000	0.000000
1074.999041	ecoli_genome	103.000000	0.000000	0.000000
1074.999041	ecoli_transcript	82048.000000	0.000000	0.000000
1074.999041	ecolipol	56.000000	0.000000	0.000000
1074.999041	gene_A	271.000000	353.000000	0.000000
1074.999041	gene_A*	157.000000	348.000000	0.000000
1074.999041	gene_B	156.000000	390.000000	0.002564
1074.999041	gene_C	137.000000	385.000000	0.000000
1074.999041	gene_D	187.000000	411.000000	0.000000
1074.999041	gene_E	165.000000	410.000000	0.000000
1074.999041	gene_F	103.000000	293.000000	0.000000
1074.999041	gene_G	33.000000	220.000000	0.127273
1074.999041	gene_H	0.000000	151.000000	0.192053
1074.999041	gene_J	96.000000	406.000000	0.103448
1074.999041	gene_K	163.000000	386.000000	0.000000
1074.999041	promoter_A	0.000000	0.000000	0.000000
1074.999041	promoter_B1	0.000000	0.000000	0.000000
1074.999041	promoter_D	0.000000	0.000000	0.000000
1079.999124	__gene_A*_rbs	350.000000	0.000000	0.000000
1079.999124	__gene_A_rbs	354.000000	0.000000	0.000000
1079.999124	__gene_B_rbs	393.000000	0.000000	0.000000
1079.999124	__gene_C_rbs	387.000000	0.000000	0.000000
1079.999124	__gene_D_rbs	413.000000	0.000000	0.000000
1079.999124	__gene_E_rbs	411.000000	0.000000	0.000000
1079.999124	__gene_F_rbs	293.000000	0.000000	0.000000
1079.999124	__gene_G_rbs	222.000000	0.000000	0.000000
1079.999124	__gene_H_rbs	153.000000	0.000000	0.000000
1079.999124	__gene_J_rbs	408.000000	0.000000	0.000000
1079.999124	__gene_K_rbs	387.000000	0.000000	0.000000
1079.999124	__ribosome	0.000000	0.000000	0.000000
1079.999124	bound_ecolipol	1905.000000	0.000000	0.000000
1079.999124	bound_ribosome	100.000000	0.000000	0.000000
1079.999124	ecoli_genome	95.000000	0.000000	0.000000
1079.999124	ecoli_transcript	82439.000000	0.000000	0.000000
1079.999124	ecolipol	48.000000	0.000000	0.000000
1079.999124	gene_A	271.000000	354.000000	0.000000
1079.999124	gene_A*	157.000000	350.000000	0.000000
1079.999124	gene_B	156.000000	393.000000	0.002545
1079.999124	gene_C	137.000000	387.000000	0.000000
1079.999124	gene_D	187.000000	413.000000	0.000000
1079.999124	gene_E	165.000000	411.000000	0.000000
1079.999124	gene_F	103.000000	293.000000	0.000000
1079.999124	gene_G	33.000000	222.000000	0.126126
1079.999124	gene_H	0.000000	153.000000	0.189542
1079.999124	gene_J	96.000000	408.000000	0.102941
1079.999124	gene_K	163.000000	387.000000	0.000000
1079.999124	promoter_A	1.000000	0.000000	0.000000
1079.999124	promoter_B1	0.000000	0.000000	0.000000
1079.999124	promoter_D	0.000000	0.000000	0.000000
1084.999423	__gene_A*_rbs	351.000000	0.000000	0.000000
1084.999423	__gene_A_rbs	357.000000	0.000000	0.000000
1084.999423	__gene_B_rbs	395.000000	0.000000	0.000000
1084.999423	__gene_C_rbs	389.000000	0.000000	0.000000
1084.999423	__gene_D_rbs	415.000000	0.000000	0.000000
1084.999423	__gene_E_rbs	413.000000	0.000000	0.000000
1084.999423	__gene_F_rbs	295.000000	0.000000	0.000000
1084.999423	__gene_G_rbs	223.000000	0.000000	0.000000
1084.999423	__gene_H_rbs	153.000000	0.000000	0.000000
1084.999423	__gene_J_rbs	410.000000	0.000000	0.000000
1084.999423	__gene_K_rbs	390.000000	0.000000	0.000000
1084.999423	__ribosome	0.000000	0.000000	0.000000
1084.999423	bound_ecolipol	1905.000000	0.000000	0.000000
1084.999423	bound_ribosome	100.000000	0.000000	0.000000
1084.999423	ecoli_genome	95.000000	0.000000	0.000000
1084.999423	ecoli_transcript	82820.000000	0.000000	0.000000
1084.999423	ecolipol	47.000000	0.000000	0.000000
1084.999423	gene_A	271.000000	357.000000	0.000000
1084.999423	gene_A*	157.000000	351.000000	0.000000
1084.999423	gene_B	157.000000	395.000000	0.000000
1084.999423	gene_C	137.000000	389.000000	0.000000
1084.999423	gene_D	187.000000	415.000000	0.000000
1084.999423	gene_E	165.000000	413.000000	0.000000
1084.999423	gene_F	103.000000	295.000000	0.003390
1084.999423	gene_G	33.000000	223.000000	0.125561
1084.999423	gene_H	0.000000	153.000000	0.189542
1084.999423	gene_J	96.000000	410.000000	0.102439
1084.999423	gene_K	163.000000	390.000000	0.000000
1084.999423	promoter_A	0.000000	0.000000	0.000000
1084.999423	promoter_B1	0.000000	0.000000	0.000000
1084.999423	promoter_D	0.000000	0.000000	0.000000
1089.999138	__gene_A*_rbs	352.000000	0.000000	0.000000
1089.999138	__gene_A_rbs	357.000000	0.000000	0.000000
1089.999138	__gene_B_rbs	397.000000	0.000000	0.000000
1089.999138	__gene_C_rbs	390.000000	0.000000	0.000000
1089.999138	__gene_D_rbs	418.000000	0.000000	0.000000
1089.999138	__gene_E_rbs	415.000000	0.000000	0.000000
1089.999138	__gene_F_rbs	297.000000	0.000000	0.000000
1089.999138	__gene_G_rbs	225.000000	0.000000	0.000000
1089.999138	__gene_H_rbs	153.000000	0.000000	0.000000
1089.999138	__gene_J_rbs	413.000000	0.000000	0.000000
1089.999138	__gene_K_rbs	392.000000	0.000000	0.000000
1089.999138	__ribosome	0.000000	0.000000	0.000000
1089.999138	bound_ecolipol	1899.000000	0.000000	0.000000
1089.999138	bound_ribosome	100.000000	0.000000	0.000000
1089.999138	ecoli_genome	101.000000	0.000000	0.000000
1089.999138	ecoli_transcript	83190.000000	0.000000	0.000000
1089.999138	ecolipol	53.000000	0.000000	0.000000
1089.999138	gene_A	271.000000	357.000000	0.000000
1089.999138	gene_A*	157.000000	352.000000	0.000000
1089.999138	gene_B	157.000000	397.000000	0.000000
1089.999138	gene_C	137.000000	390.000000	0.000000
1089.999138	gene_D	187.000000	418.000000	0.000000
1089.999138	gene_E	165.000000	415.000000	0.000000
1089.999138	gene_F	103.000000	297.000000	0.003367
1089.999138	gene_G	33.000000	225.000000	0.124444
1089.999138	gene_H	0.000000	153.000000	0.189542
1089.999138	gene_J	96.000000	413.000000	0.101695
1089.999138	gene_K	163.000000	392.000000	0.000000
1089.999138	promoter_A	0.000000	0.000000	0.000000
1089.999138	promoter_B1	1.000000	0.000000	0.000000
1089.999138	promoter_D	0.000000	0.000000	0.000000
1094.999420	__gene_A*_rbs	354.000000	0.000000	0.000000
1094.999420	__gene_A_rbs	360.000000	0.000000	0.000000
1094.999420	__gene_B_rbs	400.000000	0.000000	0.000000
1094.999420	__gene_C_rbs	394.000000	0.000000	0.000000
1094.999420	__gene_D_rbs	420.000000	0.000000	0.000000
1094.999420	__gene_E_rbs	418.000000	0.000000	0.000000
1094.999420	__gene_F_rbs	299.000000	0.000000	0.000000
1094.999420	__gene_G_rbs	227.000000	0.000000	0.000000
1094.999420	__gene_H_rbs	154.000000	0.000000	0.000000
1094.999420	__gene_J_rbs	414.000000	0.000000	0.000000
1094.999420	__gene_K_rbs	394.000000	0.000000	0.000000
1094.999420	__ribosome	0.000000	0.000000	0.000000
1094.999420	bound_ecolipol	1903.000000	0.000000	0.000000
1094.999420	bound_ribosome	100.000000	0.000000	0.000000
1094.999420	ecoli_genome	97.000000	0.000000	0.000000
1094.999420	ecoli_transcript	83562.000000	0.000000	0.000000
1094.999420	ecolipol	47.000000	0.000000	0.000000
1094.999420	gene_A	271.000000	360.000000	0.000000
1094.999420	gene_A*	157.000000	354.000000	0.000000
1094.999420	gene_B	157.000000	400.000000	0.000000
1094.999420	gene_C	137.000000	394.000000	0.000000
1094.999420	gene_D	187.000000	420.000000	0.000000
1094.999420	gene_E	165.000000	418.000000	0.000000
1094.999420	gene_F	103.000000	299.000000	0.003344
1094.999420	gene_G	33.000000	227.000000	0.123348
1094.999420	gene_H	0.000000	154.000000	0.188312
1094.999420	gene_J	96.000000	414.000000	0.101449
1094.999420	gene_K	163.000000	394.000000	0.000000
1094.999420	promoter_A	1.000000	0.000000	0.000000
1094.999420	promoter_B1	0.000000	0.000000	0.000000
1094.999420	promoter_D	1.000000	0.000000	0.000000
1099.999272	__gene_A*_rbs	356.000000	0.000000	0.000000
1099.999272	__gene_A_rbs	361.000000	0.000000	0.000000
1099.999272	__gene_B_rbs	401.000000	0.000000	0.000000
1099.999272	__gene_C_rbs	396.000000	0.000000	0.000000
1099.999272	__gene_D_rbs	423.000000	0.000000	0.000000
1099.999272	__gene_E_rbs	420.000000	0.000000	0.000000
1099.999272	__gene_F_rbs	300.000000	0.000000	0.000000
1099.999272	__gene_G_rbs	228.000000	0.000000	0.000000
1099.999272	__gene_H_rbs	155.000000	0.000000	0.000000
1099.999272	__gene_J_rbs	416.000000	0.000000	0.000000
1099.999272	__gene_K_rbs	397.000000	0.000000	0.000000
1099.999272	__ribosome	0.000000	0.000000	0.000000
1099.999272	bound_ecolipol	1912.000000	0.000000	0.000000
1099.999272	bound_ribosome	100.000000	0.000000	0.000000
1099.999272	ecoli_genome	88.000000	0.000000	0.000000
1099.999272	ecoli_transcript	83893.000000	0.000000	0.000000
1099.999272	ecolipol	38.000000	0.000000	0.000000
1099.999272	gene_A	271.000000	361.000000	0.000000
1099.999272	gene_A*	157.000000	356.000000	0.000000
1099.999272	gene_B	157.000000	401.000000	0.000000
1099.999272	gene_C	137.000000	396.000000	0.000000
1099.999272	gene_D	187.000000	423.000000	0.000000
1099.999272	gene_E	165.000000	420.000000	0.000000
1099.999272	gene_F	103.000000	300.000000	0.003333
1099.999272	gene_G	33.000000	228.000000	0.122807
1099.999272	gene_H	0.000000	155.000000	0.187097
1099.999272	gene_J	96.000000	416.000000	0.100962
1099.999272	gene_K	163.000000	397.000000	0.000000
1099.999272	promoter_A	0.000000	0.000000	0.000000
1099.999272	promoter_B1	0.000000	0.000000	0.000000
1099.999272	promoter_D	0.000000	0.000000	0.000000
1104.999272	__gene_A*_rbs	358.000000	0.000000	0.000000
1104.999272	__gene_A_rbs	362.000000	0.000000	0.000000
1104.999272	__gene_B_rbs	402.000000	0.000000	0.000000
1104.999272	__gene_C_rbs	398.000000	0.000000	0.000000
1104.999272	__gene_D_rbs	426.000000	0.000000	0.000000
1104.999272	__gene_E_rbs	422.000000	0.000000	0.000000
1104.999272	__gene_F_rbs	302.000000	0.000000	0.000000
1104.999272	__gene_G_rbs	229.000000	0.000000	0.000000
1104.999272	__gene_H_rbs	157.000000	0.000000	0.000000
1104.999272	__gene_J_rbs	419.000000	0.000000	0.000000
1104.999272	__gene_K_rbs	399.000000	0.000000	0.000000
1104.999272	__ribosome	0.000000	0.000000	0.000000
1104.999272	bound_ecolipol	1902.000000	0.000000	0.000000
1104.999272	bound_ribosome	100.000000	0.000000	0.000000
1104.999272	ecoli_genome	98.000000	0.000000	0.000000
1104.999272	ecoli_transcript	84270.000000	0.000000	0.000000
1104.999272	ecolipol	48.000000	0.000000	0.000000
1104.999272	gene_A	271.000000	362.000000	0.000000
1104.999272	gene_A*	157.000000	358.000000	0.000000
1104.999272	gene_B	157.000000	402.000000	0.000000
1104.999272	gene_C	137.000000	398.000000	0.000000
1104.999272	gene_D	187.000000	426.000000	0.000000
1104.999272	gene_E	165.000000	422.000000	0.000000
1104.999272	gene_F	103.000000	302.000000	0.003311
1104.999272	gene_G	33.000000	229.000000	0.122271
1104.999272	gene_H	0.000000	157.000000	0.184713
1104.999272	gene_J	96.000000	419.000000	0.100239
1104.999272	gene_K	163.000000	399.000000	0.000000
1104.999272	promoter_A	1.000000	0.000000	0.000000
1104.999272	promoter_B1	0.000000	0.000000	0.000000
1104.999272	promoter_D	0.000000	0.000000	0.000000
1109.999417	__gene_A*_rbs	360.000000	0.000000	0.000000
1109.999417	__gene_A_rbs	363.000000	0.000000	0.000000
1109.999417	__gene_B_rbs	405.000000	0.000000	0.000000
1109.999417	__gene_C_rbs	400.000000	0.000000	0.000000
1109.999417	__gene_D_rbs	428.000000	0.000000	0.000000
1109.999417	__gene_E_rbs	426.000000	0.000000	0.000000
1109.999417	__gene_F_rbs	305.000000	0.000000	0.000000
1109.999417	__gene_G_rbs	230.000000	0.000000	0.000000
1109.999417	__gene_H_rbs	159.000000	0.000000	0.000000
1109.999417	__gene_J_rbs	420.000000	0.000000	0.000000
1109.999417	__gene_K_rbs	401.000000	0.000000	0.000000
1109.999417	__ribosome	0.000000	0.000000	0.000000
1109.999417	bound_ecolipol	1900.000000	0.000000	0.000000
1109.999417	bound_ribosome	100.000000	0.000000	0.000000
1109.999417	ecoli_genome	100.000000	0.000000	0.000000
1109.999417	ecoli_transcript	84657.000000	0.000000	0.000000
1109.999417	ecolipol	50.000000	0.000000	0.000000
1109.999417	gene_A	271.000000	363.000000	0.000000
1109.999417	gene_A*	157.000000	360.000000	0.000000
1109.999417	gene_B	157.000000	405.000000	0.000000
1109.999417	gene_C	137.000000	400.000000	0.000000
1109.999417	gene_D	187.000000	428.000000	0.000000
1109.999417	gene_E	165.000000	426.000000	0.000000
1109.999417	gene_F	103.000000	305.000000	0.003279
1109.999417	gene_G	33.000000	230.000000	0.121739
1109.999417	gene_H	0.000000	159.000000	0.182390
1109.999417	gene_J	96.000000	420.000000	0.100000
1109.999417	gene_K	163.000000	401.000000	0.000000
1109.999417	promoter_A	1.000000	0.000000	0.000000
1109.999417	promoter_B1	0.000000	0.000000	0.000000
1109.999417	promoter_D	0.000000	0.000000	0.000000
1114.999252	__gene_A*_rbs	360.000000	0.000000	0.000000
1114.999252	__gene_A_rbs	364.000000	0.000000	0.000000
1114.999252	__gene_B_rbs	408.000000	0.000000	0.000000
1114.999252	__gene_C_rbs	402.000000	0.000000	0.000000
1114.999252	__gene_D_rbs	431.000000	0.000000	0.000000
1114.999252	__gene_E_rbs	429.000000	0.000000	0.000000
1114.999252	__gene_F_rbs	305.000000	0.000000	0.000000
1114.999252	__gene_G_rbs	233.000000	0.000000	0.000000
1114.999252	__gene_H_rbs	160.000000	0.000000	0.000000
1114.999252	__gene_J_rbs	423.000000	0.000000	0.000000
1114.999252	__gene_K_rbs	402.000000	0.000000	0.000000
1114.999252	__ribosome	0.000000	0.000000	0.000000
1114.999252	bound_ecolipol	1900.000000	0.000000	0.000000
1114.999252	bound_ribosome	100.000000	0.000000	0.000000
1114.999252	ecoli_genome	100.000000	0.000000	0.000000
1114.999252	ecoli_transcript	85045.000000	0.000000	0.000000
1114.999252	ecolipol	50.000000	0.000000	0.000000
1114.999252	gene_A	271.000000	364.000000	0.000000
1114.999252	gene_A*	157.000000	360.000000	0.000000
1114.999252	gene_B	157.000000	408.000000	0.000000
1114.999252	gene_C	137.000000	402.000000	0.000000
1114.999252	gene_D	187.000000	431.000000	0.000000
1114.999252	gene_E	165.000000	429.000000	0.000000
1114.999252	gene_F	103.000000	305.000000	0.003279
1114.999252	gene_G	33.000000	233.000000	0.120172
1114.999252	gene_H	0.000000	160.000000	0.181250
1114.999252	gene_J	96.000000	423.000000	0.099291
1114.999252	gene_K	163.000000	402.000000	0.000000
1114.999252	promoter_A	0.000000	0.000000	0.000000
1114.999252	promoter_B1	0.000000	0.000000	0.000000
1114.999252	promoter_D	1.000000	0.000000	0.000000
1119.999051	__gene_A*_rbs	362.000000	0.000000	0.000000
1119.999051	__gene_A_rbs	365.000000	0.000000	0.000000
1119.999051	__gene_B_rbs	409.000000	0.000000	0.000000
1119.999051	__gene_C_rbs	404.000000	0.000000	0.000000
1119.999051	__gene_D_rbs	432.000000	0.000000	0.000000
1119.999051	__gene_E_rbs	431.000000	0.000000	0.000000
1119.999051	__gene_F_rbs	306.000000	0.000000	0.000000
1119.999051	__gene_G_rbs	233.000000	0.000000	0.000000
1119.999051	__gene_H_rbs	161.000000	0.000000	0.000000
1119.999051	__gene_J_rbs	427.000000	0.000000	0.000000
1119.999051	__gene_K_rbs	405.000000	0.000000	0.000000
1119.999051	__ribosome	0.000000	0.000000	0.000000
1119.999051	bound_ecolipol	1897.000000	0.000000	0.000000
1119.999051	bound_ribosome	100.000000	0.000000	0.000000
1119.999051	ecoli_genome	103.000000	0.000000	0.000000
1119.999051	ecoli_transcript	85454.000000	0.000000	0.000000
1119.999051	ecolipol	54.000000	0.000000	0.000000
1119.999051	gene_A	271.000000	365.000000	0.000000
1119.999051	gene_A*	157.000000	362.000000	0.000000
1119.999051	gene_B	157.000000	409.000000	0.000000
1119.999051	gene_C	137.000000	404.000000	0.000000
1119.999051	gene_D	187.000000	432.000000	0.000000
1119.999051	gene_E	165.000000	431.000000	0.000000
1119.999051	gene_F	103.000000	306.000000	0.003268
1119.999051	gene_G	33.000000	233.000000	0.120172
1119.999051	gene_H	0.000000	161.000000	0.180124
1119.999051	gene_J	96.000000	427.000000	0.098361
1119.999051	gene_K	163.000000	405.000000	0.000000
1119.999051	promoter_A	1.000000	0.000000	0.000000
1119.999051	promoter_B1	0.000000	0.000000	0.000000
1119.999051	promoter_D	0.000000	0.000000	0.000000
1124.999434	__gene_A*_rbs	363.000000	0.000000	0.000000
1124.999434	__gene_A_rbs	367.000000	0.000000	0.000000
1124.999434	__gene_B_rbs	411.000000	0.000000	0.000000
1124.999434	__gene_C_rbs	406.000000	0.000000	0.000000
1124.999434	__gene_D_rbs	434.000000	0.000000	0.000000
1124.999434	__gene_E_rbs	432.000000	0.000000	0.000000
1124.999434	__gene_F_rbs	309.000000	0.000000	0.000000
1124.999434	__gene_G_rbs	234.000000	0.000000	0.000000
1124.999434	__gene_H_rbs	162.000000	0.000000	0.000000
1124.999434	__gene_J_rbs	429.000000	0.000000	0.000000
1124.999434	__gene_K_rbs	407.000000	0.000000	0.000000
1124.999434	__ribosome	0.000000	0.000000	0.000000
1124.999434	bound_ecolipol	1891.000000	0.000000	0.000000
1124.999434	bound_ribosome	100.000000	0.000000	0.000000
1124.999434	ecoli_genome	109.000000	0.000000	0.000000
1124.999434	ecoli_transcript	85848.000000	0.000000	0.000000
1124.999434	ecolipol	61.000000	0.000000	0.000000
1124.999434	gene_A	271.000000	367.000000	0.000000
1124.999434	gene_A*	157.000000	363.000000	0.000000
1124.999434	gene_B	157.000000	411.000000	0.000000
1124.999434	gene_C	137.000000	406.000000	0.000000
1124.999434	gene_D	187.000000	434.000000	0.000000
1124.999434	gene_E	165.000000	432.000000	0.000000
1124.999434	gene_F	103.000000	309.000000	0.003236
1124.999434	gene_G	33.000000	234.000000	0.119658
1124.999434	gene_H	0.000000	162.000000	0.179012
1124.999434	gene_J	96.000000	429.000000	0.097902
1124.999434	gene_K	163.000000	407.000000	0.000000
1124.999434	promoter_A	1.000000	0.000000	0.000000
1124.999434	promoter_B1	0.000000	0.000000	0.000000
1124.999434	promoter_D	0.000000	0.000000	0.000000
1129.999446	__gene_A*_rbs	363.000000	0.000000	0.000000
1129.999446	__gene_A_rbs	368.000000	0.000000	0.000000
1129.999446	__gene_B_rbs	413.000000	0.000000	0.000000
1129.999446	__gene_C_rbs	409.000000	0.000000	0.000000
1129.999446	__gene_D_rbs	436.000000	0.000000	0.000000
1129.999446	__gene_E_rbs	434.000000	0.000000	0.000000
1129.999446	__gene_F_rbs	310.000000	0.000000	0.000000
1129.999446	__gene_G_rbs	235.000000	0.000000	0.000000
1129.999446	__gene_H_rbs	164.000000	0.000000	0.000000
1129.999446	__gene_J_rbs	431.000000	0.000000	0.000000
1129.999446	__gene_K_rbs	409.000000	0.000000	0.000000
1129.999446	__ribosome	0.000000	0.000000	0.000000
1129.999446	bound_ecolipol	1904.000000	0.000000	0.000000
1129.999446	bound_ribosome	100.000000	0.000000	0.000000
1129.999446	ecoli_genome	96.000000	0.000000	0.000000
1129.999446	ecoli_transcript	86230.000000	0.000000	0.000000
1129.999446	ecolipol	50.000000	0.000000	0.000000
1129.999446	gene_A	271.000000	368.000000	0.000000
1129.999446	gene_A*	157.000000	363.000000	0.000000
1129.999446	gene_B	157.000000	413.000000	0.000000
1129.999446	gene_C	137.000000	409.000000	0.000000
1129.999446	gene_D	187.000000	436.000000	0.000000
1129.999446	gene_E	165.000000	434.000000	0.002304
1129.999446	gene_F	104.000000	310.000000	0.000000
1129.999446	gene_G	33.000000	235.000000	0.119149
1129.999446	gene_H	0.000000	164.000000	0.176829
1129.999446	gene_J	96.000000	431.000000	0.097448
1129.999446	gene_K	163.000000	409.000000	0.000000
1129.999446	promoter_A	0.000000	0.000000	0.000000
1129.999446	promoter_B1	1.000000	0.000000	0.000000
1129.999446	promoter_D	0.000000	0.000000	0.000000
1134.999050	__gene_A*_rbs	365.000000	0.000000	0.000000
1134.999050	__gene_A_rbs	369.000000	0.000000	0.000000
1134.999050	__gene_B_rbs	415.000000	0.000000	0.000000
1134.999050	__gene_C_rbs	410.000000	0.000000	0.000000
1134.999050	__gene_D_rbs	438.000000	0.000000	0.000000
1134.999050	__gene_E_rbs	436.000000	0.000000	0.000000
1134.999050	__gene_F_rbs	310.000000	0.000000	0.000000
1134.999050	__gene_G_rbs	236.000000	0.000000	0.000000
1134.999050	__gene_H_rbs	164.000000	0.000000	0.000000
1134.999050	__gene_J_rbs	432.000000	0.000000	0.000000
1134.999050	__gene_K_rbs	411.000000	0.000000	0.000000
1134.999050	__ribosome	0.000000	0.000000	0.000000
1134.999050	bound_ecolipol	1901.000000	0.000000	0.000000
1134.999050	bound_ribosome	100.000000	0.000000	0.000000
1134.999050	ecoli_genome	99.000000	0.000000	0.000000
1134.999050	ecoli_transcript	86613.000000	0.000000	0.000000
1134.999050	ecolipol	55.000000	0.000000	0.000000
1134.999050	gene_A	271.000000	369.000000	0.000000
1134.999050	gene_A*	157.000000	365.000000	0.000000
1134.999050	gene_B	157.000000	415.000000	0.000000
1134.999050	gene_C	137.000000	410.000000	0.000000
1134.999050	gene_D	187.000000	438.000000	0.000000
1134.999050	gene_E	165.000000	436.000000	0.002294
1134.999050	gene_F	104.000000	310.000000	0.000000
1134.999050	gene_G	33.000000	236.000000	0.118644
1134.999050	gene_H	0.000000	164.000000	0.176829
1134.999050	gene_J	96.000000	433.000000	0.096998
1134.999050	gene_K	163.000000	411.000000	0.000000
1134.999050	promoter_A	1.000000	0.000000	0.000000
1134.999050	promoter_B1	1.000000	0.000000	0.000000
1134.999050	promoter_D	0.000000	0.000000	0.000000
1139.999536	__gene_A*_rbs	367.000000	0.000000	0.000000
1139.999536	__gene_A_rbs	372.000000	0.000000	0.000000
1139.999536	__gene_B_rbs	416.000000	0.000000	0.000000
1139.999536	__gene_C_rbs	412.000000	0.000000	0.000000
1139.999536	__gene_D_rbs	440.000000	0.000000	0.000000
1139.999536	__gene_E_rbs	438.000000	0.000000	0.000000
1139.999536	__gene_F_rbs	311.000000	0.000000	0.000000
1139.999536	__gene_G_rbs	237.000000	0.000000	0.000000
1139.999536	__gene_H_rbs	164.000000	0.000000	0.000000
1139.999536	__gene_J_rbs	435.000000	0.000000	0.000000
1139.999536	__gene_K_rbs	413.000000	0.000000	0.000000
1139.999536	__ribosome	0.000000	0.000000	0.000000
1139.999536	bound_ecolipol	1902.000000	0.000000	0.000000
1139.999536	bound_ribosome	100.000000	0.000000	0.000000
1139.999536	ecoli_genome	98.000000	0.000000	0.000000
1139.999536	ecoli_transcript	87024.000000	0.000000	0.000000
1139.999536	ecolipol	55.000000	0.000000	0.000000
1139.999536	gene_A	271.000000	372.000000	0.002688
1139.999536	gene_A*	157.000000	367.000000	0.000000
1139.999536	gene_B	157.000000	416.000000	0.000000
1139.999536	gene_C	137.000000	412.000000	0.000000
1139.999536	gene_D	187.000000	440.000000	0.000000
1139.999536	gene_E	166.000000	438.000000	0.000000
1139.999536	gene_F	104.000000	311.000000	0.000000
1139.999536	gene_G	33.000000	237.000000	0.118143
1139.999536	gene_H	0.000000	164.000000	0.176829
1139.999536	gene_J	96.000000	435.000000	0.096552
1139.999536	gene_K	163.000000	413.000000	0.000000
1139.999536	promoter_A	0.000000	0.000000	0.000000
1139.999536	promoter_B1	0.000000	0.000000	0.000000
1139.999536	promoter_D	0.000000	0.000000	0.000000
1144.999349	__gene_A*_rbs	369.000000	0.000000	0.000000
1144.999349	__gene_A_rbs	372.000000	0.000000	0.000000
1144.999349	__gene_B_rbs	418.000000	0.000000	0.000000
1144.999349	__gene_C_rbs	414.000000	0.000000	0.000000
1144.999349	__gene_D_rbs	442.000000	0.000000	0.000000
1144.999349	__gene_E_rbs	440.000000	0.000000	0.000000
1144.999349	__gene_F_rbs	312.000000	0.000000	0.000000
1144.999349	__gene_G_rbs	239.000000	0.000000	0.000000
1144.999349	__gene_H_rbs	165.000000	0.000000	0.000000
1144.999349	__gene_J_rbs	437.000000	0.000000	0.000000
1144.999349	__gene_K_rbs	415.000000	0.000000	0.000000
1144.999349	__ribosome	0.000000	0.000000	0.000000
1144.999349	bound_ecolipol	1902.000000	0.000000	0.000000
1144.999349	bound_ribosome	100.000000	0.000000	0.000000
1144.999349	ecoli_genome	98.000000	0.000000	0.000000
1144.999349	ecoli_transcript	87400.000000	0.000000	0.000000
1144.999349	ecolipol	56.000000	0.000000	0.000000
1144.999349	gene_A	271.000000	372.000000	0.002688
1144.999349	gene_A*	157.000000	369.000000	0.000000
1144.999349	gene_B	157.000000	418.000000	0.000000
1144.999349	gene_C	137.000000	414.000000	0.000000
1144.999349	gene_D	187.000000	442.000000	0.000000
1144.999349	gene_E	166.000000	440.000000	0.000000
1144.999349	gene_F	104.000000	312.000000	0.000000
1144.999349	gene_G	33.000000	239.000000	0.117155
1144.999349	gene_H	0.000000	165.000000	0.175758
1144.999349	gene_J	96.000000	437.000000	0.096110
1144.999349	gene_K	163.000000	415.000000	0.000000
1144.999349	promoter_A	1.000000	0.000000	0.000000
1144.999349	promoter_B1	0.000000	0.000000	0.000000
1144.999349	promoter_D	0.000000	0.000000	0.000000
1149.999050	__gene_A*_rbs	369.000000	0.000000	0.000000
1149.999050	__gene_A_rbs	373.000000	0.000000	0.000000
1149.999050	__gene_B_rbs	421.000000	0.000000	0.000000
1149.999050	__gene_C_rbs	416.000000	0.000000	0.000000
1149.999050	__gene_D_rbs	444.000000	0.000000	0.000000
1149.999050	__gene_E_rbs	442.000000	0.000000	0.000000
1149.999050	__gene_F_rbs	314.000000	0.000000	0.000000
1149.999050	__gene_G_rbs	241.000000	0.000000	0.000000
1149.999050	__gene_H_rbs	165.000000	0.000000	0.000000
1149.999050	__gene_J_rbs	440.000000	0.000000	0.000000
1149.999050	__gene_K_rbs	416.000000	0.000000	0.000000
1149.999050	__ribosome	0.000000	0.000000	0.000000
1149.999050	bound_ecolipol	1906.000000	0.000000	0.000000
1149.999050	bound_ribosome	100.000000	0.000000	0.000000
1149.999050	ecoli_genome	94.000000	0.000000	0.000000
1149.999050	ecoli_transcript	87801.000000	0.000000	0.000000
1149.999050	ecolipol	54.000000	0.000000	0.000000
1149.999050	gene_A	271.000000	373.000000	0.002681
1149.999050	gene_A*	157.000000	369.000000	0.000000
1149.999050	gene_B	157.000000	421.000000	0.000000
1149.999050	gene_C	137.000000	416.000000	0.000000
1149.999050	gene_D	187.000000	444.000000	0.000000
1149.999050	gene_E	166.000000	442.000000	0.000000
1149.999050	gene_F	104.000000	314.000000	0.000000
1149.999050	gene_G	33.000000	241.000000	0.116183
1149.999050	gene_H	0.000000	165.000000	0.175758
1149.999050	gene_J	96.000000	440.000000	0.095455
1149.999050	gene_K	163.000000	416.000000	0.000000
1149.999050	promoter_A	0.000000	0.000000	0.000000
1149.999050	promoter_B1	0.000000	0.000000	0.000000
1149.999050	promoter_D	0.000000	0.000000	0.000000
1154.999442	__gene_A*_rbs	372.000000	0.000000	0.000000
1154.999442	__gene_A_rbs	375.000000	0.000000	0.000000
1154.999442	__gene_B_rbs	423.000000	0.000000	0.000000
1154.999442	__gene_C_rbs	417.000000	0.000000	0.000000
1154.999442	__gene_D_rbs	446.000000	0.000000	0.000000
1154.999442	__gene_E_rbs	444.000000	0.000000	0.000000
1154.999442	__gene_F_rbs	314.000000	0.000000	0.000000
1154.999442	__gene_G_rbs	241.000000	0.000000	0.000000
1154.999442	__gene_H_rbs	167.000000	0.000000	0.000000
1154.999442	__gene_J_rbs	441.000000	0.000000	0.000000
1154.999442	__gene_K_rbs	418.000000	0.000000	0.000000
1154.999442	__ribosome	0.000000	0.000000	0.000000
1154.999442	bound_ecolipol	1903.000000	0.000000	0.000000
1154.999442	bound_ribosome	100.000000	0.000000	0.000000
1154.999442	ecoli_genome	97.000000	0.000000	0.000000
1154.999442	ecoli_transcript	88196.000000	0.000000	0.000000
1154.999442	ecolipol	58.000000	0.000000	0.000000
1154.999442	gene_A	271.000000	375.000000	0.002667
1154.999442	gene_A*	157.000000	372.000000	0.000000
1154.999442	gene_B	157.000000	423.000000	0.000000
1154.999442	gene_C	137.000000	417.000000	0.000000
1154.999442	gene_D	187.000000	446.000000	0.000000
1154.999442	gene_E	166.000000	444.000000	0.000000
1154.999442	gene_F	104.000000	314.000000	0.000000
1154.999442	gene_G	33.000000	241.000000	0.116183
1154.999442	gene_H	0.000000	167.000000	0.173653
1154.999442	gene_J	96.000000	441.000000	0.095238
1154.999442	gene_K	163.000000	418.000000	0.000000
1154.999442	promoter_A	1.000000	0.000000	0.000000
1154.999442	promoter_B1	0.000000	0.000000	0.000000
1154.999442	promoter_D	0.000000	0.000000	0.000000
1159.999029	__gene_A*_rbs	372.000000	0.000000	0.000000
1159.999029	__gene_A_rbs	376.000000	0.000000	0.000000
1159.999029	__gene_B_rbs	424.000000	0.000000	0.000000
1159.999029	__gene_C_rbs	420.000000	0.000000	0.000000
1159.999029	__gene_D_rbs	447.000000	0.000000	0.000000
1159.999029	__gene_E_rbs	446.000000	0.000000	0.000000
1159.999029	__gene_F_rbs	315.000000	0.000000	0.000000
1159.999029	__gene_G_rbs	243.000000	0.000000	0.000000
1159.999029	__gene_H_rbs	168.000000	0.000000	0.000000
1159.999029	__gene_J_rbs	442.000000	0.000000	0.000000
1159.999029	__gene_K_rbs	420.000000	0.000000	0.000000
1159.999029	__ribosome	0.000000	0.000000	0.000000
1159.999029	bound_ecolipol	1906.000000	0.000000	0.000000
1159.999029	bound_ribosome	100.000000	0.000000	0.000000
1159.999029	ecoli_genome	94.000000	0.000000	0.000000
1159.999029	ecoli_transcript	88585.000000	0.000000	0.000000
1159.999029	ecolipol	55.000000	0.000000	0.000000
1159.999029	gene_A	271.000000	376.000000	0.002660
1159.999029	gene_A*	157.000000	372.000000	0.000000
1159.999029	gene_B	157.000000	424.000000	0.000000
1159.999029	gene_C	137.000000	420.000000	0.000000
1159.999029	gene_D	187.000000	447.000000	0.000000
1159.999029	gene_E	166.000000	446.000000	0.000000
1159.999029	gene_F	104.000000	315.000000	0.000000
1159.999029	gene_G	33.000000	243.000000	0.115226
1159.999029	gene_H	0.000000	168.000000	0.172619
1159.999029	gene_J	96.000000	442.000000	0.095023
1159.999029	gene_K	163.000000	420.000000	0.000000
1159.999029	promoter_A	1.000000	0.000000	0.000000
1159.999029	promoter_B1	0.000000	0.000000	0.000000
1159.999029	promoter_D	0.000000	0.000000	0.000000
1164.999022	__gene_A*_rbs	374.000000	0.000000	0.000000
1164.999022	__gene_A_rbs	378.000000	0.000000	0.000000
1164.999022	__gene_B_rbs	425.000000	0.000000	0.000000
1164.999022	__gene_C_rbs	422.000000	0.000000	0.000000
1164.999022	__gene_D_rbs	449.000000	0.000000	0.000000
1164.999022	__gene_E_rbs	447.000000	0.000000	0.000000
1164.999022	__gene_F_rbs	317.000000	0.000000	0.000000
1164.999022	__gene_G_rbs	244.000000	0.000000	0.000000
1164.999022	__gene_H_rbs	169.000000	0.000000	0.000000
1164.999022	__gene_J_rbs	445.000000	0.000000	0.000000
1164.999022	__gene_K_rbs	423.000000	0.000000	0.000000
1164.999022	__ribosome	0.000000	0.000000	0.000000
1164.999022	bound_ecolipol	1905.000000	0.000000	0.000000
1164.999022	bound_ribosome	100.000000	0.000000	0.000000
1164.999022	ecoli_genome	95.000000	0.000000	0.000000
1164.999022	ecoli_transcript	88979.000000	0.000000	0.000000
1164.999022	ecolipol	56.000000	0.000000	0.000000
1164.999022	gene_A	271.000000	378.000000	0.002646
1164.999022	gene_A*	157.000000	374.000000	0.000000
1164.999022	gene_B	157.000000	425.000000	0.000000
1164.999022	gene_C	137.000000	422.000000	0.000000
1164.999022	gene_D	187.000000	449.000000	0.000000
1164.999022	gene_E	166.000000	447.000000	0.000000
1164.999022	gene_F	104.000000	317.000000	0.000000
1164.999022	gene_G	33.000000	244.000000	0.114754
1164.999022	gene_H	0.000000	169.000000	0.171598
1164.999022	gene_J	96.000000	445.000000	0.094382
1164.999022	gene_K	163.000000	423.000000	0.000000
1164.999022	promoter_A	0.000000	0.000000	0.000000
1164.999022	promoter_B1	0.000000	0.000000	0.000000
1164.999022	promoter_D	0.000000	0.000000	0.000000
1169.999033	__gene_A*_rbs	375.000000	0.000000	0.000000
1169.999033	__gene_A_rbs	381.000000	0.000000	0.000000
1169.999033	__gene_B_rbs	427.000000	0.000000	0.000000
1169.999033	__gene_C_rbs	423.000000	0.000000	0.000000
1169.999033	__gene_D_rbs	451.000000	0.000000	0.000000
1169.999033	__gene_E_rbs	449.000000	0.000000	0.000000
1169.999033	__gene_F_rbs	318.000000	0.000000	0.000000
1169.999033	__gene_G_rbs	245.000000	0.000000	0.000000
1169.999033	__gene_H_rbs	170.000000	0.000000	0.000000
1169.999033	__gene_J_rbs	446.000000	0.000000	0.000000
1169.999033	__gene_K_rbs	424.000000	0.000000	0.000000
1169.999033	__ribosome	0.000000	0.000000	0.000000
1169.999033	bound_ecolipol	1901.000000	0.000000	0.000000
1169.999033	bound_ribosome	100.000000	0.000000	0.000000
1169.999033	ecoli_genome	99.000000	0.000000	0.000000
1169.999033	ecoli_transcript	89355.000000	0.000000	0.000000
1169.999033	ecolipol	58.000000	0.000000	0.000000
1169.999033	gene_A	271.000000	381.000000	0.002625
1169.999033	gene_A*	157.000000	375.000000	0.000000
1169.999033	gene_B	157.000000	427.000000	0.000000
1169.999033	gene_C	137.000000	423.000000	0.000000
1169.999033	gene_D	187.000000	451.000000	0.000000
1169.999033	gene_E	166.000000	449.000000	0.000000
1169.999033	gene_F	104.000000	318.000000	0.000000
1169.999033	gene_G	33.000000	245.000000	0.114286
1169.999033	gene_H	0.000000	170.000000	0.170588
1169.999033	gene_J	96.000000	446.000000	0.094170
1169.999033	gene_K	163.000000	424.000000	0.000000
1169.999033	promoter_A	1.000000	0.000000	0.000000
1169.999033	promoter_B1	0.000000	0.000000	0.000000
1169.999033	promoter_D	0.000000	0.000000	0.000000
1174.999282	__gene_A*_rbs	376.000000	0.000000	0.000000
1174.999282	__gene_A_rbs	383.000000	0.000000	0.000000
1174.999282	__gene_B_rbs	429.000000	0.000000	0.000000
1174.999282	__gene_C_rbs	425.000000	0.000000	0.000000
1174.999282	__gene_D_rbs	454.000000	0.000000	0.000000
1174.999282	__gene_E_rbs	451.000000	0.000000	0.000000
1174.999282	__gene_F_rbs	319.000000	0.000000	0.000000
1174.999282	__gene_G_rbs	245.000000	0.000000	0.000000
1174.999282	__gene_H_rbs	170.000000	0.000000	0.000000
1174.999282	__gene_J_rbs	448.000000	0.000000	0.000000
1174.999282	__gene_K_rbs	425.000000	0.000000	0.000000
1174.999282	__ribosome	0.000000	0.000000	0.000000
1174.999282	bound_ecolipol	1903.000000	0.000000	0.000000
1174.999282	bound_ribosome	100.000000	0.000000	0.000000
1174.999282	ecoli_genome	97.000000	0.000000	0.000000
1174.999282	ecoli_transcript	89771.000000	0.000000	0.000000
1174.999282	ecolipol	55.000000	0.000000	0.000000
1174.999282	gene_A	271.000000	383.000000	0.002611
1174.999282	gene_A*	157.000000	376.000000	0.000000
1174.999282	gene_B	157.000000	429.000000	0.000000
1174.999282	gene_C	137.000000	425.000000	0.000000
1174.999282	gene_D	187.000000	454.000000	0.000000
1174.999282	gene_E	166.000000	451.000000	0.000000
1174.999282	gene_F	104.000000	319.000000	0.000000
1174.999282	gene_G	33.000000	245.000000	0.114286
1174.999282	gene_H	0.000000	170.000000	0.170588
1174.999282	gene_J	96.000000	448.000000	0.093750
1174.999282	gene_K	163.000000	425.000000	0.000000
1174.999282	promoter_A	1.000000	0.000000	0.000000
1174.999282	promoter_B1	0.000000	0.000000	0.000000
1174.999282	promoter_D	1.000000	0.000000	0.000000
1179.999194	__gene_A*_rbs	379.000000	0.000000	0.000000
1179.999194	__gene_A_rbs	386.000000	0.000000	0.000000
1179.999194	__gene_B_rbs	432.000000	0.000000	0.000000
1179.999194	__gene_C_rbs	426.000000	0.000000	0.000000
1179.999194	__gene_D_rbs	455.000000	0.000000	0.000000
1179.999194	__gene_E_rbs	454.000000	0.000000	0.000000
1179.999194	__gene_F_rbs	320.000000	0.000000	0.000000
1179.999194	__gene_G_rbs	246.000000	0.000000	0.000000
1179.999194	__gene_H_rbs	171.000000	0.000000	0.000000
1179.999194	__gene_J_rbs	450.000000	0.000000	0.000000
1179.999194	__gene_K_rbs	427.000000	0.000000	0.000000
1179.999194	__ribosome	0.000000	0.000000	0.000000
1179.999194	bound_ecolipol	1898.000000	0.000000	0.000000
1179.999194	bound_ribosome	100.000000	0.000000	0.000000
1179.999194	ecoli_genome	102.000000	0.000000	0.000000
1179.999194	ecoli_transcript	90208.000000	0.000000	0.000000
1179.999194	ecolipol	58.000000	0.000000	0.000000
1179.999194	gene_A	271.000000	386.000000	0.002591
1179.999194	gene_A*	157.000000	379.000000	0.000000
1179.999194	gene_B	157.000000	432.000000	0.000000
1179.999194	gene_C	137.000000	426.000000	0.000000
1179.999194	gene_D	187.000000	455.000000	0.000000
1179.999194	gene_E	166.000000	454.000000	0.000000
1179.999194	gene_F	104.000000	320.000000	0.000000
1179.999194	gene_G	33.000000	246.000000	0.113821
1179.999194	gene_H	0.000000	171.000000	0.169591
1179.999194	gene_J	96.000000	450.000000	0.093333
1179.999194	gene_K	163.000000	427.000000	0.000000
1179.999194	promoter_A	1.000000	0.000000	0.000000
1179.999194	promoter_B1	1.000000	0.000000	0.000000
1179.999194	promoter_D	1.000000	0.000000	0.000000
1184.999671	__gene_A*_rbs	381.000000	0.000000	0.000000
1184.999671	__gene_A_rbs	388.000000	0.000000	0.000000
1184.999671	__gene_B_rbs	434.000000	0.000000	0.000000
1184.999671	__gene_C_rbs	429.000000	0.000000	0.000000
1184.999671	__gene_D_rbs	457.000000	0.000000	0.000000
1184.999671	__gene_E_rbs	455.000000	0.000000	0.000000
1184.999671	__gene_F_rbs	321.000000	0.000000	0.000000
1184.999671	__gene_G_rbs	247.000000	0.000000	0.000000
1184.999671	__gene_H_rbs	171.000000	0.000000	0.000000
1184.999671	__gene_J_rbs	452.000000	0.000000	0.000000
1184.999671	__gene_K_rbs	429.000000	0.000000	0.000000
1184.999671	__ribosome	0.000000	0.000000	0.000000
1184.999671	bound_ecolipol	1904.000000	0.000000	0.000000
1184.999671	bound_ribosome	100.000000	0.000000	0.000000
1184.999671	ecoli_genome	96.000000	0.000000	0.000000
1184.999671	ecoli_transcript	90584.000000	0.000000	0.000000
1184.999671	ecolipol	53.000000	0.000000	0.000000
1184.999671	gene_A	271.000000	388.000000	0.002577
1184.999671	gene_A*	157.000000	381.000000	0.000000
1184.999671	gene_B	157.000000	434.000000	0.000000
1184.999671	gene_C	137.000000	429.000000	0.000000
1184.999671	gene_D	187.000000	457.000000	0.000000
1184.999671	gene_E	166.000000	455.000000	0.000000
1184.999671	gene_F	104.000000	321.000000	0.000000
1184.999671	gene_G	33.000000	247.000000	0.113360
1184.999671	gene_H	0.000000	171.000000	0.169591
1184.999671	gene_J	96.000000	452.000000	0.092920
1184.999671	gene_K	163.000000	429.000000	0.000000
1184.999671	promoter_A	1.000000	0.000000	0.000000
1184.999671	promoter_B1	0.000000	0.000000	0.000000
1184.999671	promoter_D	0.000000	0.000000	0.000000
1189.999136	__gene_A*_rbs	383.000000	0.000000	0.000000
1189.999136	__gene_A_rbs	389.000000	0.000000	0.000000
1189.999136	__gene_B_rbs	435.000000	0.000000	0.000000
1189.999136	__gene_C_rbs	430.000000	0.000000	0.000000
1189.999136	__gene_D_rbs	460.000000	0.000000	0.000000
1189.999136	__gene_E_rbs	457.000000	0.000000	0.000000
1189.999136	__gene_F_rbs	322.000000	0.000000	0.000000
1189.999136	__gene_G_rbs	249.000000	0.000000	0.000000
1189.999136	__gene_H_rbs	171.000000	0.000000	0.000000
1189.999136	__gene_J_rbs	454.000000	0.000000	0.000000
1189.999136	__gene_K_rbs	431.000000	0.000000	0.000000
1189.999136	__ribosome	0.000000	0.000000	0.000000
1189.999136	bound_ecolipol	1905.000000	0.000000	0.000000
1189.999136	bound_ribosome	100.000000	0.000000	0.000000
1189.999136	ecoli_genome	95.000000	0.000000	0.000000
1189.999136	ecoli_transcript	90959.000000	0.000000	0.000000
1189.999136	ecolipol	52.000000	0.000000	0.000000
1189.999136	gene_A	272.000000	389.000000	0.000000
1189.999136	gene_A*	157.000000	383.000000	0.000000
1189.999136	gene_B	157.000000	435.000000	0.002299
1189.999136	gene_C	137.000000	430.000000	0.000000
1189.999136	gene_D	187.000000	460.000000	0.000000
1189.999136	gene_E	166.000000	457.000000	0.000000
1189.999136	gene_F	104.000000	322.000000	0.000000
1189.999136	gene_G	33.000000	249.000000	0.112450
1189.999136	gene_H	0.000000	171.000000	0.169591
1189.999136	gene_J	96.000000	454.000000	0.092511
1189.999136	gene_K	163.000000	431.000000	0.000000
1189.999136	promoter_A	1.000000	0.000000	0.000000
1189.999136	promoter_B1	0.000000	0.000000	0.000000
1189.999136	promoter_D	0.000000	0.000000	0.000000
1194.999069	__gene_A*_rbs	386.000000	0.000000	0.000000
1194.999069	__gene_A_rbs	390.000000	0.000000	0.000000
1194.999069	__gene_B_rbs	436.000000	0.000000	0.000000
1194.999069	__gene_C_rbs	433.000000	0.000000	0.000000
1194.999069	__gene_D_rbs	462.000000	0.000000	0.000000
1194.999069	__gene_E_rbs	459.000000	0.000000	0.000000
1194.999069	__gene_F_rbs	324.000000	0.000000	0.000000
1194.999069	__gene_G_rbs	249.000000	0.000000	0.000000
1194.999069	__gene_H_rbs	172.000000	0.000000	0.000000
1194.999069	__gene_J_rbs	456.000000	0.000000	0.000000
1194.999069	__gene_K_rbs	434.000000	0.000000	0.000000
1194.999069	__ribosome	0.000000	0.000000	0.000000
1194.999069	bound_ecolipol	1897.000000	0.000000	0.000000
1194.999069	bound_ribosome	100.000000	0.000000	0.000000
1194.999069	ecoli_genome	103.000000	0.000000	0.000000
1194.999069	ecoli_transcript	91385.000000	0.000000	0.000000
1194.999069	ecolipol	60.000000	0.000000	0.000000
1194.999069	gene_A	272.000000	390.000000	0.000000
1194.999069	gene_A*	157.000000	386.000000	0.000000
1194.999069	gene_B	157.000000	436.000000	0.002294
1194.999069	gene_C	137.000000	433.000000	0.000000
1194.999069	gene_D	187.000000	462.000000	0.000000
1194.999069	gene_E	166.000000	459.000000	0.000000
1194.999069	gene_F	104.000000	324.000000	0.000000
1194.999069	gene_G	33.000000	249.000000	0.112450
1194.999069	gene_H	0.000000	172.000000	0.168605
1194.999069	gene_J	96.000000	456.000000	0.092105
1194.999069	gene_K	163.000000	434.000000	0.000000
1194.999069	promoter_A	1.000000	0.000000	0.000000
1194.999069	promoter_B1	0.000000	0.000000	0.000000
1194.999069	promoter_D	0.000000	0.000000	0.000000
1199.999175	__gene_A*_rbs	388.000000	0.000000	0.000000
1199.999175	__gene_A_rbs	391.000000	0.000000	0.000000
1199.999175	__gene_B_rbs	438.000000	0.000000	0.000000
1199.999175	__gene_C_rbs	434.000000	0.000000	0.000000
1199.999175	__gene_D_rbs	464.000000	0.000000	0.000000
1199.999175	__gene_E_rbs	462.000000	0.000000	0.000000
1199.999175	__gene_F_rbs	324.000000	0.000000	0.000000
1199.999175	__gene_G_rbs	250.000000	0.000000	0.000000
1199.999175	__gene_H_rbs	173.000000	0.000000	0.000000
1199.999175	__gene_J_rbs	458.000000	0.000000	0.000000
1199.999175	__gene_K_rbs	435.000000	0.000000	0.000000
1199.999175	__ribosome	0.000000	0.000000	0.000000
1199.999175	bound_ecolipol	1909.000000	0.000000	0.000000
1199.999175	bound_ribosome	100.000000	0.000000	0.000000
1199.999175	ecoli_genome	91.000000	0.000000	0.000000
1199.999175	ecoli_transcript	91766.000000	0.000000	0.000000
1199.999175	ecolipol	49.000000	0.000000	0.000000
1199.999175	gene_A	272.000000	391.000000	0.000000
1199.999175	gene_A*	157.000000	388.000000	0.000000
1199.999175	gene_B	158.000000	438.000000	0.000000
1199.999175	gene_C	137.000000	434.000000	0.002304
1199.999175	gene_D	187.000000	464.000000	0.000000
1199.999175	gene_E	166.000000	462.000000	0.000000
1199.999175	gene_F	104.000000	324.000000	0.000000
1199.999175	gene_G	33.000000	250.000000	0.112000
1199.999175	gene_H	0.000000	173.000000	0.167630
1199.999175	gene_J	96.000000	458.000000	0.091703
1199.999175	gene_K	163.000000	435.000000	0.000000
1199.999175	promoter_A	1.000000	0.000000	0.000000
1199.999175	promoter_B1	1.000000	0.000000	0.000000
1199.999175	promoter_D	0.000000	0.000000	0.000000
