time	species	protein	transcript	ribo_density
0.000000	__gene_A*_rbs	0.000000	0.000000	0.000000
0.000000	__gene_A_rbs	0.000000	0.000000	0.000000
0.000000	__gene_B_rbs	0.000000	0.000000	0.000000
0.000000	__gene_C_rbs	0.000000	0.000000	0.000000
0.000000	__gene_D_rbs	0.000000	0.000000	0.000000
0.000000	__gene_E_rbs	0.000000	0.000000	0.000000
0.000000	__gene_F_rbs	0.000000	0.000000	0.000000
0.000000	__gene_G_rbs	0.000000	0.000000	0.000000
0.000000	__gene_H_rbs	0.000000	0.000000	0.000000
0.000000	__gene_J_rbs	0.000000	0.000000	0.000000
0.000000	__gene_K_rbs	0.000000	0.000000	0.000000
0.000000	__ribosome	100.000000	0.000000	0.000000
0.000000	bound_ecolipol	2000.000000	0.000000	0.000000
0.000000	bound_ribosome	100.000000	0.000000	0.000000
0.000000	ecoli_genome	0.000000	0.000000	0.000000
0.000000	ecoli_transcript	0.000000	0.000000	0.000000
0.000000	ecolipol	0.000000	0.000000	0.000000
0.000000	promoter_A	1.000000	0.000000	0.000000
0.000000	promoter_B1	1.000000	0.000000	0.000000
0.000000	promoter_D	1.000000	0.000000	0.000000
5.000898	__gene_A*_rbs	0.000000	0.000000	0.000000
5.000898	__gene_A_rbs	2.000000	0.000000	0.000000
5.000898	__gene_B_rbs	0.000000	0.000000	0.000000
5.000898	__gene_C_rbs	0.000000	0.000000	0.000000
5.000898	__gene_D_rbs	0.000000	0.000000	0.000000
5.000898	__gene_E_rbs	0.000000	0.000000	0.000000
5.000898	__gene_F_rbs	0.000000	0.000000	0.000000
5.000898	__gene_G_rbs	0.000000	0.000000	0.000000
5.000898	__gene_H_rbs	0.000000	0.000000	0.000000
5.000898	__gene_J_rbs	0.000000	0.000000	0.000000
5.000898	__gene_K_rbs	0.000000	0.000000	0.000000
5.000898	__ribosome	90.000000	0.000000	0.000000
5.000898	bound_ecolipol	1920.000000	0.000000	0.000000
5.000898	bound_ribosome	100.000000	0.000000	0.000000
5.000898	ecoli_genome	80.000000	0.000000	0.000000
5.000898	ecoli_transcript	408.000000	0.000000	0.000000
5.000898	ecolipol	71.000000	0.000000	0.000000
5.000898	gene_A	0.000000	4.000000	2.500000
5.000898	promoter_A	0.000000	0.000000	0.000000
5.000898	promoter_B1	0.000000	0.000000	0.000000
5.000898	promoter_D	0.000000	0.000000	0.000000
9.999989	__gene_A*_rbs	0.000000	0.000000	0.000000
9.999989	__gene_A_rbs	5.000000	0.000000	0.000000
9.999989	__gene_B_rbs	2.000000	0.000000	0.000000
9.999989	__gene_C_rbs	0.000000	0.000000	0.000000
9.999989	__gene_D_rbs	1.000000	0.000000	0.000000
9.999989	__gene_E_rbs	0.000000	0.000000	0.000000
9.999989	__gene_F_rbs	0.000000	0.000000	0.000000
9.999989	__gene_G_rbs	0.000000	0.000000	0.000000
9.999989	__gene_H_rbs	0.000000	0.000000	0.000000
9.999989	__gene_J_rbs	0.000000	0.000000	0.000000
9.999989	__gene_K_rbs	0.000000	0.000000	0.000000
9.999989	__ribosome	68.000000	0.000000	0.000000
9.999989	bound_ecolipol	1922.000000	0.000000	0.000000
9.999989	bound_ribosome	100.000000	0.000000	0.000000
9.999989	ecoli_genome	78.000000	0.000000	0.000000
9.999989	ecoli_transcript	789.000000	0.000000	0.000000
9.999989	ecolipol	60.000000	0.000000	0.000000
9.999989	gene_A	0.000000	8.000000	3.750000
9.999989	gene_B	0.000000	2.000000	1.000000
9.999989	gene_D	0.000000	1.000000	0.000000
9.999989	promoter_A	0.000000	0.000000	0.000000
9.999989	promoter_B1	0.000000	0.000000	0.000000
9.999989	promoter_D	0.000000	0.000000	0.000000
14.999418	__gene_A*_rbs	0.000000	0.000000	0.000000
14.999418	__gene_A_rbs	8.000000	0.000000	0.000000
14.999418	__gene_B_rbs	4.000000	0.000000	0.000000
14.999418	__gene_C_rbs	0.000000	0.000000	0.000000
14.999418	__gene_D_rbs	2.000000	0.000000	0.000000
14.999418	__gene_E_rbs	1.000000	0.000000	0.000000
14.999418	__gene_F_rbs	0.000000	0.000000	0.000000
14.999418	__gene_G_rbs	0.000000	0.000000	0.000000
14.999418	__gene_H_rbs	0.000000	0.000000	0.000000
14.999418	__gene_J_rbs	0.000000	0.000000	0.000000
14.999418	__gene_K_rbs	0.000000	0.000000	0.000000
14.999418	__ribosome	27.000000	0.000000	0.000000
14.999418	bound_ecolipol	1923.000000	0.000000	0.000000
14.999418	bound_ribosome	100.000000	0.000000	0.000000
14.999418	ecoli_genome	77.000000	0.000000	0.000000
14.999418	ecoli_transcript	1151.000000	0.000000	0.000000
14.999418	ecolipol	52.000000	0.000000	0.000000
14.999418	gene_A	0.000000	11.000000	5.000000
14.999418	gene_B	0.000000	5.000000	2.600000
14.999418	gene_D	0.000000	2.000000	1.500000
14.999418	gene_E	0.000000	1.000000	2.000000
14.999418	promoter_A	0.000000	0.000000	0.000000
14.999418	promoter_B1	0.000000	0.000000	0.000000
14.999418	promoter_D	1.000000	0.000000	0.000000
19.999283	__gene_A*_rbs	1.000000	0.000000	0.000000
19.999283	__gene_A_rbs	15.000000	0.000000	0.000000
19.999283	__gene_B_rbs	8.000000	0.000000	0.000000
19.999283	__gene_C_rbs	0.000000	0.000000	0.000000
19.999283	__gene_D_rbs	2.000000	0.000000	0.000000
19.999283	__gene_E_rbs	1.000000	0.000000	0.000000
19.999283	__gene_F_rbs	0.000000	0.000000	0.000000
19.999283	__gene_G_rbs	0.000000	0.000000	0.000000
19.999283	__gene_H_rbs	0.000000	0.000000	0.000000
19.999283	__gene_J_rbs	1.000000	0.000000	0.000000
19.999283	__gene_K_rbs	2.000000	0.000000	0.000000
19.999283	__ribosome	3.000000	0.000000	0.000000
19.999283	bound_ecolipol	1905.000000	0.000000	0.000000
19.999283	bound_ribosome	100.000000	0.000000	0.000000
19.999283	ecoli_genome	95.000000	0.000000	0.000000
19.999283	ecoli_transcript	1557.000000	0.000000	0.000000
19.999283	ecolipol	62.000000	0.000000	0.000000
19.999283	gene_A	0.000000	15.000000	4.600000
19.999283	gene_A*	0.000000	3.000000	0.333333
19.999283	gene_B	0.000000	9.000000	2.000000
19.999283	gene_D	0.000000	2.000000	3.000000
19.999283	gene_E	0.000000	2.000000	1.000000
19.999283	gene_J	0.000000	1.000000	0.000000
19.999283	gene_K	0.000000	2.000000	0.500000
19.999283	promoter_A	0.000000	0.000000	0.000000
19.999283	promoter_B1	0.000000	0.000000	0.000000
19.999283	promoter_D	1.000000	0.000000	0.000000
24.999256	__gene_A*_rbs	3.000000	0.000000	0.000000
24.999256	__gene_A_rbs	19.000000	0.000000	0.000000
24.999256	__gene_B_rbs	11.000000	0.000000	0.000000
24.999256	__gene_C_rbs	4.000000	0.000000	0.000000
24.999256	__gene_D_rbs	2.000000	0.000000	0.000000
24.999256	__gene_E_rbs	2.000000	0.000000	0.000000
24.999256	__gene_F_rbs	0.000000	0.000000	0.000000
24.999256	__gene_G_rbs	0.000000	0.000000	0.000000
24.999256	__gene_H_rbs	0.000000	0.000000	0.000000
24.999256	__gene_J_rbs	2.000000	0.000000	0.000000
24.999256	__gene_K_rbs	4.000000	0.000000	0.000000
24.999256	__ribosome	4.000000	0.000000	0.000000
24.999256	bound_ecolipol	1914.000000	0.000000	0.000000
24.999256	bound_ribosome	100.000000	0.000000	0.000000
24.999256	ecoli_genome	86.000000	0.000000	0.000000
24.999256	ecoli_transcript	1967.000000	0.000000	0.000000
24.999256	ecolipol	48.000000	0.000000	0.000000
24.999256	gene_A	0.000000	19.000000	3.894737
24.999256	gene_A*	0.000000	7.000000	0.142857
24.999256	gene_B	7.000000	13.000000	1.076923
24.999256	gene_C	0.000000	4.000000	0.000000
24.999256	gene_D	0.000000	2.000000	3.500000
24.999256	gene_E	2.000000	2.000000	0.000000
24.999256	gene_J	0.000000	2.000000	0.000000
24.999256	gene_K	1.000000	5.000000	0.000000
24.999256	promoter_A	0.000000	0.000000	0.000000
24.999256	promoter_B1	0.000000	0.000000	0.000000
24.999256	promoter_D	1.000000	0.000000	0.000000
29.999296	__gene_A*_rbs	6.000000	0.000000	0.000000
29.999296	__gene_A_rbs	21.000000	0.000000	0.000000
29.999296	__gene_B_rbs	17.000000	0.000000	0.000000
29.999296	__gene_C_rbs	6.000000	0.000000	0.000000
29.999296	__gene_D_rbs	4.000000	0.000000	0.000000
29.999296	__gene_E_rbs	2.000000	0.000000	0.000000
29.999296	__gene_F_rbs	1.000000	0.000000	0.000000
29.999296	__gene_G_rbs	0.000000	0.000000	0.000000
29.999296	__gene_H_rbs	0.000000	0.000000	0.000000
29.999296	__gene_J_rbs	1.000000	0.000000	0.000000
29.999296	__gene_K_rbs	9.000000	0.000000	0.000000
29.999296	__ribosome	3.000000	0.000000	0.000000
29.999296	bound_ecolipol	1898.000000	0.000000	0.000000
29.999296	bound_ribosome	100.000000	0.000000	0.000000
29.999296	ecoli_genome	102.000000	0.000000	0.000000
29.999296	ecoli_transcript	2341.000000	0.000000	0.000000
29.999296	ecolipol	60.000000	0.000000	0.000000
29.999296	gene_A	0.000000	22.000000	3.545455
29.999296	gene_A*	0.000000	11.000000	0.090909
29.999296	gene_B	17.000000	17.000000	0.529412
29.999296	gene_C	0.000000	7.000000	0.285714
29.999296	gene_D	3.000000	4.000000	1.250000
29.999296	gene_E	2.000000	2.000000	0.000000
29.999296	gene_F	0.000000	1.000000	0.000000
29.999296	gene_J	0.000000	2.000000	0.000000
29.999296	gene_K	1.000000	9.000000	0.222222
29.999296	promoter_A	0.000000	0.000000	0.000000
29.999296	promoter_B1	0.000000	0.000000	0.000000
29.999296	promoter_D	0.000000	0.000000	0.000000
34.999127	__gene_A*_rbs	11.000000	0.000000	0.000000
34.999127	__gene_A_rbs	26.000000	0.000000	0.000000
34.999127	__gene_B_rbs	20.000000	0.000000	0.000000
34.999127	__gene_C_rbs	10.000000	0.000000	0.000000
34.999127	__gene_D_rbs	7.000000	0.000000	0.000000
34.999127	__gene_E_rbs	3.000000	0.000000	0.000000
34.999127	__gene_F_rbs	1.000000	0.000000	0.000000
34.999127	__gene_G_rbs	0.000000	0.000000	0.000000
34.999127	__gene_H_rbs	0.000000	0.000000	0.000000
34.999127	__gene_J_rbs	2.000000	0.000000	0.000000
34.999127	__gene_K_rbs	12.000000	0.000000	0.000000
34.999127	__ribosome	1.000000	0.000000	0.000000
34.999127	bound_ecolipol	1897.000000	0.000000	0.000000
34.999127	bound_ribosome	100.000000	0.000000	0.000000
34.999127	ecoli_genome	103.000000	0.000000	0.000000
34.999127	ecoli_transcript	2743.000000	0.000000	0.000000
34.999127	ecolipol	57.000000	0.000000	0.000000
34.999127	gene_A	0.000000	26.000000	3.000000
34.999127	gene_A*	0.000000	15.000000	0.200000
34.999127	gene_B	19.000000	20.000000	0.450000
34.999127	gene_C	1.000000	10.000000	0.100000
34.999127	gene_D	6.000000	7.000000	0.285714
34.999127	gene_E	2.000000	4.000000	0.250000
34.999127	gene_F	0.000000	1.000000	1.000000
34.999127	gene_J	0.000000	2.000000	0.000000
34.999127	gene_K	3.000000	12.000000	0.333333
34.999127	promoter_A	0.000000	0.000000	0.000000
34.999127	promoter_B1	0.000000	0.000000	0.000000
34.999127	promoter_D	0.000000	0.000000	0.000000
39.999014	__gene_A*_rbs	16.000000	0.000000	0.000000
39.999014	__gene_A_rbs	30.000000	0.000000	0.000000
39.999014	__gene_B_rbs	21.000000	0.000000	0.000000
39.999014	__gene_C_rbs	13.000000	0.000000	0.000000
39.999014	__gene_D_rbs	11.000000	0.000000	0.000000
39.999014	__gene_E_rbs	7.000000	0.000000	0.000000
39.999014	__gene_F_rbs	1.000000	0.000000	0.000000
39.999014	__gene_G_rbs	0.000000	0.000000	0.000000
39.999014	__gene_H_rbs	0.000000	0.000000	0.000000
39.999014	__gene_J_rbs	2.000000	0.000000	0.000000
39.999014	__gene_K_rbs	16.000000	0.000000	0.000000
39.999014	__ribosome	2.000000	0.000000	0.000000
39.999014	bound_ecolipol	1899.000000	0.000000	0.000000
39.999014	bound_ribosome	100.000000	0.000000	0.000000
39.999014	ecoli_genome	101.000000	0.000000	0.000000
39.999014	ecoli_transcript	3135.000000	0.000000	0.000000
39.999014	ecolipol	52.000000	0.000000	0.000000
39.999014	gene_A	0.000000	30.000000	2.666667
39.999014	gene_A*	0.000000	18.000000	0.166667
39.999014	gene_B	24.000000	24.000000	0.333333
39.999014	gene_C	2.000000	14.000000	0.142857
39.999014	gene_D	7.000000	11.000000	0.090909
39.999014	gene_E	2.000000	7.000000	0.142857
39.999014	gene_F	0.000000	1.000000	1.000000
39.999014	gene_J	0.000000	2.000000	0.500000
39.999014	gene_K	6.000000	16.000000	0.062500
39.999014	promoter_A	0.000000	0.000000	0.000000
39.999014	promoter_B1	0.000000	0.000000	0.000000
39.999014	promoter_D	0.000000	0.000000	0.000000
44.999036	__gene_A*_rbs	22.000000	0.000000	0.000000
44.999036	__gene_A_rbs	33.000000	0.000000	0.000000
44.999036	__gene_B_rbs	26.000000	0.000000	0.000000
44.999036	__gene_C_rbs	18.000000	0.000000	0.000000
44.999036	__gene_D_rbs	14.000000	0.000000	0.000000
44.999036	__gene_E_rbs	10.000000	0.000000	0.000000
44.999036	__gene_F_rbs	1.000000	0.000000	0.000000
44.999036	__gene_G_rbs	0.000000	0.000000	0.000000
44.999036	__gene_H_rbs	0.000000	0.000000	0.000000
44.999036	__gene_J_rbs	5.000000	0.000000	0.000000
44.999036	__gene_K_rbs	18.000000	0.000000	0.000000
44.999036	__ribosome	1.000000	0.000000	0.000000
44.999036	bound_ecolipol	1906.000000	0.000000	0.000000
44.999036	bound_ribosome	100.000000	0.000000	0.000000
44.999036	ecoli_genome	94.000000	0.000000	0.000000
44.999036	ecoli_transcript	3498.000000	0.000000	0.000000
44.999036	ecolipol	41.000000	0.000000	0.000000
44.999036	gene_A	0.000000	33.000000	2.454545
44.999036	gene_A*	0.000000	22.000000	0.227273
44.999036	gene_B	28.000000	27.000000	0.222222
44.999036	gene_C	2.000000	18.000000	0.166667
44.999036	gene_D	8.000000	14.000000	0.000000
44.999036	gene_E	3.000000	10.000000	0.100000
44.999036	gene_F	0.000000	1.000000	1.000000
44.999036	gene_J	0.000000	5.000000	0.200000
44.999036	gene_K	7.000000	19.000000	0.052632
44.999036	promoter_A	0.000000	0.000000	0.000000
44.999036	promoter_B1	0.000000	0.000000	0.000000
44.999036	promoter_D	0.000000	0.000000	0.000000
49.999656	__gene_A*_rbs	25.000000	0.000000	0.000000
49.999656	__gene_A_rbs	37.000000	0.000000	0.000000
49.999656	__gene_B_rbs	28.000000	0.000000	0.000000
49.999656	__gene_C_rbs	20.000000	0.000000	0.000000
49.999656	__gene_D_rbs	17.000000	0.000000	0.000000
49.999656	__gene_E_rbs	13.000000	0.000000	0.000000
49.999656	__gene_F_rbs	3.000000	0.000000	0.000000
49.999656	__gene_G_rbs	0.000000	0.000000	0.000000
49.999656	__gene_H_rbs	0.000000	0.000000	0.000000
49.999656	__gene_J_rbs	8.000000	0.000000	0.000000
49.999656	__gene_K_rbs	23.000000	0.000000	0.000000
49.999656	__ribosome	1.000000	0.000000	0.000000
49.999656	bound_ecolipol	1897.000000	0.000000	0.000000
49.999656	bound_ribosome	100.000000	0.000000	0.000000
49.999656	ecoli_genome	103.000000	0.000000	0.000000
49.999656	ecoli_transcript	3867.000000	0.000000	0.000000
49.999656	ecolipol	47.000000	0.000000	0.000000
49.999656	gene_A	0.000000	37.000000	2.189189
49.999656	gene_A*	0.000000	25.000000	0.200000
49.999656	gene_B	31.000000	31.000000	0.129032
49.999656	gene_C	5.000000	21.000000	0.095238
49.999656	gene_D	8.000000	17.000000	0.058824
49.999656	gene_E	3.000000	14.000000	0.214286
49.999656	gene_F	0.000000	3.000000	0.333333
49.999656	gene_J	0.000000	8.000000	0.125000
49.999656	gene_K	7.000000	23.000000	0.043478
49.999656	promoter_A	0.000000	0.000000	0.000000
49.999656	promoter_B1	0.000000	0.000000	0.000000
49.999656	promoter_D	0.000000	0.000000	0.000000
54.999058	__gene_A*_rbs	26.000000	0.000000	0.000000
54.999058	__gene_A_rbs	41.000000	0.000000	0.000000
54.999058	__gene_B_rbs	33.000000	0.000000	0.000000
54.999058	__gene_C_rbs	23.000000	0.000000	0.000000
54.999058	__gene_D_rbs	21.000000	0.000000	0.000000
54.999058	__gene_E_rbs	16.000000	0.000000	0.000000
54.999058	__gene_F_rbs	5.000000	0.000000	0.000000
54.999058	__gene_G_rbs	0.000000	0.000000	0.000000
54.999058	__gene_H_rbs	0.000000	0.000000	0.000000
54.999058	__gene_J_rbs	11.000000	0.000000	0.000000
54.999058	__gene_K_rbs	24.000000	0.000000	0.000000
54.999058	__ribosome	1.000000	0.000000	0.000000
54.999058	bound_ecolipol	1892.000000	0.000000	0.000000
54.999058	bound_ribosome	100.000000	0.000000	0.000000
54.999058	ecoli_genome	108.000000	0.000000	0.000000
54.999058	ecoli_transcript	4229.000000	0.000000	0.000000
54.999058	ecolipol	50.000000	0.000000	0.000000
54.999058	gene_A	3.000000	41.000000	1.951220
54.999058	gene_A*	1.000000	28.000000	0.142857
54.999058	gene_B	32.000000	34.000000	0.088235
54.999058	gene_C	5.000000	25.000000	0.120000
54.999058	gene_D	8.000000	21.000000	0.095238
54.999058	gene_E	4.000000	17.000000	0.235294
54.999058	gene_F	0.000000	5.000000	0.200000
54.999058	gene_J	0.000000	11.000000	0.181818
54.999058	gene_K	8.000000	27.000000	0.000000
54.999058	promoter_A	0.000000	0.000000	0.000000
54.999058	promoter_B1	0.000000	0.000000	0.000000
54.999058	promoter_D	0.000000	0.000000	0.000000
59.999012	__gene_A*_rbs	32.000000	0.000000	0.000000
59.999012	__gene_A_rbs	44.000000	0.000000	0.000000
59.999012	__gene_B_rbs	36.000000	0.000000	0.000000
59.999012	__gene_C_rbs	26.000000	0.000000	0.000000
59.999012	__gene_D_rbs	25.000000	0.000000	0.000000
59.999012	__gene_E_rbs	21.000000	0.000000	0.000000
59.999012	__gene_F_rbs	7.000000	0.000000	0.000000
59.999012	__gene_G_rbs	0.000000	0.000000	0.000000
59.999012	__gene_H_rbs	0.000000	0.000000	0.000000
59.999012	__gene_J_rbs	15.000000	0.000000	0.000000
59.999012	__gene_K_rbs	26.000000	0.000000	0.000000
59.999012	__ribosome	1.000000	0.000000	0.000000
59.999012	bound_ecolipol	1893.000000	0.000000	0.000000
59.999012	bound_ribosome	100.000000	0.000000	0.000000
59.999012	ecoli_genome	107.000000	0.000000	0.000000
59.999012	ecoli_transcript	4590.000000	0.000000	0.000000
59.999012	ecolipol	46.000000	0.000000	0.000000
59.999012	gene_A	21.000000	45.000000	1.400000
59.999012	gene_A*	1.000000	32.000000	0.250000
59.999012	gene_B	35.000000	37.000000	0.135135
59.999012	gene_C	7.000000	28.000000	0.107143
59.999012	gene_D	8.000000	25.000000	0.240000
59.999012	gene_E	6.000000	21.000000	0.333333
59.999012	gene_F	0.000000	7.000000	0.428571
59.999012	gene_J	1.000000	15.000000	0.066667
59.999012	gene_K	8.000000	30.000000	0.100000
59.999012	promoter_A	0.000000	0.000000	0.000000
59.999012	promoter_B1	0.000000	0.000000	0.000000
59.999012	promoter_D	0.000000	0.000000	0.000000
64.999424	__gene_A*_rbs	34.000000	0.000000	0.000000
64.999424	__gene_A_rbs	47.000000	0.000000	0.000000
64.999424	__gene_B_rbs	41.000000	0.000000	0.000000
64.999424	__gene_C_rbs	27.000000	0.000000	0.000000
64.999424	__gene_D_rbs	27.000000	0.000000	0.000000
64.999424	__gene_E_rbs	22.000000	0.000000	0.000000
64.999424	__gene_F_rbs	11.000000	0.000000	0.000000
64.999424	__gene_G_rbs	0.000000	0.000000	0.000000
64.999424	__gene_H_rbs	0.000000	0.000000	0.000000
64.999424	__gene_J_rbs	17.000000	0.000000	0.000000
64.999424	__gene_K_rbs	28.000000	0.000000	0.000000
64.999424	__ribosome	1.000000	0.000000	0.000000
64.999424	bound_ecolipol	1889.000000	0.000000	0.000000
64.999424	bound_ribosome	100.000000	0.000000	0.000000
64.999424	ecoli_genome	111.000000	0.000000	0.000000
64.999424	ecoli_transcript	4951.000000	0.000000	0.000000
64.999424	ecolipol	46.000000	0.000000	0.000000
64.999424	gene_A	44.000000	48.000000	0.895833
64.999424	gene_A*	1.000000	36.000000	0.388889
64.999424	gene_B	35.000000	41.000000	0.219512
64.999424	gene_C	8.000000	31.000000	0.129032
64.999424	gene_D	9.000000	28.000000	0.321429
64.999424	gene_E	9.000000	24.000000	0.416667
64.999424	gene_F	0.000000	11.000000	0.363636
64.999424	gene_J	1.000000	18.000000	0.055556
64.999424	gene_K	11.000000	33.000000	0.151515
64.999424	promoter_A	0.000000	0.000000	0.000000
64.999424	promoter_B1	0.000000	0.000000	0.000000
64.999424	promoter_D	0.000000	0.000000	0.000000
69.999076	__gene_A*_rbs	36.000000	0.000000	0.000000
69.999076	__gene_A_rbs	52.000000	0.000000	0.000000
69.999076	__gene_B_rbs	44.000000	0.000000	0.000000
69.999076	__gene_C_rbs	33.000000	0.000000	0.000000
69.999076	__gene_D_rbs	32.000000	0.000000	0.000000
69.999076	__gene_E_rbs	27.000000	0.000000	0.000000
69.999076	__gene_F_rbs	13.000000	0.000000	0.000000
69.999076	__gene_G_rbs	1.000000	0.000000	0.000000
69.999076	__gene_H_rbs	0.000000	0.000000	0.000000
69.999076	__gene_J_rbs	21.000000	0.000000	0.000000
69.999076	__gene_K_rbs	33.000000	0.000000	0.000000
69.999076	__ribosome	0.000000	0.000000	0.000000
69.999076	bound_ecolipol	1890.000000	0.000000	0.000000
69.999076	bound_ribosome	100.000000	0.000000	0.000000
69.999076	ecoli_genome	110.000000	0.000000	0.000000
69.999076	ecoli_transcript	5352.000000	0.000000	0.000000
69.999076	ecolipol	43.000000	0.000000	0.000000
69.999076	gene_A	67.000000	52.000000	0.480769
69.999076	gene_A*	3.000000	40.000000	0.400000
69.999076	gene_B	37.000000	45.000000	0.222222
69.999076	gene_C	11.000000	35.000000	0.114286
69.999076	gene_D	10.000000	32.000000	0.562500
69.999076	gene_E	14.000000	28.000000	0.285714
69.999076	gene_F	0.000000	13.000000	0.461538
69.999076	gene_G	0.000000	1.000000	0.000000
69.999076	gene_J	1.000000	21.000000	0.285714
69.999076	gene_K	15.000000	37.000000	0.189189
69.999076	promoter_A	0.000000	0.000000	0.000000
69.999076	promoter_B1	0.000000	0.000000	0.000000
69.999076	promoter_D	0.000000	0.000000	0.000000
74.999214	__gene_A*_rbs	43.000000	0.000000	0.000000
74.999214	__gene_A_rbs	56.000000	0.000000	0.000000
74.999214	__gene_B_rbs	47.000000	0.000000	0.000000
74.999214	__gene_C_rbs	32.000000	0.000000	0.000000
74.999214	__gene_D_rbs	35.000000	0.000000	0.000000
74.999214	__gene_E_rbs	31.000000	0.000000	0.000000
74.999214	__gene_F_rbs	14.000000	0.000000	0.000000
74.999214	__gene_G_rbs	1.000000	0.000000	0.000000
74.999214	__gene_H_rbs	0.000000	0.000000	0.000000
74.999214	__gene_J_rbs	24.000000	0.000000	0.000000
74.999214	__gene_K_rbs	40.000000	0.000000	0.000000
74.999214	__ribosome	1.000000	0.000000	0.000000
74.999214	bound_ecolipol	1888.000000	0.000000	0.000000
74.999214	bound_ribosome	100.000000	0.000000	0.000000
74.999214	ecoli_genome	112.000000	0.000000	0.000000
74.999214	ecoli_transcript	5733.000000	0.000000	0.000000
74.999214	ecolipol	43.000000	0.000000	0.000000
74.999214	gene_A	73.000000	56.000000	0.446429
74.999214	gene_A*	3.000000	43.000000	0.465116
74.999214	gene_B	43.000000	48.000000	0.166667
74.999214	gene_C	12.000000	38.000000	0.184211
74.999214	gene_D	14.000000	35.000000	0.400000
74.999214	gene_E	19.000000	32.000000	0.187500
74.999214	gene_F	0.000000	15.000000	0.533333
74.999214	gene_G	0.000000	1.000000	0.000000
74.999214	gene_J	5.000000	25.000000	0.120000
74.999214	gene_K	20.000000	40.000000	0.200000
74.999214	promoter_A	0.000000	0.000000	0.000000
74.999214	promoter_B1	0.000000	0.000000	0.000000
74.999214	promoter_D	0.000000	0.000000	0.000000
79.999352	__gene_A*_rbs	46.000000	0.000000	0.000000
79.999352	__gene_A_rbs	58.000000	0.000000	0.000000
79.999352	__gene_B_rbs	51.000000	0.000000	0.000000
79.999352	__gene_C_rbs	40.000000	0.000000	0.000000
79.999352	__gene_D_rbs	39.000000	0.000000	0.000000
79.999352	__gene_E_rbs	33.000000	0.000000	0.000000
79.999352	__gene_F_rbs	18.000000	0.000000	0.000000
79.999352	__gene_G_rbs	1.000000	0.000000	0.000000
79.999352	__gene_H_rbs	0.000000	0.000000	0.000000
79.999352	__gene_J_rbs	27.000000	0.000000	0.000000
79.999352	__gene_K_rbs	42.000000	0.000000	0.000000
79.999352	__ribosome	0.000000	0.000000	0.000000
79.999352	bound_ecolipol	1886.000000	0.000000	0.000000
79.999352	bound_ribosome	100.000000	0.000000	0.000000
79.999352	ecoli_genome	114.000000	0.000000	0.000000
79.999352	ecoli_transcript	6107.000000	0.000000	0.000000
79.999352	ecolipol	41.000000	0.000000	0.000000
79.999352	gene_A	75.000000	59.000000	0.474576
79.999352	gene_A*	5.000000	47.000000	0.446809
79.999352	gene_B	44.000000	52.000000	0.250000
79.999352	gene_C	16.000000	42.000000	0.071429
79.999352	gene_D	17.000000	39.000000	0.307692
79.999352	gene_E	22.000000	35.000000	0.142857
79.999352	gene_F	1.000000	18.000000	0.388889
79.999352	gene_G	0.000000	1.000000	0.000000
79.999352	gene_J	5.000000	28.000000	0.142857
79.999352	gene_K	27.000000	44.000000	0.159091
79.999352	promoter_A	0.000000	0.000000	0.000000
79.999352	promoter_B1	0.000000	0.000000	0.000000
79.999352	promoter_D	0.000000	0.000000	0.000000
84.999291	__gene_A*_rbs	50.000000	0.000000	0.000000
84.999291	__gene_A_rbs	62.000000	0.000000	0.000000
84.999291	__gene_B_rbs	53.000000	0.000000	0.000000
84.999291	__gene_C_rbs	46.000000	0.000000	0.000000
84.999291	__gene_D_rbs	41.000000	0.000000	0.000000
84.999291	__gene_E_rbs	39.000000	0.000000	0.000000
84.999291	__gene_F_rbs	21.000000	0.000000	0.000000
84.999291	__gene_G_rbs	1.000000	0.000000	0.000000
84.999291	__gene_H_rbs	1.000000	0.000000	0.000000
84.999291	__gene_J_rbs	32.000000	0.000000	0.000000
84.999291	__gene_K_rbs	48.000000	0.000000	0.000000
84.999291	__ribosome	0.000000	0.000000	0.000000
84.999291	bound_ecolipol	1881.000000	0.000000	0.000000
84.999291	bound_ribosome	100.000000	0.000000	0.000000
84.999291	ecoli_genome	119.000000	0.000000	0.000000
84.999291	ecoli_transcript	6477.000000	0.000000	0.000000
84.999291	ecolipol	43.000000	0.000000	0.000000
84.999291	gene_A	78.000000	62.000000	0.564516
84.999291	gene_A*	5.000000	51.000000	0.490196
84.999291	gene_B	51.000000	56.000000	0.232143
84.999291	gene_C	19.000000	46.000000	0.021739
84.999291	gene_D	28.000000	42.000000	0.071429
84.999291	gene_E	25.000000	39.000000	0.179487
84.999291	gene_F	1.000000	21.000000	0.380952
84.999291	gene_G	0.000000	1.000000	0.000000
84.999291	gene_H	0.000000	1.000000	0.000000
84.999291	gene_J	6.000000	32.000000	0.156250
84.999291	gene_K	33.000000	48.000000	0.062500
84.999291	promoter_A	0.000000	0.000000	0.000000
84.999291	promoter_B1	0.000000	0.000000	0.000000
84.999291	promoter_D	0.000000	0.000000	0.000000
89.999242	__gene_A*_rbs	54.000000	0.000000	0.000000
89.999242	__gene_A_rbs	65.000000	0.000000	0.000000
89.999242	__gene_B_rbs	57.000000	0.000000	0.000000
89.999242	__gene_C_rbs	49.000000	0.000000	0.000000
89.999242	__gene_D_rbs	45.000000	0.000000	0.000000
89.999242	__gene_E_rbs	41.000000	0.000000	0.000000
89.999242	__gene_F_rbs	25.000000	0.000000	0.000000
89.999242	__gene_G_rbs	2.000000	0.000000	0.000000
89.999242	__gene_H_rbs	1.000000	0.000000	0.000000
89.999242	__gene_J_rbs	35.000000	0.000000	0.000000
89.999242	__gene_K_rbs	49.000000	0.000000	0.000000
89.999242	__ribosome	0.000000	0.000000	0.000000
89.999242	bound_ecolipol	1876.000000	0.000000	0.000000
89.999242	bound_ribosome	100.000000	0.000000	0.000000
89.999242	ecoli_genome	124.000000	0.000000	0.000000
89.999242	ecoli_transcript	6898.000000	0.000000	0.000000
89.999242	ecolipol	46.000000	0.000000	0.000000
89.999242	gene_A	80.000000	66.000000	0.530303
89.999242	gene_A*	5.000000	54.000000	0.481481
89.999242	gene_B	54.000000	58.000000	0.224138
89.999242	gene_C	19.000000	50.000000	0.040000
89.999242	gene_D	28.000000	45.000000	0.088889
89.999242	gene_E	27.000000	41.000000	0.121951
89.999242	gene_F	1.000000	25.000000	0.360000
89.999242	gene_G	0.000000	2.000000	0.000000
89.999242	gene_H	0.000000	1.000000	0.000000
89.999242	gene_J	8.000000	36.000000	0.138889
89.999242	gene_K	36.000000	51.000000	0.019608
89.999242	promoter_A	0.000000	0.000000	0.000000
89.999242	promoter_B1	0.000000	0.000000	0.000000
89.999242	promoter_D	0.000000	0.000000	0.000000
94.999157	__gene_A*_rbs	57.000000	0.000000	0.000000
94.999157	__gene_A_rbs	70.000000	0.000000	0.000000
94.999157	__gene_B_rbs	61.000000	0.000000	0.000000
94.999157	__gene_C_rbs	50.000000	0.000000	0.000000
94.999157	__gene_D_rbs	49.000000	0.000000	0.000000
94.999157	__gene_E_rbs	44.000000	0.000000	0.000000
94.999157	__gene_F_rbs	27.000000	0.000000	0.000000
94.999157	__gene_G_rbs	3.000000	0.000000	0.000000
94.999157	__gene_H_rbs	1.000000	0.000000	0.000000
94.999157	__gene_J_rbs	39.000000	0.000000	0.000000
94.999157	__gene_K_rbs	54.000000	0.000000	0.000000
94.999157	__ribosome	1.000000	0.000000	0.000000
94.999157	bound_ecolipol	1887.000000	0.000000	0.000000
94.999157	bound_ribosome	100.000000	0.000000	0.000000
94.999157	ecoli_genome	113.000000	0.000000	0.000000
94.999157	ecoli_transcript	7283.000000	0.000000	0.000000
94.999157	ecolipol	34.000000	0.000000	0.000000
94.999157	gene_A	81.000000	70.000000	0.542857
94.999157	gene_A*	10.000000	58.000000	0.362069
94.999157	gene_B	60.000000	62.000000	0.161290
94.999157	gene_C	20.000000	53.000000	0.075472
94.999157	gene_D	29.000000	49.000000	0.081633
94.999157	gene_E	32.000000	45.000000	0.044444
94.999157	gene_F	1.000000	27.000000	0.481481
94.999157	gene_G	0.000000	3.000000	0.000000
94.999157	gene_H	0.000000	1.000000	0.000000
94.999157	gene_J	10.000000	39.000000	0.128205
94.999157	gene_K	37.000000	55.000000	0.036364
94.999157	promoter_A	0.000000	0.000000	0.000000
94.999157	promoter_B1	0.000000	0.000000	0.000000
94.999157	promoter_D	0.000000	0.000000	0.000000
99.999529	__gene_A*_rbs	61.000000	0.000000	0.000000
99.999529	__gene_A_rbs	73.000000	0.000000	0.000000
99.999529	__gene_B_rbs	65.000000	0.000000	0.000000
99.999529	__gene_C_rbs	54.000000	0.000000	0.000000
99.999529	__gene_D_rbs	51.000000	0.000000	0.000000
99.999529	__gene_E_rbs	46.000000	0.000000	0.000000
99.999529	__gene_F_rbs	30.000000	0.000000	0.000000
99.999529	__gene_G_rbs	5.000000	0.000000	0.000000
99.999529	__gene_H_rbs	1.000000	0.000000	0.000000
99.999529	__gene_J_rbs	41.000000	0.000000	0.000000
99.999529	__gene_K_rbs	58.000000	0.000000	0.000000
99.999529	__ribosome	1.000000	0.000000	0.000000
99.999529	bound_ecolipol	1878.000000	0.000000	0.000000
99.999529	bound_ribosome	100.000000	0.000000	0.000000
99.999529	ecoli_genome	122.000000	0.000000	0.000000
99.999529	ecoli_transcript	7658.000000	0.000000	0.000000
99.999529	ecolipol	41.000000	0.000000	0.000000
99.999529	gene_A	81.000000	73.000000	0.561644
99.999529	gene_A*	14.000000	61.000000	0.295082
99.999529	gene_B	65.000000	66.000000	0.121212
99.999529	gene_C	22.000000	56.000000	0.053571
99.999529	gene_D	29.000000	52.000000	0.115385
99.999529	gene_E	32.000000	48.000000	0.083333
99.999529	gene_F	2.000000	30.000000	0.400000
99.999529	gene_G	0.000000	5.000000	0.000000
99.999529	gene_H	0.000000	1.000000	0.000000
99.999529	gene_J	12.000000	43.000000	0.116279
99.999529	gene_K	38.000000	59.000000	0.033898
99.999529	promoter_A	0.000000	0.000000	0.000000
99.999529	promoter_B1	0.000000	0.000000	0.000000
99.999529	promoter_D	0.000000	0.000000	0.000000
104.999247	__gene_A*_rbs	64.000000	0.000000	0.000000
104.999247	__gene_A_rbs	75.000000	0.000000	0.000000
104.999247	__gene_B_rbs	68.000000	0.000000	0.000000
104.999247	__gene_C_rbs	59.000000	0.000000	0.000000
104.999247	__gene_D_rbs	55.000000	0.000000	0.000000
104.999247	__gene_E_rbs	52.000000	0.000000	0.000000
104.999247	__gene_F_rbs	32.000000	0.000000	0.000000
104.999247	__gene_G_rbs	7.000000	0.000000	0.000000
104.999247	__gene_H_rbs	1.000000	0.000000	0.000000
104.999247	__gene_J_rbs	46.000000	0.000000	0.000000
104.999247	__gene_K_rbs	61.000000	0.000000	0.000000
104.999247	__ribosome	0.000000	0.000000	0.000000
104.999247	bound_ecolipol	1874.000000	0.000000	0.000000
104.999247	bound_ribosome	100.000000	0.000000	0.000000
104.999247	ecoli_genome	126.000000	0.000000	0.000000
104.999247	ecoli_transcript	8031.000000	0.000000	0.000000
104.999247	ecolipol	43.000000	0.000000	0.000000
104.999247	gene_A	82.000000	76.000000	0.605263
104.999247	gene_A*	18.000000	65.000000	0.246154
104.999247	gene_B	68.000000	69.000000	0.130435
104.999247	gene_C	25.000000	60.000000	0.016667
104.999247	gene_D	32.000000	56.000000	0.089286
104.999247	gene_E	34.000000	52.000000	0.076923
104.999247	gene_F	3.000000	32.000000	0.375000
104.999247	gene_G	0.000000	7.000000	0.000000
104.999247	gene_H	0.000000	1.000000	0.000000
104.999247	gene_J	15.000000	46.000000	0.108696
104.999247	gene_K	40.000000	62.000000	0.032258
104.999247	promoter_A	0.000000	0.000000	0.000000
104.999247	promoter_B1	0.000000	0.000000	0.000000
104.999247	promoter_D	0.000000	0.000000	0.000000
109.999035	__gene_A*_rbs	69.000000	0.000000	0.000000
109.999035	__gene_A_rbs	80.000000	0.000000	0.000000
109.999035	__gene_B_rbs	72.000000	0.000000	0.000000
109.999035	__gene_C_rbs	62.000000	0.000000	0.000000
109.999035	__gene_D_rbs	60.000000	0.000000	0.000000
109.999035	__gene_E_rbs	56.000000	0.000000	0.000000
109.999035	__gene_F_rbs	35.000000	0.000000	0.000000
109.999035	__gene_G_rbs	10.000000	0.000000	0.000000
109.999035	__gene_H_rbs	2.000000	0.000000	0.000000
109.999035	__gene_J_rbs	46.000000	0.000000	0.000000
109.999035	__gene_K_rbs	65.000000	0.000000	0.000000
109.999035	__ribosome	2.000000	0.000000	0.000000
109.999035	bound_ecolipol	1879.000000	0.000000	0.000000
109.999035	bound_ribosome	100.000000	0.000000	0.000000
109.999035	ecoli_genome	121.000000	0.000000	0.000000
109.999035	ecoli_transcript	8380.000000	0.000000	0.000000
109.999035	ecolipol	37.000000	0.000000	0.000000
109.999035	gene_A	84.000000	80.000000	0.600000
109.999035	gene_A*	26.000000	69.000000	0.159420
109.999035	gene_B	73.000000	73.000000	0.109589
109.999035	gene_C	25.000000	63.000000	0.031746
109.999035	gene_D	33.000000	60.000000	0.116667
109.999035	gene_E	36.000000	56.000000	0.053571
109.999035	gene_F	4.000000	35.000000	0.314286
109.999035	gene_G	0.000000	10.000000	0.100000
109.999035	gene_H	0.000000	2.000000	0.000000
109.999035	gene_J	17.000000	49.000000	0.122449
109.999035	gene_K	42.000000	65.000000	0.015385
109.999035	promoter_A	0.000000	0.000000	0.000000
109.999035	promoter_B1	0.000000	0.000000	0.000000
109.999035	promoter_D	0.000000	0.000000	0.000000
114.999134	__gene_A*_rbs	71.000000	0.000000	0.000000
114.999134	__gene_A_rbs	84.000000	0.000000	0.000000
114.999134	__gene_B_rbs	76.000000	0.000000	0.000000
114.999134	__gene_C_rbs	65.000000	0.000000	0.000000
114.999134	__gene_D_rbs	64.000000	0.000000	0.000000
114.999134	__gene_E_rbs	58.000000	0.000000	0.000000
114.999134	__gene_F_rbs	38.000000	0.000000	0.000000
114.999134	__gene_G_rbs	13.000000	0.000000	0.000000
114.999134	__gene_H_rbs	3.000000	0.000000	0.000000
114.999134	__gene_J_rbs	53.000000	0.000000	0.000000
114.999134	__gene_K_rbs	69.000000	0.000000	0.000000
114.999134	__ribosome	0.000000	0.000000	0.000000
114.999134	bound_ecolipol	1877.000000	0.000000	0.000000
114.999134	bound_ribosome	100.000000	0.000000	0.000000
114.999134	ecoli_genome	123.000000	0.000000	0.000000
114.999134	ecoli_transcript	8755.000000	0.000000	0.000000
114.999134	ecolipol	37.000000	0.000000	0.000000
114.999134	gene_A	85.000000	84.000000	0.607143
114.999134	gene_A*	27.000000	72.000000	0.166667
114.999134	gene_B	75.000000	77.000000	0.090909
114.999134	gene_C	26.000000	66.000000	0.030303
114.999134	gene_D	35.000000	64.000000	0.078125
114.999134	gene_E	38.000000	59.000000	0.050847
114.999134	gene_F	6.000000	38.000000	0.263158
114.999134	gene_G	0.000000	13.000000	0.076923
114.999134	gene_H	0.000000	3.000000	0.000000
114.999134	gene_J	19.000000	53.000000	0.113208
114.999134	gene_K	43.000000	69.000000	0.043478
114.999134	promoter_A	0.000000	0.000000	0.000000
114.999134	promoter_B1	0.000000	0.000000	0.000000
114.999134	promoter_D	0.000000	0.000000	0.000000
119.999013	__gene_A*_rbs	76.000000	0.000000	0.000000
119.999013	__gene_A_rbs	87.000000	0.000000	0.000000
119.999013	__gene_B_rbs	80.000000	0.000000	0.000000
119.999013	__gene_C_rbs	66.000000	0.000000	0.000000
119.999013	__gene_D_rbs	66.000000	0.000000	0.000000
119.999013	__gene_E_rbs	63.000000	0.000000	0.000000
119.999013	__gene_F_rbs	41.000000	0.000000	0.000000
119.999013	__gene_G_rbs	16.000000	0.000000	0.000000
119.999013	__gene_H_rbs	5.000000	0.000000	0.000000
119.999013	__gene_J_rbs	55.000000	0.000000	0.000000
119.999013	__gene_K_rbs	70.000000	0.000000	0.000000
119.999013	__ribosome	0.000000	0.000000	0.000000
119.999013	bound_ecolipol	1867.000000	0.000000	0.000000
119.999013	bound_ribosome	100.000000	0.000000	0.000000
119.999013	ecoli_genome	133.000000	0.000000	0.000000
119.999013	ecoli_transcript	9133.000000	0.000000	0.000000
119.999013	ecolipol	44.000000	0.000000	0.000000
119.999013	gene_A	90.000000	87.000000	0.586207
119.999013	gene_A*	30.000000	76.000000	0.118421
119.999013	gene_B	80.000000	81.000000	0.037037
119.999013	gene_C	27.000000	70.000000	0.028571
119.999013	gene_D	36.000000	66.000000	0.106061
119.999013	gene_E	40.000000	63.000000	0.063492
119.999013	gene_F	8.000000	41.000000	0.195122
119.999013	gene_G	0.000000	16.000000	0.187500
119.999013	gene_H	0.000000	5.000000	0.000000
119.999013	gene_J	21.000000	57.000000	0.140351
119.999013	gene_K	46.000000	72.000000	0.069444
119.999013	promoter_A	0.000000	0.000000	0.000000
119.999013	promoter_B1	0.000000	0.000000	0.000000
119.999013	promoter_D	0.000000	0.000000	0.000000
124.999119	__gene_A*_rbs	79.000000	0.000000	0.000000
124.999119	__gene_A_rbs	89.000000	0.000000	0.000000
124.999119	__gene_B_rbs	84.000000	0.000000	0.000000
124.999119	__gene_C_rbs	74.000000	0.000000	0.000000
124.999119	__gene_D_rbs	70.000000	0.000000	0.000000
124.999119	__gene_E_rbs	66.000000	0.000000	0.000000
124.999119	__gene_F_rbs	44.000000	0.000000	0.000000
124.999119	__gene_G_rbs	18.000000	0.000000	0.000000
124.999119	__gene_H_rbs	7.000000	0.000000	0.000000
124.999119	__gene_J_rbs	61.000000	0.000000	0.000000
124.999119	__gene_K_rbs	76.000000	0.000000	0.000000
124.999119	__ribosome	0.000000	0.000000	0.000000
124.999119	bound_ecolipol	1875.000000	0.000000	0.000000
124.999119	bound_ribosome	100.000000	0.000000	0.000000
124.999119	ecoli_genome	125.000000	0.000000	0.000000
124.999119	ecoli_transcript	9508.000000	0.000000	0.000000
124.999119	ecolipol	32.000000	0.000000	0.000000
124.999119	gene_A	97.000000	91.000000	0.549451
124.999119	gene_A*	31.000000	79.000000	0.126582
124.999119	gene_B	81.000000	84.000000	0.059524
124.999119	gene_C	28.000000	74.000000	0.027027
124.999119	gene_D	40.000000	70.000000	0.057143
124.999119	gene_E	41.000000	66.000000	0.060606
124.999119	gene_F	8.000000	44.000000	0.250000
124.999119	gene_G	0.000000	19.000000	0.263158
124.999119	gene_H	0.000000	7.000000	0.000000
124.999119	gene_J	25.000000	61.000000	0.098361
124.999119	gene_K	51.000000	76.000000	0.039474
124.999119	promoter_A	0.000000	0.000000	0.000000
124.999119	promoter_B1	0.000000	0.000000	0.000000
124.999119	promoter_D	0.000000	0.000000	0.000000
129.999105	__gene_A*_rbs	82.000000	0.000000	0.000000
129.999105	__gene_A_rbs	95.000000	0.000000	0.000000
129.999105	__gene_B_rbs	85.000000	0.000000	0.000000
129.999105	__gene_C_rbs	76.000000	0.000000	0.000000
129.999105	__gene_D_rbs	73.000000	0.000000	0.000000
129.999105	__gene_E_rbs	70.000000	0.000000	0.000000
129.999105	__gene_F_rbs	46.000000	0.000000	0.000000
129.999105	__gene_G_rbs	20.000000	0.000000	0.000000
129.999105	__gene_H_rbs	9.000000	0.000000	0.000000
129.999105	__gene_J_rbs	64.000000	0.000000	0.000000
129.999105	__gene_K_rbs	77.000000	0.000000	0.000000
129.999105	__ribosome	0.000000	0.000000	0.000000
129.999105	bound_ecolipol	1866.000000	0.000000	0.000000
129.999105	bound_ribosome	100.000000	0.000000	0.000000
129.999105	ecoli_genome	134.000000	0.000000	0.000000
129.999105	ecoli_transcript	9902.000000	0.000000	0.000000
129.999105	ecolipol	41.000000	0.000000	0.000000
129.999105	gene_A	100.000000	95.000000	0.515789
129.999105	gene_A*	31.000000	82.000000	0.134146
129.999105	gene_B	82.000000	88.000000	0.102273
129.999105	gene_C	29.000000	78.000000	0.051282
129.999105	gene_D	41.000000	74.000000	0.040541
129.999105	gene_E	44.000000	70.000000	0.028571
129.999105	gene_F	9.000000	46.000000	0.217391
129.999105	gene_G	0.000000	20.000000	0.250000
129.999105	gene_H	0.000000	9.000000	0.000000
129.999105	gene_J	27.000000	64.000000	0.078125
129.999105	gene_K	53.000000	80.000000	0.025000
129.999105	promoter_A	0.000000	0.000000	0.000000
129.999105	promoter_B1	0.000000	0.000000	0.000000
129.999105	promoter_D	0.000000	0.000000	0.000000
134.999044	__gene_A*_rbs	82.000000	0.000000	0.000000
134.999044	__gene_A_rbs	99.000000	0.000000	0.000000
134.999044	__gene_B_rbs	88.000000	0.000000	0.000000
134.999044	__gene_C_rbs	80.000000	0.000000	0.000000
134.999044	__gene_D_rbs	74.000000	0.000000	0.000000
134.999044	__gene_E_rbs	74.000000	0.000000	0.000000
134.999044	__gene_F_rbs	48.000000	0.000000	0.000000
134.999044	__gene_G_rbs	24.000000	0.000000	0.000000
134.999044	__gene_H_rbs	10.000000	0.000000	0.000000
134.999044	__gene_J_rbs	66.000000	0.000000	0.000000
134.999044	__gene_K_rbs	81.000000	0.000000	0.000000
134.999044	__ribosome	0.000000	0.000000	0.000000
134.999044	bound_ecolipol	1873.000000	0.000000	0.000000
134.999044	bound_ribosome	100.000000	0.000000	0.000000
134.999044	ecoli_genome	127.000000	0.000000	0.000000
134.999044	ecoli_transcript	10280.000000	0.000000	0.000000
134.999044	ecolipol	34.000000	0.000000	0.000000
134.999044	gene_A	113.000000	99.000000	0.363636
134.999044	gene_A*	33.000000	86.000000	0.174419
134.999044	gene_B	83.000000	92.000000	0.184783
134.999044	gene_C	31.000000	81.000000	0.061728
134.999044	gene_D	43.000000	77.000000	0.051948
134.999044	gene_E	46.000000	74.000000	0.013514
134.999044	gene_F	12.000000	48.000000	0.145833
134.999044	gene_G	1.000000	24.000000	0.208333
134.999044	gene_H	0.000000	10.000000	0.100000
134.999044	gene_J	27.000000	67.000000	0.104478
134.999044	gene_K	55.000000	83.000000	0.024096
134.999044	promoter_A	0.000000	0.000000	0.000000
134.999044	promoter_B1	0.000000	0.000000	0.000000
134.999044	promoter_D	0.000000	0.000000	0.000000
139.999075	__gene_A*_rbs	89.000000	0.000000	0.000000
139.999075	__gene_A_rbs	101.000000	0.000000	0.000000
139.999075	__gene_B_rbs	94.000000	0.000000	0.000000
139.999075	__gene_C_rbs	85.000000	0.000000	0.000000
139.999075	__gene_D_rbs	81.000000	0.000000	0.000000
139.999075	__gene_E_rbs	77.000000	0.000000	0.000000
139.999075	__gene_F_rbs	50.000000	0.000000	0.000000
139.999075	__gene_G_rbs	26.000000	0.000000	0.000000
139.999075	__gene_H_rbs	13.000000	0.000000	0.000000
139.999075	__gene_J_rbs	71.000000	0.000000	0.000000
139.999075	__gene_K_rbs	86.000000	0.000000	0.000000
139.999075	__ribosome	0.000000	0.000000	0.000000
139.999075	bound_ecolipol	1880.000000	0.000000	0.000000
139.999075	bound_ribosome	100.000000	0.000000	0.000000
139.999075	ecoli_genome	120.000000	0.000000	0.000000
139.999075	ecoli_transcript	10650.000000	0.000000	0.000000
139.999075	ecolipol	26.000000	0.000000	0.000000
139.999075	gene_A	115.000000	102.000000	0.352941
139.999075	gene_A*	34.000000	90.000000	0.177778
139.999075	gene_B	88.000000	96.000000	0.125000
139.999075	gene_C	33.000000	85.000000	0.082353
139.999075	gene_D	44.000000	81.000000	0.049383
139.999075	gene_E	46.000000	77.000000	0.025974
139.999075	gene_F	14.000000	50.000000	0.100000
139.999075	gene_G	1.000000	26.000000	0.230769
139.999075	gene_H	0.000000	13.000000	0.076923
139.999075	gene_J	29.000000	71.000000	0.084507
139.999075	gene_K	57.000000	87.000000	0.057471
139.999075	promoter_A	0.000000	0.000000	0.000000
139.999075	promoter_B1	0.000000	0.000000	0.000000
139.999075	promoter_D	0.000000	0.000000	0.000000
144.999207	__gene_A*_rbs	92.000000	0.000000	0.000000
144.999207	__gene_A_rbs	106.000000	0.000000	0.000000
144.999207	__gene_B_rbs	98.000000	0.000000	0.000000
144.999207	__gene_C_rbs	88.000000	0.000000	0.000000
144.999207	__gene_D_rbs	83.000000	0.000000	0.000000
144.999207	__gene_E_rbs	80.000000	0.000000	0.000000
144.999207	__gene_F_rbs	53.000000	0.000000	0.000000
144.999207	__gene_G_rbs	27.000000	0.000000	0.000000
144.999207	__gene_H_rbs	12.000000	0.000000	0.000000
144.999207	__gene_J_rbs	75.000000	0.000000	0.000000
144.999207	__gene_K_rbs	91.000000	0.000000	0.000000
144.999207	__ribosome	0.000000	0.000000	0.000000
144.999207	bound_ecolipol	1863.000000	0.000000	0.000000
144.999207	bound_ribosome	100.000000	0.000000	0.000000
144.999207	ecoli_genome	137.000000	0.000000	0.000000
144.999207	ecoli_transcript	11030.000000	0.000000	0.000000
144.999207	ecolipol	44.000000	0.000000	0.000000
144.999207	gene_A	119.000000	106.000000	0.349057
144.999207	gene_A*	38.000000	93.000000	0.161290
144.999207	gene_B	94.000000	100.000000	0.080000
144.999207	gene_C	38.000000	89.000000	0.044944
144.999207	gene_D	44.000000	85.000000	0.094118
144.999207	gene_E	47.000000	81.000000	0.074074
144.999207	gene_F	15.000000	53.000000	0.094340
144.999207	gene_G	3.000000	27.000000	0.148148
144.999207	gene_H	0.000000	13.000000	0.153846
144.999207	gene_J	29.000000	75.000000	0.106667
144.999207	gene_K	61.000000	91.000000	0.032967
144.999207	promoter_A	0.000000	0.000000	0.000000
144.999207	promoter_B1	0.000000	0.000000	0.000000
144.999207	promoter_D	0.000000	0.000000	0.000000
149.999462	__gene_A*_rbs	97.000000	0.000000	0.000000
149.999462	__gene_A_rbs	110.000000	0.000000	0.000000
149.999462	__gene_B_rbs	102.000000	0.000000	0.000000
149.999462	__gene_C_rbs	91.000000	0.000000	0.000000
149.999462	__gene_D_rbs	89.000000	0.000000	0.000000
149.999462	__gene_E_rbs	84.000000	0.000000	0.000000
149.999462	__gene_F_rbs	55.000000	0.000000	0.000000
149.999462	__gene_G_rbs	28.000000	0.000000	0.000000
149.999462	__gene_H_rbs	13.000000	0.000000	0.000000
149.999462	__gene_J_rbs	77.000000	0.000000	0.000000
149.999462	__gene_K_rbs	93.000000	0.000000	0.000000
149.999462	__ribosome	0.000000	0.000000	0.000000
149.999462	bound_ecolipol	1867.000000	0.000000	0.000000
149.999462	bound_ribosome	100.000000	0.000000	0.000000
149.999462	ecoli_genome	133.000000	0.000000	0.000000
149.999462	ecoli_transcript	11386.000000	0.000000	0.000000
149.999462	ecolipol	43.000000	0.000000	0.000000
149.999462	gene_A	121.000000	110.000000	0.336364
149.999462	gene_A*	39.000000	97.000000	0.164948
149.999462	gene_B	100.000000	103.000000	0.029126
149.999462	gene_C	40.000000	92.000000	0.032609
149.999462	gene_D	46.000000	89.000000	0.101124
149.999462	gene_E	48.000000	84.000000	0.071429
149.999462	gene_F	15.000000	56.000000	0.142857
149.999462	gene_G	3.000000	29.000000	0.206897
149.999462	gene_H	0.000000	13.000000	0.153846
149.999462	gene_J	31.000000	78.000000	0.089744
149.999462	gene_K	64.000000	94.000000	0.031915
149.999462	promoter_A	0.000000	0.000000	0.000000
149.999462	promoter_B1	0.000000	0.000000	0.000000
149.999462	promoter_D	0.000000	0.000000	0.000000
154.999280	__gene_A*_rbs	101.000000	0.000000	0.000000
154.999280	__gene_A_rbs	112.000000	0.000000	0.000000
154.999280	__gene_B_rbs	106.000000	0.000000	0.000000
154.999280	__gene_C_rbs	94.000000	0.000000	0.000000
154.999280	__gene_D_rbs	91.000000	0.000000	0.000000
154.999280	__gene_E_rbs	88.000000	0.000000	0.000000
154.999280	__gene_F_rbs	59.000000	0.000000	0.000000
154.999280	__gene_G_rbs	31.000000	0.000000	0.000000
154.999280	__gene_H_rbs	16.000000	0.000000	0.000000
154.999280	__gene_J_rbs	82.000000	0.000000	0.000000
154.999280	__gene_K_rbs	98.000000	0.000000	0.000000
154.999280	__ribosome	0.000000	0.000000	0.000000
154.999280	bound_ecolipol	1872.000000	0.000000	0.000000
154.999280	bound_ribosome	100.000000	0.000000	0.000000
154.999280	ecoli_genome	128.000000	0.000000	0.000000
154.999280	ecoli_transcript	11761.000000	0.000000	0.000000
154.999280	ecolipol	36.000000	0.000000	0.000000
154.999280	gene_A	126.000000	113.000000	0.309735
154.999280	gene_A*	40.000000	101.000000	0.168317
154.999280	gene_B	101.000000	107.000000	0.056075
154.999280	gene_C	42.000000	96.000000	0.020833
154.999280	gene_D	48.000000	92.000000	0.086957
154.999280	gene_E	53.000000	88.000000	0.045455
154.999280	gene_F	16.000000	59.000000	0.152542
154.999280	gene_G	4.000000	31.000000	0.193548
154.999280	gene_H	0.000000	16.000000	0.125000
154.999280	gene_J	32.000000	82.000000	0.097561
154.999280	gene_K	66.000000	98.000000	0.030612
154.999280	promoter_A	0.000000	0.000000	0.000000
154.999280	promoter_B1	0.000000	0.000000	0.000000
154.999280	promoter_D	0.000000	0.000000	0.000000
159.999108	__gene_A*_rbs	103.000000	0.000000	0.000000
159.999108	__gene_A_rbs	117.000000	0.000000	0.000000
159.999108	__gene_B_rbs	110.000000	0.000000	0.000000
159.999108	__gene_C_rbs	100.000000	0.000000	0.000000
159.999108	__gene_D_rbs	95.000000	0.000000	0.000000
159.999108	__gene_E_rbs	90.000000	0.000000	0.000000
159.999108	__gene_F_rbs	62.000000	0.000000	0.000000
159.999108	__gene_G_rbs	33.000000	0.000000	0.000000
159.999108	__gene_H_rbs	16.000000	0.000000	0.000000
159.999108	__gene_J_rbs	84.000000	0.000000	0.000000
159.999108	__gene_K_rbs	101.000000	0.000000	0.000000
159.999108	__ribosome	0.000000	0.000000	0.000000
159.999108	bound_ecolipol	1875.000000	0.000000	0.000000
159.999108	bound_ribosome	100.000000	0.000000	0.000000
159.999108	ecoli_genome	125.000000	0.000000	0.000000
159.999108	ecoli_transcript	12138.000000	0.000000	0.000000
159.999108	ecolipol	33.000000	0.000000	0.000000
159.999108	gene_A	131.000000	117.000000	0.273504
159.999108	gene_A*	42.000000	104.000000	0.182692
159.999108	gene_B	103.000000	110.000000	0.045455
159.999108	gene_C	43.000000	100.000000	0.030000
159.999108	gene_D	53.000000	96.000000	0.062500
159.999108	gene_E	54.000000	91.000000	0.065934
159.999108	gene_F	16.000000	62.000000	0.177419
159.999108	gene_G	5.000000	33.000000	0.151515
159.999108	gene_H	0.000000	16.000000	0.125000
159.999108	gene_J	34.000000	85.000000	0.094118
159.999108	gene_K	68.000000	102.000000	0.029412
159.999108	promoter_A	0.000000	0.000000	0.000000
159.999108	promoter_B1	0.000000	0.000000	0.000000
159.999108	promoter_D	0.000000	0.000000	0.000000
164.999010	__gene_A*_rbs	107.000000	0.000000	0.000000
164.999010	__gene_A_rbs	121.000000	0.000000	0.000000
164.999010	__gene_B_rbs	113.000000	0.000000	0.000000
164.999010	__gene_C_rbs	102.000000	0.000000	0.000000
164.999010	__gene_D_rbs	98.000000	0.000000	0.000000
164.999010	__gene_E_rbs	94.000000	0.000000	0.000000
164.999010	__gene_F_rbs	63.000000	0.000000	0.000000
164.999010	__gene_G_rbs	36.000000	0.000000	0.000000
164.999010	__gene_H_rbs	19.000000	0.000000	0.000000
164.999010	__gene_J_rbs	89.000000	0.000000	0.000000
164.999010	__gene_K_rbs	104.000000	0.000000	0.000000
164.999010	__ribosome	0.000000	0.000000	0.000000
164.999010	bound_ecolipol	1866.000000	0.000000	0.000000
164.999010	bound_ribosome	100.000000	0.000000	0.000000
164.999010	ecoli_genome	134.000000	0.000000	0.000000
164.999010	ecoli_transcript	12485.000000	0.000000	0.000000
164.999010	ecolipol	42.000000	0.000000	0.000000
164.999010	gene_A	134.000000	121.000000	0.256198
164.999010	gene_A*	44.000000	108.000000	0.166667
164.999010	gene_B	105.000000	114.000000	0.043860
164.999010	gene_C	46.000000	104.000000	0.009615
164.999010	gene_D	54.000000	99.000000	0.090909
164.999010	gene_E	58.000000	95.000000	0.052632
164.999010	gene_F	17.000000	63.000000	0.158730
164.999010	gene_G	5.000000	36.000000	0.194444
164.999010	gene_H	0.000000	19.000000	0.157895
164.999010	gene_J	35.000000	89.000000	0.089888
164.999010	gene_K	71.000000	106.000000	0.028302
164.999010	promoter_A	0.000000	0.000000	0.000000
164.999010	promoter_B1	0.000000	0.000000	0.000000
164.999010	promoter_D	0.000000	0.000000	0.000000
169.999063	__gene_A*_rbs	111.000000	0.000000	0.000000
169.999063	__gene_A_rbs	123.000000	0.000000	0.000000
169.999063	__gene_B_rbs	117.000000	0.000000	0.000000
169.999063	__gene_C_rbs	107.000000	0.000000	0.000000
169.999063	__gene_D_rbs	102.000000	0.000000	0.000000
169.999063	__gene_E_rbs	98.000000	0.000000	0.000000
169.999063	__gene_F_rbs	66.000000	0.000000	0.000000
169.999063	__gene_G_rbs	39.000000	0.000000	0.000000
169.999063	__gene_H_rbs	21.000000	0.000000	0.000000
169.999063	__gene_J_rbs	91.000000	0.000000	0.000000
169.999063	__gene_K_rbs	109.000000	0.000000	0.000000
169.999063	__ribosome	0.000000	0.000000	0.000000
169.999063	bound_ecolipol	1870.000000	0.000000	0.000000
169.999063	bound_ribosome	100.000000	0.000000	0.000000
169.999063	ecoli_genome	130.000000	0.000000	0.000000
169.999063	ecoli_transcript	12828.000000	0.000000	0.000000
169.999063	ecolipol	38.000000	0.000000	0.000000
169.999063	gene_A	142.000000	124.000000	0.209677
169.999063	gene_A*	48.000000	112.000000	0.133929
169.999063	gene_B	107.000000	118.000000	0.050847
169.999063	gene_C	46.000000	108.000000	0.037037
169.999063	gene_D	56.000000	103.000000	0.087379
169.999063	gene_E	59.000000	99.000000	0.090909
169.999063	gene_F	19.000000	66.000000	0.151515
169.999063	gene_G	6.000000	39.000000	0.153846
169.999063	gene_H	0.000000	21.000000	0.142857
169.999063	gene_J	36.000000	92.000000	0.086957
169.999063	gene_K	73.000000	110.000000	0.036364
169.999063	promoter_A	0.000000	0.000000	0.000000
169.999063	promoter_B1	0.000000	0.000000	0.000000
169.999063	promoter_D	0.000000	0.000000	0.000000
174.999321	__gene_A*_rbs	115.000000	0.000000	0.000000
174.999321	__gene_A_rbs	127.000000	0.000000	0.000000
174.999321	__gene_B_rbs	121.000000	0.000000	0.000000
174.999321	__gene_C_rbs	108.000000	0.000000	0.000000
174.999321	__gene_D_rbs	106.000000	0.000000	0.000000
174.999321	__gene_E_rbs	102.000000	0.000000	0.000000
174.999321	__gene_F_rbs	67.000000	0.000000	0.000000
174.999321	__gene_G_rbs	40.000000	0.000000	0.000000
174.999321	__gene_H_rbs	22.000000	0.000000	0.000000
174.999321	__gene_J_rbs	96.000000	0.000000	0.000000
174.999321	__gene_K_rbs	111.000000	0.000000	0.000000
174.999321	__ribosome	0.000000	0.000000	0.000000
174.999321	bound_ecolipol	1872.000000	0.000000	0.000000
174.999321	bound_ribosome	100.000000	0.000000	0.000000
174.999321	ecoli_genome	128.000000	0.000000	0.000000
174.999321	ecoli_transcript	13198.000000	0.000000	0.000000
174.999321	ecolipol	35.000000	0.000000	0.000000
174.999321	gene_A	145.000000	128.000000	0.203125
174.999321	gene_A*	49.000000	116.000000	0.146552
174.999321	gene_B	109.000000	121.000000	0.049587
174.999321	gene_C	48.000000	111.000000	0.036036
174.999321	gene_D	58.000000	107.000000	0.065421
174.999321	gene_E	64.000000	102.000000	0.049020
174.999321	gene_F	19.000000	67.000000	0.164179
174.999321	gene_G	6.000000	40.000000	0.150000
174.999321	gene_H	0.000000	23.000000	0.173913
174.999321	gene_J	38.000000	96.000000	0.093750
174.999321	gene_K	76.000000	113.000000	0.044248
174.999321	promoter_A	0.000000	0.000000	0.000000
174.999321	promoter_B1	0.000000	0.000000	0.000000
174.999321	promoter_D	0.000000	0.000000	0.000000
179.999497	__gene_A*_rbs	119.000000	0.000000	0.000000
179.999497	__gene_A_rbs	132.000000	0.000000	0.000000
179.999497	__gene_B_rbs	123.000000	0.000000	0.000000
179.999497	__gene_C_rbs	113.000000	0.000000	0.000000
179.999497	__gene_D_rbs	110.000000	0.000000	0.000000
179.999497	__gene_E_rbs	106.000000	0.000000	0.000000
179.999497	__gene_F_rbs	69.000000	0.000000	0.000000
179.999497	__gene_G_rbs	42.000000	0.000000	0.000000
179.999497	__gene_H_rbs	25.000000	0.000000	0.000000
179.999497	__gene_J_rbs	99.000000	0.000000	0.000000
179.999497	__gene_K_rbs	115.000000	0.000000	0.000000
179.999497	__ribosome	0.000000	0.000000	0.000000
179.999497	bound_ecolipol	1871.000000	0.000000	0.000000
179.999497	bound_ribosome	100.000000	0.000000	0.000000
179.999497	ecoli_genome	129.000000	0.000000	0.000000
179.999497	ecoli_transcript	13588.000000	0.000000	0.000000
179.999497	ecolipol	38.000000	0.000000	0.000000
179.999497	gene_A	149.000000	132.000000	0.181818
179.999497	gene_A*	53.000000	120.000000	0.133333
179.999497	gene_B	112.000000	124.000000	0.040323
179.999497	gene_C	51.000000	115.000000	0.043478
179.999497	gene_D	62.000000	110.000000	0.072727
179.999497	gene_E	68.000000	106.000000	0.047170
179.999497	gene_F	19.000000	69.000000	0.188406
179.999497	gene_G	6.000000	43.000000	0.186047
179.999497	gene_H	0.000000	25.000000	0.160000
179.999497	gene_J	40.000000	99.000000	0.080808
179.999497	gene_K	80.000000	116.000000	0.034483
179.999497	promoter_A	0.000000	0.000000	0.000000
179.999497	promoter_B1	0.000000	0.000000	0.000000
179.999497	promoter_D	0.000000	0.000000	0.000000
184.999567	__gene_A*_rbs	123.000000	0.000000	0.000000
184.999567	__gene_A_rbs	135.000000	0.000000	0.000000
184.999567	__gene_B_rbs	126.000000	0.000000	0.000000
184.999567	__gene_C_rbs	118.000000	0.000000	0.000000
184.999567	__gene_D_rbs	113.000000	0.000000	0.000000
184.999567	__gene_E_rbs	109.000000	0.000000	0.000000
184.999567	__gene_F_rbs	71.000000	0.000000	0.000000
184.999567	__gene_G_rbs	44.000000	0.000000	0.000000
184.999567	__gene_H_rbs	27.000000	0.000000	0.000000
184.999567	__gene_J_rbs	101.000000	0.000000	0.000000
184.999567	__gene_K_rbs	119.000000	0.000000	0.000000
184.999567	__ribosome	0.000000	0.000000	0.000000
184.999567	bound_ecolipol	1873.000000	0.000000	0.000000
184.999567	bound_ribosome	100.000000	0.000000	0.000000
184.999567	ecoli_genome	127.000000	0.000000	0.000000
184.999567	ecoli_transcript	13958.000000	0.000000	0.000000
184.999567	ecolipol	36.000000	0.000000	0.000000
184.999567	gene_A	149.000000	136.000000	0.213235
184.999567	gene_A*	55.000000	124.000000	0.129032
184.999567	gene_B	115.000000	127.000000	0.031496
184.999567	gene_C	54.000000	119.000000	0.016807
184.999567	gene_D	64.000000	114.000000	0.070175
184.999567	gene_E	70.000000	110.000000	0.036364
184.999567	gene_F	19.000000	71.000000	0.183099
184.999567	gene_G	8.000000	44.000000	0.159091
184.999567	gene_H	0.000000	27.000000	0.148148
184.999567	gene_J	40.000000	103.000000	0.106796
184.999567	gene_K	84.000000	120.000000	0.016667
184.999567	promoter_A	0.000000	0.000000	0.000000
184.999567	promoter_B1	0.000000	0.000000	0.000000
184.999567	promoter_D	0.000000	0.000000	0.000000
189.999256	__gene_A*_rbs	126.000000	0.000000	0.000000
189.999256	__gene_A_rbs	139.000000	0.000000	0.000000
189.999256	__gene_B_rbs	130.000000	0.000000	0.000000
189.999256	__gene_C_rbs	122.000000	0.000000	0.000000
189.999256	__gene_D_rbs	118.000000	0.000000	0.000000
189.999256	__gene_E_rbs	111.000000	0.000000	0.000000
189.999256	__gene_F_rbs	75.000000	0.000000	0.000000
189.999256	__gene_G_rbs	47.000000	0.000000	0.000000
189.999256	__gene_H_rbs	28.000000	0.000000	0.000000
189.999256	__gene_J_rbs	107.000000	0.000000	0.000000
189.999256	__gene_K_rbs	123.000000	0.000000	0.000000
189.999256	__ribosome	0.000000	0.000000	0.000000
189.999256	bound_ecolipol	1867.000000	0.000000	0.000000
189.999256	bound_ribosome	100.000000	0.000000	0.000000
189.999256	ecoli_genome	133.000000	0.000000	0.000000
189.999256	ecoli_transcript	14347.000000	0.000000	0.000000
189.999256	ecolipol	41.000000	0.000000	0.000000
189.999256	gene_A	150.000000	139.000000	0.223022
189.999256	gene_A*	58.000000	127.000000	0.125984
189.999256	gene_B	117.000000	131.000000	0.022901
189.999256	gene_C	56.000000	122.000000	0.049180
189.999256	gene_D	65.000000	118.000000	0.067797
189.999256	gene_E	73.000000	113.000000	0.044248
189.999256	gene_F	22.000000	75.000000	0.133333
189.999256	gene_G	8.000000	47.000000	0.148936
189.999256	gene_H	0.000000	28.000000	0.142857
189.999256	gene_J	44.000000	107.000000	0.084112
189.999256	gene_K	86.000000	124.000000	0.008065
189.999256	promoter_A	0.000000	0.000000	0.000000
189.999256	promoter_B1	0.000000	0.000000	0.000000
189.999256	promoter_D	0.000000	0.000000	0.000000
194.999073	__gene_A*_rbs	131.000000	0.000000	0.000000
194.999073	__gene_A_rbs	143.000000	0.000000	0.000000
194.999073	__gene_B_rbs	134.000000	0.000000	0.000000
194.999073	__gene_C_rbs	125.000000	0.000000	0.000000
194.999073	__gene_D_rbs	121.000000	0.000000	0.000000
194.999073	__gene_E_rbs	115.000000	0.000000	0.000000
194.999073	__gene_F_rbs	76.000000	0.000000	0.000000
194.999073	__gene_G_rbs	49.000000	0.000000	0.000000
194.999073	__gene_H_rbs	29.000000	0.000000	0.000000
194.999073	__gene_J_rbs	110.000000	0.000000	0.000000
194.999073	__gene_K_rbs	125.000000	0.000000	0.000000
194.999073	__ribosome	0.000000	0.000000	0.000000
194.999073	bound_ecolipol	1877.000000	0.000000	0.000000
194.999073	bound_ribosome	100.000000	0.000000	0.000000
194.999073	ecoli_genome	123.000000	0.000000	0.000000
194.999073	ecoli_transcript	14727.000000	0.000000	0.000000
194.999073	ecolipol	33.000000	0.000000	0.000000
194.999073	gene_A	154.000000	143.000000	0.195804
194.999073	gene_A*	61.000000	131.000000	0.099237
194.999073	gene_B	118.000000	135.000000	0.044444
194.999073	gene_C	56.000000	126.000000	0.063492
194.999073	gene_D	70.000000	122.000000	0.032787
194.999073	gene_E	75.000000	117.000000	0.059829
194.999073	gene_F	24.000000	76.000000	0.131579
194.999073	gene_G	8.000000	49.000000	0.142857
194.999073	gene_H	0.000000	29.000000	0.206897
194.999073	gene_J	45.000000	110.000000	0.081818
194.999073	gene_K	87.000000	127.000000	0.015748
194.999073	promoter_A	0.000000	0.000000	0.000000
194.999073	promoter_B1	0.000000	0.000000	0.000000
194.999073	promoter_D	0.000000	0.000000	0.000000
199.999305	__gene_A*_rbs	134.000000	0.000000	0.000000
199.999305	__gene_A_rbs	146.000000	0.000000	0.000000
199.999305	__gene_B_rbs	139.000000	0.000000	0.000000
199.999305	__gene_C_rbs	126.000000	0.000000	0.000000
199.999305	__gene_D_rbs	124.000000	0.000000	0.000000
199.999305	__gene_E_rbs	120.000000	0.000000	0.000000
199.999305	__gene_F_rbs	79.000000	0.000000	0.000000
199.999305	__gene_G_rbs	50.000000	0.000000	0.000000
199.999305	__gene_H_rbs	29.000000	0.000000	0.000000
199.999305	__gene_J_rbs	113.000000	0.000000	0.000000
199.999305	__gene_K_rbs	130.000000	0.000000	0.000000
199.999305	__ribosome	0.000000	0.000000	0.000000
199.999305	bound_ecolipol	1866.000000	0.000000	0.000000
199.999305	bound_ribosome	100.000000	0.000000	0.000000
199.999305	ecoli_genome	134.000000	0.000000	0.000000
199.999305	ecoli_transcript	15141.000000	0.000000	0.000000
199.999305	ecolipol	47.000000	0.000000	0.000000
199.999305	gene_A	158.000000	147.000000	0.204082
199.999305	gene_A*	62.000000	134.000000	0.104478
199.999305	gene_B	120.000000	139.000000	0.050360
199.999305	gene_C	62.000000	128.000000	0.031250
199.999305	gene_D	71.000000	125.000000	0.040000
199.999305	gene_E	78.000000	121.000000	0.057851
199.999305	gene_F	26.000000	79.000000	0.113924
199.999305	gene_G	9.000000	50.000000	0.140000
199.999305	gene_H	0.000000	29.000000	0.206897
199.999305	gene_J	46.000000	114.000000	0.087719
199.999305	gene_K	89.000000	130.000000	0.007692
199.999305	promoter_A	0.000000	0.000000	0.000000
199.999305	promoter_B1	0.000000	0.000000	0.000000
199.999305	promoter_D	0.000000	0.000000	0.000000
204.999395	__gene_A*_rbs	138.000000	0.000000	0.000000
204.999395	__gene_A_rbs	150.000000	0.000000	0.000000
204.999395	__gene_B_rbs	142.000000	0.000000	0.000000
204.999395	__gene_C_rbs	131.000000	0.000000	0.000000
204.999395	__gene_D_rbs	128.000000	0.000000	0.000000
204.999395	__gene_E_rbs	122.000000	0.000000	0.000000
204.999395	__gene_F_rbs	82.000000	0.000000	0.000000
204.999395	__gene_G_rbs	52.000000	0.000000	0.000000
204.999395	__gene_H_rbs	30.000000	0.000000	0.000000
204.999395	__gene_J_rbs	118.000000	0.000000	0.000000
204.999395	__gene_K_rbs	132.000000	0.000000	0.000000
204.999395	__ribosome	0.000000	0.000000	0.000000
204.999395	bound_ecolipol	1877.000000	0.000000	0.000000
204.999395	bound_ribosome	100.000000	0.000000	0.000000
204.999395	ecoli_genome	123.000000	0.000000	0.000000
204.999395	ecoli_transcript	15499.000000	0.000000	0.000000
204.999395	ecolipol	35.000000	0.000000	0.000000
204.999395	gene_A	159.000000	150.000000	0.206667
204.999395	gene_A*	64.000000	138.000000	0.086957
204.999395	gene_B	122.000000	143.000000	0.048951
204.999395	gene_C	64.000000	132.000000	0.022727
204.999395	gene_D	73.000000	129.000000	0.054264
204.999395	gene_E	82.000000	124.000000	0.048387
204.999395	gene_F	27.000000	82.000000	0.097561
204.999395	gene_G	10.000000	52.000000	0.115385
204.999395	gene_H	0.000000	30.000000	0.200000
204.999395	gene_J	48.000000	118.000000	0.110169
204.999395	gene_K	90.000000	134.000000	0.007463
204.999395	promoter_A	0.000000	0.000000	0.000000
204.999395	promoter_B1	0.000000	0.000000	0.000000
204.999395	promoter_D	0.000000	0.000000	0.000000
209.999099	__gene_A*_rbs	142.000000	0.000000	0.000000
209.999099	__gene_A_rbs	154.000000	0.000000	0.000000
209.999099	__gene_B_rbs	146.000000	0.000000	0.000000
209.999099	__gene_C_rbs	136.000000	0.000000	0.000000
209.999099	__gene_D_rbs	132.000000	0.000000	0.000000
209.999099	__gene_E_rbs	127.000000	0.000000	0.000000
209.999099	__gene_F_rbs	86.000000	0.000000	0.000000
209.999099	__gene_G_rbs	53.000000	0.000000	0.000000
209.999099	__gene_H_rbs	32.000000	0.000000	0.000000
209.999099	__gene_J_rbs	121.000000	0.000000	0.000000
209.999099	__gene_K_rbs	137.000000	0.000000	0.000000
209.999099	__ribosome	0.000000	0.000000	0.000000
209.999099	bound_ecolipol	1879.000000	0.000000	0.000000
209.999099	bound_ribosome	100.000000	0.000000	0.000000
209.999099	ecoli_genome	121.000000	0.000000	0.000000
209.999099	ecoli_transcript	15889.000000	0.000000	0.000000
209.999099	ecolipol	32.000000	0.000000	0.000000
209.999099	gene_A	163.000000	154.000000	0.194805
209.999099	gene_A*	67.000000	142.000000	0.070423
209.999099	gene_B	126.000000	146.000000	0.041096
209.999099	gene_C	66.000000	136.000000	0.036765
209.999099	gene_D	74.000000	132.000000	0.060606
209.999099	gene_E	85.000000	128.000000	0.031250
209.999099	gene_F	27.000000	86.000000	0.104651
209.999099	gene_G	10.000000	53.000000	0.132075
209.999099	gene_H	0.000000	32.000000	0.187500
209.999099	gene_J	49.000000	121.000000	0.115702
209.999099	gene_K	91.000000	137.000000	0.007299
209.999099	promoter_A	0.000000	0.000000	0.000000
209.999099	promoter_B1	0.000000	0.000000	0.000000
209.999099	promoter_D	0.000000	0.000000	0.000000
214.999007	__gene_A*_rbs	144.000000	0.000000	0.000000
214.999007	__gene_A_rbs	158.000000	0.000000	0.000000
214.999007	__gene_B_rbs	149.000000	0.000000	0.000000
214.999007	__gene_C_rbs	138.000000	0.000000	0.000000
214.999007	__gene_D_rbs	136.000000	0.000000	0.000000
214.999007	__gene_E_rbs	130.000000	0.000000	0.000000
214.999007	__gene_F_rbs	89.000000	0.000000	0.000000
214.999007	__gene_G_rbs	55.000000	0.000000	0.000000
214.999007	__gene_H_rbs	33.000000	0.000000	0.000000
214.999007	__gene_J_rbs	124.000000	0.000000	0.000000
214.999007	__gene_K_rbs	141.000000	0.000000	0.000000
214.999007	__ribosome	0.000000	0.000000	0.000000
214.999007	bound_ecolipol	1867.000000	0.000000	0.000000
214.999007	bound_ribosome	100.000000	0.000000	0.000000
214.999007	ecoli_genome	133.000000	0.000000	0.000000
214.999007	ecoli_transcript	16304.000000	0.000000	0.000000
214.999007	ecolipol	44.000000	0.000000	0.000000
214.999007	gene_A	164.000000	158.000000	0.215190
214.999007	gene_A*	69.000000	145.000000	0.068966
214.999007	gene_B	127.000000	150.000000	0.040000
214.999007	gene_C	68.000000	139.000000	0.035971
214.999007	gene_D	75.000000	136.000000	0.058824
214.999007	gene_E	88.000000	131.000000	0.015267
214.999007	gene_F	29.000000	89.000000	0.078652
214.999007	gene_G	10.000000	55.000000	0.127273
214.999007	gene_H	0.000000	33.000000	0.181818
214.999007	gene_J	51.000000	125.000000	0.112000
214.999007	gene_K	91.000000	141.000000	0.007092
214.999007	promoter_A	0.000000	0.000000	0.000000
214.999007	promoter_B1	0.000000	0.000000	0.000000
214.999007	promoter_D	0.000000	0.000000	0.000000
219.999040	__gene_A*_rbs	149.000000	0.000000	0.000000
219.999040	__gene_A_rbs	159.000000	0.000000	0.000000
219.999040	__gene_B_rbs	153.000000	0.000000	0.000000
219.999040	__gene_C_rbs	142.000000	0.000000	0.000000
219.999040	__gene_D_rbs	138.000000	0.000000	0.000000
219.999040	__gene_E_rbs	134.000000	0.000000	0.000000
219.999040	__gene_F_rbs	92.000000	0.000000	0.000000
219.999040	__gene_G_rbs	57.000000	0.000000	0.000000
219.999040	__gene_H_rbs	34.000000	0.000000	0.000000
219.999040	__gene_J_rbs	129.000000	0.000000	0.000000
219.999040	__gene_K_rbs	145.000000	0.000000	0.000000
219.999040	__ribosome	0.000000	0.000000	0.000000
219.999040	bound_ecolipol	1872.000000	0.000000	0.000000
219.999040	bound_ribosome	100.000000	0.000000	0.000000
219.999040	ecoli_genome	128.000000	0.000000	0.000000
219.999040	ecoli_transcript	16692.000000	0.000000	0.000000
219.999040	ecolipol	39.000000	0.000000	0.000000
219.999040	gene_A	168.000000	161.000000	0.217391
219.999040	gene_A*	71.000000	149.000000	0.073826
219.999040	gene_B	130.000000	154.000000	0.032468
219.999040	gene_C	72.000000	143.000000	0.020979
219.999040	gene_D	80.000000	139.000000	0.035971
219.999040	gene_E	89.000000	135.000000	0.029630
219.999040	gene_F	32.000000	92.000000	0.065217
219.999040	gene_G	11.000000	57.000000	0.122807
219.999040	gene_H	0.000000	34.000000	0.176471
219.999040	gene_J	51.000000	129.000000	0.116279
219.999040	gene_K	92.000000	145.000000	0.020690
219.999040	promoter_A	0.000000	0.000000	0.000000
219.999040	promoter_B1	0.000000	0.000000	0.000000
219.999040	promoter_D	0.000000	0.000000	0.000000
224.999039	__gene_A*_rbs	152.000000	0.000000	0.000000
224.999039	__gene_A_rbs	165.000000	0.000000	0.000000
224.999039	__gene_B_rbs	158.000000	0.000000	0.000000
224.999039	__gene_C_rbs	145.000000	0.000000	0.000000
224.999039	__gene_D_rbs	142.000000	0.000000	0.000000
224.999039	__gene_E_rbs	139.000000	0.000000	0.000000
224.999039	__gene_F_rbs	94.000000	0.000000	0.000000
224.999039	__gene_G_rbs	58.000000	0.000000	0.000000
224.999039	__gene_H_rbs	34.000000	0.000000	0.000000
224.999039	__gene_J_rbs	131.000000	0.000000	0.000000
224.999039	__gene_K_rbs	148.000000	0.000000	0.000000
224.999039	__ribosome	0.000000	0.000000	0.000000
224.999039	bound_ecolipol	1875.000000	0.000000	0.000000
224.999039	bound_ribosome	100.000000	0.000000	0.000000
224.999039	ecoli_genome	125.000000	0.000000	0.000000
224.999039	ecoli_transcript	17049.000000	0.000000	0.000000
224.999039	ecolipol	35.000000	0.000000	0.000000
224.999039	gene_A	170.000000	165.000000	0.206061
224.999039	gene_A*	74.000000	152.000000	0.059211
224.999039	gene_B	132.000000	158.000000	0.025316
224.999039	gene_C	74.000000	147.000000	0.020408
224.999039	gene_D	82.000000	142.000000	0.028169
224.999039	gene_E	91.000000	139.000000	0.028777
224.999039	gene_F	32.000000	94.000000	0.085106
224.999039	gene_G	11.000000	58.000000	0.155172
224.999039	gene_H	0.000000	34.000000	0.176471
224.999039	gene_J	52.000000	133.000000	0.135338
224.999039	gene_K	95.000000	149.000000	0.006711
224.999039	promoter_A	0.000000	0.000000	0.000000
224.999039	promoter_B1	0.000000	0.000000	0.000000
224.999039	promoter_D	0.000000	0.000000	0.000000
229.999108	__gene_A*_rbs	155.000000	0.000000	0.000000
229.999108	__gene_A_rbs	169.000000	0.000000	0.000000
229.999108	__gene_B_rbs	161.000000	0.000000	0.000000
229.999108	__gene_C_rbs	149.000000	0.000000	0.000000
229.999108	__gene_D_rbs	146.000000	0.000000	0.000000
229.999108	__gene_E_rbs	142.000000	0.000000	0.000000
229.999108	__gene_F_rbs	95.000000	0.000000	0.000000
229.999108	__gene_G_rbs	61.000000	0.000000	0.000000
229.999108	__gene_H_rbs	35.000000	0.000000	0.000000
229.999108	__gene_J_rbs	136.000000	0.000000	0.000000
229.999108	__gene_K_rbs	152.000000	0.000000	0.000000
229.999108	__ribosome	0.000000	0.000000	0.000000
229.999108	bound_ecolipol	1882.000000	0.000000	0.000000
229.999108	bound_ribosome	100.000000	0.000000	0.000000
229.999108	ecoli_genome	118.000000	0.000000	0.000000
229.999108	ecoli_transcript	17401.000000	0.000000	0.000000
229.999108	ecolipol	29.000000	0.000000	0.000000
229.999108	gene_A	172.000000	169.000000	0.195266
229.999108	gene_A*	74.000000	156.000000	0.076923
229.999108	gene_B	134.000000	161.000000	0.018634
229.999108	gene_C	75.000000	150.000000	0.013333
229.999108	gene_D	83.000000	146.000000	0.020548
229.999108	gene_E	93.000000	142.000000	0.028169
229.999108	gene_F	32.000000	95.000000	0.084211
229.999108	gene_G	11.000000	61.000000	0.147541
229.999108	gene_H	0.000000	35.000000	0.200000
229.999108	gene_J	54.000000	136.000000	0.125000
229.999108	gene_K	95.000000	153.000000	0.013072
229.999108	promoter_A	0.000000	0.000000	0.000000
229.999108	promoter_B1	0.000000	0.000000	0.000000
229.999108	promoter_D	0.000000	0.000000	0.000000
234.999021	__gene_A*_rbs	159.000000	0.000000	0.000000
234.999021	__gene_A_rbs	173.000000	0.000000	0.000000
234.999021	__gene_B_rbs	163.000000	0.000000	0.000000
234.999021	__gene_C_rbs	153.000000	0.000000	0.000000
234.999021	__gene_D_rbs	149.000000	0.000000	0.000000
234.999021	__gene_E_rbs	146.000000	0.000000	0.000000
234.999021	__gene_F_rbs	97.000000	0.000000	0.000000
234.999021	__gene_G_rbs	63.000000	0.000000	0.000000
234.999021	__gene_H_rbs	36.000000	0.000000	0.000000
234.999021	__gene_J_rbs	139.000000	0.000000	0.000000
234.999021	__gene_K_rbs	154.000000	0.000000	0.000000
234.999021	__ribosome	0.000000	0.000000	0.000000
234.999021	bound_ecolipol	1870.000000	0.000000	0.000000
234.999021	bound_ribosome	100.000000	0.000000	0.000000
234.999021	ecoli_genome	130.000000	0.000000	0.000000
234.999021	ecoli_transcript	17801.000000	0.000000	0.000000
234.999021	ecolipol	41.000000	0.000000	0.000000
234.999021	gene_A	176.000000	173.000000	0.184971
234.999021	gene_A*	76.000000	159.000000	0.075472
234.999021	gene_B	136.000000	165.000000	0.018182
234.999021	gene_C	77.000000	154.000000	0.019481
234.999021	gene_D	85.000000	150.000000	0.020000
234.999021	gene_E	96.000000	146.000000	0.013699
234.999021	gene_F	33.000000	97.000000	0.072165
234.999021	gene_G	11.000000	63.000000	0.142857
234.999021	gene_H	0.000000	36.000000	0.222222
234.999021	gene_J	56.000000	140.000000	0.128571
234.999021	gene_K	97.000000	156.000000	0.019231
234.999021	promoter_A	0.000000	0.000000	0.000000
234.999021	promoter_B1	0.000000	0.000000	0.000000
234.999021	promoter_D	0.000000	0.000000	0.000000
239.999397	__gene_A*_rbs	163.000000	0.000000	0.000000
239.999397	__gene_A_rbs	177.000000	0.000000	0.000000
239.999397	__gene_B_rbs	168.000000	0.000000	0.000000
239.999397	__gene_C_rbs	157.000000	0.000000	0.000000
239.999397	__gene_D_rbs	152.000000	0.000000	0.000000
239.999397	__gene_E_rbs	149.000000	0.000000	0.000000
239.999397	__gene_F_rbs	99.000000	0.000000	0.000000
239.999397	__gene_G_rbs	66.000000	0.000000	0.000000
239.999397	__gene_H_rbs	37.000000	0.000000	0.000000
239.999397	__gene_J_rbs	143.000000	0.000000	0.000000
239.999397	__gene_K_rbs	160.000000	0.000000	0.000000
239.999397	__ribosome	0.000000	0.000000	0.000000
239.999397	bound_ecolipol	1880.000000	0.000000	0.000000
239.999397	bound_ribosome	100.000000	0.000000	0.000000
239.999397	ecoli_genome	120.000000	0.000000	0.000000
239.999397	ecoli_transcript	18131.000000	0.000000	0.000000
239.999397	ecolipol	30.000000	0.000000	0.000000
239.999397	gene_A	180.000000	177.000000	0.163842
239.999397	gene_A*	76.000000	163.000000	0.073620
239.999397	gene_B	136.000000	169.000000	0.017751
239.999397	gene_C	77.000000	158.000000	0.018987
239.999397	gene_D	86.000000	153.000000	0.039216
239.999397	gene_E	97.000000	149.000000	0.006711
239.999397	gene_F	34.000000	99.000000	0.070707
239.999397	gene_G	11.000000	66.000000	0.136364
239.999397	gene_H	0.000000	37.000000	0.216216
239.999397	gene_J	58.000000	143.000000	0.118881
239.999397	gene_K	98.000000	160.000000	0.031250
239.999397	promoter_A	0.000000	0.000000	0.000000
239.999397	promoter_B1	0.000000	0.000000	0.000000
239.999397	promoter_D	0.000000	0.000000	0.000000
244.999056	__gene_A*_rbs	167.000000	0.000000	0.000000
244.999056	__gene_A_rbs	180.000000	0.000000	0.000000
244.999056	__gene_B_rbs	172.000000	0.000000	0.000000
244.999056	__gene_C_rbs	160.000000	0.000000	0.000000
244.999056	__gene_D_rbs	157.000000	0.000000	0.000000
244.999056	__gene_E_rbs	153.000000	0.000000	0.000000
244.999056	__gene_F_rbs	103.000000	0.000000	0.000000
244.999056	__gene_G_rbs	69.000000	0.000000	0.000000
244.999056	__gene_H_rbs	39.000000	0.000000	0.000000
244.999056	__gene_J_rbs	147.000000	0.000000	0.000000
244.999056	__gene_K_rbs	162.000000	0.000000	0.000000
244.999056	__ribosome	0.000000	0.000000	0.000000
244.999056	bound_ecolipol	1868.000000	0.000000	0.000000
244.999056	bound_ribosome	100.000000	0.000000	0.000000
244.999056	ecoli_genome	132.000000	0.000000	0.000000
244.999056	ecoli_transcript	18483.000000	0.000000	0.000000
244.999056	ecolipol	41.000000	0.000000	0.000000
244.999056	gene_A	182.000000	180.000000	0.172222
244.999056	gene_A*	77.000000	167.000000	0.071856
244.999056	gene_B	139.000000	173.000000	0.005780
244.999056	gene_C	80.000000	161.000000	0.024845
244.999056	gene_D	86.000000	157.000000	0.044586
244.999056	gene_E	98.000000	153.000000	0.000000
244.999056	gene_F	35.000000	103.000000	0.067961
244.999056	gene_G	13.000000	69.000000	0.115942
244.999056	gene_H	0.000000	39.000000	0.205128
244.999056	gene_J	58.000000	147.000000	0.122449
244.999056	gene_K	103.000000	163.000000	0.024540
244.999056	promoter_A	0.000000	0.000000	0.000000
244.999056	promoter_B1	0.000000	0.000000	0.000000
244.999056	promoter_D	0.000000	0.000000	0.000000
249.999133	__gene_A*_rbs	171.000000	0.000000	0.000000
249.999133	__gene_A_rbs	183.000000	0.000000	0.000000
249.999133	__gene_B_rbs	175.000000	0.000000	0.000000
249.999133	__gene_C_rbs	165.000000	0.000000	0.000000
249.999133	__gene_D_rbs	160.000000	0.000000	0.000000
249.999133	__gene_E_rbs	157.000000	0.000000	0.000000
249.999133	__gene_F_rbs	105.000000	0.000000	0.000000
249.999133	__gene_G_rbs	70.000000	0.000000	0.000000
249.999133	__gene_H_rbs	41.000000	0.000000	0.000000
249.999133	__gene_J_rbs	150.000000	0.000000	0.000000
249.999133	__gene_K_rbs	167.000000	0.000000	0.000000
249.999133	__ribosome	0.000000	0.000000	0.000000
249.999133	bound_ecolipol	1872.000000	0.000000	0.000000
249.999133	bound_ribosome	100.000000	0.000000	0.000000
249.999133	ecoli_genome	128.000000	0.000000	0.000000
249.999133	ecoli_transcript	18874.000000	0.000000	0.000000
249.999133	ecolipol	34.000000	0.000000	0.000000
249.999133	gene_A	187.000000	183.000000	0.147541
249.999133	gene_A*	79.000000	171.000000	0.058480
249.999133	gene_B	139.000000	176.000000	0.011364
249.999133	gene_C	80.000000	165.000000	0.030303
249.999133	gene_D	88.000000	160.000000	0.037500
249.999133	gene_E	98.000000	157.000000	0.019108
249.999133	gene_F	35.000000	106.000000	0.075472
249.999133	gene_G	13.000000	71.000000	0.154930
249.999133	gene_H	0.000000	41.000000	0.195122
249.999133	gene_J	59.000000	150.000000	0.113333
249.999133	gene_K	107.000000	167.000000	0.017964
249.999133	promoter_A	0.000000	0.000000	0.000000
249.999133	promoter_B1	0.000000	0.000000	0.000000
249.999133	promoter_D	0.000000	0.000000	0.000000
254.999074	__gene_A*_rbs	174.000000	0.000000	0.000000
254.999074	__gene_A_rbs	187.000000	0.000000	0.000000
254.999074	__gene_B_rbs	179.000000	0.000000	0.000000
254.999074	__gene_C_rbs	169.000000	0.000000	0.000000
254.999074	__gene_D_rbs	164.000000	0.000000	0.000000
254.999074	__gene_E_rbs	159.000000	0.000000	0.000000
254.999074	__gene_F_rbs	109.000000	0.000000	0.000000
254.999074	__gene_G_rbs	74.000000	0.000000	0.000000
254.999074	__gene_H_rbs	44.000000	0.000000	0.000000
254.999074	__gene_J_rbs	153.000000	0.000000	0.000000
254.999074	__gene_K_rbs	169.000000	0.000000	0.000000
254.999074	__ribosome	0.000000	0.000000	0.000000
254.999074	bound_ecolipol	1874.000000	0.000000	0.000000
254.999074	bound_ribosome	100.000000	0.000000	0.000000
254.999074	ecoli_genome	126.000000	0.000000	0.000000
254.999074	ecoli_transcript	19257.000000	0.000000	0.000000
254.999074	ecolipol	30.000000	0.000000	0.000000
254.999074	gene_A	188.000000	187.000000	0.144385
254.999074	gene_A*	82.000000	174.000000	0.068966
254.999074	gene_B	139.000000	180.000000	0.016667
254.999074	gene_C	84.000000	169.000000	0.005917
254.999074	gene_D	91.000000	164.000000	0.024390
254.999074	gene_E	98.000000	160.000000	0.025000
254.999074	gene_F	36.000000	109.000000	0.073394
254.999074	gene_G	13.000000	74.000000	0.162162
254.999074	gene_H	0.000000	44.000000	0.204545
254.999074	gene_J	59.000000	154.000000	0.116883
254.999074	gene_K	109.000000	171.000000	0.011696
254.999074	promoter_A	0.000000	0.000000	0.000000
254.999074	promoter_B1	0.000000	0.000000	0.000000
254.999074	promoter_D	0.000000	0.000000	0.000000
259.999283	__gene_A*_rbs	178.000000	0.000000	0.000000
259.999283	__gene_A_rbs	191.000000	0.000000	0.000000
259.999283	__gene_B_rbs	184.000000	0.000000	0.000000
259.999283	__gene_C_rbs	170.000000	0.000000	0.000000
259.999283	__gene_D_rbs	169.000000	0.000000	0.000000
259.999283	__gene_E_rbs	163.000000	0.000000	0.000000
259.999283	__gene_F_rbs	113.000000	0.000000	0.000000
259.999283	__gene_G_rbs	77.000000	0.000000	0.000000
259.999283	__gene_H_rbs	45.000000	0.000000	0.000000
259.999283	__gene_J_rbs	158.000000	0.000000	0.000000
259.999283	__gene_K_rbs	174.000000	0.000000	0.000000
259.999283	__ribosome	0.000000	0.000000	0.000000
259.999283	bound_ecolipol	1867.000000	0.000000	0.000000
259.999283	bound_ribosome	100.000000	0.000000	0.000000
259.999283	ecoli_genome	133.000000	0.000000	0.000000
259.999283	ecoli_transcript	19669.000000	0.000000	0.000000
259.999283	ecolipol	35.000000	0.000000	0.000000
259.999283	gene_A	192.000000	191.000000	0.120419
259.999283	gene_A*	84.000000	178.000000	0.061798
259.999283	gene_B	140.000000	184.000000	0.016304
259.999283	gene_C	85.000000	173.000000	0.017341
259.999283	gene_D	93.000000	169.000000	0.029586
259.999283	gene_E	101.000000	164.000000	0.024390
259.999283	gene_F	37.000000	113.000000	0.061947
259.999283	gene_G	14.000000	77.000000	0.181818
259.999283	gene_H	0.000000	45.000000	0.200000
259.999283	gene_J	60.000000	158.000000	0.120253
259.999283	gene_K	111.000000	175.000000	0.011429
259.999283	promoter_A	0.000000	0.000000	0.000000
259.999283	promoter_B1	0.000000	0.000000	0.000000
259.999283	promoter_D	0.000000	0.000000	0.000000
264.999046	__gene_A*_rbs	181.000000	0.000000	0.000000
264.999046	__gene_A_rbs	195.000000	0.000000	0.000000
264.999046	__gene_B_rbs	184.000000	0.000000	0.000000
264.999046	__gene_C_rbs	171.000000	0.000000	0.000000
264.999046	__gene_D_rbs	172.000000	0.000000	0.000000
264.999046	__gene_E_rbs	168.000000	0.000000	0.000000
264.999046	__gene_F_rbs	116.000000	0.000000	0.000000
264.999046	__gene_G_rbs	79.000000	0.000000	0.000000
264.999046	__gene_H_rbs	46.000000	0.000000	0.000000
264.999046	__gene_J_rbs	162.000000	0.000000	0.000000
264.999046	__gene_K_rbs	176.000000	0.000000	0.000000
264.999046	__ribosome	0.000000	0.000000	0.000000
264.999046	bound_ecolipol	1858.000000	0.000000	0.000000
264.999046	bound_ribosome	100.000000	0.000000	0.000000
264.999046	ecoli_genome	142.000000	0.000000	0.000000
264.999046	ecoli_transcript	20069.000000	0.000000	0.000000
264.999046	ecolipol	42.000000	0.000000	0.000000
264.999046	gene_A	196.000000	195.000000	0.097436
264.999046	gene_A*	86.000000	181.000000	0.055249
264.999046	gene_B	141.000000	186.000000	0.021505
264.999046	gene_C	86.000000	177.000000	0.016949
264.999046	gene_D	93.000000	172.000000	0.040698
264.999046	gene_E	103.000000	168.000000	0.011905
264.999046	gene_F	38.000000	116.000000	0.060345
264.999046	gene_G	14.000000	79.000000	0.189873
264.999046	gene_H	0.000000	46.000000	0.195652
264.999046	gene_J	62.000000	162.000000	0.117284
264.999046	gene_K	113.000000	178.000000	0.028090
264.999046	promoter_A	0.000000	0.000000	0.000000
264.999046	promoter_B1	0.000000	0.000000	0.000000
264.999046	promoter_D	0.000000	0.000000	0.000000
269.999112	__gene_A*_rbs	184.000000	0.000000	0.000000
269.999112	__gene_A_rbs	198.000000	0.000000	0.000000
269.999112	__gene_B_rbs	189.000000	0.000000	0.000000
269.999112	__gene_C_rbs	180.000000	0.000000	0.000000
269.999112	__gene_D_rbs	175.000000	0.000000	0.000000
269.999112	__gene_E_rbs	170.000000	0.000000	0.000000
269.999112	__gene_F_rbs	118.000000	0.000000	0.000000
269.999112	__gene_G_rbs	81.000000	0.000000	0.000000
269.999112	__gene_H_rbs	49.000000	0.000000	0.000000
269.999112	__gene_J_rbs	165.000000	0.000000	0.000000
269.999112	__gene_K_rbs	180.000000	0.000000	0.000000
269.999112	__ribosome	0.000000	0.000000	0.000000
269.999112	bound_ecolipol	1855.000000	0.000000	0.000000
269.999112	bound_ribosome	100.000000	0.000000	0.000000
269.999112	ecoli_genome	145.000000	0.000000	0.000000
269.999112	ecoli_transcript	20433.000000	0.000000	0.000000
269.999112	ecolipol	44.000000	0.000000	0.000000
269.999112	gene_A	200.000000	198.000000	0.090909
269.999112	gene_A*	88.000000	185.000000	0.059459
269.999112	gene_B	143.000000	191.000000	0.015707
269.999112	gene_C	88.000000	180.000000	0.022222
269.999112	gene_D	95.000000	176.000000	0.034091
269.999112	gene_E	105.000000	172.000000	0.023256
269.999112	gene_F	40.000000	118.000000	0.042373
269.999112	gene_G	17.000000	81.000000	0.148148
269.999112	gene_H	0.000000	49.000000	0.204082
269.999112	gene_J	66.000000	165.000000	0.133333
269.999112	gene_K	118.000000	182.000000	0.027473
269.999112	promoter_A	0.000000	0.000000	0.000000
269.999112	promoter_B1	0.000000	0.000000	0.000000
269.999112	promoter_D	0.000000	0.000000	0.000000
274.999084	__gene_A*_rbs	189.000000	0.000000	0.000000
274.999084	__gene_A_rbs	202.000000	0.000000	0.000000
274.999084	__gene_B_rbs	192.000000	0.000000	0.000000
274.999084	__gene_C_rbs	184.000000	0.000000	0.000000
274.999084	__gene_D_rbs	177.000000	0.000000	0.000000
274.999084	__gene_E_rbs	176.000000	0.000000	0.000000
274.999084	__gene_F_rbs	121.000000	0.000000	0.000000
274.999084	__gene_G_rbs	82.000000	0.000000	0.000000
274.999084	__gene_H_rbs	50.000000	0.000000	0.000000
274.999084	__gene_J_rbs	169.000000	0.000000	0.000000
274.999084	__gene_K_rbs	186.000000	0.000000	0.000000
274.999084	__ribosome	0.000000	0.000000	0.000000
274.999084	bound_ecolipol	1851.000000	0.000000	0.000000
274.999084	bound_ribosome	100.000000	0.000000	0.000000
274.999084	ecoli_genome	149.000000	0.000000	0.000000
274.999084	ecoli_transcript	20825.000000	0.000000	0.000000
274.999084	ecolipol	50.000000	0.000000	0.000000
274.999084	gene_A	204.000000	202.000000	0.089109
274.999084	gene_A*	88.000000	189.000000	0.058201
274.999084	gene_B	144.000000	194.000000	0.030928
274.999084	gene_C	89.000000	184.000000	0.016304
274.999084	gene_D	98.000000	179.000000	0.039106
274.999084	gene_E	106.000000	176.000000	0.028409
274.999084	gene_F	40.000000	121.000000	0.041322
274.999084	gene_G	17.000000	82.000000	0.146341
274.999084	gene_H	0.000000	52.000000	0.230769
274.999084	gene_J	71.000000	169.000000	0.112426
274.999084	gene_K	122.000000	186.000000	0.010753
274.999084	promoter_A	0.000000	0.000000	0.000000
274.999084	promoter_B1	0.000000	0.000000	0.000000
274.999084	promoter_D	0.000000	0.000000	0.000000
279.999144	__gene_A*_rbs	193.000000	0.000000	0.000000
279.999144	__gene_A_rbs	205.000000	0.000000	0.000000
279.999144	__gene_B_rbs	198.000000	0.000000	0.000000
279.999144	__gene_C_rbs	186.000000	0.000000	0.000000
279.999144	__gene_D_rbs	183.000000	0.000000	0.000000
279.999144	__gene_E_rbs	179.000000	0.000000	0.000000
279.999144	__gene_F_rbs	124.000000	0.000000	0.000000
279.999144	__gene_G_rbs	84.000000	0.000000	0.000000
279.999144	__gene_H_rbs	54.000000	0.000000	0.000000
279.999144	__gene_J_rbs	173.000000	0.000000	0.000000
279.999144	__gene_K_rbs	189.000000	0.000000	0.000000
279.999144	__ribosome	0.000000	0.000000	0.000000
279.999144	bound_ecolipol	1873.000000	0.000000	0.000000
279.999144	bound_ribosome	100.000000	0.000000	0.000000
279.999144	ecoli_genome	127.000000	0.000000	0.000000
279.999144	ecoli_transcript	21192.000000	0.000000	0.000000
279.999144	ecolipol	28.000000	0.000000	0.000000
279.999144	gene_A	205.000000	205.000000	0.097561
279.999144	gene_A*	89.000000	193.000000	0.051813
279.999144	gene_B	146.000000	198.000000	0.045455
279.999144	gene_C	92.000000	188.000000	0.010638
279.999144	gene_D	100.000000	183.000000	0.043716
279.999144	gene_E	109.000000	179.000000	0.011173
279.999144	gene_F	40.000000	124.000000	0.040323
279.999144	gene_G	18.000000	84.000000	0.130952
279.999144	gene_H	0.000000	54.000000	0.240741
279.999144	gene_J	73.000000	173.000000	0.109827
279.999144	gene_K	124.000000	189.000000	0.005291
279.999144	promoter_A	0.000000	0.000000	0.000000
279.999144	promoter_B1	0.000000	0.000000	0.000000
279.999144	promoter_D	0.000000	0.000000	0.000000
284.999005	__gene_A*_rbs	195.000000	0.000000	0.000000
284.999005	__gene_A_rbs	209.000000	0.000000	0.000000
284.999005	__gene_B_rbs	201.000000	0.000000	0.000000
284.999005	__gene_C_rbs	190.000000	0.000000	0.000000
284.999005	__gene_D_rbs	187.000000	0.000000	0.000000
284.999005	__gene_E_rbs	182.000000	0.000000	0.000000
284.999005	__gene_F_rbs	126.000000	0.000000	0.000000
284.999005	__gene_G_rbs	87.000000	0.000000	0.000000
284.999005	__gene_H_rbs	56.000000	0.000000	0.000000
284.999005	__gene_J_rbs	177.000000	0.000000	0.000000
284.999005	__gene_K_rbs	192.000000	0.000000	0.000000
284.999005	__ribosome	0.000000	0.000000	0.000000
284.999005	bound_ecolipol	1869.000000	0.000000	0.000000
284.999005	bound_ribosome	100.000000	0.000000	0.000000
284.999005	ecoli_genome	131.000000	0.000000	0.000000
284.999005	ecoli_transcript	21555.000000	0.000000	0.000000
284.999005	ecolipol	32.000000	0.000000	0.000000
284.999005	gene_A	207.000000	209.000000	0.100478
284.999005	gene_A*	89.000000	197.000000	0.050761
284.999005	gene_B	149.000000	201.000000	0.029851
284.999005	gene_C	92.000000	191.000000	0.015707
284.999005	gene_D	100.000000	187.000000	0.058824
284.999005	gene_E	111.000000	183.000000	0.000000
284.999005	gene_F	42.000000	126.000000	0.023810
284.999005	gene_G	18.000000	87.000000	0.126437
284.999005	gene_H	0.000000	56.000000	0.232143
284.999005	gene_J	73.000000	177.000000	0.112994
284.999005	gene_K	125.000000	193.000000	0.010363
284.999005	promoter_A	0.000000	0.000000	0.000000
284.999005	promoter_B1	0.000000	0.000000	0.000000
284.999005	promoter_D	0.000000	0.000000	0.000000
289.999109	__gene_A*_rbs	199.000000	0.000000	0.000000
289.999109	__gene_A_rbs	212.000000	0.000000	0.000000
289.999109	__gene_B_rbs	204.000000	0.000000	0.000000
289.999109	__gene_C_rbs	194.000000	0.000000	0.000000
289.999109	__gene_D_rbs	191.000000	0.000000	0.000000
289.999109	__gene_E_rbs	187.000000	0.000000	0.000000
289.999109	__gene_F_rbs	128.000000	0.000000	0.000000
289.999109	__gene_G_rbs	88.000000	0.000000	0.000000
289.999109	__gene_H_rbs	57.000000	0.000000	0.000000
289.999109	__gene_J_rbs	180.000000	0.000000	0.000000
289.999109	__gene_K_rbs	194.000000	0.000000	0.000000
289.999109	__ribosome	0.000000	0.000000	0.000000
289.999109	bound_ecolipol	1854.000000	0.000000	0.000000
289.999109	bound_ribosome	100.000000	0.000000	0.000000
289.999109	ecoli_genome	146.000000	0.000000	0.000000
289.999109	ecoli_transcript	21915.000000	0.000000	0.000000
289.999109	ecolipol	49.000000	0.000000	0.000000
289.999109	gene_A	209.000000	212.000000	0.108491
289.999109	gene_A*	95.000000	200.000000	0.030000
289.999109	gene_B	152.000000	205.000000	0.019512
289.999109	gene_C	94.000000	195.000000	0.015385
289.999109	gene_D	105.000000	191.000000	0.052356
289.999109	gene_E	111.000000	187.000000	0.000000
289.999109	gene_F	42.000000	128.000000	0.046875
289.999109	gene_G	18.000000	88.000000	0.125000
289.999109	gene_H	0.000000	57.000000	0.228070
289.999109	gene_J	75.000000	180.000000	0.116667
289.999109	gene_K	126.000000	197.000000	0.015228
289.999109	promoter_A	0.000000	0.000000	0.000000
289.999109	promoter_B1	0.000000	0.000000	0.000000
289.999109	promoter_D	0.000000	0.000000	0.000000
294.999056	__gene_A*_rbs	202.000000	0.000000	0.000000
294.999056	__gene_A_rbs	217.000000	0.000000	0.000000
294.999056	__gene_B_rbs	208.000000	0.000000	0.000000
294.999056	__gene_C_rbs	198.000000	0.000000	0.000000
294.999056	__gene_D_rbs	195.000000	0.000000	0.000000
294.999056	__gene_E_rbs	189.000000	0.000000	0.000000
294.999056	__gene_F_rbs	131.000000	0.000000	0.000000
294.999056	__gene_G_rbs	92.000000	0.000000	0.000000
294.999056	__gene_H_rbs	58.000000	0.000000	0.000000
294.999056	__gene_J_rbs	184.000000	0.000000	0.000000
294.999056	__gene_K_rbs	200.000000	0.000000	0.000000
294.999056	__ribosome	0.000000	0.000000	0.000000
294.999056	bound_ecolipol	1868.000000	0.000000	0.000000
294.999056	bound_ribosome	100.000000	0.000000	0.000000
294.999056	ecoli_genome	132.000000	0.000000	0.000000
294.999056	ecoli_transcript	22312.000000	0.000000	0.000000
294.999056	ecolipol	34.000000	0.000000	0.000000
294.999056	gene_A	212.000000	217.000000	0.092166
294.999056	gene_A*	96.000000	203.000000	0.029557
294.999056	gene_B	155.000000	208.000000	0.009615
294.999056	gene_C	96.000000	199.000000	0.015075
294.999056	gene_D	108.000000	195.000000	0.046154
294.999056	gene_E	111.000000	190.000000	0.010526
294.999056	gene_F	43.000000	131.000000	0.068702
294.999056	gene_G	18.000000	92.000000	0.130435
294.999056	gene_H	0.000000	58.000000	0.224138
294.999056	gene_J	76.000000	184.000000	0.119565
294.999056	gene_K	127.000000	201.000000	0.009950
294.999056	promoter_A	0.000000	0.000000	0.000000
294.999056	promoter_B1	0.000000	0.000000	0.000000
294.999056	promoter_D	0.000000	0.000000	0.000000
299.999735	__gene_A*_rbs	207.000000	0.000000	0.000000
299.999735	__gene_A_rbs	220.000000	0.000000	0.000000
299.999735	__gene_B_rbs	212.000000	0.000000	0.000000
299.999735	__gene_C_rbs	203.000000	0.000000	0.000000
299.999735	__gene_D_rbs	198.000000	0.000000	0.000000
299.999735	__gene_E_rbs	194.000000	0.000000	0.000000
299.999735	__gene_F_rbs	133.000000	0.000000	0.000000
299.999735	__gene_G_rbs	95.000000	0.000000	0.000000
299.999735	__gene_H_rbs	62.000000	0.000000	0.000000
299.999735	__gene_J_rbs	188.000000	0.000000	0.000000
299.999735	__gene_K_rbs	204.000000	0.000000	0.000000
299.999735	__ribosome	0.000000	0.000000	0.000000
299.999735	bound_ecolipol	1864.000000	0.000000	0.000000
299.999735	bound_ribosome	100.000000	0.000000	0.000000
299.999735	ecoli_genome	136.000000	0.000000	0.000000
299.999735	ecoli_transcript	22675.000000	0.000000	0.000000
299.999735	ecolipol	39.000000	0.000000	0.000000
299.999735	gene_A	213.000000	220.000000	0.086364
299.999735	gene_A*	97.000000	207.000000	0.028986
299.999735	gene_B	155.000000	212.000000	0.028302
299.999735	gene_C	97.000000	203.000000	0.014778
299.999735	gene_D	111.000000	198.000000	0.035354
299.999735	gene_E	111.000000	194.000000	0.010309
299.999735	gene_F	44.000000	133.000000	0.067669
299.999735	gene_G	18.000000	95.000000	0.126316
299.999735	gene_H	0.000000	62.000000	0.209677
299.999735	gene_J	77.000000	188.000000	0.111702
299.999735	gene_K	129.000000	205.000000	0.009756
299.999735	promoter_A	0.000000	0.000000	0.000000
299.999735	promoter_B1	0.000000	0.000000	0.000000
299.999735	promoter_D	0.000000	0.000000	0.000000
304.999237	__gene_A*_rbs	210.000000	0.000000	0.000000
304.999237	__gene_A_rbs	224.000000	0.000000	0.000000
304.999237	__gene_B_rbs	215.000000	0.000000	0.000000
304.999237	__gene_C_rbs	207.000000	0.000000	0.000000
304.999237	__gene_D_rbs	202.000000	0.000000	0.000000
304.999237	__gene_E_rbs	198.000000	0.000000	0.000000
304.999237	__gene_F_rbs	135.000000	0.000000	0.000000
304.999237	__gene_G_rbs	96.000000	0.000000	0.000000
304.999237	__gene_H_rbs	63.000000	0.000000	0.000000
304.999237	__gene_J_rbs	190.000000	0.000000	0.000000
304.999237	__gene_K_rbs	208.000000	0.000000	0.000000
304.999237	__ribosome	0.000000	0.000000	0.000000
304.999237	bound_ecolipol	1864.000000	0.000000	0.000000
304.999237	bound_ribosome	100.000000	0.000000	0.000000
304.999237	ecoli_genome	136.000000	0.000000	0.000000
304.999237	ecoli_transcript	23032.000000	0.000000	0.000000
304.999237	ecolipol	41.000000	0.000000	0.000000
304.999237	gene_A	215.000000	224.000000	0.084821
304.999237	gene_A*	99.000000	211.000000	0.023697
304.999237	gene_B	157.000000	216.000000	0.037037
304.999237	gene_C	99.000000	207.000000	0.014493
304.999237	gene_D	115.000000	202.000000	0.019802
304.999237	gene_E	113.000000	198.000000	0.000000
304.999237	gene_F	44.000000	135.000000	0.074074
304.999237	gene_G	18.000000	96.000000	0.125000
304.999237	gene_H	0.000000	63.000000	0.222222
304.999237	gene_J	77.000000	191.000000	0.125654
304.999237	gene_K	131.000000	208.000000	0.004808
304.999237	promoter_A	0.000000	0.000000	0.000000
304.999237	promoter_B1	0.000000	0.000000	0.000000
304.999237	promoter_D	0.000000	0.000000	0.000000
309.999011	__gene_A*_rbs	215.000000	0.000000	0.000000
309.999011	__gene_A_rbs	228.000000	0.000000	0.000000
309.999011	__gene_B_rbs	220.000000	0.000000	0.000000
309.999011	__gene_C_rbs	210.000000	0.000000	0.000000
309.999011	__gene_D_rbs	206.000000	0.000000	0.000000
309.999011	__gene_E_rbs	200.000000	0.000000	0.000000
309.999011	__gene_F_rbs	138.000000	0.000000	0.000000
309.999011	__gene_G_rbs	97.000000	0.000000	0.000000
309.999011	__gene_H_rbs	66.000000	0.000000	0.000000
309.999011	__gene_J_rbs	195.000000	0.000000	0.000000
309.999011	__gene_K_rbs	212.000000	0.000000	0.000000
309.999011	__ribosome	0.000000	0.000000	0.000000
309.999011	bound_ecolipol	1873.000000	0.000000	0.000000
309.999011	bound_ribosome	100.000000	0.000000	0.000000
309.999011	ecoli_genome	127.000000	0.000000	0.000000
309.999011	ecoli_transcript	23421.000000	0.000000	0.000000
309.999011	ecolipol	32.000000	0.000000	0.000000
309.999011	gene_A	215.000000	228.000000	0.087719
309.999011	gene_A*	99.000000	215.000000	0.023256
309.999011	gene_B	161.000000	220.000000	0.022727
309.999011	gene_C	101.000000	210.000000	0.009524
309.999011	gene_D	117.000000	206.000000	0.009709
309.999011	gene_E	113.000000	201.000000	0.009950
309.999011	gene_F	45.000000	138.000000	0.086957
309.999011	gene_G	18.000000	97.000000	0.123711
309.999011	gene_H	0.000000	66.000000	0.227273
309.999011	gene_J	78.000000	195.000000	0.128205
309.999011	gene_K	132.000000	212.000000	0.000000
309.999011	promoter_A	0.000000	0.000000	0.000000
309.999011	promoter_B1	0.000000	0.000000	0.000000
309.999011	promoter_D	0.000000	0.000000	0.000000
314.999015	__gene_A*_rbs	219.000000	0.000000	0.000000
314.999015	__gene_A_rbs	232.000000	0.000000	0.000000
314.999015	__gene_B_rbs	223.000000	0.000000	0.000000
314.999015	__gene_C_rbs	213.000000	0.000000	0.000000
314.999015	__gene_D_rbs	209.000000	0.000000	0.000000
314.999015	__gene_E_rbs	205.000000	0.000000	0.000000
314.999015	__gene_F_rbs	140.000000	0.000000	0.000000
314.999015	__gene_G_rbs	100.000000	0.000000	0.000000
314.999015	__gene_H_rbs	68.000000	0.000000	0.000000
314.999015	__gene_J_rbs	199.000000	0.000000	0.000000
314.999015	__gene_K_rbs	215.000000	0.000000	0.000000
314.999015	__ribosome	0.000000	0.000000	0.000000
314.999015	bound_ecolipol	1864.000000	0.000000	0.000000
314.999015	bound_ribosome	100.000000	0.000000	0.000000
314.999015	ecoli_genome	136.000000	0.000000	0.000000
314.999015	ecoli_transcript	23848.000000	0.000000	0.000000
314.999015	ecolipol	41.000000	0.000000	0.000000
314.999015	gene_A	215.000000	232.000000	0.094828
314.999015	gene_A*	99.000000	219.000000	0.027397
314.999015	gene_B	164.000000	223.000000	0.013453
314.999015	gene_C	103.000000	213.000000	0.004695
314.999015	gene_D	118.000000	209.000000	0.009569
314.999015	gene_E	113.000000	205.000000	0.009756
314.999015	gene_F	45.000000	140.000000	0.085714
314.999015	gene_G	19.000000	100.000000	0.110000
314.999015	gene_H	0.000000	68.000000	0.220588
314.999015	gene_J	80.000000	199.000000	0.120603
314.999015	gene_K	132.000000	215.000000	0.009302
314.999015	promoter_A	0.000000	0.000000	0.000000
314.999015	promoter_B1	0.000000	0.000000	0.000000
314.999015	promoter_D	0.000000	0.000000	0.000000
319.999117	__gene_A*_rbs	221.000000	0.000000	0.000000
319.999117	__gene_A_rbs	234.000000	0.000000	0.000000
319.999117	__gene_B_rbs	227.000000	0.000000	0.000000
319.999117	__gene_C_rbs	217.000000	0.000000	0.000000
319.999117	__gene_D_rbs	213.000000	0.000000	0.000000
319.999117	__gene_E_rbs	208.000000	0.000000	0.000000
319.999117	__gene_F_rbs	143.000000	0.000000	0.000000
319.999117	__gene_G_rbs	101.000000	0.000000	0.000000
319.999117	__gene_H_rbs	69.000000	0.000000	0.000000
319.999117	__gene_J_rbs	202.000000	0.000000	0.000000
319.999117	__gene_K_rbs	217.000000	0.000000	0.000000
319.999117	__ribosome	1.000000	0.000000	0.000000
319.999117	bound_ecolipol	1866.000000	0.000000	0.000000
319.999117	bound_ribosome	100.000000	0.000000	0.000000
319.999117	ecoli_genome	134.000000	0.000000	0.000000
319.999117	ecoli_transcript	24249.000000	0.000000	0.000000
319.999117	ecolipol	38.000000	0.000000	0.000000
319.999117	gene_A	217.000000	235.000000	0.089362
319.999117	gene_A*	100.000000	222.000000	0.022523
319.999117	gene_B	166.000000	227.000000	0.008811
319.999117	gene_C	104.000000	217.000000	0.004608
319.999117	gene_D	119.000000	213.000000	0.009390
319.999117	gene_E	115.000000	209.000000	0.014354
319.999117	gene_F	45.000000	143.000000	0.090909
319.999117	gene_G	19.000000	102.000000	0.117647
319.999117	gene_H	0.000000	70.000000	0.228571
319.999117	gene_J	81.000000	202.000000	0.118812
319.999117	gene_K	134.000000	218.000000	0.000000
319.999117	promoter_A	0.000000	0.000000	0.000000
319.999117	promoter_B1	0.000000	0.000000	0.000000
319.999117	promoter_D	0.000000	0.000000	0.000000
324.999062	__gene_A*_rbs	225.000000	0.000000	0.000000
324.999062	__gene_A_rbs	239.000000	0.000000	0.000000
324.999062	__gene_B_rbs	231.000000	0.000000	0.000000
324.999062	__gene_C_rbs	217.000000	0.000000	0.000000
324.999062	__gene_D_rbs	217.000000	0.000000	0.000000
324.999062	__gene_E_rbs	213.000000	0.000000	0.000000
324.999062	__gene_F_rbs	146.000000	0.000000	0.000000
324.999062	__gene_G_rbs	106.000000	0.000000	0.000000
324.999062	__gene_H_rbs	70.000000	0.000000	0.000000
324.999062	__gene_J_rbs	205.000000	0.000000	0.000000
324.999062	__gene_K_rbs	221.000000	0.000000	0.000000
324.999062	__ribosome	0.000000	0.000000	0.000000
324.999062	bound_ecolipol	1860.000000	0.000000	0.000000
324.999062	bound_ribosome	100.000000	0.000000	0.000000
324.999062	ecoli_genome	140.000000	0.000000	0.000000
324.999062	ecoli_transcript	24614.000000	0.000000	0.000000
324.999062	ecolipol	46.000000	0.000000	0.000000
324.999062	gene_A	221.000000	239.000000	0.071130
324.999062	gene_A*	100.000000	226.000000	0.026549
324.999062	gene_B	166.000000	231.000000	0.012987
324.999062	gene_C	104.000000	220.000000	0.009091
324.999062	gene_D	119.000000	217.000000	0.009217
324.999062	gene_E	115.000000	213.000000	0.014085
324.999062	gene_F	45.000000	146.000000	0.089041
324.999062	gene_G	19.000000	106.000000	0.122642
324.999062	gene_H	0.000000	70.000000	0.228571
324.999062	gene_J	82.000000	206.000000	0.116505
324.999062	gene_K	134.000000	222.000000	0.004505
324.999062	promoter_A	0.000000	0.000000	0.000000
324.999062	promoter_B1	0.000000	0.000000	0.000000
324.999062	promoter_D	0.000000	0.000000	0.000000
329.999006	__gene_A*_rbs	228.000000	0.000000	0.000000
329.999006	__gene_A_rbs	242.000000	0.000000	0.000000
329.999006	__gene_B_rbs	234.000000	0.000000	0.000000
329.999006	__gene_C_rbs	222.000000	0.000000	0.000000
329.999006	__gene_D_rbs	220.000000	0.000000	0.000000
329.999006	__gene_E_rbs	216.000000	0.000000	0.000000
329.999006	__gene_F_rbs	149.000000	0.000000	0.000000
329.999006	__gene_G_rbs	108.000000	0.000000	0.000000
329.999006	__gene_H_rbs	71.000000	0.000000	0.000000
329.999006	__gene_J_rbs	210.000000	0.000000	0.000000
329.999006	__gene_K_rbs	226.000000	0.000000	0.000000
329.999006	__ribosome	0.000000	0.000000	0.000000
329.999006	bound_ecolipol	1872.000000	0.000000	0.000000
329.999006	bound_ribosome	100.000000	0.000000	0.000000
329.999006	ecoli_genome	128.000000	0.000000	0.000000
329.999006	ecoli_transcript	24997.000000	0.000000	0.000000
329.999006	ecolipol	33.000000	0.000000	0.000000
329.999006	gene_A	225.000000	242.000000	0.066116
329.999006	gene_A*	103.000000	229.000000	0.021834
329.999006	gene_B	168.000000	234.000000	0.012821
329.999006	gene_C	105.000000	223.000000	0.013453
329.999006	gene_D	120.000000	220.000000	0.004545
329.999006	gene_E	118.000000	216.000000	0.000000
329.999006	gene_F	46.000000	149.000000	0.080537
329.999006	gene_G	19.000000	108.000000	0.129630
329.999006	gene_H	0.000000	71.000000	0.239437
329.999006	gene_J	83.000000	210.000000	0.123810
329.999006	gene_K	135.000000	226.000000	0.013274
329.999006	promoter_A	0.000000	0.000000	0.000000
329.999006	promoter_B1	0.000000	0.000000	0.000000
329.999006	promoter_D	0.000000	0.000000	0.000000
334.999060	__gene_A*_rbs	233.000000	0.000000	0.000000
334.999060	__gene_A_rbs	246.000000	0.000000	0.000000
334.999060	__gene_B_rbs	237.000000	0.000000	0.000000
334.999060	__gene_C_rbs	226.000000	0.000000	0.000000
334.999060	__gene_D_rbs	223.000000	0.000000	0.000000
334.999060	__gene_E_rbs	220.000000	0.000000	0.000000
334.999060	__gene_F_rbs	152.000000	0.000000	0.000000
334.999060	__gene_G_rbs	111.000000	0.000000	0.000000
334.999060	__gene_H_rbs	73.000000	0.000000	0.000000
334.999060	__gene_J_rbs	213.000000	0.000000	0.000000
334.999060	__gene_K_rbs	226.000000	0.000000	0.000000
334.999060	__ribosome	0.000000	0.000000	0.000000
334.999060	bound_ecolipol	1863.000000	0.000000	0.000000
334.999060	bound_ribosome	100.000000	0.000000	0.000000
334.999060	ecoli_genome	137.000000	0.000000	0.000000
334.999060	ecoli_transcript	25359.000000	0.000000	0.000000
334.999060	ecolipol	41.000000	0.000000	0.000000
334.999060	gene_A	227.000000	246.000000	0.069106
334.999060	gene_A*	103.000000	233.000000	0.025751
334.999060	gene_B	169.000000	238.000000	0.016807
334.999060	gene_C	107.000000	227.000000	0.004405
334.999060	gene_D	121.000000	223.000000	0.004484
334.999060	gene_E	118.000000	220.000000	0.013636
334.999060	gene_F	52.000000	152.000000	0.046053
334.999060	gene_G	19.000000	111.000000	0.135135
334.999060	gene_H	0.000000	73.000000	0.246575
334.999060	gene_J	85.000000	213.000000	0.117371
334.999060	gene_K	137.000000	229.000000	0.013100
334.999060	promoter_A	0.000000	0.000000	0.000000
334.999060	promoter_B1	0.000000	0.000000	0.000000
334.999060	promoter_D	0.000000	0.000000	0.000000
339.999202	__gene_A*_rbs	237.000000	0.000000	0.000000
339.999202	__gene_A_rbs	250.000000	0.000000	0.000000
339.999202	__gene_B_rbs	240.000000	0.000000	0.000000
339.999202	__gene_C_rbs	231.000000	0.000000	0.000000
339.999202	__gene_D_rbs	227.000000	0.000000	0.000000
339.999202	__gene_E_rbs	222.000000	0.000000	0.000000
339.999202	__gene_F_rbs	154.000000	0.000000	0.000000
339.999202	__gene_G_rbs	111.000000	0.000000	0.000000
339.999202	__gene_H_rbs	76.000000	0.000000	0.000000
339.999202	__gene_J_rbs	217.000000	0.000000	0.000000
339.999202	__gene_K_rbs	233.000000	0.000000	0.000000
339.999202	__ribosome	0.000000	0.000000	0.000000
339.999202	bound_ecolipol	1875.000000	0.000000	0.000000
339.999202	bound_ribosome	100.000000	0.000000	0.000000
339.999202	ecoli_genome	125.000000	0.000000	0.000000
339.999202	ecoli_transcript	25714.000000	0.000000	0.000000
339.999202	ecolipol	28.000000	0.000000	0.000000
339.999202	gene_A	232.000000	250.000000	0.048000
339.999202	gene_A*	104.000000	237.000000	0.025316
339.999202	gene_B	169.000000	241.000000	0.016598
339.999202	gene_C	108.000000	231.000000	0.004329
339.999202	gene_D	121.000000	227.000000	0.017621
339.999202	gene_E	119.000000	222.000000	0.018018
339.999202	gene_F	52.000000	154.000000	0.051948
339.999202	gene_G	20.000000	112.000000	0.133929
339.999202	gene_H	0.000000	76.000000	0.236842
339.999202	gene_J	85.000000	217.000000	0.119816
339.999202	gene_K	140.000000	233.000000	0.008584
339.999202	promoter_A	0.000000	0.000000	0.000000
339.999202	promoter_B1	0.000000	0.000000	0.000000
339.999202	promoter_D	0.000000	0.000000	0.000000
344.999006	__gene_A*_rbs	240.000000	0.000000	0.000000
344.999006	__gene_A_rbs	254.000000	0.000000	0.000000
344.999006	__gene_B_rbs	245.000000	0.000000	0.000000
344.999006	__gene_C_rbs	235.000000	0.000000	0.000000
344.999006	__gene_D_rbs	230.000000	0.000000	0.000000
344.999006	__gene_E_rbs	226.000000	0.000000	0.000000
344.999006	__gene_F_rbs	156.000000	0.000000	0.000000
344.999006	__gene_G_rbs	114.000000	0.000000	0.000000
344.999006	__gene_H_rbs	76.000000	0.000000	0.000000
344.999006	__gene_J_rbs	221.000000	0.000000	0.000000
344.999006	__gene_K_rbs	236.000000	0.000000	0.000000
344.999006	__ribosome	0.000000	0.000000	0.000000
344.999006	bound_ecolipol	1872.000000	0.000000	0.000000
344.999006	bound_ribosome	100.000000	0.000000	0.000000
344.999006	ecoli_genome	128.000000	0.000000	0.000000
344.999006	ecoli_transcript	26072.000000	0.000000	0.000000
344.999006	ecolipol	35.000000	0.000000	0.000000
344.999006	gene_A	232.000000	254.000000	0.051181
344.999006	gene_A*	104.000000	241.000000	0.029046
344.999006	gene_B	171.000000	245.000000	0.008163
344.999006	gene_C	108.000000	235.000000	0.008511
344.999006	gene_D	121.000000	230.000000	0.021739
344.999006	gene_E	121.000000	226.000000	0.017699
344.999006	gene_F	53.000000	156.000000	0.044872
344.999006	gene_G	22.000000	114.000000	0.114035
344.999006	gene_H	0.000000	76.000000	0.236842
344.999006	gene_J	85.000000	221.000000	0.126697
344.999006	gene_K	141.000000	237.000000	0.004219
344.999006	promoter_A	0.000000	0.000000	0.000000
344.999006	promoter_B1	0.000000	0.000000	0.000000
344.999006	promoter_D	0.000000	0.000000	0.000000
349.999007	__gene_A*_rbs	242.000000	0.000000	0.000000
349.999007	__gene_A_rbs	258.000000	0.000000	0.000000
349.999007	__gene_B_rbs	249.000000	0.000000	0.000000
349.999007	__gene_C_rbs	238.000000	0.000000	0.000000
349.999007	__gene_D_rbs	234.000000	0.000000	0.000000
349.999007	__gene_E_rbs	230.000000	0.000000	0.000000
349.999007	__gene_F_rbs	160.000000	0.000000	0.000000
349.999007	__gene_G_rbs	117.000000	0.000000	0.000000
349.999007	__gene_H_rbs	77.000000	0.000000	0.000000
349.999007	__gene_J_rbs	223.000000	0.000000	0.000000
349.999007	__gene_K_rbs	240.000000	0.000000	0.000000
349.999007	__ribosome	0.000000	0.000000	0.000000
349.999007	bound_ecolipol	1877.000000	0.000000	0.000000
349.999007	bound_ribosome	100.000000	0.000000	0.000000
349.999007	ecoli_genome	123.000000	0.000000	0.000000
349.999007	ecoli_transcript	26441.000000	0.000000	0.000000
349.999007	ecolipol	28.000000	0.000000	0.000000
349.999007	gene_A	232.000000	258.000000	0.058140
349.999007	gene_A*	105.000000	244.000000	0.028689
349.999007	gene_B	173.000000	249.000000	0.008032
349.999007	gene_C	109.000000	238.000000	0.008403
349.999007	gene_D	122.000000	234.000000	0.025641
349.999007	gene_E	124.000000	230.000000	0.017391
349.999007	gene_F	55.000000	160.000000	0.031250
349.999007	gene_G	23.000000	117.000000	0.102564
349.999007	gene_H	0.000000	78.000000	0.243590
349.999007	gene_J	88.000000	224.000000	0.120536
349.999007	gene_K	142.000000	240.000000	0.004167
349.999007	promoter_A	0.000000	0.000000	0.000000
349.999007	promoter_B1	0.000000	0.000000	0.000000
349.999007	promoter_D	0.000000	0.000000	0.000000
354.999025	__gene_A*_rbs	248.000000	0.000000	0.000000
354.999025	__gene_A_rbs	260.000000	0.000000	0.000000
354.999025	__gene_B_rbs	253.000000	0.000000	0.000000
354.999025	__gene_C_rbs	242.000000	0.000000	0.000000
354.999025	__gene_D_rbs	237.000000	0.000000	0.000000
354.999025	__gene_E_rbs	234.000000	0.000000	0.000000
354.999025	__gene_F_rbs	163.000000	0.000000	0.000000
354.999025	__gene_G_rbs	119.000000	0.000000	0.000000
354.999025	__gene_H_rbs	80.000000	0.000000	0.000000
354.999025	__gene_J_rbs	227.000000	0.000000	0.000000
354.999025	__gene_K_rbs	243.000000	0.000000	0.000000
354.999025	__ribosome	0.000000	0.000000	0.000000
354.999025	bound_ecolipol	1866.000000	0.000000	0.000000
354.999025	bound_ribosome	100.000000	0.000000	0.000000
354.999025	ecoli_genome	134.000000	0.000000	0.000000
354.999025	ecoli_transcript	26799.000000	0.000000	0.000000
354.999025	ecolipol	36.000000	0.000000	0.000000
354.999025	gene_A	233.000000	261.000000	0.068966
354.999025	gene_A*	106.000000	248.000000	0.032258
354.999025	gene_B	173.000000	253.000000	0.007905
354.999025	gene_C	111.000000	242.000000	0.008264
354.999025	gene_D	125.000000	237.000000	0.016878
354.999025	gene_E	125.000000	234.000000	0.017094
354.999025	gene_F	57.000000	163.000000	0.024540
354.999025	gene_G	23.000000	119.000000	0.100840
354.999025	gene_H	0.000000	80.000000	0.237500
354.999025	gene_J	89.000000	227.000000	0.118943
354.999025	gene_K	143.000000	244.000000	0.000000
354.999025	promoter_A	0.000000	0.000000	0.000000
354.999025	promoter_B1	0.000000	0.000000	0.000000
354.999025	promoter_D	0.000000	0.000000	0.000000
359.999049	__gene_A*_rbs	251.000000	0.000000	0.000000
359.999049	__gene_A_rbs	265.000000	0.000000	0.000000
359.999049	__gene_B_rbs	256.000000	0.000000	0.000000
359.999049	__gene_C_rbs	245.000000	0.000000	0.000000
359.999049	__gene_D_rbs	241.000000	0.000000	0.000000
359.999049	__gene_E_rbs	237.000000	0.000000	0.000000
359.999049	__gene_F_rbs	166.000000	0.000000	0.000000
359.999049	__gene_G_rbs	121.000000	0.000000	0.000000
359.999049	__gene_H_rbs	81.000000	0.000000	0.000000
359.999049	__gene_J_rbs	231.000000	0.000000	0.000000
359.999049	__gene_K_rbs	248.000000	0.000000	0.000000
359.999049	__ribosome	0.000000	0.000000	0.000000
359.999049	bound_ecolipol	1870.000000	0.000000	0.000000
359.999049	bound_ribosome	100.000000	0.000000	0.000000
359.999049	ecoli_genome	130.000000	0.000000	0.000000
359.999049	ecoli_transcript	27152.000000	0.000000	0.000000
359.999049	ecolipol	32.000000	0.000000	0.000000
359.999049	gene_A	235.000000	265.000000	0.071698
359.999049	gene_A*	107.000000	252.000000	0.039683
359.999049	gene_B	175.000000	256.000000	0.003906
359.999049	gene_C	112.000000	245.000000	0.008163
359.999049	gene_D	126.000000	241.000000	0.012448
359.999049	gene_E	128.000000	237.000000	0.004219
359.999049	gene_F	58.000000	166.000000	0.024096
359.999049	gene_G	23.000000	121.000000	0.107438
359.999049	gene_H	0.000000	81.000000	0.246914
359.999049	gene_J	91.000000	231.000000	0.112554
359.999049	gene_K	143.000000	248.000000	0.004032
359.999049	promoter_A	0.000000	0.000000	0.000000
359.999049	promoter_B1	0.000000	0.000000	0.000000
359.999049	promoter_D	0.000000	0.000000	0.000000
364.999263	__gene_A*_rbs	254.000000	0.000000	0.000000
364.999263	__gene_A_rbs	268.000000	0.000000	0.000000
364.999263	__gene_B_rbs	260.000000	0.000000	0.000000
364.999263	__gene_C_rbs	249.000000	0.000000	0.000000
364.999263	__gene_D_rbs	244.000000	0.000000	0.000000
364.999263	__gene_E_rbs	240.000000	0.000000	0.000000
364.999263	__gene_F_rbs	168.000000	0.000000	0.000000
364.999263	__gene_G_rbs	124.000000	0.000000	0.000000
364.999263	__gene_H_rbs	85.000000	0.000000	0.000000
364.999263	__gene_J_rbs	234.000000	0.000000	0.000000
364.999263	__gene_K_rbs	250.000000	0.000000	0.000000
364.999263	__ribosome	0.000000	0.000000	0.000000
364.999263	bound_ecolipol	1866.000000	0.000000	0.000000
364.999263	bound_ribosome	100.000000	0.000000	0.000000
364.999263	ecoli_genome	134.000000	0.000000	0.000000
364.999263	ecoli_transcript	27512.000000	0.000000	0.000000
364.999263	ecolipol	37.000000	0.000000	0.000000
364.999263	gene_A	237.000000	268.000000	0.067164
364.999263	gene_A*	108.000000	255.000000	0.039216
364.999263	gene_B	175.000000	260.000000	0.003846
364.999263	gene_C	114.000000	249.000000	0.000000
364.999263	gene_D	128.000000	244.000000	0.008197
364.999263	gene_E	129.000000	240.000000	0.000000
364.999263	gene_F	58.000000	168.000000	0.023810
364.999263	gene_G	23.000000	124.000000	0.104839
364.999263	gene_H	0.000000	85.000000	0.258824
364.999263	gene_J	91.000000	235.000000	0.119149
364.999263	gene_K	144.000000	251.000000	0.007968
364.999263	promoter_A	0.000000	0.000000	0.000000
364.999263	promoter_B1	0.000000	0.000000	0.000000
364.999263	promoter_D	0.000000	0.000000	0.000000
369.999008	__gene_A*_rbs	259.000000	0.000000	0.000000
369.999008	__gene_A_rbs	272.000000	0.000000	0.000000
369.999008	__gene_B_rbs	262.000000	0.000000	0.000000
369.999008	__gene_C_rbs	253.000000	0.000000	0.000000
369.999008	__gene_D_rbs	249.000000	0.000000	0.000000
369.999008	__gene_E_rbs	244.000000	0.000000	0.000000
369.999008	__gene_F_rbs	171.000000	0.000000	0.000000
369.999008	__gene_G_rbs	127.000000	0.000000	0.000000
369.999008	__gene_H_rbs	85.000000	0.000000	0.000000
369.999008	__gene_J_rbs	239.000000	0.000000	0.000000
369.999008	__gene_K_rbs	255.000000	0.000000	0.000000
369.999008	__ribosome	0.000000	0.000000	0.000000
369.999008	bound_ecolipol	1866.000000	0.000000	0.000000
369.999008	bound_ribosome	100.000000	0.000000	0.000000
369.999008	ecoli_genome	134.000000	0.000000	0.000000
369.999008	ecoli_transcript	27870.000000	0.000000	0.000000
369.999008	ecolipol	35.000000	0.000000	0.000000
369.999008	gene_A	237.000000	272.000000	0.066176
369.999008	gene_A*	109.000000	259.000000	0.038610
369.999008	gene_B	176.000000	264.000000	0.000000
369.999008	gene_C	114.000000	253.000000	0.003953
369.999008	gene_D	129.000000	249.000000	0.008032
369.999008	gene_E	129.000000	244.000000	0.000000
369.999008	gene_F	58.000000	171.000000	0.029240
369.999008	gene_G	23.000000	127.000000	0.102362
369.999008	gene_H	0.000000	85.000000	0.258824
369.999008	gene_J	93.000000	239.000000	0.108787
369.999008	gene_K	146.000000	255.000000	0.011765
369.999008	promoter_A	0.000000	0.000000	0.000000
369.999008	promoter_B1	0.000000	0.000000	0.000000
369.999008	promoter_D	0.000000	0.000000	0.000000
374.999289	__gene_A*_rbs	261.000000	0.000000	0.000000
374.999289	__gene_A_rbs	276.000000	0.000000	0.000000
374.999289	__gene_B_rbs	267.000000	0.000000	0.000000
374.999289	__gene_C_rbs	257.000000	0.000000	0.000000
374.999289	__gene_D_rbs	252.000000	0.000000	0.000000
374.999289	__gene_E_rbs	248.000000	0.000000	0.000000
374.999289	__gene_F_rbs	173.000000	0.000000	0.000000
374.999289	__gene_G_rbs	130.000000	0.000000	0.000000
374.999289	__gene_H_rbs	87.000000	0.000000	0.000000
374.999289	__gene_J_rbs	242.000000	0.000000	0.000000
374.999289	__gene_K_rbs	257.000000	0.000000	0.000000
374.999289	__ribosome	0.000000	0.000000	0.000000
374.999289	bound_ecolipol	1865.000000	0.000000	0.000000
374.999289	bound_ribosome	100.000000	0.000000	0.000000
374.999289	ecoli_genome	135.000000	0.000000	0.000000
374.999289	ecoli_transcript	28240.000000	0.000000	0.000000
374.999289	ecolipol	36.000000	0.000000	0.000000
374.999289	gene_A	238.000000	276.000000	0.061594
374.999289	gene_A*	110.000000	263.000000	0.034221
374.999289	gene_B	176.000000	267.000000	0.003745
374.999289	gene_C	114.000000	257.000000	0.003891
374.999289	gene_D	129.000000	252.000000	0.007937
374.999289	gene_E	129.000000	248.000000	0.004032
374.999289	gene_F	58.000000	173.000000	0.028902
374.999289	gene_G	23.000000	130.000000	0.100000
374.999289	gene_H	0.000000	87.000000	0.252874
374.999289	gene_J	93.000000	242.000000	0.111570
374.999289	gene_K	147.000000	259.000000	0.007722
374.999289	promoter_A	0.000000	0.000000	0.000000
374.999289	promoter_B1	0.000000	0.000000	0.000000
374.999289	promoter_D	0.000000	0.000000	0.000000
379.999246	__gene_A*_rbs	266.000000	0.000000	0.000000
379.999246	__gene_A_rbs	280.000000	0.000000	0.000000
379.999246	__gene_B_rbs	270.000000	0.000000	0.000000
379.999246	__gene_C_rbs	260.000000	0.000000	0.000000
379.999246	__gene_D_rbs	256.000000	0.000000	0.000000
379.999246	__gene_E_rbs	251.000000	0.000000	0.000000
379.999246	__gene_F_rbs	175.000000	0.000000	0.000000
379.999246	__gene_G_rbs	133.000000	0.000000	0.000000
379.999246	__gene_H_rbs	88.000000	0.000000	0.000000
379.999246	__gene_J_rbs	245.000000	0.000000	0.000000
379.999246	__gene_K_rbs	261.000000	0.000000	0.000000
379.999246	__ribosome	0.000000	0.000000	0.000000
379.999246	bound_ecolipol	1869.000000	0.000000	0.000000
379.999246	bound_ribosome	100.000000	0.000000	0.000000
379.999246	ecoli_genome	131.000000	0.000000	0.000000
379.999246	ecoli_transcript	28565.000000	0.000000	0.000000
379.999246	ecolipol	34.000000	0.000000	0.000000
379.999246	gene_A	241.000000	280.000000	0.057143
379.999246	gene_A*	111.000000	267.000000	0.033708
379.999246	gene_B	176.000000	271.000000	0.007380
379.999246	gene_C	115.000000	260.000000	0.003846
379.999246	gene_D	130.000000	256.000000	0.015625
379.999246	gene_E	129.000000	251.000000	0.003984
379.999246	gene_F	59.000000	175.000000	0.028571
379.999246	gene_G	24.000000	133.000000	0.097744
379.999246	gene_H	0.000000	88.000000	0.250000
379.999246	gene_J	94.000000	245.000000	0.110204
379.999246	gene_K	149.000000	262.000000	0.000000
379.999246	promoter_A	0.000000	0.000000	0.000000
379.999246	promoter_B1	0.000000	0.000000	0.000000
379.999246	promoter_D	0.000000	0.000000	0.000000
384.999010	__gene_A*_rbs	270.000000	0.000000	0.000000
384.999010	__gene_A_rbs	283.000000	0.000000	0.000000
384.999010	__gene_B_rbs	275.000000	0.000000	0.000000
384.999010	__gene_C_rbs	261.000000	0.000000	0.000000
384.999010	__gene_D_rbs	260.000000	0.000000	0.000000
384.999010	__gene_E_rbs	255.000000	0.000000	0.000000
384.999010	__gene_F_rbs	176.000000	0.000000	0.000000
384.999010	__gene_G_rbs	135.000000	0.000000	0.000000
384.999010	__gene_H_rbs	90.000000	0.000000	0.000000
384.999010	__gene_J_rbs	248.000000	0.000000	0.000000
384.999010	__gene_K_rbs	265.000000	0.000000	0.000000
384.999010	__ribosome	0.000000	0.000000	0.000000
384.999010	bound_ecolipol	1865.000000	0.000000	0.000000
384.999010	bound_ribosome	100.000000	0.000000	0.000000
384.999010	ecoli_genome	135.000000	0.000000	0.000000
384.999010	ecoli_transcript	28950.000000	0.000000	0.000000
384.999010	ecolipol	40.000000	0.000000	0.000000
384.999010	gene_A	242.000000	283.000000	0.056537
384.999010	gene_A*	111.000000	270.000000	0.040741
384.999010	gene_B	177.000000	275.000000	0.007273
384.999010	gene_C	115.000000	264.000000	0.003788
384.999010	gene_D	131.000000	260.000000	0.011538
384.999010	gene_E	130.000000	255.000000	0.000000
384.999010	gene_F	60.000000	176.000000	0.022727
384.999010	gene_G	24.000000	135.000000	0.096296
384.999010	gene_H	0.000000	90.000000	0.255556
384.999010	gene_J	94.000000	248.000000	0.108871
384.999010	gene_K	149.000000	266.000000	0.000000
384.999010	promoter_A	0.000000	0.000000	0.000000
384.999010	promoter_B1	0.000000	0.000000	0.000000
384.999010	promoter_D	0.000000	0.000000	0.000000
389.999076	__gene_A*_rbs	274.000000	0.000000	0.000000
389.999076	__gene_A_rbs	286.000000	0.000000	0.000000
389.999076	__gene_B_rbs	278.000000	0.000000	0.000000
389.999076	__gene_C_rbs	268.000000	0.000000	0.000000
389.999076	__gene_D_rbs	263.000000	0.000000	0.000000
389.999076	__gene_E_rbs	259.000000	0.000000	0.000000
389.999076	__gene_F_rbs	179.000000	0.000000	0.000000
389.999076	__gene_G_rbs	137.000000	0.000000	0.000000
389.999076	__gene_H_rbs	90.000000	0.000000	0.000000
389.999076	__gene_J_rbs	252.000000	0.000000	0.000000
389.999076	__gene_K_rbs	270.000000	0.000000	0.000000
389.999076	__ribosome	0.000000	0.000000	0.000000
389.999076	bound_ecolipol	1868.000000	0.000000	0.000000
389.999076	bound_ribosome	100.000000	0.000000	0.000000
389.999076	ecoli_genome	132.000000	0.000000	0.000000
389.999076	ecoli_transcript	29325.000000	0.000000	0.000000
389.999076	ecolipol	41.000000	0.000000	0.000000
389.999076	gene_A	244.000000	286.000000	0.055944
389.999076	gene_A*	114.000000	274.000000	0.032847
389.999076	gene_B	177.000000	279.000000	0.010753
389.999076	gene_C	116.000000	268.000000	0.000000
389.999076	gene_D	131.000000	263.000000	0.015209
389.999076	gene_E	130.000000	259.000000	0.000000
389.999076	gene_F	60.000000	179.000000	0.022346
389.999076	gene_G	24.000000	137.000000	0.094891
389.999076	gene_H	0.000000	90.000000	0.255556
389.999076	gene_J	94.000000	252.000000	0.107143
389.999076	gene_K	149.000000	270.000000	0.003704
389.999076	promoter_A	0.000000	0.000000	0.000000
389.999076	promoter_B1	0.000000	0.000000	0.000000
389.999076	promoter_D	0.000000	0.000000	0.000000
394.999315	__gene_A*_rbs	278.000000	0.000000	0.000000
394.999315	__gene_A_rbs	290.000000	0.000000	0.000000
394.999315	__gene_B_rbs	281.000000	0.000000	0.000000
394.999315	__gene_C_rbs	269.000000	0.000000	0.000000
394.999315	__gene_D_rbs	267.000000	0.000000	0.000000
394.999315	__gene_E_rbs	262.000000	0.000000	0.000000
394.999315	__gene_F_rbs	181.000000	0.000000	0.000000
394.999315	__gene_G_rbs	140.000000	0.000000	0.000000
394.999315	__gene_H_rbs	90.000000	0.000000	0.000000
394.999315	__gene_J_rbs	256.000000	0.000000	0.000000
394.999315	__gene_K_rbs	274.000000	0.000000	0.000000
394.999315	__ribosome	0.000000	0.000000	0.000000
394.999315	bound_ecolipol	1874.000000	0.000000	0.000000
394.999315	bound_ribosome	100.000000	0.000000	0.000000
394.999315	ecoli_genome	126.000000	0.000000	0.000000
394.999315	ecoli_transcript	29691.000000	0.000000	0.000000
394.999315	ecolipol	33.000000	0.000000	0.000000
394.999315	gene_A	245.000000	290.000000	0.051724
394.999315	gene_A*	117.000000	278.000000	0.028777
394.999315	gene_B	178.000000	283.000000	0.010601
394.999315	gene_C	116.000000	271.000000	0.014760
394.999315	gene_D	134.000000	267.000000	0.003745
394.999315	gene_E	130.000000	262.000000	0.003817
394.999315	gene_F	61.000000	182.000000	0.021978
394.999315	gene_G	24.000000	140.000000	0.092857
394.999315	gene_H	0.000000	90.000000	0.255556
394.999315	gene_J	94.000000	256.000000	0.109375
394.999315	gene_K	150.000000	274.000000	0.000000
394.999315	promoter_A	0.000000	0.000000	0.000000
394.999315	promoter_B1	0.000000	0.000000	0.000000
394.999315	promoter_D	0.000000	0.000000	0.000000
399.999017	__gene_A*_rbs	280.000000	0.000000	0.000000
399.999017	__gene_A_rbs	294.000000	0.000000	0.000000
399.999017	__gene_B_rbs	285.000000	0.000000	0.000000
399.999017	__gene_C_rbs	275.000000	0.000000	0.000000
399.999017	__gene_D_rbs	271.000000	0.000000	0.000000
399.999017	__gene_E_rbs	266.000000	0.000000	0.000000
399.999017	__gene_F_rbs	186.000000	0.000000	0.000000
399.999017	__gene_G_rbs	142.000000	0.000000	0.000000
399.999017	__gene_H_rbs	92.000000	0.000000	0.000000
399.999017	__gene_J_rbs	260.000000	0.000000	0.000000
399.999017	__gene_K_rbs	277.000000	0.000000	0.000000
399.999017	__ribosome	0.000000	0.000000	0.000000
399.999017	bound_ecolipol	1866.000000	0.000000	0.000000
399.999017	bound_ribosome	100.000000	0.000000	0.000000
399.999017	ecoli_genome	134.000000	0.000000	0.000000
399.999017	ecoli_transcript	30079.000000	0.000000	0.000000
399.999017	ecolipol	39.000000	0.000000	0.000000
399.999017	gene_A	246.000000	294.000000	0.051020
399.999017	gene_A*	118.000000	281.000000	0.024911
399.999017	gene_B	180.000000	286.000000	0.003497
399.999017	gene_C	116.000000	275.000000	0.018182
399.999017	gene_D	134.000000	271.000000	0.007380
399.999017	gene_E	131.000000	266.000000	0.000000
399.999017	gene_F	61.000000	186.000000	0.021505
399.999017	gene_G	25.000000	142.000000	0.098592
399.999017	gene_H	0.000000	92.000000	0.250000
399.999017	gene_J	94.000000	260.000000	0.107692
399.999017	gene_K	150.000000	277.000000	0.003610
399.999017	promoter_A	0.000000	0.000000	0.000000
399.999017	promoter_B1	0.000000	0.000000	0.000000
399.999017	promoter_D	0.000000	0.000000	0.000000
404.999015	__gene_A*_rbs	285.000000	0.000000	0.000000
404.999015	__gene_A_rbs	298.000000	0.000000	0.000000
404.999015	__gene_B_rbs	289.000000	0.000000	0.000000
404.999015	__gene_C_rbs	279.000000	0.000000	0.000000
404.999015	__gene_D_rbs	274.000000	0.000000	0.000000
404.999015	__gene_E_rbs	270.000000	0.000000	0.000000
404.999015	__gene_F_rbs	189.000000	0.000000	0.000000
404.999015	__gene_G_rbs	144.000000	0.000000	0.000000
404.999015	__gene_H_rbs	94.000000	0.000000	0.000000
404.999015	__gene_J_rbs	263.000000	0.000000	0.000000
404.999015	__gene_K_rbs	280.000000	0.000000	0.000000
404.999015	__ribosome	0.000000	0.000000	0.000000
404.999015	bound_ecolipol	1860.000000	0.000000	0.000000
404.999015	bound_ribosome	100.000000	0.000000	0.000000
404.999015	ecoli_genome	140.000000	0.000000	0.000000
404.999015	ecoli_transcript	30452.000000	0.000000	0.000000
404.999015	ecolipol	47.000000	0.000000	0.000000
404.999015	gene_A	248.000000	298.000000	0.053691
404.999015	gene_A*	119.000000	285.000000	0.028070
404.999015	gene_B	181.000000	290.000000	0.003448
404.999015	gene_C	120.000000	279.000000	0.003584
404.999015	gene_D	135.000000	274.000000	0.007299
404.999015	gene_E	131.000000	270.000000	0.007407
404.999015	gene_F	62.000000	189.000000	0.021164
404.999015	gene_G	25.000000	144.000000	0.097222
404.999015	gene_H	0.000000	94.000000	0.244681
404.999015	gene_J	94.000000	263.000000	0.106464
404.999015	gene_K	151.000000	281.000000	0.003559
404.999015	promoter_A	0.000000	0.000000	0.000000
404.999015	promoter_B1	0.000000	0.000000	0.000000
404.999015	promoter_D	0.000000	0.000000	0.000000
409.999057	__gene_A*_rbs	289.000000	0.000000	0.000000
409.999057	__gene_A_rbs	301.000000	0.000000	0.000000
409.999057	__gene_B_rbs	293.000000	0.000000	0.000000
409.999057	__gene_C_rbs	280.000000	0.000000	0.000000
409.999057	__gene_D_rbs	278.000000	0.000000	0.000000
409.999057	__gene_E_rbs	274.000000	0.000000	0.000000
409.999057	__gene_F_rbs	193.000000	0.000000	0.000000
409.999057	__gene_G_rbs	147.000000	0.000000	0.000000
409.999057	__gene_H_rbs	96.000000	0.000000	0.000000
409.999057	__gene_J_rbs	266.000000	0.000000	0.000000
409.999057	__gene_K_rbs	284.000000	0.000000	0.000000
409.999057	__ribosome	0.000000	0.000000	0.000000
409.999057	bound_ecolipol	1866.000000	0.000000	0.000000
409.999057	bound_ribosome	100.000000	0.000000	0.000000
409.999057	ecoli_genome	134.000000	0.000000	0.000000
409.999057	ecoli_transcript	30788.000000	0.000000	0.000000
409.999057	ecolipol	39.000000	0.000000	0.000000
409.999057	gene_A	251.000000	301.000000	0.043189
409.999057	gene_A*	119.000000	289.000000	0.027682
409.999057	gene_B	181.000000	293.000000	0.003413
409.999057	gene_C	121.000000	282.000000	0.007092
409.999057	gene_D	135.000000	278.000000	0.007194
409.999057	gene_E	131.000000	274.000000	0.007299
409.999057	gene_F	62.000000	193.000000	0.031088
409.999057	gene_G	25.000000	147.000000	0.095238
409.999057	gene_H	0.000000	96.000000	0.239583
409.999057	gene_J	94.000000	267.000000	0.108614
409.999057	gene_K	152.000000	284.000000	0.000000
409.999057	promoter_A	0.000000	0.000000	0.000000
409.999057	promoter_B1	0.000000	0.000000	0.000000
409.999057	promoter_D	0.000000	0.000000	0.000000
414.999224	__gene_A*_rbs	292.000000	0.000000	0.000000
414.999224	__gene_A_rbs	304.000000	0.000000	0.000000
414.999224	__gene_B_rbs	297.000000	0.000000	0.000000
414.999224	__gene_C_rbs	286.000000	0.000000	0.000000
414.999224	__gene_D_rbs	281.000000	0.000000	0.000000
414.999224	__gene_E_rbs	277.000000	0.000000	0.000000
414.999224	__gene_F_rbs	195.000000	0.000000	0.000000
414.999224	__gene_G_rbs	148.000000	0.000000	0.000000
414.999224	__gene_H_rbs	98.000000	0.000000	0.000000
414.999224	__gene_J_rbs	271.000000	0.000000	0.000000
414.999224	__gene_K_rbs	288.000000	0.000000	0.000000
414.999224	__ribosome	0.000000	0.000000	0.000000
414.999224	bound_ecolipol	1870.000000	0.000000	0.000000
414.999224	bound_ribosome	100.000000	0.000000	0.000000
414.999224	ecoli_genome	130.000000	0.000000	0.000000
414.999224	ecoli_transcript	31149.000000	0.000000	0.000000
414.999224	ecolipol	33.000000	0.000000	0.000000
414.999224	gene_A	255.000000	305.000000	0.039344
414.999224	gene_A*	120.000000	292.000000	0.023973
414.999224	gene_B	181.000000	297.000000	0.006734
414.999224	gene_C	121.000000	286.000000	0.013986
414.999224	gene_D	136.000000	282.000000	0.007092
414.999224	gene_E	133.000000	277.000000	0.000000
414.999224	gene_F	63.000000	195.000000	0.025641
414.999224	gene_G	25.000000	148.000000	0.094595
414.999224	gene_H	0.000000	98.000000	0.234694
414.999224	gene_J	95.000000	271.000000	0.103321
414.999224	gene_K	152.000000	288.000000	0.010417
414.999224	promoter_A	0.000000	0.000000	0.000000
414.999224	promoter_B1	0.000000	0.000000	0.000000
414.999224	promoter_D	0.000000	0.000000	0.000000
419.999030	__gene_A*_rbs	295.000000	0.000000	0.000000
419.999030	__gene_A_rbs	308.000000	0.000000	0.000000
419.999030	__gene_B_rbs	301.000000	0.000000	0.000000
419.999030	__gene_C_rbs	290.000000	0.000000	0.000000
419.999030	__gene_D_rbs	285.000000	0.000000	0.000000
419.999030	__gene_E_rbs	281.000000	0.000000	0.000000
419.999030	__gene_F_rbs	199.000000	0.000000	0.000000
419.999030	__gene_G_rbs	149.000000	0.000000	0.000000
419.999030	__gene_H_rbs	99.000000	0.000000	0.000000
419.999030	__gene_J_rbs	275.000000	0.000000	0.000000
419.999030	__gene_K_rbs	292.000000	0.000000	0.000000
419.999030	__ribosome	0.000000	0.000000	0.000000
419.999030	bound_ecolipol	1865.000000	0.000000	0.000000
419.999030	bound_ribosome	100.000000	0.000000	0.000000
419.999030	ecoli_genome	135.000000	0.000000	0.000000
419.999030	ecoli_transcript	31553.000000	0.000000	0.000000
419.999030	ecolipol	39.000000	0.000000	0.000000
419.999030	gene_A	255.000000	308.000000	0.042208
419.999030	gene_A*	123.000000	296.000000	0.023649
419.999030	gene_B	182.000000	301.000000	0.009967
419.999030	gene_C	125.000000	290.000000	0.006897
419.999030	gene_D	137.000000	285.000000	0.010526
419.999030	gene_E	133.000000	281.000000	0.007117
419.999030	gene_F	64.000000	199.000000	0.030151
419.999030	gene_G	27.000000	149.000000	0.080537
419.999030	gene_H	0.000000	99.000000	0.232323
419.999030	gene_J	95.000000	275.000000	0.105455
419.999030	gene_K	155.000000	292.000000	0.000000
419.999030	promoter_A	0.000000	0.000000	0.000000
419.999030	promoter_B1	0.000000	0.000000	0.000000
419.999030	promoter_D	0.000000	0.000000	0.000000
424.999171	__gene_A*_rbs	299.000000	0.000000	0.000000
424.999171	__gene_A_rbs	312.000000	0.000000	0.000000
424.999171	__gene_B_rbs	305.000000	0.000000	0.000000
424.999171	__gene_C_rbs	293.000000	0.000000	0.000000
424.999171	__gene_D_rbs	289.000000	0.000000	0.000000
424.999171	__gene_E_rbs	284.000000	0.000000	0.000000
424.999171	__gene_F_rbs	202.000000	0.000000	0.000000
424.999171	__gene_G_rbs	150.000000	0.000000	0.000000
424.999171	__gene_H_rbs	101.000000	0.000000	0.000000
424.999171	__gene_J_rbs	278.000000	0.000000	0.000000
424.999171	__gene_K_rbs	295.000000	0.000000	0.000000
424.999171	__ribosome	0.000000	0.000000	0.000000
424.999171	bound_ecolipol	1864.000000	0.000000	0.000000
424.999171	bound_ribosome	100.000000	0.000000	0.000000
424.999171	ecoli_genome	136.000000	0.000000	0.000000
424.999171	ecoli_transcript	31957.000000	0.000000	0.000000
424.999171	ecolipol	38.000000	0.000000	0.000000
424.999171	gene_A	255.000000	312.000000	0.041667
424.999171	gene_A*	123.000000	299.000000	0.023411
424.999171	gene_B	183.000000	305.000000	0.009836
424.999171	gene_C	126.000000	293.000000	0.006826
424.999171	gene_D	137.000000	289.000000	0.013841
424.999171	gene_E	133.000000	285.000000	0.007018
424.999171	gene_F	64.000000	202.000000	0.029703
424.999171	gene_G	27.000000	150.000000	0.080000
424.999171	gene_H	0.000000	101.000000	0.227723
424.999171	gene_J	96.000000	278.000000	0.100719
424.999171	gene_K	155.000000	295.000000	0.000000
424.999171	promoter_A	0.000000	0.000000	0.000000
424.999171	promoter_B1	0.000000	0.000000	0.000000
424.999171	promoter_D	0.000000	0.000000	0.000000
429.999046	__gene_A*_rbs	303.000000	0.000000	0.000000
429.999046	__gene_A_rbs	316.000000	0.000000	0.000000
429.999046	__gene_B_rbs	308.000000	0.000000	0.000000
429.999046	__gene_C_rbs	296.000000	0.000000	0.000000
429.999046	__gene_D_rbs	293.000000	0.000000	0.000000
429.999046	__gene_E_rbs	288.000000	0.000000	0.000000
429.999046	__gene_F_rbs	205.000000	0.000000	0.000000
429.999046	__gene_G_rbs	153.000000	0.000000	0.000000
429.999046	__gene_H_rbs	103.000000	0.000000	0.000000
429.999046	__gene_J_rbs	282.000000	0.000000	0.000000
429.999046	__gene_K_rbs	297.000000	0.000000	0.000000
429.999046	__ribosome	0.000000	0.000000	0.000000
429.999046	bound_ecolipol	1862.000000	0.000000	0.000000
429.999046	bound_ribosome	100.000000	0.000000	0.000000
429.999046	ecoli_genome	138.000000	0.000000	0.000000
429.999046	ecoli_transcript	32316.000000	0.000000	0.000000
429.999046	ecolipol	38.000000	0.000000	0.000000
429.999046	gene_A	256.000000	316.000000	0.041139
429.999046	gene_A*	125.000000	303.000000	0.023102
429.999046	gene_B	185.000000	308.000000	0.009740
429.999046	gene_C	127.000000	297.000000	0.003367
429.999046	gene_D	138.000000	293.000000	0.013652
429.999046	gene_E	135.000000	288.000000	0.003472
429.999046	gene_F	64.000000	205.000000	0.029268
429.999046	gene_G	27.000000	153.000000	0.078431
429.999046	gene_H	0.000000	103.000000	0.233010
429.999046	gene_J	96.000000	282.000000	0.099291
429.999046	gene_K	155.000000	299.000000	0.003344
429.999046	promoter_A	0.000000	0.000000	0.000000
429.999046	promoter_B1	0.000000	0.000000	0.000000
429.999046	promoter_D	0.000000	0.000000	0.000000
434.999025	__gene_A*_rbs	307.000000	0.000000	0.000000
434.999025	__gene_A_rbs	319.000000	0.000000	0.000000
434.999025	__gene_B_rbs	310.000000	0.000000	0.000000
434.999025	__gene_C_rbs	301.000000	0.000000	0.000000
434.999025	__gene_D_rbs	296.000000	0.000000	0.000000
434.999025	__gene_E_rbs	292.000000	0.000000	0.000000
434.999025	__gene_F_rbs	207.000000	0.000000	0.000000
434.999025	__gene_G_rbs	155.000000	0.000000	0.000000
434.999025	__gene_H_rbs	104.000000	0.000000	0.000000
434.999025	__gene_J_rbs	284.000000	0.000000	0.000000
434.999025	__gene_K_rbs	302.000000	0.000000	0.000000
434.999025	__ribosome	0.000000	0.000000	0.000000
434.999025	bound_ecolipol	1865.000000	0.000000	0.000000
434.999025	bound_ribosome	100.000000	0.000000	0.000000
434.999025	ecoli_genome	135.000000	0.000000	0.000000
434.999025	ecoli_transcript	32668.000000	0.000000	0.000000
434.999025	ecolipol	36.000000	0.000000	0.000000
434.999025	gene_A	258.000000	319.000000	0.037618
434.999025	gene_A*	125.000000	307.000000	0.026059
434.999025	gene_B	185.000000	311.000000	0.009646
434.999025	gene_C	128.000000	301.000000	0.000000
434.999025	gene_D	139.000000	296.000000	0.013514
434.999025	gene_E	135.000000	292.000000	0.003425
434.999025	gene_F	64.000000	207.000000	0.028986
434.999025	gene_G	27.000000	155.000000	0.077419
434.999025	gene_H	0.000000	104.000000	0.230769
434.999025	gene_J	97.000000	285.000000	0.098246
434.999025	gene_K	155.000000	303.000000	0.006601
434.999025	promoter_A	0.000000	0.000000	0.000000
434.999025	promoter_B1	0.000000	0.000000	0.000000
434.999025	promoter_D	0.000000	0.000000	0.000000
439.999156	__gene_A*_rbs	311.000000	0.000000	0.000000
439.999156	__gene_A_rbs	323.000000	0.000000	0.000000
439.999156	__gene_B_rbs	313.000000	0.000000	0.000000
439.999156	__gene_C_rbs	304.000000	0.000000	0.000000
439.999156	__gene_D_rbs	299.000000	0.000000	0.000000
439.999156	__gene_E_rbs	296.000000	0.000000	0.000000
439.999156	__gene_F_rbs	208.000000	0.000000	0.000000
439.999156	__gene_G_rbs	158.000000	0.000000	0.000000
439.999156	__gene_H_rbs	105.000000	0.000000	0.000000
439.999156	__gene_J_rbs	289.000000	0.000000	0.000000
439.999156	__gene_K_rbs	306.000000	0.000000	0.000000
439.999156	__ribosome	0.000000	0.000000	0.000000
439.999156	bound_ecolipol	1864.000000	0.000000	0.000000
439.999156	bound_ribosome	100.000000	0.000000	0.000000
439.999156	ecoli_genome	136.000000	0.000000	0.000000
439.999156	ecoli_transcript	33057.000000	0.000000	0.000000
439.999156	ecolipol	38.000000	0.000000	0.000000
439.999156	gene_A	260.000000	323.000000	0.040248
439.999156	gene_A*	127.000000	311.000000	0.019293
439.999156	gene_B	187.000000	315.000000	0.012698
439.999156	gene_C	128.000000	304.000000	0.000000
439.999156	gene_D	141.000000	300.000000	0.013333
439.999156	gene_E	136.000000	296.000000	0.006757
439.999156	gene_F	65.000000	208.000000	0.024038
439.999156	gene_G	27.000000	158.000000	0.082278
439.999156	gene_H	0.000000	105.000000	0.228571
439.999156	gene_J	97.000000	289.000000	0.096886
439.999156	gene_K	157.000000	306.000000	0.003268
439.999156	promoter_A	0.000000	0.000000	0.000000
439.999156	promoter_B1	0.000000	0.000000	0.000000
439.999156	promoter_D	0.000000	0.000000	0.000000
444.999003	__gene_A*_rbs	315.000000	0.000000	0.000000
444.999003	__gene_A_rbs	326.000000	0.000000	0.000000
444.999003	__gene_B_rbs	319.000000	0.000000	0.000000
444.999003	__gene_C_rbs	307.000000	0.000000	0.000000
444.999003	__gene_D_rbs	304.000000	0.000000	0.000000
444.999003	__gene_E_rbs	299.000000	0.000000	0.000000
444.999003	__gene_F_rbs	211.000000	0.000000	0.000000
444.999003	__gene_G_rbs	160.000000	0.000000	0.000000
444.999003	__gene_H_rbs	107.000000	0.000000	0.000000
444.999003	__gene_J_rbs	293.000000	0.000000	0.000000
444.999003	__gene_K_rbs	309.000000	0.000000	0.000000
444.999003	__ribosome	0.000000	0.000000	0.000000
444.999003	bound_ecolipol	1867.000000	0.000000	0.000000
444.999003	bound_ribosome	100.000000	0.000000	0.000000
444.999003	ecoli_genome	133.000000	0.000000	0.000000
444.999003	ecoli_transcript	33421.000000	0.000000	0.000000
444.999003	ecolipol	37.000000	0.000000	0.000000
444.999003	gene_A	260.000000	326.000000	0.039877
444.999003	gene_A*	127.000000	315.000000	0.019048
444.999003	gene_B	188.000000	319.000000	0.009404
444.999003	gene_C	128.000000	307.000000	0.000000
444.999003	gene_D	141.000000	304.000000	0.013158
444.999003	gene_E	136.000000	299.000000	0.010033
444.999003	gene_F	66.000000	211.000000	0.023697
444.999003	gene_G	27.000000	160.000000	0.081250
444.999003	gene_H	0.000000	107.000000	0.224299
444.999003	gene_J	97.000000	293.000000	0.098976
444.999003	gene_K	158.000000	310.000000	0.000000
444.999003	promoter_A	0.000000	0.000000	0.000000
444.999003	promoter_B1	0.000000	0.000000	0.000000
444.999003	promoter_D	0.000000	0.000000	0.000000
449.999222	__gene_A*_rbs	318.000000	0.000000	0.000000
449.999222	__gene_A_rbs	330.000000	0.000000	0.000000
449.999222	__gene_B_rbs	323.000000	0.000000	0.000000
449.999222	__gene_C_rbs	310.000000	0.000000	0.000000
449.999222	__gene_D_rbs	307.000000	0.000000	0.000000
449.999222	__gene_E_rbs	303.000000	0.000000	0.000000
449.999222	__gene_F_rbs	214.000000	0.000000	0.000000
449.999222	__gene_G_rbs	162.000000	0.000000	0.000000
449.999222	__gene_H_rbs	109.000000	0.000000	0.000000
449.999222	__gene_J_rbs	296.000000	0.000000	0.000000
449.999222	__gene_K_rbs	312.000000	0.000000	0.000000
449.999222	__ribosome	0.000000	0.000000	0.000000
449.999222	bound_ecolipol	1864.000000	0.000000	0.000000
449.999222	bound_ribosome	100.000000	0.000000	0.000000
449.999222	ecoli_genome	136.000000	0.000000	0.000000
449.999222	ecoli_transcript	33789.000000	0.000000	0.000000
449.999222	ecolipol	41.000000	0.000000	0.000000
449.999222	gene_A	261.000000	330.000000	0.039394
449.999222	gene_A*	128.000000	318.000000	0.018868
449.999222	gene_B	188.000000	323.000000	0.012384
449.999222	gene_C	128.000000	311.000000	0.003215
449.999222	gene_D	143.000000	307.000000	0.006515
449.999222	gene_E	138.000000	303.000000	0.006601
449.999222	gene_F	66.000000	214.000000	0.028037
449.999222	gene_G	27.000000	162.000000	0.080247
449.999222	gene_H	0.000000	109.000000	0.220183
449.999222	gene_J	98.000000	296.000000	0.097973
449.999222	gene_K	158.000000	313.000000	0.000000
449.999222	promoter_A	0.000000	0.000000	0.000000
449.999222	promoter_B1	0.000000	0.000000	0.000000
449.999222	promoter_D	0.000000	0.000000	0.000000
454.999262	__gene_A*_rbs	322.000000	0.000000	0.000000
454.999262	__gene_A_rbs	333.000000	0.000000	0.000000
454.999262	__gene_B_rbs	326.000000	0.000000	0.000000
454.999262	__gene_C_rbs	315.000000	0.000000	0.000000
454.999262	__gene_D_rbs	311.000000	0.000000	0.000000
454.999262	__gene_E_rbs	307.000000	0.000000	0.000000
454.999262	__gene_F_rbs	216.000000	0.000000	0.000000
454.999262	__gene_G_rbs	164.000000	0.000000	0.000000
454.999262	__gene_H_rbs	112.000000	0.000000	0.000000
454.999262	__gene_J_rbs	300.000000	0.000000	0.000000
454.999262	__gene_K_rbs	317.000000	0.000000	0.000000
454.999262	__ribosome	0.000000	0.000000	0.000000
454.999262	bound_ecolipol	1865.000000	0.000000	0.000000
454.999262	bound_ribosome	100.000000	0.000000	0.000000
454.999262	ecoli_genome	135.000000	0.000000	0.000000
454.999262	ecoli_transcript	34164.000000	0.000000	0.000000
454.999262	ecolipol	39.000000	0.000000	0.000000
454.999262	gene_A	264.000000	334.000000	0.038922
454.999262	gene_A*	130.000000	322.000000	0.015528
454.999262	gene_B	191.000000	326.000000	0.006135
454.999262	gene_C	128.000000	315.000000	0.006349
454.999262	gene_D	144.000000	311.000000	0.003215
454.999262	gene_E	140.000000	307.000000	0.006515
454.999262	gene_F	68.000000	216.000000	0.023148
454.999262	gene_G	27.000000	164.000000	0.079268
454.999262	gene_H	0.000000	112.000000	0.214286
454.999262	gene_J	98.000000	300.000000	0.103333
454.999262	gene_K	158.000000	317.000000	0.006309
454.999262	promoter_A	0.000000	0.000000	0.000000
454.999262	promoter_B1	0.000000	0.000000	0.000000
454.999262	promoter_D	0.000000	0.000000	0.000000
459.999192	__gene_A*_rbs	326.000000	0.000000	0.000000
459.999192	__gene_A_rbs	338.000000	0.000000	0.000000
459.999192	__gene_B_rbs	330.000000	0.000000	0.000000
459.999192	__gene_C_rbs	319.000000	0.000000	0.000000
459.999192	__gene_D_rbs	314.000000	0.000000	0.000000
459.999192	__gene_E_rbs	310.000000	0.000000	0.000000
459.999192	__gene_F_rbs	219.000000	0.000000	0.000000
459.999192	__gene_G_rbs	166.000000	0.000000	0.000000
459.999192	__gene_H_rbs	114.000000	0.000000	0.000000
459.999192	__gene_J_rbs	303.000000	0.000000	0.000000
459.999192	__gene_K_rbs	318.000000	0.000000	0.000000
459.999192	__ribosome	0.000000	0.000000	0.000000
459.999192	bound_ecolipol	1870.000000	0.000000	0.000000
459.999192	bound_ribosome	100.000000	0.000000	0.000000
459.999192	ecoli_genome	130.000000	0.000000	0.000000
459.999192	ecoli_transcript	34520.000000	0.000000	0.000000
459.999192	ecolipol	32.000000	0.000000	0.000000
459.999192	gene_A	264.000000	338.000000	0.044379
459.999192	gene_A*	130.000000	326.000000	0.018405
459.999192	gene_B	192.000000	330.000000	0.003030
459.999192	gene_C	129.000000	319.000000	0.006270
459.999192	gene_D	145.000000	315.000000	0.000000
459.999192	gene_E	140.000000	311.000000	0.012862
459.999192	gene_F	69.000000	219.000000	0.018265
459.999192	gene_G	28.000000	166.000000	0.078313
459.999192	gene_H	0.000000	114.000000	0.210526
459.999192	gene_J	100.000000	303.000000	0.099010
459.999192	gene_K	160.000000	321.000000	0.003115
459.999192	promoter_A	0.000000	0.000000	0.000000
459.999192	promoter_B1	0.000000	0.000000	0.000000
459.999192	promoter_D	0.000000	0.000000	0.000000
464.999053	__gene_A*_rbs	329.000000	0.000000	0.000000
464.999053	__gene_A_rbs	340.000000	0.000000	0.000000
464.999053	__gene_B_rbs	334.000000	0.000000	0.000000
464.999053	__gene_C_rbs	323.000000	0.000000	0.000000
464.999053	__gene_D_rbs	319.000000	0.000000	0.000000
464.999053	__gene_E_rbs	314.000000	0.000000	0.000000
464.999053	__gene_F_rbs	223.000000	0.000000	0.000000
464.999053	__gene_G_rbs	169.000000	0.000000	0.000000
464.999053	__gene_H_rbs	116.000000	0.000000	0.000000
464.999053	__gene_J_rbs	307.000000	0.000000	0.000000
464.999053	__gene_K_rbs	324.000000	0.000000	0.000000
464.999053	__ribosome	0.000000	0.000000	0.000000
464.999053	bound_ecolipol	1874.000000	0.000000	0.000000
464.999053	bound_ribosome	100.000000	0.000000	0.000000
464.999053	ecoli_genome	126.000000	0.000000	0.000000
464.999053	ecoli_transcript	34909.000000	0.000000	0.000000
464.999053	ecolipol	27.000000	0.000000	0.000000
464.999053	gene_A	266.000000	341.000000	0.041056
464.999053	gene_A*	132.000000	329.000000	0.018237
464.999053	gene_B	193.000000	334.000000	0.008982
464.999053	gene_C	130.000000	323.000000	0.003096
464.999053	gene_D	145.000000	319.000000	0.003135
464.999053	gene_E	142.000000	314.000000	0.006369
464.999053	gene_F	70.000000	223.000000	0.013453
464.999053	gene_G	28.000000	169.000000	0.082840
464.999053	gene_H	0.000000	116.000000	0.206897
464.999053	gene_J	101.000000	307.000000	0.100977
464.999053	gene_K	160.000000	325.000000	0.003077
464.999053	promoter_A	0.000000	0.000000	0.000000
464.999053	promoter_B1	0.000000	0.000000	0.000000
464.999053	promoter_D	0.000000	0.000000	0.000000
469.999082	__gene_A*_rbs	333.000000	0.000000	0.000000
469.999082	__gene_A_rbs	345.000000	0.000000	0.000000
469.999082	__gene_B_rbs	336.000000	0.000000	0.000000
469.999082	__gene_C_rbs	326.000000	0.000000	0.000000
469.999082	__gene_D_rbs	322.000000	0.000000	0.000000
469.999082	__gene_E_rbs	318.000000	0.000000	0.000000
469.999082	__gene_F_rbs	226.000000	0.000000	0.000000
469.999082	__gene_G_rbs	171.000000	0.000000	0.000000
469.999082	__gene_H_rbs	118.000000	0.000000	0.000000
469.999082	__gene_J_rbs	311.000000	0.000000	0.000000
469.999082	__gene_K_rbs	328.000000	0.000000	0.000000
469.999082	__ribosome	0.000000	0.000000	0.000000
469.999082	bound_ecolipol	1873.000000	0.000000	0.000000
469.999082	bound_ribosome	100.000000	0.000000	0.000000
469.999082	ecoli_genome	127.000000	0.000000	0.000000
469.999082	ecoli_transcript	35317.000000	0.000000	0.000000
469.999082	ecolipol	26.000000	0.000000	0.000000
469.999082	gene_A	267.000000	345.000000	0.046377
469.999082	gene_A*	133.000000	333.000000	0.018018
469.999082	gene_B	193.000000	337.000000	0.008902
469.999082	gene_C	131.000000	326.000000	0.000000
469.999082	gene_D	145.000000	322.000000	0.003106
469.999082	gene_E	144.000000	318.000000	0.006289
469.999082	gene_F	70.000000	226.000000	0.013274
469.999082	gene_G	28.000000	171.000000	0.087719
469.999082	gene_H	0.000000	118.000000	0.203390
469.999082	gene_J	103.000000	311.000000	0.093248
469.999082	gene_K	161.000000	328.000000	0.003049
469.999082	promoter_A	0.000000	0.000000	0.000000
469.999082	promoter_B1	0.000000	0.000000	0.000000
469.999082	promoter_D	0.000000	0.000000	0.000000
474.999182	__gene_A*_rbs	337.000000	0.000000	0.000000
474.999182	__gene_A_rbs	348.000000	0.000000	0.000000
474.999182	__gene_B_rbs	341.000000	0.000000	0.000000
474.999182	__gene_C_rbs	330.000000	0.000000	0.000000
474.999182	__gene_D_rbs	326.000000	0.000000	0.000000
474.999182	__gene_E_rbs	321.000000	0.000000	0.000000
474.999182	__gene_F_rbs	229.000000	0.000000	0.000000
474.999182	__gene_G_rbs	173.000000	0.000000	0.000000
474.999182	__gene_H_rbs	119.000000	0.000000	0.000000
474.999182	__gene_J_rbs	315.000000	0.000000	0.000000
474.999182	__gene_K_rbs	332.000000	0.000000	0.000000
474.999182	__ribosome	0.000000	0.000000	0.000000
474.999182	bound_ecolipol	1865.000000	0.000000	0.000000
474.999182	bound_ribosome	100.000000	0.000000	0.000000
474.999182	ecoli_genome	135.000000	0.000000	0.000000
474.999182	ecoli_transcript	35730.000000	0.000000	0.000000
474.999182	ecolipol	38.000000	0.000000	0.000000
474.999182	gene_A	268.000000	348.000000	0.043103
474.999182	gene_A*	133.000000	337.000000	0.017804
474.999182	gene_B	194.000000	341.000000	0.008798
474.999182	gene_C	131.000000	330.000000	0.000000
474.999182	gene_D	145.000000	326.000000	0.003067
474.999182	gene_E	144.000000	321.000000	0.009346
474.999182	gene_F	70.000000	229.000000	0.013100
474.999182	gene_G	28.000000	174.000000	0.091954
474.999182	gene_H	0.000000	119.000000	0.201681
474.999182	gene_J	103.000000	315.000000	0.092063
474.999182	gene_K	162.000000	332.000000	0.000000
474.999182	promoter_A	0.000000	0.000000	0.000000
474.999182	promoter_B1	0.000000	0.000000	0.000000
474.999182	promoter_D	0.000000	0.000000	0.000000
479.999073	__gene_A*_rbs	340.000000	0.000000	0.000000
479.999073	__gene_A_rbs	351.000000	0.000000	0.000000
479.999073	__gene_B_rbs	345.000000	0.000000	0.000000
479.999073	__gene_C_rbs	334.000000	0.000000	0.000000
479.999073	__gene_D_rbs	329.000000	0.000000	0.000000
479.999073	__gene_E_rbs	325.000000	0.000000	0.000000
479.999073	__gene_F_rbs	232.000000	0.000000	0.000000
479.999073	__gene_G_rbs	175.000000	0.000000	0.000000
479.999073	__gene_H_rbs	119.000000	0.000000	0.000000
479.999073	__gene_J_rbs	319.000000	0.000000	0.000000
479.999073	__gene_K_rbs	334.000000	0.000000	0.000000
479.999073	__ribosome	0.000000	0.000000	0.000000
479.999073	bound_ecolipol	1861.000000	0.000000	0.000000
479.999073	bound_ribosome	100.000000	0.000000	0.000000
479.999073	ecoli_genome	139.000000	0.000000	0.000000
479.999073	ecoli_transcript	36114.000000	0.000000	0.000000
479.999073	ecolipol	42.000000	0.000000	0.000000
479.999073	gene_A	269.000000	352.000000	0.045455
479.999073	gene_A*	133.000000	340.000000	0.020588
479.999073	gene_B	196.000000	345.000000	0.005797
479.999073	gene_C	131.000000	334.000000	0.002994
479.999073	gene_D	145.000000	329.000000	0.003040
479.999073	gene_E	147.000000	325.000000	0.003077
479.999073	gene_F	70.000000	232.000000	0.012931
479.999073	gene_G	29.000000	175.000000	0.091429
479.999073	gene_H	0.000000	119.000000	0.201681
479.999073	gene_J	103.000000	319.000000	0.090909
479.999073	gene_K	162.000000	335.000000	0.000000
479.999073	promoter_A	0.000000	0.000000	0.000000
479.999073	promoter_B1	0.000000	0.000000	0.000000
479.999073	promoter_D	0.000000	0.000000	0.000000
484.999034	__gene_A*_rbs	343.000000	0.000000	0.000000
484.999034	__gene_A_rbs	355.000000	0.000000	0.000000
484.999034	__gene_B_rbs	348.000000	0.000000	0.000000
484.999034	__gene_C_rbs	337.000000	0.000000	0.000000
484.999034	__gene_D_rbs	333.000000	0.000000	0.000000
484.999034	__gene_E_rbs	328.000000	0.000000	0.000000
484.999034	__gene_F_rbs	235.000000	0.000000	0.000000
484.999034	__gene_G_rbs	177.000000	0.000000	0.000000
484.999034	__gene_H_rbs	121.000000	0.000000	0.000000
484.999034	__gene_J_rbs	322.000000	0.000000	0.000000
484.999034	__gene_K_rbs	340.000000	0.000000	0.000000
484.999034	__ribosome	0.000000	0.000000	0.000000
484.999034	bound_ecolipol	1859.000000	0.000000	0.000000
484.999034	bound_ribosome	100.000000	0.000000	0.000000
484.999034	ecoli_genome	141.000000	0.000000	0.000000
484.999034	ecoli_transcript	36477.000000	0.000000	0.000000
484.999034	ecolipol	44.000000	0.000000	0.000000
484.999034	gene_A	269.000000	355.000000	0.045070
484.999034	gene_A*	134.000000	344.000000	0.026163
484.999034	gene_B	197.000000	348.000000	0.002874
484.999034	gene_C	132.000000	338.000000	0.000000
484.999034	gene_D	146.000000	333.000000	0.000000
484.999034	gene_E	147.000000	329.000000	0.006079
484.999034	gene_F	70.000000	235.000000	0.012766
484.999034	gene_G	30.000000	177.000000	0.084746
484.999034	gene_H	0.000000	121.000000	0.198347
484.999034	gene_J	103.000000	322.000000	0.093168
484.999034	gene_K	162.000000	340.000000	0.000000
484.999034	promoter_A	0.000000	0.000000	0.000000
484.999034	promoter_B1	0.000000	0.000000	0.000000
484.999034	promoter_D	0.000000	0.000000	0.000000
489.999093	__gene_A*_rbs	348.000000	0.000000	0.000000
489.999093	__gene_A_rbs	359.000000	0.000000	0.000000
489.999093	__gene_B_rbs	352.000000	0.000000	0.000000
489.999093	__gene_C_rbs	340.000000	0.000000	0.000000
489.999093	__gene_D_rbs	337.000000	0.000000	0.000000
489.999093	__gene_E_rbs	333.000000	0.000000	0.000000
489.999093	__gene_F_rbs	237.000000	0.000000	0.000000
489.999093	__gene_G_rbs	181.000000	0.000000	0.000000
489.999093	__gene_H_rbs	123.000000	0.000000	0.000000
489.999093	__gene_J_rbs	325.000000	0.000000	0.000000
489.999093	__gene_K_rbs	343.000000	0.000000	0.000000
489.999093	__ribosome	0.000000	0.000000	0.000000
489.999093	bound_ecolipol	1866.000000	0.000000	0.000000
489.999093	bound_ribosome	100.000000	0.000000	0.000000
489.999093	ecoli_genome	134.000000	0.000000	0.000000
489.999093	ecoli_transcript	36814.000000	0.000000	0.000000
489.999093	ecolipol	39.000000	0.000000	0.000000
489.999093	gene_A	272.000000	359.000000	0.036212
489.999093	gene_A*	135.000000	348.000000	0.022989
489.999093	gene_B	198.000000	352.000000	0.002841
489.999093	gene_C	132.000000	341.000000	0.000000
489.999093	gene_D	146.000000	337.000000	0.002967
489.999093	gene_E	148.000000	333.000000	0.006006
489.999093	gene_F	71.000000	237.000000	0.008439
489.999093	gene_G	30.000000	181.000000	0.082873
489.999093	gene_H	0.000000	123.000000	0.203252
489.999093	gene_J	104.000000	326.000000	0.095092
489.999093	gene_K	162.000000	343.000000	0.005831
489.999093	promoter_A	0.000000	0.000000	0.000000
489.999093	promoter_B1	0.000000	0.000000	0.000000
489.999093	promoter_D	0.000000	0.000000	0.000000
494.999033	__gene_A*_rbs	352.000000	0.000000	0.000000
494.999033	__gene_A_rbs	363.000000	0.000000	0.000000
494.999033	__gene_B_rbs	355.000000	0.000000	0.000000
494.999033	__gene_C_rbs	345.000000	0.000000	0.000000
494.999033	__gene_D_rbs	341.000000	0.000000	0.000000
494.999033	__gene_E_rbs	336.000000	0.000000	0.000000
494.999033	__gene_F_rbs	239.000000	0.000000	0.000000
494.999033	__gene_G_rbs	183.000000	0.000000	0.000000
494.999033	__gene_H_rbs	123.000000	0.000000	0.000000
494.999033	__gene_J_rbs	330.000000	0.000000	0.000000
494.999033	__gene_K_rbs	347.000000	0.000000	0.000000
494.999033	__ribosome	0.000000	0.000000	0.000000
494.999033	bound_ecolipol	1875.000000	0.000000	0.000000
494.999033	bound_ribosome	100.000000	0.000000	0.000000
494.999033	ecoli_genome	125.000000	0.000000	0.000000
494.999033	ecoli_transcript	37203.000000	0.000000	0.000000
494.999033	ecolipol	29.000000	0.000000	0.000000
494.999033	gene_A	273.000000	363.000000	0.046832
494.999033	gene_A*	137.000000	352.000000	0.017045
494.999033	gene_B	198.000000	356.000000	0.005618
494.999033	gene_C	132.000000	345.000000	0.000000
494.999033	gene_D	146.000000	341.000000	0.002933
494.999033	gene_E	149.000000	336.000000	0.005952
494.999033	gene_F	73.000000	239.000000	0.004184
494.999033	gene_G	31.000000	183.000000	0.081967
494.999033	gene_H	0.000000	123.000000	0.203252
494.999033	gene_J	105.000000	330.000000	0.090909
494.999033	gene_K	164.000000	347.000000	0.002882
494.999033	promoter_A	0.000000	0.000000	0.000000
494.999033	promoter_B1	0.000000	0.000000	0.000000
494.999033	promoter_D	0.000000	0.000000	0.000000
499.999121	__gene_A*_rbs	355.000000	0.000000	0.000000
499.999121	__gene_A_rbs	367.000000	0.000000	0.000000
499.999121	__gene_B_rbs	358.000000	0.000000	0.000000
499.999121	__gene_C_rbs	349.000000	0.000000	0.000000
499.999121	__gene_D_rbs	345.000000	0.000000	0.000000
499.999121	__gene_E_rbs	340.000000	0.000000	0.000000
499.999121	__gene_F_rbs	242.000000	0.000000	0.000000
499.999121	__gene_G_rbs	184.000000	0.000000	0.000000
499.999121	__gene_H_rbs	126.000000	0.000000	0.000000
499.999121	__gene_J_rbs	334.000000	0.000000	0.000000
499.999121	__gene_K_rbs	350.000000	0.000000	0.000000
499.999121	__ribosome	0.000000	0.000000	0.000000
499.999121	bound_ecolipol	1870.000000	0.000000	0.000000
499.999121	bound_ribosome	100.000000	0.000000	0.000000
499.999121	ecoli_genome	130.000000	0.000000	0.000000
499.999121	ecoli_transcript	37539.000000	0.000000	0.000000
499.999121	ecolipol	37.000000	0.000000	0.000000
499.999121	gene_A	274.000000	367.000000	0.043597
499.999121	gene_A*	138.000000	355.000000	0.014085
499.999121	gene_B	198.000000	360.000000	0.008333
499.999121	gene_C	132.000000	349.000000	0.005731
499.999121	gene_D	147.000000	345.000000	0.000000
499.999121	gene_E	150.000000	340.000000	0.002941
499.999121	gene_F	73.000000	242.000000	0.004132
499.999121	gene_G	31.000000	184.000000	0.081522
499.999121	gene_H	0.000000	126.000000	0.198413
499.999121	gene_J	105.000000	334.000000	0.095808
499.999121	gene_K	165.000000	351.000000	0.000000
499.999121	promoter_A	0.000000	0.000000	0.000000
499.999121	promoter_B1	0.000000	0.000000	0.000000
499.999121	promoter_D	0.000000	0.000000	0.000000
504.999017	__gene_A*_rbs	358.000000	0.000000	0.000000
504.999017	__gene_A_rbs	370.000000	0.000000	0.000000
504.999017	__gene_B_rbs	362.000000	0.000000	0.000000
504.999017	__gene_C_rbs	353.000000	0.000000	0.000000
504.999017	__gene_D_rbs	348.000000	0.000000	0.000000
504.999017	__gene_E_rbs	344.000000	0.000000	0.000000
504.999017	__gene_F_rbs	246.000000	0.000000	0.000000
504.999017	__gene_G_rbs	186.000000	0.000000	0.000000
504.999017	__gene_H_rbs	128.000000	0.000000	0.000000
504.999017	__gene_J_rbs	338.000000	0.000000	0.000000
504.999017	__gene_K_rbs	353.000000	0.000000	0.000000
504.999017	__ribosome	0.000000	0.000000	0.000000
504.999017	bound_ecolipol	1872.000000	0.000000	0.000000
504.999017	bound_ribosome	100.000000	0.000000	0.000000
504.999017	ecoli_genome	128.000000	0.000000	0.000000
504.999017	ecoli_transcript	37930.000000	0.000000	0.000000
504.999017	ecolipol	31.000000	0.000000	0.000000
504.999017	gene_A	275.000000	370.000000	0.040541
504.999017	gene_A*	139.000000	358.000000	0.016760
504.999017	gene_B	199.000000	363.000000	0.005510
504.999017	gene_C	134.000000	353.000000	0.002833
504.999017	gene_D	147.000000	348.000000	0.005747
504.999017	gene_E	151.000000	344.000000	0.000000
504.999017	gene_F	73.000000	246.000000	0.004065
504.999017	gene_G	31.000000	186.000000	0.080645
504.999017	gene_H	0.000000	128.000000	0.195312
504.999017	gene_J	107.000000	338.000000	0.094675
504.999017	gene_K	165.000000	354.000000	0.002825
504.999017	promoter_A	0.000000	0.000000	0.000000
504.999017	promoter_B1	0.000000	0.000000	0.000000
504.999017	promoter_D	0.000000	0.000000	0.000000
509.999383	__gene_A*_rbs	362.000000	0.000000	0.000000
509.999383	__gene_A_rbs	374.000000	0.000000	0.000000
509.999383	__gene_B_rbs	367.000000	0.000000	0.000000
509.999383	__gene_C_rbs	355.000000	0.000000	0.000000
509.999383	__gene_D_rbs	352.000000	0.000000	0.000000
509.999383	__gene_E_rbs	348.000000	0.000000	0.000000
509.999383	__gene_F_rbs	250.000000	0.000000	0.000000
509.999383	__gene_G_rbs	189.000000	0.000000	0.000000
509.999383	__gene_H_rbs	129.000000	0.000000	0.000000
509.999383	__gene_J_rbs	341.000000	0.000000	0.000000
509.999383	__gene_K_rbs	358.000000	0.000000	0.000000
509.999383	__ribosome	0.000000	0.000000	0.000000
509.999383	bound_ecolipol	1861.000000	0.000000	0.000000
509.999383	bound_ribosome	100.000000	0.000000	0.000000
509.999383	ecoli_genome	139.000000	0.000000	0.000000
509.999383	ecoli_transcript	38321.000000	0.000000	0.000000
509.999383	ecolipol	41.000000	0.000000	0.000000
509.999383	gene_A	279.000000	374.000000	0.029412
509.999383	gene_A*	139.000000	362.000000	0.016575
509.999383	gene_B	200.000000	367.000000	0.005450
509.999383	gene_C	134.000000	356.000000	0.002809
509.999383	gene_D	147.000000	352.000000	0.005682
509.999383	gene_E	151.000000	348.000000	0.002874
509.999383	gene_F	73.000000	250.000000	0.012000
509.999383	gene_G	31.000000	189.000000	0.079365
509.999383	gene_H	0.000000	129.000000	0.193798
509.999383	gene_J	107.000000	341.000000	0.096774
509.999383	gene_K	166.000000	358.000000	0.002793
509.999383	promoter_A	0.000000	0.000000	0.000000
509.999383	promoter_B1	0.000000	0.000000	0.000000
509.999383	promoter_D	0.000000	0.000000	0.000000
514.999190	__gene_A*_rbs	366.000000	0.000000	0.000000
514.999190	__gene_A_rbs	378.000000	0.000000	0.000000
514.999190	__gene_B_rbs	371.000000	0.000000	0.000000
514.999190	__gene_C_rbs	359.000000	0.000000	0.000000
514.999190	__gene_D_rbs	356.000000	0.000000	0.000000
514.999190	__gene_E_rbs	352.000000	0.000000	0.000000
514.999190	__gene_F_rbs	253.000000	0.000000	0.000000
514.999190	__gene_G_rbs	192.000000	0.000000	0.000000
514.999190	__gene_H_rbs	130.000000	0.000000	0.000000
514.999190	__gene_J_rbs	345.000000	0.000000	0.000000
514.999190	__gene_K_rbs	361.000000	0.000000	0.000000
514.999190	__ribosome	0.000000	0.000000	0.000000
514.999190	bound_ecolipol	1866.000000	0.000000	0.000000
514.999190	bound_ribosome	100.000000	0.000000	0.000000
514.999190	ecoli_genome	134.000000	0.000000	0.000000
514.999190	ecoli_transcript	38699.000000	0.000000	0.000000
514.999190	ecolipol	36.000000	0.000000	0.000000
514.999190	gene_A	279.000000	378.000000	0.029101
514.999190	gene_A*	141.000000	366.000000	0.010929
514.999190	gene_B	201.000000	371.000000	0.002695
514.999190	gene_C	135.000000	360.000000	0.002778
514.999190	gene_D	147.000000	356.000000	0.005618
514.999190	gene_E	151.000000	352.000000	0.005682
514.999190	gene_F	73.000000	253.000000	0.011858
514.999190	gene_G	31.000000	192.000000	0.078125
514.999190	gene_H	0.000000	130.000000	0.200000
514.999190	gene_J	108.000000	345.000000	0.095652
514.999190	gene_K	167.000000	362.000000	0.005525
514.999190	promoter_A	0.000000	0.000000	0.000000
514.999190	promoter_B1	0.000000	0.000000	0.000000
514.999190	promoter_D	0.000000	0.000000	0.000000
519.999046	__gene_A*_rbs	370.000000	0.000000	0.000000
519.999046	__gene_A_rbs	380.000000	0.000000	0.000000
519.999046	__gene_B_rbs	373.000000	0.000000	0.000000
519.999046	__gene_C_rbs	363.000000	0.000000	0.000000
519.999046	__gene_D_rbs	360.000000	0.000000	0.000000
519.999046	__gene_E_rbs	355.000000	0.000000	0.000000
519.999046	__gene_F_rbs	254.000000	0.000000	0.000000
519.999046	__gene_G_rbs	196.000000	0.000000	0.000000
519.999046	__gene_H_rbs	132.000000	0.000000	0.000000
519.999046	__gene_J_rbs	349.000000	0.000000	0.000000
519.999046	__gene_K_rbs	365.000000	0.000000	0.000000
519.999046	__ribosome	0.000000	0.000000	0.000000
519.999046	bound_ecolipol	1857.000000	0.000000	0.000000
519.999046	bound_ribosome	100.000000	0.000000	0.000000
519.999046	ecoli_genome	143.000000	0.000000	0.000000
519.999046	ecoli_transcript	39039.000000	0.000000	0.000000
519.999046	ecolipol	45.000000	0.000000	0.000000
519.999046	gene_A	282.000000	381.000000	0.023622
519.999046	gene_A*	143.000000	370.000000	0.008108
519.999046	gene_B	202.000000	374.000000	0.002674
519.999046	gene_C	135.000000	363.000000	0.008264
519.999046	gene_D	149.000000	360.000000	0.000000
519.999046	gene_E	153.000000	355.000000	0.000000
519.999046	gene_F	73.000000	254.000000	0.019685
519.999046	gene_G	31.000000	196.000000	0.086735
519.999046	gene_H	0.000000	132.000000	0.196970
519.999046	gene_J	109.000000	349.000000	0.097421
519.999046	gene_K	168.000000	365.000000	0.005479
519.999046	promoter_A	0.000000	0.000000	0.000000
519.999046	promoter_B1	0.000000	0.000000	0.000000
519.999046	promoter_D	0.000000	0.000000	0.000000
524.999052	__gene_A*_rbs	373.000000	0.000000	0.000000
524.999052	__gene_A_rbs	384.000000	0.000000	0.000000
524.999052	__gene_B_rbs	378.000000	0.000000	0.000000
524.999052	__gene_C_rbs	366.000000	0.000000	0.000000
524.999052	__gene_D_rbs	362.000000	0.000000	0.000000
524.999052	__gene_E_rbs	359.000000	0.000000	0.000000
524.999052	__gene_F_rbs	258.000000	0.000000	0.000000
524.999052	__gene_G_rbs	199.000000	0.000000	0.000000
524.999052	__gene_H_rbs	135.000000	0.000000	0.000000
524.999052	__gene_J_rbs	353.000000	0.000000	0.000000
524.999052	__gene_K_rbs	369.000000	0.000000	0.000000
524.999052	__ribosome	0.000000	0.000000	0.000000
524.999052	bound_ecolipol	1868.000000	0.000000	0.000000
524.999052	bound_ribosome	100.000000	0.000000	0.000000
524.999052	ecoli_genome	132.000000	0.000000	0.000000
524.999052	ecoli_transcript	39387.000000	0.000000	0.000000
524.999052	ecolipol	34.000000	0.000000	0.000000
524.999052	gene_A	283.000000	384.000000	0.020833
524.999052	gene_A*	143.000000	373.000000	0.010724
524.999052	gene_B	202.000000	378.000000	0.002646
524.999052	gene_C	136.000000	366.000000	0.005464
524.999052	gene_D	149.000000	362.000000	0.002762
524.999052	gene_E	153.000000	359.000000	0.002786
524.999052	gene_F	73.000000	258.000000	0.019380
524.999052	gene_G	31.000000	199.000000	0.085427
524.999052	gene_H	0.000000	135.000000	0.200000
524.999052	gene_J	110.000000	353.000000	0.093484
524.999052	gene_K	170.000000	369.000000	0.002710
524.999052	promoter_A	0.000000	0.000000	0.000000
524.999052	promoter_B1	0.000000	0.000000	0.000000
524.999052	promoter_D	0.000000	0.000000	0.000000
529.999381	__gene_A*_rbs	377.000000	0.000000	0.000000
529.999381	__gene_A_rbs	388.000000	0.000000	0.000000
529.999381	__gene_B_rbs	380.000000	0.000000	0.000000
529.999381	__gene_C_rbs	369.000000	0.000000	0.000000
529.999381	__gene_D_rbs	366.000000	0.000000	0.000000
529.999381	__gene_E_rbs	363.000000	0.000000	0.000000
529.999381	__gene_F_rbs	260.000000	0.000000	0.000000
529.999381	__gene_G_rbs	200.000000	0.000000	0.000000
529.999381	__gene_H_rbs	136.000000	0.000000	0.000000
529.999381	__gene_J_rbs	355.000000	0.000000	0.000000
529.999381	__gene_K_rbs	372.000000	0.000000	0.000000
529.999381	__ribosome	0.000000	0.000000	0.000000
529.999381	bound_ecolipol	1867.000000	0.000000	0.000000
529.999381	bound_ribosome	100.000000	0.000000	0.000000
529.999381	ecoli_genome	133.000000	0.000000	0.000000
529.999381	ecoli_transcript	39760.000000	0.000000	0.000000
529.999381	ecolipol	36.000000	0.000000	0.000000
529.999381	gene_A	283.000000	388.000000	0.020619
529.999381	gene_A*	143.000000	377.000000	0.013263
529.999381	gene_B	202.000000	382.000000	0.007853
529.999381	gene_C	138.000000	370.000000	0.000000
529.999381	gene_D	149.000000	366.000000	0.002732
529.999381	gene_E	153.000000	363.000000	0.002755
529.999381	gene_F	73.000000	260.000000	0.019231
529.999381	gene_G	31.000000	200.000000	0.085000
529.999381	gene_H	0.000000	136.000000	0.198529
529.999381	gene_J	110.000000	356.000000	0.092697
529.999381	gene_K	171.000000	372.000000	0.000000
529.999381	promoter_A	0.000000	0.000000	0.000000
529.999381	promoter_B1	0.000000	0.000000	0.000000
529.999381	promoter_D	0.000000	0.000000	0.000000
534.999075	__gene_A*_rbs	380.000000	0.000000	0.000000
534.999075	__gene_A_rbs	392.000000	0.000000	0.000000
534.999075	__gene_B_rbs	386.000000	0.000000	0.000000
534.999075	__gene_C_rbs	374.000000	0.000000	0.000000
534.999075	__gene_D_rbs	370.000000	0.000000	0.000000
534.999075	__gene_E_rbs	366.000000	0.000000	0.000000
534.999075	__gene_F_rbs	262.000000	0.000000	0.000000
534.999075	__gene_G_rbs	202.000000	0.000000	0.000000
534.999075	__gene_H_rbs	138.000000	0.000000	0.000000
534.999075	__gene_J_rbs	360.000000	0.000000	0.000000
534.999075	__gene_K_rbs	376.000000	0.000000	0.000000
534.999075	__ribosome	0.000000	0.000000	0.000000
534.999075	bound_ecolipol	1863.000000	0.000000	0.000000
534.999075	bound_ribosome	100.000000	0.000000	0.000000
534.999075	ecoli_genome	137.000000	0.000000	0.000000
534.999075	ecoli_transcript	40130.000000	0.000000	0.000000
534.999075	ecolipol	43.000000	0.000000	0.000000
534.999075	gene_A	285.000000	392.000000	0.015306
534.999075	gene_A*	143.000000	380.000000	0.013158
534.999075	gene_B	203.000000	386.000000	0.010363
534.999075	gene_C	138.000000	374.000000	0.000000
534.999075	gene_D	149.000000	370.000000	0.005405
534.999075	gene_E	154.000000	366.000000	0.002732
534.999075	gene_F	73.000000	262.000000	0.019084
534.999075	gene_G	32.000000	202.000000	0.079208
534.999075	gene_H	0.000000	138.000000	0.202899
534.999075	gene_J	110.000000	360.000000	0.091667
534.999075	gene_K	171.000000	376.000000	0.000000
534.999075	promoter_A	0.000000	0.000000	0.000000
534.999075	promoter_B1	0.000000	0.000000	0.000000
534.999075	promoter_D	0.000000	0.000000	0.000000
539.999139	__gene_A*_rbs	384.000000	0.000000	0.000000
539.999139	__gene_A_rbs	394.000000	0.000000	0.000000
539.999139	__gene_B_rbs	389.000000	0.000000	0.000000
539.999139	__gene_C_rbs	378.000000	0.000000	0.000000
539.999139	__gene_D_rbs	374.000000	0.000000	0.000000
539.999139	__gene_E_rbs	370.000000	0.000000	0.000000
539.999139	__gene_F_rbs	264.000000	0.000000	0.000000
539.999139	__gene_G_rbs	203.000000	0.000000	0.000000
539.999139	__gene_H_rbs	141.000000	0.000000	0.000000
539.999139	__gene_J_rbs	364.000000	0.000000	0.000000
539.999139	__gene_K_rbs	379.000000	0.000000	0.000000
539.999139	__ribosome	0.000000	0.000000	0.000000
539.999139	bound_ecolipol	1872.000000	0.000000	0.000000
539.999139	bound_ribosome	100.000000	0.000000	0.000000
539.999139	ecoli_genome	128.000000	0.000000	0.000000
539.999139	ecoli_transcript	40520.000000	0.000000	0.000000
539.999139	ecolipol	35.000000	0.000000	0.000000
539.999139	gene_A	285.000000	395.000000	0.020253
539.999139	gene_A*	145.000000	384.000000	0.007812
539.999139	gene_B	204.000000	389.000000	0.007712
539.999139	gene_C	138.000000	378.000000	0.005291
539.999139	gene_D	150.000000	374.000000	0.002674
539.999139	gene_E	154.000000	370.000000	0.002703
539.999139	gene_F	74.000000	264.000000	0.015152
539.999139	gene_G	32.000000	203.000000	0.078818
539.999139	gene_H	0.000000	141.000000	0.198582
539.999139	gene_J	110.000000	364.000000	0.093407
539.999139	gene_K	171.000000	380.000000	0.000000
539.999139	promoter_A	0.000000	0.000000	0.000000
539.999139	promoter_B1	0.000000	0.000000	0.000000
539.999139	promoter_D	0.000000	0.000000	0.000000
544.999081	__gene_A*_rbs	388.000000	0.000000	0.000000
544.999081	__gene_A_rbs	399.000000	0.000000	0.000000
544.999081	__gene_B_rbs	392.000000	0.000000	0.000000
544.999081	__gene_C_rbs	382.000000	0.000000	0.000000
544.999081	__gene_D_rbs	377.000000	0.000000	0.000000
544.999081	__gene_E_rbs	374.000000	0.000000	0.000000
544.999081	__gene_F_rbs	267.000000	0.000000	0.000000
544.999081	__gene_G_rbs	204.000000	0.000000	0.000000
544.999081	__gene_H_rbs	143.000000	0.000000	0.000000
544.999081	__gene_J_rbs	366.000000	0.000000	0.000000
544.999081	__gene_K_rbs	384.000000	0.000000	0.000000
544.999081	__ribosome	0.000000	0.000000	0.000000
544.999081	bound_ecolipol	1868.000000	0.000000	0.000000
544.999081	bound_ribosome	100.000000	0.000000	0.000000
544.999081	ecoli_genome	132.000000	0.000000	0.000000
544.999081	ecoli_transcript	40903.000000	0.000000	0.000000
544.999081	ecolipol	40.000000	0.000000	0.000000
544.999081	gene_A	287.000000	399.000000	0.015038
544.999081	gene_A*	145.000000	388.000000	0.010309
544.999081	gene_B	207.000000	393.000000	0.000000
544.999081	gene_C	139.000000	382.000000	0.002618
544.999081	gene_D	150.000000	378.000000	0.005291
544.999081	gene_E	155.000000	374.000000	0.002674
544.999081	gene_F	74.000000	267.000000	0.014981
544.999081	gene_G	32.000000	204.000000	0.083333
544.999081	gene_H	0.000000	143.000000	0.202797
544.999081	gene_J	111.000000	367.000000	0.092643
544.999081	gene_K	171.000000	384.000000	0.005208
544.999081	promoter_A	0.000000	0.000000	0.000000
544.999081	promoter_B1	0.000000	0.000000	0.000000
544.999081	promoter_D	0.000000	0.000000	0.000000
549.999016	__gene_A*_rbs	391.000000	0.000000	0.000000
549.999016	__gene_A_rbs	402.000000	0.000000	0.000000
549.999016	__gene_B_rbs	397.000000	0.000000	0.000000
549.999016	__gene_C_rbs	385.000000	0.000000	0.000000
549.999016	__gene_D_rbs	381.000000	0.000000	0.000000
549.999016	__gene_E_rbs	376.000000	0.000000	0.000000
549.999016	__gene_F_rbs	268.000000	0.000000	0.000000
549.999016	__gene_G_rbs	206.000000	0.000000	0.000000
549.999016	__gene_H_rbs	144.000000	0.000000	0.000000
549.999016	__gene_J_rbs	371.000000	0.000000	0.000000
549.999016	__gene_K_rbs	387.000000	0.000000	0.000000
549.999016	__ribosome	0.000000	0.000000	0.000000
549.999016	bound_ecolipol	1871.000000	0.000000	0.000000
549.999016	bound_ribosome	100.000000	0.000000	0.000000
549.999016	ecoli_genome	129.000000	0.000000	0.000000
549.999016	ecoli_transcript	41271.000000	0.000000	0.000000
549.999016	ecolipol	39.000000	0.000000	0.000000
549.999016	gene_A	290.000000	402.000000	0.007463
549.999016	gene_A*	145.000000	391.000000	0.010230
549.999016	gene_B	207.000000	397.000000	0.002519
549.999016	gene_C	140.000000	386.000000	0.002591
549.999016	gene_D	151.000000	381.000000	0.005249
549.999016	gene_E	155.000000	377.000000	0.002653
549.999016	gene_F	75.000000	268.000000	0.014925
549.999016	gene_G	32.000000	206.000000	0.087379
549.999016	gene_H	0.000000	144.000000	0.201389
549.999016	gene_J	112.000000	371.000000	0.088949
549.999016	gene_K	173.000000	388.000000	0.010309
549.999016	promoter_A	0.000000	0.000000	0.000000
549.999016	promoter_B1	0.000000	0.000000	0.000000
549.999016	promoter_D	0.000000	0.000000	0.000000
554.999070	__gene_A*_rbs	395.000000	0.000000	0.000000
554.999070	__gene_A_rbs	406.000000	0.000000	0.000000
554.999070	__gene_B_rbs	399.000000	0.000000	0.000000
554.999070	__gene_C_rbs	390.000000	0.000000	0.000000
554.999070	__gene_D_rbs	385.000000	0.000000	0.000000
554.999070	__gene_E_rbs	381.000000	0.000000	0.000000
554.999070	__gene_F_rbs	270.000000	0.000000	0.000000
554.999070	__gene_G_rbs	209.000000	0.000000	0.000000
554.999070	__gene_H_rbs	145.000000	0.000000	0.000000
554.999070	__gene_J_rbs	374.000000	0.000000	0.000000
554.999070	__gene_K_rbs	392.000000	0.000000	0.000000
554.999070	__ribosome	0.000000	0.000000	0.000000
554.999070	bound_ecolipol	1880.000000	0.000000	0.000000
554.999070	bound_ribosome	100.000000	0.000000	0.000000
554.999070	ecoli_genome	120.000000	0.000000	0.000000
554.999070	ecoli_transcript	41674.000000	0.000000	0.000000
554.999070	ecolipol	30.000000	0.000000	0.000000
554.999070	gene_A	290.000000	406.000000	0.007389
554.999070	gene_A*	146.000000	395.000000	0.010127
554.999070	gene_B	207.000000	400.000000	0.002500
554.999070	gene_C	140.000000	390.000000	0.005128
554.999070	gene_D	151.000000	385.000000	0.005195
554.999070	gene_E	156.000000	381.000000	0.002625
554.999070	gene_F	76.000000	270.000000	0.011111
554.999070	gene_G	32.000000	209.000000	0.090909
554.999070	gene_H	0.000000	145.000000	0.200000
554.999070	gene_J	112.000000	374.000000	0.090909
554.999070	gene_K	176.000000	392.000000	0.005102
554.999070	promoter_A	0.000000	0.000000	0.000000
554.999070	promoter_B1	0.000000	0.000000	0.000000
554.999070	promoter_D	0.000000	0.000000	0.000000
559.999264	__gene_A*_rbs	399.000000	0.000000	0.000000
559.999264	__gene_A_rbs	410.000000	0.000000	0.000000
559.999264	__gene_B_rbs	404.000000	0.000000	0.000000
559.999264	__gene_C_rbs	393.000000	0.000000	0.000000
559.999264	__gene_D_rbs	389.000000	0.000000	0.000000
559.999264	__gene_E_rbs	385.000000	0.000000	0.000000
559.999264	__gene_F_rbs	273.000000	0.000000	0.000000
559.999264	__gene_G_rbs	212.000000	0.000000	0.000000
559.999264	__gene_H_rbs	144.000000	0.000000	0.000000
559.999264	__gene_J_rbs	378.000000	0.000000	0.000000
559.999264	__gene_K_rbs	395.000000	0.000000	0.000000
559.999264	__ribosome	0.000000	0.000000	0.000000
559.999264	bound_ecolipol	1871.000000	0.000000	0.000000
559.999264	bound_ribosome	100.000000	0.000000	0.000000
559.999264	ecoli_genome	129.000000	0.000000	0.000000
559.999264	ecoli_transcript	42071.000000	0.000000	0.000000
559.999264	ecolipol	38.000000	0.000000	0.000000
559.999264	gene_A	290.000000	410.000000	0.007317
559.999264	gene_A*	148.000000	399.000000	0.005013
559.999264	gene_B	208.000000	404.000000	0.000000
559.999264	gene_C	141.000000	393.000000	0.002545
559.999264	gene_D	152.000000	389.000000	0.005141
559.999264	gene_E	156.000000	385.000000	0.010390
559.999264	gene_F	76.000000	273.000000	0.010989
559.999264	gene_G	32.000000	212.000000	0.094340
559.999264	gene_H	0.000000	145.000000	0.206897
559.999264	gene_J	113.000000	378.000000	0.092593
559.999264	gene_K	178.000000	395.000000	0.000000
559.999264	promoter_A	0.000000	0.000000	0.000000
559.999264	promoter_B1	0.000000	0.000000	0.000000
559.999264	promoter_D	0.000000	0.000000	0.000000
564.999087	__gene_A*_rbs	402.000000	0.000000	0.000000
564.999087	__gene_A_rbs	413.000000	0.000000	0.000000
564.999087	__gene_B_rbs	407.000000	0.000000	0.000000
564.999087	__gene_C_rbs	397.000000	0.000000	0.000000
564.999087	__gene_D_rbs	393.000000	0.000000	0.000000
564.999087	__gene_E_rbs	389.000000	0.000000	0.000000
564.999087	__gene_F_rbs	276.000000	0.000000	0.000000
564.999087	__gene_G_rbs	214.000000	0.000000	0.000000
564.999087	__gene_H_rbs	146.000000	0.000000	0.000000
564.999087	__gene_J_rbs	381.000000	0.000000	0.000000
564.999087	__gene_K_rbs	399.000000	0.000000	0.000000
564.999087	__ribosome	0.000000	0.000000	0.000000
564.999087	bound_ecolipol	1870.000000	0.000000	0.000000
564.999087	bound_ribosome	100.000000	0.000000	0.000000
564.999087	ecoli_genome	130.000000	0.000000	0.000000
564.999087	ecoli_transcript	42461.000000	0.000000	0.000000
564.999087	ecolipol	41.000000	0.000000	0.000000
564.999087	gene_A	290.000000	413.000000	0.007264
564.999087	gene_A*	148.000000	402.000000	0.004975
564.999087	gene_B	208.000000	407.000000	0.004914
564.999087	gene_C	142.000000	397.000000	0.005038
564.999087	gene_D	153.000000	393.000000	0.005089
564.999087	gene_E	157.000000	389.000000	0.010283
564.999087	gene_F	78.000000	276.000000	0.003623
564.999087	gene_G	34.000000	214.000000	0.084112
564.999087	gene_H	0.000000	146.000000	0.205479
564.999087	gene_J	116.000000	382.000000	0.091623
564.999087	gene_K	178.000000	399.000000	0.002506
564.999087	promoter_A	0.000000	0.000000	0.000000
564.999087	promoter_B1	0.000000	0.000000	0.000000
564.999087	promoter_D	0.000000	0.000000	0.000000
569.999062	__gene_A*_rbs	405.000000	0.000000	0.000000
569.999062	__gene_A_rbs	416.000000	0.000000	0.000000
569.999062	__gene_B_rbs	411.000000	0.000000	0.000000
569.999062	__gene_C_rbs	401.000000	0.000000	0.000000
569.999062	__gene_D_rbs	397.000000	0.000000	0.000000
569.999062	__gene_E_rbs	392.000000	0.000000	0.000000
569.999062	__gene_F_rbs	277.000000	0.000000	0.000000
569.999062	__gene_G_rbs	218.000000	0.000000	0.000000
569.999062	__gene_H_rbs	146.000000	0.000000	0.000000
569.999062	__gene_J_rbs	385.000000	0.000000	0.000000
569.999062	__gene_K_rbs	403.000000	0.000000	0.000000
569.999062	__ribosome	0.000000	0.000000	0.000000
569.999062	bound_ecolipol	1868.000000	0.000000	0.000000
569.999062	bound_ribosome	100.000000	0.000000	0.000000
569.999062	ecoli_genome	132.000000	0.000000	0.000000
569.999062	ecoli_transcript	42832.000000	0.000000	0.000000
569.999062	ecolipol	46.000000	0.000000	0.000000
569.999062	gene_A	291.000000	417.000000	0.009592
569.999062	gene_A*	148.000000	405.000000	0.007407
569.999062	gene_B	208.000000	411.000000	0.007299
569.999062	gene_C	143.000000	401.000000	0.004988
569.999062	gene_D	153.000000	397.000000	0.005038
569.999062	gene_E	160.000000	393.000000	0.007634
569.999062	gene_F	78.000000	277.000000	0.003610
569.999062	gene_G	35.000000	218.000000	0.082569
569.999062	gene_H	0.000000	146.000000	0.205479
569.999062	gene_J	117.000000	385.000000	0.088312
569.999062	gene_K	179.000000	403.000000	0.000000
569.999062	promoter_A	0.000000	0.000000	0.000000
569.999062	promoter_B1	0.000000	0.000000	0.000000
569.999062	promoter_D	0.000000	0.000000	0.000000
574.999456	__gene_A*_rbs	409.000000	0.000000	0.000000
574.999456	__gene_A_rbs	421.000000	0.000000	0.000000
574.999456	__gene_B_rbs	415.000000	0.000000	0.000000
574.999456	__gene_C_rbs	405.000000	0.000000	0.000000
574.999456	__gene_D_rbs	400.000000	0.000000	0.000000
574.999456	__gene_E_rbs	396.000000	0.000000	0.000000
574.999456	__gene_F_rbs	281.000000	0.000000	0.000000
574.999456	__gene_G_rbs	219.000000	0.000000	0.000000
574.999456	__gene_H_rbs	148.000000	0.000000	0.000000
574.999456	__gene_J_rbs	389.000000	0.000000	0.000000
574.999456	__gene_K_rbs	406.000000	0.000000	0.000000
574.999456	__ribosome	0.000000	0.000000	0.000000
574.999456	bound_ecolipol	1858.000000	0.000000	0.000000
574.999456	bound_ribosome	100.000000	0.000000	0.000000
574.999456	ecoli_genome	142.000000	0.000000	0.000000
574.999456	ecoli_transcript	43220.000000	0.000000	0.000000
574.999456	ecolipol	54.000000	0.000000	0.000000
574.999456	gene_A	291.000000	421.000000	0.011876
574.999456	gene_A*	148.000000	409.000000	0.007335
574.999456	gene_B	210.000000	415.000000	0.004819
574.999456	gene_C	144.000000	405.000000	0.004938
574.999456	gene_D	154.000000	400.000000	0.002500
574.999456	gene_E	161.000000	396.000000	0.005051
574.999456	gene_F	78.000000	281.000000	0.003559
574.999456	gene_G	35.000000	219.000000	0.086758
574.999456	gene_H	0.000000	149.000000	0.201342
574.999456	gene_J	117.000000	389.000000	0.089974
574.999456	gene_K	179.000000	407.000000	0.000000
574.999456	promoter_A	0.000000	0.000000	0.000000
574.999456	promoter_B1	0.000000	0.000000	0.000000
574.999456	promoter_D	0.000000	0.000000	0.000000
579.999009	__gene_A*_rbs	412.000000	0.000000	0.000000
579.999009	__gene_A_rbs	424.000000	0.000000	0.000000
579.999009	__gene_B_rbs	419.000000	0.000000	0.000000
579.999009	__gene_C_rbs	408.000000	0.000000	0.000000
579.999009	__gene_D_rbs	404.000000	0.000000	0.000000
579.999009	__gene_E_rbs	400.000000	0.000000	0.000000
579.999009	__gene_F_rbs	283.000000	0.000000	0.000000
579.999009	__gene_G_rbs	221.000000	0.000000	0.000000
579.999009	__gene_H_rbs	150.000000	0.000000	0.000000
579.999009	__gene_J_rbs	393.000000	0.000000	0.000000
579.999009	__gene_K_rbs	410.000000	0.000000	0.000000
579.999009	__ribosome	0.000000	0.000000	0.000000
579.999009	bound_ecolipol	1883.000000	0.000000	0.000000
579.999009	bound_ribosome	100.000000	0.000000	0.000000
579.999009	ecoli_genome	117.000000	0.000000	0.000000
579.999009	ecoli_transcript	43544.000000	0.000000	0.000000
579.999009	ecolipol	29.000000	0.000000	0.000000
579.999009	gene_A	291.000000	424.000000	0.018868
579.999009	gene_A*	149.000000	412.000000	0.004854
579.999009	gene_B	211.000000	419.000000	0.002387
579.999009	gene_C	145.000000	408.000000	0.004902
579.999009	gene_D	155.000000	404.000000	0.002475
579.999009	gene_E	163.000000	400.000000	0.000000
579.999009	gene_F	78.000000	283.000000	0.007067
579.999009	gene_G	36.000000	221.000000	0.081448
579.999009	gene_H	0.000000	150.000000	0.206667
579.999009	gene_J	118.000000	393.000000	0.089059
579.999009	gene_K	179.000000	410.000000	0.000000
579.999009	promoter_A	0.000000	0.000000	0.000000
579.999009	promoter_B1	0.000000	0.000000	0.000000
579.999009	promoter_D	0.000000	0.000000	0.000000
584.999072	__gene_A*_rbs	416.000000	0.000000	0.000000
584.999072	__gene_A_rbs	428.000000	0.000000	0.000000
584.999072	__gene_B_rbs	422.000000	0.000000	0.000000
584.999072	__gene_C_rbs	412.000000	0.000000	0.000000
584.999072	__gene_D_rbs	408.000000	0.000000	0.000000
584.999072	__gene_E_rbs	404.000000	0.000000	0.000000
584.999072	__gene_F_rbs	287.000000	0.000000	0.000000
584.999072	__gene_G_rbs	222.000000	0.000000	0.000000
584.999072	__gene_H_rbs	151.000000	0.000000	0.000000
584.999072	__gene_J_rbs	397.000000	0.000000	0.000000
584.999072	__gene_K_rbs	414.000000	0.000000	0.000000
584.999072	__ribosome	0.000000	0.000000	0.000000
584.999072	bound_ecolipol	1876.000000	0.000000	0.000000
584.999072	bound_ribosome	100.000000	0.000000	0.000000
584.999072	ecoli_genome	124.000000	0.000000	0.000000
584.999072	ecoli_transcript	43888.000000	0.000000	0.000000
584.999072	ecolipol	35.000000	0.000000	0.000000
584.999072	gene_A	291.000000	428.000000	0.018692
584.999072	gene_A*	149.000000	416.000000	0.004808
584.999072	gene_B	212.000000	422.000000	0.000000
584.999072	gene_C	146.000000	412.000000	0.002427
584.999072	gene_D	155.000000	408.000000	0.004902
584.999072	gene_E	163.000000	404.000000	0.000000
584.999072	gene_F	78.000000	287.000000	0.006969
584.999072	gene_G	36.000000	222.000000	0.081081
584.999072	gene_H	0.000000	151.000000	0.205298
584.999072	gene_J	118.000000	397.000000	0.088161
584.999072	gene_K	179.000000	414.000000	0.002415
584.999072	promoter_A	0.000000	0.000000	0.000000
584.999072	promoter_B1	0.000000	0.000000	0.000000
584.999072	promoter_D	0.000000	0.000000	0.000000
589.999086	__gene_A*_rbs	419.000000	0.000000	0.000000
589.999086	__gene_A_rbs	431.000000	0.000000	0.000000
589.999086	__gene_B_rbs	426.000000	0.000000	0.000000
589.999086	__gene_C_rbs	415.000000	0.000000	0.000000
589.999086	__gene_D_rbs	412.000000	0.000000	0.000000
589.999086	__gene_E_rbs	407.000000	0.000000	0.000000
589.999086	__gene_F_rbs	291.000000	0.000000	0.000000
589.999086	__gene_G_rbs	223.000000	0.000000	0.000000
589.999086	__gene_H_rbs	153.000000	0.000000	0.000000
589.999086	__gene_J_rbs	400.000000	0.000000	0.000000
589.999086	__gene_K_rbs	417.000000	0.000000	0.000000
589.999086	__ribosome	0.000000	0.000000	0.000000
589.999086	bound_ecolipol	1876.000000	0.000000	0.000000
589.999086	bound_ribosome	100.000000	0.000000	0.000000
589.999086	ecoli_genome	124.000000	0.000000	0.000000
589.999086	ecoli_transcript	44241.000000	0.000000	0.000000
589.999086	ecolipol	33.000000	0.000000	0.000000
589.999086	gene_A	292.000000	432.000000	0.018519
589.999086	gene_A*	150.000000	420.000000	0.002381
589.999086	gene_B	212.000000	426.000000	0.000000
589.999086	gene_C	147.000000	415.000000	0.000000
589.999086	gene_D	155.000000	412.000000	0.007282
589.999086	gene_E	163.000000	407.000000	0.002457
589.999086	gene_F	79.000000	291.000000	0.003436
589.999086	gene_G	37.000000	223.000000	0.076233
589.999086	gene_H	0.000000	153.000000	0.209150
589.999086	gene_J	118.000000	400.000000	0.092500
589.999086	gene_K	180.000000	417.000000	0.000000
589.999086	promoter_A	0.000000	0.000000	0.000000
589.999086	promoter_B1	0.000000	0.000000	0.000000
589.999086	promoter_D	0.000000	0.000000	0.000000
594.999038	__gene_A*_rbs	422.000000	0.000000	0.000000
594.999038	__gene_A_rbs	436.000000	0.000000	0.000000
594.999038	__gene_B_rbs	430.000000	0.000000	0.000000
594.999038	__gene_C_rbs	419.000000	0.000000	0.000000
594.999038	__gene_D_rbs	416.000000	0.000000	0.000000
594.999038	__gene_E_rbs	410.000000	0.000000	0.000000
594.999038	__gene_F_rbs	292.000000	0.000000	0.000000
594.999038	__gene_G_rbs	224.000000	0.000000	0.000000
594.999038	__gene_H_rbs	154.000000	0.000000	0.000000
594.999038	__gene_J_rbs	404.000000	0.000000	0.000000
594.999038	__gene_K_rbs	421.000000	0.000000	0.000000
594.999038	__ribosome	0.000000	0.000000	0.000000
594.999038	bound_ecolipol	1871.000000	0.000000	0.000000
594.999038	bound_ribosome	100.000000	0.000000	0.000000
594.999038	ecoli_genome	129.000000	0.000000	0.000000
594.999038	ecoli_transcript	44601.000000	0.000000	0.000000
594.999038	ecolipol	38.000000	0.000000	0.000000
594.999038	gene_A	293.000000	436.000000	0.018349
594.999038	gene_A*	150.000000	423.000000	0.002364
594.999038	gene_B	212.000000	430.000000	0.000000
594.999038	gene_C	147.000000	419.000000	0.002387
594.999038	gene_D	156.000000	416.000000	0.009615
594.999038	gene_E	164.000000	411.000000	0.002433
594.999038	gene_F	79.000000	292.000000	0.006849
594.999038	gene_G	38.000000	224.000000	0.071429
594.999038	gene_H	0.000000	154.000000	0.207792
594.999038	gene_J	121.000000	404.000000	0.086634
594.999038	gene_K	180.000000	421.000000	0.000000
594.999038	promoter_A	0.000000	0.000000	0.000000
594.999038	promoter_B1	0.000000	0.000000	0.000000
594.999038	promoter_D	0.000000	0.000000	0.000000
599.999469	__gene_A*_rbs	427.000000	0.000000	0.000000
599.999469	__gene_A_rbs	439.000000	0.000000	0.000000
599.999469	__gene_B_rbs	433.000000	0.000000	0.000000
599.999469	__gene_C_rbs	423.000000	0.000000	0.000000
599.999469	__gene_D_rbs	419.000000	0.000000	0.000000
599.999469	__gene_E_rbs	415.000000	0.000000	0.000000
599.999469	__gene_F_rbs	295.000000	0.000000	0.000000
599.999469	__gene_G_rbs	227.000000	0.000000	0.000000
599.999469	__gene_H_rbs	155.000000	0.000000	0.000000
599.999469	__gene_J_rbs	408.000000	0.000000	0.000000
599.999469	__gene_K_rbs	425.000000	0.000000	0.000000
599.999469	__ribosome	0.000000	0.000000	0.000000
599.999469	bound_ecolipol	1880.000000	0.000000	0.000000
599.999469	bound_ribosome	100.000000	0.000000	0.000000
599.999469	ecoli_genome	120.000000	0.000000	0.000000
599.999469	ecoli_transcript	44977.000000	0.000000	0.000000
599.999469	ecolipol	28.000000	0.000000	0.000000
599.999469	gene_A	293.000000	439.000000	0.018223
599.999469	gene_A*	150.000000	427.000000	0.004684
599.999469	gene_B	212.000000	433.000000	0.000000
599.999469	gene_C	147.000000	423.000000	0.002364
599.999469	gene_D	157.000000	419.000000	0.007160
599.999469	gene_E	164.000000	415.000000	0.002410
599.999469	gene_F	79.000000	295.000000	0.006780
599.999469	gene_G	38.000000	227.000000	0.070485
599.999469	gene_H	0.000000	155.000000	0.206452
599.999469	gene_J	121.000000	408.000000	0.085784
599.999469	gene_K	180.000000	425.000000	0.000000
599.999469	promoter_A	0.000000	0.000000	0.000000
599.999469	promoter_B1	0.000000	0.000000	0.000000
599.999469	promoter_D	0.000000	0.000000	0.000000
604.999124	__gene_A*_rbs	431.000000	0.000000	0.000000
604.999124	__gene_A_rbs	443.000000	0.000000	0.000000
604.999124	__gene_B_rbs	437.000000	0.000000	0.000000
604.999124	__gene_C_rbs	426.000000	0.000000	0.000000
604.999124	__gene_D_rbs	422.000000	0.000000	0.000000
604.999124	__gene_E_rbs	419.000000	0.000000	0.000000
604.999124	__gene_F_rbs	298.000000	0.000000	0.000000
604.999124	__gene_G_rbs	228.000000	0.000000	0.000000
604.999124	__gene_H_rbs	156.000000	0.000000	0.000000
604.999124	__gene_J_rbs	411.000000	0.000000	0.000000
604.999124	__gene_K_rbs	429.000000	0.000000	0.000000
604.999124	__ribosome	0.000000	0.000000	0.000000
604.999124	bound_ecolipol	1863.000000	0.000000	0.000000
604.999124	bound_ribosome	100.000000	0.000000	0.000000
604.999124	ecoli_genome	137.000000	0.000000	0.000000
604.999124	ecoli_transcript	45354.000000	0.000000	0.000000
604.999124	ecolipol	43.000000	0.000000	0.000000
604.999124	gene_A	293.000000	443.000000	0.018059
604.999124	gene_A*	151.000000	431.000000	0.002320
604.999124	gene_B	212.000000	437.000000	0.002288
604.999124	gene_C	148.000000	427.000000	0.002342
604.999124	gene_D	158.000000	422.000000	0.007109
604.999124	gene_E	165.000000	419.000000	0.002387
604.999124	gene_F	79.000000	298.000000	0.006711
604.999124	gene_G	38.000000	228.000000	0.070175
604.999124	gene_H	0.000000	156.000000	0.205128
604.999124	gene_J	121.000000	411.000000	0.085158
604.999124	gene_K	180.000000	429.000000	0.000000
604.999124	promoter_A	0.000000	0.000000	0.000000
604.999124	promoter_B1	0.000000	0.000000	0.000000
604.999124	promoter_D	0.000000	0.000000	0.000000
609.999059	__gene_A*_rbs	435.000000	0.000000	0.000000
609.999059	__gene_A_rbs	446.000000	0.000000	0.000000
609.999059	__gene_B_rbs	441.000000	0.000000	0.000000
609.999059	__gene_C_rbs	429.000000	0.000000	0.000000
609.999059	__gene_D_rbs	426.000000	0.000000	0.000000
609.999059	__gene_E_rbs	422.000000	0.000000	0.000000
609.999059	__gene_F_rbs	301.000000	0.000000	0.000000
609.999059	__gene_G_rbs	231.000000	0.000000	0.000000
609.999059	__gene_H_rbs	157.000000	0.000000	0.000000
609.999059	__gene_J_rbs	415.000000	0.000000	0.000000
609.999059	__gene_K_rbs	432.000000	0.000000	0.000000
609.999059	__ribosome	0.000000	0.000000	0.000000
609.999059	bound_ecolipol	1860.000000	0.000000	0.000000
609.999059	bound_ribosome	100.000000	0.000000	0.000000
609.999059	ecoli_genome	140.000000	0.000000	0.000000
609.999059	ecoli_transcript	45746.000000	0.000000	0.000000
609.999059	ecolipol	44.000000	0.000000	0.000000
609.999059	gene_A	293.000000	446.000000	0.017937
609.999059	gene_A*	151.000000	435.000000	0.002299
609.999059	gene_B	212.000000	441.000000	0.002268
609.999059	gene_C	148.000000	430.000000	0.002326
609.999059	gene_D	160.000000	426.000000	0.002347
609.999059	gene_E	165.000000	422.000000	0.004739
609.999059	gene_F	79.000000	301.000000	0.006645
609.999059	gene_G	38.000000	231.000000	0.069264
609.999059	gene_H	0.000000	157.000000	0.203822
609.999059	gene_J	121.000000	415.000000	0.084337
609.999059	gene_K	180.000000	432.000000	0.002315
609.999059	promoter_A	0.000000	0.000000	0.000000
609.999059	promoter_B1	0.000000	0.000000	0.000000
609.999059	promoter_D	0.000000	0.000000	0.000000
614.999240	__gene_A*_rbs	438.000000	0.000000	0.000000
614.999240	__gene_A_rbs	450.000000	0.000000	0.000000
614.999240	__gene_B_rbs	442.000000	0.000000	0.000000
614.999240	__gene_C_rbs	434.000000	0.000000	0.000000
614.999240	__gene_D_rbs	430.000000	0.000000	0.000000
614.999240	__gene_E_rbs	425.000000	0.000000	0.000000
614.999240	__gene_F_rbs	305.000000	0.000000	0.000000
614.999240	__gene_G_rbs	233.000000	0.000000	0.000000
614.999240	__gene_H_rbs	159.000000	0.000000	0.000000
614.999240	__gene_J_rbs	419.000000	0.000000	0.000000
614.999240	__gene_K_rbs	436.000000	0.000000	0.000000
614.999240	__ribosome	0.000000	0.000000	0.000000
614.999240	bound_ecolipol	1879.000000	0.000000	0.000000
614.999240	bound_ribosome	100.000000	0.000000	0.000000
614.999240	ecoli_genome	121.000000	0.000000	0.000000
614.999240	ecoli_transcript	46146.000000	0.000000	0.000000
614.999240	ecolipol	24.000000	0.000000	0.000000
614.999240	gene_A	293.000000	450.000000	0.017778
614.999240	gene_A*	151.000000	438.000000	0.002283
614.999240	gene_B	213.000000	444.000000	0.004505
614.999240	gene_C	149.000000	434.000000	0.000000
614.999240	gene_D	160.000000	430.000000	0.002326
614.999240	gene_E	166.000000	426.000000	0.004695
614.999240	gene_F	79.000000	305.000000	0.006557
614.999240	gene_G	38.000000	233.000000	0.068670
614.999240	gene_H	0.000000	159.000000	0.207547
614.999240	gene_J	121.000000	419.000000	0.083532
614.999240	gene_K	181.000000	436.000000	0.000000
614.999240	promoter_A	0.000000	0.000000	0.000000
614.999240	promoter_B1	0.000000	0.000000	0.000000
614.999240	promoter_D	0.000000	0.000000	0.000000
619.999073	__gene_A*_rbs	442.000000	0.000000	0.000000
619.999073	__gene_A_rbs	453.000000	0.000000	0.000000
619.999073	__gene_B_rbs	448.000000	0.000000	0.000000
619.999073	__gene_C_rbs	437.000000	0.000000	0.000000
619.999073	__gene_D_rbs	434.000000	0.000000	0.000000
619.999073	__gene_E_rbs	429.000000	0.000000	0.000000
619.999073	__gene_F_rbs	308.000000	0.000000	0.000000
619.999073	__gene_G_rbs	236.000000	0.000000	0.000000
619.999073	__gene_H_rbs	161.000000	0.000000	0.000000
619.999073	__gene_J_rbs	423.000000	0.000000	0.000000
619.999073	__gene_K_rbs	440.000000	0.000000	0.000000
619.999073	__ribosome	0.000000	0.000000	0.000000
619.999073	bound_ecolipol	1871.000000	0.000000	0.000000
619.999073	bound_ribosome	100.000000	0.000000	0.000000
619.999073	ecoli_genome	129.000000	0.000000	0.000000
619.999073	ecoli_transcript	46496.000000	0.000000	0.000000
619.999073	ecolipol	32.000000	0.000000	0.000000
619.999073	gene_A	293.000000	453.000000	0.017660
619.999073	gene_A*	151.000000	442.000000	0.002262
619.999073	gene_B	213.000000	448.000000	0.006696
619.999073	gene_C	149.000000	437.000000	0.000000
619.999073	gene_D	161.000000	434.000000	0.000000
619.999073	gene_E	167.000000	429.000000	0.004662
619.999073	gene_F	79.000000	308.000000	0.006494
619.999073	gene_G	38.000000	236.000000	0.067797
619.999073	gene_H	0.000000	161.000000	0.204969
619.999073	gene_J	121.000000	423.000000	0.082742
619.999073	gene_K	181.000000	440.000000	0.000000
619.999073	promoter_A	0.000000	0.000000	0.000000
619.999073	promoter_B1	0.000000	0.000000	0.000000
619.999073	promoter_D	0.000000	0.000000	0.000000
624.999019	__gene_A*_rbs	445.000000	0.000000	0.000000
624.999019	__gene_A_rbs	457.000000	0.000000	0.000000
624.999019	__gene_B_rbs	450.000000	0.000000	0.000000
624.999019	__gene_C_rbs	441.000000	0.000000	0.000000
624.999019	__gene_D_rbs	438.000000	0.000000	0.000000
624.999019	__gene_E_rbs	434.000000	0.000000	0.000000
624.999019	__gene_F_rbs	311.000000	0.000000	0.000000
624.999019	__gene_G_rbs	239.000000	0.000000	0.000000
624.999019	__gene_H_rbs	163.000000	0.000000	0.000000
624.999019	__gene_J_rbs	427.000000	0.000000	0.000000
624.999019	__gene_K_rbs	442.000000	0.000000	0.000000
624.999019	__ribosome	0.000000	0.000000	0.000000
624.999019	bound_ecolipol	1867.000000	0.000000	0.000000
624.999019	bound_ribosome	100.000000	0.000000	0.000000
624.999019	ecoli_genome	133.000000	0.000000	0.000000
624.999019	ecoli_transcript	46906.000000	0.000000	0.000000
624.999019	ecolipol	37.000000	0.000000	0.000000
624.999019	gene_A	296.000000	457.000000	0.013129
624.999019	gene_A*	151.000000	445.000000	0.002247
624.999019	gene_B	213.000000	451.000000	0.008869
624.999019	gene_C	149.000000	441.000000	0.000000
624.999019	gene_D	161.000000	438.000000	0.002283
624.999019	gene_E	168.000000	434.000000	0.002304
624.999019	gene_F	80.000000	311.000000	0.003215
624.999019	gene_G	38.000000	239.000000	0.066946
624.999019	gene_H	0.000000	163.000000	0.202454
624.999019	gene_J	121.000000	427.000000	0.081967
624.999019	gene_K	181.000000	443.000000	0.004515
624.999019	promoter_A	0.000000	0.000000	0.000000
624.999019	promoter_B1	0.000000	0.000000	0.000000
624.999019	promoter_D	0.000000	0.000000	0.000000
629.999170	__gene_A*_rbs	448.000000	0.000000	0.000000
629.999170	__gene_A_rbs	461.000000	0.000000	0.000000
629.999170	__gene_B_rbs	455.000000	0.000000	0.000000
629.999170	__gene_C_rbs	444.000000	0.000000	0.000000
629.999170	__gene_D_rbs	441.000000	0.000000	0.000000
629.999170	__gene_E_rbs	436.000000	0.000000	0.000000
629.999170	__gene_F_rbs	313.000000	0.000000	0.000000
629.999170	__gene_G_rbs	242.000000	0.000000	0.000000
629.999170	__gene_H_rbs	164.000000	0.000000	0.000000
629.999170	__gene_J_rbs	430.000000	0.000000	0.000000
629.999170	__gene_K_rbs	445.000000	0.000000	0.000000
629.999170	__ribosome	0.000000	0.000000	0.000000
629.999170	bound_ecolipol	1863.000000	0.000000	0.000000
629.999170	bound_ribosome	100.000000	0.000000	0.000000
629.999170	ecoli_genome	137.000000	0.000000	0.000000
629.999170	ecoli_transcript	47303.000000	0.000000	0.000000
629.999170	ecolipol	39.000000	0.000000	0.000000
629.999170	gene_A	298.000000	461.000000	0.008677
629.999170	gene_A*	151.000000	449.000000	0.004454
629.999170	gene_B	216.000000	455.000000	0.002198
629.999170	gene_C	149.000000	445.000000	0.000000
629.999170	gene_D	161.000000	441.000000	0.006803
629.999170	gene_E	169.000000	437.000000	0.002288
629.999170	gene_F	80.000000	313.000000	0.003195
629.999170	gene_G	38.000000	242.000000	0.070248
629.999170	gene_H	0.000000	164.000000	0.201220
629.999170	gene_J	122.000000	430.000000	0.081395
629.999170	gene_K	182.000000	447.000000	0.006711
629.999170	promoter_A	0.000000	0.000000	0.000000
629.999170	promoter_B1	0.000000	0.000000	0.000000
629.999170	promoter_D	0.000000	0.000000	0.000000
634.999057	__gene_A*_rbs	452.000000	0.000000	0.000000
634.999057	__gene_A_rbs	464.000000	0.000000	0.000000
634.999057	__gene_B_rbs	459.000000	0.000000	0.000000
634.999057	__gene_C_rbs	448.000000	0.000000	0.000000
634.999057	__gene_D_rbs	445.000000	0.000000	0.000000
634.999057	__gene_E_rbs	440.000000	0.000000	0.000000
634.999057	__gene_F_rbs	315.000000	0.000000	0.000000
634.999057	__gene_G_rbs	245.000000	0.000000	0.000000
634.999057	__gene_H_rbs	167.000000	0.000000	0.000000
634.999057	__gene_J_rbs	433.000000	0.000000	0.000000
634.999057	__gene_K_rbs	450.000000	0.000000	0.000000
634.999057	__ribosome	0.000000	0.000000	0.000000
634.999057	bound_ecolipol	1870.000000	0.000000	0.000000
634.999057	bound_ribosome	100.000000	0.000000	0.000000
634.999057	ecoli_genome	130.000000	0.000000	0.000000
634.999057	ecoli_transcript	47664.000000	0.000000	0.000000
634.999057	ecolipol	32.000000	0.000000	0.000000
634.999057	gene_A	299.000000	465.000000	0.008602
634.999057	gene_A*	152.000000	452.000000	0.002212
634.999057	gene_B	216.000000	459.000000	0.006536
634.999057	gene_C	149.000000	448.000000	0.000000
634.999057	gene_D	161.000000	445.000000	0.008989
634.999057	gene_E	170.000000	440.000000	0.000000
634.999057	gene_F	80.000000	315.000000	0.003175
634.999057	gene_G	38.000000	245.000000	0.069388
634.999057	gene_H	0.000000	167.000000	0.203593
634.999057	gene_J	122.000000	433.000000	0.080831
634.999057	gene_K	184.000000	450.000000	0.002222
634.999057	promoter_A	0.000000	0.000000	0.000000
634.999057	promoter_B1	0.000000	0.000000	0.000000
634.999057	promoter_D	0.000000	0.000000	0.000000
639.999022	__gene_A*_rbs	456.000000	0.000000	0.000000
639.999022	__gene_A_rbs	469.000000	0.000000	0.000000
639.999022	__gene_B_rbs	462.000000	0.000000	0.000000
639.999022	__gene_C_rbs	452.000000	0.000000	0.000000
639.999022	__gene_D_rbs	448.000000	0.000000	0.000000
639.999022	__gene_E_rbs	444.000000	0.000000	0.000000
639.999022	__gene_F_rbs	316.000000	0.000000	0.000000
639.999022	__gene_G_rbs	246.000000	0.000000	0.000000
639.999022	__gene_H_rbs	169.000000	0.000000	0.000000
639.999022	__gene_J_rbs	437.000000	0.000000	0.000000
639.999022	__gene_K_rbs	453.000000	0.000000	0.000000
639.999022	__ribosome	0.000000	0.000000	0.000000
639.999022	bound_ecolipol	1864.000000	0.000000	0.000000
639.999022	bound_ribosome	100.000000	0.000000	0.000000
639.999022	ecoli_genome	136.000000	0.000000	0.000000
639.999022	ecoli_transcript	48025.000000	0.000000	0.000000
639.999022	ecolipol	38.000000	0.000000	0.000000
639.999022	gene_A	299.000000	469.000000	0.008529
639.999022	gene_A*	152.000000	456.000000	0.002193
639.999022	gene_B	217.000000	462.000000	0.004329
639.999022	gene_C	149.000000	452.000000	0.000000
639.999022	gene_D	162.000000	448.000000	0.006696
639.999022	gene_E	170.000000	444.000000	0.002252
639.999022	gene_F	81.000000	316.000000	0.000000
639.999022	gene_G	38.000000	246.000000	0.069106
639.999022	gene_H	0.000000	169.000000	0.207101
639.999022	gene_J	123.000000	437.000000	0.082380
639.999022	gene_K	185.000000	454.000000	0.002203
639.999022	promoter_A	0.000000	0.000000	0.000000
639.999022	promoter_B1	0.000000	0.000000	0.000000
639.999022	promoter_D	0.000000	0.000000	0.000000
644.999004	__gene_A*_rbs	459.000000	0.000000	0.000000
644.999004	__gene_A_rbs	472.000000	0.000000	0.000000
644.999004	__gene_B_rbs	466.000000	0.000000	0.000000
644.999004	__gene_C_rbs	454.000000	0.000000	0.000000
644.999004	__gene_D_rbs	452.000000	0.000000	0.000000
644.999004	__gene_E_rbs	448.000000	0.000000	0.000000
644.999004	__gene_F_rbs	319.000000	0.000000	0.000000
644.999004	__gene_G_rbs	248.000000	0.000000	0.000000
644.999004	__gene_H_rbs	172.000000	0.000000	0.000000
644.999004	__gene_J_rbs	440.000000	0.000000	0.000000
644.999004	__gene_K_rbs	457.000000	0.000000	0.000000
644.999004	__ribosome	0.000000	0.000000	0.000000
644.999004	bound_ecolipol	1858.000000	0.000000	0.000000
644.999004	bound_ribosome	100.000000	0.000000	0.000000
644.999004	ecoli_genome	142.000000	0.000000	0.000000
644.999004	ecoli_transcript	48427.000000	0.000000	0.000000
644.999004	ecolipol	45.000000	0.000000	0.000000
644.999004	gene_A	300.000000	472.000000	0.006356
644.999004	gene_A*	152.000000	459.000000	0.004357
644.999004	gene_B	218.000000	466.000000	0.008584
644.999004	gene_C	149.000000	455.000000	0.000000
644.999004	gene_D	164.000000	452.000000	0.002212
644.999004	gene_E	170.000000	448.000000	0.002232
644.999004	gene_F	81.000000	319.000000	0.003135
644.999004	gene_G	38.000000	248.000000	0.068548
644.999004	gene_H	0.000000	172.000000	0.203488
644.999004	gene_J	124.000000	441.000000	0.079365
644.999004	gene_K	185.000000	457.000000	0.002188
644.999004	promoter_A	0.000000	0.000000	0.000000
644.999004	promoter_B1	0.000000	0.000000	0.000000
644.999004	promoter_D	0.000000	0.000000	0.000000
649.999154	__gene_A*_rbs	463.000000	0.000000	0.000000
649.999154	__gene_A_rbs	476.000000	0.000000	0.000000
649.999154	__gene_B_rbs	470.000000	0.000000	0.000000
649.999154	__gene_C_rbs	459.000000	0.000000	0.000000
649.999154	__gene_D_rbs	455.000000	0.000000	0.000000
649.999154	__gene_E_rbs	451.000000	0.000000	0.000000
649.999154	__gene_F_rbs	321.000000	0.000000	0.000000
649.999154	__gene_G_rbs	251.000000	0.000000	0.000000
649.999154	__gene_H_rbs	173.000000	0.000000	0.000000
649.999154	__gene_J_rbs	445.000000	0.000000	0.000000
649.999154	__gene_K_rbs	461.000000	0.000000	0.000000
649.999154	__ribosome	0.000000	0.000000	0.000000
649.999154	bound_ecolipol	1863.000000	0.000000	0.000000
649.999154	bound_ribosome	100.000000	0.000000	0.000000
649.999154	ecoli_genome	137.000000	0.000000	0.000000
649.999154	ecoli_transcript	48852.000000	0.000000	0.000000
649.999154	ecolipol	43.000000	0.000000	0.000000
649.999154	gene_A	301.000000	476.000000	0.004202
649.999154	gene_A*	152.000000	463.000000	0.006479
649.999154	gene_B	219.000000	470.000000	0.006383
649.999154	gene_C	149.000000	459.000000	0.002179
649.999154	gene_D	165.000000	455.000000	0.000000
649.999154	gene_E	171.000000	451.000000	0.004435
649.999154	gene_F	81.000000	321.000000	0.006231
649.999154	gene_G	39.000000	251.000000	0.063745
649.999154	gene_H	0.000000	173.000000	0.208092
649.999154	gene_J	124.000000	445.000000	0.078652
649.999154	gene_K	186.000000	461.000000	0.000000
649.999154	promoter_A	0.000000	0.000000	0.000000
649.999154	promoter_B1	0.000000	0.000000	0.000000
649.999154	promoter_D	0.000000	0.000000	0.000000
654.999465	__gene_A*_rbs	467.000000	0.000000	0.000000
654.999465	__gene_A_rbs	480.000000	0.000000	0.000000
654.999465	__gene_B_rbs	473.000000	0.000000	0.000000
654.999465	__gene_C_rbs	463.000000	0.000000	0.000000
654.999465	__gene_D_rbs	459.000000	0.000000	0.000000
654.999465	__gene_E_rbs	454.000000	0.000000	0.000000
654.999465	__gene_F_rbs	324.000000	0.000000	0.000000
654.999465	__gene_G_rbs	254.000000	0.000000	0.000000
654.999465	__gene_H_rbs	174.000000	0.000000	0.000000
654.999465	__gene_J_rbs	449.000000	0.000000	0.000000
654.999465	__gene_K_rbs	465.000000	0.000000	0.000000
654.999465	__ribosome	0.000000	0.000000	0.000000
654.999465	bound_ecolipol	1863.000000	0.000000	0.000000
654.999465	bound_ribosome	100.000000	0.000000	0.000000
654.999465	ecoli_genome	137.000000	0.000000	0.000000
654.999465	ecoli_transcript	49210.000000	0.000000	0.000000
654.999465	ecolipol	42.000000	0.000000	0.000000
654.999465	gene_A	301.000000	480.000000	0.006250
654.999465	gene_A*	152.000000	467.000000	0.006424
654.999465	gene_B	221.000000	473.000000	0.002114
654.999465	gene_C	150.000000	463.000000	0.000000
654.999465	gene_D	165.000000	459.000000	0.002179
654.999465	gene_E	172.000000	455.000000	0.004396
654.999465	gene_F	81.000000	324.000000	0.006173
654.999465	gene_G	39.000000	254.000000	0.062992
654.999465	gene_H	0.000000	174.000000	0.206897
654.999465	gene_J	124.000000	449.000000	0.080178
654.999465	gene_K	186.000000	465.000000	0.000000
654.999465	promoter_A	0.000000	0.000000	0.000000
654.999465	promoter_B1	0.000000	0.000000	0.000000
654.999465	promoter_D	0.000000	0.000000	0.000000
659.999070	__gene_A*_rbs	470.000000	0.000000	0.000000
659.999070	__gene_A_rbs	483.000000	0.000000	0.000000
659.999070	__gene_B_rbs	476.000000	0.000000	0.000000
659.999070	__gene_C_rbs	467.000000	0.000000	0.000000
659.999070	__gene_D_rbs	463.000000	0.000000	0.000000
659.999070	__gene_E_rbs	458.000000	0.000000	0.000000
659.999070	__gene_F_rbs	326.000000	0.000000	0.000000
659.999070	__gene_G_rbs	257.000000	0.000000	0.000000
659.999070	__gene_H_rbs	176.000000	0.000000	0.000000
659.999070	__gene_J_rbs	452.000000	0.000000	0.000000
659.999070	__gene_K_rbs	469.000000	0.000000	0.000000
659.999070	__ribosome	0.000000	0.000000	0.000000
659.999070	bound_ecolipol	1859.000000	0.000000	0.000000
659.999070	bound_ribosome	100.000000	0.000000	0.000000
659.999070	ecoli_genome	141.000000	0.000000	0.000000
659.999070	ecoli_transcript	49579.000000	0.000000	0.000000
659.999070	ecolipol	46.000000	0.000000	0.000000
659.999070	gene_A	301.000000	483.000000	0.006211
659.999070	gene_A*	152.000000	470.000000	0.006383
659.999070	gene_B	222.000000	476.000000	0.000000
659.999070	gene_C	150.000000	467.000000	0.000000
659.999070	gene_D	165.000000	463.000000	0.002160
659.999070	gene_E	173.000000	459.000000	0.006536
659.999070	gene_F	81.000000	326.000000	0.006135
659.999070	gene_G	39.000000	257.000000	0.062257
659.999070	gene_H	0.000000	176.000000	0.204545
659.999070	gene_J	124.000000	452.000000	0.079646
659.999070	gene_K	186.000000	469.000000	0.000000
659.999070	promoter_A	0.000000	0.000000	0.000000
659.999070	promoter_B1	0.000000	0.000000	0.000000
659.999070	promoter_D	0.000000	0.000000	0.000000
664.999017	__gene_A*_rbs	474.000000	0.000000	0.000000
664.999017	__gene_A_rbs	487.000000	0.000000	0.000000
664.999017	__gene_B_rbs	479.000000	0.000000	0.000000
664.999017	__gene_C_rbs	470.000000	0.000000	0.000000
664.999017	__gene_D_rbs	466.000000	0.000000	0.000000
664.999017	__gene_E_rbs	462.000000	0.000000	0.000000
664.999017	__gene_F_rbs	328.000000	0.000000	0.000000
664.999017	__gene_G_rbs	260.000000	0.000000	0.000000
664.999017	__gene_H_rbs	178.000000	0.000000	0.000000
664.999017	__gene_J_rbs	455.000000	0.000000	0.000000
664.999017	__gene_K_rbs	472.000000	0.000000	0.000000
664.999017	__ribosome	0.000000	0.000000	0.000000
664.999017	bound_ecolipol	1871.000000	0.000000	0.000000
664.999017	bound_ribosome	100.000000	0.000000	0.000000
664.999017	ecoli_genome	129.000000	0.000000	0.000000
664.999017	ecoli_transcript	49931.000000	0.000000	0.000000
664.999017	ecolipol	35.000000	0.000000	0.000000
664.999017	gene_A	301.000000	487.000000	0.006160
664.999017	gene_A*	153.000000	474.000000	0.008439
664.999017	gene_B	222.000000	480.000000	0.000000
664.999017	gene_C	150.000000	470.000000	0.000000
664.999017	gene_D	165.000000	466.000000	0.002146
664.999017	gene_E	174.000000	462.000000	0.004329
664.999017	gene_F	81.000000	328.000000	0.006098
664.999017	gene_G	39.000000	260.000000	0.061538
664.999017	gene_H	0.000000	178.000000	0.202247
664.999017	gene_J	124.000000	456.000000	0.078947
664.999017	gene_K	186.000000	472.000000	0.000000
664.999017	promoter_A	0.000000	0.000000	0.000000
664.999017	promoter_B1	0.000000	0.000000	0.000000
664.999017	promoter_D	0.000000	0.000000	0.000000
669.999139	__gene_A*_rbs	478.000000	0.000000	0.000000
669.999139	__gene_A_rbs	491.000000	0.000000	0.000000
669.999139	__gene_B_rbs	484.000000	0.000000	0.000000
669.999139	__gene_C_rbs	474.000000	0.000000	0.000000
669.999139	__gene_D_rbs	470.000000	0.000000	0.000000
669.999139	__gene_E_rbs	466.000000	0.000000	0.000000
669.999139	__gene_F_rbs	329.000000	0.000000	0.000000
669.999139	__gene_G_rbs	263.000000	0.000000	0.000000
669.999139	__gene_H_rbs	181.000000	0.000000	0.000000
669.999139	__gene_J_rbs	460.000000	0.000000	0.000000
669.999139	__gene_K_rbs	476.000000	0.000000	0.000000
669.999139	__ribosome	0.000000	0.000000	0.000000
669.999139	bound_ecolipol	1871.000000	0.000000	0.000000
669.999139	bound_ribosome	100.000000	0.000000	0.000000
669.999139	ecoli_genome	129.000000	0.000000	0.000000
669.999139	ecoli_transcript	50308.000000	0.000000	0.000000
669.999139	ecolipol	35.000000	0.000000	0.000000
669.999139	gene_A	301.000000	491.000000	0.006110
669.999139	gene_A*	153.000000	478.000000	0.008368
669.999139	gene_B	222.000000	484.000000	0.002066
669.999139	gene_C	150.000000	474.000000	0.000000
669.999139	gene_D	166.000000	470.000000	0.000000
669.999139	gene_E	176.000000	466.000000	0.002146
669.999139	gene_F	81.000000	330.000000	0.009091
669.999139	gene_G	39.000000	263.000000	0.060837
669.999139	gene_H	0.000000	181.000000	0.198895
669.999139	gene_J	124.000000	460.000000	0.078261
669.999139	gene_K	186.000000	476.000000	0.000000
669.999139	promoter_A	0.000000	0.000000	0.000000
669.999139	promoter_B1	0.000000	0.000000	0.000000
669.999139	promoter_D	0.000000	0.000000	0.000000
674.999003	__gene_A*_rbs	482.000000	0.000000	0.000000
674.999003	__gene_A_rbs	495.000000	0.000000	0.000000
674.999003	__gene_B_rbs	487.000000	0.000000	0.000000
674.999003	__gene_C_rbs	478.000000	0.000000	0.000000
674.999003	__gene_D_rbs	474.000000	0.000000	0.000000
674.999003	__gene_E_rbs	470.000000	0.000000	0.000000
674.999003	__gene_F_rbs	333.000000	0.000000	0.000000
674.999003	__gene_G_rbs	265.000000	0.000000	0.000000
674.999003	__gene_H_rbs	183.000000	0.000000	0.000000
674.999003	__gene_J_rbs	463.000000	0.000000	0.000000
674.999003	__gene_K_rbs	479.000000	0.000000	0.000000
674.999003	__ribosome	0.000000	0.000000	0.000000
674.999003	bound_ecolipol	1872.000000	0.000000	0.000000
674.999003	bound_ribosome	100.000000	0.000000	0.000000
674.999003	ecoli_genome	128.000000	0.000000	0.000000
674.999003	ecoli_transcript	50680.000000	0.000000	0.000000
674.999003	ecolipol	36.000000	0.000000	0.000000
674.999003	gene_A	301.000000	495.000000	0.006061
674.999003	gene_A*	153.000000	482.000000	0.008299
674.999003	gene_B	222.000000	487.000000	0.002053
674.999003	gene_C	150.000000	478.000000	0.000000
674.999003	gene_D	166.000000	474.000000	0.000000
674.999003	gene_E	176.000000	470.000000	0.002128
674.999003	gene_F	81.000000	333.000000	0.009009
674.999003	gene_G	39.000000	265.000000	0.060377
674.999003	gene_H	0.000000	183.000000	0.196721
674.999003	gene_J	124.000000	463.000000	0.077754
674.999003	gene_K	186.000000	479.000000	0.000000
674.999003	promoter_A	0.000000	0.000000	0.000000
674.999003	promoter_B1	0.000000	0.000000	0.000000
674.999003	promoter_D	0.000000	0.000000	0.000000
679.999175	__gene_A*_rbs	485.000000	0.000000	0.000000
679.999175	__gene_A_rbs	498.000000	0.000000	0.000000
679.999175	__gene_B_rbs	491.000000	0.000000	0.000000
679.999175	__gene_C_rbs	481.000000	0.000000	0.000000
679.999175	__gene_D_rbs	478.000000	0.000000	0.000000
679.999175	__gene_E_rbs	474.000000	0.000000	0.000000
679.999175	__gene_F_rbs	336.000000	0.000000	0.000000
679.999175	__gene_G_rbs	265.000000	0.000000	0.000000
679.999175	__gene_H_rbs	184.000000	0.000000	0.000000
679.999175	__gene_J_rbs	467.000000	0.000000	0.000000
679.999175	__gene_K_rbs	483.000000	0.000000	0.000000
679.999175	__ribosome	0.000000	0.000000	0.000000
679.999175	bound_ecolipol	1865.000000	0.000000	0.000000
679.999175	bound_ribosome	100.000000	0.000000	0.000000
679.999175	ecoli_genome	135.000000	0.000000	0.000000
679.999175	ecoli_transcript	51062.000000	0.000000	0.000000
679.999175	ecolipol	43.000000	0.000000	0.000000
679.999175	gene_A	302.000000	498.000000	0.004016
679.999175	gene_A*	154.000000	485.000000	0.008247
679.999175	gene_B	223.000000	491.000000	0.002037
679.999175	gene_C	150.000000	481.000000	0.000000
679.999175	gene_D	166.000000	478.000000	0.000000
679.999175	gene_E	177.000000	474.000000	0.000000
679.999175	gene_F	81.000000	336.000000	0.008929
679.999175	gene_G	39.000000	265.000000	0.060377
679.999175	gene_H	0.000000	184.000000	0.195652
679.999175	gene_J	124.000000	467.000000	0.079229
679.999175	gene_K	186.000000	483.000000	0.002070
679.999175	promoter_A	0.000000	0.000000	0.000000
679.999175	promoter_B1	0.000000	0.000000	0.000000
679.999175	promoter_D	0.000000	0.000000	0.000000
684.999237	__gene_A*_rbs	489.000000	0.000000	0.000000
684.999237	__gene_A_rbs	501.000000	0.000000	0.000000
684.999237	__gene_B_rbs	495.000000	0.000000	0.000000
684.999237	__gene_C_rbs	483.000000	0.000000	0.000000
684.999237	__gene_D_rbs	481.000000	0.000000	0.000000
684.999237	__gene_E_rbs	477.000000	0.000000	0.000000
684.999237	__gene_F_rbs	339.000000	0.000000	0.000000
684.999237	__gene_G_rbs	266.000000	0.000000	0.000000
684.999237	__gene_H_rbs	186.000000	0.000000	0.000000
684.999237	__gene_J_rbs	471.000000	0.000000	0.000000
684.999237	__gene_K_rbs	486.000000	0.000000	0.000000
684.999237	__ribosome	0.000000	0.000000	0.000000
684.999237	bound_ecolipol	1878.000000	0.000000	0.000000
684.999237	bound_ribosome	100.000000	0.000000	0.000000
684.999237	ecoli_genome	122.000000	0.000000	0.000000
684.999237	ecoli_transcript	51435.000000	0.000000	0.000000
684.999237	ecolipol	30.000000	0.000000	0.000000
684.999237	gene_A	302.000000	502.000000	0.007968
684.999237	gene_A*	155.000000	489.000000	0.008180
684.999237	gene_B	223.000000	495.000000	0.002020
684.999237	gene_C	150.000000	484.000000	0.000000
684.999237	gene_D	166.000000	481.000000	0.000000
684.999237	gene_E	177.000000	477.000000	0.000000
684.999237	gene_F	82.000000	339.000000	0.005900
684.999237	gene_G	39.000000	266.000000	0.060150
684.999237	gene_H	0.000000	186.000000	0.193548
684.999237	gene_J	125.000000	471.000000	0.076433
684.999237	gene_K	187.000000	486.000000	0.002058
684.999237	promoter_A	0.000000	0.000000	0.000000
684.999237	promoter_B1	0.000000	0.000000	0.000000
684.999237	promoter_D	0.000000	0.000000	0.000000
689.999014	__gene_A*_rbs	493.000000	0.000000	0.000000
689.999014	__gene_A_rbs	505.000000	0.000000	0.000000
689.999014	__gene_B_rbs	498.000000	0.000000	0.000000
689.999014	__gene_C_rbs	487.000000	0.000000	0.000000
689.999014	__gene_D_rbs	485.000000	0.000000	0.000000
689.999014	__gene_E_rbs	481.000000	0.000000	0.000000
689.999014	__gene_F_rbs	343.000000	0.000000	0.000000
689.999014	__gene_G_rbs	268.000000	0.000000	0.000000
689.999014	__gene_H_rbs	187.000000	0.000000	0.000000
689.999014	__gene_J_rbs	475.000000	0.000000	0.000000
689.999014	__gene_K_rbs	490.000000	0.000000	0.000000
689.999014	__ribosome	0.000000	0.000000	0.000000
689.999014	bound_ecolipol	1861.000000	0.000000	0.000000
689.999014	bound_ribosome	100.000000	0.000000	0.000000
689.999014	ecoli_genome	139.000000	0.000000	0.000000
689.999014	ecoli_transcript	51792.000000	0.000000	0.000000
689.999014	ecolipol	50.000000	0.000000	0.000000
689.999014	gene_A	303.000000	505.000000	0.005941
689.999014	gene_A*	155.000000	493.000000	0.008114
689.999014	gene_B	224.000000	498.000000	0.002008
689.999014	gene_C	150.000000	488.000000	0.000000
689.999014	gene_D	166.000000	485.000000	0.000000
689.999014	gene_E	177.000000	481.000000	0.000000
689.999014	gene_F	82.000000	343.000000	0.005831
689.999014	gene_G	39.000000	268.000000	0.059701
689.999014	gene_H	0.000000	187.000000	0.192513
689.999014	gene_J	125.000000	475.000000	0.075789
689.999014	gene_K	188.000000	490.000000	0.004082
689.999014	promoter_A	0.000000	0.000000	0.000000
689.999014	promoter_B1	0.000000	0.000000	0.000000
689.999014	promoter_D	0.000000	0.000000	0.000000
694.999049	__gene_A*_rbs	496.000000	0.000000	0.000000
694.999049	__gene_A_rbs	509.000000	0.000000	0.000000
694.999049	__gene_B_rbs	502.000000	0.000000	0.000000
694.999049	__gene_C_rbs	492.000000	0.000000	0.000000
694.999049	__gene_D_rbs	488.000000	0.000000	0.000000
694.999049	__gene_E_rbs	484.000000	0.000000	0.000000
694.999049	__gene_F_rbs	345.000000	0.000000	0.000000
694.999049	__gene_G_rbs	269.000000	0.000000	0.000000
694.999049	__gene_H_rbs	187.000000	0.000000	0.000000
694.999049	__gene_J_rbs	479.000000	0.000000	0.000000
694.999049	__gene_K_rbs	493.000000	0.000000	0.000000
694.999049	__ribosome	0.000000	0.000000	0.000000
694.999049	bound_ecolipol	1873.000000	0.000000	0.000000
694.999049	bound_ribosome	100.000000	0.000000	0.000000
694.999049	ecoli_genome	127.000000	0.000000	0.000000
694.999049	ecoli_transcript	52174.000000	0.000000	0.000000
694.999049	ecolipol	36.000000	0.000000	0.000000
694.999049	gene_A	303.000000	509.000000	0.007859
694.999049	gene_A*	155.000000	496.000000	0.008065
694.999049	gene_B	224.000000	502.000000	0.001992
694.999049	gene_C	150.000000	492.000000	0.000000
694.999049	gene_D	166.000000	488.000000	0.002049
694.999049	gene_E	177.000000	484.000000	0.000000
694.999049	gene_F	83.000000	345.000000	0.002899
694.999049	gene_G	39.000000	269.000000	0.063197
694.999049	gene_H	0.000000	187.000000	0.192513
694.999049	gene_J	125.000000	479.000000	0.075157
694.999049	gene_K	190.000000	494.000000	0.000000
694.999049	promoter_A	0.000000	0.000000	0.000000
694.999049	promoter_B1	0.000000	0.000000	0.000000
694.999049	promoter_D	0.000000	0.000000	0.000000
699.999112	__gene_A*_rbs	500.000000	0.000000	0.000000
699.999112	__gene_A_rbs	513.000000	0.000000	0.000000
699.999112	__gene_B_rbs	505.000000	0.000000	0.000000
699.999112	__gene_C_rbs	495.000000	0.000000	0.000000
699.999112	__gene_D_rbs	492.000000	0.000000	0.000000
699.999112	__gene_E_rbs	488.000000	0.000000	0.000000
699.999112	__gene_F_rbs	348.000000	0.000000	0.000000
699.999112	__gene_G_rbs	272.000000	0.000000	0.000000
699.999112	__gene_H_rbs	188.000000	0.000000	0.000000
699.999112	__gene_J_rbs	482.000000	0.000000	0.000000
699.999112	__gene_K_rbs	497.000000	0.000000	0.000000
699.999112	__ribosome	0.000000	0.000000	0.000000
699.999112	bound_ecolipol	1867.000000	0.000000	0.000000
699.999112	bound_ribosome	100.000000	0.000000	0.000000
699.999112	ecoli_genome	133.000000	0.000000	0.000000
699.999112	ecoli_transcript	52573.000000	0.000000	0.000000
699.999112	ecolipol	43.000000	0.000000	0.000000
699.999112	gene_A	303.000000	513.000000	0.007797
699.999112	gene_A*	157.000000	500.000000	0.004000
699.999112	gene_B	225.000000	506.000000	0.003953
699.999112	gene_C	150.000000	495.000000	0.002020
699.999112	gene_D	166.000000	492.000000	0.002033
699.999112	gene_E	177.000000	488.000000	0.000000
699.999112	gene_F	83.000000	348.000000	0.002874
699.999112	gene_G	39.000000	272.000000	0.062500
699.999112	gene_H	0.000000	188.000000	0.191489
699.999112	gene_J	125.000000	482.000000	0.074689
699.999112	gene_K	190.000000	497.000000	0.000000
699.999112	promoter_A	0.000000	0.000000	0.000000
699.999112	promoter_B1	0.000000	0.000000	0.000000
699.999112	promoter_D	0.000000	0.000000	0.000000
704.999059	__gene_A*_rbs	503.000000	0.000000	0.000000
704.999059	__gene_A_rbs	516.000000	0.000000	0.000000
704.999059	__gene_B_rbs	509.000000	0.000000	0.000000
704.999059	__gene_C_rbs	498.000000	0.000000	0.000000
704.999059	__gene_D_rbs	495.000000	0.000000	0.000000
704.999059	__gene_E_rbs	491.000000	0.000000	0.000000
704.999059	__gene_F_rbs	349.000000	0.000000	0.000000
704.999059	__gene_G_rbs	274.000000	0.000000	0.000000
704.999059	__gene_H_rbs	190.000000	0.000000	0.000000
704.999059	__gene_J_rbs	485.000000	0.000000	0.000000
704.999059	__gene_K_rbs	501.000000	0.000000	0.000000
704.999059	__ribosome	0.000000	0.000000	0.000000
704.999059	bound_ecolipol	1865.000000	0.000000	0.000000
704.999059	bound_ribosome	100.000000	0.000000	0.000000
704.999059	ecoli_genome	135.000000	0.000000	0.000000
704.999059	ecoli_transcript	52950.000000	0.000000	0.000000
704.999059	ecolipol	46.000000	0.000000	0.000000
704.999059	gene_A	303.000000	516.000000	0.007752
704.999059	gene_A*	157.000000	503.000000	0.003976
704.999059	gene_B	225.000000	509.000000	0.003929
704.999059	gene_C	150.000000	499.000000	0.002004
704.999059	gene_D	166.000000	495.000000	0.002020
704.999059	gene_E	177.000000	491.000000	0.000000
704.999059	gene_F	83.000000	349.000000	0.002865
704.999059	gene_G	39.000000	274.000000	0.062044
704.999059	gene_H	0.000000	190.000000	0.189474
704.999059	gene_J	125.000000	485.000000	0.074227
704.999059	gene_K	190.000000	501.000000	0.000000
704.999059	promoter_A	0.000000	0.000000	0.000000
704.999059	promoter_B1	0.000000	0.000000	0.000000
704.999059	promoter_D	0.000000	0.000000	0.000000
709.999040	__gene_A*_rbs	507.000000	0.000000	0.000000
709.999040	__gene_A_rbs	520.000000	0.000000	0.000000
709.999040	__gene_B_rbs	513.000000	0.000000	0.000000
709.999040	__gene_C_rbs	503.000000	0.000000	0.000000
709.999040	__gene_D_rbs	499.000000	0.000000	0.000000
709.999040	__gene_E_rbs	495.000000	0.000000	0.000000
709.999040	__gene_F_rbs	352.000000	0.000000	0.000000
709.999040	__gene_G_rbs	275.000000	0.000000	0.000000
709.999040	__gene_H_rbs	190.000000	0.000000	0.000000
709.999040	__gene_J_rbs	489.000000	0.000000	0.000000
709.999040	__gene_K_rbs	505.000000	0.000000	0.000000
709.999040	__ribosome	0.000000	0.000000	0.000000
709.999040	bound_ecolipol	1874.000000	0.000000	0.000000
709.999040	bound_ribosome	100.000000	0.000000	0.000000
709.999040	ecoli_genome	126.000000	0.000000	0.000000
709.999040	ecoli_transcript	53307.000000	0.000000	0.000000
709.999040	ecolipol	37.000000	0.000000	0.000000
709.999040	gene_A	304.000000	520.000000	0.007692
709.999040	gene_A*	157.000000	507.000000	0.003945
709.999040	gene_B	225.000000	513.000000	0.003899
709.999040	gene_C	151.000000	503.000000	0.000000
709.999040	gene_D	167.000000	499.000000	0.002004
709.999040	gene_E	177.000000	495.000000	0.000000
709.999040	gene_F	83.000000	352.000000	0.002841
709.999040	gene_G	39.000000	275.000000	0.065455
709.999040	gene_H	0.000000	190.000000	0.189474
709.999040	gene_J	125.000000	489.000000	0.073620
709.999040	gene_K	190.000000	505.000000	0.000000
709.999040	promoter_A	0.000000	0.000000	0.000000
709.999040	promoter_B1	0.000000	0.000000	0.000000
709.999040	promoter_D	0.000000	0.000000	0.000000
714.999108	__gene_A*_rbs	511.000000	0.000000	0.000000
714.999108	__gene_A_rbs	524.000000	0.000000	0.000000
714.999108	__gene_B_rbs	517.000000	0.000000	0.000000
714.999108	__gene_C_rbs	506.000000	0.000000	0.000000
714.999108	__gene_D_rbs	502.000000	0.000000	0.000000
714.999108	__gene_E_rbs	499.000000	0.000000	0.000000
714.999108	__gene_F_rbs	355.000000	0.000000	0.000000
714.999108	__gene_G_rbs	278.000000	0.000000	0.000000
714.999108	__gene_H_rbs	191.000000	0.000000	0.000000
714.999108	__gene_J_rbs	492.000000	0.000000	0.000000
714.999108	__gene_K_rbs	508.000000	0.000000	0.000000
714.999108	__ribosome	0.000000	0.000000	0.000000
714.999108	bound_ecolipol	1878.000000	0.000000	0.000000
714.999108	bound_ribosome	100.000000	0.000000	0.000000
714.999108	ecoli_genome	122.000000	0.000000	0.000000
714.999108	ecoli_transcript	53673.000000	0.000000	0.000000
714.999108	ecolipol	34.000000	0.000000	0.000000
714.999108	gene_A	304.000000	524.000000	0.009542
714.999108	gene_A*	158.000000	511.000000	0.001957
714.999108	gene_B	227.000000	517.000000	0.000000
714.999108	gene_C	151.000000	506.000000	0.000000
714.999108	gene_D	167.000000	502.000000	0.001992
714.999108	gene_E	177.000000	499.000000	0.002004
714.999108	gene_F	84.000000	355.000000	0.000000
714.999108	gene_G	39.000000	278.000000	0.064748
714.999108	gene_H	0.000000	191.000000	0.188482
714.999108	gene_J	125.000000	492.000000	0.075203
714.999108	gene_K	190.000000	508.000000	0.001969
714.999108	promoter_A	0.000000	0.000000	0.000000
714.999108	promoter_B1	0.000000	0.000000	0.000000
714.999108	promoter_D	0.000000	0.000000	0.000000
719.999091	__gene_A*_rbs	515.000000	0.000000	0.000000
719.999091	__gene_A_rbs	527.000000	0.000000	0.000000
719.999091	__gene_B_rbs	520.000000	0.000000	0.000000
719.999091	__gene_C_rbs	510.000000	0.000000	0.000000
719.999091	__gene_D_rbs	506.000000	0.000000	0.000000
719.999091	__gene_E_rbs	502.000000	0.000000	0.000000
719.999091	__gene_F_rbs	358.000000	0.000000	0.000000
719.999091	__gene_G_rbs	279.000000	0.000000	0.000000
719.999091	__gene_H_rbs	192.000000	0.000000	0.000000
719.999091	__gene_J_rbs	496.000000	0.000000	0.000000
719.999091	__gene_K_rbs	512.000000	0.000000	0.000000
719.999091	__ribosome	0.000000	0.000000	0.000000
719.999091	bound_ecolipol	1875.000000	0.000000	0.000000
719.999091	bound_ribosome	100.000000	0.000000	0.000000
719.999091	ecoli_genome	125.000000	0.000000	0.000000
719.999091	ecoli_transcript	53999.000000	0.000000	0.000000
719.999091	ecolipol	36.000000	0.000000	0.000000
719.999091	gene_A	304.000000	527.000000	0.009488
719.999091	gene_A*	159.000000	515.000000	0.000000
719.999091	gene_B	227.000000	520.000000	0.000000
719.999091	gene_C	151.000000	510.000000	0.003922
719.999091	gene_D	167.000000	506.000000	0.003953
719.999091	gene_E	177.000000	502.000000	0.001992
719.999091	gene_F	84.000000	358.000000	0.000000
719.999091	gene_G	39.000000	279.000000	0.064516
719.999091	gene_H	0.000000	192.000000	0.187500
719.999091	gene_J	126.000000	496.000000	0.072581
719.999091	gene_K	191.000000	512.000000	0.000000
719.999091	promoter_A	0.000000	0.000000	0.000000
719.999091	promoter_B1	0.000000	0.000000	0.000000
719.999091	promoter_D	0.000000	0.000000	0.000000
724.999432	__gene_A*_rbs	518.000000	0.000000	0.000000
724.999432	__gene_A_rbs	531.000000	0.000000	0.000000
724.999432	__gene_B_rbs	524.000000	0.000000	0.000000
724.999432	__gene_C_rbs	514.000000	0.000000	0.000000
724.999432	__gene_D_rbs	509.000000	0.000000	0.000000
724.999432	__gene_E_rbs	506.000000	0.000000	0.000000
724.999432	__gene_F_rbs	359.000000	0.000000	0.000000
724.999432	__gene_G_rbs	281.000000	0.000000	0.000000
724.999432	__gene_H_rbs	193.000000	0.000000	0.000000
724.999432	__gene_J_rbs	499.000000	0.000000	0.000000
724.999432	__gene_K_rbs	515.000000	0.000000	0.000000
724.999432	__ribosome	0.000000	0.000000	0.000000
724.999432	bound_ecolipol	1871.000000	0.000000	0.000000
724.999432	bound_ribosome	100.000000	0.000000	0.000000
724.999432	ecoli_genome	129.000000	0.000000	0.000000
724.999432	ecoli_transcript	54378.000000	0.000000	0.000000
724.999432	ecolipol	41.000000	0.000000	0.000000
724.999432	gene_A	304.000000	531.000000	0.009416
724.999432	gene_A*	159.000000	518.000000	0.001931
724.999432	gene_B	227.000000	524.000000	0.000000
724.999432	gene_C	151.000000	514.000000	0.005837
724.999432	gene_D	168.000000	510.000000	0.001961
724.999432	gene_E	178.000000	506.000000	0.000000
724.999432	gene_F	84.000000	359.000000	0.002786
724.999432	gene_G	40.000000	281.000000	0.060498
724.999432	gene_H	0.000000	193.000000	0.186528
724.999432	gene_J	126.000000	499.000000	0.072144
724.999432	gene_K	191.000000	515.000000	0.000000
724.999432	promoter_A	0.000000	0.000000	0.000000
724.999432	promoter_B1	0.000000	0.000000	0.000000
724.999432	promoter_D	0.000000	0.000000	0.000000
729.999129	__gene_A*_rbs	522.000000	0.000000	0.000000
729.999129	__gene_A_rbs	535.000000	0.000000	0.000000
729.999129	__gene_B_rbs	527.000000	0.000000	0.000000
729.999129	__gene_C_rbs	517.000000	0.000000	0.000000
729.999129	__gene_D_rbs	513.000000	0.000000	0.000000
729.999129	__gene_E_rbs	509.000000	0.000000	0.000000
729.999129	__gene_F_rbs	361.000000	0.000000	0.000000
729.999129	__gene_G_rbs	285.000000	0.000000	0.000000
729.999129	__gene_H_rbs	195.000000	0.000000	0.000000
729.999129	__gene_J_rbs	503.000000	0.000000	0.000000
729.999129	__gene_K_rbs	519.000000	0.000000	0.000000
729.999129	__ribosome	0.000000	0.000000	0.000000
729.999129	bound_ecolipol	1870.000000	0.000000	0.000000
729.999129	bound_ribosome	100.000000	0.000000	0.000000
729.999129	ecoli_genome	130.000000	0.000000	0.000000
729.999129	ecoli_transcript	54746.000000	0.000000	0.000000
729.999129	ecolipol	43.000000	0.000000	0.000000
729.999129	gene_A	304.000000	535.000000	0.011215
729.999129	gene_A*	159.000000	522.000000	0.001916
729.999129	gene_B	227.000000	528.000000	0.000000
729.999129	gene_C	153.000000	517.000000	0.003868
729.999129	gene_D	168.000000	514.000000	0.001946
729.999129	gene_E	178.000000	509.000000	0.000000
729.999129	gene_F	84.000000	361.000000	0.002770
729.999129	gene_G	40.000000	285.000000	0.059649
729.999129	gene_H	0.000000	195.000000	0.184615
729.999129	gene_J	126.000000	503.000000	0.071571
729.999129	gene_K	191.000000	519.000000	0.000000
729.999129	promoter_A	0.000000	0.000000	0.000000
729.999129	promoter_B1	0.000000	0.000000	0.000000
729.999129	promoter_D	0.000000	0.000000	0.000000
734.999088	__gene_A*_rbs	526.000000	0.000000	0.000000
734.999088	__gene_A_rbs	538.000000	0.000000	0.000000
734.999088	__gene_B_rbs	532.000000	0.000000	0.000000
734.999088	__gene_C_rbs	521.000000	0.000000	0.000000
734.999088	__gene_D_rbs	517.000000	0.000000	0.000000
734.999088	__gene_E_rbs	513.000000	0.000000	0.000000
734.999088	__gene_F_rbs	364.000000	0.000000	0.000000
734.999088	__gene_G_rbs	286.000000	0.000000	0.000000
734.999088	__gene_H_rbs	196.000000	0.000000	0.000000
734.999088	__gene_J_rbs	507.000000	0.000000	0.000000
734.999088	__gene_K_rbs	523.000000	0.000000	0.000000
734.999088	__ribosome	0.000000	0.000000	0.000000
734.999088	bound_ecolipol	1878.000000	0.000000	0.000000
734.999088	bound_ribosome	100.000000	0.000000	0.000000
734.999088	ecoli_genome	122.000000	0.000000	0.000000
734.999088	ecoli_transcript	55110.000000	0.000000	0.000000
734.999088	ecolipol	33.000000	0.000000	0.000000
734.999088	gene_A	305.000000	538.000000	0.009294
734.999088	gene_A*	159.000000	526.000000	0.001901
734.999088	gene_B	227.000000	532.000000	0.000000
734.999088	gene_C	155.000000	521.000000	0.001919
734.999088	gene_D	169.000000	517.000000	0.001934
734.999088	gene_E	178.000000	513.000000	0.001949
734.999088	gene_F	84.000000	364.000000	0.002747
734.999088	gene_G	40.000000	286.000000	0.062937
734.999088	gene_H	0.000000	196.000000	0.183673
734.999088	gene_J	126.000000	507.000000	0.071006
734.999088	gene_K	191.000000	523.000000	0.000000
734.999088	promoter_A	0.000000	0.000000	0.000000
734.999088	promoter_B1	0.000000	0.000000	0.000000
734.999088	promoter_D	0.000000	0.000000	0.000000
739.999229	__gene_A*_rbs	530.000000	0.000000	0.000000
739.999229	__gene_A_rbs	542.000000	0.000000	0.000000
739.999229	__gene_B_rbs	536.000000	0.000000	0.000000
739.999229	__gene_C_rbs	524.000000	0.000000	0.000000
739.999229	__gene_D_rbs	521.000000	0.000000	0.000000
739.999229	__gene_E_rbs	516.000000	0.000000	0.000000
739.999229	__gene_F_rbs	367.000000	0.000000	0.000000
739.999229	__gene_G_rbs	289.000000	0.000000	0.000000
739.999229	__gene_H_rbs	197.000000	0.000000	0.000000
739.999229	__gene_J_rbs	510.000000	0.000000	0.000000
739.999229	__gene_K_rbs	526.000000	0.000000	0.000000
739.999229	__ribosome	0.000000	0.000000	0.000000
739.999229	bound_ecolipol	1871.000000	0.000000	0.000000
739.999229	bound_ribosome	100.000000	0.000000	0.000000
739.999229	ecoli_genome	129.000000	0.000000	0.000000
739.999229	ecoli_transcript	55509.000000	0.000000	0.000000
739.999229	ecolipol	39.000000	0.000000	0.000000
739.999229	gene_A	306.000000	542.000000	0.007380
739.999229	gene_A*	159.000000	530.000000	0.001887
739.999229	gene_B	227.000000	536.000000	0.000000
739.999229	gene_C	155.000000	524.000000	0.001908
739.999229	gene_D	169.000000	521.000000	0.001919
739.999229	gene_E	179.000000	517.000000	0.000000
739.999229	gene_F	84.000000	367.000000	0.002725
739.999229	gene_G	40.000000	289.000000	0.062284
739.999229	gene_H	0.000000	198.000000	0.186869
739.999229	gene_J	126.000000	510.000000	0.072549
739.999229	gene_K	191.000000	526.000000	0.000000
739.999229	promoter_A	0.000000	0.000000	0.000000
739.999229	promoter_B1	0.000000	0.000000	0.000000
739.999229	promoter_D	0.000000	0.000000	0.000000
744.999115	__gene_A*_rbs	533.000000	0.000000	0.000000
744.999115	__gene_A_rbs	546.000000	0.000000	0.000000
744.999115	__gene_B_rbs	539.000000	0.000000	0.000000
744.999115	__gene_C_rbs	528.000000	0.000000	0.000000
744.999115	__gene_D_rbs	524.000000	0.000000	0.000000
744.999115	__gene_E_rbs	520.000000	0.000000	0.000000
744.999115	__gene_F_rbs	369.000000	0.000000	0.000000
744.999115	__gene_G_rbs	290.000000	0.000000	0.000000
744.999115	__gene_H_rbs	199.000000	0.000000	0.000000
744.999115	__gene_J_rbs	514.000000	0.000000	0.000000
744.999115	__gene_K_rbs	530.000000	0.000000	0.000000
744.999115	__ribosome	0.000000	0.000000	0.000000
744.999115	bound_ecolipol	1868.000000	0.000000	0.000000
744.999115	bound_ribosome	100.000000	0.000000	0.000000
744.999115	ecoli_genome	132.000000	0.000000	0.000000
744.999115	ecoli_transcript	55898.000000	0.000000	0.000000
744.999115	ecolipol	42.000000	0.000000	0.000000
744.999115	gene_A	307.000000	546.000000	0.005495
744.999115	gene_A*	159.000000	533.000000	0.003752
744.999115	gene_B	227.000000	539.000000	0.000000
744.999115	gene_C	156.000000	528.000000	0.000000
744.999115	gene_D	169.000000	524.000000	0.001908
744.999115	gene_E	179.000000	520.000000	0.000000
744.999115	gene_F	84.000000	369.000000	0.002710
744.999115	gene_G	40.000000	290.000000	0.065517
744.999115	gene_H	0.000000	199.000000	0.185930
744.999115	gene_J	127.000000	514.000000	0.071984
744.999115	gene_K	191.000000	530.000000	0.000000
744.999115	promoter_A	0.000000	0.000000	0.000000
744.999115	promoter_B1	0.000000	0.000000	0.000000
744.999115	promoter_D	0.000000	0.000000	0.000000
749.999257	__gene_A*_rbs	537.000000	0.000000	0.000000
749.999257	__gene_A_rbs	550.000000	0.000000	0.000000
749.999257	__gene_B_rbs	543.000000	0.000000	0.000000
749.999257	__gene_C_rbs	532.000000	0.000000	0.000000
749.999257	__gene_D_rbs	528.000000	0.000000	0.000000
749.999257	__gene_E_rbs	524.000000	0.000000	0.000000
749.999257	__gene_F_rbs	373.000000	0.000000	0.000000
749.999257	__gene_G_rbs	292.000000	0.000000	0.000000
749.999257	__gene_H_rbs	200.000000	0.000000	0.000000
749.999257	__gene_J_rbs	517.000000	0.000000	0.000000
749.999257	__gene_K_rbs	534.000000	0.000000	0.000000
749.999257	__ribosome	0.000000	0.000000	0.000000
749.999257	bound_ecolipol	1877.000000	0.000000	0.000000
749.999257	bound_ribosome	100.000000	0.000000	0.000000
749.999257	ecoli_genome	123.000000	0.000000	0.000000
749.999257	ecoli_transcript	56226.000000	0.000000	0.000000
749.999257	ecolipol	29.000000	0.000000	0.000000
749.999257	gene_A	307.000000	550.000000	0.005455
749.999257	gene_A*	159.000000	537.000000	0.003724
749.999257	gene_B	227.000000	543.000000	0.000000
749.999257	gene_C	156.000000	532.000000	0.000000
749.999257	gene_D	170.000000	528.000000	0.000000
749.999257	gene_E	179.000000	524.000000	0.000000
749.999257	gene_F	84.000000	373.000000	0.005362
749.999257	gene_G	41.000000	292.000000	0.065068
749.999257	gene_H	0.000000	200.000000	0.185000
749.999257	gene_J	128.000000	517.000000	0.071567
749.999257	gene_K	191.000000	534.000000	0.000000
749.999257	promoter_A	0.000000	0.000000	0.000000
749.999257	promoter_B1	0.000000	0.000000	0.000000
749.999257	promoter_D	0.000000	0.000000	0.000000
754.999062	__gene_A*_rbs	541.000000	0.000000	0.000000
754.999062	__gene_A_rbs	553.000000	0.000000	0.000000
754.999062	__gene_B_rbs	547.000000	0.000000	0.000000
754.999062	__gene_C_rbs	536.000000	0.000000	0.000000
754.999062	__gene_D_rbs	531.000000	0.000000	0.000000
754.999062	__gene_E_rbs	528.000000	0.000000	0.000000
754.999062	__gene_F_rbs	376.000000	0.000000	0.000000
754.999062	__gene_G_rbs	294.000000	0.000000	0.000000
754.999062	__gene_H_rbs	202.000000	0.000000	0.000000
754.999062	__gene_J_rbs	521.000000	0.000000	0.000000
754.999062	__gene_K_rbs	538.000000	0.000000	0.000000
754.999062	__ribosome	0.000000	0.000000	0.000000
754.999062	bound_ecolipol	1871.000000	0.000000	0.000000
754.999062	bound_ribosome	100.000000	0.000000	0.000000
754.999062	ecoli_genome	129.000000	0.000000	0.000000
754.999062	ecoli_transcript	56612.000000	0.000000	0.000000
754.999062	ecolipol	36.000000	0.000000	0.000000
754.999062	gene_A	307.000000	553.000000	0.005425
754.999062	gene_A*	159.000000	541.000000	0.003697
754.999062	gene_B	227.000000	547.000000	0.000000
754.999062	gene_C	156.000000	536.000000	0.000000
754.999062	gene_D	170.000000	531.000000	0.000000
754.999062	gene_E	179.000000	528.000000	0.000000
754.999062	gene_F	84.000000	376.000000	0.005319
754.999062	gene_G	41.000000	294.000000	0.064626
754.999062	gene_H	0.000000	202.000000	0.183168
754.999062	gene_J	128.000000	521.000000	0.071017
754.999062	gene_K	191.000000	538.000000	0.000000
754.999062	promoter_A	0.000000	0.000000	0.000000
754.999062	promoter_B1	0.000000	0.000000	0.000000
754.999062	promoter_D	0.000000	0.000000	0.000000
759.999128	__gene_A*_rbs	544.000000	0.000000	0.000000
759.999128	__gene_A_rbs	557.000000	0.000000	0.000000
759.999128	__gene_B_rbs	550.000000	0.000000	0.000000
759.999128	__gene_C_rbs	539.000000	0.000000	0.000000
759.999128	__gene_D_rbs	535.000000	0.000000	0.000000
759.999128	__gene_E_rbs	531.000000	0.000000	0.000000
759.999128	__gene_F_rbs	379.000000	0.000000	0.000000
759.999128	__gene_G_rbs	295.000000	0.000000	0.000000
759.999128	__gene_H_rbs	203.000000	0.000000	0.000000
759.999128	__gene_J_rbs	525.000000	0.000000	0.000000
759.999128	__gene_K_rbs	540.000000	0.000000	0.000000
759.999128	__ribosome	0.000000	0.000000	0.000000
759.999128	bound_ecolipol	1867.000000	0.000000	0.000000
759.999128	bound_ribosome	100.000000	0.000000	0.000000
759.999128	ecoli_genome	133.000000	0.000000	0.000000
759.999128	ecoli_transcript	56977.000000	0.000000	0.000000
759.999128	ecolipol	40.000000	0.000000	0.000000
759.999128	gene_A	308.000000	557.000000	0.005386
759.999128	gene_A*	160.000000	544.000000	0.003676
759.999128	gene_B	227.000000	550.000000	0.000000
759.999128	gene_C	156.000000	539.000000	0.001855
759.999128	gene_D	170.000000	535.000000	0.000000
759.999128	gene_E	179.000000	531.000000	0.000000
759.999128	gene_F	84.000000	379.000000	0.005277
759.999128	gene_G	42.000000	295.000000	0.061017
759.999128	gene_H	0.000000	203.000000	0.182266
759.999128	gene_J	128.000000	525.000000	0.070476
759.999128	gene_K	191.000000	541.000000	0.000000
759.999128	promoter_A	0.000000	0.000000	0.000000
759.999128	promoter_B1	0.000000	0.000000	0.000000
759.999128	promoter_D	0.000000	0.000000	0.000000
764.999005	__gene_A*_rbs	548.000000	0.000000	0.000000
764.999005	__gene_A_rbs	561.000000	0.000000	0.000000
764.999005	__gene_B_rbs	554.000000	0.000000	0.000000
764.999005	__gene_C_rbs	543.000000	0.000000	0.000000
764.999005	__gene_D_rbs	539.000000	0.000000	0.000000
764.999005	__gene_E_rbs	534.000000	0.000000	0.000000
764.999005	__gene_F_rbs	380.000000	0.000000	0.000000
764.999005	__gene_G_rbs	297.000000	0.000000	0.000000
764.999005	__gene_H_rbs	204.000000	0.000000	0.000000
764.999005	__gene_J_rbs	528.000000	0.000000	0.000000
764.999005	__gene_K_rbs	544.000000	0.000000	0.000000
764.999005	__ribosome	0.000000	0.000000	0.000000
764.999005	bound_ecolipol	1862.000000	0.000000	0.000000
764.999005	bound_ribosome	100.000000	0.000000	0.000000
764.999005	ecoli_genome	138.000000	0.000000	0.000000
764.999005	ecoli_transcript	57362.000000	0.000000	0.000000
764.999005	ecolipol	45.000000	0.000000	0.000000
764.999005	gene_A	309.000000	561.000000	0.003565
764.999005	gene_A*	160.000000	548.000000	0.003650
764.999005	gene_B	227.000000	554.000000	0.001805
764.999005	gene_C	156.000000	543.000000	0.001842
764.999005	gene_D	170.000000	539.000000	0.000000
764.999005	gene_E	179.000000	534.000000	0.000000
764.999005	gene_F	85.000000	380.000000	0.002632
764.999005	gene_G	43.000000	297.000000	0.057239
764.999005	gene_H	0.000000	204.000000	0.181373
764.999005	gene_J	128.000000	528.000000	0.071970
764.999005	gene_K	191.000000	545.000000	0.001835
764.999005	promoter_A	0.000000	0.000000	0.000000
764.999005	promoter_B1	0.000000	0.000000	0.000000
764.999005	promoter_D	0.000000	0.000000	0.000000
769.999080	__gene_A*_rbs	552.000000	0.000000	0.000000
769.999080	__gene_A_rbs	564.000000	0.000000	0.000000
769.999080	__gene_B_rbs	558.000000	0.000000	0.000000
769.999080	__gene_C_rbs	546.000000	0.000000	0.000000
769.999080	__gene_D_rbs	542.000000	0.000000	0.000000
769.999080	__gene_E_rbs	538.000000	0.000000	0.000000
769.999080	__gene_F_rbs	384.000000	0.000000	0.000000
769.999080	__gene_G_rbs	299.000000	0.000000	0.000000
769.999080	__gene_H_rbs	206.000000	0.000000	0.000000
769.999080	__gene_J_rbs	532.000000	0.000000	0.000000
769.999080	__gene_K_rbs	549.000000	0.000000	0.000000
769.999080	__ribosome	0.000000	0.000000	0.000000
769.999080	bound_ecolipol	1864.000000	0.000000	0.000000
769.999080	bound_ribosome	100.000000	0.000000	0.000000
769.999080	ecoli_genome	136.000000	0.000000	0.000000
769.999080	ecoli_transcript	57766.000000	0.000000	0.000000
769.999080	ecolipol	42.000000	0.000000	0.000000
769.999080	gene_A	309.000000	564.000000	0.003546
769.999080	gene_A*	160.000000	552.000000	0.003623
769.999080	gene_B	227.000000	558.000000	0.003584
769.999080	gene_C	157.000000	546.000000	0.001832
769.999080	gene_D	170.000000	542.000000	0.000000
769.999080	gene_E	179.000000	538.000000	0.000000
769.999080	gene_F	85.000000	384.000000	0.002604
769.999080	gene_G	43.000000	299.000000	0.056856
769.999080	gene_H	0.000000	206.000000	0.179612
769.999080	gene_J	129.000000	532.000000	0.069549
769.999080	gene_K	191.000000	549.000000	0.001821
769.999080	promoter_A	0.000000	0.000000	0.000000
769.999080	promoter_B1	0.000000	0.000000	0.000000
769.999080	promoter_D	0.000000	0.000000	0.000000
774.999502	__gene_A*_rbs	556.000000	0.000000	0.000000
774.999502	__gene_A_rbs	568.000000	0.000000	0.000000
774.999502	__gene_B_rbs	561.000000	0.000000	0.000000
774.999502	__gene_C_rbs	550.000000	0.000000	0.000000
774.999502	__gene_D_rbs	544.000000	0.000000	0.000000
774.999502	__gene_E_rbs	542.000000	0.000000	0.000000
774.999502	__gene_F_rbs	386.000000	0.000000	0.000000
774.999502	__gene_G_rbs	299.000000	0.000000	0.000000
774.999502	__gene_H_rbs	207.000000	0.000000	0.000000
774.999502	__gene_J_rbs	536.000000	0.000000	0.000000
774.999502	__gene_K_rbs	552.000000	0.000000	0.000000
774.999502	__ribosome	0.000000	0.000000	0.000000
774.999502	bound_ecolipol	1870.000000	0.000000	0.000000
774.999502	bound_ribosome	100.000000	0.000000	0.000000
774.999502	ecoli_genome	130.000000	0.000000	0.000000
774.999502	ecoli_transcript	58134.000000	0.000000	0.000000
774.999502	ecolipol	37.000000	0.000000	0.000000
774.999502	gene_A	309.000000	568.000000	0.003521
774.999502	gene_A*	160.000000	556.000000	0.005396
774.999502	gene_B	228.000000	561.000000	0.001783
774.999502	gene_C	157.000000	550.000000	0.001818
774.999502	gene_D	170.000000	545.000000	0.000000
774.999502	gene_E	179.000000	542.000000	0.000000
774.999502	gene_F	85.000000	386.000000	0.005181
774.999502	gene_G	43.000000	299.000000	0.056856
774.999502	gene_H	0.000000	207.000000	0.178744
774.999502	gene_J	129.000000	536.000000	0.069030
774.999502	gene_K	192.000000	552.000000	0.000000
774.999502	promoter_A	0.000000	0.000000	0.000000
774.999502	promoter_B1	0.000000	0.000000	0.000000
774.999502	promoter_D	0.000000	0.000000	0.000000
779.999166	__gene_A*_rbs	559.000000	0.000000	0.000000
779.999166	__gene_A_rbs	572.000000	0.000000	0.000000
779.999166	__gene_B_rbs	565.000000	0.000000	0.000000
779.999166	__gene_C_rbs	554.000000	0.000000	0.000000
779.999166	__gene_D_rbs	550.000000	0.000000	0.000000
779.999166	__gene_E_rbs	546.000000	0.000000	0.000000
779.999166	__gene_F_rbs	388.000000	0.000000	0.000000
779.999166	__gene_G_rbs	302.000000	0.000000	0.000000
779.999166	__gene_H_rbs	209.000000	0.000000	0.000000
779.999166	__gene_J_rbs	539.000000	0.000000	0.000000
779.999166	__gene_K_rbs	556.000000	0.000000	0.000000
779.999166	__ribosome	0.000000	0.000000	0.000000
779.999166	bound_ecolipol	1860.000000	0.000000	0.000000
779.999166	bound_ribosome	100.000000	0.000000	0.000000
779.999166	ecoli_genome	140.000000	0.000000	0.000000
779.999166	ecoli_transcript	58537.000000	0.000000	0.000000
779.999166	ecolipol	47.000000	0.000000	0.000000
779.999166	gene_A	310.000000	572.000000	0.001748
779.999166	gene_A*	161.000000	559.000000	0.005367
779.999166	gene_B	229.000000	565.000000	0.000000
779.999166	gene_C	158.000000	554.000000	0.000000
779.999166	gene_D	170.000000	550.000000	0.000000
779.999166	gene_E	179.000000	546.000000	0.001832
779.999166	gene_F	85.000000	388.000000	0.005155
779.999166	gene_G	43.000000	302.000000	0.059603
779.999166	gene_H	0.000000	209.000000	0.177033
779.999166	gene_J	130.000000	539.000000	0.070501
779.999166	gene_K	192.000000	556.000000	0.000000
779.999166	promoter_A	0.000000	0.000000	0.000000
779.999166	promoter_B1	0.000000	0.000000	0.000000
779.999166	promoter_D	0.000000	0.000000	0.000000
784.999057	__gene_A*_rbs	563.000000	0.000000	0.000000
784.999057	__gene_A_rbs	576.000000	0.000000	0.000000
784.999057	__gene_B_rbs	568.000000	0.000000	0.000000
784.999057	__gene_C_rbs	558.000000	0.000000	0.000000
784.999057	__gene_D_rbs	553.000000	0.000000	0.000000
784.999057	__gene_E_rbs	549.000000	0.000000	0.000000
784.999057	__gene_F_rbs	391.000000	0.000000	0.000000
784.999057	__gene_G_rbs	305.000000	0.000000	0.000000
784.999057	__gene_H_rbs	210.000000	0.000000	0.000000
784.999057	__gene_J_rbs	543.000000	0.000000	0.000000
784.999057	__gene_K_rbs	560.000000	0.000000	0.000000
784.999057	__ribosome	0.000000	0.000000	0.000000
784.999057	bound_ecolipol	1877.000000	0.000000	0.000000
784.999057	bound_ribosome	100.000000	0.000000	0.000000
784.999057	ecoli_genome	123.000000	0.000000	0.000000
784.999057	ecoli_transcript	58860.000000	0.000000	0.000000
784.999057	ecolipol	30.000000	0.000000	0.000000
784.999057	gene_A	310.000000	576.000000	0.001736
784.999057	gene_A*	161.000000	563.000000	0.005329
784.999057	gene_B	229.000000	568.000000	0.000000
784.999057	gene_C	158.000000	558.000000	0.001792
784.999057	gene_D	170.000000	553.000000	0.000000
784.999057	gene_E	179.000000	549.000000	0.001821
784.999057	gene_F	85.000000	391.000000	0.005115
784.999057	gene_G	43.000000	305.000000	0.059016
784.999057	gene_H	0.000000	210.000000	0.176190
784.999057	gene_J	131.000000	543.000000	0.068140
784.999057	gene_K	192.000000	560.000000	0.000000
784.999057	promoter_A	0.000000	0.000000	0.000000
784.999057	promoter_B1	0.000000	0.000000	0.000000
784.999057	promoter_D	0.000000	0.000000	0.000000
789.999200	__gene_A*_rbs	566.000000	0.000000	0.000000
789.999200	__gene_A_rbs	580.000000	0.000000	0.000000
789.999200	__gene_B_rbs	572.000000	0.000000	0.000000
789.999200	__gene_C_rbs	562.000000	0.000000	0.000000
789.999200	__gene_D_rbs	557.000000	0.000000	0.000000
789.999200	__gene_E_rbs	553.000000	0.000000	0.000000
789.999200	__gene_F_rbs	392.000000	0.000000	0.000000
789.999200	__gene_G_rbs	307.000000	0.000000	0.000000
789.999200	__gene_H_rbs	210.000000	0.000000	0.000000
789.999200	__gene_J_rbs	547.000000	0.000000	0.000000
789.999200	__gene_K_rbs	564.000000	0.000000	0.000000
789.999200	__ribosome	0.000000	0.000000	0.000000
789.999200	bound_ecolipol	1877.000000	0.000000	0.000000
789.999200	bound_ribosome	100.000000	0.000000	0.000000
789.999200	ecoli_genome	123.000000	0.000000	0.000000
789.999200	ecoli_transcript	59235.000000	0.000000	0.000000
789.999200	ecolipol	30.000000	0.000000	0.000000
789.999200	gene_A	310.000000	580.000000	0.001724
789.999200	gene_A*	161.000000	566.000000	0.005300
789.999200	gene_B	229.000000	572.000000	0.001748
789.999200	gene_C	159.000000	562.000000	0.000000
789.999200	gene_D	170.000000	557.000000	0.000000
789.999200	gene_E	180.000000	553.000000	0.000000
789.999200	gene_F	85.000000	392.000000	0.005102
789.999200	gene_G	43.000000	307.000000	0.058632
789.999200	gene_H	0.000000	210.000000	0.176190
789.999200	gene_J	131.000000	547.000000	0.067642
789.999200	gene_K	192.000000	564.000000	0.001773
789.999200	promoter_A	0.000000	0.000000	0.000000
789.999200	promoter_B1	0.000000	0.000000	0.000000
789.999200	promoter_D	0.000000	0.000000	0.000000
794.999339	__gene_A*_rbs	570.000000	0.000000	0.000000
794.999339	__gene_A_rbs	582.000000	0.000000	0.000000
794.999339	__gene_B_rbs	576.000000	0.000000	0.000000
794.999339	__gene_C_rbs	565.000000	0.000000	0.000000
794.999339	__gene_D_rbs	561.000000	0.000000	0.000000
794.999339	__gene_E_rbs	557.000000	0.000000	0.000000
794.999339	__gene_F_rbs	394.000000	0.000000	0.000000
794.999339	__gene_G_rbs	308.000000	0.000000	0.000000
794.999339	__gene_H_rbs	213.000000	0.000000	0.000000
794.999339	__gene_J_rbs	550.000000	0.000000	0.000000
794.999339	__gene_K_rbs	567.000000	0.000000	0.000000
794.999339	__ribosome	0.000000	0.000000	0.000000
794.999339	bound_ecolipol	1870.000000	0.000000	0.000000
794.999339	bound_ribosome	100.000000	0.000000	0.000000
794.999339	ecoli_genome	130.000000	0.000000	0.000000
794.999339	ecoli_transcript	59627.000000	0.000000	0.000000
794.999339	ecolipol	39.000000	0.000000	0.000000
794.999339	gene_A	310.000000	583.000000	0.003431
794.999339	gene_A*	162.000000	570.000000	0.005263
794.999339	gene_B	229.000000	576.000000	0.003472
794.999339	gene_C	159.000000	565.000000	0.000000
794.999339	gene_D	170.000000	561.000000	0.000000
794.999339	gene_E	180.000000	557.000000	0.000000
794.999339	gene_F	86.000000	394.000000	0.002538
794.999339	gene_G	43.000000	308.000000	0.058442
794.999339	gene_H	0.000000	213.000000	0.173709
794.999339	gene_J	131.000000	550.000000	0.067273
794.999339	gene_K	193.000000	567.000000	0.000000
794.999339	promoter_A	0.000000	0.000000	0.000000
794.999339	promoter_B1	0.000000	0.000000	0.000000
794.999339	promoter_D	0.000000	0.000000	0.000000
799.999523	__gene_A*_rbs	574.000000	0.000000	0.000000
799.999523	__gene_A_rbs	587.000000	0.000000	0.000000
799.999523	__gene_B_rbs	580.000000	0.000000	0.000000
799.999523	__gene_C_rbs	569.000000	0.000000	0.000000
799.999523	__gene_D_rbs	565.000000	0.000000	0.000000
799.999523	__gene_E_rbs	560.000000	0.000000	0.000000
799.999523	__gene_F_rbs	397.000000	0.000000	0.000000
799.999523	__gene_G_rbs	312.000000	0.000000	0.000000
799.999523	__gene_H_rbs	216.000000	0.000000	0.000000
799.999523	__gene_J_rbs	554.000000	0.000000	0.000000
799.999523	__gene_K_rbs	570.000000	0.000000	0.000000
799.999523	__ribosome	0.000000	0.000000	0.000000
799.999523	bound_ecolipol	1872.000000	0.000000	0.000000
799.999523	bound_ribosome	100.000000	0.000000	0.000000
799.999523	ecoli_genome	128.000000	0.000000	0.000000
799.999523	ecoli_transcript	59994.000000	0.000000	0.000000
799.999523	ecolipol	36.000000	0.000000	0.000000
799.999523	gene_A	310.000000	587.000000	0.003407
799.999523	gene_A*	162.000000	574.000000	0.005226
799.999523	gene_B	229.000000	580.000000	0.003448
799.999523	gene_C	159.000000	569.000000	0.000000
799.999523	gene_D	170.000000	565.000000	0.001770
799.999523	gene_E	180.000000	560.000000	0.000000
799.999523	gene_F	86.000000	397.000000	0.002519
799.999523	gene_G	44.000000	312.000000	0.054487
799.999523	gene_H	0.000000	216.000000	0.171296
799.999523	gene_J	131.000000	554.000000	0.066787
799.999523	gene_K	193.000000	571.000000	0.000000
799.999523	promoter_A	0.000000	0.000000	0.000000
799.999523	promoter_B1	0.000000	0.000000	0.000000
799.999523	promoter_D	0.000000	0.000000	0.000000
804.999108	__gene_A*_rbs	577.000000	0.000000	0.000000
804.999108	__gene_A_rbs	591.000000	0.000000	0.000000
804.999108	__gene_B_rbs	583.000000	0.000000	0.000000
804.999108	__gene_C_rbs	572.000000	0.000000	0.000000
804.999108	__gene_D_rbs	569.000000	0.000000	0.000000
804.999108	__gene_E_rbs	564.000000	0.000000	0.000000
804.999108	__gene_F_rbs	399.000000	0.000000	0.000000
804.999108	__gene_G_rbs	313.000000	0.000000	0.000000
804.999108	__gene_H_rbs	218.000000	0.000000	0.000000
804.999108	__gene_J_rbs	557.000000	0.000000	0.000000
804.999108	__gene_K_rbs	575.000000	0.000000	0.000000
804.999108	__ribosome	0.000000	0.000000	0.000000
804.999108	bound_ecolipol	1863.000000	0.000000	0.000000
804.999108	bound_ribosome	100.000000	0.000000	0.000000
804.999108	ecoli_genome	137.000000	0.000000	0.000000
804.999108	ecoli_transcript	60385.000000	0.000000	0.000000
804.999108	ecolipol	43.000000	0.000000	0.000000
804.999108	gene_A	310.000000	591.000000	0.003384
804.999108	gene_A*	162.000000	577.000000	0.005199
804.999108	gene_B	230.000000	583.000000	0.001715
804.999108	gene_C	159.000000	573.000000	0.000000
804.999108	gene_D	170.000000	569.000000	0.001757
804.999108	gene_E	180.000000	564.000000	0.000000
804.999108	gene_F	86.000000	399.000000	0.005013
804.999108	gene_G	44.000000	313.000000	0.054313
804.999108	gene_H	0.000000	218.000000	0.169725
804.999108	gene_J	131.000000	557.000000	0.066427
804.999108	gene_K	193.000000	575.000000	0.000000
804.999108	promoter_A	0.000000	0.000000	0.000000
804.999108	promoter_B1	0.000000	0.000000	0.000000
804.999108	promoter_D	0.000000	0.000000	0.000000
809.999055	__gene_A*_rbs	582.000000	0.000000	0.000000
809.999055	__gene_A_rbs	594.000000	0.000000	0.000000
809.999055	__gene_B_rbs	587.000000	0.000000	0.000000
809.999055	__gene_C_rbs	577.000000	0.000000	0.000000
809.999055	__gene_D_rbs	572.000000	0.000000	0.000000
809.999055	__gene_E_rbs	568.000000	0.000000	0.000000
809.999055	__gene_F_rbs	402.000000	0.000000	0.000000
809.999055	__gene_G_rbs	316.000000	0.000000	0.000000
809.999055	__gene_H_rbs	218.000000	0.000000	0.000000
809.999055	__gene_J_rbs	560.000000	0.000000	0.000000
809.999055	__gene_K_rbs	579.000000	0.000000	0.000000
809.999055	__ribosome	0.000000	0.000000	0.000000
809.999055	bound_ecolipol	1852.000000	0.000000	0.000000
809.999055	bound_ribosome	100.000000	0.000000	0.000000
809.999055	ecoli_genome	148.000000	0.000000	0.000000
809.999055	ecoli_transcript	60778.000000	0.000000	0.000000
809.999055	ecolipol	57.000000	0.000000	0.000000
809.999055	gene_A	311.000000	594.000000	0.001684
809.999055	gene_A*	163.000000	582.000000	0.003436
809.999055	gene_B	231.000000	587.000000	0.000000
809.999055	gene_C	159.000000	577.000000	0.000000
809.999055	gene_D	170.000000	572.000000	0.001748
809.999055	gene_E	180.000000	568.000000	0.003521
809.999055	gene_F	86.000000	402.000000	0.004975
809.999055	gene_G	44.000000	316.000000	0.053797
809.999055	gene_H	0.000000	218.000000	0.169725
809.999055	gene_J	131.000000	561.000000	0.065954
809.999055	gene_K	193.000000	579.000000	0.001727
809.999055	promoter_A	0.000000	0.000000	0.000000
809.999055	promoter_B1	0.000000	0.000000	0.000000
809.999055	promoter_D	0.000000	0.000000	0.000000
814.999139	__gene_A*_rbs	585.000000	0.000000	0.000000
814.999139	__gene_A_rbs	598.000000	0.000000	0.000000
814.999139	__gene_B_rbs	591.000000	0.000000	0.000000
814.999139	__gene_C_rbs	580.000000	0.000000	0.000000
814.999139	__gene_D_rbs	576.000000	0.000000	0.000000
814.999139	__gene_E_rbs	571.000000	0.000000	0.000000
814.999139	__gene_F_rbs	404.000000	0.000000	0.000000
814.999139	__gene_G_rbs	318.000000	0.000000	0.000000
814.999139	__gene_H_rbs	219.000000	0.000000	0.000000
814.999139	__gene_J_rbs	565.000000	0.000000	0.000000
814.999139	__gene_K_rbs	582.000000	0.000000	0.000000
814.999139	__ribosome	0.000000	0.000000	0.000000
814.999139	bound_ecolipol	1873.000000	0.000000	0.000000
814.999139	bound_ribosome	100.000000	0.000000	0.000000
814.999139	ecoli_genome	127.000000	0.000000	0.000000
814.999139	ecoli_transcript	61118.000000	0.000000	0.000000
814.999139	ecolipol	35.000000	0.000000	0.000000
814.999139	gene_A	311.000000	598.000000	0.001672
814.999139	gene_A*	164.000000	585.000000	0.003419
814.999139	gene_B	231.000000	591.000000	0.003384
814.999139	gene_C	159.000000	580.000000	0.000000
814.999139	gene_D	171.000000	576.000000	0.000000
814.999139	gene_E	181.000000	571.000000	0.001751
814.999139	gene_F	86.000000	404.000000	0.004950
814.999139	gene_G	44.000000	318.000000	0.056604
814.999139	gene_H	0.000000	219.000000	0.168950
814.999139	gene_J	131.000000	565.000000	0.065487
814.999139	gene_K	194.000000	582.000000	0.000000
814.999139	promoter_A	0.000000	0.000000	0.000000
814.999139	promoter_B1	0.000000	0.000000	0.000000
814.999139	promoter_D	0.000000	0.000000	0.000000
819.999264	__gene_A*_rbs	589.000000	0.000000	0.000000
819.999264	__gene_A_rbs	601.000000	0.000000	0.000000
819.999264	__gene_B_rbs	594.000000	0.000000	0.000000
819.999264	__gene_C_rbs	584.000000	0.000000	0.000000
819.999264	__gene_D_rbs	580.000000	0.000000	0.000000
819.999264	__gene_E_rbs	575.000000	0.000000	0.000000
819.999264	__gene_F_rbs	407.000000	0.000000	0.000000
819.999264	__gene_G_rbs	320.000000	0.000000	0.000000
819.999264	__gene_H_rbs	220.000000	0.000000	0.000000
819.999264	__gene_J_rbs	568.000000	0.000000	0.000000
819.999264	__gene_K_rbs	586.000000	0.000000	0.000000
819.999264	__ribosome	0.000000	0.000000	0.000000
819.999264	bound_ecolipol	1878.000000	0.000000	0.000000
819.999264	bound_ribosome	100.000000	0.000000	0.000000
819.999264	ecoli_genome	122.000000	0.000000	0.000000
819.999264	ecoli_transcript	61467.000000	0.000000	0.000000
819.999264	ecolipol	28.000000	0.000000	0.000000
819.999264	gene_A	311.000000	601.000000	0.001664
819.999264	gene_A*	164.000000	589.000000	0.003396
819.999264	gene_B	231.000000	594.000000	0.003367
819.999264	gene_C	159.000000	584.000000	0.000000
819.999264	gene_D	171.000000	580.000000	0.000000
819.999264	gene_E	182.000000	575.000000	0.001739
819.999264	gene_F	87.000000	407.000000	0.002457
819.999264	gene_G	44.000000	320.000000	0.056250
819.999264	gene_H	0.000000	220.000000	0.168182
819.999264	gene_J	131.000000	568.000000	0.066901
819.999264	gene_K	194.000000	586.000000	0.000000
819.999264	promoter_A	0.000000	0.000000	0.000000
819.999264	promoter_B1	0.000000	0.000000	0.000000
819.999264	promoter_D	0.000000	0.000000	0.000000
824.999190	__gene_A*_rbs	592.000000	0.000000	0.000000
824.999190	__gene_A_rbs	605.000000	0.000000	0.000000
824.999190	__gene_B_rbs	598.000000	0.000000	0.000000
824.999190	__gene_C_rbs	588.000000	0.000000	0.000000
824.999190	__gene_D_rbs	583.000000	0.000000	0.000000
824.999190	__gene_E_rbs	579.000000	0.000000	0.000000
824.999190	__gene_F_rbs	410.000000	0.000000	0.000000
824.999190	__gene_G_rbs	322.000000	0.000000	0.000000
824.999190	__gene_H_rbs	221.000000	0.000000	0.000000
824.999190	__gene_J_rbs	572.000000	0.000000	0.000000
824.999190	__gene_K_rbs	589.000000	0.000000	0.000000
824.999190	__ribosome	0.000000	0.000000	0.000000
824.999190	bound_ecolipol	1872.000000	0.000000	0.000000
824.999190	bound_ribosome	100.000000	0.000000	0.000000
824.999190	ecoli_genome	128.000000	0.000000	0.000000
824.999190	ecoli_transcript	61847.000000	0.000000	0.000000
824.999190	ecolipol	38.000000	0.000000	0.000000
824.999190	gene_A	311.000000	605.000000	0.003306
824.999190	gene_A*	164.000000	592.000000	0.005068
824.999190	gene_B	232.000000	598.000000	0.001672
824.999190	gene_C	159.000000	588.000000	0.000000
824.999190	gene_D	171.000000	583.000000	0.000000
824.999190	gene_E	182.000000	579.000000	0.001727
824.999190	gene_F	87.000000	410.000000	0.002439
824.999190	gene_G	44.000000	322.000000	0.055901
824.999190	gene_H	0.000000	221.000000	0.167421
824.999190	gene_J	132.000000	572.000000	0.064685
824.999190	gene_K	194.000000	589.000000	0.000000
824.999190	promoter_A	0.000000	0.000000	0.000000
824.999190	promoter_B1	0.000000	0.000000	0.000000
824.999190	promoter_D	0.000000	0.000000	0.000000
829.999062	__gene_A*_rbs	596.000000	0.000000	0.000000
829.999062	__gene_A_rbs	609.000000	0.000000	0.000000
829.999062	__gene_B_rbs	601.000000	0.000000	0.000000
829.999062	__gene_C_rbs	591.000000	0.000000	0.000000
829.999062	__gene_D_rbs	586.000000	0.000000	0.000000
829.999062	__gene_E_rbs	582.000000	0.000000	0.000000
829.999062	__gene_F_rbs	412.000000	0.000000	0.000000
829.999062	__gene_G_rbs	323.000000	0.000000	0.000000
829.999062	__gene_H_rbs	222.000000	0.000000	0.000000
829.999062	__gene_J_rbs	576.000000	0.000000	0.000000
829.999062	__gene_K_rbs	593.000000	0.000000	0.000000
829.999062	__ribosome	0.000000	0.000000	0.000000
829.999062	bound_ecolipol	1878.000000	0.000000	0.000000
829.999062	bound_ribosome	100.000000	0.000000	0.000000
829.999062	ecoli_genome	122.000000	0.000000	0.000000
829.999062	ecoli_transcript	62225.000000	0.000000	0.000000
829.999062	ecolipol	33.000000	0.000000	0.000000
829.999062	gene_A	311.000000	609.000000	0.003284
829.999062	gene_A*	165.000000	596.000000	0.003356
829.999062	gene_B	233.000000	602.000000	0.000000
829.999062	gene_C	159.000000	591.000000	0.000000
829.999062	gene_D	171.000000	586.000000	0.001706
829.999062	gene_E	183.000000	582.000000	0.000000
829.999062	gene_F	87.000000	412.000000	0.004854
829.999062	gene_G	44.000000	323.000000	0.055728
829.999062	gene_H	0.000000	222.000000	0.166667
829.999062	gene_J	132.000000	576.000000	0.065972
829.999062	gene_K	194.000000	593.000000	0.000000
829.999062	promoter_A	0.000000	0.000000	0.000000
829.999062	promoter_B1	0.000000	0.000000	0.000000
829.999062	promoter_D	0.000000	0.000000	0.000000
834.999240	__gene_A*_rbs	600.000000	0.000000	0.000000
834.999240	__gene_A_rbs	613.000000	0.000000	0.000000
834.999240	__gene_B_rbs	605.000000	0.000000	0.000000
834.999240	__gene_C_rbs	594.000000	0.000000	0.000000
834.999240	__gene_D_rbs	590.000000	0.000000	0.000000
834.999240	__gene_E_rbs	586.000000	0.000000	0.000000
834.999240	__gene_F_rbs	413.000000	0.000000	0.000000
834.999240	__gene_G_rbs	325.000000	0.000000	0.000000
834.999240	__gene_H_rbs	222.000000	0.000000	0.000000
834.999240	__gene_J_rbs	579.000000	0.000000	0.000000
834.999240	__gene_K_rbs	597.000000	0.000000	0.000000
834.999240	__ribosome	0.000000	0.000000	0.000000
834.999240	bound_ecolipol	1870.000000	0.000000	0.000000
834.999240	bound_ribosome	100.000000	0.000000	0.000000
834.999240	ecoli_genome	130.000000	0.000000	0.000000
834.999240	ecoli_transcript	62604.000000	0.000000	0.000000
834.999240	ecolipol	44.000000	0.000000	0.000000
834.999240	gene_A	311.000000	613.000000	0.003263
834.999240	gene_A*	165.000000	600.000000	0.003333
834.999240	gene_B	233.000000	605.000000	0.000000
834.999240	gene_C	159.000000	594.000000	0.003367
834.999240	gene_D	171.000000	590.000000	0.001695
834.999240	gene_E	183.000000	586.000000	0.000000
834.999240	gene_F	87.000000	413.000000	0.004843
834.999240	gene_G	45.000000	325.000000	0.052308
834.999240	gene_H	0.000000	222.000000	0.166667
834.999240	gene_J	133.000000	579.000000	0.063903
834.999240	gene_K	194.000000	597.000000	0.000000
834.999240	promoter_A	0.000000	0.000000	0.000000
834.999240	promoter_B1	0.000000	0.000000	0.000000
834.999240	promoter_D	0.000000	0.000000	0.000000
839.999109	__gene_A*_rbs	603.000000	0.000000	0.000000
839.999109	__gene_A_rbs	617.000000	0.000000	0.000000
839.999109	__gene_B_rbs	609.000000	0.000000	0.000000
839.999109	__gene_C_rbs	598.000000	0.000000	0.000000
839.999109	__gene_D_rbs	594.000000	0.000000	0.000000
839.999109	__gene_E_rbs	590.000000	0.000000	0.000000
839.999109	__gene_F_rbs	416.000000	0.000000	0.000000
839.999109	__gene_G_rbs	327.000000	0.000000	0.000000
839.999109	__gene_H_rbs	224.000000	0.000000	0.000000
839.999109	__gene_J_rbs	583.000000	0.000000	0.000000
839.999109	__gene_K_rbs	600.000000	0.000000	0.000000
839.999109	__ribosome	0.000000	0.000000	0.000000
839.999109	bound_ecolipol	1861.000000	0.000000	0.000000
839.999109	bound_ribosome	100.000000	0.000000	0.000000
839.999109	ecoli_genome	139.000000	0.000000	0.000000
839.999109	ecoli_transcript	62972.000000	0.000000	0.000000
839.999109	ecolipol	49.000000	0.000000	0.000000
839.999109	gene_A	311.000000	617.000000	0.003241
839.999109	gene_A*	165.000000	604.000000	0.004967
839.999109	gene_B	233.000000	609.000000	0.001642
839.999109	gene_C	161.000000	598.000000	0.000000
839.999109	gene_D	171.000000	594.000000	0.001684
839.999109	gene_E	183.000000	590.000000	0.000000
839.999109	gene_F	87.000000	416.000000	0.004808
839.999109	gene_G	45.000000	327.000000	0.051988
839.999109	gene_H	0.000000	224.000000	0.165179
839.999109	gene_J	133.000000	583.000000	0.063465
839.999109	gene_K	194.000000	600.000000	0.000000
839.999109	promoter_A	0.000000	0.000000	0.000000
839.999109	promoter_B1	0.000000	0.000000	0.000000
839.999109	promoter_D	0.000000	0.000000	0.000000
844.999043	__gene_A*_rbs	607.000000	0.000000	0.000000
844.999043	__gene_A_rbs	620.000000	0.000000	0.000000
844.999043	__gene_B_rbs	613.000000	0.000000	0.000000
844.999043	__gene_C_rbs	602.000000	0.000000	0.000000
844.999043	__gene_D_rbs	598.000000	0.000000	0.000000
844.999043	__gene_E_rbs	593.000000	0.000000	0.000000
844.999043	__gene_F_rbs	418.000000	0.000000	0.000000
844.999043	__gene_G_rbs	329.000000	0.000000	0.000000
844.999043	__gene_H_rbs	225.000000	0.000000	0.000000
844.999043	__gene_J_rbs	587.000000	0.000000	0.000000
844.999043	__gene_K_rbs	604.000000	0.000000	0.000000
844.999043	__ribosome	0.000000	0.000000	0.000000
844.999043	bound_ecolipol	1875.000000	0.000000	0.000000
844.999043	bound_ribosome	100.000000	0.000000	0.000000
844.999043	ecoli_genome	125.000000	0.000000	0.000000
844.999043	ecoli_transcript	63313.000000	0.000000	0.000000
844.999043	ecolipol	34.000000	0.000000	0.000000
844.999043	gene_A	311.000000	620.000000	0.003226
844.999043	gene_A*	165.000000	607.000000	0.004942
844.999043	gene_B	233.000000	613.000000	0.001631
844.999043	gene_C	161.000000	602.000000	0.000000
844.999043	gene_D	172.000000	598.000000	0.000000
844.999043	gene_E	183.000000	593.000000	0.001686
844.999043	gene_F	88.000000	418.000000	0.002392
844.999043	gene_G	45.000000	329.000000	0.051672
844.999043	gene_H	0.000000	225.000000	0.164444
844.999043	gene_J	133.000000	587.000000	0.064736
844.999043	gene_K	194.000000	604.000000	0.000000
844.999043	promoter_A	0.000000	0.000000	0.000000
844.999043	promoter_B1	0.000000	0.000000	0.000000
844.999043	promoter_D	0.000000	0.000000	0.000000
849.999370	__gene_A*_rbs	611.000000	0.000000	0.000000
849.999370	__gene_A_rbs	624.000000	0.000000	0.000000
849.999370	__gene_B_rbs	617.000000	0.000000	0.000000
849.999370	__gene_C_rbs	606.000000	0.000000	0.000000
849.999370	__gene_D_rbs	601.000000	0.000000	0.000000
849.999370	__gene_E_rbs	597.000000	0.000000	0.000000
849.999370	__gene_F_rbs	421.000000	0.000000	0.000000
849.999370	__gene_G_rbs	332.000000	0.000000	0.000000
849.999370	__gene_H_rbs	225.000000	0.000000	0.000000
849.999370	__gene_J_rbs	590.000000	0.000000	0.000000
849.999370	__gene_K_rbs	608.000000	0.000000	0.000000
849.999370	__ribosome	0.000000	0.000000	0.000000
849.999370	bound_ecolipol	1873.000000	0.000000	0.000000
849.999370	bound_ribosome	100.000000	0.000000	0.000000
849.999370	ecoli_genome	127.000000	0.000000	0.000000
849.999370	ecoli_transcript	63689.000000	0.000000	0.000000
849.999370	ecolipol	36.000000	0.000000	0.000000
849.999370	gene_A	312.000000	624.000000	0.001603
849.999370	gene_A*	166.000000	611.000000	0.003273
849.999370	gene_B	233.000000	617.000000	0.001621
849.999370	gene_C	161.000000	606.000000	0.001650
849.999370	gene_D	172.000000	601.000000	0.000000
849.999370	gene_E	183.000000	597.000000	0.001675
849.999370	gene_F	88.000000	421.000000	0.002375
849.999370	gene_G	45.000000	332.000000	0.051205
849.999370	gene_H	0.000000	225.000000	0.164444
849.999370	gene_J	134.000000	590.000000	0.066102
849.999370	gene_K	194.000000	608.000000	0.000000
849.999370	promoter_A	0.000000	0.000000	0.000000
849.999370	promoter_B1	0.000000	0.000000	0.000000
849.999370	promoter_D	0.000000	0.000000	0.000000
854.999158	__gene_A*_rbs	615.000000	0.000000	0.000000
854.999158	__gene_A_rbs	627.000000	0.000000	0.000000
854.999158	__gene_B_rbs	620.000000	0.000000	0.000000
854.999158	__gene_C_rbs	609.000000	0.000000	0.000000
854.999158	__gene_D_rbs	605.000000	0.000000	0.000000
854.999158	__gene_E_rbs	601.000000	0.000000	0.000000
854.999158	__gene_F_rbs	424.000000	0.000000	0.000000
854.999158	__gene_G_rbs	333.000000	0.000000	0.000000
854.999158	__gene_H_rbs	227.000000	0.000000	0.000000
854.999158	__gene_J_rbs	594.000000	0.000000	0.000000
854.999158	__gene_K_rbs	611.000000	0.000000	0.000000
854.999158	__ribosome	0.000000	0.000000	0.000000
854.999158	bound_ecolipol	1871.000000	0.000000	0.000000
854.999158	bound_ribosome	100.000000	0.000000	0.000000
854.999158	ecoli_genome	129.000000	0.000000	0.000000
854.999158	ecoli_transcript	64067.000000	0.000000	0.000000
854.999158	ecolipol	38.000000	0.000000	0.000000
854.999158	gene_A	312.000000	627.000000	0.001595
854.999158	gene_A*	166.000000	615.000000	0.003252
854.999158	gene_B	234.000000	620.000000	0.001613
854.999158	gene_C	162.000000	609.000000	0.003284
854.999158	gene_D	172.000000	605.000000	0.000000
854.999158	gene_E	184.000000	601.000000	0.000000
854.999158	gene_F	88.000000	424.000000	0.002358
854.999158	gene_G	45.000000	333.000000	0.051051
854.999158	gene_H	0.000000	227.000000	0.162996
854.999158	gene_J	135.000000	594.000000	0.063973
854.999158	gene_K	194.000000	611.000000	0.001637
854.999158	promoter_A	0.000000	0.000000	0.000000
854.999158	promoter_B1	0.000000	0.000000	0.000000
854.999158	promoter_D	0.000000	0.000000	0.000000
859.999187	__gene_A*_rbs	619.000000	0.000000	0.000000
859.999187	__gene_A_rbs	631.000000	0.000000	0.000000
859.999187	__gene_B_rbs	624.000000	0.000000	0.000000
859.999187	__gene_C_rbs	613.000000	0.000000	0.000000
859.999187	__gene_D_rbs	609.000000	0.000000	0.000000
859.999187	__gene_E_rbs	604.000000	0.000000	0.000000
859.999187	__gene_F_rbs	427.000000	0.000000	0.000000
859.999187	__gene_G_rbs	335.000000	0.000000	0.000000
859.999187	__gene_H_rbs	230.000000	0.000000	0.000000
859.999187	__gene_J_rbs	598.000000	0.000000	0.000000
859.999187	__gene_K_rbs	615.000000	0.000000	0.000000
859.999187	__ribosome	0.000000	0.000000	0.000000
859.999187	bound_ecolipol	1870.000000	0.000000	0.000000
859.999187	bound_ribosome	100.000000	0.000000	0.000000
859.999187	ecoli_genome	130.000000	0.000000	0.000000
859.999187	ecoli_transcript	64438.000000	0.000000	0.000000
859.999187	ecolipol	36.000000	0.000000	0.000000
859.999187	gene_A	312.000000	631.000000	0.003170
859.999187	gene_A*	167.000000	619.000000	0.001616
859.999187	gene_B	234.000000	624.000000	0.001603
859.999187	gene_C	162.000000	613.000000	0.003263
859.999187	gene_D	172.000000	609.000000	0.000000
859.999187	gene_E	184.000000	604.000000	0.000000
859.999187	gene_F	88.000000	427.000000	0.002342
859.999187	gene_G	45.000000	335.000000	0.050746
859.999187	gene_H	0.000000	230.000000	0.160870
859.999187	gene_J	135.000000	598.000000	0.065217
859.999187	gene_K	195.000000	615.000000	0.000000
859.999187	promoter_A	0.000000	0.000000	0.000000
859.999187	promoter_B1	0.000000	0.000000	0.000000
859.999187	promoter_D	0.000000	0.000000	0.000000
864.999454	__gene_A*_rbs	622.000000	0.000000	0.000000
864.999454	__gene_A_rbs	635.000000	0.000000	0.000000
864.999454	__gene_B_rbs	628.000000	0.000000	0.000000
864.999454	__gene_C_rbs	617.000000	0.000000	0.000000
864.999454	__gene_D_rbs	612.000000	0.000000	0.000000
864.999454	__gene_E_rbs	608.000000	0.000000	0.000000
864.999454	__gene_F_rbs	431.000000	0.000000	0.000000
864.999454	__gene_G_rbs	337.000000	0.000000	0.000000
864.999454	__gene_H_rbs	231.000000	0.000000	0.000000
864.999454	__gene_J_rbs	601.000000	0.000000	0.000000
864.999454	__gene_K_rbs	619.000000	0.000000	0.000000
864.999454	__ribosome	0.000000	0.000000	0.000000
864.999454	bound_ecolipol	1871.000000	0.000000	0.000000
864.999454	bound_ribosome	100.000000	0.000000	0.000000
864.999454	ecoli_genome	129.000000	0.000000	0.000000
864.999454	ecoli_transcript	64801.000000	0.000000	0.000000
864.999454	ecolipol	35.000000	0.000000	0.000000
864.999454	gene_A	312.000000	635.000000	0.004724
864.999454	gene_A*	167.000000	622.000000	0.001608
864.999454	gene_B	234.000000	628.000000	0.001592
864.999454	gene_C	164.000000	617.000000	0.000000
864.999454	gene_D	172.000000	612.000000	0.001634
864.999454	gene_E	184.000000	608.000000	0.000000
864.999454	gene_F	88.000000	431.000000	0.002320
864.999454	gene_G	45.000000	337.000000	0.050445
864.999454	gene_H	0.000000	231.000000	0.160173
864.999454	gene_J	136.000000	601.000000	0.063228
864.999454	gene_K	195.000000	619.000000	0.001616
864.999454	promoter_A	0.000000	0.000000	0.000000
864.999454	promoter_B1	0.000000	0.000000	0.000000
864.999454	promoter_D	0.000000	0.000000	0.000000
869.999023	__gene_A*_rbs	626.000000	0.000000	0.000000
869.999023	__gene_A_rbs	638.000000	0.000000	0.000000
869.999023	__gene_B_rbs	632.000000	0.000000	0.000000
869.999023	__gene_C_rbs	620.000000	0.000000	0.000000
869.999023	__gene_D_rbs	616.000000	0.000000	0.000000
869.999023	__gene_E_rbs	612.000000	0.000000	0.000000
869.999023	__gene_F_rbs	433.000000	0.000000	0.000000
869.999023	__gene_G_rbs	339.000000	0.000000	0.000000
869.999023	__gene_H_rbs	233.000000	0.000000	0.000000
869.999023	__gene_J_rbs	605.000000	0.000000	0.000000
869.999023	__gene_K_rbs	622.000000	0.000000	0.000000
869.999023	__ribosome	0.000000	0.000000	0.000000
869.999023	bound_ecolipol	1871.000000	0.000000	0.000000
869.999023	bound_ribosome	100.000000	0.000000	0.000000
869.999023	ecoli_genome	129.000000	0.000000	0.000000
869.999023	ecoli_transcript	65171.000000	0.000000	0.000000
869.999023	ecolipol	33.000000	0.000000	0.000000
869.999023	gene_A	312.000000	638.000000	0.004702
869.999023	gene_A*	167.000000	626.000000	0.001597
869.999023	gene_B	235.000000	632.000000	0.001582
869.999023	gene_C	164.000000	620.000000	0.001613
869.999023	gene_D	172.000000	616.000000	0.003247
869.999023	gene_E	184.000000	612.000000	0.000000
869.999023	gene_F	89.000000	433.000000	0.000000
869.999023	gene_G	45.000000	339.000000	0.050147
869.999023	gene_H	0.000000	233.000000	0.158798
869.999023	gene_J	136.000000	605.000000	0.062810
869.999023	gene_K	196.000000	622.000000	0.000000
869.999023	promoter_A	0.000000	0.000000	0.000000
869.999023	promoter_B1	0.000000	0.000000	0.000000
869.999023	promoter_D	0.000000	0.000000	0.000000
874.999009	__gene_A*_rbs	630.000000	0.000000	0.000000
874.999009	__gene_A_rbs	642.000000	0.000000	0.000000
874.999009	__gene_B_rbs	635.000000	0.000000	0.000000
874.999009	__gene_C_rbs	624.000000	0.000000	0.000000
874.999009	__gene_D_rbs	620.000000	0.000000	0.000000
874.999009	__gene_E_rbs	614.000000	0.000000	0.000000
874.999009	__gene_F_rbs	437.000000	0.000000	0.000000
874.999009	__gene_G_rbs	340.000000	0.000000	0.000000
874.999009	__gene_H_rbs	235.000000	0.000000	0.000000
874.999009	__gene_J_rbs	609.000000	0.000000	0.000000
874.999009	__gene_K_rbs	626.000000	0.000000	0.000000
874.999009	__ribosome	0.000000	0.000000	0.000000
874.999009	bound_ecolipol	1872.000000	0.000000	0.000000
874.999009	bound_ribosome	100.000000	0.000000	0.000000
874.999009	ecoli_genome	128.000000	0.000000	0.000000
874.999009	ecoli_transcript	65549.000000	0.000000	0.000000
874.999009	ecolipol	31.000000	0.000000	0.000000
874.999009	gene_A	313.000000	642.000000	0.003115
874.999009	gene_A*	168.000000	630.000000	0.001587
874.999009	gene_B	235.000000	635.000000	0.001575
874.999009	gene_C	165.000000	624.000000	0.000000
874.999009	gene_D	172.000000	620.000000	0.003226
874.999009	gene_E	184.000000	615.000000	0.001626
874.999009	gene_F	89.000000	437.000000	0.000000
874.999009	gene_G	45.000000	340.000000	0.050000
874.999009	gene_H	0.000000	235.000000	0.157447
874.999009	gene_J	136.000000	609.000000	0.064039
874.999009	gene_K	196.000000	626.000000	0.000000
874.999009	promoter_A	0.000000	0.000000	0.000000
874.999009	promoter_B1	0.000000	0.000000	0.000000
874.999009	promoter_D	0.000000	0.000000	0.000000
879.999593	__gene_A*_rbs	633.000000	0.000000	0.000000
879.999593	__gene_A_rbs	646.000000	0.000000	0.000000
879.999593	__gene_B_rbs	639.000000	0.000000	0.000000
879.999593	__gene_C_rbs	628.000000	0.000000	0.000000
879.999593	__gene_D_rbs	624.000000	0.000000	0.000000
879.999593	__gene_E_rbs	619.000000	0.000000	0.000000
879.999593	__gene_F_rbs	440.000000	0.000000	0.000000
879.999593	__gene_G_rbs	342.000000	0.000000	0.000000
879.999593	__gene_H_rbs	236.000000	0.000000	0.000000
879.999593	__gene_J_rbs	613.000000	0.000000	0.000000
879.999593	__gene_K_rbs	630.000000	0.000000	0.000000
879.999593	__ribosome	0.000000	0.000000	0.000000
879.999593	bound_ecolipol	1858.000000	0.000000	0.000000
879.999593	bound_ribosome	100.000000	0.000000	0.000000
879.999593	ecoli_genome	142.000000	0.000000	0.000000
879.999593	ecoli_transcript	65923.000000	0.000000	0.000000
879.999593	ecolipol	43.000000	0.000000	0.000000
879.999593	gene_A	313.000000	646.000000	0.003096
879.999593	gene_A*	168.000000	633.000000	0.001580
879.999593	gene_B	236.000000	639.000000	0.000000
879.999593	gene_C	165.000000	628.000000	0.001592
879.999593	gene_D	173.000000	624.000000	0.003205
879.999593	gene_E	184.000000	619.000000	0.001616
879.999593	gene_F	89.000000	440.000000	0.000000
879.999593	gene_G	45.000000	342.000000	0.049708
879.999593	gene_H	0.000000	236.000000	0.156780
879.999593	gene_J	136.000000	613.000000	0.063622
879.999593	gene_K	196.000000	630.000000	0.000000
879.999593	promoter_A	0.000000	0.000000	0.000000
879.999593	promoter_B1	0.000000	0.000000	0.000000
879.999593	promoter_D	0.000000	0.000000	0.000000
884.999656	__gene_A*_rbs	637.000000	0.000000	0.000000
884.999656	__gene_A_rbs	650.000000	0.000000	0.000000
884.999656	__gene_B_rbs	642.000000	0.000000	0.000000
884.999656	__gene_C_rbs	632.000000	0.000000	0.000000
884.999656	__gene_D_rbs	626.000000	0.000000	0.000000
884.999656	__gene_E_rbs	622.000000	0.000000	0.000000
884.999656	__gene_F_rbs	441.000000	0.000000	0.000000
884.999656	__gene_G_rbs	344.000000	0.000000	0.000000
884.999656	__gene_H_rbs	237.000000	0.000000	0.000000
884.999656	__gene_J_rbs	616.000000	0.000000	0.000000
884.999656	__gene_K_rbs	633.000000	0.000000	0.000000
884.999656	__ribosome	0.000000	0.000000	0.000000
884.999656	bound_ecolipol	1873.000000	0.000000	0.000000
884.999656	bound_ribosome	100.000000	0.000000	0.000000
884.999656	ecoli_genome	127.000000	0.000000	0.000000
884.999656	ecoli_transcript	66302.000000	0.000000	0.000000
884.999656	ecolipol	31.000000	0.000000	0.000000
884.999656	gene_A	313.000000	650.000000	0.003077
884.999656	gene_A*	168.000000	637.000000	0.001570
884.999656	gene_B	236.000000	642.000000	0.000000
884.999656	gene_C	166.000000	632.000000	0.000000
884.999656	gene_D	174.000000	627.000000	0.003190
884.999656	gene_E	185.000000	623.000000	0.000000
884.999656	gene_F	89.000000	441.000000	0.002268
884.999656	gene_G	45.000000	344.000000	0.052326
884.999656	gene_H	0.000000	237.000000	0.156118
884.999656	gene_J	136.000000	616.000000	0.063312
884.999656	gene_K	196.000000	633.000000	0.000000
884.999656	promoter_A	0.000000	0.000000	0.000000
884.999656	promoter_B1	0.000000	0.000000	0.000000
884.999656	promoter_D	0.000000	0.000000	0.000000
889.999111	__gene_A*_rbs	641.000000	0.000000	0.000000
889.999111	__gene_A_rbs	654.000000	0.000000	0.000000
889.999111	__gene_B_rbs	646.000000	0.000000	0.000000
889.999111	__gene_C_rbs	635.000000	0.000000	0.000000
889.999111	__gene_D_rbs	631.000000	0.000000	0.000000
889.999111	__gene_E_rbs	627.000000	0.000000	0.000000
889.999111	__gene_F_rbs	443.000000	0.000000	0.000000
889.999111	__gene_G_rbs	348.000000	0.000000	0.000000
889.999111	__gene_H_rbs	238.000000	0.000000	0.000000
889.999111	__gene_J_rbs	620.000000	0.000000	0.000000
889.999111	__gene_K_rbs	637.000000	0.000000	0.000000
889.999111	__ribosome	0.000000	0.000000	0.000000
889.999111	bound_ecolipol	1860.000000	0.000000	0.000000
889.999111	bound_ribosome	100.000000	0.000000	0.000000
889.999111	ecoli_genome	140.000000	0.000000	0.000000
889.999111	ecoli_transcript	66706.000000	0.000000	0.000000
889.999111	ecolipol	43.000000	0.000000	0.000000
889.999111	gene_A	313.000000	654.000000	0.003058
889.999111	gene_A*	168.000000	641.000000	0.001560
889.999111	gene_B	236.000000	646.000000	0.000000
889.999111	gene_C	166.000000	635.000000	0.000000
889.999111	gene_D	174.000000	631.000000	0.003170
889.999111	gene_E	185.000000	627.000000	0.000000
889.999111	gene_F	89.000000	443.000000	0.002257
889.999111	gene_G	45.000000	348.000000	0.051724
889.999111	gene_H	0.000000	238.000000	0.155462
889.999111	gene_J	136.000000	620.000000	0.062903
889.999111	gene_K	196.000000	637.000000	0.000000
889.999111	promoter_A	0.000000	0.000000	0.000000
889.999111	promoter_B1	0.000000	0.000000	0.000000
889.999111	promoter_D	0.000000	0.000000	0.000000
894.999171	__gene_A*_rbs	644.000000	0.000000	0.000000
894.999171	__gene_A_rbs	657.000000	0.000000	0.000000
894.999171	__gene_B_rbs	650.000000	0.000000	0.000000
894.999171	__gene_C_rbs	639.000000	0.000000	0.000000
894.999171	__gene_D_rbs	635.000000	0.000000	0.000000
894.999171	__gene_E_rbs	630.000000	0.000000	0.000000
894.999171	__gene_F_rbs	447.000000	0.000000	0.000000
894.999171	__gene_G_rbs	349.000000	0.000000	0.000000
894.999171	__gene_H_rbs	240.000000	0.000000	0.000000
894.999171	__gene_J_rbs	623.000000	0.000000	0.000000
894.999171	__gene_K_rbs	641.000000	0.000000	0.000000
894.999171	__ribosome	0.000000	0.000000	0.000000
894.999171	bound_ecolipol	1859.000000	0.000000	0.000000
894.999171	bound_ribosome	100.000000	0.000000	0.000000
894.999171	ecoli_genome	141.000000	0.000000	0.000000
894.999171	ecoli_transcript	67125.000000	0.000000	0.000000
894.999171	ecolipol	44.000000	0.000000	0.000000
894.999171	gene_A	313.000000	657.000000	0.003044
894.999171	gene_A*	168.000000	644.000000	0.001553
894.999171	gene_B	236.000000	650.000000	0.000000
894.999171	gene_C	166.000000	639.000000	0.000000
894.999171	gene_D	175.000000	635.000000	0.001575
894.999171	gene_E	185.000000	630.000000	0.000000
894.999171	gene_F	89.000000	447.000000	0.002237
894.999171	gene_G	45.000000	349.000000	0.051576
894.999171	gene_H	0.000000	240.000000	0.158333
894.999171	gene_J	136.000000	623.000000	0.062600
894.999171	gene_K	196.000000	641.000000	0.000000
894.999171	promoter_A	0.000000	0.000000	0.000000
894.999171	promoter_B1	0.000000	0.000000	0.000000
894.999171	promoter_D	0.000000	0.000000	0.000000
899.999285	__gene_A*_rbs	648.000000	0.000000	0.000000
899.999285	__gene_A_rbs	661.000000	0.000000	0.000000
899.999285	__gene_B_rbs	653.000000	0.000000	0.000000
899.999285	__gene_C_rbs	643.000000	0.000000	0.000000
899.999285	__gene_D_rbs	638.000000	0.000000	0.000000
899.999285	__gene_E_rbs	634.000000	0.000000	0.000000
899.999285	__gene_F_rbs	451.000000	0.000000	0.000000
899.999285	__gene_G_rbs	351.000000	0.000000	0.000000
899.999285	__gene_H_rbs	242.000000	0.000000	0.000000
899.999285	__gene_J_rbs	626.000000	0.000000	0.000000
899.999285	__gene_K_rbs	645.000000	0.000000	0.000000
899.999285	__ribosome	0.000000	0.000000	0.000000
899.999285	bound_ecolipol	1872.000000	0.000000	0.000000
899.999285	bound_ribosome	100.000000	0.000000	0.000000
899.999285	ecoli_genome	128.000000	0.000000	0.000000
899.999285	ecoli_transcript	67532.000000	0.000000	0.000000
899.999285	ecolipol	31.000000	0.000000	0.000000
899.999285	gene_A	313.000000	661.000000	0.003026
899.999285	gene_A*	168.000000	648.000000	0.001543
899.999285	gene_B	236.000000	653.000000	0.000000
899.999285	gene_C	166.000000	643.000000	0.000000
899.999285	gene_D	175.000000	638.000000	0.001567
899.999285	gene_E	185.000000	634.000000	0.000000
899.999285	gene_F	89.000000	451.000000	0.002217
899.999285	gene_G	45.000000	351.000000	0.051282
899.999285	gene_H	0.000000	242.000000	0.157025
899.999285	gene_J	136.000000	627.000000	0.062201
899.999285	gene_K	196.000000	645.000000	0.000000
899.999285	promoter_A	0.000000	0.000000	0.000000
899.999285	promoter_B1	0.000000	0.000000	0.000000
899.999285	promoter_D	0.000000	0.000000	0.000000
904.999407	__gene_A*_rbs	651.000000	0.000000	0.000000
904.999407	__gene_A_rbs	665.000000	0.000000	0.000000
904.999407	__gene_B_rbs	657.000000	0.000000	0.000000
904.999407	__gene_C_rbs	646.000000	0.000000	0.000000
904.999407	__gene_D_rbs	642.000000	0.000000	0.000000
904.999407	__gene_E_rbs	638.000000	0.000000	0.000000
904.999407	__gene_F_rbs	452.000000	0.000000	0.000000
904.999407	__gene_G_rbs	353.000000	0.000000	0.000000
904.999407	__gene_H_rbs	243.000000	0.000000	0.000000
904.999407	__gene_J_rbs	631.000000	0.000000	0.000000
904.999407	__gene_K_rbs	647.000000	0.000000	0.000000
904.999407	__ribosome	0.000000	0.000000	0.000000
904.999407	bound_ecolipol	1866.000000	0.000000	0.000000
904.999407	bound_ribosome	100.000000	0.000000	0.000000
904.999407	ecoli_genome	134.000000	0.000000	0.000000
904.999407	ecoli_transcript	67876.000000	0.000000	0.000000
904.999407	ecolipol	39.000000	0.000000	0.000000
904.999407	gene_A	313.000000	665.000000	0.003008
904.999407	gene_A*	168.000000	651.000000	0.003072
904.999407	gene_B	236.000000	657.000000	0.000000
904.999407	gene_C	166.000000	646.000000	0.000000
904.999407	gene_D	176.000000	642.000000	0.001558
904.999407	gene_E	185.000000	638.000000	0.000000
904.999407	gene_F	89.000000	452.000000	0.002212
904.999407	gene_G	46.000000	353.000000	0.048159
904.999407	gene_H	0.000000	243.000000	0.156379
904.999407	gene_J	136.000000	631.000000	0.061807
904.999407	gene_K	196.000000	648.000000	0.000000
904.999407	promoter_A	0.000000	0.000000	0.000000
904.999407	promoter_B1	0.000000	0.000000	0.000000
904.999407	promoter_D	0.000000	0.000000	0.000000
909.999348	__gene_A*_rbs	655.000000	0.000000	0.000000
909.999348	__gene_A_rbs	668.000000	0.000000	0.000000
909.999348	__gene_B_rbs	661.000000	0.000000	0.000000
909.999348	__gene_C_rbs	650.000000	0.000000	0.000000
909.999348	__gene_D_rbs	646.000000	0.000000	0.000000
909.999348	__gene_E_rbs	642.000000	0.000000	0.000000
909.999348	__gene_F_rbs	453.000000	0.000000	0.000000
909.999348	__gene_G_rbs	356.000000	0.000000	0.000000
909.999348	__gene_H_rbs	245.000000	0.000000	0.000000
909.999348	__gene_J_rbs	635.000000	0.000000	0.000000
909.999348	__gene_K_rbs	652.000000	0.000000	0.000000
909.999348	__ribosome	0.000000	0.000000	0.000000
909.999348	bound_ecolipol	1863.000000	0.000000	0.000000
909.999348	bound_ribosome	100.000000	0.000000	0.000000
909.999348	ecoli_genome	137.000000	0.000000	0.000000
909.999348	ecoli_transcript	68233.000000	0.000000	0.000000
909.999348	ecolipol	41.000000	0.000000	0.000000
909.999348	gene_A	314.000000	668.000000	0.001497
909.999348	gene_A*	169.000000	655.000000	0.001527
909.999348	gene_B	236.000000	661.000000	0.000000
909.999348	gene_C	166.000000	650.000000	0.000000
909.999348	gene_D	176.000000	646.000000	0.001548
909.999348	gene_E	185.000000	642.000000	0.001558
909.999348	gene_F	89.000000	454.000000	0.004405
909.999348	gene_G	46.000000	356.000000	0.047753
909.999348	gene_H	0.000000	245.000000	0.155102
909.999348	gene_J	136.000000	635.000000	0.061417
909.999348	gene_K	196.000000	652.000000	0.000000
909.999348	promoter_A	0.000000	0.000000	0.000000
909.999348	promoter_B1	0.000000	0.000000	0.000000
909.999348	promoter_D	0.000000	0.000000	0.000000
914.999199	__gene_A*_rbs	659.000000	0.000000	0.000000
914.999199	__gene_A_rbs	672.000000	0.000000	0.000000
914.999199	__gene_B_rbs	664.000000	0.000000	0.000000
914.999199	__gene_C_rbs	654.000000	0.000000	0.000000
914.999199	__gene_D_rbs	650.000000	0.000000	0.000000
914.999199	__gene_E_rbs	646.000000	0.000000	0.000000
914.999199	__gene_F_rbs	457.000000	0.000000	0.000000
914.999199	__gene_G_rbs	359.000000	0.000000	0.000000
914.999199	__gene_H_rbs	245.000000	0.000000	0.000000
914.999199	__gene_J_rbs	638.000000	0.000000	0.000000
914.999199	__gene_K_rbs	656.000000	0.000000	0.000000
914.999199	__ribosome	0.000000	0.000000	0.000000
914.999199	bound_ecolipol	1870.000000	0.000000	0.000000
914.999199	bound_ribosome	100.000000	0.000000	0.000000
914.999199	ecoli_genome	130.000000	0.000000	0.000000
914.999199	ecoli_transcript	68619.000000	0.000000	0.000000
914.999199	ecolipol	36.000000	0.000000	0.000000
914.999199	gene_A	314.000000	672.000000	0.001488
914.999199	gene_A*	169.000000	659.000000	0.001517
914.999199	gene_B	236.000000	664.000000	0.000000
914.999199	gene_C	166.000000	654.000000	0.000000
914.999199	gene_D	176.000000	650.000000	0.001538
914.999199	gene_E	185.000000	646.000000	0.001548
914.999199	gene_F	89.000000	457.000000	0.004376
914.999199	gene_G	46.000000	359.000000	0.047354
914.999199	gene_H	0.000000	245.000000	0.155102
914.999199	gene_J	136.000000	638.000000	0.061129
914.999199	gene_K	196.000000	656.000000	0.000000
914.999199	promoter_A	0.000000	0.000000	0.000000
914.999199	promoter_B1	0.000000	0.000000	0.000000
914.999199	promoter_D	0.000000	0.000000	0.000000
919.999034	__gene_A*_rbs	662.000000	0.000000	0.000000
919.999034	__gene_A_rbs	675.000000	0.000000	0.000000
919.999034	__gene_B_rbs	668.000000	0.000000	0.000000
919.999034	__gene_C_rbs	657.000000	0.000000	0.000000
919.999034	__gene_D_rbs	654.000000	0.000000	0.000000
919.999034	__gene_E_rbs	649.000000	0.000000	0.000000
919.999034	__gene_F_rbs	459.000000	0.000000	0.000000
919.999034	__gene_G_rbs	362.000000	0.000000	0.000000
919.999034	__gene_H_rbs	247.000000	0.000000	0.000000
919.999034	__gene_J_rbs	642.000000	0.000000	0.000000
919.999034	__gene_K_rbs	659.000000	0.000000	0.000000
919.999034	__ribosome	0.000000	0.000000	0.000000
919.999034	bound_ecolipol	1872.000000	0.000000	0.000000
919.999034	bound_ribosome	100.000000	0.000000	0.000000
919.999034	ecoli_genome	128.000000	0.000000	0.000000
919.999034	ecoli_transcript	69003.000000	0.000000	0.000000
919.999034	ecolipol	36.000000	0.000000	0.000000
919.999034	gene_A	315.000000	675.000000	0.000000
919.999034	gene_A*	169.000000	662.000000	0.001511
919.999034	gene_B	236.000000	668.000000	0.000000
919.999034	gene_C	166.000000	657.000000	0.000000
919.999034	gene_D	177.000000	654.000000	0.001529
919.999034	gene_E	186.000000	649.000000	0.001541
919.999034	gene_F	89.000000	459.000000	0.004357
919.999034	gene_G	46.000000	362.000000	0.046961
919.999034	gene_H	0.000000	247.000000	0.153846
919.999034	gene_J	136.000000	642.000000	0.062305
919.999034	gene_K	196.000000	659.000000	0.000000
919.999034	promoter_A	0.000000	0.000000	0.000000
919.999034	promoter_B1	0.000000	0.000000	0.000000
919.999034	promoter_D	0.000000	0.000000	0.000000
924.999162	__gene_A*_rbs	666.000000	0.000000	0.000000
924.999162	__gene_A_rbs	679.000000	0.000000	0.000000
924.999162	__gene_B_rbs	672.000000	0.000000	0.000000
924.999162	__gene_C_rbs	661.000000	0.000000	0.000000
924.999162	__gene_D_rbs	657.000000	0.000000	0.000000
924.999162	__gene_E_rbs	653.000000	0.000000	0.000000
924.999162	__gene_F_rbs	461.000000	0.000000	0.000000
924.999162	__gene_G_rbs	362.000000	0.000000	0.000000
924.999162	__gene_H_rbs	249.000000	0.000000	0.000000
924.999162	__gene_J_rbs	646.000000	0.000000	0.000000
924.999162	__gene_K_rbs	663.000000	0.000000	0.000000
924.999162	__ribosome	0.000000	0.000000	0.000000
924.999162	bound_ecolipol	1870.000000	0.000000	0.000000
924.999162	bound_ribosome	100.000000	0.000000	0.000000
924.999162	ecoli_genome	130.000000	0.000000	0.000000
924.999162	ecoli_transcript	69379.000000	0.000000	0.000000
924.999162	ecolipol	38.000000	0.000000	0.000000
924.999162	gene_A	315.000000	679.000000	0.000000
924.999162	gene_A*	169.000000	666.000000	0.001502
924.999162	gene_B	236.000000	672.000000	0.001488
924.999162	gene_C	166.000000	661.000000	0.000000
924.999162	gene_D	177.000000	657.000000	0.001522
924.999162	gene_E	186.000000	653.000000	0.001531
924.999162	gene_F	89.000000	461.000000	0.004338
924.999162	gene_G	46.000000	362.000000	0.046961
924.999162	gene_H	0.000000	249.000000	0.152610
924.999162	gene_J	137.000000	646.000000	0.060372
924.999162	gene_K	196.000000	663.000000	0.000000
924.999162	promoter_A	0.000000	0.000000	0.000000
924.999162	promoter_B1	0.000000	0.000000	0.000000
924.999162	promoter_D	0.000000	0.000000	0.000000
929.999027	__gene_A*_rbs	670.000000	0.000000	0.000000
929.999027	__gene_A_rbs	682.000000	0.000000	0.000000
929.999027	__gene_B_rbs	675.000000	0.000000	0.000000
929.999027	__gene_C_rbs	665.000000	0.000000	0.000000
929.999027	__gene_D_rbs	661.000000	0.000000	0.000000
929.999027	__gene_E_rbs	657.000000	0.000000	0.000000
929.999027	__gene_F_rbs	462.000000	0.000000	0.000000
929.999027	__gene_G_rbs	363.000000	0.000000	0.000000
929.999027	__gene_H_rbs	252.000000	0.000000	0.000000
929.999027	__gene_J_rbs	650.000000	0.000000	0.000000
929.999027	__gene_K_rbs	667.000000	0.000000	0.000000
929.999027	__ribosome	0.000000	0.000000	0.000000
929.999027	bound_ecolipol	1870.000000	0.000000	0.000000
929.999027	bound_ribosome	100.000000	0.000000	0.000000
929.999027	ecoli_genome	130.000000	0.000000	0.000000
929.999027	ecoli_transcript	69762.000000	0.000000	0.000000
929.999027	ecolipol	39.000000	0.000000	0.000000
929.999027	gene_A	315.000000	682.000000	0.000000
929.999027	gene_A*	169.000000	670.000000	0.001493
929.999027	gene_B	236.000000	675.000000	0.002963
929.999027	gene_C	166.000000	665.000000	0.000000
929.999027	gene_D	177.000000	661.000000	0.001513
929.999027	gene_E	187.000000	657.000000	0.000000
929.999027	gene_F	90.000000	462.000000	0.002165
929.999027	gene_G	46.000000	363.000000	0.046832
929.999027	gene_H	0.000000	252.000000	0.150794
929.999027	gene_J	137.000000	650.000000	0.061538
929.999027	gene_K	196.000000	667.000000	0.000000
929.999027	promoter_A	0.000000	0.000000	0.000000
929.999027	promoter_B1	0.000000	0.000000	0.000000
929.999027	promoter_D	0.000000	0.000000	0.000000
934.999018	__gene_A*_rbs	673.000000	0.000000	0.000000
934.999018	__gene_A_rbs	686.000000	0.000000	0.000000
934.999018	__gene_B_rbs	679.000000	0.000000	0.000000
934.999018	__gene_C_rbs	667.000000	0.000000	0.000000
934.999018	__gene_D_rbs	665.000000	0.000000	0.000000
934.999018	__gene_E_rbs	660.000000	0.000000	0.000000
934.999018	__gene_F_rbs	464.000000	0.000000	0.000000
934.999018	__gene_G_rbs	365.000000	0.000000	0.000000
934.999018	__gene_H_rbs	254.000000	0.000000	0.000000
934.999018	__gene_J_rbs	654.000000	0.000000	0.000000
934.999018	__gene_K_rbs	670.000000	0.000000	0.000000
934.999018	__ribosome	0.000000	0.000000	0.000000
934.999018	bound_ecolipol	1866.000000	0.000000	0.000000
934.999018	bound_ribosome	100.000000	0.000000	0.000000
934.999018	ecoli_genome	134.000000	0.000000	0.000000
934.999018	ecoli_transcript	70129.000000	0.000000	0.000000
934.999018	ecolipol	45.000000	0.000000	0.000000
934.999018	gene_A	315.000000	686.000000	0.000000
934.999018	gene_A*	169.000000	673.000000	0.002972
934.999018	gene_B	237.000000	679.000000	0.001473
934.999018	gene_C	166.000000	668.000000	0.000000
934.999018	gene_D	178.000000	665.000000	0.000000
934.999018	gene_E	187.000000	660.000000	0.000000
934.999018	gene_F	90.000000	464.000000	0.002155
934.999018	gene_G	46.000000	365.000000	0.046575
934.999018	gene_H	0.000000	254.000000	0.149606
934.999018	gene_J	138.000000	654.000000	0.061162
934.999018	gene_K	196.000000	670.000000	0.001493
934.999018	promoter_A	0.000000	0.000000	0.000000
934.999018	promoter_B1	0.000000	0.000000	0.000000
934.999018	promoter_D	0.000000	0.000000	0.000000
939.999100	__gene_A*_rbs	677.000000	0.000000	0.000000
939.999100	__gene_A_rbs	690.000000	0.000000	0.000000
939.999100	__gene_B_rbs	683.000000	0.000000	0.000000
939.999100	__gene_C_rbs	672.000000	0.000000	0.000000
939.999100	__gene_D_rbs	669.000000	0.000000	0.000000
939.999100	__gene_E_rbs	664.000000	0.000000	0.000000
939.999100	__gene_F_rbs	467.000000	0.000000	0.000000
939.999100	__gene_G_rbs	368.000000	0.000000	0.000000
939.999100	__gene_H_rbs	255.000000	0.000000	0.000000
939.999100	__gene_J_rbs	657.000000	0.000000	0.000000
939.999100	__gene_K_rbs	674.000000	0.000000	0.000000
939.999100	__ribosome	0.000000	0.000000	0.000000
939.999100	bound_ecolipol	1872.000000	0.000000	0.000000
939.999100	bound_ribosome	100.000000	0.000000	0.000000
939.999100	ecoli_genome	128.000000	0.000000	0.000000
939.999100	ecoli_transcript	70500.000000	0.000000	0.000000
939.999100	ecolipol	36.000000	0.000000	0.000000
939.999100	gene_A	315.000000	690.000000	0.000000
939.999100	gene_A*	170.000000	677.000000	0.001477
939.999100	gene_B	238.000000	683.000000	0.001464
939.999100	gene_C	166.000000	672.000000	0.001488
939.999100	gene_D	178.000000	669.000000	0.000000
939.999100	gene_E	187.000000	664.000000	0.000000
939.999100	gene_F	90.000000	467.000000	0.004283
939.999100	gene_G	46.000000	368.000000	0.046196
939.999100	gene_H	0.000000	255.000000	0.149020
939.999100	gene_J	139.000000	657.000000	0.059361
939.999100	gene_K	197.000000	674.000000	0.001484
939.999100	promoter_A	0.000000	0.000000	0.000000
939.999100	promoter_B1	0.000000	0.000000	0.000000
939.999100	promoter_D	0.000000	0.000000	0.000000
944.999283	__gene_A*_rbs	681.000000	0.000000	0.000000
944.999283	__gene_A_rbs	693.000000	0.000000	0.000000
944.999283	__gene_B_rbs	686.000000	0.000000	0.000000
944.999283	__gene_C_rbs	676.000000	0.000000	0.000000
944.999283	__gene_D_rbs	672.000000	0.000000	0.000000
944.999283	__gene_E_rbs	668.000000	0.000000	0.000000
944.999283	__gene_F_rbs	471.000000	0.000000	0.000000
944.999283	__gene_G_rbs	371.000000	0.000000	0.000000
944.999283	__gene_H_rbs	255.000000	0.000000	0.000000
944.999283	__gene_J_rbs	661.000000	0.000000	0.000000
944.999283	__gene_K_rbs	677.000000	0.000000	0.000000
944.999283	__ribosome	0.000000	0.000000	0.000000
944.999283	bound_ecolipol	1863.000000	0.000000	0.000000
944.999283	bound_ribosome	100.000000	0.000000	0.000000
944.999283	ecoli_genome	137.000000	0.000000	0.000000
944.999283	ecoli_transcript	70905.000000	0.000000	0.000000
944.999283	ecolipol	45.000000	0.000000	0.000000
944.999283	gene_A	315.000000	693.000000	0.000000
944.999283	gene_A*	170.000000	681.000000	0.001468
944.999283	gene_B	238.000000	686.000000	0.002915
944.999283	gene_C	167.000000	676.000000	0.000000
944.999283	gene_D	178.000000	672.000000	0.000000
944.999283	gene_E	187.000000	668.000000	0.000000
944.999283	gene_F	90.000000	471.000000	0.004246
944.999283	gene_G	46.000000	371.000000	0.045822
944.999283	gene_H	0.000000	256.000000	0.152344
944.999283	gene_J	139.000000	661.000000	0.059002
944.999283	gene_K	198.000000	677.000000	0.000000
944.999283	promoter_A	0.000000	0.000000	0.000000
944.999283	promoter_B1	0.000000	0.000000	0.000000
944.999283	promoter_D	0.000000	0.000000	0.000000
949.999339	__gene_A*_rbs	685.000000	0.000000	0.000000
949.999339	__gene_A_rbs	697.000000	0.000000	0.000000
949.999339	__gene_B_rbs	690.000000	0.000000	0.000000
949.999339	__gene_C_rbs	679.000000	0.000000	0.000000
949.999339	__gene_D_rbs	676.000000	0.000000	0.000000
949.999339	__gene_E_rbs	671.000000	0.000000	0.000000
949.999339	__gene_F_rbs	473.000000	0.000000	0.000000
949.999339	__gene_G_rbs	373.000000	0.000000	0.000000
949.999339	__gene_H_rbs	256.000000	0.000000	0.000000
949.999339	__gene_J_rbs	664.000000	0.000000	0.000000
949.999339	__gene_K_rbs	681.000000	0.000000	0.000000
949.999339	__ribosome	0.000000	0.000000	0.000000
949.999339	bound_ecolipol	1864.000000	0.000000	0.000000
949.999339	bound_ribosome	100.000000	0.000000	0.000000
949.999339	ecoli_genome	136.000000	0.000000	0.000000
949.999339	ecoli_transcript	71321.000000	0.000000	0.000000
949.999339	ecolipol	44.000000	0.000000	0.000000
949.999339	gene_A	315.000000	697.000000	0.000000
949.999339	gene_A*	170.000000	685.000000	0.001460
949.999339	gene_B	238.000000	690.000000	0.002899
949.999339	gene_C	167.000000	679.000000	0.000000
949.999339	gene_D	178.000000	676.000000	0.000000
949.999339	gene_E	187.000000	671.000000	0.000000
949.999339	gene_F	90.000000	473.000000	0.004228
949.999339	gene_G	46.000000	373.000000	0.045576
949.999339	gene_H	0.000000	256.000000	0.152344
949.999339	gene_J	139.000000	664.000000	0.058735
949.999339	gene_K	198.000000	681.000000	0.000000
949.999339	promoter_A	0.000000	0.000000	0.000000
949.999339	promoter_B1	0.000000	0.000000	0.000000
949.999339	promoter_D	0.000000	0.000000	0.000000
954.999222	__gene_A*_rbs	688.000000	0.000000	0.000000
954.999222	__gene_A_rbs	701.000000	0.000000	0.000000
954.999222	__gene_B_rbs	693.000000	0.000000	0.000000
954.999222	__gene_C_rbs	683.000000	0.000000	0.000000
954.999222	__gene_D_rbs	679.000000	0.000000	0.000000
954.999222	__gene_E_rbs	675.000000	0.000000	0.000000
954.999222	__gene_F_rbs	473.000000	0.000000	0.000000
954.999222	__gene_G_rbs	375.000000	0.000000	0.000000
954.999222	__gene_H_rbs	257.000000	0.000000	0.000000
954.999222	__gene_J_rbs	668.000000	0.000000	0.000000
954.999222	__gene_K_rbs	684.000000	0.000000	0.000000
954.999222	__ribosome	0.000000	0.000000	0.000000
954.999222	bound_ecolipol	1870.000000	0.000000	0.000000
954.999222	bound_ribosome	100.000000	0.000000	0.000000
954.999222	ecoli_genome	130.000000	0.000000	0.000000
954.999222	ecoli_transcript	71706.000000	0.000000	0.000000
954.999222	ecolipol	42.000000	0.000000	0.000000
954.999222	gene_A	315.000000	701.000000	0.000000
954.999222	gene_A*	170.000000	688.000000	0.002907
954.999222	gene_B	239.000000	693.000000	0.001443
954.999222	gene_C	167.000000	683.000000	0.000000
954.999222	gene_D	178.000000	679.000000	0.000000
954.999222	gene_E	187.000000	675.000000	0.001481
954.999222	gene_F	91.000000	473.000000	0.002114
954.999222	gene_G	46.000000	375.000000	0.045333
954.999222	gene_H	0.000000	257.000000	0.151751
954.999222	gene_J	139.000000	668.000000	0.058383
954.999222	gene_K	198.000000	685.000000	0.000000
954.999222	promoter_A	0.000000	0.000000	0.000000
954.999222	promoter_B1	0.000000	0.000000	0.000000
954.999222	promoter_D	0.000000	0.000000	0.000000
959.999685	__gene_A*_rbs	692.000000	0.000000	0.000000
959.999685	__gene_A_rbs	704.000000	0.000000	0.000000
959.999685	__gene_B_rbs	697.000000	0.000000	0.000000
959.999685	__gene_C_rbs	687.000000	0.000000	0.000000
959.999685	__gene_D_rbs	682.000000	0.000000	0.000000
959.999685	__gene_E_rbs	678.000000	0.000000	0.000000
959.999685	__gene_F_rbs	476.000000	0.000000	0.000000
959.999685	__gene_G_rbs	377.000000	0.000000	0.000000
959.999685	__gene_H_rbs	258.000000	0.000000	0.000000
959.999685	__gene_J_rbs	672.000000	0.000000	0.000000
959.999685	__gene_K_rbs	689.000000	0.000000	0.000000
959.999685	__ribosome	0.000000	0.000000	0.000000
959.999685	bound_ecolipol	1862.000000	0.000000	0.000000
959.999685	bound_ribosome	100.000000	0.000000	0.000000
959.999685	ecoli_genome	138.000000	0.000000	0.000000
959.999685	ecoli_transcript	72106.000000	0.000000	0.000000
959.999685	ecolipol	51.000000	0.000000	0.000000
959.999685	gene_A	315.000000	704.000000	0.000000
959.999685	gene_A*	170.000000	692.000000	0.002890
959.999685	gene_B	240.000000	697.000000	0.000000
959.999685	gene_C	167.000000	687.000000	0.000000
959.999685	gene_D	178.000000	682.000000	0.000000
959.999685	gene_E	188.000000	679.000000	0.001473
959.999685	gene_F	91.000000	476.000000	0.004202
959.999685	gene_G	46.000000	377.000000	0.045093
959.999685	gene_H	0.000000	258.000000	0.151163
959.999685	gene_J	139.000000	672.000000	0.058036
959.999685	gene_K	198.000000	689.000000	0.000000
959.999685	promoter_A	0.000000	0.000000	0.000000
959.999685	promoter_B1	0.000000	0.000000	0.000000
959.999685	promoter_D	0.000000	0.000000	0.000000
964.999029	__gene_A*_rbs	696.000000	0.000000	0.000000
964.999029	__gene_A_rbs	708.000000	0.000000	0.000000
964.999029	__gene_B_rbs	701.000000	0.000000	0.000000
964.999029	__gene_C_rbs	690.000000	0.000000	0.000000
964.999029	__gene_D_rbs	686.000000	0.000000	0.000000
964.999029	__gene_E_rbs	682.000000	0.000000	0.000000
964.999029	__gene_F_rbs	480.000000	0.000000	0.000000
964.999029	__gene_G_rbs	377.000000	0.000000	0.000000
964.999029	__gene_H_rbs	260.000000	0.000000	0.000000
964.999029	__gene_J_rbs	676.000000	0.000000	0.000000
964.999029	__gene_K_rbs	693.000000	0.000000	0.000000
964.999029	__ribosome	0.000000	0.000000	0.000000
964.999029	bound_ecolipol	1869.000000	0.000000	0.000000
964.999029	bound_ribosome	100.000000	0.000000	0.000000
964.999029	ecoli_genome	131.000000	0.000000	0.000000
964.999029	ecoli_transcript	72454.000000	0.000000	0.000000
964.999029	ecolipol	44.000000	0.000000	0.000000
964.999029	gene_A	315.000000	708.000000	0.000000
964.999029	gene_A*	170.000000	696.000000	0.002874
964.999029	gene_B	240.000000	701.000000	0.000000
964.999029	gene_C	167.000000	690.000000	0.000000
964.999029	gene_D	178.000000	686.000000	0.000000
964.999029	gene_E	188.000000	682.000000	0.001466
964.999029	gene_F	91.000000	480.000000	0.004167
964.999029	gene_G	46.000000	377.000000	0.045093
964.999029	gene_H	0.000000	260.000000	0.150000
964.999029	gene_J	139.000000	676.000000	0.057692
964.999029	gene_K	198.000000	693.000000	0.000000
964.999029	promoter_A	0.000000	0.000000	0.000000
964.999029	promoter_B1	0.000000	0.000000	0.000000
964.999029	promoter_D	0.000000	0.000000	0.000000
969.999149	__gene_A*_rbs	700.000000	0.000000	0.000000
969.999149	__gene_A_rbs	712.000000	0.000000	0.000000
969.999149	__gene_B_rbs	704.000000	0.000000	0.000000
969.999149	__gene_C_rbs	694.000000	0.000000	0.000000
969.999149	__gene_D_rbs	690.000000	0.000000	0.000000
969.999149	__gene_E_rbs	686.000000	0.000000	0.000000
969.999149	__gene_F_rbs	484.000000	0.000000	0.000000
969.999149	__gene_G_rbs	380.000000	0.000000	0.000000
969.999149	__gene_H_rbs	261.000000	0.000000	0.000000
969.999149	__gene_J_rbs	679.000000	0.000000	0.000000
969.999149	__gene_K_rbs	696.000000	0.000000	0.000000
969.999149	__ribosome	0.000000	0.000000	0.000000
969.999149	bound_ecolipol	1862.000000	0.000000	0.000000
969.999149	bound_ribosome	100.000000	0.000000	0.000000
969.999149	ecoli_genome	138.000000	0.000000	0.000000
969.999149	ecoli_transcript	72843.000000	0.000000	0.000000
969.999149	ecolipol	48.000000	0.000000	0.000000
969.999149	gene_A	315.000000	712.000000	0.000000
969.999149	gene_A*	171.000000	700.000000	0.001429
969.999149	gene_B	240.000000	704.000000	0.001420
969.999149	gene_C	167.000000	694.000000	0.000000
969.999149	gene_D	178.000000	690.000000	0.000000
969.999149	gene_E	189.000000	686.000000	0.000000
969.999149	gene_F	91.000000	484.000000	0.006198
969.999149	gene_G	46.000000	380.000000	0.044737
969.999149	gene_H	0.000000	261.000000	0.149425
969.999149	gene_J	139.000000	679.000000	0.057437
969.999149	gene_K	198.000000	696.000000	0.000000
969.999149	promoter_A	0.000000	0.000000	0.000000
969.999149	promoter_B1	0.000000	0.000000	0.000000
969.999149	promoter_D	0.000000	0.000000	0.000000
974.999147	__gene_A*_rbs	703.000000	0.000000	0.000000
974.999147	__gene_A_rbs	715.000000	0.000000	0.000000
974.999147	__gene_B_rbs	708.000000	0.000000	0.000000
974.999147	__gene_C_rbs	697.000000	0.000000	0.000000
974.999147	__gene_D_rbs	693.000000	0.000000	0.000000
974.999147	__gene_E_rbs	690.000000	0.000000	0.000000
974.999147	__gene_F_rbs	486.000000	0.000000	0.000000
974.999147	__gene_G_rbs	381.000000	0.000000	0.000000
974.999147	__gene_H_rbs	261.000000	0.000000	0.000000
974.999147	__gene_J_rbs	683.000000	0.000000	0.000000
974.999147	__gene_K_rbs	699.000000	0.000000	0.000000
974.999147	__ribosome	0.000000	0.000000	0.000000
974.999147	bound_ecolipol	1876.000000	0.000000	0.000000
974.999147	bound_ribosome	100.000000	0.000000	0.000000
974.999147	ecoli_genome	124.000000	0.000000	0.000000
974.999147	ecoli_transcript	73225.000000	0.000000	0.000000
974.999147	ecolipol	33.000000	0.000000	0.000000
974.999147	gene_A	315.000000	715.000000	0.000000
974.999147	gene_A*	171.000000	703.000000	0.001422
974.999147	gene_B	240.000000	708.000000	0.001412
974.999147	gene_C	167.000000	697.000000	0.000000
974.999147	gene_D	178.000000	693.000000	0.000000
974.999147	gene_E	189.000000	690.000000	0.000000
974.999147	gene_F	91.000000	486.000000	0.006173
974.999147	gene_G	46.000000	381.000000	0.044619
974.999147	gene_H	0.000000	261.000000	0.149425
974.999147	gene_J	139.000000	683.000000	0.057101
974.999147	gene_K	198.000000	699.000000	0.000000
974.999147	promoter_A	0.000000	0.000000	0.000000
974.999147	promoter_B1	0.000000	0.000000	0.000000
974.999147	promoter_D	0.000000	0.000000	0.000000
979.999130	__gene_A*_rbs	706.000000	0.000000	0.000000
979.999130	__gene_A_rbs	719.000000	0.000000	0.000000
979.999130	__gene_B_rbs	712.000000	0.000000	0.000000
979.999130	__gene_C_rbs	701.000000	0.000000	0.000000
979.999130	__gene_D_rbs	697.000000	0.000000	0.000000
979.999130	__gene_E_rbs	693.000000	0.000000	0.000000
979.999130	__gene_F_rbs	490.000000	0.000000	0.000000
979.999130	__gene_G_rbs	383.000000	0.000000	0.000000
979.999130	__gene_H_rbs	262.000000	0.000000	0.000000
979.999130	__gene_J_rbs	687.000000	0.000000	0.000000
979.999130	__gene_K_rbs	703.000000	0.000000	0.000000
979.999130	__ribosome	0.000000	0.000000	0.000000
979.999130	bound_ecolipol	1867.000000	0.000000	0.000000
979.999130	bound_ribosome	100.000000	0.000000	0.000000
979.999130	ecoli_genome	133.000000	0.000000	0.000000
979.999130	ecoli_transcript	73604.000000	0.000000	0.000000
979.999130	ecolipol	40.000000	0.000000	0.000000
979.999130	gene_A	315.000000	719.000000	0.001391
979.999130	gene_A*	171.000000	706.000000	0.001416
979.999130	gene_B	241.000000	712.000000	0.001404
979.999130	gene_C	167.000000	701.000000	0.000000
979.999130	gene_D	178.000000	697.000000	0.000000
979.999130	gene_E	189.000000	693.000000	0.000000
979.999130	gene_F	92.000000	490.000000	0.004082
979.999130	gene_G	46.000000	383.000000	0.044386
979.999130	gene_H	0.000000	262.000000	0.148855
979.999130	gene_J	139.000000	687.000000	0.056769
979.999130	gene_K	198.000000	703.000000	0.000000
979.999130	promoter_A	0.000000	0.000000	0.000000
979.999130	promoter_B1	0.000000	0.000000	0.000000
979.999130	promoter_D	0.000000	0.000000	0.000000
984.999086	__gene_A*_rbs	710.000000	0.000000	0.000000
984.999086	__gene_A_rbs	723.000000	0.000000	0.000000
984.999086	__gene_B_rbs	715.000000	0.000000	0.000000
984.999086	__gene_C_rbs	705.000000	0.000000	0.000000
984.999086	__gene_D_rbs	701.000000	0.000000	0.000000
984.999086	__gene_E_rbs	696.000000	0.000000	0.000000
984.999086	__gene_F_rbs	492.000000	0.000000	0.000000
984.999086	__gene_G_rbs	387.000000	0.000000	0.000000
984.999086	__gene_H_rbs	263.000000	0.000000	0.000000
984.999086	__gene_J_rbs	691.000000	0.000000	0.000000
984.999086	__gene_K_rbs	706.000000	0.000000	0.000000
984.999086	__ribosome	0.000000	0.000000	0.000000
984.999086	bound_ecolipol	1862.000000	0.000000	0.000000
984.999086	bound_ribosome	100.000000	0.000000	0.000000
984.999086	ecoli_genome	138.000000	0.000000	0.000000
984.999086	ecoli_transcript	73936.000000	0.000000	0.000000
984.999086	ecolipol	43.000000	0.000000	0.000000
984.999086	gene_A	315.000000	723.000000	0.001383
984.999086	gene_A*	171.000000	710.000000	0.001408
984.999086	gene_B	241.000000	715.000000	0.001399
984.999086	gene_C	167.000000	705.000000	0.000000
984.999086	gene_D	178.000000	701.000000	0.000000
984.999086	gene_E	189.000000	696.000000	0.000000
984.999086	gene_F	92.000000	492.000000	0.004065
984.999086	gene_G	46.000000	387.000000	0.043928
984.999086	gene_H	0.000000	263.000000	0.148289
984.999086	gene_J	139.000000	691.000000	0.056440
984.999086	gene_K	198.000000	707.000000	0.000000
984.999086	promoter_A	0.000000	0.000000	0.000000
984.999086	promoter_B1	0.000000	0.000000	0.000000
984.999086	promoter_D	0.000000	0.000000	0.000000
989.999054	__gene_A*_rbs	712.000000	0.000000	0.000000
989.999054	__gene_A_rbs	727.000000	0.000000	0.000000
989.999054	__gene_B_rbs	719.000000	0.000000	0.000000
989.999054	__gene_C_rbs	709.000000	0.000000	0.000000
989.999054	__gene_D_rbs	704.000000	0.000000	0.000000
989.999054	__gene_E_rbs	700.000000	0.000000	0.000000
989.999054	__gene_F_rbs	495.000000	0.000000	0.000000
989.999054	__gene_G_rbs	390.000000	0.000000	0.000000
989.999054	__gene_H_rbs	265.000000	0.000000	0.000000
989.999054	__gene_J_rbs	694.000000	0.000000	0.000000
989.999054	__gene_K_rbs	710.000000	0.000000	0.000000
989.999054	__ribosome	0.000000	0.000000	0.000000
989.999054	bound_ecolipol	1861.000000	0.000000	0.000000
989.999054	bound_ribosome	100.000000	0.000000	0.000000
989.999054	ecoli_genome	139.000000	0.000000	0.000000
989.999054	ecoli_transcript	74320.000000	0.000000	0.000000
989.999054	ecolipol	42.000000	0.000000	0.000000
989.999054	gene_A	315.000000	727.000000	0.001376
989.999054	gene_A*	172.000000	713.000000	0.001403
989.999054	gene_B	242.000000	719.000000	0.001391
989.999054	gene_C	167.000000	709.000000	0.000000
989.999054	gene_D	178.000000	704.000000	0.000000
989.999054	gene_E	189.000000	700.000000	0.000000
989.999054	gene_F	92.000000	495.000000	0.004040
989.999054	gene_G	46.000000	390.000000	0.043590
989.999054	gene_H	0.000000	265.000000	0.147170
989.999054	gene_J	139.000000	694.000000	0.056196
989.999054	gene_K	198.000000	710.000000	0.000000
989.999054	promoter_A	0.000000	0.000000	0.000000
989.999054	promoter_B1	0.000000	0.000000	0.000000
989.999054	promoter_D	0.000000	0.000000	0.000000
994.999014	__gene_A*_rbs	717.000000	0.000000	0.000000
994.999014	__gene_A_rbs	731.000000	0.000000	0.000000
994.999014	__gene_B_rbs	722.000000	0.000000	0.000000
994.999014	__gene_C_rbs	712.000000	0.000000	0.000000
994.999014	__gene_D_rbs	708.000000	0.000000	0.000000
994.999014	__gene_E_rbs	704.000000	0.000000	0.000000
994.999014	__gene_F_rbs	498.000000	0.000000	0.000000
994.999014	__gene_G_rbs	392.000000	0.000000	0.000000
994.999014	__gene_H_rbs	267.000000	0.000000	0.000000
994.999014	__gene_J_rbs	698.000000	0.000000	0.000000
994.999014	__gene_K_rbs	714.000000	0.000000	0.000000
994.999014	__ribosome	0.000000	0.000000	0.000000
994.999014	bound_ecolipol	1870.000000	0.000000	0.000000
994.999014	bound_ribosome	100.000000	0.000000	0.000000
994.999014	ecoli_genome	130.000000	0.000000	0.000000
994.999014	ecoli_transcript	74720.000000	0.000000	0.000000
994.999014	ecolipol	33.000000	0.000000	0.000000
994.999014	gene_A	315.000000	731.000000	0.001368
994.999014	gene_A*	172.000000	717.000000	0.001395
994.999014	gene_B	242.000000	722.000000	0.001385
994.999014	gene_C	167.000000	712.000000	0.000000
994.999014	gene_D	178.000000	708.000000	0.000000
994.999014	gene_E	189.000000	704.000000	0.000000
994.999014	gene_F	92.000000	498.000000	0.004016
994.999014	gene_G	46.000000	392.000000	0.043367
994.999014	gene_H	0.000000	267.000000	0.146067
994.999014	gene_J	139.000000	698.000000	0.055874
994.999014	gene_K	198.000000	714.000000	0.000000
994.999014	promoter_A	0.000000	0.000000	0.000000
994.999014	promoter_B1	0.000000	0.000000	0.000000
994.999014	promoter_D	0.000000	0.000000	0.000000
999.999185	__gene_A*_rbs	721.000000	0.000000	0.000000
999.999185	__gene_A_rbs	734.000000	0.000000	0.000000
999.999185	__gene_B_rbs	726.000000	0.000000	0.000000
999.999185	__gene_C_rbs	715.000000	0.000000	0.000000
999.999185	__gene_D_rbs	712.000000	0.000000	0.000000
999.999185	__gene_E_rbs	708.000000	0.000000	0.000000
999.999185	__gene_F_rbs	501.000000	0.000000	0.000000
999.999185	__gene_G_rbs	393.000000	0.000000	0.000000
999.999185	__gene_H_rbs	269.000000	0.000000	0.000000
999.999185	__gene_J_rbs	701.000000	0.000000	0.000000
999.999185	__gene_K_rbs	717.000000	0.000000	0.000000
999.999185	__ribosome	0.000000	0.000000	0.000000
999.999185	bound_ecolipol	1870.000000	0.000000	0.000000
999.999185	bound_ribosome	100.000000	0.000000	0.000000
999.999185	ecoli_genome	130.000000	0.000000	0.000000
999.999185	ecoli_transcript	75102.000000	0.000000	0.000000
999.999185	ecolipol	33.000000	0.000000	0.000000
999.999185	gene_A	315.000000	734.000000	0.001362
999.999185	gene_A*	172.000000	721.000000	0.001387
999.999185	gene_B	243.000000	726.000000	0.000000
999.999185	gene_C	167.000000	716.000000	0.001397
999.999185	gene_D	178.000000	712.000000	0.001404
999.999185	gene_E	189.000000	708.000000	0.000000
999.999185	gene_F	93.000000	501.000000	0.001996
999.999185	gene_G	46.000000	393.000000	0.043257
999.999185	gene_H	0.000000	269.000000	0.144981
999.999185	gene_J	139.000000	701.000000	0.055635
999.999185	gene_K	198.000000	717.000000	0.000000
999.999185	promoter_A	0.000000	0.000000	0.000000
999.999185	promoter_B1	0.000000	0.000000	0.000000
999.999185	promoter_D	0.000000	0.000000	0.000000
1004.999326	__gene_A*_rbs	724.000000	0.000000	0.000000
1004.999326	__gene_A_rbs	737.000000	0.000000	0.000000
1004.999326	__gene_B_rbs	730.000000	0.000000	0.000000
1004.999326	__gene_C_rbs	719.000000	0.000000	0.000000
1004.999326	__gene_D_rbs	716.000000	0.000000	0.000000
1004.999326	__gene_E_rbs	711.000000	0.000000	0.000000
1004.999326	__gene_F_rbs	502.000000	0.000000	0.000000
1004.999326	__gene_G_rbs	397.000000	0.000000	0.000000
1004.999326	__gene_H_rbs	272.000000	0.000000	0.000000
1004.999326	__gene_J_rbs	705.000000	0.000000	0.000000
1004.999326	__gene_K_rbs	721.000000	0.000000	0.000000
1004.999326	__ribosome	0.000000	0.000000	0.000000
1004.999326	bound_ecolipol	1858.000000	0.000000	0.000000
1004.999326	bound_ribosome	100.000000	0.000000	0.000000
1004.999326	ecoli_genome	142.000000	0.000000	0.000000
1004.999326	ecoli_transcript	75457.000000	0.000000	0.000000
1004.999326	ecolipol	44.000000	0.000000	0.000000
1004.999326	gene_A	315.000000	737.000000	0.001357
1004.999326	gene_A*	172.000000	724.000000	0.001381
1004.999326	gene_B	243.000000	730.000000	0.000000
1004.999326	gene_C	167.000000	719.000000	0.001391
1004.999326	gene_D	178.000000	716.000000	0.001397
1004.999326	gene_E	189.000000	711.000000	0.000000
1004.999326	gene_F	93.000000	502.000000	0.001992
1004.999326	gene_G	46.000000	397.000000	0.042821
1004.999326	gene_H	0.000000	272.000000	0.143382
1004.999326	gene_J	139.000000	705.000000	0.055319
1004.999326	gene_K	198.000000	721.000000	0.000000
1004.999326	promoter_A	0.000000	0.000000	0.000000
1004.999326	promoter_B1	0.000000	0.000000	0.000000
1004.999326	promoter_D	0.000000	0.000000	0.000000
1009.999022	__gene_A*_rbs	728.000000	0.000000	0.000000
1009.999022	__gene_A_rbs	740.000000	0.000000	0.000000
1009.999022	__gene_B_rbs	734.000000	0.000000	0.000000
1009.999022	__gene_C_rbs	723.000000	0.000000	0.000000
1009.999022	__gene_D_rbs	719.000000	0.000000	0.000000
1009.999022	__gene_E_rbs	715.000000	0.000000	0.000000
1009.999022	__gene_F_rbs	505.000000	0.000000	0.000000
1009.999022	__gene_G_rbs	399.000000	0.000000	0.000000
1009.999022	__gene_H_rbs	274.000000	0.000000	0.000000
1009.999022	__gene_J_rbs	708.000000	0.000000	0.000000
1009.999022	__gene_K_rbs	725.000000	0.000000	0.000000
1009.999022	__ribosome	0.000000	0.000000	0.000000
1009.999022	bound_ecolipol	1862.000000	0.000000	0.000000
1009.999022	bound_ribosome	100.000000	0.000000	0.000000
1009.999022	ecoli_genome	138.000000	0.000000	0.000000
1009.999022	ecoli_transcript	75832.000000	0.000000	0.000000
1009.999022	ecolipol	39.000000	0.000000	0.000000
1009.999022	gene_A	315.000000	740.000000	0.001351
1009.999022	gene_A*	172.000000	728.000000	0.001374
1009.999022	gene_B	243.000000	734.000000	0.001362
1009.999022	gene_C	168.000000	723.000000	0.000000
1009.999022	gene_D	178.000000	719.000000	0.001391
1009.999022	gene_E	189.000000	715.000000	0.000000
1009.999022	gene_F	93.000000	505.000000	0.001980
1009.999022	gene_G	46.000000	399.000000	0.042607
1009.999022	gene_H	0.000000	274.000000	0.142336
1009.999022	gene_J	139.000000	708.000000	0.055085
1009.999022	gene_K	198.000000	725.000000	0.000000
1009.999022	promoter_A	0.000000	0.000000	0.000000
1009.999022	promoter_B1	0.000000	0.000000	0.000000
1009.999022	promoter_D	0.000000	0.000000	0.000000
1014.999196	__gene_A*_rbs	732.000000	0.000000	0.000000
1014.999196	__gene_A_rbs	744.000000	0.000000	0.000000
1014.999196	__gene_B_rbs	737.000000	0.000000	0.000000
1014.999196	__gene_C_rbs	727.000000	0.000000	0.000000
1014.999196	__gene_D_rbs	723.000000	0.000000	0.000000
1014.999196	__gene_E_rbs	719.000000	0.000000	0.000000
1014.999196	__gene_F_rbs	508.000000	0.000000	0.000000
1014.999196	__gene_G_rbs	401.000000	0.000000	0.000000
1014.999196	__gene_H_rbs	274.000000	0.000000	0.000000
1014.999196	__gene_J_rbs	712.000000	0.000000	0.000000
1014.999196	__gene_K_rbs	729.000000	0.000000	0.000000
1014.999196	__ribosome	0.000000	0.000000	0.000000
1014.999196	bound_ecolipol	1871.000000	0.000000	0.000000
1014.999196	bound_ribosome	100.000000	0.000000	0.000000
1014.999196	ecoli_genome	129.000000	0.000000	0.000000
1014.999196	ecoli_transcript	76205.000000	0.000000	0.000000
1014.999196	ecolipol	29.000000	0.000000	0.000000
1014.999196	gene_A	315.000000	744.000000	0.001344
1014.999196	gene_A*	172.000000	732.000000	0.001366
1014.999196	gene_B	243.000000	738.000000	0.002710
1014.999196	gene_C	168.000000	727.000000	0.000000
1014.999196	gene_D	179.000000	723.000000	0.001383
1014.999196	gene_E	189.000000	719.000000	0.000000
1014.999196	gene_F	94.000000	508.000000	0.000000
1014.999196	gene_G	46.000000	401.000000	0.042394
1014.999196	gene_H	0.000000	274.000000	0.142336
1014.999196	gene_J	139.000000	712.000000	0.054775
1014.999196	gene_K	198.000000	729.000000	0.000000
1014.999196	promoter_A	0.000000	0.000000	0.000000
1014.999196	promoter_B1	0.000000	0.000000	0.000000
1014.999196	promoter_D	0.000000	0.000000	0.000000
1019.999277	__gene_A*_rbs	735.000000	0.000000	0.000000
1019.999277	__gene_A_rbs	748.000000	0.000000	0.000000
1019.999277	__gene_B_rbs	742.000000	0.000000	0.000000
1019.999277	__gene_C_rbs	731.000000	0.000000	0.000000
1019.999277	__gene_D_rbs	727.000000	0.000000	0.000000
1019.999277	__gene_E_rbs	722.000000	0.000000	0.000000
1019.999277	__gene_F_rbs	511.000000	0.000000	0.000000
1019.999277	__gene_G_rbs	404.000000	0.000000	0.000000
1019.999277	__gene_H_rbs	277.000000	0.000000	0.000000
1019.999277	__gene_J_rbs	716.000000	0.000000	0.000000
1019.999277	__gene_K_rbs	733.000000	0.000000	0.000000
1019.999277	__ribosome	0.000000	0.000000	0.000000
1019.999277	bound_ecolipol	1868.000000	0.000000	0.000000
1019.999277	bound_ribosome	100.000000	0.000000	0.000000
1019.999277	ecoli_genome	132.000000	0.000000	0.000000
1019.999277	ecoli_transcript	76560.000000	0.000000	0.000000
1019.999277	ecolipol	31.000000	0.000000	0.000000
1019.999277	gene_A	315.000000	748.000000	0.001337
1019.999277	gene_A*	172.000000	735.000000	0.001361
1019.999277	gene_B	243.000000	742.000000	0.002695
1019.999277	gene_C	168.000000	731.000000	0.000000
1019.999277	gene_D	179.000000	727.000000	0.001376
1019.999277	gene_E	189.000000	722.000000	0.000000
1019.999277	gene_F	94.000000	511.000000	0.000000
1019.999277	gene_G	46.000000	404.000000	0.042079
1019.999277	gene_H	0.000000	277.000000	0.140794
1019.999277	gene_J	139.000000	716.000000	0.054469
1019.999277	gene_K	198.000000	733.000000	0.000000
1019.999277	promoter_A	0.000000	0.000000	0.000000
1019.999277	promoter_B1	0.000000	0.000000	0.000000
1019.999277	promoter_D	0.000000	0.000000	0.000000
1024.999021	__gene_A*_rbs	739.000000	0.000000	0.000000
1024.999021	__gene_A_rbs	750.000000	0.000000	0.000000
1024.999021	__gene_B_rbs	745.000000	0.000000	0.000000
1024.999021	__gene_C_rbs	735.000000	0.000000	0.000000
1024.999021	__gene_D_rbs	730.000000	0.000000	0.000000
1024.999021	__gene_E_rbs	726.000000	0.000000	0.000000
1024.999021	__gene_F_rbs	515.000000	0.000000	0.000000
1024.999021	__gene_G_rbs	406.000000	0.000000	0.000000
1024.999021	__gene_H_rbs	281.000000	0.000000	0.000000
1024.999021	__gene_J_rbs	720.000000	0.000000	0.000000
1024.999021	__gene_K_rbs	737.000000	0.000000	0.000000
1024.999021	__ribosome	0.000000	0.000000	0.000000
1024.999021	bound_ecolipol	1868.000000	0.000000	0.000000
1024.999021	bound_ribosome	100.000000	0.000000	0.000000
1024.999021	ecoli_genome	132.000000	0.000000	0.000000
1024.999021	ecoli_transcript	76927.000000	0.000000	0.000000
1024.999021	ecolipol	31.000000	0.000000	0.000000
1024.999021	gene_A	315.000000	751.000000	0.002663
1024.999021	gene_A*	172.000000	739.000000	0.001353
1024.999021	gene_B	244.000000	745.000000	0.001342
1024.999021	gene_C	168.000000	735.000000	0.000000
1024.999021	gene_D	179.000000	730.000000	0.001370
1024.999021	gene_E	189.000000	726.000000	0.000000
1024.999021	gene_F	94.000000	515.000000	0.000000
1024.999021	gene_G	46.000000	406.000000	0.041872
1024.999021	gene_H	0.000000	281.000000	0.138790
1024.999021	gene_J	140.000000	720.000000	0.054167
1024.999021	gene_K	198.000000	737.000000	0.000000
1024.999021	promoter_A	0.000000	0.000000	0.000000
1024.999021	promoter_B1	0.000000	0.000000	0.000000
1024.999021	promoter_D	0.000000	0.000000	0.000000
1029.999515	__gene_A*_rbs	743.000000	0.000000	0.000000
1029.999515	__gene_A_rbs	755.000000	0.000000	0.000000
1029.999515	__gene_B_rbs	749.000000	0.000000	0.000000
1029.999515	__gene_C_rbs	738.000000	0.000000	0.000000
1029.999515	__gene_D_rbs	734.000000	0.000000	0.000000
1029.999515	__gene_E_rbs	730.000000	0.000000	0.000000
1029.999515	__gene_F_rbs	517.000000	0.000000	0.000000
1029.999515	__gene_G_rbs	410.000000	0.000000	0.000000
1029.999515	__gene_H_rbs	283.000000	0.000000	0.000000
1029.999515	__gene_J_rbs	723.000000	0.000000	0.000000
1029.999515	__gene_K_rbs	740.000000	0.000000	0.000000
1029.999515	__ribosome	0.000000	0.000000	0.000000
1029.999515	bound_ecolipol	1866.000000	0.000000	0.000000
1029.999515	bound_ribosome	100.000000	0.000000	0.000000
1029.999515	ecoli_genome	134.000000	0.000000	0.000000
1029.999515	ecoli_transcript	77319.000000	0.000000	0.000000
1029.999515	ecolipol	36.000000	0.000000	0.000000
1029.999515	gene_A	315.000000	755.000000	0.002649
1029.999515	gene_A*	173.000000	743.000000	0.001346
1029.999515	gene_B	245.000000	749.000000	0.000000
1029.999515	gene_C	168.000000	738.000000	0.000000
1029.999515	gene_D	180.000000	734.000000	0.000000
1029.999515	gene_E	189.000000	730.000000	0.000000
1029.999515	gene_F	94.000000	517.000000	0.000000
1029.999515	gene_G	46.000000	410.000000	0.043902
1029.999515	gene_H	0.000000	283.000000	0.137809
1029.999515	gene_J	140.000000	723.000000	0.053942
1029.999515	gene_K	198.000000	740.000000	0.001351
1029.999515	promoter_A	0.000000	0.000000	0.000000
1029.999515	promoter_B1	0.000000	0.000000	0.000000
1029.999515	promoter_D	0.000000	0.000000	0.000000
1034.999271	__gene_A*_rbs	746.000000	0.000000	0.000000
1034.999271	__gene_A_rbs	759.000000	0.000000	0.000000
1034.999271	__gene_B_rbs	753.000000	0.000000	0.000000
1034.999271	__gene_C_rbs	742.000000	0.000000	0.000000
1034.999271	__gene_D_rbs	737.000000	0.000000	0.000000
1034.999271	__gene_E_rbs	733.000000	0.000000	0.000000
1034.999271	__gene_F_rbs	520.000000	0.000000	0.000000
1034.999271	__gene_G_rbs	413.000000	0.000000	0.000000
1034.999271	__gene_H_rbs	285.000000	0.000000	0.000000
1034.999271	__gene_J_rbs	726.000000	0.000000	0.000000
1034.999271	__gene_K_rbs	744.000000	0.000000	0.000000
1034.999271	__ribosome	0.000000	0.000000	0.000000
1034.999271	bound_ecolipol	1861.000000	0.000000	0.000000
1034.999271	bound_ribosome	100.000000	0.000000	0.000000
1034.999271	ecoli_genome	139.000000	0.000000	0.000000
1034.999271	ecoli_transcript	77698.000000	0.000000	0.000000
1034.999271	ecolipol	39.000000	0.000000	0.000000
1034.999271	gene_A	316.000000	759.000000	0.001318
1034.999271	gene_A*	173.000000	746.000000	0.001340
1034.999271	gene_B	245.000000	753.000000	0.000000
1034.999271	gene_C	168.000000	742.000000	0.000000
1034.999271	gene_D	180.000000	737.000000	0.000000
1034.999271	gene_E	189.000000	733.000000	0.001364
1034.999271	gene_F	94.000000	520.000000	0.001923
1034.999271	gene_G	46.000000	413.000000	0.043584
1034.999271	gene_H	0.000000	285.000000	0.136842
1034.999271	gene_J	140.000000	726.000000	0.053719
1034.999271	gene_K	199.000000	744.000000	0.000000
1034.999271	promoter_A	0.000000	0.000000	0.000000
1034.999271	promoter_B1	0.000000	0.000000	0.000000
1034.999271	promoter_D	0.000000	0.000000	0.000000
1039.999039	__gene_A*_rbs	750.000000	0.000000	0.000000
1039.999039	__gene_A_rbs	763.000000	0.000000	0.000000
1039.999039	__gene_B_rbs	756.000000	0.000000	0.000000
1039.999039	__gene_C_rbs	745.000000	0.000000	0.000000
1039.999039	__gene_D_rbs	741.000000	0.000000	0.000000
1039.999039	__gene_E_rbs	737.000000	0.000000	0.000000
1039.999039	__gene_F_rbs	522.000000	0.000000	0.000000
1039.999039	__gene_G_rbs	415.000000	0.000000	0.000000
1039.999039	__gene_H_rbs	287.000000	0.000000	0.000000
1039.999039	__gene_J_rbs	730.000000	0.000000	0.000000
1039.999039	__gene_K_rbs	747.000000	0.000000	0.000000
1039.999039	__ribosome	0.000000	0.000000	0.000000
1039.999039	bound_ecolipol	1869.000000	0.000000	0.000000
1039.999039	bound_ribosome	100.000000	0.000000	0.000000
1039.999039	ecoli_genome	131.000000	0.000000	0.000000
1039.999039	ecoli_transcript	78047.000000	0.000000	0.000000
1039.999039	ecolipol	29.000000	0.000000	0.000000
1039.999039	gene_A	316.000000	763.000000	0.001311
1039.999039	gene_A*	173.000000	750.000000	0.001333
1039.999039	gene_B	245.000000	756.000000	0.000000
1039.999039	gene_C	168.000000	745.000000	0.000000
1039.999039	gene_D	180.000000	741.000000	0.000000
1039.999039	gene_E	189.000000	737.000000	0.001357
1039.999039	gene_F	94.000000	522.000000	0.001916
1039.999039	gene_G	46.000000	415.000000	0.043373
1039.999039	gene_H	0.000000	287.000000	0.135889
1039.999039	gene_J	140.000000	730.000000	0.053425
1039.999039	gene_K	199.000000	747.000000	0.000000
1039.999039	promoter_A	0.000000	0.000000	0.000000
1039.999039	promoter_B1	0.000000	0.000000	0.000000
1039.999039	promoter_D	0.000000	0.000000	0.000000
1044.999234	__gene_A*_rbs	754.000000	0.000000	0.000000
1044.999234	__gene_A_rbs	766.000000	0.000000	0.000000
1044.999234	__gene_B_rbs	759.000000	0.000000	0.000000
1044.999234	__gene_C_rbs	749.000000	0.000000	0.000000
1044.999234	__gene_D_rbs	745.000000	0.000000	0.000000
1044.999234	__gene_E_rbs	741.000000	0.000000	0.000000
1044.999234	__gene_F_rbs	525.000000	0.000000	0.000000
1044.999234	__gene_G_rbs	417.000000	0.000000	0.000000
1044.999234	__gene_H_rbs	288.000000	0.000000	0.000000
1044.999234	__gene_J_rbs	734.000000	0.000000	0.000000
1044.999234	__gene_K_rbs	751.000000	0.000000	0.000000
1044.999234	__ribosome	0.000000	0.000000	0.000000
1044.999234	bound_ecolipol	1862.000000	0.000000	0.000000
1044.999234	bound_ribosome	100.000000	0.000000	0.000000
1044.999234	ecoli_genome	138.000000	0.000000	0.000000
1044.999234	ecoli_transcript	78421.000000	0.000000	0.000000
1044.999234	ecolipol	37.000000	0.000000	0.000000
1044.999234	gene_A	316.000000	766.000000	0.001305
1044.999234	gene_A*	173.000000	754.000000	0.001326
1044.999234	gene_B	245.000000	760.000000	0.000000
1044.999234	gene_C	168.000000	749.000000	0.001335
1044.999234	gene_D	180.000000	745.000000	0.000000
1044.999234	gene_E	190.000000	741.000000	0.000000
1044.999234	gene_F	94.000000	525.000000	0.001905
1044.999234	gene_G	47.000000	417.000000	0.040767
1044.999234	gene_H	0.000000	288.000000	0.135417
1044.999234	gene_J	140.000000	734.000000	0.054496
1044.999234	gene_K	199.000000	751.000000	0.000000
1044.999234	promoter_A	0.000000	0.000000	0.000000
1044.999234	promoter_B1	0.000000	0.000000	0.000000
1044.999234	promoter_D	0.000000	0.000000	0.000000
1049.999044	__gene_A*_rbs	757.000000	0.000000	0.000000
1049.999044	__gene_A_rbs	769.000000	0.000000	0.000000
1049.999044	__gene_B_rbs	763.000000	0.000000	0.000000
1049.999044	__gene_C_rbs	752.000000	0.000000	0.000000
1049.999044	__gene_D_rbs	749.000000	0.000000	0.000000
1049.999044	__gene_E_rbs	744.000000	0.000000	0.000000
1049.999044	__gene_F_rbs	528.000000	0.000000	0.000000
1049.999044	__gene_G_rbs	420.000000	0.000000	0.000000
1049.999044	__gene_H_rbs	291.000000	0.000000	0.000000
1049.999044	__gene_J_rbs	738.000000	0.000000	0.000000
1049.999044	__gene_K_rbs	754.000000	0.000000	0.000000
1049.999044	__ribosome	0.000000	0.000000	0.000000
1049.999044	bound_ecolipol	1866.000000	0.000000	0.000000
1049.999044	bound_ribosome	100.000000	0.000000	0.000000
1049.999044	ecoli_genome	134.000000	0.000000	0.000000
1049.999044	ecoli_transcript	78792.000000	0.000000	0.000000
1049.999044	ecolipol	35.000000	0.000000	0.000000
1049.999044	gene_A	316.000000	769.000000	0.001300
1049.999044	gene_A*	173.000000	757.000000	0.001321
1049.999044	gene_B	245.000000	763.000000	0.000000
1049.999044	gene_C	168.000000	752.000000	0.001330
1049.999044	gene_D	180.000000	749.000000	0.000000
1049.999044	gene_E	190.000000	744.000000	0.000000
1049.999044	gene_F	94.000000	528.000000	0.001894
1049.999044	gene_G	47.000000	420.000000	0.042857
1049.999044	gene_H	0.000000	291.000000	0.134021
1049.999044	gene_J	141.000000	738.000000	0.052846
1049.999044	gene_K	199.000000	754.000000	0.000000
1049.999044	promoter_A	0.000000	0.000000	0.000000
1049.999044	promoter_B1	0.000000	0.000000	0.000000
1049.999044	promoter_D	0.000000	0.000000	0.000000
1054.999079	__gene_A*_rbs	761.000000	0.000000	0.000000
1054.999079	__gene_A_rbs	773.000000	0.000000	0.000000
1054.999079	__gene_B_rbs	767.000000	0.000000	0.000000
1054.999079	__gene_C_rbs	756.000000	0.000000	0.000000
1054.999079	__gene_D_rbs	752.000000	0.000000	0.000000
1054.999079	__gene_E_rbs	748.000000	0.000000	0.000000
1054.999079	__gene_F_rbs	531.000000	0.000000	0.000000
1054.999079	__gene_G_rbs	422.000000	0.000000	0.000000
1054.999079	__gene_H_rbs	292.000000	0.000000	0.000000
1054.999079	__gene_J_rbs	742.000000	0.000000	0.000000
1054.999079	__gene_K_rbs	758.000000	0.000000	0.000000
1054.999079	__ribosome	0.000000	0.000000	0.000000
1054.999079	bound_ecolipol	1859.000000	0.000000	0.000000
1054.999079	bound_ribosome	100.000000	0.000000	0.000000
1054.999079	ecoli_genome	141.000000	0.000000	0.000000
1054.999079	ecoli_transcript	79189.000000	0.000000	0.000000
1054.999079	ecolipol	44.000000	0.000000	0.000000
1054.999079	gene_A	316.000000	773.000000	0.001294
1054.999079	gene_A*	173.000000	761.000000	0.001314
1054.999079	gene_B	245.000000	767.000000	0.000000
1054.999079	gene_C	169.000000	756.000000	0.000000
1054.999079	gene_D	180.000000	752.000000	0.001330
1054.999079	gene_E	190.000000	748.000000	0.000000
1054.999079	gene_F	94.000000	531.000000	0.001883
1054.999079	gene_G	47.000000	422.000000	0.042654
1054.999079	gene_H	0.000000	292.000000	0.133562
1054.999079	gene_J	141.000000	742.000000	0.052561
1054.999079	gene_K	199.000000	758.000000	0.000000
1054.999079	promoter_A	0.000000	0.000000	0.000000
1054.999079	promoter_B1	0.000000	0.000000	0.000000
1054.999079	promoter_D	0.000000	0.000000	0.000000
1059.999078	__gene_A*_rbs	765.000000	0.000000	0.000000
1059.999078	__gene_A_rbs	777.000000	0.000000	0.000000
1059.999078	__gene_B_rbs	770.000000	0.000000	0.000000
1059.999078	__gene_C_rbs	760.000000	0.000000	0.000000
1059.999078	__gene_D_rbs	756.000000	0.000000	0.000000
1059.999078	__gene_E_rbs	752.000000	0.000000	0.000000
1059.999078	__gene_F_rbs	533.000000	0.000000	0.000000
1059.999078	__gene_G_rbs	423.000000	0.000000	0.000000
1059.999078	__gene_H_rbs	294.000000	0.000000	0.000000
1059.999078	__gene_J_rbs	745.000000	0.000000	0.000000
1059.999078	__gene_K_rbs	762.000000	0.000000	0.000000
1059.999078	__ribosome	0.000000	0.000000	0.000000
1059.999078	bound_ecolipol	1871.000000	0.000000	0.000000
1059.999078	bound_ribosome	100.000000	0.000000	0.000000
1059.999078	ecoli_genome	129.000000	0.000000	0.000000
1059.999078	ecoli_transcript	79553.000000	0.000000	0.000000
1059.999078	ecolipol	33.000000	0.000000	0.000000
1059.999078	gene_A	316.000000	777.000000	0.002574
1059.999078	gene_A*	174.000000	765.000000	0.000000
1059.999078	gene_B	245.000000	770.000000	0.000000
1059.999078	gene_C	169.000000	760.000000	0.000000
1059.999078	gene_D	180.000000	756.000000	0.001323
1059.999078	gene_E	190.000000	752.000000	0.000000
1059.999078	gene_F	94.000000	533.000000	0.001876
1059.999078	gene_G	47.000000	423.000000	0.042553
1059.999078	gene_H	0.000000	294.000000	0.132653
1059.999078	gene_J	141.000000	745.000000	0.052349
1059.999078	gene_K	199.000000	762.000000	0.000000
1059.999078	promoter_A	0.000000	0.000000	0.000000
1059.999078	promoter_B1	0.000000	0.000000	0.000000
1059.999078	promoter_D	0.000000	0.000000	0.000000
1064.999147	__gene_A*_rbs	769.000000	0.000000	0.000000
1064.999147	__gene_A_rbs	781.000000	0.000000	0.000000
1064.999147	__gene_B_rbs	774.000000	0.000000	0.000000
1064.999147	__gene_C_rbs	764.000000	0.000000	0.000000
1064.999147	__gene_D_rbs	760.000000	0.000000	0.000000
1064.999147	__gene_E_rbs	755.000000	0.000000	0.000000
1064.999147	__gene_F_rbs	536.000000	0.000000	0.000000
1064.999147	__gene_G_rbs	426.000000	0.000000	0.000000
1064.999147	__gene_H_rbs	296.000000	0.000000	0.000000
1064.999147	__gene_J_rbs	749.000000	0.000000	0.000000
1064.999147	__gene_K_rbs	766.000000	0.000000	0.000000
1064.999147	__ribosome	0.000000	0.000000	0.000000
1064.999147	bound_ecolipol	1873.000000	0.000000	0.000000
1064.999147	bound_ribosome	100.000000	0.000000	0.000000
1064.999147	ecoli_genome	127.000000	0.000000	0.000000
1064.999147	ecoli_transcript	79919.000000	0.000000	0.000000
1064.999147	ecolipol	34.000000	0.000000	0.000000
1064.999147	gene_A	316.000000	781.000000	0.002561
1064.999147	gene_A*	174.000000	769.000000	0.000000
1064.999147	gene_B	245.000000	774.000000	0.000000
1064.999147	gene_C	169.000000	764.000000	0.000000
1064.999147	gene_D	180.000000	760.000000	0.001316
1064.999147	gene_E	190.000000	755.000000	0.000000
1064.999147	gene_F	94.000000	536.000000	0.001866
1064.999147	gene_G	47.000000	426.000000	0.042254
1064.999147	gene_H	0.000000	296.000000	0.131757
1064.999147	gene_J	141.000000	749.000000	0.052069
1064.999147	gene_K	199.000000	766.000000	0.000000
1064.999147	promoter_A	0.000000	0.000000	0.000000
1064.999147	promoter_B1	0.000000	0.000000	0.000000
1064.999147	promoter_D	0.000000	0.000000	0.000000
1069.999075	__gene_A*_rbs	773.000000	0.000000	0.000000
1069.999075	__gene_A_rbs	784.000000	0.000000	0.000000
1069.999075	__gene_B_rbs	778.000000	0.000000	0.000000
1069.999075	__gene_C_rbs	767.000000	0.000000	0.000000
1069.999075	__gene_D_rbs	763.000000	0.000000	0.000000
1069.999075	__gene_E_rbs	759.000000	0.000000	0.000000
1069.999075	__gene_F_rbs	538.000000	0.000000	0.000000
1069.999075	__gene_G_rbs	428.000000	0.000000	0.000000
1069.999075	__gene_H_rbs	298.000000	0.000000	0.000000
1069.999075	__gene_J_rbs	753.000000	0.000000	0.000000
1069.999075	__gene_K_rbs	769.000000	0.000000	0.000000
1069.999075	__ribosome	0.000000	0.000000	0.000000
1069.999075	bound_ecolipol	1872.000000	0.000000	0.000000
1069.999075	bound_ribosome	100.000000	0.000000	0.000000
1069.999075	ecoli_genome	128.000000	0.000000	0.000000
1069.999075	ecoli_transcript	80277.000000	0.000000	0.000000
1069.999075	ecolipol	34.000000	0.000000	0.000000
1069.999075	gene_A	316.000000	784.000000	0.002551
1069.999075	gene_A*	174.000000	773.000000	0.000000
1069.999075	gene_B	245.000000	778.000000	0.000000
1069.999075	gene_C	169.000000	767.000000	0.001304
1069.999075	gene_D	181.000000	763.000000	0.000000
1069.999075	gene_E	190.000000	759.000000	0.000000
1069.999075	gene_F	94.000000	538.000000	0.001859
1069.999075	gene_G	47.000000	428.000000	0.042056
1069.999075	gene_H	0.000000	298.000000	0.130872
1069.999075	gene_J	141.000000	753.000000	0.051793
1069.999075	gene_K	199.000000	769.000000	0.000000
1069.999075	promoter_A	0.000000	0.000000	0.000000
1069.999075	promoter_B1	0.000000	0.000000	0.000000
1069.999075	promoter_D	0.000000	0.000000	0.000000
1074.999048	__gene_A*_rbs	775.000000	0.000000	0.000000
1074.999048	__gene_A_rbs	788.000000	0.000000	0.000000
1074.999048	__gene_B_rbs	782.000000	0.000000	0.000000
1074.999048	__gene_C_rbs	771.000000	0.000000	0.000000
1074.999048	__gene_D_rbs	767.000000	0.000000	0.000000
1074.999048	__gene_E_rbs	763.000000	0.000000	0.000000
1074.999048	__gene_F_rbs	539.000000	0.000000	0.000000
1074.999048	__gene_G_rbs	431.000000	0.000000	0.000000
1074.999048	__gene_H_rbs	298.000000	0.000000	0.000000
1074.999048	__gene_J_rbs	755.000000	0.000000	0.000000
1074.999048	__gene_K_rbs	773.000000	0.000000	0.000000
1074.999048	__ribosome	0.000000	0.000000	0.000000
1074.999048	bound_ecolipol	1868.000000	0.000000	0.000000
1074.999048	bound_ribosome	100.000000	0.000000	0.000000
1074.999048	ecoli_genome	132.000000	0.000000	0.000000
1074.999048	ecoli_transcript	80672.000000	0.000000	0.000000
1074.999048	ecolipol	38.000000	0.000000	0.000000
1074.999048	gene_A	317.000000	788.000000	0.001269
1074.999048	gene_A*	174.000000	776.000000	0.001289
1074.999048	gene_B	245.000000	782.000000	0.000000
1074.999048	gene_C	170.000000	771.000000	0.000000
1074.999048	gene_D	181.000000	767.000000	0.000000
1074.999048	gene_E	190.000000	763.000000	0.000000
1074.999048	gene_F	95.000000	539.000000	0.001855
1074.999048	gene_G	47.000000	431.000000	0.041763
1074.999048	gene_H	0.000000	298.000000	0.130872
1074.999048	gene_J	141.000000	756.000000	0.052910
1074.999048	gene_K	199.000000	773.000000	0.000000
1074.999048	promoter_A	0.000000	0.000000	0.000000
1074.999048	promoter_B1	0.000000	0.000000	0.000000
1074.999048	promoter_D	0.000000	0.000000	0.000000
1079.999191	__gene_A*_rbs	780.000000	0.000000	0.000000
1079.999191	__gene_A_rbs	792.000000	0.000000	0.000000
1079.999191	__gene_B_rbs	786.000000	0.000000	0.000000
1079.999191	__gene_C_rbs	775.000000	0.000000	0.000000
1079.999191	__gene_D_rbs	770.000000	0.000000	0.000000
1079.999191	__gene_E_rbs	767.000000	0.000000	0.000000
1079.999191	__gene_F_rbs	540.000000	0.000000	0.000000
1079.999191	__gene_G_rbs	434.000000	0.000000	0.000000
1079.999191	__gene_H_rbs	300.000000	0.000000	0.000000
1079.999191	__gene_J_rbs	760.000000	0.000000	0.000000
1079.999191	__gene_K_rbs	777.000000	0.000000	0.000000
1079.999191	__ribosome	0.000000	0.000000	0.000000
1079.999191	bound_ecolipol	1864.000000	0.000000	0.000000
1079.999191	bound_ribosome	100.000000	0.000000	0.000000
1079.999191	ecoli_genome	136.000000	0.000000	0.000000
1079.999191	ecoli_transcript	81053.000000	0.000000	0.000000
1079.999191	ecolipol	46.000000	0.000000	0.000000
1079.999191	gene_A	317.000000	792.000000	0.001263
1079.999191	gene_A*	174.000000	780.000000	0.001282
1079.999191	gene_B	245.000000	786.000000	0.000000
1079.999191	gene_C	170.000000	775.000000	0.000000
1079.999191	gene_D	181.000000	770.000000	0.000000
1079.999191	gene_E	190.000000	767.000000	0.000000
1079.999191	gene_F	95.000000	540.000000	0.001852
1079.999191	gene_G	47.000000	434.000000	0.043779
1079.999191	gene_H	0.000000	300.000000	0.130000
1079.999191	gene_J	142.000000	760.000000	0.051316
1079.999191	gene_K	199.000000	777.000000	0.000000
1079.999191	promoter_A	0.000000	0.000000	0.000000
1079.999191	promoter_B1	0.000000	0.000000	0.000000
1079.999191	promoter_D	0.000000	0.000000	0.000000
1084.999157	__gene_A*_rbs	783.000000	0.000000	0.000000
1084.999157	__gene_A_rbs	795.000000	0.000000	0.000000
1084.999157	__gene_B_rbs	789.000000	0.000000	0.000000
1084.999157	__gene_C_rbs	778.000000	0.000000	0.000000
1084.999157	__gene_D_rbs	774.000000	0.000000	0.000000
1084.999157	__gene_E_rbs	770.000000	0.000000	0.000000
1084.999157	__gene_F_rbs	541.000000	0.000000	0.000000
1084.999157	__gene_G_rbs	435.000000	0.000000	0.000000
1084.999157	__gene_H_rbs	301.000000	0.000000	0.000000
1084.999157	__gene_J_rbs	764.000000	0.000000	0.000000
1084.999157	__gene_K_rbs	781.000000	0.000000	0.000000
1084.999157	__ribosome	0.000000	0.000000	0.000000
1084.999157	bound_ecolipol	1876.000000	0.000000	0.000000
1084.999157	bound_ribosome	100.000000	0.000000	0.000000
1084.999157	ecoli_genome	124.000000	0.000000	0.000000
1084.999157	ecoli_transcript	81438.000000	0.000000	0.000000
1084.999157	ecolipol	38.000000	0.000000	0.000000
1084.999157	gene_A	317.000000	795.000000	0.001258
1084.999157	gene_A*	174.000000	783.000000	0.001277
1084.999157	gene_B	245.000000	789.000000	0.000000
1084.999157	gene_C	170.000000	778.000000	0.000000
1084.999157	gene_D	181.000000	774.000000	0.000000
1084.999157	gene_E	190.000000	770.000000	0.000000
1084.999157	gene_F	95.000000	541.000000	0.001848
1084.999157	gene_G	47.000000	435.000000	0.043678
1084.999157	gene_H	0.000000	301.000000	0.129568
1084.999157	gene_J	142.000000	764.000000	0.051047
1084.999157	gene_K	199.000000	781.000000	0.000000
1084.999157	promoter_A	0.000000	0.000000	0.000000
1084.999157	promoter_B1	0.000000	0.000000	0.000000
1084.999157	promoter_D	0.000000	0.000000	0.000000
1089.999041	__gene_A*_rbs	787.000000	0.000000	0.000000
1089.999041	__gene_A_rbs	799.000000	0.000000	0.000000
1089.999041	__gene_B_rbs	793.000000	0.000000	0.000000
1089.999041	__gene_C_rbs	782.000000	0.000000	0.000000
1089.999041	__gene_D_rbs	778.000000	0.000000	0.000000
1089.999041	__gene_E_rbs	774.000000	0.000000	0.000000
1089.999041	__gene_F_rbs	544.000000	0.000000	0.000000
1089.999041	__gene_G_rbs	437.000000	0.000000	0.000000
1089.999041	__gene_H_rbs	301.000000	0.000000	0.000000
1089.999041	__gene_J_rbs	768.000000	0.000000	0.000000
1089.999041	__gene_K_rbs	784.000000	0.000000	0.000000
1089.999041	__ribosome	0.000000	0.000000	0.000000
1089.999041	bound_ecolipol	1883.000000	0.000000	0.000000
1089.999041	bound_ribosome	100.000000	0.000000	0.000000
1089.999041	ecoli_genome	117.000000	0.000000	0.000000
1089.999041	ecoli_transcript	81803.000000	0.000000	0.000000
1089.999041	ecolipol	32.000000	0.000000	0.000000
1089.999041	gene_A	317.000000	799.000000	0.001252
1089.999041	gene_A*	174.000000	787.000000	0.001271
1089.999041	gene_B	245.000000	793.000000	0.000000
1089.999041	gene_C	170.000000	782.000000	0.000000
1089.999041	gene_D	181.000000	778.000000	0.000000
1089.999041	gene_E	190.000000	774.000000	0.000000
1089.999041	gene_F	95.000000	544.000000	0.001838
1089.999041	gene_G	47.000000	437.000000	0.043478
1089.999041	gene_H	0.000000	301.000000	0.129568
1089.999041	gene_J	142.000000	768.000000	0.050781
1089.999041	gene_K	199.000000	784.000000	0.000000
1089.999041	promoter_A	0.000000	0.000000	0.000000
1089.999041	promoter_B1	0.000000	0.000000	0.000000
1089.999041	promoter_D	0.000000	0.000000	0.000000
1094.999078	__gene_A*_rbs	790.000000	0.000000	0.000000
1094.999078	__gene_A_rbs	802.000000	0.000000	0.000000
1094.999078	__gene_B_rbs	795.000000	0.000000	0.000000
1094.999078	__gene_C_rbs	786.000000	0.000000	0.000000
1094.999078	__gene_D_rbs	782.000000	0.000000	0.000000
1094.999078	__gene_E_rbs	777.000000	0.000000	0.000000
1094.999078	__gene_F_rbs	548.000000	0.000000	0.000000
1094.999078	__gene_G_rbs	439.000000	0.000000	0.000000
1094.999078	__gene_H_rbs	302.000000	0.000000	0.000000
1094.999078	__gene_J_rbs	771.000000	0.000000	0.000000
1094.999078	__gene_K_rbs	788.000000	0.000000	0.000000
1094.999078	__ribosome	0.000000	0.000000	0.000000
1094.999078	bound_ecolipol	1877.000000	0.000000	0.000000
1094.999078	bound_ribosome	100.000000	0.000000	0.000000
1094.999078	ecoli_genome	123.000000	0.000000	0.000000
1094.999078	ecoli_transcript	82161.000000	0.000000	0.000000
1094.999078	ecolipol	38.000000	0.000000	0.000000
1094.999078	gene_A	317.000000	802.000000	0.001247
1094.999078	gene_A*	174.000000	790.000000	0.001266
1094.999078	gene_B	245.000000	797.000000	0.000000
1094.999078	gene_C	170.000000	786.000000	0.000000
1094.999078	gene_D	181.000000	782.000000	0.000000
1094.999078	gene_E	190.000000	777.000000	0.000000
1094.999078	gene_F	95.000000	548.000000	0.001825
1094.999078	gene_G	47.000000	439.000000	0.043280
1094.999078	gene_H	0.000000	302.000000	0.129139
1094.999078	gene_J	142.000000	771.000000	0.050584
1094.999078	gene_K	199.000000	788.000000	0.000000
1094.999078	promoter_A	0.000000	0.000000	0.000000
1094.999078	promoter_B1	0.000000	0.000000	0.000000
1094.999078	promoter_D	0.000000	0.000000	0.000000
1099.999308	__gene_A*_rbs	794.000000	0.000000	0.000000
1099.999308	__gene_A_rbs	806.000000	0.000000	0.000000
1099.999308	__gene_B_rbs	800.000000	0.000000	0.000000
1099.999308	__gene_C_rbs	790.000000	0.000000	0.000000
1099.999308	__gene_D_rbs	786.000000	0.000000	0.000000
1099.999308	__gene_E_rbs	781.000000	0.000000	0.000000
1099.999308	__gene_F_rbs	550.000000	0.000000	0.000000
1099.999308	__gene_G_rbs	441.000000	0.000000	0.000000
1099.999308	__gene_H_rbs	304.000000	0.000000	0.000000
1099.999308	__gene_J_rbs	774.000000	0.000000	0.000000
1099.999308	__gene_K_rbs	792.000000	0.000000	0.000000
1099.999308	__ribosome	0.000000	0.000000	0.000000
1099.999308	bound_ecolipol	1874.000000	0.000000	0.000000
1099.999308	bound_ribosome	100.000000	0.000000	0.000000
1099.999308	ecoli_genome	126.000000	0.000000	0.000000
1099.999308	ecoli_transcript	82535.000000	0.000000	0.000000
1099.999308	ecolipol	40.000000	0.000000	0.000000
1099.999308	gene_A	317.000000	806.000000	0.001241
1099.999308	gene_A*	174.000000	794.000000	0.001259
1099.999308	gene_B	245.000000	800.000000	0.000000
1099.999308	gene_C	170.000000	790.000000	0.000000
1099.999308	gene_D	181.000000	786.000000	0.000000
1099.999308	gene_E	190.000000	781.000000	0.000000
1099.999308	gene_F	95.000000	550.000000	0.001818
1099.999308	gene_G	47.000000	441.000000	0.043084
1099.999308	gene_H	0.000000	304.000000	0.128289
1099.999308	gene_J	142.000000	774.000000	0.050388
1099.999308	gene_K	199.000000	792.000000	0.000000
1099.999308	promoter_A	0.000000	0.000000	0.000000
1099.999308	promoter_B1	0.000000	0.000000	0.000000
1099.999308	promoter_D	0.000000	0.000000	0.000000
1104.999383	__gene_A*_rbs	798.000000	0.000000	0.000000
1104.999383	__gene_A_rbs	809.000000	0.000000	0.000000
1104.999383	__gene_B_rbs	804.000000	0.000000	0.000000
1104.999383	__gene_C_rbs	794.000000	0.000000	0.000000
1104.999383	__gene_D_rbs	790.000000	0.000000	0.000000
1104.999383	__gene_E_rbs	785.000000	0.000000	0.000000
1104.999383	__gene_F_rbs	552.000000	0.000000	0.000000
1104.999383	__gene_G_rbs	442.000000	0.000000	0.000000
1104.999383	__gene_H_rbs	306.000000	0.000000	0.000000
1104.999383	__gene_J_rbs	778.000000	0.000000	0.000000
1104.999383	__gene_K_rbs	796.000000	0.000000	0.000000
1104.999383	__ribosome	0.000000	0.000000	0.000000
1104.999383	bound_ecolipol	1877.000000	0.000000	0.000000
1104.999383	bound_ribosome	100.000000	0.000000	0.000000
1104.999383	ecoli_genome	123.000000	0.000000	0.000000
1104.999383	ecoli_transcript	82900.000000	0.000000	0.000000
1104.999383	ecolipol	40.000000	0.000000	0.000000
1104.999383	gene_A	317.000000	809.000000	0.001236
1104.999383	gene_A*	174.000000	798.000000	0.001253
1104.999383	gene_B	245.000000	804.000000	0.000000
1104.999383	gene_C	170.000000	794.000000	0.000000
1104.999383	gene_D	181.000000	790.000000	0.000000
1104.999383	gene_E	190.000000	785.000000	0.000000
1104.999383	gene_F	95.000000	552.000000	0.001812
1104.999383	gene_G	47.000000	442.000000	0.042986
1104.999383	gene_H	0.000000	306.000000	0.127451
1104.999383	gene_J	142.000000	778.000000	0.050129
1104.999383	gene_K	199.000000	796.000000	0.000000
1104.999383	promoter_A	0.000000	0.000000	0.000000
1104.999383	promoter_B1	0.000000	0.000000	0.000000
1104.999383	promoter_D	0.000000	0.000000	0.000000
1109.999123	__gene_A*_rbs	802.000000	0.000000	0.000000
1109.999123	__gene_A_rbs	813.000000	0.000000	0.000000
1109.999123	__gene_B_rbs	808.000000	0.000000	0.000000
1109.999123	__gene_C_rbs	797.000000	0.000000	0.000000
1109.999123	__gene_D_rbs	793.000000	0.000000	0.000000
1109.999123	__gene_E_rbs	789.000000	0.000000	0.000000
1109.999123	__gene_F_rbs	555.000000	0.000000	0.000000
1109.999123	__gene_G_rbs	443.000000	0.000000	0.000000
1109.999123	__gene_H_rbs	306.000000	0.000000	0.000000
1109.999123	__gene_J_rbs	781.000000	0.000000	0.000000
1109.999123	__gene_K_rbs	800.000000	0.000000	0.000000
1109.999123	__ribosome	0.000000	0.000000	0.000000
1109.999123	bound_ecolipol	1881.000000	0.000000	0.000000
1109.999123	bound_ribosome	100.000000	0.000000	0.000000
1109.999123	ecoli_genome	119.000000	0.000000	0.000000
1109.999123	ecoli_transcript	83289.000000	0.000000	0.000000
1109.999123	ecolipol	34.000000	0.000000	0.000000
1109.999123	gene_A	318.000000	813.000000	0.000000
1109.999123	gene_A*	174.000000	802.000000	0.001247
1109.999123	gene_B	245.000000	808.000000	0.000000
1109.999123	gene_C	170.000000	798.000000	0.000000
1109.999123	gene_D	181.000000	793.000000	0.000000
1109.999123	gene_E	190.000000	789.000000	0.000000
1109.999123	gene_F	95.000000	555.000000	0.001802
1109.999123	gene_G	47.000000	443.000000	0.042889
1109.999123	gene_H	0.000000	306.000000	0.127451
1109.999123	gene_J	142.000000	782.000000	0.051151
1109.999123	gene_K	199.000000	800.000000	0.000000
1109.999123	promoter_A	0.000000	0.000000	0.000000
1109.999123	promoter_B1	0.000000	0.000000	0.000000
1109.999123	promoter_D	0.000000	0.000000	0.000000
1114.999061	__gene_A*_rbs	805.000000	0.000000	0.000000
1114.999061	__gene_A_rbs	817.000000	0.000000	0.000000
1114.999061	__gene_B_rbs	812.000000	0.000000	0.000000
1114.999061	__gene_C_rbs	801.000000	0.000000	0.000000
1114.999061	__gene_D_rbs	797.000000	0.000000	0.000000
1114.999061	__gene_E_rbs	792.000000	0.000000	0.000000
1114.999061	__gene_F_rbs	559.000000	0.000000	0.000000
1114.999061	__gene_G_rbs	445.000000	0.000000	0.000000
1114.999061	__gene_H_rbs	307.000000	0.000000	0.000000
1114.999061	__gene_J_rbs	785.000000	0.000000	0.000000
1114.999061	__gene_K_rbs	804.000000	0.000000	0.000000
1114.999061	__ribosome	0.000000	0.000000	0.000000
1114.999061	bound_ecolipol	1868.000000	0.000000	0.000000
1114.999061	bound_ribosome	100.000000	0.000000	0.000000
1114.999061	ecoli_genome	132.000000	0.000000	0.000000
1114.999061	ecoli_transcript	83670.000000	0.000000	0.000000
1114.999061	ecolipol	45.000000	0.000000	0.000000
1114.999061	gene_A	318.000000	817.000000	0.000000
1114.999061	gene_A*	175.000000	805.000000	0.000000
1114.999061	gene_B	245.000000	812.000000	0.000000
1114.999061	gene_C	170.000000	802.000000	0.001247
1114.999061	gene_D	181.000000	797.000000	0.000000
1114.999061	gene_E	190.000000	792.000000	0.000000
1114.999061	gene_F	95.000000	559.000000	0.001789
1114.999061	gene_G	47.000000	445.000000	0.042697
1114.999061	gene_H	0.000000	307.000000	0.127036
1114.999061	gene_J	143.000000	785.000000	0.050955
1114.999061	gene_K	199.000000	804.000000	0.000000
1114.999061	promoter_A	0.000000	0.000000	0.000000
1114.999061	promoter_B1	0.000000	0.000000	0.000000
1114.999061	promoter_D	0.000000	0.000000	0.000000
1119.999183	__gene_A*_rbs	809.000000	0.000000	0.000000
1119.999183	__gene_A_rbs	821.000000	0.000000	0.000000
1119.999183	__gene_B_rbs	815.000000	0.000000	0.000000
1119.999183	__gene_C_rbs	805.000000	0.000000	0.000000
1119.999183	__gene_D_rbs	801.000000	0.000000	0.000000
1119.999183	__gene_E_rbs	796.000000	0.000000	0.000000
1119.999183	__gene_F_rbs	562.000000	0.000000	0.000000
1119.999183	__gene_G_rbs	446.000000	0.000000	0.000000
1119.999183	__gene_H_rbs	307.000000	0.000000	0.000000
1119.999183	__gene_J_rbs	789.000000	0.000000	0.000000
1119.999183	__gene_K_rbs	807.000000	0.000000	0.000000
1119.999183	__ribosome	0.000000	0.000000	0.000000
1119.999183	bound_ecolipol	1870.000000	0.000000	0.000000
1119.999183	bound_ribosome	100.000000	0.000000	0.000000
1119.999183	ecoli_genome	130.000000	0.000000	0.000000
1119.999183	ecoli_transcript	84041.000000	0.000000	0.000000
1119.999183	ecolipol	40.000000	0.000000	0.000000
1119.999183	gene_A	318.000000	821.000000	0.000000
1119.999183	gene_A*	175.000000	809.000000	0.000000
1119.999183	gene_B	245.000000	815.000000	0.000000
1119.999183	gene_C	170.000000	805.000000	0.002484
1119.999183	gene_D	181.000000	801.000000	0.000000
1119.999183	gene_E	190.000000	796.000000	0.000000
1119.999183	gene_F	96.000000	562.000000	0.000000
1119.999183	gene_G	47.000000	446.000000	0.042601
1119.999183	gene_H	0.000000	307.000000	0.127036
1119.999183	gene_J	143.000000	789.000000	0.050697
1119.999183	gene_K	199.000000	807.000000	0.000000
1119.999183	promoter_A	0.000000	0.000000	0.000000
1119.999183	promoter_B1	0.000000	0.000000	0.000000
1119.999183	promoter_D	0.000000	0.000000	0.000000
1124.999169	__gene_A*_rbs	813.000000	0.000000	0.000000
1124.999169	__gene_A_rbs	824.000000	0.000000	0.000000
1124.999169	__gene_B_rbs	819.000000	0.000000	0.000000
1124.999169	__gene_C_rbs	809.000000	0.000000	0.000000
1124.999169	__gene_D_rbs	804.000000	0.000000	0.000000
1124.999169	__gene_E_rbs	800.000000	0.000000	0.000000
1124.999169	__gene_F_rbs	566.000000	0.000000	0.000000
1124.999169	__gene_G_rbs	447.000000	0.000000	0.000000
1124.999169	__gene_H_rbs	308.000000	0.000000	0.000000
1124.999169	__gene_J_rbs	793.000000	0.000000	0.000000
1124.999169	__gene_K_rbs	811.000000	0.000000	0.000000
1124.999169	__ribosome	0.000000	0.000000	0.000000
1124.999169	bound_ecolipol	1878.000000	0.000000	0.000000
1124.999169	bound_ribosome	100.000000	0.000000	0.000000
1124.999169	ecoli_genome	122.000000	0.000000	0.000000
1124.999169	ecoli_transcript	84468.000000	0.000000	0.000000
1124.999169	ecolipol	33.000000	0.000000	0.000000
1124.999169	gene_A	318.000000	824.000000	0.000000
1124.999169	gene_A*	175.000000	813.000000	0.000000
1124.999169	gene_B	245.000000	819.000000	0.000000
1124.999169	gene_C	171.000000	809.000000	0.001236
1124.999169	gene_D	181.000000	804.000000	0.001244
1124.999169	gene_E	190.000000	800.000000	0.000000
1124.999169	gene_F	96.000000	566.000000	0.000000
1124.999169	gene_G	47.000000	447.000000	0.042506
1124.999169	gene_H	0.000000	308.000000	0.126623
1124.999169	gene_J	143.000000	793.000000	0.050441
1124.999169	gene_K	199.000000	811.000000	0.000000
1124.999169	promoter_A	0.000000	0.000000	0.000000
1124.999169	promoter_B1	0.000000	0.000000	0.000000
1124.999169	promoter_D	0.000000	0.000000	0.000000
1129.999318	__gene_A*_rbs	816.000000	0.000000	0.000000
1129.999318	__gene_A_rbs	828.000000	0.000000	0.000000
1129.999318	__gene_B_rbs	823.000000	0.000000	0.000000
1129.999318	__gene_C_rbs	813.000000	0.000000	0.000000
1129.999318	__gene_D_rbs	808.000000	0.000000	0.000000
1129.999318	__gene_E_rbs	802.000000	0.000000	0.000000
1129.999318	__gene_F_rbs	568.000000	0.000000	0.000000
1129.999318	__gene_G_rbs	448.000000	0.000000	0.000000
1129.999318	__gene_H_rbs	310.000000	0.000000	0.000000
1129.999318	__gene_J_rbs	797.000000	0.000000	0.000000
1129.999318	__gene_K_rbs	815.000000	0.000000	0.000000
1129.999318	__ribosome	0.000000	0.000000	0.000000
1129.999318	bound_ecolipol	1866.000000	0.000000	0.000000
1129.999318	bound_ribosome	100.000000	0.000000	0.000000
1129.999318	ecoli_genome	134.000000	0.000000	0.000000
1129.999318	ecoli_transcript	84846.000000	0.000000	0.000000
1129.999318	ecolipol	43.000000	0.000000	0.000000
1129.999318	gene_A	318.000000	828.000000	0.000000
1129.999318	gene_A*	175.000000	816.000000	0.000000
1129.999318	gene_B	245.000000	823.000000	0.000000
1129.999318	gene_C	172.000000	813.000000	0.001230
1129.999318	gene_D	181.000000	808.000000	0.001238
1129.999318	gene_E	190.000000	803.000000	0.000000
1129.999318	gene_F	96.000000	568.000000	0.000000
1129.999318	gene_G	47.000000	448.000000	0.042411
1129.999318	gene_H	0.000000	310.000000	0.125806
1129.999318	gene_J	143.000000	797.000000	0.050188
1129.999318	gene_K	199.000000	815.000000	0.000000
1129.999318	promoter_A	0.000000	0.000000	0.000000
1129.999318	promoter_B1	0.000000	0.000000	0.000000
1129.999318	promoter_D	0.000000	0.000000	0.000000
1134.999025	__gene_A*_rbs	819.000000	0.000000	0.000000
1134.999025	__gene_A_rbs	832.000000	0.000000	0.000000
1134.999025	__gene_B_rbs	826.000000	0.000000	0.000000
1134.999025	__gene_C_rbs	816.000000	0.000000	0.000000
1134.999025	__gene_D_rbs	811.000000	0.000000	0.000000
1134.999025	__gene_E_rbs	807.000000	0.000000	0.000000
1134.999025	__gene_F_rbs	571.000000	0.000000	0.000000
1134.999025	__gene_G_rbs	451.000000	0.000000	0.000000
1134.999025	__gene_H_rbs	311.000000	0.000000	0.000000
1134.999025	__gene_J_rbs	800.000000	0.000000	0.000000
1134.999025	__gene_K_rbs	818.000000	0.000000	0.000000
1134.999025	__ribosome	0.000000	0.000000	0.000000
1134.999025	bound_ecolipol	1877.000000	0.000000	0.000000
1134.999025	bound_ribosome	100.000000	0.000000	0.000000
1134.999025	ecoli_genome	123.000000	0.000000	0.000000
1134.999025	ecoli_transcript	85220.000000	0.000000	0.000000
1134.999025	ecolipol	32.000000	0.000000	0.000000
1134.999025	gene_A	318.000000	832.000000	0.000000
1134.999025	gene_A*	175.000000	819.000000	0.000000
1134.999025	gene_B	245.000000	826.000000	0.000000
1134.999025	gene_C	172.000000	816.000000	0.001225
1134.999025	gene_D	181.000000	812.000000	0.001232
1134.999025	gene_E	190.000000	807.000000	0.000000
1134.999025	gene_F	96.000000	571.000000	0.000000
1134.999025	gene_G	47.000000	451.000000	0.042129
1134.999025	gene_H	0.000000	311.000000	0.125402
1134.999025	gene_J	143.000000	800.000000	0.050000
1134.999025	gene_K	199.000000	818.000000	0.000000
1134.999025	promoter_A	0.000000	0.000000	0.000000
1134.999025	promoter_B1	0.000000	0.000000	0.000000
1134.999025	promoter_D	0.000000	0.000000	0.000000
1139.999044	__gene_A*_rbs	823.000000	0.000000	0.000000
1139.999044	__gene_A_rbs	835.000000	0.000000	0.000000
1139.999044	__gene_B_rbs	830.000000	0.000000	0.000000
1139.999044	__gene_C_rbs	820.000000	0.000000	0.000000
1139.999044	__gene_D_rbs	815.000000	0.000000	0.000000
1139.999044	__gene_E_rbs	811.000000	0.000000	0.000000
1139.999044	__gene_F_rbs	574.000000	0.000000	0.000000
1139.999044	__gene_G_rbs	453.000000	0.000000	0.000000
1139.999044	__gene_H_rbs	311.000000	0.000000	0.000000
1139.999044	__gene_J_rbs	804.000000	0.000000	0.000000
1139.999044	__gene_K_rbs	822.000000	0.000000	0.000000
1139.999044	__ribosome	0.000000	0.000000	0.000000
1139.999044	bound_ecolipol	1874.000000	0.000000	0.000000
1139.999044	bound_ribosome	100.000000	0.000000	0.000000
1139.999044	ecoli_genome	126.000000	0.000000	0.000000
1139.999044	ecoli_transcript	85580.000000	0.000000	0.000000
1139.999044	ecolipol	33.000000	0.000000	0.000000
1139.999044	gene_A	318.000000	835.000000	0.000000
1139.999044	gene_A*	175.000000	823.000000	0.000000
1139.999044	gene_B	245.000000	830.000000	0.000000
1139.999044	gene_C	173.000000	820.000000	0.001220
1139.999044	gene_D	182.000000	815.000000	0.000000
1139.999044	gene_E	190.000000	811.000000	0.000000
1139.999044	gene_F	96.000000	574.000000	0.000000
1139.999044	gene_G	47.000000	453.000000	0.041943
1139.999044	gene_H	0.000000	311.000000	0.125402
1139.999044	gene_J	143.000000	804.000000	0.049751
1139.999044	gene_K	199.000000	822.000000	0.001217
1139.999044	promoter_A	0.000000	0.000000	0.000000
1139.999044	promoter_B1	0.000000	0.000000	0.000000
1139.999044	promoter_D	0.000000	0.000000	0.000000
1144.999676	__gene_A*_rbs	827.000000	0.000000	0.000000
1144.999676	__gene_A_rbs	839.000000	0.000000	0.000000
1144.999676	__gene_B_rbs	834.000000	0.000000	0.000000
1144.999676	__gene_C_rbs	824.000000	0.000000	0.000000
1144.999676	__gene_D_rbs	819.000000	0.000000	0.000000
1144.999676	__gene_E_rbs	814.000000	0.000000	0.000000
1144.999676	__gene_F_rbs	578.000000	0.000000	0.000000
1144.999676	__gene_G_rbs	456.000000	0.000000	0.000000
1144.999676	__gene_H_rbs	313.000000	0.000000	0.000000
1144.999676	__gene_J_rbs	807.000000	0.000000	0.000000
1144.999676	__gene_K_rbs	825.000000	0.000000	0.000000
1144.999676	__ribosome	0.000000	0.000000	0.000000
1144.999676	bound_ecolipol	1873.000000	0.000000	0.000000
1144.999676	bound_ribosome	100.000000	0.000000	0.000000
1144.999676	ecoli_genome	127.000000	0.000000	0.000000
1144.999676	ecoli_transcript	85947.000000	0.000000	0.000000
1144.999676	ecolipol	32.000000	0.000000	0.000000
1144.999676	gene_A	318.000000	839.000000	0.000000
1144.999676	gene_A*	175.000000	827.000000	0.000000
1144.999676	gene_B	245.000000	834.000000	0.000000
1144.999676	gene_C	174.000000	824.000000	0.000000
1144.999676	gene_D	182.000000	819.000000	0.000000
1144.999676	gene_E	190.000000	814.000000	0.000000
1144.999676	gene_F	96.000000	578.000000	0.000000
1144.999676	gene_G	47.000000	456.000000	0.041667
1144.999676	gene_H	0.000000	313.000000	0.124601
1144.999676	gene_J	143.000000	807.000000	0.050805
1144.999676	gene_K	199.000000	825.000000	0.001212
1144.999676	promoter_A	0.000000	0.000000	0.000000
1144.999676	promoter_B1	0.000000	0.000000	0.000000
1144.999676	promoter_D	0.000000	0.000000	0.000000
1149.999025	__gene_A*_rbs	831.000000	0.000000	0.000000
1149.999025	__gene_A_rbs	842.000000	0.000000	0.000000
1149.999025	__gene_B_rbs	838.000000	0.000000	0.000000
1149.999025	__gene_C_rbs	827.000000	0.000000	0.000000
1149.999025	__gene_D_rbs	823.000000	0.000000	0.000000
1149.999025	__gene_E_rbs	818.000000	0.000000	0.000000
1149.999025	__gene_F_rbs	581.000000	0.000000	0.000000
1149.999025	__gene_G_rbs	457.000000	0.000000	0.000000
1149.999025	__gene_H_rbs	314.000000	0.000000	0.000000
1149.999025	__gene_J_rbs	811.000000	0.000000	0.000000
1149.999025	__gene_K_rbs	829.000000	0.000000	0.000000
1149.999025	__ribosome	0.000000	0.000000	0.000000
1149.999025	bound_ecolipol	1871.000000	0.000000	0.000000
1149.999025	bound_ribosome	100.000000	0.000000	0.000000
1149.999025	ecoli_genome	129.000000	0.000000	0.000000
1149.999025	ecoli_transcript	86329.000000	0.000000	0.000000
1149.999025	ecolipol	35.000000	0.000000	0.000000
1149.999025	gene_A	318.000000	842.000000	0.000000
1149.999025	gene_A*	175.000000	831.000000	0.000000
1149.999025	gene_B	245.000000	838.000000	0.000000
1149.999025	gene_C	174.000000	827.000000	0.000000
1149.999025	gene_D	182.000000	823.000000	0.000000
1149.999025	gene_E	190.000000	818.000000	0.001222
1149.999025	gene_F	96.000000	581.000000	0.000000
1149.999025	gene_G	47.000000	457.000000	0.041575
1149.999025	gene_H	0.000000	314.000000	0.127389
1149.999025	gene_J	144.000000	811.000000	0.049322
1149.999025	gene_K	200.000000	829.000000	0.000000
1149.999025	promoter_A	0.000000	0.000000	0.000000
1149.999025	promoter_B1	0.000000	0.000000	0.000000
1149.999025	promoter_D	0.000000	0.000000	0.000000
1154.999271	__gene_A*_rbs	833.000000	0.000000	0.000000
1154.999271	__gene_A_rbs	846.000000	0.000000	0.000000
1154.999271	__gene_B_rbs	841.000000	0.000000	0.000000
1154.999271	__gene_C_rbs	831.000000	0.000000	0.000000
1154.999271	__gene_D_rbs	826.000000	0.000000	0.000000
1154.999271	__gene_E_rbs	822.000000	0.000000	0.000000
1154.999271	__gene_F_rbs	583.000000	0.000000	0.000000
1154.999271	__gene_G_rbs	459.000000	0.000000	0.000000
1154.999271	__gene_H_rbs	316.000000	0.000000	0.000000
1154.999271	__gene_J_rbs	815.000000	0.000000	0.000000
1154.999271	__gene_K_rbs	833.000000	0.000000	0.000000
1154.999271	__ribosome	0.000000	0.000000	0.000000
1154.999271	bound_ecolipol	1869.000000	0.000000	0.000000
1154.999271	bound_ribosome	100.000000	0.000000	0.000000
1154.999271	ecoli_genome	131.000000	0.000000	0.000000
1154.999271	ecoli_transcript	86704.000000	0.000000	0.000000
1154.999271	ecolipol	37.000000	0.000000	0.000000
1154.999271	gene_A	318.000000	846.000000	0.000000
1154.999271	gene_A*	175.000000	833.000000	0.000000
1154.999271	gene_B	245.000000	841.000000	0.000000
1154.999271	gene_C	174.000000	831.000000	0.000000
1154.999271	gene_D	182.000000	826.000000	0.000000
1154.999271	gene_E	191.000000	822.000000	0.000000
1154.999271	gene_F	96.000000	583.000000	0.001715
1154.999271	gene_G	47.000000	459.000000	0.041394
1154.999271	gene_H	0.000000	316.000000	0.126582
1154.999271	gene_J	144.000000	815.000000	0.049080
1154.999271	gene_K	200.000000	833.000000	0.000000
1154.999271	promoter_A	0.000000	0.000000	0.000000
1154.999271	promoter_B1	0.000000	0.000000	0.000000
1154.999271	promoter_D	0.000000	0.000000	0.000000
1159.999015	__gene_A*_rbs	837.000000	0.000000	0.000000
1159.999015	__gene_A_rbs	849.000000	0.000000	0.000000
1159.999015	__gene_B_rbs	845.000000	0.000000	0.000000
1159.999015	__gene_C_rbs	835.000000	0.000000	0.000000
1159.999015	__gene_D_rbs	830.000000	0.000000	0.000000
1159.999015	__gene_E_rbs	825.000000	0.000000	0.000000
1159.999015	__gene_F_rbs	586.000000	0.000000	0.000000
1159.999015	__gene_G_rbs	462.000000	0.000000	0.000000
1159.999015	__gene_H_rbs	317.000000	0.000000	0.000000
1159.999015	__gene_J_rbs	818.000000	0.000000	0.000000
1159.999015	__gene_K_rbs	837.000000	0.000000	0.000000
1159.999015	__ribosome	0.000000	0.000000	0.000000
1159.999015	bound_ecolipol	1864.000000	0.000000	0.000000
1159.999015	bound_ribosome	100.000000	0.000000	0.000000
1159.999015	ecoli_genome	136.000000	0.000000	0.000000
1159.999015	ecoli_transcript	87090.000000	0.000000	0.000000
1159.999015	ecolipol	41.000000	0.000000	0.000000
1159.999015	gene_A	318.000000	849.000000	0.000000
1159.999015	gene_A*	175.000000	837.000000	0.000000
1159.999015	gene_B	245.000000	845.000000	0.000000
1159.999015	gene_C	174.000000	835.000000	0.000000
1159.999015	gene_D	182.000000	830.000000	0.000000
1159.999015	gene_E	191.000000	825.000000	0.000000
1159.999015	gene_F	96.000000	586.000000	0.001706
1159.999015	gene_G	47.000000	462.000000	0.041126
1159.999015	gene_H	0.000000	317.000000	0.126183
1159.999015	gene_J	144.000000	818.000000	0.048900
1159.999015	gene_K	200.000000	837.000000	0.000000
1159.999015	promoter_A	0.000000	0.000000	0.000000
1159.999015	promoter_B1	0.000000	0.000000	0.000000
1159.999015	promoter_D	0.000000	0.000000	0.000000
1164.999017	__gene_A*_rbs	841.000000	0.000000	0.000000
1164.999017	__gene_A_rbs	853.000000	0.000000	0.000000
1164.999017	__gene_B_rbs	848.000000	0.000000	0.000000
1164.999017	__gene_C_rbs	839.000000	0.000000	0.000000
1164.999017	__gene_D_rbs	834.000000	0.000000	0.000000
1164.999017	__gene_E_rbs	829.000000	0.000000	0.000000
1164.999017	__gene_F_rbs	589.000000	0.000000	0.000000
1164.999017	__gene_G_rbs	465.000000	0.000000	0.000000
1164.999017	__gene_H_rbs	318.000000	0.000000	0.000000
1164.999017	__gene_J_rbs	822.000000	0.000000	0.000000
1164.999017	__gene_K_rbs	840.000000	0.000000	0.000000
1164.999017	__ribosome	0.000000	0.000000	0.000000
1164.999017	bound_ecolipol	1867.000000	0.000000	0.000000
1164.999017	bound_ribosome	100.000000	0.000000	0.000000
1164.999017	ecoli_genome	133.000000	0.000000	0.000000
1164.999017	ecoli_transcript	87480.000000	0.000000	0.000000
1164.999017	ecolipol	35.000000	0.000000	0.000000
1164.999017	gene_A	318.000000	853.000000	0.000000
1164.999017	gene_A*	175.000000	841.000000	0.000000
1164.999017	gene_B	245.000000	848.000000	0.000000
1164.999017	gene_C	174.000000	839.000000	0.000000
1164.999017	gene_D	182.000000	834.000000	0.000000
1164.999017	gene_E	191.000000	829.000000	0.000000
1164.999017	gene_F	96.000000	589.000000	0.001698
1164.999017	gene_G	47.000000	465.000000	0.040860
1164.999017	gene_H	0.000000	318.000000	0.125786
1164.999017	gene_J	144.000000	822.000000	0.048662
1164.999017	gene_K	200.000000	840.000000	0.000000
1164.999017	promoter_A	0.000000	0.000000	0.000000
1164.999017	promoter_B1	0.000000	0.000000	0.000000
1164.999017	promoter_D	0.000000	0.000000	0.000000
1169.999172	__gene_A*_rbs	845.000000	0.000000	0.000000
1169.999172	__gene_A_rbs	857.000000	0.000000	0.000000
1169.999172	__gene_B_rbs	851.000000	0.000000	0.000000
1169.999172	__gene_C_rbs	842.000000	0.000000	0.000000
1169.999172	__gene_D_rbs	837.000000	0.000000	0.000000
1169.999172	__gene_E_rbs	833.000000	0.000000	0.000000
1169.999172	__gene_F_rbs	593.000000	0.000000	0.000000
1169.999172	__gene_G_rbs	468.000000	0.000000	0.000000
1169.999172	__gene_H_rbs	320.000000	0.000000	0.000000
1169.999172	__gene_J_rbs	826.000000	0.000000	0.000000
1169.999172	__gene_K_rbs	844.000000	0.000000	0.000000
1169.999172	__ribosome	0.000000	0.000000	0.000000
1169.999172	bound_ecolipol	1861.000000	0.000000	0.000000
1169.999172	bound_ribosome	100.000000	0.000000	0.000000
1169.999172	ecoli_genome	139.000000	0.000000	0.000000
1169.999172	ecoli_transcript	87845.000000	0.000000	0.000000
1169.999172	ecolipol	38.000000	0.000000	0.000000
1169.999172	gene_A	318.000000	857.000000	0.000000
1169.999172	gene_A*	175.000000	845.000000	0.000000
1169.999172	gene_B	245.000000	851.000000	0.000000
1169.999172	gene_C	174.000000	842.000000	0.000000
1169.999172	gene_D	182.000000	837.000000	0.000000
1169.999172	gene_E	191.000000	833.000000	0.000000
1169.999172	gene_F	96.000000	593.000000	0.001686
1169.999172	gene_G	47.000000	468.000000	0.040598
1169.999172	gene_H	0.000000	320.000000	0.125000
1169.999172	gene_J	144.000000	826.000000	0.048426
1169.999172	gene_K	200.000000	844.000000	0.000000
1169.999172	promoter_A	0.000000	0.000000	0.000000
1169.999172	promoter_B1	0.000000	0.000000	0.000000
1169.999172	promoter_D	0.000000	0.000000	0.000000
1174.999065	__gene_A*_rbs	848.000000	0.000000	0.000000
1174.999065	__gene_A_rbs	861.000000	0.000000	0.000000
1174.999065	__gene_B_rbs	855.000000	0.000000	0.000000
1174.999065	__gene_C_rbs	845.000000	0.000000	0.000000
1174.999065	__gene_D_rbs	841.000000	0.000000	0.000000
1174.999065	__gene_E_rbs	836.000000	0.000000	0.000000
1174.999065	__gene_F_rbs	597.000000	0.000000	0.000000
1174.999065	__gene_G_rbs	471.000000	0.000000	0.000000
1174.999065	__gene_H_rbs	323.000000	0.000000	0.000000
1174.999065	__gene_J_rbs	830.000000	0.000000	0.000000
1174.999065	__gene_K_rbs	847.000000	0.000000	0.000000
1174.999065	__ribosome	0.000000	0.000000	0.000000
1174.999065	bound_ecolipol	1855.000000	0.000000	0.000000
1174.999065	bound_ribosome	100.000000	0.000000	0.000000
1174.999065	ecoli_genome	145.000000	0.000000	0.000000
1174.999065	ecoli_transcript	88203.000000	0.000000	0.000000
1174.999065	ecolipol	42.000000	0.000000	0.000000
1174.999065	gene_A	318.000000	861.000000	0.000000
1174.999065	gene_A*	175.000000	848.000000	0.000000
1174.999065	gene_B	245.000000	855.000000	0.000000
1174.999065	gene_C	174.000000	845.000000	0.000000
1174.999065	gene_D	182.000000	841.000000	0.000000
1174.999065	gene_E	191.000000	836.000000	0.000000
1174.999065	gene_F	96.000000	597.000000	0.001675
1174.999065	gene_G	47.000000	471.000000	0.040340
1174.999065	gene_H	0.000000	323.000000	0.123839
1174.999065	gene_J	144.000000	830.000000	0.048193
1174.999065	gene_K	200.000000	847.000000	0.000000
1174.999065	promoter_A	0.000000	0.000000	0.000000
1174.999065	promoter_B1	0.000000	0.000000	0.000000
1174.999065	promoter_D	0.000000	0.000000	0.000000
1179.999273	__gene_A*_rbs	852.000000	0.000000	0.000000
1179.999273	__gene_A_rbs	865.000000	0.000000	0.000000
1179.999273	__gene_B_rbs	859.000000	0.000000	0.000000
1179.999273	__gene_C_rbs	848.000000	0.000000	0.000000
1179.999273	__gene_D_rbs	845.000000	0.000000	0.000000
1179.999273	__gene_E_rbs	840.000000	0.000000	0.000000
1179.999273	__gene_F_rbs	601.000000	0.000000	0.000000
1179.999273	__gene_G_rbs	473.000000	0.000000	0.000000
1179.999273	__gene_H_rbs	324.000000	0.000000	0.000000
1179.999273	__gene_J_rbs	833.000000	0.000000	0.000000
1179.999273	__gene_K_rbs	851.000000	0.000000	0.000000
1179.999273	__ribosome	0.000000	0.000000	0.000000
1179.999273	bound_ecolipol	1866.000000	0.000000	0.000000
1179.999273	bound_ribosome	100.000000	0.000000	0.000000
1179.999273	ecoli_genome	134.000000	0.000000	0.000000
1179.999273	ecoli_transcript	88614.000000	0.000000	0.000000
1179.999273	ecolipol	30.000000	0.000000	0.000000
1179.999273	gene_A	318.000000	865.000000	0.000000
1179.999273	gene_A*	175.000000	852.000000	0.000000
1179.999273	gene_B	245.000000	859.000000	0.000000
1179.999273	gene_C	174.000000	848.000000	0.000000
1179.999273	gene_D	182.000000	845.000000	0.000000
1179.999273	gene_E	191.000000	840.000000	0.000000
1179.999273	gene_F	96.000000	601.000000	0.001664
1179.999273	gene_G	47.000000	473.000000	0.040169
1179.999273	gene_H	0.000000	324.000000	0.123457
1179.999273	gene_J	144.000000	833.000000	0.048019
1179.999273	gene_K	200.000000	851.000000	0.000000
1179.999273	promoter_A	0.000000	0.000000	0.000000
1179.999273	promoter_B1	0.000000	0.000000	0.000000
1179.999273	promoter_D	0.000000	0.000000	0.000000
1184.999077	__gene_A*_rbs	856.000000	0.000000	0.000000
1184.999077	__gene_A_rbs	869.000000	0.000000	0.000000
1184.999077	__gene_B_rbs	862.000000	0.000000	0.000000
1184.999077	__gene_C_rbs	852.000000	0.000000	0.000000
1184.999077	__gene_D_rbs	849.000000	0.000000	0.000000
1184.999077	__gene_E_rbs	844.000000	0.000000	0.000000
1184.999077	__gene_F_rbs	604.000000	0.000000	0.000000
1184.999077	__gene_G_rbs	475.000000	0.000000	0.000000
1184.999077	__gene_H_rbs	327.000000	0.000000	0.000000
1184.999077	__gene_J_rbs	837.000000	0.000000	0.000000
1184.999077	__gene_K_rbs	854.000000	0.000000	0.000000
1184.999077	__ribosome	0.000000	0.000000	0.000000
1184.999077	bound_ecolipol	1854.000000	0.000000	0.000000
1184.999077	bound_ribosome	100.000000	0.000000	0.000000
1184.999077	ecoli_genome	146.000000	0.000000	0.000000
1184.999077	ecoli_transcript	88982.000000	0.000000	0.000000
1184.999077	ecolipol	44.000000	0.000000	0.000000
1184.999077	gene_A	318.000000	869.000000	0.000000
1184.999077	gene_A*	175.000000	856.000000	0.000000
1184.999077	gene_B	245.000000	862.000000	0.000000
1184.999077	gene_C	174.000000	852.000000	0.000000
1184.999077	gene_D	182.000000	849.000000	0.000000
1184.999077	gene_E	191.000000	844.000000	0.000000
1184.999077	gene_F	96.000000	604.000000	0.001656
1184.999077	gene_G	47.000000	475.000000	0.040000
1184.999077	gene_H	0.000000	327.000000	0.122324
1184.999077	gene_J	144.000000	837.000000	0.047790
1184.999077	gene_K	200.000000	854.000000	0.000000
1184.999077	promoter_A	0.000000	0.000000	0.000000
1184.999077	promoter_B1	0.000000	0.000000	0.000000
1184.999077	promoter_D	0.000000	0.000000	0.000000
1189.999262	__gene_A*_rbs	859.000000	0.000000	0.000000
1189.999262	__gene_A_rbs	872.000000	0.000000	0.000000
1189.999262	__gene_B_rbs	866.000000	0.000000	0.000000
1189.999262	__gene_C_rbs	855.000000	0.000000	0.000000
1189.999262	__gene_D_rbs	852.000000	0.000000	0.000000
1189.999262	__gene_E_rbs	848.000000	0.000000	0.000000
1189.999262	__gene_F_rbs	606.000000	0.000000	0.000000
1189.999262	__gene_G_rbs	478.000000	0.000000	0.000000
1189.999262	__gene_H_rbs	328.000000	0.000000	0.000000
1189.999262	__gene_J_rbs	841.000000	0.000000	0.000000
1189.999262	__gene_K_rbs	857.000000	0.000000	0.000000
1189.999262	__ribosome	0.000000	0.000000	0.000000
1189.999262	bound_ecolipol	1859.000000	0.000000	0.000000
1189.999262	bound_ribosome	100.000000	0.000000	0.000000
1189.999262	ecoli_genome	141.000000	0.000000	0.000000
1189.999262	ecoli_transcript	89318.000000	0.000000	0.000000
1189.999262	ecolipol	39.000000	0.000000	0.000000
1189.999262	gene_A	318.000000	872.000000	0.000000
1189.999262	gene_A*	175.000000	859.000000	0.000000
1189.999262	gene_B	245.000000	866.000000	0.000000
1189.999262	gene_C	174.000000	855.000000	0.000000
1189.999262	gene_D	182.000000	852.000000	0.000000
1189.999262	gene_E	191.000000	848.000000	0.000000
1189.999262	gene_F	96.000000	606.000000	0.001650
1189.999262	gene_G	47.000000	478.000000	0.039749
1189.999262	gene_H	0.000000	328.000000	0.121951
1189.999262	gene_J	144.000000	841.000000	0.047562
1189.999262	gene_K	200.000000	857.000000	0.000000
1189.999262	promoter_A	0.000000	0.000000	0.000000
1189.999262	promoter_B1	0.000000	0.000000	0.000000
1189.999262	promoter_D	0.000000	0.000000	0.000000
1194.999099	__gene_A*_rbs	863.000000	0.000000	0.000000
1194.999099	__gene_A_rbs	876.000000	0.000000	0.000000
1194.999099	__gene_B_rbs	869.000000	0.000000	0.000000
1194.999099	__gene_C_rbs	859.000000	0.000000	0.000000
1194.999099	__gene_D_rbs	856.000000	0.000000	0.000000
1194.999099	__gene_E_rbs	852.000000	0.000000	0.000000
1194.999099	__gene_F_rbs	608.000000	0.000000	0.000000
1194.999099	__gene_G_rbs	481.000000	0.000000	0.000000
1194.999099	__gene_H_rbs	331.000000	0.000000	0.000000
1194.999099	__gene_J_rbs	845.000000	0.000000	0.000000
1194.999099	__gene_K_rbs	861.000000	0.000000	0.000000
1194.999099	__ribosome	0.000000	0.000000	0.000000
1194.999099	bound_ecolipol	1858.000000	0.000000	0.000000
1194.999099	bound_ribosome	100.000000	0.000000	0.000000
1194.999099	ecoli_genome	142.000000	0.000000	0.000000
1194.999099	ecoli_transcript	89694.000000	0.000000	0.000000
1194.999099	ecolipol	38.000000	0.000000	0.000000
1194.999099	gene_A	318.000000	876.000000	0.000000
1194.999099	gene_A*	175.000000	863.000000	0.000000
1194.999099	gene_B	245.000000	869.000000	0.000000
1194.999099	gene_C	174.000000	859.000000	0.000000
1194.999099	gene_D	182.000000	856.000000	0.000000
1194.999099	gene_E	191.000000	852.000000	0.000000
1194.999099	gene_F	96.000000	608.000000	0.001645
1194.999099	gene_G	47.000000	481.000000	0.039501
1194.999099	gene_H	0.000000	331.000000	0.120846
1194.999099	gene_J	144.000000	845.000000	0.047337
1194.999099	gene_K	200.000000	861.000000	0.000000
1194.999099	promoter_A	0.000000	0.000000	0.000000
1194.999099	promoter_B1	0.000000	0.000000	0.000000
1194.999099	promoter_D	0.000000	0.000000	0.000000
1199.999134	__gene_A*_rbs	867.000000	0.000000	0.000000
1199.999134	__gene_A_rbs	880.000000	0.000000	0.000000
1199.999134	__gene_B_rbs	873.000000	0.000000	0.000000
1199.999134	__gene_C_rbs	863.000000	0.000000	0.000000
1199.999134	__gene_D_rbs	859.000000	0.000000	0.000000
1199.999134	__gene_E_rbs	855.000000	0.000000	0.000000
1199.999134	__gene_F_rbs	610.000000	0.000000	0.000000
1199.999134	__gene_G_rbs	483.000000	0.000000	0.000000
1199.999134	__gene_H_rbs	333.000000	0.000000	0.000000
1199.999134	__gene_J_rbs	848.000000	0.000000	0.000000
1199.999134	__gene_K_rbs	865.000000	0.000000	0.000000
1199.999134	__ribosome	0.000000	0.000000	0.000000
1199.999134	bound_ecolipol	1863.000000	0.000000	0.000000
1199.999134	bound_ribosome	100.000000	0.000000	0.000000
1199.999134	ecoli_genome	137.000000	0.000000	0.000000
1199.999134	ecoli_transcript	90079.000000	0.000000	0.000000
1199.999134	ecolipol	39.000000	0.000000	0.000000
1199.999134	gene_A	318.000000	880.000000	0.000000
1199.999134	gene_A*	175.000000	867.000000	0.000000
1199.999134	gene_B	245.000000	873.000000	0.001145
1199.999134	gene_C	174.000000	863.000000	0.000000
1199.999134	gene_D	182.000000	859.000000	0.000000
1199.999134	gene_E	191.000000	855.000000	0.000000
1199.999134	gene_F	97.000000	610.000000	0.000000
1199.999134	gene_G	47.000000	483.000000	0.039337
1199.999134	gene_H	0.000000	333.000000	0.120120
1199.999134	gene_J	144.000000	848.000000	0.047170
1199.999134	gene_K	200.000000	865.000000	0.000000
1199.999134	promoter_A	0.000000	0.000000	0.000000
1199.999134	promoter_B1	0.000000	0.000000	0.000000
1199.999134	promoter_D	0.000000	0.000000	0.000000
