time	species	protein	transcript	ribo_density
0.000000	__gene_A*_rbs	0.000000	0.000000	0.000000
0.000000	__gene_A_rbs	0.000000	0.000000	0.000000
0.000000	__gene_B_rbs	0.000000	0.000000	0.000000
0.000000	__gene_C_rbs	0.000000	0.000000	0.000000
0.000000	__gene_D_rbs	0.000000	0.000000	0.000000
0.000000	__gene_E_rbs	0.000000	0.000000	0.000000
0.000000	__gene_F_rbs	0.000000	0.000000	0.000000
0.000000	__gene_G_rbs	0.000000	0.000000	0.000000
0.000000	__gene_H_rbs	0.000000	0.000000	0.000000
0.000000	__gene_J_rbs	0.000000	0.000000	0.000000
0.000000	__gene_K_rbs	0.000000	0.000000	0.000000
0.000000	__ribosome	100.000000	0.000000	0.000000
0.000000	bound_ecolipol	2000.000000	0.000000	0.000000
0.000000	bound_ribosome	100.000000	0.000000	0.000000
0.000000	ecoli_genome	0.000000	0.000000	0.000000
0.000000	ecoli_transcript	0.000000	0.000000	0.000000
0.000000	ecolipol	0.000000	0.000000	0.000000
0.000000	promoter_A	1.000000	0.000000	0.000000
0.000000	promoter_B1	1.000000	0.000000	0.000000
0.000000	promoter_D	1.000000	0.000000	0.000000
5.000736	__gene_A*_rbs	0.000000	0.000000	0.000000
5.000736	__gene_A_rbs	0.000000	0.000000	0.000000
5.000736	__gene_B_rbs	0.000000	0.000000	0.000000
5.000736	__gene_C_rbs	0.000000	0.000000	0.000000
5.000736	__gene_D_rbs	1.000000	0.000000	0.000000
5.000736	__gene_E_rbs	0.000000	0.000000	0.000000
5.000736	__gene_F_rbs	0.000000	0.000000	0.000000
5.000736	__gene_G_rbs	0.000000	0.000000	0.000000
5.000736	__gene_H_rbs	0.000000	0.000000	0.000000
5.000736	__gene_J_rbs	0.000000	0.000000	0.000000
5.000736	__gene_K_rbs	0.000000	0.000000	0.000000
5.000736	__ribosome	93.000000	0.000000	0.000000
5.000736	bound_ecolipol	1926.000000	0.000000	0.000000
5.000736	bound_ribosome	100.000000	0.000000	0.000000
5.000736	ecoli_genome	74.000000	0.000000	0.000000
5.000736	ecoli_transcript	410.000000	0.000000	0.000000
5.000736	ecolipol	66.000000	0.000000	0.000000
5.000736	gene_D	0.000000	3.000000	2.333333
5.000736	promoter_A	1.000000	0.000000	0.000000
5.000736	promoter_B1	0.000000	0.000000	0.000000
5.000736	promoter_D	0.000000	0.000000	0.000000
9.999635	__gene_A*_rbs	0.000000	0.000000	0.000000
9.999635	__gene_A_rbs	0.000000	0.000000	0.000000
9.999635	__gene_B_rbs	3.000000	0.000000	0.000000
9.999635	__gene_C_rbs	0.000000	0.000000	0.000000
9.999635	__gene_D_rbs	4.000000	0.000000	0.000000
9.999635	__gene_E_rbs	0.000000	0.000000	0.000000
9.999635	__gene_F_rbs	0.000000	0.000000	0.000000
9.999635	__gene_G_rbs	0.000000	0.000000	0.000000
9.999635	__gene_H_rbs	0.000000	0.000000	0.000000
9.999635	__gene_J_rbs	0.000000	0.000000	0.000000
9.999635	__gene_K_rbs	0.000000	0.000000	0.000000
9.999635	__ribosome	63.000000	0.000000	0.000000
9.999635	bound_ecolipol	1931.000000	0.000000	0.000000
9.999635	bound_ribosome	100.000000	0.000000	0.000000
9.999635	ecoli_genome	69.000000	0.000000	0.000000
9.999635	ecoli_transcript	790.000000	0.000000	0.000000
9.999635	ecolipol	53.000000	0.000000	0.000000
9.999635	gene_B	0.000000	3.000000	1.000000
9.999635	gene_D	0.000000	7.000000	4.142857
9.999635	gene_E	0.000000	3.000000	1.666667
9.999635	promoter_A	1.000000	0.000000	0.000000
9.999635	promoter_B1	0.000000	0.000000	0.000000
9.999635	promoter_D	0.000000	0.000000	0.000000
14.999846	__gene_A*_rbs	0.000000	0.000000	0.000000
14.999846	__gene_A_rbs	0.000000	0.000000	0.000000
14.999846	__gene_B_rbs	5.000000	0.000000	0.000000
14.999846	__gene_C_rbs	0.000000	0.000000	0.000000
14.999846	__gene_D_rbs	10.000000	0.000000	0.000000
14.999846	__gene_E_rbs	5.000000	0.000000	0.000000
14.999846	__gene_F_rbs	0.000000	0.000000	0.000000
14.999846	__gene_G_rbs	0.000000	0.000000	0.000000
14.999846	__gene_H_rbs	0.000000	0.000000	0.000000
14.999846	__gene_J_rbs	1.000000	0.000000	0.000000
14.999846	__gene_K_rbs	0.000000	0.000000	0.000000
14.999846	__ribosome	26.000000	0.000000	0.000000
14.999846	bound_ecolipol	1924.000000	0.000000	0.000000
14.999846	bound_ribosome	100.000000	0.000000	0.000000
14.999846	ecoli_genome	76.000000	0.000000	0.000000
14.999846	ecoli_transcript	1183.000000	0.000000	0.000000
14.999846	ecolipol	53.000000	0.000000	0.000000
14.999846	gene_B	0.000000	6.000000	1.833333
14.999846	gene_D	0.000000	11.000000	4.909091
14.999846	gene_E	0.000000	7.000000	1.285714
14.999846	gene_J	0.000000	1.000000	0.000000
14.999846	promoter_A	1.000000	0.000000	0.000000
14.999846	promoter_B1	0.000000	0.000000	0.000000
14.999846	promoter_D	0.000000	0.000000	0.000000
19.999091	__gene_A*_rbs	0.000000	0.000000	0.000000
19.999091	__gene_A_rbs	0.000000	0.000000	0.000000
19.999091	__gene_B_rbs	10.000000	0.000000	0.000000
19.999091	__gene_C_rbs	1.000000	0.000000	0.000000
19.999091	__gene_D_rbs	14.000000	0.000000	0.000000
19.999091	__gene_E_rbs	5.000000	0.000000	0.000000
19.999091	__gene_F_rbs	1.000000	0.000000	0.000000
19.999091	__gene_G_rbs	0.000000	0.000000	0.000000
19.999091	__gene_H_rbs	0.000000	0.000000	0.000000
19.999091	__gene_J_rbs	4.000000	0.000000	0.000000
19.999091	__gene_K_rbs	2.000000	0.000000	0.000000
19.999091	__ribosome	9.000000	0.000000	0.000000
19.999091	bound_ecolipol	1910.000000	0.000000	0.000000
19.999091	bound_ribosome	100.000000	0.000000	0.000000
19.999091	ecoli_genome	90.000000	0.000000	0.000000
19.999091	ecoli_transcript	1549.000000	0.000000	0.000000
19.999091	ecolipol	59.000000	0.000000	0.000000
19.999091	gene_B	1.000000	10.000000	1.500000
19.999091	gene_C	0.000000	1.000000	0.000000
19.999091	gene_D	4.000000	15.000000	4.200000
19.999091	gene_E	5.000000	10.000000	1.200000
19.999091	gene_F	0.000000	1.000000	1.000000
19.999091	gene_J	0.000000	4.000000	0.000000
19.999091	gene_K	0.000000	2.000000	0.000000
19.999091	promoter_A	1.000000	0.000000	0.000000
19.999091	promoter_B1	0.000000	0.000000	0.000000
19.999091	promoter_D	0.000000	0.000000	0.000000
24.999703	__gene_A*_rbs	0.000000	0.000000	0.000000
24.999703	__gene_A_rbs	1.000000	0.000000	0.000000
24.999703	__gene_B_rbs	11.000000	0.000000	0.000000
24.999703	__gene_C_rbs	3.000000	0.000000	0.000000
24.999703	__gene_D_rbs	17.000000	0.000000	0.000000
24.999703	__gene_E_rbs	13.000000	0.000000	0.000000
24.999703	__gene_F_rbs	3.000000	0.000000	0.000000
24.999703	__gene_G_rbs	0.000000	0.000000	0.000000
24.999703	__gene_H_rbs	0.000000	0.000000	0.000000
24.999703	__gene_J_rbs	7.000000	0.000000	0.000000
24.999703	__gene_K_rbs	5.000000	0.000000	0.000000
24.999703	__ribosome	6.000000	0.000000	0.000000
24.999703	bound_ecolipol	1901.000000	0.000000	0.000000
24.999703	bound_ribosome	100.000000	0.000000	0.000000
24.999703	ecoli_genome	99.000000	0.000000	0.000000
24.999703	ecoli_transcript	1959.000000	0.000000	0.000000
24.999703	ecolipol	64.000000	0.000000	0.000000
24.999703	gene_A	0.000000	1.000000	0.000000
24.999703	gene_B	8.000000	13.000000	1.461538
24.999703	gene_C	0.000000	4.000000	0.750000
24.999703	gene_D	25.000000	18.000000	2.888889
24.999703	gene_E	9.000000	15.000000	0.866667
24.999703	gene_F	0.000000	3.000000	1.000000
24.999703	gene_J	0.000000	8.000000	0.125000
24.999703	gene_K	0.000000	6.000000	0.500000
24.999703	promoter_A	0.000000	0.000000	0.000000
24.999703	promoter_B1	0.000000	0.000000	0.000000
24.999703	promoter_D	0.000000	0.000000	0.000000
30.000156	__gene_A*_rbs	0.000000	0.000000	0.000000
30.000156	__gene_A_rbs	2.000000	0.000000	0.000000
30.000156	__gene_B_rbs	16.000000	0.000000	0.000000
30.000156	__gene_C_rbs	7.000000	0.000000	0.000000
30.000156	__gene_D_rbs	21.000000	0.000000	0.000000
30.000156	__gene_E_rbs	16.000000	0.000000	0.000000
30.000156	__gene_F_rbs	5.000000	0.000000	0.000000
30.000156	__gene_G_rbs	0.000000	0.000000	0.000000
30.000156	__gene_H_rbs	0.000000	0.000000	0.000000
30.000156	__gene_J_rbs	8.000000	0.000000	0.000000
30.000156	__gene_K_rbs	9.000000	0.000000	0.000000
30.000156	__ribosome	9.000000	0.000000	0.000000
30.000156	bound_ecolipol	1913.000000	0.000000	0.000000
30.000156	bound_ribosome	100.000000	0.000000	0.000000
30.000156	ecoli_genome	87.000000	0.000000	0.000000
30.000156	ecoli_transcript	2306.000000	0.000000	0.000000
30.000156	ecolipol	48.000000	0.000000	0.000000
30.000156	gene_A	0.000000	2.000000	0.500000
30.000156	gene_B	15.000000	17.000000	1.117647
30.000156	gene_C	0.000000	7.000000	1.000000
30.000156	gene_D	50.000000	21.000000	1.714286
30.000156	gene_E	17.000000	18.000000	0.666667
30.000156	gene_F	0.000000	5.000000	1.400000
30.000156	gene_J	1.000000	12.000000	0.500000
30.000156	gene_K	2.000000	9.000000	0.333333
30.000156	promoter_A	1.000000	0.000000	0.000000
30.000156	promoter_B1	0.000000	0.000000	0.000000
30.000156	promoter_D	0.000000	0.000000	0.000000
34.999456	__gene_A*_rbs	0.000000	0.000000	0.000000
34.999456	__gene_A_rbs	3.000000	0.000000	0.000000
34.999456	__gene_B_rbs	18.000000	0.000000	0.000000
34.999456	__gene_C_rbs	11.000000	0.000000	0.000000
34.999456	__gene_D_rbs	23.000000	0.000000	0.000000
34.999456	__gene_E_rbs	14.000000	0.000000	0.000000
34.999456	__gene_F_rbs	6.000000	0.000000	0.000000
34.999456	__gene_G_rbs	0.000000	0.000000	0.000000
34.999456	__gene_H_rbs	0.000000	0.000000	0.000000
34.999456	__gene_J_rbs	14.000000	0.000000	0.000000
34.999456	__gene_K_rbs	11.000000	0.000000	0.000000
34.999456	__ribosome	8.000000	0.000000	0.000000
34.999456	bound_ecolipol	1909.000000	0.000000	0.000000
34.999456	bound_ribosome	100.000000	0.000000	0.000000
34.999456	ecoli_genome	91.000000	0.000000	0.000000
34.999456	ecoli_transcript	2702.000000	0.000000	0.000000
34.999456	ecolipol	49.000000	0.000000	0.000000
34.999456	gene_A	0.000000	3.000000	0.333333
34.999456	gene_B	24.000000	20.000000	1.050000
34.999456	gene_C	3.000000	11.000000	0.454545
34.999456	gene_D	66.000000	25.000000	1.280000
34.999456	gene_E	25.000000	21.000000	0.523810
34.999456	gene_F	0.000000	6.000000	1.333333
34.999456	gene_J	4.000000	15.000000	0.666667
34.999456	gene_K	5.000000	12.000000	0.333333
34.999456	promoter_A	1.000000	0.000000	0.000000
34.999456	promoter_B1	0.000000	0.000000	0.000000
34.999456	promoter_D	0.000000	0.000000	0.000000
39.999234	__gene_A*_rbs	1.000000	0.000000	0.000000
39.999234	__gene_A_rbs	4.000000	0.000000	0.000000
39.999234	__gene_B_rbs	23.000000	0.000000	0.000000
39.999234	__gene_C_rbs	12.000000	0.000000	0.000000
39.999234	__gene_D_rbs	26.000000	0.000000	0.000000
39.999234	__gene_E_rbs	22.000000	0.000000	0.000000
39.999234	__gene_F_rbs	8.000000	0.000000	0.000000
39.999234	__gene_G_rbs	0.000000	0.000000	0.000000
39.999234	__gene_H_rbs	0.000000	0.000000	0.000000
39.999234	__gene_J_rbs	16.000000	0.000000	0.000000
39.999234	__gene_K_rbs	14.000000	0.000000	0.000000
39.999234	__ribosome	2.000000	0.000000	0.000000
39.999234	bound_ecolipol	1902.000000	0.000000	0.000000
39.999234	bound_ribosome	100.000000	0.000000	0.000000
39.999234	ecoli_genome	98.000000	0.000000	0.000000
39.999234	ecoli_transcript	3088.000000	0.000000	0.000000
39.999234	ecolipol	51.000000	0.000000	0.000000
39.999234	gene_A	0.000000	4.000000	0.750000
39.999234	gene_A*	0.000000	1.000000	0.000000
39.999234	gene_B	29.000000	24.000000	0.750000
39.999234	gene_C	7.000000	14.000000	0.357143
39.999234	gene_D	77.000000	29.000000	0.965517
39.999234	gene_E	29.000000	25.000000	0.520000
39.999234	gene_F	0.000000	10.000000	1.200000
39.999234	gene_J	8.000000	19.000000	0.684211
39.999234	gene_K	8.000000	16.000000	0.375000
39.999234	promoter_A	1.000000	0.000000	0.000000
39.999234	promoter_B1	0.000000	0.000000	0.000000
39.999234	promoter_D	0.000000	0.000000	0.000000
44.999021	__gene_A*_rbs	2.000000	0.000000	0.000000
44.999021	__gene_A_rbs	4.000000	0.000000	0.000000
44.999021	__gene_B_rbs	26.000000	0.000000	0.000000
44.999021	__gene_C_rbs	18.000000	0.000000	0.000000
44.999021	__gene_D_rbs	31.000000	0.000000	0.000000
44.999021	__gene_E_rbs	27.000000	0.000000	0.000000
44.999021	__gene_F_rbs	13.000000	0.000000	0.000000
44.999021	__gene_G_rbs	0.000000	0.000000	0.000000
44.999021	__gene_H_rbs	0.000000	0.000000	0.000000
44.999021	__gene_J_rbs	18.000000	0.000000	0.000000
44.999021	__gene_K_rbs	20.000000	0.000000	0.000000
44.999021	__ribosome	4.000000	0.000000	0.000000
44.999021	bound_ecolipol	1900.000000	0.000000	0.000000
44.999021	bound_ribosome	100.000000	0.000000	0.000000
44.999021	ecoli_genome	100.000000	0.000000	0.000000
44.999021	ecoli_transcript	3478.000000	0.000000	0.000000
44.999021	ecolipol	49.000000	0.000000	0.000000
44.999021	gene_A	0.000000	4.000000	0.750000
44.999021	gene_A*	0.000000	2.000000	0.000000
44.999021	gene_B	40.000000	27.000000	0.444444
44.999021	gene_C	9.000000	18.000000	0.444444
44.999021	gene_D	83.000000	32.000000	1.062500
44.999021	gene_E	37.000000	29.000000	0.241379
44.999021	gene_F	0.000000	13.000000	1.000000
44.999021	gene_J	12.000000	22.000000	0.636364
44.999021	gene_K	13.000000	20.000000	0.250000
44.999021	promoter_A	0.000000	0.000000	0.000000
44.999021	promoter_B1	0.000000	0.000000	0.000000
44.999021	promoter_D	0.000000	0.000000	0.000000
49.999189	__gene_A*_rbs	3.000000	0.000000	0.000000
49.999189	__gene_A_rbs	6.000000	0.000000	0.000000
49.999189	__gene_B_rbs	31.000000	0.000000	0.000000
49.999189	__gene_C_rbs	21.000000	0.000000	0.000000
49.999189	__gene_D_rbs	34.000000	0.000000	0.000000
49.999189	__gene_E_rbs	31.000000	0.000000	0.000000
49.999189	__gene_F_rbs	16.000000	0.000000	0.000000
49.999189	__gene_G_rbs	0.000000	0.000000	0.000000
49.999189	__gene_H_rbs	0.000000	0.000000	0.000000
49.999189	__gene_J_rbs	25.000000	0.000000	0.000000
49.999189	__gene_K_rbs	23.000000	0.000000	0.000000
49.999189	__ribosome	3.000000	0.000000	0.000000
49.999189	bound_ecolipol	1902.000000	0.000000	0.000000
49.999189	bound_ribosome	100.000000	0.000000	0.000000
49.999189	ecoli_genome	98.000000	0.000000	0.000000
49.999189	ecoli_transcript	3863.000000	0.000000	0.000000
49.999189	ecolipol	43.000000	0.000000	0.000000
49.999189	gene_A	0.000000	6.000000	0.666667
49.999189	gene_A*	0.000000	3.000000	0.333333
49.999189	gene_B	46.000000	31.000000	0.483871
49.999189	gene_C	13.000000	21.000000	0.333333
49.999189	gene_D	97.000000	36.000000	0.861111
49.999189	gene_E	42.000000	32.000000	0.281250
49.999189	gene_F	0.000000	16.000000	0.875000
49.999189	gene_J	17.000000	26.000000	0.576923
49.999189	gene_K	18.000000	23.000000	0.043478
49.999189	promoter_A	0.000000	0.000000	0.000000
49.999189	promoter_B1	0.000000	0.000000	0.000000
49.999189	promoter_D	0.000000	0.000000	0.000000
54.999649	__gene_A*_rbs	3.000000	0.000000	0.000000
54.999649	__gene_A_rbs	7.000000	0.000000	0.000000
54.999649	__gene_B_rbs	35.000000	0.000000	0.000000
54.999649	__gene_C_rbs	23.000000	0.000000	0.000000
54.999649	__gene_D_rbs	39.000000	0.000000	0.000000
54.999649	__gene_E_rbs	33.000000	0.000000	0.000000
54.999649	__gene_F_rbs	19.000000	0.000000	0.000000
54.999649	__gene_G_rbs	0.000000	0.000000	0.000000
54.999649	__gene_H_rbs	0.000000	0.000000	0.000000
54.999649	__gene_J_rbs	28.000000	0.000000	0.000000
54.999649	__gene_K_rbs	25.000000	0.000000	0.000000
54.999649	__ribosome	1.000000	0.000000	0.000000
54.999649	bound_ecolipol	1898.000000	0.000000	0.000000
54.999649	bound_ribosome	100.000000	0.000000	0.000000
54.999649	ecoli_genome	102.000000	0.000000	0.000000
54.999649	ecoli_transcript	4219.000000	0.000000	0.000000
54.999649	ecolipol	46.000000	0.000000	0.000000
54.999649	gene_A	0.000000	7.000000	0.571429
54.999649	gene_A*	0.000000	4.000000	0.250000
54.999649	gene_B	50.000000	35.000000	0.428571
54.999649	gene_C	18.000000	25.000000	0.080000
54.999649	gene_D	104.000000	40.000000	0.725000
54.999649	gene_E	44.000000	36.000000	0.222222
54.999649	gene_F	0.000000	19.000000	0.894737
54.999649	gene_J	18.000000	30.000000	0.566667
54.999649	gene_K	19.000000	26.000000	0.230769
54.999649	promoter_A	1.000000	0.000000	0.000000
54.999649	promoter_B1	0.000000	0.000000	0.000000
54.999649	promoter_D	0.000000	0.000000	0.000000
59.999093	__gene_A*_rbs	5.000000	0.000000	0.000000
59.999093	__gene_A_rbs	7.000000	0.000000	0.000000
59.999093	__gene_B_rbs	38.000000	0.000000	0.000000
59.999093	__gene_C_rbs	28.000000	0.000000	0.000000
59.999093	__gene_D_rbs	43.000000	0.000000	0.000000
59.999093	__gene_E_rbs	36.000000	0.000000	0.000000
59.999093	__gene_F_rbs	20.000000	0.000000	0.000000
59.999093	__gene_G_rbs	1.000000	0.000000	0.000000
59.999093	__gene_H_rbs	0.000000	0.000000	0.000000
59.999093	__gene_J_rbs	29.000000	0.000000	0.000000
59.999093	__gene_K_rbs	30.000000	0.000000	0.000000
59.999093	__ribosome	2.000000	0.000000	0.000000
59.999093	bound_ecolipol	1898.000000	0.000000	0.000000
59.999093	bound_ribosome	100.000000	0.000000	0.000000
59.999093	ecoli_genome	102.000000	0.000000	0.000000
59.999093	ecoli_transcript	4586.000000	0.000000	0.000000
59.999093	ecolipol	45.000000	0.000000	0.000000
59.999093	gene_A	0.000000	7.000000	0.714286
59.999093	gene_A*	0.000000	5.000000	0.400000
59.999093	gene_B	59.000000	38.000000	0.315789
59.999093	gene_C	20.000000	28.000000	0.071429
59.999093	gene_D	115.000000	43.000000	0.558140
59.999093	gene_E	52.000000	39.000000	0.102564
59.999093	gene_F	0.000000	21.000000	1.000000
59.999093	gene_G	0.000000	1.000000	0.000000
59.999093	gene_J	20.000000	33.000000	0.666667
59.999093	gene_K	24.000000	30.000000	0.200000
59.999093	promoter_A	1.000000	0.000000	0.000000
59.999093	promoter_B1	0.000000	0.000000	0.000000
59.999093	promoter_D	0.000000	0.000000	0.000000
64.999587	__gene_A*_rbs	5.000000	0.000000	0.000000
64.999587	__gene_A_rbs	8.000000	0.000000	0.000000
64.999587	__gene_B_rbs	39.000000	0.000000	0.000000
64.999587	__gene_C_rbs	32.000000	0.000000	0.000000
64.999587	__gene_D_rbs	47.000000	0.000000	0.000000
64.999587	__gene_E_rbs	41.000000	0.000000	0.000000
64.999587	__gene_F_rbs	23.000000	0.000000	0.000000
64.999587	__gene_G_rbs	1.000000	0.000000	0.000000
64.999587	__gene_H_rbs	0.000000	0.000000	0.000000
64.999587	__gene_J_rbs	34.000000	0.000000	0.000000
64.999587	__gene_K_rbs	33.000000	0.000000	0.000000
64.999587	__ribosome	3.000000	0.000000	0.000000
64.999587	bound_ecolipol	1898.000000	0.000000	0.000000
64.999587	bound_ribosome	100.000000	0.000000	0.000000
64.999587	ecoli_genome	102.000000	0.000000	0.000000
64.999587	ecoli_transcript	4962.000000	0.000000	0.000000
64.999587	ecolipol	42.000000	0.000000	0.000000
64.999587	gene_A	0.000000	8.000000	0.625000
64.999587	gene_A*	0.000000	5.000000	0.600000
64.999587	gene_B	64.000000	41.000000	0.243902
64.999587	gene_C	20.000000	32.000000	0.156250
64.999587	gene_D	128.000000	47.000000	0.319149
64.999587	gene_E	52.000000	43.000000	0.162791
64.999587	gene_F	1.000000	23.000000	0.913043
64.999587	gene_G	0.000000	1.000000	0.000000
64.999587	gene_J	23.000000	36.000000	0.666667
64.999587	gene_K	28.000000	33.000000	0.212121
64.999587	promoter_A	1.000000	0.000000	0.000000
64.999587	promoter_B1	0.000000	0.000000	0.000000
64.999587	promoter_D	0.000000	0.000000	0.000000
69.999043	__gene_A*_rbs	7.000000	0.000000	0.000000
69.999043	__gene_A_rbs	9.000000	0.000000	0.000000
69.999043	__gene_B_rbs	44.000000	0.000000	0.000000
69.999043	__gene_C_rbs	34.000000	0.000000	0.000000
69.999043	__gene_D_rbs	50.000000	0.000000	0.000000
69.999043	__gene_E_rbs	46.000000	0.000000	0.000000
69.999043	__gene_F_rbs	27.000000	0.000000	0.000000
69.999043	__gene_G_rbs	3.000000	0.000000	0.000000
69.999043	__gene_H_rbs	0.000000	0.000000	0.000000
69.999043	__gene_J_rbs	39.000000	0.000000	0.000000
69.999043	__gene_K_rbs	36.000000	0.000000	0.000000
69.999043	__ribosome	0.000000	0.000000	0.000000
69.999043	bound_ecolipol	1891.000000	0.000000	0.000000
69.999043	bound_ribosome	100.000000	0.000000	0.000000
69.999043	ecoli_genome	109.000000	0.000000	0.000000
69.999043	ecoli_transcript	5351.000000	0.000000	0.000000
69.999043	ecolipol	45.000000	0.000000	0.000000
69.999043	gene_A	0.000000	9.000000	0.555556
69.999043	gene_A*	0.000000	7.000000	0.571429
69.999043	gene_B	68.000000	45.000000	0.266667
69.999043	gene_C	24.000000	35.000000	0.228571
69.999043	gene_D	132.000000	50.000000	0.340000
69.999043	gene_E	56.000000	47.000000	0.170213
69.999043	gene_F	4.000000	27.000000	0.777778
69.999043	gene_G	0.000000	4.000000	0.250000
69.999043	gene_J	27.000000	40.000000	0.550000
69.999043	gene_K	35.000000	37.000000	0.054054
69.999043	promoter_A	1.000000	0.000000	0.000000
69.999043	promoter_B1	0.000000	0.000000	0.000000
69.999043	promoter_D	0.000000	0.000000	0.000000
74.999030	__gene_A*_rbs	7.000000	0.000000	0.000000
74.999030	__gene_A_rbs	9.000000	0.000000	0.000000
74.999030	__gene_B_rbs	47.000000	0.000000	0.000000
74.999030	__gene_C_rbs	38.000000	0.000000	0.000000
74.999030	__gene_D_rbs	52.000000	0.000000	0.000000
74.999030	__gene_E_rbs	50.000000	0.000000	0.000000
74.999030	__gene_F_rbs	29.000000	0.000000	0.000000
74.999030	__gene_G_rbs	5.000000	0.000000	0.000000
74.999030	__gene_H_rbs	1.000000	0.000000	0.000000
74.999030	__gene_J_rbs	43.000000	0.000000	0.000000
74.999030	__gene_K_rbs	41.000000	0.000000	0.000000
74.999030	__ribosome	0.000000	0.000000	0.000000
74.999030	bound_ecolipol	1892.000000	0.000000	0.000000
74.999030	bound_ribosome	100.000000	0.000000	0.000000
74.999030	ecoli_genome	108.000000	0.000000	0.000000
74.999030	ecoli_transcript	5730.000000	0.000000	0.000000
74.999030	ecolipol	44.000000	0.000000	0.000000
74.999030	gene_A	0.000000	9.000000	0.555556
74.999030	gene_A*	0.000000	7.000000	0.857143
74.999030	gene_B	72.000000	48.000000	0.229167
74.999030	gene_C	27.000000	39.000000	0.256410
74.999030	gene_D	139.000000	54.000000	0.240741
74.999030	gene_E	62.000000	50.000000	0.180000
74.999030	gene_F	7.000000	29.000000	0.689655
74.999030	gene_G	0.000000	5.000000	0.200000
74.999030	gene_H	0.000000	1.000000	0.000000
74.999030	gene_J	28.000000	44.000000	0.522727
74.999030	gene_K	36.000000	41.000000	0.048780
74.999030	promoter_A	1.000000	0.000000	0.000000
74.999030	promoter_B1	0.000000	0.000000	0.000000
74.999030	promoter_D	0.000000	0.000000	0.000000
79.999211	__gene_A*_rbs	8.000000	0.000000	0.000000
79.999211	__gene_A_rbs	10.000000	0.000000	0.000000
79.999211	__gene_B_rbs	52.000000	0.000000	0.000000
79.999211	__gene_C_rbs	41.000000	0.000000	0.000000
79.999211	__gene_D_rbs	57.000000	0.000000	0.000000
79.999211	__gene_E_rbs	54.000000	0.000000	0.000000
79.999211	__gene_F_rbs	30.000000	0.000000	0.000000
79.999211	__gene_G_rbs	6.000000	0.000000	0.000000
79.999211	__gene_H_rbs	1.000000	0.000000	0.000000
79.999211	__gene_J_rbs	46.000000	0.000000	0.000000
79.999211	__gene_K_rbs	43.000000	0.000000	0.000000
79.999211	__ribosome	1.000000	0.000000	0.000000
79.999211	bound_ecolipol	1888.000000	0.000000	0.000000
79.999211	bound_ribosome	100.000000	0.000000	0.000000
79.999211	ecoli_genome	112.000000	0.000000	0.000000
79.999211	ecoli_transcript	6109.000000	0.000000	0.000000
79.999211	ecolipol	47.000000	0.000000	0.000000
79.999211	gene_A	1.000000	10.000000	0.400000
79.999211	gene_A*	1.000000	8.000000	0.625000
79.999211	gene_B	77.000000	52.000000	0.173077
79.999211	gene_C	34.000000	43.000000	0.186047
79.999211	gene_D	143.000000	58.000000	0.224138
79.999211	gene_E	65.000000	54.000000	0.185185
79.999211	gene_F	9.000000	31.000000	0.645161
79.999211	gene_G	0.000000	7.000000	0.428571
79.999211	gene_H	0.000000	1.000000	0.000000
79.999211	gene_J	31.000000	47.000000	0.489362
79.999211	gene_K	38.000000	44.000000	0.090909
79.999211	promoter_A	1.000000	0.000000	0.000000
79.999211	promoter_B1	0.000000	0.000000	0.000000
79.999211	promoter_D	0.000000	0.000000	0.000000
84.999006	__gene_A*_rbs	9.000000	0.000000	0.000000
84.999006	__gene_A_rbs	10.000000	0.000000	0.000000
84.999006	__gene_B_rbs	55.000000	0.000000	0.000000
84.999006	__gene_C_rbs	44.000000	0.000000	0.000000
84.999006	__gene_D_rbs	62.000000	0.000000	0.000000
84.999006	__gene_E_rbs	57.000000	0.000000	0.000000
84.999006	__gene_F_rbs	31.000000	0.000000	0.000000
84.999006	__gene_G_rbs	10.000000	0.000000	0.000000
84.999006	__gene_H_rbs	4.000000	0.000000	0.000000
84.999006	__gene_J_rbs	51.000000	0.000000	0.000000
84.999006	__gene_K_rbs	47.000000	0.000000	0.000000
84.999006	__ribosome	2.000000	0.000000	0.000000
84.999006	bound_ecolipol	1894.000000	0.000000	0.000000
84.999006	bound_ribosome	100.000000	0.000000	0.000000
84.999006	ecoli_genome	106.000000	0.000000	0.000000
84.999006	ecoli_transcript	6507.000000	0.000000	0.000000
84.999006	ecolipol	44.000000	0.000000	0.000000
84.999006	gene_A	1.000000	10.000000	0.400000
84.999006	gene_A*	1.000000	9.000000	0.555556
84.999006	gene_B	83.000000	55.000000	0.145455
84.999006	gene_C	37.000000	46.000000	0.152174
84.999006	gene_D	149.000000	62.000000	0.209677
84.999006	gene_E	71.000000	57.000000	0.122807
84.999006	gene_F	12.000000	31.000000	0.580645
84.999006	gene_G	0.000000	10.000000	0.300000
84.999006	gene_H	0.000000	4.000000	0.000000
84.999006	gene_J	33.000000	52.000000	0.500000
84.999006	gene_K	41.000000	47.000000	0.148936
84.999006	promoter_A	1.000000	0.000000	0.000000
84.999006	promoter_B1	0.000000	0.000000	0.000000
84.999006	promoter_D	0.000000	0.000000	0.000000
89.999074	__gene_A*_rbs	9.000000	0.000000	0.000000
89.999074	__gene_A_rbs	10.000000	0.000000	0.000000
89.999074	__gene_B_rbs	57.000000	0.000000	0.000000
89.999074	__gene_C_rbs	50.000000	0.000000	0.000000
89.999074	__gene_D_rbs	65.000000	0.000000	0.000000
89.999074	__gene_E_rbs	58.000000	0.000000	0.000000
89.999074	__gene_F_rbs	34.000000	0.000000	0.000000
89.999074	__gene_G_rbs	11.000000	0.000000	0.000000
89.999074	__gene_H_rbs	4.000000	0.000000	0.000000
89.999074	__gene_J_rbs	55.000000	0.000000	0.000000
89.999074	__gene_K_rbs	51.000000	0.000000	0.000000
89.999074	__ribosome	2.000000	0.000000	0.000000
89.999074	bound_ecolipol	1898.000000	0.000000	0.000000
89.999074	bound_ribosome	100.000000	0.000000	0.000000
89.999074	ecoli_genome	102.000000	0.000000	0.000000
89.999074	ecoli_transcript	6897.000000	0.000000	0.000000
89.999074	ecolipol	38.000000	0.000000	0.000000
89.999074	gene_A	3.000000	10.000000	0.400000
89.999074	gene_A*	2.000000	9.000000	0.444444
89.999074	gene_B	85.000000	58.000000	0.275862
89.999074	gene_C	42.000000	50.000000	0.040000
89.999074	gene_D	152.000000	65.000000	0.230769
89.999074	gene_E	76.000000	61.000000	0.147541
89.999074	gene_F	13.000000	34.000000	0.588235
89.999074	gene_G	1.000000	11.000000	0.272727
89.999074	gene_H	0.000000	4.000000	0.000000
89.999074	gene_J	38.000000	55.000000	0.436364
89.999074	gene_K	48.000000	51.000000	0.019608
89.999074	promoter_A	0.000000	0.000000	0.000000
89.999074	promoter_B1	0.000000	0.000000	0.000000
89.999074	promoter_D	0.000000	0.000000	0.000000
94.999207	__gene_A*_rbs	10.000000	0.000000	0.000000
94.999207	__gene_A_rbs	11.000000	0.000000	0.000000
94.999207	__gene_B_rbs	60.000000	0.000000	0.000000
94.999207	__gene_C_rbs	53.000000	0.000000	0.000000
94.999207	__gene_D_rbs	67.000000	0.000000	0.000000
94.999207	__gene_E_rbs	64.000000	0.000000	0.000000
94.999207	__gene_F_rbs	36.000000	0.000000	0.000000
94.999207	__gene_G_rbs	14.000000	0.000000	0.000000
94.999207	__gene_H_rbs	6.000000	0.000000	0.000000
94.999207	__gene_J_rbs	58.000000	0.000000	0.000000
94.999207	__gene_K_rbs	55.000000	0.000000	0.000000
94.999207	__ribosome	0.000000	0.000000	0.000000
94.999207	bound_ecolipol	1889.000000	0.000000	0.000000
94.999207	bound_ribosome	100.000000	0.000000	0.000000
94.999207	ecoli_genome	111.000000	0.000000	0.000000
94.999207	ecoli_transcript	7281.000000	0.000000	0.000000
94.999207	ecolipol	48.000000	0.000000	0.000000
94.999207	gene_A	3.000000	11.000000	0.363636
94.999207	gene_A*	2.000000	10.000000	0.400000
94.999207	gene_B	90.000000	61.000000	0.213115
94.999207	gene_C	44.000000	53.000000	0.018868
94.999207	gene_D	154.000000	68.000000	0.279412
94.999207	gene_E	78.000000	65.000000	0.184615
94.999207	gene_F	16.000000	36.000000	0.527778
94.999207	gene_G	1.000000	14.000000	0.214286
94.999207	gene_H	0.000000	6.000000	0.000000
94.999207	gene_J	39.000000	58.000000	0.396552
94.999207	gene_K	49.000000	55.000000	0.036364
94.999207	promoter_A	1.000000	0.000000	0.000000
94.999207	promoter_B1	0.000000	0.000000	0.000000
94.999207	promoter_D	0.000000	0.000000	0.000000
99.999071	__gene_A*_rbs	10.000000	0.000000	0.000000
99.999071	__gene_A_rbs	12.000000	0.000000	0.000000
99.999071	__gene_B_rbs	64.000000	0.000000	0.000000
99.999071	__gene_C_rbs	55.000000	0.000000	0.000000
99.999071	__gene_D_rbs	71.000000	0.000000	0.000000
99.999071	__gene_E_rbs	65.000000	0.000000	0.000000
99.999071	__gene_F_rbs	36.000000	0.000000	0.000000
99.999071	__gene_G_rbs	16.000000	0.000000	0.000000
99.999071	__gene_H_rbs	8.000000	0.000000	0.000000
99.999071	__gene_J_rbs	61.000000	0.000000	0.000000
99.999071	__gene_K_rbs	54.000000	0.000000	0.000000
99.999071	__ribosome	2.000000	0.000000	0.000000
99.999071	bound_ecolipol	1890.000000	0.000000	0.000000
99.999071	bound_ribosome	100.000000	0.000000	0.000000
99.999071	ecoli_genome	110.000000	0.000000	0.000000
99.999071	ecoli_transcript	7653.000000	0.000000	0.000000
99.999071	ecolipol	43.000000	0.000000	0.000000
99.999071	gene_A	3.000000	12.000000	0.416667
99.999071	gene_A*	3.000000	10.000000	0.300000
99.999071	gene_B	95.000000	64.000000	0.156250
99.999071	gene_C	45.000000	56.000000	0.017857
99.999071	gene_D	162.000000	72.000000	0.236111
99.999071	gene_E	86.000000	68.000000	0.132353
99.999071	gene_F	19.000000	37.000000	0.513514
99.999071	gene_G	2.000000	16.000000	0.125000
99.999071	gene_H	0.000000	8.000000	0.000000
99.999071	gene_J	39.000000	62.000000	0.435484
99.999071	gene_K	51.000000	57.000000	0.087719
99.999071	promoter_A	0.000000	0.000000	0.000000
99.999071	promoter_B1	0.000000	0.000000	0.000000
99.999071	promoter_D	0.000000	0.000000	0.000000
104.999125	__gene_A*_rbs	8.000000	0.000000	0.000000
104.999125	__gene_A_rbs	13.000000	0.000000	0.000000
104.999125	__gene_B_rbs	69.000000	0.000000	0.000000
104.999125	__gene_C_rbs	59.000000	0.000000	0.000000
104.999125	__gene_D_rbs	75.000000	0.000000	0.000000
104.999125	__gene_E_rbs	70.000000	0.000000	0.000000
104.999125	__gene_F_rbs	40.000000	0.000000	0.000000
104.999125	__gene_G_rbs	17.000000	0.000000	0.000000
104.999125	__gene_H_rbs	9.000000	0.000000	0.000000
104.999125	__gene_J_rbs	64.000000	0.000000	0.000000
104.999125	__gene_K_rbs	60.000000	0.000000	0.000000
104.999125	__ribosome	0.000000	0.000000	0.000000
104.999125	bound_ecolipol	1884.000000	0.000000	0.000000
104.999125	bound_ribosome	100.000000	0.000000	0.000000
104.999125	ecoli_genome	116.000000	0.000000	0.000000
104.999125	ecoli_transcript	8057.000000	0.000000	0.000000
104.999125	ecolipol	50.000000	0.000000	0.000000
104.999125	gene_A	4.000000	13.000000	0.307692
104.999125	gene_A*	4.000000	10.000000	0.200000
104.999125	gene_B	101.000000	69.000000	0.086957
104.999125	gene_C	45.000000	59.000000	0.084746
104.999125	gene_D	167.000000	75.000000	0.213333
104.999125	gene_E	90.000000	72.000000	0.125000
104.999125	gene_F	21.000000	40.000000	0.525000
104.999125	gene_G	2.000000	17.000000	0.117647
104.999125	gene_H	0.000000	9.000000	0.000000
104.999125	gene_J	40.000000	66.000000	0.439394
104.999125	gene_K	53.000000	61.000000	0.098361
104.999125	promoter_A	1.000000	0.000000	0.000000
104.999125	promoter_B1	0.000000	0.000000	0.000000
104.999125	promoter_D	0.000000	0.000000	0.000000
109.999116	__gene_A*_rbs	11.000000	0.000000	0.000000
109.999116	__gene_A_rbs	14.000000	0.000000	0.000000
109.999116	__gene_B_rbs	70.000000	0.000000	0.000000
109.999116	__gene_C_rbs	61.000000	0.000000	0.000000
109.999116	__gene_D_rbs	77.000000	0.000000	0.000000
109.999116	__gene_E_rbs	72.000000	0.000000	0.000000
109.999116	__gene_F_rbs	43.000000	0.000000	0.000000
109.999116	__gene_G_rbs	20.000000	0.000000	0.000000
109.999116	__gene_H_rbs	10.000000	0.000000	0.000000
109.999116	__gene_J_rbs	68.000000	0.000000	0.000000
109.999116	__gene_K_rbs	61.000000	0.000000	0.000000
109.999116	__ribosome	0.000000	0.000000	0.000000
109.999116	bound_ecolipol	1894.000000	0.000000	0.000000
109.999116	bound_ribosome	100.000000	0.000000	0.000000
109.999116	ecoli_genome	106.000000	0.000000	0.000000
109.999116	ecoli_transcript	8457.000000	0.000000	0.000000
109.999116	ecolipol	40.000000	0.000000	0.000000
109.999116	gene_A	4.000000	14.000000	0.357143
109.999116	gene_A*	6.000000	11.000000	0.090909
109.999116	gene_B	103.000000	71.000000	0.140845
109.999116	gene_C	47.000000	62.000000	0.064516
109.999116	gene_D	172.000000	78.000000	0.192308
109.999116	gene_E	95.000000	75.000000	0.146667
109.999116	gene_F	24.000000	43.000000	0.441860
109.999116	gene_G	3.000000	20.000000	0.100000
109.999116	gene_H	0.000000	10.000000	0.000000
109.999116	gene_J	42.000000	70.000000	0.414286
109.999116	gene_K	59.000000	64.000000	0.062500
109.999116	promoter_A	1.000000	0.000000	0.000000
109.999116	promoter_B1	0.000000	0.000000	0.000000
109.999116	promoter_D	0.000000	0.000000	0.000000
114.999003	__gene_A*_rbs	12.000000	0.000000	0.000000
114.999003	__gene_A_rbs	14.000000	0.000000	0.000000
114.999003	__gene_B_rbs	74.000000	0.000000	0.000000
114.999003	__gene_C_rbs	64.000000	0.000000	0.000000
114.999003	__gene_D_rbs	82.000000	0.000000	0.000000
114.999003	__gene_E_rbs	78.000000	0.000000	0.000000
114.999003	__gene_F_rbs	46.000000	0.000000	0.000000
114.999003	__gene_G_rbs	23.000000	0.000000	0.000000
114.999003	__gene_H_rbs	11.000000	0.000000	0.000000
114.999003	__gene_J_rbs	70.000000	0.000000	0.000000
114.999003	__gene_K_rbs	68.000000	0.000000	0.000000
114.999003	__ribosome	0.000000	0.000000	0.000000
114.999003	bound_ecolipol	1892.000000	0.000000	0.000000
114.999003	bound_ribosome	100.000000	0.000000	0.000000
114.999003	ecoli_genome	108.000000	0.000000	0.000000
114.999003	ecoli_transcript	8854.000000	0.000000	0.000000
114.999003	ecolipol	43.000000	0.000000	0.000000
114.999003	gene_A	5.000000	14.000000	0.357143
114.999003	gene_A*	6.000000	12.000000	0.083333
114.999003	gene_B	107.000000	75.000000	0.106667
114.999003	gene_C	50.000000	66.000000	0.060606
114.999003	gene_D	175.000000	82.000000	0.219512
114.999003	gene_E	101.000000	78.000000	0.115385
114.999003	gene_F	27.000000	46.000000	0.391304
114.999003	gene_G	3.000000	23.000000	0.086957
114.999003	gene_H	0.000000	11.000000	0.000000
114.999003	gene_J	43.000000	73.000000	0.397260
114.999003	gene_K	61.000000	68.000000	0.088235
114.999003	promoter_A	1.000000	0.000000	0.000000
114.999003	promoter_B1	0.000000	0.000000	0.000000
114.999003	promoter_D	0.000000	0.000000	0.000000
119.999310	__gene_A*_rbs	13.000000	0.000000	0.000000
119.999310	__gene_A_rbs	14.000000	0.000000	0.000000
119.999310	__gene_B_rbs	79.000000	0.000000	0.000000
119.999310	__gene_C_rbs	69.000000	0.000000	0.000000
119.999310	__gene_D_rbs	84.000000	0.000000	0.000000
119.999310	__gene_E_rbs	80.000000	0.000000	0.000000
119.999310	__gene_F_rbs	48.000000	0.000000	0.000000
119.999310	__gene_G_rbs	24.000000	0.000000	0.000000
119.999310	__gene_H_rbs	12.000000	0.000000	0.000000
119.999310	__gene_J_rbs	76.000000	0.000000	0.000000
119.999310	__gene_K_rbs	71.000000	0.000000	0.000000
119.999310	__ribosome	1.000000	0.000000	0.000000
119.999310	bound_ecolipol	1883.000000	0.000000	0.000000
119.999310	bound_ribosome	100.000000	0.000000	0.000000
119.999310	ecoli_genome	117.000000	0.000000	0.000000
119.999310	ecoli_transcript	9253.000000	0.000000	0.000000
119.999310	ecolipol	51.000000	0.000000	0.000000
119.999310	gene_A	5.000000	14.000000	0.428571
119.999310	gene_A*	6.000000	13.000000	0.230769
119.999310	gene_B	109.000000	79.000000	0.113924
119.999310	gene_C	51.000000	69.000000	0.057971
119.999310	gene_D	183.000000	85.000000	0.152941
119.999310	gene_E	108.000000	81.000000	0.074074
119.999310	gene_F	27.000000	48.000000	0.416667
119.999310	gene_G	3.000000	24.000000	0.166667
119.999310	gene_H	0.000000	12.000000	0.083333
119.999310	gene_J	44.000000	76.000000	0.407895
119.999310	gene_K	67.000000	71.000000	0.028169
119.999310	promoter_A	1.000000	0.000000	0.000000
119.999310	promoter_B1	0.000000	0.000000	0.000000
119.999310	promoter_D	0.000000	0.000000	0.000000
124.999023	__gene_A*_rbs	13.000000	0.000000	0.000000
124.999023	__gene_A_rbs	15.000000	0.000000	0.000000
124.999023	__gene_B_rbs	83.000000	0.000000	0.000000
124.999023	__gene_C_rbs	71.000000	0.000000	0.000000
124.999023	__gene_D_rbs	89.000000	0.000000	0.000000
124.999023	__gene_E_rbs	83.000000	0.000000	0.000000
124.999023	__gene_F_rbs	51.000000	0.000000	0.000000
124.999023	__gene_G_rbs	24.000000	0.000000	0.000000
124.999023	__gene_H_rbs	13.000000	0.000000	0.000000
124.999023	__gene_J_rbs	78.000000	0.000000	0.000000
124.999023	__gene_K_rbs	74.000000	0.000000	0.000000
124.999023	__ribosome	0.000000	0.000000	0.000000
124.999023	bound_ecolipol	1877.000000	0.000000	0.000000
124.999023	bound_ribosome	100.000000	0.000000	0.000000
124.999023	ecoli_genome	123.000000	0.000000	0.000000
124.999023	ecoli_transcript	9635.000000	0.000000	0.000000
124.999023	ecolipol	56.000000	0.000000	0.000000
124.999023	gene_A	5.000000	15.000000	0.400000
124.999023	gene_A*	6.000000	14.000000	0.214286
124.999023	gene_B	114.000000	83.000000	0.084337
124.999023	gene_C	54.000000	72.000000	0.041667
124.999023	gene_D	187.000000	89.000000	0.168539
124.999023	gene_E	110.000000	85.000000	0.082353
124.999023	gene_F	29.000000	51.000000	0.372549
124.999023	gene_G	4.000000	24.000000	0.125000
124.999023	gene_H	0.000000	13.000000	0.076923
124.999023	gene_J	46.000000	78.000000	0.397436
124.999023	gene_K	69.000000	74.000000	0.067568
124.999023	promoter_A	1.000000	0.000000	0.000000
124.999023	promoter_B1	0.000000	0.000000	0.000000
124.999023	promoter_D	0.000000	0.000000	0.000000
129.999006	__gene_A*_rbs	14.000000	0.000000	0.000000
129.999006	__gene_A_rbs	15.000000	0.000000	0.000000
129.999006	__gene_B_rbs	86.000000	0.000000	0.000000
129.999006	__gene_C_rbs	76.000000	0.000000	0.000000
129.999006	__gene_D_rbs	91.000000	0.000000	0.000000
129.999006	__gene_E_rbs	86.000000	0.000000	0.000000
129.999006	__gene_F_rbs	54.000000	0.000000	0.000000
129.999006	__gene_G_rbs	25.000000	0.000000	0.000000
129.999006	__gene_H_rbs	15.000000	0.000000	0.000000
129.999006	__gene_J_rbs	82.000000	0.000000	0.000000
129.999006	__gene_K_rbs	78.000000	0.000000	0.000000
129.999006	__ribosome	0.000000	0.000000	0.000000
129.999006	bound_ecolipol	1893.000000	0.000000	0.000000
129.999006	bound_ribosome	100.000000	0.000000	0.000000
129.999006	ecoli_genome	107.000000	0.000000	0.000000
129.999006	ecoli_transcript	10001.000000	0.000000	0.000000
129.999006	ecolipol	41.000000	0.000000	0.000000
129.999006	gene_A	5.000000	15.000000	0.400000
129.999006	gene_A*	6.000000	14.000000	0.214286
129.999006	gene_B	117.000000	86.000000	0.081395
129.999006	gene_C	55.000000	76.000000	0.078947
129.999006	gene_D	192.000000	93.000000	0.139785
129.999006	gene_E	114.000000	88.000000	0.056818
129.999006	gene_F	31.000000	54.000000	0.351852
129.999006	gene_G	4.000000	25.000000	0.200000
129.999006	gene_H	0.000000	15.000000	0.066667
129.999006	gene_J	46.000000	82.000000	0.378049
129.999006	gene_K	73.000000	78.000000	0.051282
129.999006	promoter_A	1.000000	0.000000	0.000000
129.999006	promoter_B1	0.000000	0.000000	0.000000
129.999006	promoter_D	0.000000	0.000000	0.000000
134.999004	__gene_A*_rbs	14.000000	0.000000	0.000000
134.999004	__gene_A_rbs	14.000000	0.000000	0.000000
134.999004	__gene_B_rbs	90.000000	0.000000	0.000000
134.999004	__gene_C_rbs	77.000000	0.000000	0.000000
134.999004	__gene_D_rbs	97.000000	0.000000	0.000000
134.999004	__gene_E_rbs	90.000000	0.000000	0.000000
134.999004	__gene_F_rbs	56.000000	0.000000	0.000000
134.999004	__gene_G_rbs	26.000000	0.000000	0.000000
134.999004	__gene_H_rbs	17.000000	0.000000	0.000000
134.999004	__gene_J_rbs	85.000000	0.000000	0.000000
134.999004	__gene_K_rbs	80.000000	0.000000	0.000000
134.999004	__ribosome	0.000000	0.000000	0.000000
134.999004	bound_ecolipol	1889.000000	0.000000	0.000000
134.999004	bound_ribosome	100.000000	0.000000	0.000000
134.999004	ecoli_genome	111.000000	0.000000	0.000000
134.999004	ecoli_transcript	10362.000000	0.000000	0.000000
134.999004	ecolipol	44.000000	0.000000	0.000000
134.999004	gene_A	5.000000	15.000000	0.533333
134.999004	gene_A*	6.000000	14.000000	0.285714
134.999004	gene_B	120.000000	90.000000	0.077778
134.999004	gene_C	58.000000	79.000000	0.075949
134.999004	gene_D	195.000000	97.000000	0.113402
134.999004	gene_E	117.000000	92.000000	0.032609
134.999004	gene_F	34.000000	56.000000	0.321429
134.999004	gene_G	5.000000	26.000000	0.153846
134.999004	gene_H	0.000000	17.000000	0.117647
134.999004	gene_J	46.000000	86.000000	0.383721
134.999004	gene_K	77.000000	81.000000	0.049383
134.999004	promoter_A	0.000000	0.000000	0.000000
134.999004	promoter_B1	0.000000	0.000000	0.000000
134.999004	promoter_D	0.000000	0.000000	0.000000
139.999005	__gene_A*_rbs	15.000000	0.000000	0.000000
139.999005	__gene_A_rbs	16.000000	0.000000	0.000000
139.999005	__gene_B_rbs	93.000000	0.000000	0.000000
139.999005	__gene_C_rbs	83.000000	0.000000	0.000000
139.999005	__gene_D_rbs	98.000000	0.000000	0.000000
139.999005	__gene_E_rbs	96.000000	0.000000	0.000000
139.999005	__gene_F_rbs	58.000000	0.000000	0.000000
139.999005	__gene_G_rbs	27.000000	0.000000	0.000000
139.999005	__gene_H_rbs	16.000000	0.000000	0.000000
139.999005	__gene_J_rbs	87.000000	0.000000	0.000000
139.999005	__gene_K_rbs	83.000000	0.000000	0.000000
139.999005	__ribosome	2.000000	0.000000	0.000000
139.999005	bound_ecolipol	1880.000000	0.000000	0.000000
139.999005	bound_ribosome	100.000000	0.000000	0.000000
139.999005	ecoli_genome	120.000000	0.000000	0.000000
139.999005	ecoli_transcript	10748.000000	0.000000	0.000000
139.999005	ecolipol	53.000000	0.000000	0.000000
139.999005	gene_A	6.000000	16.000000	0.437500
139.999005	gene_A*	7.000000	15.000000	0.266667
139.999005	gene_B	123.000000	93.000000	0.075269
139.999005	gene_C	62.000000	83.000000	0.072289
139.999005	gene_D	201.000000	100.000000	0.090000
139.999005	gene_E	119.000000	96.000000	0.062500
139.999005	gene_F	37.000000	59.000000	0.271186
139.999005	gene_G	5.000000	27.000000	0.185185
139.999005	gene_H	0.000000	17.000000	0.176471
139.999005	gene_J	49.000000	90.000000	0.355556
139.999005	gene_K	80.000000	85.000000	0.035294
139.999005	promoter_A	1.000000	0.000000	0.000000
139.999005	promoter_B1	0.000000	0.000000	0.000000
139.999005	promoter_D	0.000000	0.000000	0.000000
144.999427	__gene_A*_rbs	15.000000	0.000000	0.000000
144.999427	__gene_A_rbs	16.000000	0.000000	0.000000
144.999427	__gene_B_rbs	97.000000	0.000000	0.000000
144.999427	__gene_C_rbs	87.000000	0.000000	0.000000
144.999427	__gene_D_rbs	103.000000	0.000000	0.000000
144.999427	__gene_E_rbs	99.000000	0.000000	0.000000
144.999427	__gene_F_rbs	61.000000	0.000000	0.000000
144.999427	__gene_G_rbs	29.000000	0.000000	0.000000
144.999427	__gene_H_rbs	18.000000	0.000000	0.000000
144.999427	__gene_J_rbs	94.000000	0.000000	0.000000
144.999427	__gene_K_rbs	88.000000	0.000000	0.000000
144.999427	__ribosome	0.000000	0.000000	0.000000
144.999427	bound_ecolipol	1890.000000	0.000000	0.000000
144.999427	bound_ribosome	100.000000	0.000000	0.000000
144.999427	ecoli_genome	110.000000	0.000000	0.000000
144.999427	ecoli_transcript	11098.000000	0.000000	0.000000
144.999427	ecolipol	44.000000	0.000000	0.000000
144.999427	gene_A	7.000000	16.000000	0.375000
144.999427	gene_A*	7.000000	15.000000	0.333333
144.999427	gene_B	126.000000	97.000000	0.061856
144.999427	gene_C	65.000000	87.000000	0.068966
144.999427	gene_D	205.000000	104.000000	0.076923
144.999427	gene_E	120.000000	100.000000	0.070000
144.999427	gene_F	40.000000	61.000000	0.245902
144.999427	gene_G	5.000000	29.000000	0.172414
144.999427	gene_H	0.000000	18.000000	0.333333
144.999427	gene_J	49.000000	94.000000	0.361702
144.999427	gene_K	82.000000	89.000000	0.022472
144.999427	promoter_A	1.000000	0.000000	0.000000
144.999427	promoter_B1	0.000000	0.000000	0.000000
144.999427	promoter_D	0.000000	0.000000	0.000000
149.999143	__gene_A*_rbs	16.000000	0.000000	0.000000
149.999143	__gene_A_rbs	16.000000	0.000000	0.000000
149.999143	__gene_B_rbs	100.000000	0.000000	0.000000
149.999143	__gene_C_rbs	90.000000	0.000000	0.000000
149.999143	__gene_D_rbs	107.000000	0.000000	0.000000
149.999143	__gene_E_rbs	104.000000	0.000000	0.000000
149.999143	__gene_F_rbs	63.000000	0.000000	0.000000
149.999143	__gene_G_rbs	30.000000	0.000000	0.000000
149.999143	__gene_H_rbs	19.000000	0.000000	0.000000
149.999143	__gene_J_rbs	97.000000	0.000000	0.000000
149.999143	__gene_K_rbs	93.000000	0.000000	0.000000
149.999143	__ribosome	1.000000	0.000000	0.000000
149.999143	bound_ecolipol	1891.000000	0.000000	0.000000
149.999143	bound_ribosome	100.000000	0.000000	0.000000
149.999143	ecoli_genome	109.000000	0.000000	0.000000
149.999143	ecoli_transcript	11463.000000	0.000000	0.000000
149.999143	ecolipol	43.000000	0.000000	0.000000
149.999143	gene_A	7.000000	16.000000	0.375000
149.999143	gene_A*	8.000000	16.000000	0.250000
149.999143	gene_B	128.000000	100.000000	0.080000
149.999143	gene_C	71.000000	91.000000	0.010989
149.999143	gene_D	206.000000	108.000000	0.083333
149.999143	gene_E	125.000000	104.000000	0.057692
149.999143	gene_F	43.000000	63.000000	0.222222
149.999143	gene_G	5.000000	30.000000	0.166667
149.999143	gene_H	0.000000	19.000000	0.315789
149.999143	gene_J	50.000000	97.000000	0.371134
149.999143	gene_K	84.000000	93.000000	0.043011
149.999143	promoter_A	1.000000	0.000000	0.000000
149.999143	promoter_B1	0.000000	0.000000	0.000000
149.999143	promoter_D	0.000000	0.000000	0.000000
154.999365	__gene_A*_rbs	16.000000	0.000000	0.000000
154.999365	__gene_A_rbs	17.000000	0.000000	0.000000
154.999365	__gene_B_rbs	102.000000	0.000000	0.000000
154.999365	__gene_C_rbs	94.000000	0.000000	0.000000
154.999365	__gene_D_rbs	109.000000	0.000000	0.000000
154.999365	__gene_E_rbs	106.000000	0.000000	0.000000
154.999365	__gene_F_rbs	63.000000	0.000000	0.000000
154.999365	__gene_G_rbs	32.000000	0.000000	0.000000
154.999365	__gene_H_rbs	19.000000	0.000000	0.000000
154.999365	__gene_J_rbs	100.000000	0.000000	0.000000
154.999365	__gene_K_rbs	95.000000	0.000000	0.000000
154.999365	__ribosome	1.000000	0.000000	0.000000
154.999365	bound_ecolipol	1881.000000	0.000000	0.000000
154.999365	bound_ribosome	100.000000	0.000000	0.000000
154.999365	ecoli_genome	119.000000	0.000000	0.000000
154.999365	ecoli_transcript	11869.000000	0.000000	0.000000
154.999365	ecolipol	53.000000	0.000000	0.000000
154.999365	gene_A	8.000000	17.000000	0.294118
154.999365	gene_A*	9.000000	16.000000	0.312500
154.999365	gene_B	130.000000	103.000000	0.067961
154.999365	gene_C	71.000000	94.000000	0.031915
154.999365	gene_D	210.000000	111.000000	0.081081
154.999365	gene_E	128.000000	107.000000	0.046729
154.999365	gene_F	44.000000	64.000000	0.265625
154.999365	gene_G	5.000000	33.000000	0.181818
154.999365	gene_H	0.000000	19.000000	0.315789
154.999365	gene_J	53.000000	101.000000	0.356436
154.999365	gene_K	88.000000	96.000000	0.000000
154.999365	promoter_A	1.000000	0.000000	0.000000
154.999365	promoter_B1	0.000000	0.000000	0.000000
154.999365	promoter_D	0.000000	0.000000	0.000000
159.999077	__gene_A*_rbs	16.000000	0.000000	0.000000
159.999077	__gene_A_rbs	18.000000	0.000000	0.000000
159.999077	__gene_B_rbs	107.000000	0.000000	0.000000
159.999077	__gene_C_rbs	97.000000	0.000000	0.000000
159.999077	__gene_D_rbs	113.000000	0.000000	0.000000
159.999077	__gene_E_rbs	110.000000	0.000000	0.000000
159.999077	__gene_F_rbs	67.000000	0.000000	0.000000
159.999077	__gene_G_rbs	36.000000	0.000000	0.000000
159.999077	__gene_H_rbs	21.000000	0.000000	0.000000
159.999077	__gene_J_rbs	104.000000	0.000000	0.000000
159.999077	__gene_K_rbs	97.000000	0.000000	0.000000
159.999077	__ribosome	1.000000	0.000000	0.000000
159.999077	bound_ecolipol	1894.000000	0.000000	0.000000
159.999077	bound_ribosome	100.000000	0.000000	0.000000
159.999077	ecoli_genome	106.000000	0.000000	0.000000
159.999077	ecoli_transcript	12216.000000	0.000000	0.000000
159.999077	ecolipol	39.000000	0.000000	0.000000
159.999077	gene_A	8.000000	18.000000	0.388889
159.999077	gene_A*	9.000000	16.000000	0.312500
159.999077	gene_B	134.000000	107.000000	0.028037
159.999077	gene_C	72.000000	98.000000	0.030612
159.999077	gene_D	213.000000	115.000000	0.095652
159.999077	gene_E	131.000000	111.000000	0.045045
159.999077	gene_F	46.000000	67.000000	0.238806
159.999077	gene_G	5.000000	36.000000	0.166667
159.999077	gene_H	0.000000	21.000000	0.285714
159.999077	gene_J	53.000000	104.000000	0.346154
159.999077	gene_K	88.000000	99.000000	0.010101
159.999077	promoter_A	1.000000	0.000000	0.000000
159.999077	promoter_B1	0.000000	0.000000	0.000000
159.999077	promoter_D	0.000000	0.000000	0.000000
164.999081	__gene_A*_rbs	16.000000	0.000000	0.000000
164.999081	__gene_A_rbs	18.000000	0.000000	0.000000
164.999081	__gene_B_rbs	110.000000	0.000000	0.000000
164.999081	__gene_C_rbs	101.000000	0.000000	0.000000
164.999081	__gene_D_rbs	119.000000	0.000000	0.000000
164.999081	__gene_E_rbs	114.000000	0.000000	0.000000
164.999081	__gene_F_rbs	70.000000	0.000000	0.000000
164.999081	__gene_G_rbs	39.000000	0.000000	0.000000
164.999081	__gene_H_rbs	22.000000	0.000000	0.000000
164.999081	__gene_J_rbs	108.000000	0.000000	0.000000
164.999081	__gene_K_rbs	102.000000	0.000000	0.000000
164.999081	__ribosome	0.000000	0.000000	0.000000
164.999081	bound_ecolipol	1884.000000	0.000000	0.000000
164.999081	bound_ribosome	100.000000	0.000000	0.000000
164.999081	ecoli_genome	116.000000	0.000000	0.000000
164.999081	ecoli_transcript	12601.000000	0.000000	0.000000
164.999081	ecolipol	45.000000	0.000000	0.000000
164.999081	gene_A	11.000000	18.000000	0.222222
164.999081	gene_A*	9.000000	16.000000	0.312500
164.999081	gene_B	137.000000	110.000000	0.000000
164.999081	gene_C	74.000000	101.000000	0.039604
164.999081	gene_D	214.000000	119.000000	0.084034
164.999081	gene_E	134.000000	115.000000	0.043478
164.999081	gene_F	47.000000	70.000000	0.257143
164.999081	gene_G	5.000000	39.000000	0.153846
164.999081	gene_H	0.000000	22.000000	0.272727
164.999081	gene_J	53.000000	108.000000	0.351852
164.999081	gene_K	88.000000	102.000000	0.039216
164.999081	promoter_A	0.000000	0.000000	0.000000
164.999081	promoter_B1	0.000000	0.000000	0.000000
164.999081	promoter_D	0.000000	0.000000	0.000000
169.999292	__gene_A*_rbs	17.000000	0.000000	0.000000
169.999292	__gene_A_rbs	19.000000	0.000000	0.000000
169.999292	__gene_B_rbs	113.000000	0.000000	0.000000
169.999292	__gene_C_rbs	101.000000	0.000000	0.000000
169.999292	__gene_D_rbs	122.000000	0.000000	0.000000
169.999292	__gene_E_rbs	118.000000	0.000000	0.000000
169.999292	__gene_F_rbs	72.000000	0.000000	0.000000
169.999292	__gene_G_rbs	40.000000	0.000000	0.000000
169.999292	__gene_H_rbs	24.000000	0.000000	0.000000
169.999292	__gene_J_rbs	111.000000	0.000000	0.000000
169.999292	__gene_K_rbs	106.000000	0.000000	0.000000
169.999292	__ribosome	0.000000	0.000000	0.000000
169.999292	bound_ecolipol	1885.000000	0.000000	0.000000
169.999292	bound_ribosome	100.000000	0.000000	0.000000
169.999292	ecoli_genome	115.000000	0.000000	0.000000
169.999292	ecoli_transcript	12975.000000	0.000000	0.000000
169.999292	ecolipol	42.000000	0.000000	0.000000
169.999292	gene_A	11.000000	19.000000	0.210526
169.999292	gene_A*	9.000000	17.000000	0.352941
169.999292	gene_B	137.000000	114.000000	0.008772
169.999292	gene_C	75.000000	104.000000	0.067308
169.999292	gene_D	221.000000	123.000000	0.024390
169.999292	gene_E	137.000000	118.000000	0.042373
169.999292	gene_F	48.000000	73.000000	0.260274
169.999292	gene_G	5.000000	40.000000	0.150000
169.999292	gene_H	0.000000	24.000000	0.416667
169.999292	gene_J	55.000000	111.000000	0.333333
169.999292	gene_K	92.000000	106.000000	0.018868
169.999292	promoter_A	1.000000	0.000000	0.000000
169.999292	promoter_B1	0.000000	0.000000	0.000000
169.999292	promoter_D	0.000000	0.000000	0.000000
174.999319	__gene_A*_rbs	18.000000	0.000000	0.000000
174.999319	__gene_A_rbs	20.000000	0.000000	0.000000
174.999319	__gene_B_rbs	117.000000	0.000000	0.000000
174.999319	__gene_C_rbs	108.000000	0.000000	0.000000
174.999319	__gene_D_rbs	125.000000	0.000000	0.000000
174.999319	__gene_E_rbs	122.000000	0.000000	0.000000
174.999319	__gene_F_rbs	77.000000	0.000000	0.000000
174.999319	__gene_G_rbs	41.000000	0.000000	0.000000
174.999319	__gene_H_rbs	26.000000	0.000000	0.000000
174.999319	__gene_J_rbs	114.000000	0.000000	0.000000
174.999319	__gene_K_rbs	108.000000	0.000000	0.000000
174.999319	__ribosome	0.000000	0.000000	0.000000
174.999319	bound_ecolipol	1883.000000	0.000000	0.000000
174.999319	bound_ribosome	100.000000	0.000000	0.000000
174.999319	ecoli_genome	117.000000	0.000000	0.000000
174.999319	ecoli_transcript	13327.000000	0.000000	0.000000
174.999319	ecolipol	42.000000	0.000000	0.000000
174.999319	gene_A	11.000000	20.000000	0.200000
174.999319	gene_A*	11.000000	18.000000	0.222222
174.999319	gene_B	137.000000	117.000000	0.034188
174.999319	gene_C	78.000000	108.000000	0.055556
174.999319	gene_D	224.000000	125.000000	0.000000
174.999319	gene_E	139.000000	122.000000	0.065574
174.999319	gene_F	50.000000	77.000000	0.220779
174.999319	gene_G	5.000000	41.000000	0.195122
174.999319	gene_H	0.000000	26.000000	0.384615
174.999319	gene_J	55.000000	115.000000	0.321739
174.999319	gene_K	92.000000	109.000000	0.018349
174.999319	promoter_A	0.000000	0.000000	0.000000
174.999319	promoter_B1	0.000000	0.000000	0.000000
174.999319	promoter_D	0.000000	0.000000	0.000000
179.999001	__gene_A*_rbs	18.000000	0.000000	0.000000
179.999001	__gene_A_rbs	21.000000	0.000000	0.000000
179.999001	__gene_B_rbs	121.000000	0.000000	0.000000
179.999001	__gene_C_rbs	111.000000	0.000000	0.000000
179.999001	__gene_D_rbs	129.000000	0.000000	0.000000
179.999001	__gene_E_rbs	126.000000	0.000000	0.000000
179.999001	__gene_F_rbs	79.000000	0.000000	0.000000
179.999001	__gene_G_rbs	44.000000	0.000000	0.000000
179.999001	__gene_H_rbs	29.000000	0.000000	0.000000
179.999001	__gene_J_rbs	118.000000	0.000000	0.000000
179.999001	__gene_K_rbs	111.000000	0.000000	0.000000
179.999001	__ribosome	0.000000	0.000000	0.000000
179.999001	bound_ecolipol	1873.000000	0.000000	0.000000
179.999001	bound_ribosome	100.000000	0.000000	0.000000
179.999001	ecoli_genome	127.000000	0.000000	0.000000
179.999001	ecoli_transcript	13705.000000	0.000000	0.000000
179.999001	ecolipol	51.000000	0.000000	0.000000
179.999001	gene_A	11.000000	21.000000	0.190476
179.999001	gene_A*	12.000000	18.000000	0.277778
179.999001	gene_B	138.000000	121.000000	0.041322
179.999001	gene_C	83.000000	111.000000	0.009009
179.999001	gene_D	224.000000	129.000000	0.015504
179.999001	gene_E	142.000000	126.000000	0.039683
179.999001	gene_F	52.000000	79.000000	0.215190
179.999001	gene_G	5.000000	44.000000	0.204545
179.999001	gene_H	0.000000	29.000000	0.344828
179.999001	gene_J	55.000000	119.000000	0.310924
179.999001	gene_K	94.000000	112.000000	0.044643
179.999001	promoter_A	0.000000	0.000000	0.000000
179.999001	promoter_B1	0.000000	0.000000	0.000000
179.999001	promoter_D	0.000000	0.000000	0.000000
184.999418	__gene_A*_rbs	19.000000	0.000000	0.000000
184.999418	__gene_A_rbs	22.000000	0.000000	0.000000
184.999418	__gene_B_rbs	123.000000	0.000000	0.000000
184.999418	__gene_C_rbs	114.000000	0.000000	0.000000
184.999418	__gene_D_rbs	132.000000	0.000000	0.000000
184.999418	__gene_E_rbs	129.000000	0.000000	0.000000
184.999418	__gene_F_rbs	82.000000	0.000000	0.000000
184.999418	__gene_G_rbs	46.000000	0.000000	0.000000
184.999418	__gene_H_rbs	31.000000	0.000000	0.000000
184.999418	__gene_J_rbs	123.000000	0.000000	0.000000
184.999418	__gene_K_rbs	116.000000	0.000000	0.000000
184.999418	__ribosome	0.000000	0.000000	0.000000
184.999418	bound_ecolipol	1881.000000	0.000000	0.000000
184.999418	bound_ribosome	100.000000	0.000000	0.000000
184.999418	ecoli_genome	119.000000	0.000000	0.000000
184.999418	ecoli_transcript	14107.000000	0.000000	0.000000
184.999418	ecolipol	44.000000	0.000000	0.000000
184.999418	gene_A	11.000000	22.000000	0.181818
184.999418	gene_A*	13.000000	19.000000	0.210526
184.999418	gene_B	140.000000	125.000000	0.064000
184.999418	gene_C	84.000000	114.000000	0.017544
184.999418	gene_D	224.000000	132.000000	0.015152
184.999418	gene_E	147.000000	129.000000	0.023256
184.999418	gene_F	54.000000	82.000000	0.207317
184.999418	gene_G	5.000000	46.000000	0.195652
184.999418	gene_H	0.000000	31.000000	0.322581
184.999418	gene_J	55.000000	123.000000	0.317073
184.999418	gene_K	98.000000	116.000000	0.017241
184.999418	promoter_A	1.000000	0.000000	0.000000
184.999418	promoter_B1	0.000000	0.000000	0.000000
184.999418	promoter_D	0.000000	0.000000	0.000000
189.999059	__gene_A*_rbs	20.000000	0.000000	0.000000
189.999059	__gene_A_rbs	22.000000	0.000000	0.000000
189.999059	__gene_B_rbs	128.000000	0.000000	0.000000
189.999059	__gene_C_rbs	118.000000	0.000000	0.000000
189.999059	__gene_D_rbs	135.000000	0.000000	0.000000
189.999059	__gene_E_rbs	132.000000	0.000000	0.000000
189.999059	__gene_F_rbs	84.000000	0.000000	0.000000
189.999059	__gene_G_rbs	47.000000	0.000000	0.000000
189.999059	__gene_H_rbs	32.000000	0.000000	0.000000
189.999059	__gene_J_rbs	126.000000	0.000000	0.000000
189.999059	__gene_K_rbs	119.000000	0.000000	0.000000
189.999059	__ribosome	0.000000	0.000000	0.000000
189.999059	bound_ecolipol	1889.000000	0.000000	0.000000
189.999059	bound_ribosome	100.000000	0.000000	0.000000
189.999059	ecoli_genome	111.000000	0.000000	0.000000
189.999059	ecoli_transcript	14479.000000	0.000000	0.000000
189.999059	ecolipol	36.000000	0.000000	0.000000
189.999059	gene_A	13.000000	22.000000	0.090909
189.999059	gene_A*	14.000000	20.000000	0.150000
189.999059	gene_B	142.000000	128.000000	0.054688
189.999059	gene_C	84.000000	118.000000	0.025424
189.999059	gene_D	224.000000	135.000000	0.022222
189.999059	gene_E	147.000000	132.000000	0.030303
189.999059	gene_F	56.000000	84.000000	0.202381
189.999059	gene_G	5.000000	47.000000	0.191489
189.999059	gene_H	0.000000	32.000000	0.312500
189.999059	gene_J	56.000000	126.000000	0.317460
189.999059	gene_K	100.000000	120.000000	0.016667
189.999059	promoter_A	1.000000	0.000000	0.000000
189.999059	promoter_B1	0.000000	0.000000	0.000000
189.999059	promoter_D	0.000000	0.000000	0.000000
194.999381	__gene_A*_rbs	21.000000	0.000000	0.000000
194.999381	__gene_A_rbs	22.000000	0.000000	0.000000
194.999381	__gene_B_rbs	131.000000	0.000000	0.000000
194.999381	__gene_C_rbs	120.000000	0.000000	0.000000
194.999381	__gene_D_rbs	138.000000	0.000000	0.000000
194.999381	__gene_E_rbs	135.000000	0.000000	0.000000
194.999381	__gene_F_rbs	86.000000	0.000000	0.000000
194.999381	__gene_G_rbs	48.000000	0.000000	0.000000
194.999381	__gene_H_rbs	34.000000	0.000000	0.000000
194.999381	__gene_J_rbs	130.000000	0.000000	0.000000
194.999381	__gene_K_rbs	123.000000	0.000000	0.000000
194.999381	__ribosome	0.000000	0.000000	0.000000
194.999381	bound_ecolipol	1890.000000	0.000000	0.000000
194.999381	bound_ribosome	100.000000	0.000000	0.000000
194.999381	ecoli_genome	110.000000	0.000000	0.000000
194.999381	ecoli_transcript	14841.000000	0.000000	0.000000
194.999381	ecolipol	40.000000	0.000000	0.000000
194.999381	gene_A	13.000000	22.000000	0.090909
194.999381	gene_A*	14.000000	21.000000	0.142857
194.999381	gene_B	147.000000	132.000000	0.045455
194.999381	gene_C	86.000000	122.000000	0.032787
194.999381	gene_D	226.000000	139.000000	0.028777
194.999381	gene_E	150.000000	135.000000	0.029630
194.999381	gene_F	57.000000	86.000000	0.197674
194.999381	gene_G	8.000000	48.000000	0.125000
194.999381	gene_H	0.000000	34.000000	0.352941
194.999381	gene_J	57.000000	130.000000	0.307692
194.999381	gene_K	102.000000	123.000000	0.016260
194.999381	promoter_A	1.000000	0.000000	0.000000
194.999381	promoter_B1	0.000000	0.000000	0.000000
194.999381	promoter_D	0.000000	0.000000	0.000000
199.999007	__gene_A*_rbs	22.000000	0.000000	0.000000
199.999007	__gene_A_rbs	23.000000	0.000000	0.000000
199.999007	__gene_B_rbs	134.000000	0.000000	0.000000
199.999007	__gene_C_rbs	125.000000	0.000000	0.000000
199.999007	__gene_D_rbs	142.000000	0.000000	0.000000
199.999007	__gene_E_rbs	137.000000	0.000000	0.000000
199.999007	__gene_F_rbs	87.000000	0.000000	0.000000
199.999007	__gene_G_rbs	50.000000	0.000000	0.000000
199.999007	__gene_H_rbs	35.000000	0.000000	0.000000
199.999007	__gene_J_rbs	133.000000	0.000000	0.000000
199.999007	__gene_K_rbs	127.000000	0.000000	0.000000
199.999007	__ribosome	0.000000	0.000000	0.000000
199.999007	bound_ecolipol	1887.000000	0.000000	0.000000
199.999007	bound_ribosome	100.000000	0.000000	0.000000
199.999007	ecoli_genome	113.000000	0.000000	0.000000
199.999007	ecoli_transcript	15188.000000	0.000000	0.000000
199.999007	ecolipol	44.000000	0.000000	0.000000
199.999007	gene_A	13.000000	23.000000	0.086957
199.999007	gene_A*	15.000000	22.000000	0.090909
199.999007	gene_B	149.000000	135.000000	0.059259
199.999007	gene_C	87.000000	125.000000	0.040000
199.999007	gene_D	226.000000	143.000000	0.041958
199.999007	gene_E	152.000000	139.000000	0.028777
199.999007	gene_F	62.000000	87.000000	0.137931
199.999007	gene_G	8.000000	50.000000	0.120000
199.999007	gene_H	0.000000	35.000000	0.371429
199.999007	gene_J	57.000000	133.000000	0.315789
199.999007	gene_K	104.000000	127.000000	0.000000
199.999007	promoter_A	0.000000	0.000000	0.000000
199.999007	promoter_B1	0.000000	0.000000	0.000000
199.999007	promoter_D	0.000000	0.000000	0.000000
204.999399	__gene_A*_rbs	22.000000	0.000000	0.000000
204.999399	__gene_A_rbs	25.000000	0.000000	0.000000
204.999399	__gene_B_rbs	138.000000	0.000000	0.000000
204.999399	__gene_C_rbs	128.000000	0.000000	0.000000
204.999399	__gene_D_rbs	147.000000	0.000000	0.000000
204.999399	__gene_E_rbs	142.000000	0.000000	0.000000
204.999399	__gene_F_rbs	89.000000	0.000000	0.000000
204.999399	__gene_G_rbs	52.000000	0.000000	0.000000
204.999399	__gene_H_rbs	36.000000	0.000000	0.000000
204.999399	__gene_J_rbs	133.000000	0.000000	0.000000
204.999399	__gene_K_rbs	130.000000	0.000000	0.000000
204.999399	__ribosome	0.000000	0.000000	0.000000
204.999399	bound_ecolipol	1888.000000	0.000000	0.000000
204.999399	bound_ribosome	100.000000	0.000000	0.000000
204.999399	ecoli_genome	112.000000	0.000000	0.000000
204.999399	ecoli_transcript	15561.000000	0.000000	0.000000
204.999399	ecolipol	45.000000	0.000000	0.000000
204.999399	gene_A	13.000000	25.000000	0.080000
204.999399	gene_A*	15.000000	22.000000	0.090909
204.999399	gene_B	151.000000	138.000000	0.043478
204.999399	gene_C	91.000000	129.000000	0.015504
204.999399	gene_D	227.000000	147.000000	0.061224
204.999399	gene_E	154.000000	143.000000	0.020979
204.999399	gene_F	65.000000	89.000000	0.123596
204.999399	gene_G	8.000000	52.000000	0.134615
204.999399	gene_H	0.000000	36.000000	0.388889
204.999399	gene_J	58.000000	136.000000	0.301471
204.999399	gene_K	104.000000	131.000000	0.022901
204.999399	promoter_A	1.000000	0.000000	0.000000
204.999399	promoter_B1	0.000000	0.000000	0.000000
204.999399	promoter_D	0.000000	0.000000	0.000000
209.999068	__gene_A*_rbs	22.000000	0.000000	0.000000
209.999068	__gene_A_rbs	26.000000	0.000000	0.000000
209.999068	__gene_B_rbs	141.000000	0.000000	0.000000
209.999068	__gene_C_rbs	132.000000	0.000000	0.000000
209.999068	__gene_D_rbs	150.000000	0.000000	0.000000
209.999068	__gene_E_rbs	146.000000	0.000000	0.000000
209.999068	__gene_F_rbs	91.000000	0.000000	0.000000
209.999068	__gene_G_rbs	54.000000	0.000000	0.000000
209.999068	__gene_H_rbs	36.000000	0.000000	0.000000
209.999068	__gene_J_rbs	140.000000	0.000000	0.000000
209.999068	__gene_K_rbs	134.000000	0.000000	0.000000
209.999068	__ribosome	0.000000	0.000000	0.000000
209.999068	bound_ecolipol	1896.000000	0.000000	0.000000
209.999068	bound_ribosome	100.000000	0.000000	0.000000
209.999068	ecoli_genome	104.000000	0.000000	0.000000
209.999068	ecoli_transcript	15927.000000	0.000000	0.000000
209.999068	ecolipol	38.000000	0.000000	0.000000
209.999068	gene_A	14.000000	26.000000	0.076923
209.999068	gene_A*	15.000000	22.000000	0.090909
209.999068	gene_B	153.000000	141.000000	0.042553
209.999068	gene_C	92.000000	133.000000	0.015038
209.999068	gene_D	230.000000	150.000000	0.060000
209.999068	gene_E	156.000000	146.000000	0.013699
209.999068	gene_F	66.000000	91.000000	0.120879
209.999068	gene_G	8.000000	54.000000	0.129630
209.999068	gene_H	0.000000	36.000000	0.388889
209.999068	gene_J	58.000000	140.000000	0.300000
209.999068	gene_K	105.000000	135.000000	0.022222
209.999068	promoter_A	1.000000	0.000000	0.000000
209.999068	promoter_B1	0.000000	0.000000	0.000000
209.999068	promoter_D	0.000000	0.000000	0.000000
214.999057	__gene_A*_rbs	24.000000	0.000000	0.000000
214.999057	__gene_A_rbs	26.000000	0.000000	0.000000
214.999057	__gene_B_rbs	145.000000	0.000000	0.000000
214.999057	__gene_C_rbs	134.000000	0.000000	0.000000
214.999057	__gene_D_rbs	154.000000	0.000000	0.000000
214.999057	__gene_E_rbs	149.000000	0.000000	0.000000
214.999057	__gene_F_rbs	94.000000	0.000000	0.000000
214.999057	__gene_G_rbs	55.000000	0.000000	0.000000
214.999057	__gene_H_rbs	37.000000	0.000000	0.000000
214.999057	__gene_J_rbs	143.000000	0.000000	0.000000
214.999057	__gene_K_rbs	138.000000	0.000000	0.000000
214.999057	__ribosome	0.000000	0.000000	0.000000
214.999057	bound_ecolipol	1881.000000	0.000000	0.000000
214.999057	bound_ribosome	100.000000	0.000000	0.000000
214.999057	ecoli_genome	119.000000	0.000000	0.000000
214.999057	ecoli_transcript	16309.000000	0.000000	0.000000
214.999057	ecolipol	52.000000	0.000000	0.000000
214.999057	gene_A	15.000000	26.000000	0.115385
214.999057	gene_A*	17.000000	24.000000	0.000000
214.999057	gene_B	157.000000	145.000000	0.020690
214.999057	gene_C	93.000000	136.000000	0.014706
214.999057	gene_D	232.000000	154.000000	0.051948
214.999057	gene_E	158.000000	150.000000	0.026667
214.999057	gene_F	67.000000	94.000000	0.106383
214.999057	gene_G	8.000000	55.000000	0.127273
214.999057	gene_H	0.000000	37.000000	0.405405
214.999057	gene_J	58.000000	144.000000	0.312500
214.999057	gene_K	108.000000	138.000000	0.021739
214.999057	promoter_A	1.000000	0.000000	0.000000
214.999057	promoter_B1	0.000000	0.000000	0.000000
214.999057	promoter_D	0.000000	0.000000	0.000000
219.999116	__gene_A*_rbs	25.000000	0.000000	0.000000
219.999116	__gene_A_rbs	27.000000	0.000000	0.000000
219.999116	__gene_B_rbs	148.000000	0.000000	0.000000
219.999116	__gene_C_rbs	140.000000	0.000000	0.000000
219.999116	__gene_D_rbs	158.000000	0.000000	0.000000
219.999116	__gene_E_rbs	154.000000	0.000000	0.000000
219.999116	__gene_F_rbs	98.000000	0.000000	0.000000
219.999116	__gene_G_rbs	59.000000	0.000000	0.000000
219.999116	__gene_H_rbs	38.000000	0.000000	0.000000
219.999116	__gene_J_rbs	146.000000	0.000000	0.000000
219.999116	__gene_K_rbs	139.000000	0.000000	0.000000
219.999116	__ribosome	0.000000	0.000000	0.000000
219.999116	bound_ecolipol	1888.000000	0.000000	0.000000
219.999116	bound_ribosome	100.000000	0.000000	0.000000
219.999116	ecoli_genome	112.000000	0.000000	0.000000
219.999116	ecoli_transcript	16659.000000	0.000000	0.000000
219.999116	ecolipol	43.000000	0.000000	0.000000
219.999116	gene_A	15.000000	27.000000	0.111111
219.999116	gene_A*	17.000000	25.000000	0.040000
219.999116	gene_B	158.000000	148.000000	0.013514
219.999116	gene_C	94.000000	140.000000	0.014286
219.999116	gene_D	237.000000	158.000000	0.037975
219.999116	gene_E	159.000000	154.000000	0.019481
219.999116	gene_F	68.000000	98.000000	0.122449
219.999116	gene_G	9.000000	59.000000	0.118644
219.999116	gene_H	0.000000	38.000000	0.394737
219.999116	gene_J	60.000000	147.000000	0.312925
219.999116	gene_K	110.000000	141.000000	0.021277
219.999116	promoter_A	1.000000	0.000000	0.000000
219.999116	promoter_B1	0.000000	0.000000	0.000000
219.999116	promoter_D	0.000000	0.000000	0.000000
224.999302	__gene_A*_rbs	26.000000	0.000000	0.000000
224.999302	__gene_A_rbs	27.000000	0.000000	0.000000
224.999302	__gene_B_rbs	152.000000	0.000000	0.000000
224.999302	__gene_C_rbs	143.000000	0.000000	0.000000
224.999302	__gene_D_rbs	161.000000	0.000000	0.000000
224.999302	__gene_E_rbs	157.000000	0.000000	0.000000
224.999302	__gene_F_rbs	101.000000	0.000000	0.000000
224.999302	__gene_G_rbs	62.000000	0.000000	0.000000
224.999302	__gene_H_rbs	39.000000	0.000000	0.000000
224.999302	__gene_J_rbs	150.000000	0.000000	0.000000
224.999302	__gene_K_rbs	143.000000	0.000000	0.000000
224.999302	__ribosome	0.000000	0.000000	0.000000
224.999302	bound_ecolipol	1885.000000	0.000000	0.000000
224.999302	bound_ribosome	100.000000	0.000000	0.000000
224.999302	ecoli_genome	115.000000	0.000000	0.000000
224.999302	ecoli_transcript	17065.000000	0.000000	0.000000
224.999302	ecolipol	50.000000	0.000000	0.000000
224.999302	gene_A	15.000000	27.000000	0.111111
224.999302	gene_A*	17.000000	26.000000	0.076923
224.999302	gene_B	160.000000	152.000000	0.000000
224.999302	gene_C	95.000000	143.000000	0.013986
224.999302	gene_D	239.000000	161.000000	0.031056
224.999302	gene_E	162.000000	158.000000	0.031646
224.999302	gene_F	70.000000	101.000000	0.108911
224.999302	gene_G	9.000000	62.000000	0.112903
224.999302	gene_H	0.000000	39.000000	0.384615
224.999302	gene_J	62.000000	151.000000	0.304636
224.999302	gene_K	113.000000	144.000000	0.027778
224.999302	promoter_A	1.000000	0.000000	0.000000
224.999302	promoter_B1	0.000000	0.000000	0.000000
224.999302	promoter_D	0.000000	0.000000	0.000000
229.999062	__gene_A*_rbs	27.000000	0.000000	0.000000
229.999062	__gene_A_rbs	27.000000	0.000000	0.000000
229.999062	__gene_B_rbs	155.000000	0.000000	0.000000
229.999062	__gene_C_rbs	146.000000	0.000000	0.000000
229.999062	__gene_D_rbs	165.000000	0.000000	0.000000
229.999062	__gene_E_rbs	161.000000	0.000000	0.000000
229.999062	__gene_F_rbs	103.000000	0.000000	0.000000
229.999062	__gene_G_rbs	63.000000	0.000000	0.000000
229.999062	__gene_H_rbs	40.000000	0.000000	0.000000
229.999062	__gene_J_rbs	154.000000	0.000000	0.000000
229.999062	__gene_K_rbs	148.000000	0.000000	0.000000
229.999062	__ribosome	0.000000	0.000000	0.000000
229.999062	bound_ecolipol	1883.000000	0.000000	0.000000
229.999062	bound_ribosome	100.000000	0.000000	0.000000
229.999062	ecoli_genome	117.000000	0.000000	0.000000
229.999062	ecoli_transcript	17427.000000	0.000000	0.000000
229.999062	ecolipol	53.000000	0.000000	0.000000
229.999062	gene_A	15.000000	27.000000	0.111111
229.999062	gene_A*	17.000000	27.000000	0.074074
229.999062	gene_B	160.000000	155.000000	0.000000
229.999062	gene_C	97.000000	146.000000	0.013699
229.999062	gene_D	240.000000	165.000000	0.030303
229.999062	gene_E	162.000000	161.000000	0.037267
229.999062	gene_F	72.000000	103.000000	0.097087
229.999062	gene_G	9.000000	63.000000	0.126984
229.999062	gene_H	0.000000	40.000000	0.375000
229.999062	gene_J	64.000000	155.000000	0.296774
229.999062	gene_K	115.000000	148.000000	0.020270
229.999062	promoter_A	0.000000	0.000000	0.000000
229.999062	promoter_B1	0.000000	0.000000	0.000000
229.999062	promoter_D	0.000000	0.000000	0.000000
234.999169	__gene_A*_rbs	27.000000	0.000000	0.000000
234.999169	__gene_A_rbs	29.000000	0.000000	0.000000
234.999169	__gene_B_rbs	158.000000	0.000000	0.000000
234.999169	__gene_C_rbs	148.000000	0.000000	0.000000
234.999169	__gene_D_rbs	169.000000	0.000000	0.000000
234.999169	__gene_E_rbs	165.000000	0.000000	0.000000
234.999169	__gene_F_rbs	104.000000	0.000000	0.000000
234.999169	__gene_G_rbs	65.000000	0.000000	0.000000
234.999169	__gene_H_rbs	42.000000	0.000000	0.000000
234.999169	__gene_J_rbs	159.000000	0.000000	0.000000
234.999169	__gene_K_rbs	151.000000	0.000000	0.000000
234.999169	__ribosome	0.000000	0.000000	0.000000
234.999169	bound_ecolipol	1893.000000	0.000000	0.000000
234.999169	bound_ribosome	100.000000	0.000000	0.000000
234.999169	ecoli_genome	107.000000	0.000000	0.000000
234.999169	ecoli_transcript	17782.000000	0.000000	0.000000
234.999169	ecolipol	41.000000	0.000000	0.000000
234.999169	gene_A	15.000000	29.000000	0.137931
234.999169	gene_A*	17.000000	27.000000	0.074074
234.999169	gene_B	160.000000	158.000000	0.006329
234.999169	gene_C	98.000000	149.000000	0.013423
234.999169	gene_D	243.000000	169.000000	0.035503
234.999169	gene_E	167.000000	165.000000	0.030303
234.999169	gene_F	73.000000	104.000000	0.115385
234.999169	gene_G	10.000000	65.000000	0.123077
234.999169	gene_H	0.000000	42.000000	0.357143
234.999169	gene_J	66.000000	159.000000	0.283019
234.999169	gene_K	118.000000	151.000000	0.000000
234.999169	promoter_A	1.000000	0.000000	0.000000
234.999169	promoter_B1	0.000000	0.000000	0.000000
234.999169	promoter_D	0.000000	0.000000	0.000000
239.999097	__gene_A*_rbs	27.000000	0.000000	0.000000
239.999097	__gene_A_rbs	29.000000	0.000000	0.000000
239.999097	__gene_B_rbs	161.000000	0.000000	0.000000
239.999097	__gene_C_rbs	153.000000	0.000000	0.000000
239.999097	__gene_D_rbs	172.000000	0.000000	0.000000
239.999097	__gene_E_rbs	167.000000	0.000000	0.000000
239.999097	__gene_F_rbs	107.000000	0.000000	0.000000
239.999097	__gene_G_rbs	65.000000	0.000000	0.000000
239.999097	__gene_H_rbs	44.000000	0.000000	0.000000
239.999097	__gene_J_rbs	162.000000	0.000000	0.000000
239.999097	__gene_K_rbs	154.000000	0.000000	0.000000
239.999097	__ribosome	0.000000	0.000000	0.000000
239.999097	bound_ecolipol	1885.000000	0.000000	0.000000
239.999097	bound_ribosome	100.000000	0.000000	0.000000
239.999097	ecoli_genome	115.000000	0.000000	0.000000
239.999097	ecoli_transcript	18172.000000	0.000000	0.000000
239.999097	ecolipol	48.000000	0.000000	0.000000
239.999097	gene_A	15.000000	29.000000	0.137931
239.999097	gene_A*	17.000000	27.000000	0.074074
239.999097	gene_B	160.000000	161.000000	0.006211
239.999097	gene_C	99.000000	153.000000	0.006536
239.999097	gene_D	244.000000	172.000000	0.029070
239.999097	gene_E	169.000000	168.000000	0.023810
239.999097	gene_F	74.000000	107.000000	0.112150
239.999097	gene_G	10.000000	65.000000	0.123077
239.999097	gene_H	0.000000	45.000000	0.355556
239.999097	gene_J	66.000000	162.000000	0.283951
239.999097	gene_K	118.000000	154.000000	0.006494
239.999097	promoter_A	1.000000	0.000000	0.000000
239.999097	promoter_B1	0.000000	0.000000	0.000000
239.999097	promoter_D	0.000000	0.000000	0.000000
244.999094	__gene_A*_rbs	27.000000	0.000000	0.000000
244.999094	__gene_A_rbs	30.000000	0.000000	0.000000
244.999094	__gene_B_rbs	165.000000	0.000000	0.000000
244.999094	__gene_C_rbs	156.000000	0.000000	0.000000
244.999094	__gene_D_rbs	176.000000	0.000000	0.000000
244.999094	__gene_E_rbs	172.000000	0.000000	0.000000
244.999094	__gene_F_rbs	110.000000	0.000000	0.000000
244.999094	__gene_G_rbs	67.000000	0.000000	0.000000
244.999094	__gene_H_rbs	45.000000	0.000000	0.000000
244.999094	__gene_J_rbs	165.000000	0.000000	0.000000
244.999094	__gene_K_rbs	157.000000	0.000000	0.000000
244.999094	__ribosome	0.000000	0.000000	0.000000
244.999094	bound_ecolipol	1884.000000	0.000000	0.000000
244.999094	bound_ribosome	100.000000	0.000000	0.000000
244.999094	ecoli_genome	116.000000	0.000000	0.000000
244.999094	ecoli_transcript	18548.000000	0.000000	0.000000
244.999094	ecolipol	49.000000	0.000000	0.000000
244.999094	gene_A	15.000000	30.000000	0.133333
244.999094	gene_A*	17.000000	27.000000	0.074074
244.999094	gene_B	161.000000	165.000000	0.018182
244.999094	gene_C	100.000000	156.000000	0.006410
244.999094	gene_D	245.000000	176.000000	0.022727
244.999094	gene_E	172.000000	172.000000	0.023256
244.999094	gene_F	75.000000	110.000000	0.100000
244.999094	gene_G	10.000000	67.000000	0.134328
244.999094	gene_H	0.000000	45.000000	0.355556
244.999094	gene_J	66.000000	165.000000	0.278788
244.999094	gene_K	119.000000	157.000000	0.000000
244.999094	promoter_A	1.000000	0.000000	0.000000
244.999094	promoter_B1	0.000000	0.000000	0.000000
244.999094	promoter_D	0.000000	0.000000	0.000000
249.999271	__gene_A*_rbs	29.000000	0.000000	0.000000
249.999271	__gene_A_rbs	32.000000	0.000000	0.000000
249.999271	__gene_B_rbs	168.000000	0.000000	0.000000
249.999271	__gene_C_rbs	159.000000	0.000000	0.000000
249.999271	__gene_D_rbs	180.000000	0.000000	0.000000
249.999271	__gene_E_rbs	176.000000	0.000000	0.000000
249.999271	__gene_F_rbs	111.000000	0.000000	0.000000
249.999271	__gene_G_rbs	68.000000	0.000000	0.000000
249.999271	__gene_H_rbs	46.000000	0.000000	0.000000
249.999271	__gene_J_rbs	169.000000	0.000000	0.000000
249.999271	__gene_K_rbs	161.000000	0.000000	0.000000
249.999271	__ribosome	0.000000	0.000000	0.000000
249.999271	bound_ecolipol	1888.000000	0.000000	0.000000
249.999271	bound_ribosome	100.000000	0.000000	0.000000
249.999271	ecoli_genome	112.000000	0.000000	0.000000
249.999271	ecoli_transcript	18922.000000	0.000000	0.000000
249.999271	ecolipol	41.000000	0.000000	0.000000
249.999271	gene_A	15.000000	32.000000	0.125000
249.999271	gene_A*	17.000000	29.000000	0.068966
249.999271	gene_B	161.000000	168.000000	0.017857
249.999271	gene_C	100.000000	159.000000	0.012579
249.999271	gene_D	249.000000	180.000000	0.000000
249.999271	gene_E	173.000000	176.000000	0.022727
249.999271	gene_F	77.000000	111.000000	0.081081
249.999271	gene_G	11.000000	69.000000	0.130435
249.999271	gene_H	0.000000	47.000000	0.361702
249.999271	gene_J	66.000000	169.000000	0.284024
249.999271	gene_K	119.000000	161.000000	0.012422
249.999271	promoter_A	1.000000	0.000000	0.000000
249.999271	promoter_B1	0.000000	0.000000	0.000000
249.999271	promoter_D	0.000000	0.000000	0.000000
254.999096	__gene_A*_rbs	29.000000	0.000000	0.000000
254.999096	__gene_A_rbs	33.000000	0.000000	0.000000
254.999096	__gene_B_rbs	172.000000	0.000000	0.000000
254.999096	__gene_C_rbs	162.000000	0.000000	0.000000
254.999096	__gene_D_rbs	182.000000	0.000000	0.000000
254.999096	__gene_E_rbs	179.000000	0.000000	0.000000
254.999096	__gene_F_rbs	114.000000	0.000000	0.000000
254.999096	__gene_G_rbs	70.000000	0.000000	0.000000
254.999096	__gene_H_rbs	47.000000	0.000000	0.000000
254.999096	__gene_J_rbs	172.000000	0.000000	0.000000
254.999096	__gene_K_rbs	162.000000	0.000000	0.000000
254.999096	__ribosome	0.000000	0.000000	0.000000
254.999096	bound_ecolipol	1877.000000	0.000000	0.000000
254.999096	bound_ribosome	100.000000	0.000000	0.000000
254.999096	ecoli_genome	123.000000	0.000000	0.000000
254.999096	ecoli_transcript	19346.000000	0.000000	0.000000
254.999096	ecolipol	49.000000	0.000000	0.000000
254.999096	gene_A	15.000000	33.000000	0.151515
254.999096	gene_A*	18.000000	29.000000	0.034483
254.999096	gene_B	163.000000	172.000000	0.017442
254.999096	gene_C	101.000000	162.000000	0.006173
254.999096	gene_D	249.000000	183.000000	0.010929
254.999096	gene_E	176.000000	179.000000	0.005587
254.999096	gene_F	77.000000	114.000000	0.078947
254.999096	gene_G	12.000000	70.000000	0.114286
254.999096	gene_H	0.000000	47.000000	0.382979
254.999096	gene_J	67.000000	172.000000	0.273256
254.999096	gene_K	121.000000	164.000000	0.030488
254.999096	promoter_A	1.000000	0.000000	0.000000
254.999096	promoter_B1	0.000000	0.000000	0.000000
254.999096	promoter_D	0.000000	0.000000	0.000000
259.999086	__gene_A*_rbs	30.000000	0.000000	0.000000
259.999086	__gene_A_rbs	34.000000	0.000000	0.000000
259.999086	__gene_B_rbs	175.000000	0.000000	0.000000
259.999086	__gene_C_rbs	166.000000	0.000000	0.000000
259.999086	__gene_D_rbs	186.000000	0.000000	0.000000
259.999086	__gene_E_rbs	181.000000	0.000000	0.000000
259.999086	__gene_F_rbs	116.000000	0.000000	0.000000
259.999086	__gene_G_rbs	74.000000	0.000000	0.000000
259.999086	__gene_H_rbs	47.000000	0.000000	0.000000
259.999086	__gene_J_rbs	176.000000	0.000000	0.000000
259.999086	__gene_K_rbs	167.000000	0.000000	0.000000
259.999086	__ribosome	0.000000	0.000000	0.000000
259.999086	bound_ecolipol	1882.000000	0.000000	0.000000
259.999086	bound_ribosome	100.000000	0.000000	0.000000
259.999086	ecoli_genome	118.000000	0.000000	0.000000
259.999086	ecoli_transcript	19737.000000	0.000000	0.000000
259.999086	ecolipol	45.000000	0.000000	0.000000
259.999086	gene_A	16.000000	34.000000	0.147059
259.999086	gene_A*	19.000000	30.000000	0.000000
259.999086	gene_B	164.000000	176.000000	0.028409
259.999086	gene_C	102.000000	166.000000	0.006024
259.999086	gene_D	249.000000	186.000000	0.016129
259.999086	gene_E	177.000000	182.000000	0.021978
259.999086	gene_F	80.000000	116.000000	0.068966
259.999086	gene_G	12.000000	74.000000	0.108108
259.999086	gene_H	0.000000	47.000000	0.382979
259.999086	gene_J	67.000000	176.000000	0.267045
259.999086	gene_K	125.000000	167.000000	0.005988
259.999086	promoter_A	1.000000	0.000000	0.000000
259.999086	promoter_B1	0.000000	0.000000	0.000000
259.999086	promoter_D	0.000000	0.000000	0.000000
264.999298	__gene_A*_rbs	31.000000	0.000000	0.000000
264.999298	__gene_A_rbs	35.000000	0.000000	0.000000
264.999298	__gene_B_rbs	179.000000	0.000000	0.000000
264.999298	__gene_C_rbs	169.000000	0.000000	0.000000
264.999298	__gene_D_rbs	190.000000	0.000000	0.000000
264.999298	__gene_E_rbs	186.000000	0.000000	0.000000
264.999298	__gene_F_rbs	118.000000	0.000000	0.000000
264.999298	__gene_G_rbs	76.000000	0.000000	0.000000
264.999298	__gene_H_rbs	49.000000	0.000000	0.000000
264.999298	__gene_J_rbs	178.000000	0.000000	0.000000
264.999298	__gene_K_rbs	169.000000	0.000000	0.000000
264.999298	__ribosome	0.000000	0.000000	0.000000
264.999298	bound_ecolipol	1881.000000	0.000000	0.000000
264.999298	bound_ribosome	100.000000	0.000000	0.000000
264.999298	ecoli_genome	119.000000	0.000000	0.000000
264.999298	ecoli_transcript	20113.000000	0.000000	0.000000
264.999298	ecolipol	47.000000	0.000000	0.000000
264.999298	gene_A	18.000000	35.000000	0.085714
264.999298	gene_A*	19.000000	31.000000	0.000000
264.999298	gene_B	166.000000	179.000000	0.016760
264.999298	gene_C	102.000000	169.000000	0.011834
264.999298	gene_D	249.000000	190.000000	0.015789
264.999298	gene_E	178.000000	186.000000	0.021505
264.999298	gene_F	80.000000	118.000000	0.067797
264.999298	gene_G	13.000000	76.000000	0.105263
264.999298	gene_H	0.000000	49.000000	0.367347
264.999298	gene_J	67.000000	179.000000	0.273743
264.999298	gene_K	126.000000	171.000000	0.011696
264.999298	promoter_A	1.000000	0.000000	0.000000
264.999298	promoter_B1	0.000000	0.000000	0.000000
264.999298	promoter_D	0.000000	0.000000	0.000000
269.999447	__gene_A*_rbs	32.000000	0.000000	0.000000
269.999447	__gene_A_rbs	36.000000	0.000000	0.000000
269.999447	__gene_B_rbs	182.000000	0.000000	0.000000
269.999447	__gene_C_rbs	173.000000	0.000000	0.000000
269.999447	__gene_D_rbs	194.000000	0.000000	0.000000
269.999447	__gene_E_rbs	189.000000	0.000000	0.000000
269.999447	__gene_F_rbs	121.000000	0.000000	0.000000
269.999447	__gene_G_rbs	77.000000	0.000000	0.000000
269.999447	__gene_H_rbs	50.000000	0.000000	0.000000
269.999447	__gene_J_rbs	183.000000	0.000000	0.000000
269.999447	__gene_K_rbs	174.000000	0.000000	0.000000
269.999447	__ribosome	0.000000	0.000000	0.000000
269.999447	bound_ecolipol	1878.000000	0.000000	0.000000
269.999447	bound_ribosome	100.000000	0.000000	0.000000
269.999447	ecoli_genome	122.000000	0.000000	0.000000
269.999447	ecoli_transcript	20464.000000	0.000000	0.000000
269.999447	ecolipol	52.000000	0.000000	0.000000
269.999447	gene_A	18.000000	36.000000	0.083333
269.999447	gene_A*	19.000000	33.000000	0.000000
269.999447	gene_B	166.000000	182.000000	0.021978
269.999447	gene_C	103.000000	173.000000	0.017341
269.999447	gene_D	250.000000	194.000000	0.025773
269.999447	gene_E	181.000000	189.000000	0.010582
269.999447	gene_F	81.000000	121.000000	0.057851
269.999447	gene_G	13.000000	77.000000	0.103896
269.999447	gene_H	0.000000	50.000000	0.360000
269.999447	gene_J	69.000000	184.000000	0.255435
269.999447	gene_K	126.000000	175.000000	0.017143
269.999447	promoter_A	1.000000	0.000000	0.000000
269.999447	promoter_B1	0.000000	0.000000	0.000000
269.999447	promoter_D	0.000000	0.000000	0.000000
274.999511	__gene_A*_rbs	34.000000	0.000000	0.000000
274.999511	__gene_A_rbs	37.000000	0.000000	0.000000
274.999511	__gene_B_rbs	186.000000	0.000000	0.000000
274.999511	__gene_C_rbs	176.000000	0.000000	0.000000
274.999511	__gene_D_rbs	197.000000	0.000000	0.000000
274.999511	__gene_E_rbs	192.000000	0.000000	0.000000
274.999511	__gene_F_rbs	125.000000	0.000000	0.000000
274.999511	__gene_G_rbs	80.000000	0.000000	0.000000
274.999511	__gene_H_rbs	53.000000	0.000000	0.000000
274.999511	__gene_J_rbs	187.000000	0.000000	0.000000
274.999511	__gene_K_rbs	177.000000	0.000000	0.000000
274.999511	__ribosome	0.000000	0.000000	0.000000
274.999511	bound_ecolipol	1882.000000	0.000000	0.000000
274.999511	bound_ribosome	100.000000	0.000000	0.000000
274.999511	ecoli_genome	118.000000	0.000000	0.000000
274.999511	ecoli_transcript	20800.000000	0.000000	0.000000
274.999511	ecolipol	45.000000	0.000000	0.000000
274.999511	gene_A	18.000000	37.000000	0.081081
274.999511	gene_A*	19.000000	34.000000	0.000000
274.999511	gene_B	169.000000	186.000000	0.010753
274.999511	gene_C	104.000000	176.000000	0.022727
274.999511	gene_D	252.000000	197.000000	0.020305
274.999511	gene_E	183.000000	193.000000	0.005181
274.999511	gene_F	83.000000	125.000000	0.048000
274.999511	gene_G	13.000000	80.000000	0.125000
274.999511	gene_H	0.000000	53.000000	0.358491
274.999511	gene_J	69.000000	187.000000	0.256684
274.999511	gene_K	128.000000	178.000000	0.016854
274.999511	promoter_A	1.000000	0.000000	0.000000
274.999511	promoter_B1	0.000000	0.000000	0.000000
274.999511	promoter_D	0.000000	0.000000	0.000000
279.999228	__gene_A*_rbs	35.000000	0.000000	0.000000
279.999228	__gene_A_rbs	37.000000	0.000000	0.000000
279.999228	__gene_B_rbs	190.000000	0.000000	0.000000
279.999228	__gene_C_rbs	180.000000	0.000000	0.000000
279.999228	__gene_D_rbs	200.000000	0.000000	0.000000
279.999228	__gene_E_rbs	196.000000	0.000000	0.000000
279.999228	__gene_F_rbs	128.000000	0.000000	0.000000
279.999228	__gene_G_rbs	81.000000	0.000000	0.000000
279.999228	__gene_H_rbs	55.000000	0.000000	0.000000
279.999228	__gene_J_rbs	189.000000	0.000000	0.000000
279.999228	__gene_K_rbs	182.000000	0.000000	0.000000
279.999228	__ribosome	1.000000	0.000000	0.000000
279.999228	bound_ecolipol	1889.000000	0.000000	0.000000
279.999228	bound_ribosome	100.000000	0.000000	0.000000
279.999228	ecoli_genome	111.000000	0.000000	0.000000
279.999228	ecoli_transcript	21186.000000	0.000000	0.000000
279.999228	ecolipol	39.000000	0.000000	0.000000
279.999228	gene_A	18.000000	37.000000	0.081081
279.999228	gene_A*	19.000000	35.000000	0.000000
279.999228	gene_B	170.000000	190.000000	0.015789
279.999228	gene_C	108.000000	180.000000	0.000000
279.999228	gene_D	252.000000	200.000000	0.025000
279.999228	gene_E	183.000000	197.000000	0.015228
279.999228	gene_F	85.000000	128.000000	0.031250
279.999228	gene_G	14.000000	81.000000	0.123457
279.999228	gene_H	0.000000	55.000000	0.345455
279.999228	gene_J	69.000000	190.000000	0.263158
279.999228	gene_K	130.000000	182.000000	0.010989
279.999228	promoter_A	1.000000	0.000000	0.000000
279.999228	promoter_B1	0.000000	0.000000	0.000000
279.999228	promoter_D	0.000000	0.000000	0.000000
284.999026	__gene_A*_rbs	36.000000	0.000000	0.000000
284.999026	__gene_A_rbs	37.000000	0.000000	0.000000
284.999026	__gene_B_rbs	194.000000	0.000000	0.000000
284.999026	__gene_C_rbs	183.000000	0.000000	0.000000
284.999026	__gene_D_rbs	202.000000	0.000000	0.000000
284.999026	__gene_E_rbs	200.000000	0.000000	0.000000
284.999026	__gene_F_rbs	130.000000	0.000000	0.000000
284.999026	__gene_G_rbs	84.000000	0.000000	0.000000
284.999026	__gene_H_rbs	56.000000	0.000000	0.000000
284.999026	__gene_J_rbs	195.000000	0.000000	0.000000
284.999026	__gene_K_rbs	184.000000	0.000000	0.000000
284.999026	__ribosome	0.000000	0.000000	0.000000
284.999026	bound_ecolipol	1873.000000	0.000000	0.000000
284.999026	bound_ribosome	100.000000	0.000000	0.000000
284.999026	ecoli_genome	127.000000	0.000000	0.000000
284.999026	ecoli_transcript	21555.000000	0.000000	0.000000
284.999026	ecolipol	53.000000	0.000000	0.000000
284.999026	gene_A	18.000000	37.000000	0.108108
284.999026	gene_A*	19.000000	36.000000	0.000000
284.999026	gene_B	170.000000	194.000000	0.015464
284.999026	gene_C	108.000000	183.000000	0.005464
284.999026	gene_D	255.000000	203.000000	0.029557
284.999026	gene_E	184.000000	200.000000	0.010000
284.999026	gene_F	86.000000	130.000000	0.023077
284.999026	gene_G	14.000000	84.000000	0.130952
284.999026	gene_H	0.000000	56.000000	0.339286
284.999026	gene_J	72.000000	195.000000	0.251282
284.999026	gene_K	132.000000	185.000000	0.010811
284.999026	promoter_A	1.000000	0.000000	0.000000
284.999026	promoter_B1	0.000000	0.000000	0.000000
284.999026	promoter_D	0.000000	0.000000	0.000000
289.999016	__gene_A*_rbs	37.000000	0.000000	0.000000
289.999016	__gene_A_rbs	37.000000	0.000000	0.000000
289.999016	__gene_B_rbs	197.000000	0.000000	0.000000
289.999016	__gene_C_rbs	185.000000	0.000000	0.000000
289.999016	__gene_D_rbs	206.000000	0.000000	0.000000
289.999016	__gene_E_rbs	203.000000	0.000000	0.000000
289.999016	__gene_F_rbs	130.000000	0.000000	0.000000
289.999016	__gene_G_rbs	86.000000	0.000000	0.000000
289.999016	__gene_H_rbs	58.000000	0.000000	0.000000
289.999016	__gene_J_rbs	198.000000	0.000000	0.000000
289.999016	__gene_K_rbs	188.000000	0.000000	0.000000
289.999016	__ribosome	0.000000	0.000000	0.000000
289.999016	bound_ecolipol	1882.000000	0.000000	0.000000
289.999016	bound_ribosome	100.000000	0.000000	0.000000
289.999016	ecoli_genome	118.000000	0.000000	0.000000
289.999016	ecoli_transcript	21917.000000	0.000000	0.000000
289.999016	ecolipol	46.000000	0.000000	0.000000
289.999016	gene_A	19.000000	37.000000	0.108108
289.999016	gene_A*	19.000000	37.000000	0.000000
289.999016	gene_B	172.000000	197.000000	0.005076
289.999016	gene_C	109.000000	186.000000	0.010753
289.999016	gene_D	256.000000	206.000000	0.029126
289.999016	gene_E	186.000000	203.000000	0.000000
289.999016	gene_F	86.000000	131.000000	0.038168
289.999016	gene_G	14.000000	86.000000	0.127907
289.999016	gene_H	0.000000	58.000000	0.344828
289.999016	gene_J	73.000000	198.000000	0.242424
289.999016	gene_K	133.000000	189.000000	0.015873
289.999016	promoter_A	1.000000	0.000000	0.000000
289.999016	promoter_B1	0.000000	0.000000	0.000000
289.999016	promoter_D	0.000000	0.000000	0.000000
294.999061	__gene_A*_rbs	37.000000	0.000000	0.000000
294.999061	__gene_A_rbs	37.000000	0.000000	0.000000
294.999061	__gene_B_rbs	201.000000	0.000000	0.000000
294.999061	__gene_C_rbs	190.000000	0.000000	0.000000
294.999061	__gene_D_rbs	210.000000	0.000000	0.000000
294.999061	__gene_E_rbs	206.000000	0.000000	0.000000
294.999061	__gene_F_rbs	134.000000	0.000000	0.000000
294.999061	__gene_G_rbs	88.000000	0.000000	0.000000
294.999061	__gene_H_rbs	59.000000	0.000000	0.000000
294.999061	__gene_J_rbs	201.000000	0.000000	0.000000
294.999061	__gene_K_rbs	192.000000	0.000000	0.000000
294.999061	__ribosome	0.000000	0.000000	0.000000
294.999061	bound_ecolipol	1888.000000	0.000000	0.000000
294.999061	bound_ribosome	100.000000	0.000000	0.000000
294.999061	ecoli_genome	112.000000	0.000000	0.000000
294.999061	ecoli_transcript	22285.000000	0.000000	0.000000
294.999061	ecolipol	42.000000	0.000000	0.000000
294.999061	gene_A	19.000000	37.000000	0.108108
294.999061	gene_A*	19.000000	37.000000	0.000000
294.999061	gene_B	173.000000	201.000000	0.004975
294.999061	gene_C	109.000000	190.000000	0.015789
294.999061	gene_D	257.000000	210.000000	0.023810
294.999061	gene_E	186.000000	206.000000	0.009709
294.999061	gene_F	86.000000	134.000000	0.037313
294.999061	gene_G	16.000000	88.000000	0.102273
294.999061	gene_H	0.000000	59.000000	0.338983
294.999061	gene_J	73.000000	201.000000	0.243781
294.999061	gene_K	136.000000	192.000000	0.010417
294.999061	promoter_A	1.000000	0.000000	0.000000
294.999061	promoter_B1	0.000000	0.000000	0.000000
294.999061	promoter_D	0.000000	0.000000	0.000000
299.999840	__gene_A*_rbs	37.000000	0.000000	0.000000
299.999840	__gene_A_rbs	38.000000	0.000000	0.000000
299.999840	__gene_B_rbs	204.000000	0.000000	0.000000
299.999840	__gene_C_rbs	193.000000	0.000000	0.000000
299.999840	__gene_D_rbs	213.000000	0.000000	0.000000
299.999840	__gene_E_rbs	209.000000	0.000000	0.000000
299.999840	__gene_F_rbs	135.000000	0.000000	0.000000
299.999840	__gene_G_rbs	90.000000	0.000000	0.000000
299.999840	__gene_H_rbs	61.000000	0.000000	0.000000
299.999840	__gene_J_rbs	202.000000	0.000000	0.000000
299.999840	__gene_K_rbs	195.000000	0.000000	0.000000
299.999840	__ribosome	0.000000	0.000000	0.000000
299.999840	bound_ecolipol	1884.000000	0.000000	0.000000
299.999840	bound_ribosome	100.000000	0.000000	0.000000
299.999840	ecoli_genome	116.000000	0.000000	0.000000
299.999840	ecoli_transcript	22690.000000	0.000000	0.000000
299.999840	ecolipol	45.000000	0.000000	0.000000
299.999840	gene_A	19.000000	38.000000	0.131579
299.999840	gene_A*	19.000000	37.000000	0.000000
299.999840	gene_B	173.000000	204.000000	0.014706
299.999840	gene_C	111.000000	194.000000	0.005155
299.999840	gene_D	260.000000	213.000000	0.018779
299.999840	gene_E	187.000000	209.000000	0.009569
299.999840	gene_F	86.000000	136.000000	0.051471
299.999840	gene_G	17.000000	90.000000	0.088889
299.999840	gene_H	0.000000	61.000000	0.327869
299.999840	gene_J	74.000000	203.000000	0.241379
299.999840	gene_K	138.000000	196.000000	0.005102
299.999840	promoter_A	1.000000	0.000000	0.000000
299.999840	promoter_B1	0.000000	0.000000	0.000000
299.999840	promoter_D	0.000000	0.000000	0.000000
304.999166	__gene_A*_rbs	37.000000	0.000000	0.000000
304.999166	__gene_A_rbs	38.000000	0.000000	0.000000
304.999166	__gene_B_rbs	207.000000	0.000000	0.000000
304.999166	__gene_C_rbs	198.000000	0.000000	0.000000
304.999166	__gene_D_rbs	217.000000	0.000000	0.000000
304.999166	__gene_E_rbs	213.000000	0.000000	0.000000
304.999166	__gene_F_rbs	137.000000	0.000000	0.000000
304.999166	__gene_G_rbs	93.000000	0.000000	0.000000
304.999166	__gene_H_rbs	63.000000	0.000000	0.000000
304.999166	__gene_J_rbs	207.000000	0.000000	0.000000
304.999166	__gene_K_rbs	200.000000	0.000000	0.000000
304.999166	__ribosome	0.000000	0.000000	0.000000
304.999166	bound_ecolipol	1887.000000	0.000000	0.000000
304.999166	bound_ribosome	100.000000	0.000000	0.000000
304.999166	ecoli_genome	113.000000	0.000000	0.000000
304.999166	ecoli_transcript	23086.000000	0.000000	0.000000
304.999166	ecolipol	41.000000	0.000000	0.000000
304.999166	gene_A	20.000000	38.000000	0.105263
304.999166	gene_A*	19.000000	37.000000	0.000000
304.999166	gene_B	173.000000	207.000000	0.024155
304.999166	gene_C	112.000000	198.000000	0.005051
304.999166	gene_D	262.000000	217.000000	0.009217
304.999166	gene_E	188.000000	213.000000	0.009390
304.999166	gene_F	88.000000	137.000000	0.043796
304.999166	gene_G	17.000000	93.000000	0.086022
304.999166	gene_H	0.000000	63.000000	0.317460
304.999166	gene_J	75.000000	207.000000	0.241546
304.999166	gene_K	139.000000	200.000000	0.010000
304.999166	promoter_A	1.000000	0.000000	0.000000
304.999166	promoter_B1	0.000000	0.000000	0.000000
304.999166	promoter_D	0.000000	0.000000	0.000000
309.999213	__gene_A*_rbs	37.000000	0.000000	0.000000
309.999213	__gene_A_rbs	38.000000	0.000000	0.000000
309.999213	__gene_B_rbs	211.000000	0.000000	0.000000
309.999213	__gene_C_rbs	201.000000	0.000000	0.000000
309.999213	__gene_D_rbs	221.000000	0.000000	0.000000
309.999213	__gene_E_rbs	216.000000	0.000000	0.000000
309.999213	__gene_F_rbs	140.000000	0.000000	0.000000
309.999213	__gene_G_rbs	95.000000	0.000000	0.000000
309.999213	__gene_H_rbs	65.000000	0.000000	0.000000
309.999213	__gene_J_rbs	210.000000	0.000000	0.000000
309.999213	__gene_K_rbs	202.000000	0.000000	0.000000
309.999213	__ribosome	0.000000	0.000000	0.000000
309.999213	bound_ecolipol	1893.000000	0.000000	0.000000
309.999213	bound_ribosome	100.000000	0.000000	0.000000
309.999213	ecoli_genome	107.000000	0.000000	0.000000
309.999213	ecoli_transcript	23426.000000	0.000000	0.000000
309.999213	ecolipol	35.000000	0.000000	0.000000
309.999213	gene_A	21.000000	38.000000	0.078947
309.999213	gene_A*	19.000000	37.000000	0.000000
309.999213	gene_B	175.000000	211.000000	0.018957
309.999213	gene_C	112.000000	201.000000	0.009950
309.999213	gene_D	262.000000	221.000000	0.009050
309.999213	gene_E	190.000000	217.000000	0.004608
309.999213	gene_F	88.000000	140.000000	0.042857
309.999213	gene_G	17.000000	95.000000	0.094737
309.999213	gene_H	0.000000	65.000000	0.307692
309.999213	gene_J	76.000000	210.000000	0.242857
309.999213	gene_K	141.000000	203.000000	0.009852
309.999213	promoter_A	1.000000	0.000000	0.000000
309.999213	promoter_B1	0.000000	0.000000	0.000000
309.999213	promoter_D	0.000000	0.000000	0.000000
314.999003	__gene_A*_rbs	38.000000	0.000000	0.000000
314.999003	__gene_A_rbs	39.000000	0.000000	0.000000
314.999003	__gene_B_rbs	215.000000	0.000000	0.000000
314.999003	__gene_C_rbs	204.000000	0.000000	0.000000
314.999003	__gene_D_rbs	225.000000	0.000000	0.000000
314.999003	__gene_E_rbs	220.000000	0.000000	0.000000
314.999003	__gene_F_rbs	141.000000	0.000000	0.000000
314.999003	__gene_G_rbs	98.000000	0.000000	0.000000
314.999003	__gene_H_rbs	67.000000	0.000000	0.000000
314.999003	__gene_J_rbs	212.000000	0.000000	0.000000
314.999003	__gene_K_rbs	207.000000	0.000000	0.000000
314.999003	__ribosome	0.000000	0.000000	0.000000
314.999003	bound_ecolipol	1883.000000	0.000000	0.000000
314.999003	bound_ribosome	100.000000	0.000000	0.000000
314.999003	ecoli_genome	117.000000	0.000000	0.000000
314.999003	ecoli_transcript	23782.000000	0.000000	0.000000
314.999003	ecolipol	45.000000	0.000000	0.000000
314.999003	gene_A	21.000000	39.000000	0.076923
314.999003	gene_A*	19.000000	38.000000	0.026316
314.999003	gene_B	178.000000	215.000000	0.018605
314.999003	gene_C	113.000000	205.000000	0.009756
314.999003	gene_D	264.000000	225.000000	0.000000
314.999003	gene_E	190.000000	220.000000	0.004545
314.999003	gene_F	88.000000	141.000000	0.049645
314.999003	gene_G	17.000000	98.000000	0.102041
314.999003	gene_H	0.000000	67.000000	0.298507
314.999003	gene_J	76.000000	213.000000	0.244131
314.999003	gene_K	143.000000	207.000000	0.000000
314.999003	promoter_A	0.000000	0.000000	0.000000
314.999003	promoter_B1	0.000000	0.000000	0.000000
314.999003	promoter_D	0.000000	0.000000	0.000000
319.999261	__gene_A*_rbs	38.000000	0.000000	0.000000
319.999261	__gene_A_rbs	40.000000	0.000000	0.000000
319.999261	__gene_B_rbs	219.000000	0.000000	0.000000
319.999261	__gene_C_rbs	208.000000	0.000000	0.000000
319.999261	__gene_D_rbs	229.000000	0.000000	0.000000
319.999261	__gene_E_rbs	224.000000	0.000000	0.000000
319.999261	__gene_F_rbs	144.000000	0.000000	0.000000
319.999261	__gene_G_rbs	100.000000	0.000000	0.000000
319.999261	__gene_H_rbs	69.000000	0.000000	0.000000
319.999261	__gene_J_rbs	217.000000	0.000000	0.000000
319.999261	__gene_K_rbs	211.000000	0.000000	0.000000
319.999261	__ribosome	0.000000	0.000000	0.000000
319.999261	bound_ecolipol	1885.000000	0.000000	0.000000
319.999261	bound_ribosome	100.000000	0.000000	0.000000
319.999261	ecoli_genome	115.000000	0.000000	0.000000
319.999261	ecoli_transcript	24169.000000	0.000000	0.000000
319.999261	ecolipol	41.000000	0.000000	0.000000
319.999261	gene_A	21.000000	40.000000	0.075000
319.999261	gene_A*	19.000000	38.000000	0.026316
319.999261	gene_B	179.000000	219.000000	0.013699
319.999261	gene_C	114.000000	208.000000	0.004808
319.999261	gene_D	264.000000	229.000000	0.008734
319.999261	gene_E	191.000000	224.000000	0.000000
319.999261	gene_F	89.000000	144.000000	0.048611
319.999261	gene_G	17.000000	100.000000	0.110000
319.999261	gene_H	0.000000	69.000000	0.289855
319.999261	gene_J	77.000000	217.000000	0.235023
319.999261	gene_K	143.000000	211.000000	0.004739
319.999261	promoter_A	1.000000	0.000000	0.000000
319.999261	promoter_B1	0.000000	0.000000	0.000000
319.999261	promoter_D	0.000000	0.000000	0.000000
324.999082	__gene_A*_rbs	38.000000	0.000000	0.000000
324.999082	__gene_A_rbs	40.000000	0.000000	0.000000
324.999082	__gene_B_rbs	221.000000	0.000000	0.000000
324.999082	__gene_C_rbs	212.000000	0.000000	0.000000
324.999082	__gene_D_rbs	232.000000	0.000000	0.000000
324.999082	__gene_E_rbs	227.000000	0.000000	0.000000
324.999082	__gene_F_rbs	146.000000	0.000000	0.000000
324.999082	__gene_G_rbs	103.000000	0.000000	0.000000
324.999082	__gene_H_rbs	71.000000	0.000000	0.000000
324.999082	__gene_J_rbs	221.000000	0.000000	0.000000
324.999082	__gene_K_rbs	214.000000	0.000000	0.000000
324.999082	__ribosome	0.000000	0.000000	0.000000
324.999082	bound_ecolipol	1884.000000	0.000000	0.000000
324.999082	bound_ribosome	100.000000	0.000000	0.000000
324.999082	ecoli_genome	116.000000	0.000000	0.000000
324.999082	ecoli_transcript	24539.000000	0.000000	0.000000
324.999082	ecolipol	42.000000	0.000000	0.000000
324.999082	gene_A	21.000000	40.000000	0.075000
324.999082	gene_A*	19.000000	38.000000	0.026316
324.999082	gene_B	181.000000	222.000000	0.009009
324.999082	gene_C	115.000000	212.000000	0.000000
324.999082	gene_D	264.000000	232.000000	0.008621
324.999082	gene_E	191.000000	228.000000	0.008772
324.999082	gene_F	89.000000	146.000000	0.047945
324.999082	gene_G	17.000000	103.000000	0.106796
324.999082	gene_H	0.000000	71.000000	0.281690
324.999082	gene_J	77.000000	221.000000	0.230769
324.999082	gene_K	143.000000	214.000000	0.004673
324.999082	promoter_A	0.000000	0.000000	0.000000
324.999082	promoter_B1	1.000000	0.000000	0.000000
324.999082	promoter_D	0.000000	0.000000	0.000000
329.999155	__gene_A*_rbs	38.000000	0.000000	0.000000
329.999155	__gene_A_rbs	42.000000	0.000000	0.000000
329.999155	__gene_B_rbs	225.000000	0.000000	0.000000
329.999155	__gene_C_rbs	216.000000	0.000000	0.000000
329.999155	__gene_D_rbs	236.000000	0.000000	0.000000
329.999155	__gene_E_rbs	231.000000	0.000000	0.000000
329.999155	__gene_F_rbs	149.000000	0.000000	0.000000
329.999155	__gene_G_rbs	104.000000	0.000000	0.000000
329.999155	__gene_H_rbs	73.000000	0.000000	0.000000
329.999155	__gene_J_rbs	224.000000	0.000000	0.000000
329.999155	__gene_K_rbs	218.000000	0.000000	0.000000
329.999155	__ribosome	0.000000	0.000000	0.000000
329.999155	bound_ecolipol	1879.000000	0.000000	0.000000
329.999155	bound_ribosome	100.000000	0.000000	0.000000
329.999155	ecoli_genome	121.000000	0.000000	0.000000
329.999155	ecoli_transcript	24912.000000	0.000000	0.000000
329.999155	ecolipol	45.000000	0.000000	0.000000
329.999155	gene_A	21.000000	42.000000	0.071429
329.999155	gene_A*	19.000000	38.000000	0.026316
329.999155	gene_B	182.000000	226.000000	0.004425
329.999155	gene_C	115.000000	216.000000	0.004630
329.999155	gene_D	264.000000	236.000000	0.008475
329.999155	gene_E	191.000000	231.000000	0.017316
329.999155	gene_F	89.000000	149.000000	0.046980
329.999155	gene_G	18.000000	104.000000	0.096154
329.999155	gene_H	0.000000	73.000000	0.273973
329.999155	gene_J	77.000000	224.000000	0.227679
329.999155	gene_K	144.000000	218.000000	0.000000
329.999155	promoter_A	0.000000	0.000000	0.000000
329.999155	promoter_B1	0.000000	0.000000	0.000000
329.999155	promoter_D	0.000000	0.000000	0.000000
334.999171	__gene_A*_rbs	40.000000	0.000000	0.000000
334.999171	__gene_A_rbs	43.000000	0.000000	0.000000
334.999171	__gene_B_rbs	229.000000	0.000000	0.000000
334.999171	__gene_C_rbs	218.000000	0.000000	0.000000
334.999171	__gene_D_rbs	238.000000	0.000000	0.000000
334.999171	__gene_E_rbs	235.000000	0.000000	0.000000
334.999171	__gene_F_rbs	151.000000	0.000000	0.000000
334.999171	__gene_G_rbs	107.000000	0.000000	0.000000
334.999171	__gene_H_rbs	75.000000	0.000000	0.000000
334.999171	__gene_J_rbs	228.000000	0.000000	0.000000
334.999171	__gene_K_rbs	221.000000	0.000000	0.000000
334.999171	__ribosome	0.000000	0.000000	0.000000
334.999171	bound_ecolipol	1884.000000	0.000000	0.000000
334.999171	bound_ribosome	100.000000	0.000000	0.000000
334.999171	ecoli_genome	116.000000	0.000000	0.000000
334.999171	ecoli_transcript	25278.000000	0.000000	0.000000
334.999171	ecolipol	41.000000	0.000000	0.000000
334.999171	gene_A	22.000000	43.000000	0.046512
334.999171	gene_A*	19.000000	40.000000	0.025000
334.999171	gene_B	182.000000	229.000000	0.004367
334.999171	gene_C	115.000000	219.000000	0.004566
334.999171	gene_D	266.000000	240.000000	0.004167
334.999171	gene_E	193.000000	235.000000	0.012766
334.999171	gene_F	91.000000	151.000000	0.046358
334.999171	gene_G	18.000000	107.000000	0.102804
334.999171	gene_H	0.000000	75.000000	0.280000
334.999171	gene_J	77.000000	228.000000	0.223684
334.999171	gene_K	144.000000	221.000000	0.004525
334.999171	promoter_A	1.000000	0.000000	0.000000
334.999171	promoter_B1	0.000000	0.000000	0.000000
334.999171	promoter_D	0.000000	0.000000	0.000000
339.999028	__gene_A*_rbs	40.000000	0.000000	0.000000
339.999028	__gene_A_rbs	43.000000	0.000000	0.000000
339.999028	__gene_B_rbs	233.000000	0.000000	0.000000
339.999028	__gene_C_rbs	223.000000	0.000000	0.000000
339.999028	__gene_D_rbs	243.000000	0.000000	0.000000
339.999028	__gene_E_rbs	239.000000	0.000000	0.000000
339.999028	__gene_F_rbs	156.000000	0.000000	0.000000
339.999028	__gene_G_rbs	108.000000	0.000000	0.000000
339.999028	__gene_H_rbs	74.000000	0.000000	0.000000
339.999028	__gene_J_rbs	232.000000	0.000000	0.000000
339.999028	__gene_K_rbs	224.000000	0.000000	0.000000
339.999028	__ribosome	0.000000	0.000000	0.000000
339.999028	bound_ecolipol	1891.000000	0.000000	0.000000
339.999028	bound_ribosome	100.000000	0.000000	0.000000
339.999028	ecoli_genome	109.000000	0.000000	0.000000
339.999028	ecoli_transcript	25641.000000	0.000000	0.000000
339.999028	ecolipol	38.000000	0.000000	0.000000
339.999028	gene_A	23.000000	43.000000	0.023256
339.999028	gene_A*	19.000000	40.000000	0.050000
339.999028	gene_B	183.000000	233.000000	0.000000
339.999028	gene_C	116.000000	223.000000	0.000000
339.999028	gene_D	266.000000	243.000000	0.012346
339.999028	gene_E	195.000000	239.000000	0.008368
339.999028	gene_F	91.000000	156.000000	0.051282
339.999028	gene_G	19.000000	108.000000	0.092593
339.999028	gene_H	0.000000	75.000000	0.293333
339.999028	gene_J	77.000000	232.000000	0.224138
339.999028	gene_K	145.000000	224.000000	0.000000
339.999028	promoter_A	1.000000	0.000000	0.000000
339.999028	promoter_B1	0.000000	0.000000	0.000000
339.999028	promoter_D	0.000000	0.000000	0.000000
344.999068	__gene_A*_rbs	43.000000	0.000000	0.000000
344.999068	__gene_A_rbs	43.000000	0.000000	0.000000
344.999068	__gene_B_rbs	236.000000	0.000000	0.000000
344.999068	__gene_C_rbs	226.000000	0.000000	0.000000
344.999068	__gene_D_rbs	247.000000	0.000000	0.000000
344.999068	__gene_E_rbs	243.000000	0.000000	0.000000
344.999068	__gene_F_rbs	158.000000	0.000000	0.000000
344.999068	__gene_G_rbs	109.000000	0.000000	0.000000
344.999068	__gene_H_rbs	76.000000	0.000000	0.000000
344.999068	__gene_J_rbs	236.000000	0.000000	0.000000
344.999068	__gene_K_rbs	228.000000	0.000000	0.000000
344.999068	__ribosome	0.000000	0.000000	0.000000
344.999068	bound_ecolipol	1879.000000	0.000000	0.000000
344.999068	bound_ribosome	100.000000	0.000000	0.000000
344.999068	ecoli_genome	121.000000	0.000000	0.000000
344.999068	ecoli_transcript	25993.000000	0.000000	0.000000
344.999068	ecolipol	51.000000	0.000000	0.000000
344.999068	gene_A	23.000000	43.000000	0.023256
344.999068	gene_A*	20.000000	43.000000	0.023256
344.999068	gene_B	183.000000	237.000000	0.008439
344.999068	gene_C	116.000000	226.000000	0.004425
344.999068	gene_D	266.000000	247.000000	0.012146
344.999068	gene_E	197.000000	243.000000	0.000000
344.999068	gene_F	93.000000	158.000000	0.037975
344.999068	gene_G	19.000000	109.000000	0.100917
344.999068	gene_H	0.000000	76.000000	0.289474
344.999068	gene_J	78.000000	236.000000	0.224576
344.999068	gene_K	145.000000	228.000000	0.000000
344.999068	promoter_A	1.000000	0.000000	0.000000
344.999068	promoter_B1	0.000000	0.000000	0.000000
344.999068	promoter_D	0.000000	0.000000	0.000000
349.999075	__gene_A*_rbs	43.000000	0.000000	0.000000
349.999075	__gene_A_rbs	43.000000	0.000000	0.000000
349.999075	__gene_B_rbs	239.000000	0.000000	0.000000
349.999075	__gene_C_rbs	229.000000	0.000000	0.000000
349.999075	__gene_D_rbs	251.000000	0.000000	0.000000
349.999075	__gene_E_rbs	246.000000	0.000000	0.000000
349.999075	__gene_F_rbs	161.000000	0.000000	0.000000
349.999075	__gene_G_rbs	111.000000	0.000000	0.000000
349.999075	__gene_H_rbs	77.000000	0.000000	0.000000
349.999075	__gene_J_rbs	240.000000	0.000000	0.000000
349.999075	__gene_K_rbs	232.000000	0.000000	0.000000
349.999075	__ribosome	0.000000	0.000000	0.000000
349.999075	bound_ecolipol	1882.000000	0.000000	0.000000
349.999075	bound_ribosome	100.000000	0.000000	0.000000
349.999075	ecoli_genome	118.000000	0.000000	0.000000
349.999075	ecoli_transcript	26353.000000	0.000000	0.000000
349.999075	ecolipol	49.000000	0.000000	0.000000
349.999075	gene_A	23.000000	43.000000	0.023256
349.999075	gene_A*	20.000000	43.000000	0.023256
349.999075	gene_B	183.000000	239.000000	0.008368
349.999075	gene_C	117.000000	230.000000	0.000000
349.999075	gene_D	266.000000	251.000000	0.015936
349.999075	gene_E	197.000000	246.000000	0.004065
349.999075	gene_F	94.000000	161.000000	0.031056
349.999075	gene_G	19.000000	111.000000	0.099099
349.999075	gene_H	0.000000	77.000000	0.285714
349.999075	gene_J	79.000000	240.000000	0.220833
349.999075	gene_K	145.000000	232.000000	0.000000
349.999075	promoter_A	1.000000	0.000000	0.000000
349.999075	promoter_B1	0.000000	0.000000	0.000000
349.999075	promoter_D	0.000000	0.000000	0.000000
354.999011	__gene_A*_rbs	43.000000	0.000000	0.000000
354.999011	__gene_A_rbs	44.000000	0.000000	0.000000
354.999011	__gene_B_rbs	243.000000	0.000000	0.000000
354.999011	__gene_C_rbs	232.000000	0.000000	0.000000
354.999011	__gene_D_rbs	255.000000	0.000000	0.000000
354.999011	__gene_E_rbs	250.000000	0.000000	0.000000
354.999011	__gene_F_rbs	162.000000	0.000000	0.000000
354.999011	__gene_G_rbs	112.000000	0.000000	0.000000
354.999011	__gene_H_rbs	78.000000	0.000000	0.000000
354.999011	__gene_J_rbs	244.000000	0.000000	0.000000
354.999011	__gene_K_rbs	235.000000	0.000000	0.000000
354.999011	__ribosome	0.000000	0.000000	0.000000
354.999011	bound_ecolipol	1886.000000	0.000000	0.000000
354.999011	bound_ribosome	100.000000	0.000000	0.000000
354.999011	ecoli_genome	114.000000	0.000000	0.000000
354.999011	ecoli_transcript	26731.000000	0.000000	0.000000
354.999011	ecolipol	47.000000	0.000000	0.000000
354.999011	gene_A	24.000000	44.000000	0.000000
354.999011	gene_A*	20.000000	43.000000	0.023256
354.999011	gene_B	183.000000	243.000000	0.012346
354.999011	gene_C	117.000000	233.000000	0.000000
354.999011	gene_D	269.000000	255.000000	0.003922
354.999011	gene_E	197.000000	250.000000	0.004000
354.999011	gene_F	94.000000	162.000000	0.030864
354.999011	gene_G	19.000000	112.000000	0.107143
354.999011	gene_H	0.000000	78.000000	0.282051
354.999011	gene_J	80.000000	244.000000	0.217213
354.999011	gene_K	145.000000	235.000000	0.008511
354.999011	promoter_A	0.000000	0.000000	0.000000
354.999011	promoter_B1	0.000000	0.000000	0.000000
354.999011	promoter_D	0.000000	0.000000	0.000000
359.999075	__gene_A*_rbs	43.000000	0.000000	0.000000
359.999075	__gene_A_rbs	45.000000	0.000000	0.000000
359.999075	__gene_B_rbs	247.000000	0.000000	0.000000
359.999075	__gene_C_rbs	238.000000	0.000000	0.000000
359.999075	__gene_D_rbs	258.000000	0.000000	0.000000
359.999075	__gene_E_rbs	254.000000	0.000000	0.000000
359.999075	__gene_F_rbs	165.000000	0.000000	0.000000
359.999075	__gene_G_rbs	112.000000	0.000000	0.000000
359.999075	__gene_H_rbs	79.000000	0.000000	0.000000
359.999075	__gene_J_rbs	247.000000	0.000000	0.000000
359.999075	__gene_K_rbs	239.000000	0.000000	0.000000
359.999075	__ribosome	0.000000	0.000000	0.000000
359.999075	bound_ecolipol	1887.000000	0.000000	0.000000
359.999075	bound_ribosome	100.000000	0.000000	0.000000
359.999075	ecoli_genome	113.000000	0.000000	0.000000
359.999075	ecoli_transcript	27111.000000	0.000000	0.000000
359.999075	ecolipol	47.000000	0.000000	0.000000
359.999075	gene_A	24.000000	45.000000	0.022222
359.999075	gene_A*	20.000000	43.000000	0.023256
359.999075	gene_B	185.000000	247.000000	0.008097
359.999075	gene_C	117.000000	238.000000	0.004202
359.999075	gene_D	269.000000	259.000000	0.007722
359.999075	gene_E	198.000000	254.000000	0.003937
359.999075	gene_F	95.000000	165.000000	0.024242
359.999075	gene_G	20.000000	112.000000	0.098214
359.999075	gene_H	0.000000	79.000000	0.278481
359.999075	gene_J	80.000000	247.000000	0.214575
359.999075	gene_K	147.000000	239.000000	0.008368
359.999075	promoter_A	1.000000	0.000000	0.000000
359.999075	promoter_B1	0.000000	0.000000	0.000000
359.999075	promoter_D	0.000000	0.000000	0.000000
364.999029	__gene_A*_rbs	43.000000	0.000000	0.000000
364.999029	__gene_A_rbs	45.000000	0.000000	0.000000
364.999029	__gene_B_rbs	251.000000	0.000000	0.000000
364.999029	__gene_C_rbs	240.000000	0.000000	0.000000
364.999029	__gene_D_rbs	262.000000	0.000000	0.000000
364.999029	__gene_E_rbs	258.000000	0.000000	0.000000
364.999029	__gene_F_rbs	166.000000	0.000000	0.000000
364.999029	__gene_G_rbs	114.000000	0.000000	0.000000
364.999029	__gene_H_rbs	81.000000	0.000000	0.000000
364.999029	__gene_J_rbs	251.000000	0.000000	0.000000
364.999029	__gene_K_rbs	242.000000	0.000000	0.000000
364.999029	__ribosome	0.000000	0.000000	0.000000
364.999029	bound_ecolipol	1896.000000	0.000000	0.000000
364.999029	bound_ribosome	100.000000	0.000000	0.000000
364.999029	ecoli_genome	104.000000	0.000000	0.000000
364.999029	ecoli_transcript	27482.000000	0.000000	0.000000
364.999029	ecolipol	37.000000	0.000000	0.000000
364.999029	gene_A	24.000000	45.000000	0.044444
364.999029	gene_A*	20.000000	43.000000	0.023256
364.999029	gene_B	186.000000	251.000000	0.007968
364.999029	gene_C	117.000000	240.000000	0.004167
364.999029	gene_D	270.000000	262.000000	0.011450
364.999029	gene_E	198.000000	258.000000	0.003876
364.999029	gene_F	96.000000	166.000000	0.018072
364.999029	gene_G	20.000000	114.000000	0.096491
364.999029	gene_H	0.000000	81.000000	0.271605
364.999029	gene_J	80.000000	251.000000	0.211155
364.999029	gene_K	148.000000	242.000000	0.004132
364.999029	promoter_A	1.000000	0.000000	0.000000
364.999029	promoter_B1	0.000000	0.000000	0.000000
364.999029	promoter_D	0.000000	0.000000	0.000000
369.999681	__gene_A*_rbs	44.000000	0.000000	0.000000
369.999681	__gene_A_rbs	45.000000	0.000000	0.000000
369.999681	__gene_B_rbs	254.000000	0.000000	0.000000
369.999681	__gene_C_rbs	244.000000	0.000000	0.000000
369.999681	__gene_D_rbs	266.000000	0.000000	0.000000
369.999681	__gene_E_rbs	261.000000	0.000000	0.000000
369.999681	__gene_F_rbs	168.000000	0.000000	0.000000
369.999681	__gene_G_rbs	117.000000	0.000000	0.000000
369.999681	__gene_H_rbs	82.000000	0.000000	0.000000
369.999681	__gene_J_rbs	255.000000	0.000000	0.000000
369.999681	__gene_K_rbs	245.000000	0.000000	0.000000
369.999681	__ribosome	0.000000	0.000000	0.000000
369.999681	bound_ecolipol	1884.000000	0.000000	0.000000
369.999681	bound_ribosome	100.000000	0.000000	0.000000
369.999681	ecoli_genome	116.000000	0.000000	0.000000
369.999681	ecoli_transcript	27829.000000	0.000000	0.000000
369.999681	ecolipol	47.000000	0.000000	0.000000
369.999681	gene_A	24.000000	45.000000	0.044444
369.999681	gene_A*	20.000000	44.000000	0.022727
369.999681	gene_B	187.000000	254.000000	0.011811
369.999681	gene_C	118.000000	244.000000	0.004098
369.999681	gene_D	270.000000	266.000000	0.011278
369.999681	gene_E	199.000000	261.000000	0.000000
369.999681	gene_F	96.000000	168.000000	0.017857
369.999681	gene_G	21.000000	117.000000	0.085470
369.999681	gene_H	0.000000	82.000000	0.268293
369.999681	gene_J	80.000000	255.000000	0.211765
369.999681	gene_K	149.000000	246.000000	0.004065
369.999681	promoter_A	1.000000	0.000000	0.000000
369.999681	promoter_B1	0.000000	0.000000	0.000000
369.999681	promoter_D	0.000000	0.000000	0.000000
374.999061	__gene_A*_rbs	45.000000	0.000000	0.000000
374.999061	__gene_A_rbs	45.000000	0.000000	0.000000
374.999061	__gene_B_rbs	258.000000	0.000000	0.000000
374.999061	__gene_C_rbs	247.000000	0.000000	0.000000
374.999061	__gene_D_rbs	269.000000	0.000000	0.000000
374.999061	__gene_E_rbs	265.000000	0.000000	0.000000
374.999061	__gene_F_rbs	172.000000	0.000000	0.000000
374.999061	__gene_G_rbs	120.000000	0.000000	0.000000
374.999061	__gene_H_rbs	82.000000	0.000000	0.000000
374.999061	__gene_J_rbs	257.000000	0.000000	0.000000
374.999061	__gene_K_rbs	249.000000	0.000000	0.000000
374.999061	__ribosome	0.000000	0.000000	0.000000
374.999061	bound_ecolipol	1885.000000	0.000000	0.000000
374.999061	bound_ribosome	100.000000	0.000000	0.000000
374.999061	ecoli_genome	115.000000	0.000000	0.000000
374.999061	ecoli_transcript	28218.000000	0.000000	0.000000
374.999061	ecolipol	42.000000	0.000000	0.000000
374.999061	gene_A	24.000000	45.000000	0.044444
374.999061	gene_A*	21.000000	45.000000	0.000000
374.999061	gene_B	188.000000	258.000000	0.007752
374.999061	gene_C	118.000000	247.000000	0.008097
374.999061	gene_D	270.000000	269.000000	0.014870
374.999061	gene_E	199.000000	265.000000	0.000000
374.999061	gene_F	97.000000	172.000000	0.017442
374.999061	gene_G	21.000000	120.000000	0.083333
374.999061	gene_H	0.000000	82.000000	0.268293
374.999061	gene_J	80.000000	258.000000	0.213178
374.999061	gene_K	150.000000	249.000000	0.000000
374.999061	promoter_A	1.000000	0.000000	0.000000
374.999061	promoter_B1	0.000000	0.000000	0.000000
374.999061	promoter_D	0.000000	0.000000	0.000000
379.999420	__gene_A*_rbs	45.000000	0.000000	0.000000
379.999420	__gene_A_rbs	46.000000	0.000000	0.000000
379.999420	__gene_B_rbs	262.000000	0.000000	0.000000
379.999420	__gene_C_rbs	250.000000	0.000000	0.000000
379.999420	__gene_D_rbs	272.000000	0.000000	0.000000
379.999420	__gene_E_rbs	268.000000	0.000000	0.000000
379.999420	__gene_F_rbs	174.000000	0.000000	0.000000
379.999420	__gene_G_rbs	122.000000	0.000000	0.000000
379.999420	__gene_H_rbs	83.000000	0.000000	0.000000
379.999420	__gene_J_rbs	262.000000	0.000000	0.000000
379.999420	__gene_K_rbs	253.000000	0.000000	0.000000
379.999420	__ribosome	0.000000	0.000000	0.000000
379.999420	bound_ecolipol	1883.000000	0.000000	0.000000
379.999420	bound_ribosome	100.000000	0.000000	0.000000
379.999420	ecoli_genome	117.000000	0.000000	0.000000
379.999420	ecoli_transcript	28594.000000	0.000000	0.000000
379.999420	ecolipol	45.000000	0.000000	0.000000
379.999420	gene_A	24.000000	46.000000	0.043478
379.999420	gene_A*	21.000000	45.000000	0.000000
379.999420	gene_B	189.000000	262.000000	0.003817
379.999420	gene_C	119.000000	251.000000	0.007968
379.999420	gene_D	273.000000	273.000000	0.010989
379.999420	gene_E	199.000000	269.000000	0.007435
379.999420	gene_F	99.000000	174.000000	0.005747
379.999420	gene_G	21.000000	122.000000	0.081967
379.999420	gene_H	0.000000	83.000000	0.265060
379.999420	gene_J	82.000000	262.000000	0.209924
379.999420	gene_K	150.000000	253.000000	0.007905
379.999420	promoter_A	1.000000	0.000000	0.000000
379.999420	promoter_B1	0.000000	0.000000	0.000000
379.999420	promoter_D	0.000000	0.000000	0.000000
384.999013	__gene_A*_rbs	45.000000	0.000000	0.000000
384.999013	__gene_A_rbs	46.000000	0.000000	0.000000
384.999013	__gene_B_rbs	265.000000	0.000000	0.000000
384.999013	__gene_C_rbs	253.000000	0.000000	0.000000
384.999013	__gene_D_rbs	276.000000	0.000000	0.000000
384.999013	__gene_E_rbs	273.000000	0.000000	0.000000
384.999013	__gene_F_rbs	176.000000	0.000000	0.000000
384.999013	__gene_G_rbs	126.000000	0.000000	0.000000
384.999013	__gene_H_rbs	85.000000	0.000000	0.000000
384.999013	__gene_J_rbs	266.000000	0.000000	0.000000
384.999013	__gene_K_rbs	257.000000	0.000000	0.000000
384.999013	__ribosome	0.000000	0.000000	0.000000
384.999013	bound_ecolipol	1888.000000	0.000000	0.000000
384.999013	bound_ribosome	100.000000	0.000000	0.000000
384.999013	ecoli_genome	112.000000	0.000000	0.000000
384.999013	ecoli_transcript	28911.000000	0.000000	0.000000
384.999013	ecolipol	41.000000	0.000000	0.000000
384.999013	gene_A	24.000000	46.000000	0.043478
384.999013	gene_A*	21.000000	45.000000	0.000000
384.999013	gene_B	190.000000	265.000000	0.000000
384.999013	gene_C	121.000000	254.000000	0.003937
384.999013	gene_D	273.000000	276.000000	0.014493
384.999013	gene_E	199.000000	273.000000	0.007326
384.999013	gene_F	99.000000	176.000000	0.005682
384.999013	gene_G	21.000000	126.000000	0.087302
384.999013	gene_H	0.000000	85.000000	0.258824
384.999013	gene_J	82.000000	266.000000	0.214286
384.999013	gene_K	152.000000	257.000000	0.000000
384.999013	promoter_A	1.000000	0.000000	0.000000
384.999013	promoter_B1	0.000000	0.000000	0.000000
384.999013	promoter_D	0.000000	0.000000	0.000000
389.999008	__gene_A*_rbs	45.000000	0.000000	0.000000
389.999008	__gene_A_rbs	45.000000	0.000000	0.000000
389.999008	__gene_B_rbs	268.000000	0.000000	0.000000
389.999008	__gene_C_rbs	258.000000	0.000000	0.000000
389.999008	__gene_D_rbs	280.000000	0.000000	0.000000
389.999008	__gene_E_rbs	277.000000	0.000000	0.000000
389.999008	__gene_F_rbs	178.000000	0.000000	0.000000
389.999008	__gene_G_rbs	129.000000	0.000000	0.000000
389.999008	__gene_H_rbs	88.000000	0.000000	0.000000
389.999008	__gene_J_rbs	270.000000	0.000000	0.000000
389.999008	__gene_K_rbs	260.000000	0.000000	0.000000
389.999008	__ribosome	0.000000	0.000000	0.000000
389.999008	bound_ecolipol	1871.000000	0.000000	0.000000
389.999008	bound_ribosome	100.000000	0.000000	0.000000
389.999008	ecoli_genome	129.000000	0.000000	0.000000
389.999008	ecoli_transcript	29304.000000	0.000000	0.000000
389.999008	ecolipol	58.000000	0.000000	0.000000
389.999008	gene_A	24.000000	46.000000	0.065217
389.999008	gene_A*	21.000000	45.000000	0.022222
389.999008	gene_B	190.000000	268.000000	0.000000
389.999008	gene_C	121.000000	258.000000	0.003876
389.999008	gene_D	274.000000	280.000000	0.010714
389.999008	gene_E	201.000000	277.000000	0.003610
389.999008	gene_F	99.000000	178.000000	0.005618
389.999008	gene_G	21.000000	129.000000	0.085271
389.999008	gene_H	0.000000	88.000000	0.250000
389.999008	gene_J	83.000000	270.000000	0.211111
389.999008	gene_K	152.000000	260.000000	0.000000
389.999008	promoter_A	1.000000	0.000000	0.000000
389.999008	promoter_B1	0.000000	0.000000	0.000000
389.999008	promoter_D	0.000000	0.000000	0.000000
394.999133	__gene_A*_rbs	46.000000	0.000000	0.000000
394.999133	__gene_A_rbs	46.000000	0.000000	0.000000
394.999133	__gene_B_rbs	272.000000	0.000000	0.000000
394.999133	__gene_C_rbs	262.000000	0.000000	0.000000
394.999133	__gene_D_rbs	284.000000	0.000000	0.000000
394.999133	__gene_E_rbs	280.000000	0.000000	0.000000
394.999133	__gene_F_rbs	180.000000	0.000000	0.000000
394.999133	__gene_G_rbs	131.000000	0.000000	0.000000
394.999133	__gene_H_rbs	91.000000	0.000000	0.000000
394.999133	__gene_J_rbs	272.000000	0.000000	0.000000
394.999133	__gene_K_rbs	264.000000	0.000000	0.000000
394.999133	__ribosome	0.000000	0.000000	0.000000
394.999133	bound_ecolipol	1892.000000	0.000000	0.000000
394.999133	bound_ribosome	100.000000	0.000000	0.000000
394.999133	ecoli_genome	108.000000	0.000000	0.000000
394.999133	ecoli_transcript	29663.000000	0.000000	0.000000
394.999133	ecolipol	36.000000	0.000000	0.000000
394.999133	gene_A	24.000000	46.000000	0.065217
394.999133	gene_A*	21.000000	46.000000	0.021739
394.999133	gene_B	190.000000	272.000000	0.000000
394.999133	gene_C	122.000000	262.000000	0.000000
394.999133	gene_D	276.000000	284.000000	0.003521
394.999133	gene_E	201.000000	280.000000	0.007143
394.999133	gene_F	99.000000	180.000000	0.005556
394.999133	gene_G	21.000000	131.000000	0.083969
394.999133	gene_H	0.000000	91.000000	0.241758
394.999133	gene_J	83.000000	273.000000	0.216117
394.999133	gene_K	152.000000	264.000000	0.000000
394.999133	promoter_A	0.000000	0.000000	0.000000
394.999133	promoter_B1	0.000000	0.000000	0.000000
394.999133	promoter_D	0.000000	0.000000	0.000000
399.999057	__gene_A*_rbs	46.000000	0.000000	0.000000
399.999057	__gene_A_rbs	49.000000	0.000000	0.000000
399.999057	__gene_B_rbs	276.000000	0.000000	0.000000
399.999057	__gene_C_rbs	266.000000	0.000000	0.000000
399.999057	__gene_D_rbs	287.000000	0.000000	0.000000
399.999057	__gene_E_rbs	283.000000	0.000000	0.000000
399.999057	__gene_F_rbs	181.000000	0.000000	0.000000
399.999057	__gene_G_rbs	132.000000	0.000000	0.000000
399.999057	__gene_H_rbs	93.000000	0.000000	0.000000
399.999057	__gene_J_rbs	277.000000	0.000000	0.000000
399.999057	__gene_K_rbs	268.000000	0.000000	0.000000
399.999057	__ribosome	0.000000	0.000000	0.000000
399.999057	bound_ecolipol	1891.000000	0.000000	0.000000
399.999057	bound_ribosome	100.000000	0.000000	0.000000
399.999057	ecoli_genome	109.000000	0.000000	0.000000
399.999057	ecoli_transcript	30017.000000	0.000000	0.000000
399.999057	ecolipol	35.000000	0.000000	0.000000
399.999057	gene_A	24.000000	49.000000	0.061224
399.999057	gene_A*	21.000000	46.000000	0.021739
399.999057	gene_B	190.000000	276.000000	0.000000
399.999057	gene_C	122.000000	266.000000	0.000000
399.999057	gene_D	277.000000	288.000000	0.003472
399.999057	gene_E	202.000000	283.000000	0.007067
399.999057	gene_F	99.000000	181.000000	0.005525
399.999057	gene_G	21.000000	132.000000	0.083333
399.999057	gene_H	0.000000	93.000000	0.236559
399.999057	gene_J	84.000000	277.000000	0.212996
399.999057	gene_K	152.000000	268.000000	0.000000
399.999057	promoter_A	1.000000	0.000000	0.000000
399.999057	promoter_B1	0.000000	0.000000	0.000000
399.999057	promoter_D	0.000000	0.000000	0.000000
404.999093	__gene_A*_rbs	46.000000	0.000000	0.000000
404.999093	__gene_A_rbs	49.000000	0.000000	0.000000
404.999093	__gene_B_rbs	280.000000	0.000000	0.000000
404.999093	__gene_C_rbs	269.000000	0.000000	0.000000
404.999093	__gene_D_rbs	291.000000	0.000000	0.000000
404.999093	__gene_E_rbs	287.000000	0.000000	0.000000
404.999093	__gene_F_rbs	184.000000	0.000000	0.000000
404.999093	__gene_G_rbs	133.000000	0.000000	0.000000
404.999093	__gene_H_rbs	96.000000	0.000000	0.000000
404.999093	__gene_J_rbs	281.000000	0.000000	0.000000
404.999093	__gene_K_rbs	271.000000	0.000000	0.000000
404.999093	__ribosome	0.000000	0.000000	0.000000
404.999093	bound_ecolipol	1880.000000	0.000000	0.000000
404.999093	bound_ribosome	100.000000	0.000000	0.000000
404.999093	ecoli_genome	120.000000	0.000000	0.000000
404.999093	ecoli_transcript	30355.000000	0.000000	0.000000
404.999093	ecolipol	45.000000	0.000000	0.000000
404.999093	gene_A	24.000000	49.000000	0.061224
404.999093	gene_A*	21.000000	46.000000	0.021739
404.999093	gene_B	190.000000	280.000000	0.000000
404.999093	gene_C	122.000000	269.000000	0.000000
404.999093	gene_D	277.000000	291.000000	0.003436
404.999093	gene_E	203.000000	287.000000	0.003484
404.999093	gene_F	99.000000	184.000000	0.005435
404.999093	gene_G	21.000000	133.000000	0.082707
404.999093	gene_H	0.000000	96.000000	0.229167
404.999093	gene_J	84.000000	281.000000	0.209964
404.999093	gene_K	152.000000	271.000000	0.003690
404.999093	promoter_A	1.000000	0.000000	0.000000
404.999093	promoter_B1	0.000000	0.000000	0.000000
404.999093	promoter_D	0.000000	0.000000	0.000000
409.999661	__gene_A*_rbs	46.000000	0.000000	0.000000
409.999661	__gene_A_rbs	49.000000	0.000000	0.000000
409.999661	__gene_B_rbs	283.000000	0.000000	0.000000
409.999661	__gene_C_rbs	273.000000	0.000000	0.000000
409.999661	__gene_D_rbs	295.000000	0.000000	0.000000
409.999661	__gene_E_rbs	291.000000	0.000000	0.000000
409.999661	__gene_F_rbs	187.000000	0.000000	0.000000
409.999661	__gene_G_rbs	135.000000	0.000000	0.000000
409.999661	__gene_H_rbs	98.000000	0.000000	0.000000
409.999661	__gene_J_rbs	284.000000	0.000000	0.000000
409.999661	__gene_K_rbs	274.000000	0.000000	0.000000
409.999661	__ribosome	0.000000	0.000000	0.000000
409.999661	bound_ecolipol	1880.000000	0.000000	0.000000
409.999661	bound_ribosome	100.000000	0.000000	0.000000
409.999661	ecoli_genome	120.000000	0.000000	0.000000
409.999661	ecoli_transcript	30711.000000	0.000000	0.000000
409.999661	ecolipol	45.000000	0.000000	0.000000
409.999661	gene_A	25.000000	49.000000	0.040816
409.999661	gene_A*	21.000000	46.000000	0.021739
409.999661	gene_B	190.000000	283.000000	0.000000
409.999661	gene_C	122.000000	273.000000	0.003663
409.999661	gene_D	277.000000	295.000000	0.006780
409.999661	gene_E	204.000000	291.000000	0.003436
409.999661	gene_F	99.000000	187.000000	0.005348
409.999661	gene_G	21.000000	135.000000	0.081481
409.999661	gene_H	0.000000	98.000000	0.224490
409.999661	gene_J	84.000000	284.000000	0.207746
409.999661	gene_K	153.000000	275.000000	0.000000
409.999661	promoter_A	1.000000	0.000000	0.000000
409.999661	promoter_B1	0.000000	0.000000	0.000000
409.999661	promoter_D	0.000000	0.000000	0.000000
414.999156	__gene_A*_rbs	49.000000	0.000000	0.000000
414.999156	__gene_A_rbs	49.000000	0.000000	0.000000
414.999156	__gene_B_rbs	287.000000	0.000000	0.000000
414.999156	__gene_C_rbs	275.000000	0.000000	0.000000
414.999156	__gene_D_rbs	299.000000	0.000000	0.000000
414.999156	__gene_E_rbs	294.000000	0.000000	0.000000
414.999156	__gene_F_rbs	189.000000	0.000000	0.000000
414.999156	__gene_G_rbs	138.000000	0.000000	0.000000
414.999156	__gene_H_rbs	99.000000	0.000000	0.000000
414.999156	__gene_J_rbs	289.000000	0.000000	0.000000
414.999156	__gene_K_rbs	278.000000	0.000000	0.000000
414.999156	__ribosome	0.000000	0.000000	0.000000
414.999156	bound_ecolipol	1882.000000	0.000000	0.000000
414.999156	bound_ribosome	100.000000	0.000000	0.000000
414.999156	ecoli_genome	118.000000	0.000000	0.000000
414.999156	ecoli_transcript	31094.000000	0.000000	0.000000
414.999156	ecolipol	45.000000	0.000000	0.000000
414.999156	gene_A	26.000000	49.000000	0.040816
414.999156	gene_A*	21.000000	49.000000	0.040816
414.999156	gene_B	190.000000	287.000000	0.000000
414.999156	gene_C	122.000000	276.000000	0.007246
414.999156	gene_D	278.000000	299.000000	0.003344
414.999156	gene_E	204.000000	294.000000	0.003401
414.999156	gene_F	100.000000	189.000000	0.000000
414.999156	gene_G	21.000000	138.000000	0.079710
414.999156	gene_H	0.000000	99.000000	0.222222
414.999156	gene_J	84.000000	289.000000	0.204152
414.999156	gene_K	153.000000	278.000000	0.000000
414.999156	promoter_A	1.000000	0.000000	0.000000
414.999156	promoter_B1	0.000000	0.000000	0.000000
414.999156	promoter_D	0.000000	0.000000	0.000000
419.999004	__gene_A*_rbs	49.000000	0.000000	0.000000
419.999004	__gene_A_rbs	49.000000	0.000000	0.000000
419.999004	__gene_B_rbs	290.000000	0.000000	0.000000
419.999004	__gene_C_rbs	280.000000	0.000000	0.000000
419.999004	__gene_D_rbs	302.000000	0.000000	0.000000
419.999004	__gene_E_rbs	298.000000	0.000000	0.000000
419.999004	__gene_F_rbs	191.000000	0.000000	0.000000
419.999004	__gene_G_rbs	141.000000	0.000000	0.000000
419.999004	__gene_H_rbs	100.000000	0.000000	0.000000
419.999004	__gene_J_rbs	292.000000	0.000000	0.000000
419.999004	__gene_K_rbs	282.000000	0.000000	0.000000
419.999004	__ribosome	0.000000	0.000000	0.000000
419.999004	bound_ecolipol	1886.000000	0.000000	0.000000
419.999004	bound_ribosome	100.000000	0.000000	0.000000
419.999004	ecoli_genome	114.000000	0.000000	0.000000
419.999004	ecoli_transcript	31489.000000	0.000000	0.000000
419.999004	ecolipol	41.000000	0.000000	0.000000
419.999004	gene_A	26.000000	49.000000	0.040816
419.999004	gene_A*	21.000000	49.000000	0.040816
419.999004	gene_B	190.000000	290.000000	0.000000
419.999004	gene_C	123.000000	280.000000	0.007143
419.999004	gene_D	278.000000	302.000000	0.003311
419.999004	gene_E	205.000000	298.000000	0.003356
419.999004	gene_F	100.000000	191.000000	0.000000
419.999004	gene_G	21.000000	141.000000	0.078014
419.999004	gene_H	0.000000	100.000000	0.220000
419.999004	gene_J	84.000000	292.000000	0.202055
419.999004	gene_K	153.000000	282.000000	0.000000
419.999004	promoter_A	1.000000	0.000000	0.000000
419.999004	promoter_B1	0.000000	0.000000	0.000000
419.999004	promoter_D	0.000000	0.000000	0.000000
424.999087	__gene_A*_rbs	49.000000	0.000000	0.000000
424.999087	__gene_A_rbs	49.000000	0.000000	0.000000
424.999087	__gene_B_rbs	294.000000	0.000000	0.000000
424.999087	__gene_C_rbs	283.000000	0.000000	0.000000
424.999087	__gene_D_rbs	306.000000	0.000000	0.000000
424.999087	__gene_E_rbs	302.000000	0.000000	0.000000
424.999087	__gene_F_rbs	194.000000	0.000000	0.000000
424.999087	__gene_G_rbs	144.000000	0.000000	0.000000
424.999087	__gene_H_rbs	100.000000	0.000000	0.000000
424.999087	__gene_J_rbs	296.000000	0.000000	0.000000
424.999087	__gene_K_rbs	286.000000	0.000000	0.000000
424.999087	__ribosome	0.000000	0.000000	0.000000
424.999087	bound_ecolipol	1880.000000	0.000000	0.000000
424.999087	bound_ribosome	100.000000	0.000000	0.000000
424.999087	ecoli_genome	120.000000	0.000000	0.000000
424.999087	ecoli_transcript	31848.000000	0.000000	0.000000
424.999087	ecolipol	49.000000	0.000000	0.000000
424.999087	gene_A	26.000000	49.000000	0.040816
424.999087	gene_A*	22.000000	49.000000	0.020408
424.999087	gene_B	190.000000	294.000000	0.000000
424.999087	gene_C	124.000000	283.000000	0.007067
424.999087	gene_D	278.000000	306.000000	0.003268
424.999087	gene_E	205.000000	302.000000	0.006623
424.999087	gene_F	100.000000	194.000000	0.000000
424.999087	gene_G	21.000000	144.000000	0.076389
424.999087	gene_H	0.000000	100.000000	0.220000
424.999087	gene_J	84.000000	296.000000	0.199324
424.999087	gene_K	153.000000	286.000000	0.000000
424.999087	promoter_A	1.000000	0.000000	0.000000
424.999087	promoter_B1	0.000000	0.000000	0.000000
424.999087	promoter_D	0.000000	0.000000	0.000000
429.999057	__gene_A*_rbs	48.000000	0.000000	0.000000
429.999057	__gene_A_rbs	49.000000	0.000000	0.000000
429.999057	__gene_B_rbs	298.000000	0.000000	0.000000
429.999057	__gene_C_rbs	287.000000	0.000000	0.000000
429.999057	__gene_D_rbs	309.000000	0.000000	0.000000
429.999057	__gene_E_rbs	305.000000	0.000000	0.000000
429.999057	__gene_F_rbs	197.000000	0.000000	0.000000
429.999057	__gene_G_rbs	145.000000	0.000000	0.000000
429.999057	__gene_H_rbs	102.000000	0.000000	0.000000
429.999057	__gene_J_rbs	298.000000	0.000000	0.000000
429.999057	__gene_K_rbs	289.000000	0.000000	0.000000
429.999057	__ribosome	0.000000	0.000000	0.000000
429.999057	bound_ecolipol	1889.000000	0.000000	0.000000
429.999057	bound_ribosome	100.000000	0.000000	0.000000
429.999057	ecoli_genome	111.000000	0.000000	0.000000
429.999057	ecoli_transcript	32249.000000	0.000000	0.000000
429.999057	ecolipol	43.000000	0.000000	0.000000
429.999057	gene_A	26.000000	49.000000	0.040816
429.999057	gene_A*	22.000000	49.000000	0.020408
429.999057	gene_B	190.000000	298.000000	0.003356
429.999057	gene_C	125.000000	287.000000	0.003484
429.999057	gene_D	279.000000	309.000000	0.000000
429.999057	gene_E	206.000000	305.000000	0.003279
429.999057	gene_F	100.000000	197.000000	0.000000
429.999057	gene_G	21.000000	145.000000	0.082759
429.999057	gene_H	0.000000	102.000000	0.215686
429.999057	gene_J	85.000000	299.000000	0.200669
429.999057	gene_K	153.000000	289.000000	0.000000
429.999057	promoter_A	1.000000	0.000000	0.000000
429.999057	promoter_B1	0.000000	0.000000	0.000000
429.999057	promoter_D	0.000000	0.000000	0.000000
434.999454	__gene_A*_rbs	49.000000	0.000000	0.000000
434.999454	__gene_A_rbs	49.000000	0.000000	0.000000
434.999454	__gene_B_rbs	301.000000	0.000000	0.000000
434.999454	__gene_C_rbs	291.000000	0.000000	0.000000
434.999454	__gene_D_rbs	313.000000	0.000000	0.000000
434.999454	__gene_E_rbs	309.000000	0.000000	0.000000
434.999454	__gene_F_rbs	199.000000	0.000000	0.000000
434.999454	__gene_G_rbs	145.000000	0.000000	0.000000
434.999454	__gene_H_rbs	104.000000	0.000000	0.000000
434.999454	__gene_J_rbs	303.000000	0.000000	0.000000
434.999454	__gene_K_rbs	293.000000	0.000000	0.000000
434.999454	__ribosome	0.000000	0.000000	0.000000
434.999454	bound_ecolipol	1889.000000	0.000000	0.000000
434.999454	bound_ribosome	100.000000	0.000000	0.000000
434.999454	ecoli_genome	111.000000	0.000000	0.000000
434.999454	ecoli_transcript	32621.000000	0.000000	0.000000
434.999454	ecolipol	44.000000	0.000000	0.000000
434.999454	gene_A	26.000000	49.000000	0.040816
434.999454	gene_A*	22.000000	49.000000	0.020408
434.999454	gene_B	190.000000	301.000000	0.003322
434.999454	gene_C	126.000000	291.000000	0.003436
434.999454	gene_D	279.000000	313.000000	0.000000
434.999454	gene_E	207.000000	309.000000	0.000000
434.999454	gene_F	100.000000	199.000000	0.000000
434.999454	gene_G	21.000000	145.000000	0.082759
434.999454	gene_H	0.000000	104.000000	0.211538
434.999454	gene_J	85.000000	303.000000	0.201320
434.999454	gene_K	153.000000	293.000000	0.000000
434.999454	promoter_A	1.000000	0.000000	0.000000
434.999454	promoter_B1	0.000000	0.000000	0.000000
434.999454	promoter_D	0.000000	0.000000	0.000000
439.999384	__gene_A*_rbs	49.000000	0.000000	0.000000
439.999384	__gene_A_rbs	51.000000	0.000000	0.000000
439.999384	__gene_B_rbs	305.000000	0.000000	0.000000
439.999384	__gene_C_rbs	294.000000	0.000000	0.000000
439.999384	__gene_D_rbs	316.000000	0.000000	0.000000
439.999384	__gene_E_rbs	312.000000	0.000000	0.000000
439.999384	__gene_F_rbs	203.000000	0.000000	0.000000
439.999384	__gene_G_rbs	146.000000	0.000000	0.000000
439.999384	__gene_H_rbs	104.000000	0.000000	0.000000
439.999384	__gene_J_rbs	306.000000	0.000000	0.000000
439.999384	__gene_K_rbs	297.000000	0.000000	0.000000
439.999384	__ribosome	1.000000	0.000000	0.000000
439.999384	bound_ecolipol	1887.000000	0.000000	0.000000
439.999384	bound_ribosome	100.000000	0.000000	0.000000
439.999384	ecoli_genome	113.000000	0.000000	0.000000
439.999384	ecoli_transcript	33027.000000	0.000000	0.000000
439.999384	ecolipol	46.000000	0.000000	0.000000
439.999384	gene_A	26.000000	51.000000	0.039216
439.999384	gene_A*	22.000000	49.000000	0.020408
439.999384	gene_B	191.000000	305.000000	0.000000
439.999384	gene_C	127.000000	295.000000	0.003390
439.999384	gene_D	279.000000	316.000000	0.000000
439.999384	gene_E	207.000000	312.000000	0.000000
439.999384	gene_F	100.000000	203.000000	0.004926
439.999384	gene_G	21.000000	146.000000	0.082192
439.999384	gene_H	0.000000	104.000000	0.211538
439.999384	gene_J	86.000000	306.000000	0.196078
439.999384	gene_K	153.000000	297.000000	0.000000
439.999384	promoter_A	1.000000	0.000000	0.000000
439.999384	promoter_B1	0.000000	0.000000	0.000000
439.999384	promoter_D	0.000000	0.000000	0.000000
444.999280	__gene_A*_rbs	49.000000	0.000000	0.000000
444.999280	__gene_A_rbs	51.000000	0.000000	0.000000
444.999280	__gene_B_rbs	308.000000	0.000000	0.000000
444.999280	__gene_C_rbs	298.000000	0.000000	0.000000
444.999280	__gene_D_rbs	320.000000	0.000000	0.000000
444.999280	__gene_E_rbs	316.000000	0.000000	0.000000
444.999280	__gene_F_rbs	206.000000	0.000000	0.000000
444.999280	__gene_G_rbs	148.000000	0.000000	0.000000
444.999280	__gene_H_rbs	106.000000	0.000000	0.000000
444.999280	__gene_J_rbs	310.000000	0.000000	0.000000
444.999280	__gene_K_rbs	300.000000	0.000000	0.000000
444.999280	__ribosome	0.000000	0.000000	0.000000
444.999280	bound_ecolipol	1891.000000	0.000000	0.000000
444.999280	bound_ribosome	100.000000	0.000000	0.000000
444.999280	ecoli_genome	109.000000	0.000000	0.000000
444.999280	ecoli_transcript	33419.000000	0.000000	0.000000
444.999280	ecolipol	39.000000	0.000000	0.000000
444.999280	gene_A	27.000000	51.000000	0.019608
444.999280	gene_A*	22.000000	49.000000	0.020408
444.999280	gene_B	191.000000	308.000000	0.003247
444.999280	gene_C	127.000000	298.000000	0.003356
444.999280	gene_D	279.000000	320.000000	0.000000
444.999280	gene_E	207.000000	316.000000	0.003165
444.999280	gene_F	100.000000	206.000000	0.004854
444.999280	gene_G	21.000000	148.000000	0.081081
444.999280	gene_H	0.000000	106.000000	0.207547
444.999280	gene_J	86.000000	310.000000	0.193548
444.999280	gene_K	153.000000	300.000000	0.000000
444.999280	promoter_A	1.000000	0.000000	0.000000
444.999280	promoter_B1	0.000000	0.000000	0.000000
444.999280	promoter_D	0.000000	0.000000	0.000000
449.999084	__gene_A*_rbs	49.000000	0.000000	0.000000
449.999084	__gene_A_rbs	51.000000	0.000000	0.000000
449.999084	__gene_B_rbs	311.000000	0.000000	0.000000
449.999084	__gene_C_rbs	302.000000	0.000000	0.000000
449.999084	__gene_D_rbs	324.000000	0.000000	0.000000
449.999084	__gene_E_rbs	319.000000	0.000000	0.000000
449.999084	__gene_F_rbs	208.000000	0.000000	0.000000
449.999084	__gene_G_rbs	151.000000	0.000000	0.000000
449.999084	__gene_H_rbs	107.000000	0.000000	0.000000
449.999084	__gene_J_rbs	313.000000	0.000000	0.000000
449.999084	__gene_K_rbs	304.000000	0.000000	0.000000
449.999084	__ribosome	0.000000	0.000000	0.000000
449.999084	bound_ecolipol	1888.000000	0.000000	0.000000
449.999084	bound_ribosome	100.000000	0.000000	0.000000
449.999084	ecoli_genome	112.000000	0.000000	0.000000
449.999084	ecoli_transcript	33762.000000	0.000000	0.000000
449.999084	ecolipol	41.000000	0.000000	0.000000
449.999084	gene_A	27.000000	51.000000	0.019608
449.999084	gene_A*	23.000000	49.000000	0.000000
449.999084	gene_B	191.000000	312.000000	0.003205
449.999084	gene_C	128.000000	302.000000	0.003311
449.999084	gene_D	279.000000	324.000000	0.000000
449.999084	gene_E	207.000000	319.000000	0.003135
449.999084	gene_F	100.000000	208.000000	0.009615
449.999084	gene_G	21.000000	151.000000	0.079470
449.999084	gene_H	0.000000	107.000000	0.205607
449.999084	gene_J	86.000000	313.000000	0.191693
449.999084	gene_K	153.000000	304.000000	0.000000
449.999084	promoter_A	1.000000	0.000000	0.000000
449.999084	promoter_B1	0.000000	0.000000	0.000000
449.999084	promoter_D	0.000000	0.000000	0.000000
454.999043	__gene_A*_rbs	51.000000	0.000000	0.000000
454.999043	__gene_A_rbs	51.000000	0.000000	0.000000
454.999043	__gene_B_rbs	316.000000	0.000000	0.000000
454.999043	__gene_C_rbs	305.000000	0.000000	0.000000
454.999043	__gene_D_rbs	327.000000	0.000000	0.000000
454.999043	__gene_E_rbs	323.000000	0.000000	0.000000
454.999043	__gene_F_rbs	211.000000	0.000000	0.000000
454.999043	__gene_G_rbs	153.000000	0.000000	0.000000
454.999043	__gene_H_rbs	107.000000	0.000000	0.000000
454.999043	__gene_J_rbs	317.000000	0.000000	0.000000
454.999043	__gene_K_rbs	308.000000	0.000000	0.000000
454.999043	__ribosome	0.000000	0.000000	0.000000
454.999043	bound_ecolipol	1882.000000	0.000000	0.000000
454.999043	bound_ribosome	100.000000	0.000000	0.000000
454.999043	ecoli_genome	118.000000	0.000000	0.000000
454.999043	ecoli_transcript	34150.000000	0.000000	0.000000
454.999043	ecolipol	46.000000	0.000000	0.000000
454.999043	gene_A	27.000000	51.000000	0.019608
454.999043	gene_A*	23.000000	51.000000	0.000000
454.999043	gene_B	192.000000	316.000000	0.000000
454.999043	gene_C	128.000000	305.000000	0.003279
454.999043	gene_D	279.000000	327.000000	0.003058
454.999043	gene_E	208.000000	323.000000	0.000000
454.999043	gene_F	100.000000	211.000000	0.009479
454.999043	gene_G	21.000000	153.000000	0.078431
454.999043	gene_H	0.000000	107.000000	0.205607
454.999043	gene_J	86.000000	317.000000	0.192429
454.999043	gene_K	153.000000	308.000000	0.000000
454.999043	promoter_A	1.000000	0.000000	0.000000
454.999043	promoter_B1	0.000000	0.000000	0.000000
454.999043	promoter_D	0.000000	0.000000	0.000000
459.999002	__gene_A*_rbs	51.000000	0.000000	0.000000
459.999002	__gene_A_rbs	51.000000	0.000000	0.000000
459.999002	__gene_B_rbs	319.000000	0.000000	0.000000
459.999002	__gene_C_rbs	309.000000	0.000000	0.000000
459.999002	__gene_D_rbs	331.000000	0.000000	0.000000
459.999002	__gene_E_rbs	327.000000	0.000000	0.000000
459.999002	__gene_F_rbs	213.000000	0.000000	0.000000
459.999002	__gene_G_rbs	155.000000	0.000000	0.000000
459.999002	__gene_H_rbs	107.000000	0.000000	0.000000
459.999002	__gene_J_rbs	320.000000	0.000000	0.000000
459.999002	__gene_K_rbs	311.000000	0.000000	0.000000
459.999002	__ribosome	0.000000	0.000000	0.000000
459.999002	bound_ecolipol	1882.000000	0.000000	0.000000
459.999002	bound_ribosome	100.000000	0.000000	0.000000
459.999002	ecoli_genome	118.000000	0.000000	0.000000
459.999002	ecoli_transcript	34545.000000	0.000000	0.000000
459.999002	ecolipol	49.000000	0.000000	0.000000
459.999002	gene_A	27.000000	51.000000	0.019608
459.999002	gene_A*	23.000000	51.000000	0.000000
459.999002	gene_B	192.000000	319.000000	0.000000
459.999002	gene_C	129.000000	309.000000	0.000000
459.999002	gene_D	279.000000	331.000000	0.006042
459.999002	gene_E	208.000000	327.000000	0.000000
459.999002	gene_F	100.000000	213.000000	0.009390
459.999002	gene_G	21.000000	155.000000	0.077419
459.999002	gene_H	0.000000	107.000000	0.205607
459.999002	gene_J	87.000000	320.000000	0.187500
459.999002	gene_K	153.000000	311.000000	0.003215
459.999002	promoter_A	1.000000	0.000000	0.000000
459.999002	promoter_B1	0.000000	0.000000	0.000000
459.999002	promoter_D	0.000000	0.000000	0.000000
464.999179	__gene_A*_rbs	51.000000	0.000000	0.000000
464.999179	__gene_A_rbs	51.000000	0.000000	0.000000
464.999179	__gene_B_rbs	323.000000	0.000000	0.000000
464.999179	__gene_C_rbs	312.000000	0.000000	0.000000
464.999179	__gene_D_rbs	334.000000	0.000000	0.000000
464.999179	__gene_E_rbs	331.000000	0.000000	0.000000
464.999179	__gene_F_rbs	215.000000	0.000000	0.000000
464.999179	__gene_G_rbs	157.000000	0.000000	0.000000
464.999179	__gene_H_rbs	108.000000	0.000000	0.000000
464.999179	__gene_J_rbs	324.000000	0.000000	0.000000
464.999179	__gene_K_rbs	314.000000	0.000000	0.000000
464.999179	__ribosome	0.000000	0.000000	0.000000
464.999179	bound_ecolipol	1888.000000	0.000000	0.000000
464.999179	bound_ribosome	100.000000	0.000000	0.000000
464.999179	ecoli_genome	112.000000	0.000000	0.000000
464.999179	ecoli_transcript	34941.000000	0.000000	0.000000
464.999179	ecolipol	47.000000	0.000000	0.000000
464.999179	gene_A	28.000000	51.000000	0.000000
464.999179	gene_A*	23.000000	51.000000	0.000000
464.999179	gene_B	192.000000	323.000000	0.003096
464.999179	gene_C	129.000000	313.000000	0.003195
464.999179	gene_D	279.000000	334.000000	0.005988
464.999179	gene_E	208.000000	331.000000	0.000000
464.999179	gene_F	100.000000	215.000000	0.009302
464.999179	gene_G	21.000000	157.000000	0.076433
464.999179	gene_H	0.000000	108.000000	0.203704
464.999179	gene_J	87.000000	324.000000	0.185185
464.999179	gene_K	154.000000	314.000000	0.000000
464.999179	promoter_A	1.000000	0.000000	0.000000
464.999179	promoter_B1	0.000000	0.000000	0.000000
464.999179	promoter_D	0.000000	0.000000	0.000000
469.999259	__gene_A*_rbs	51.000000	0.000000	0.000000
469.999259	__gene_A_rbs	51.000000	0.000000	0.000000
469.999259	__gene_B_rbs	326.000000	0.000000	0.000000
469.999259	__gene_C_rbs	316.000000	0.000000	0.000000
469.999259	__gene_D_rbs	338.000000	0.000000	0.000000
469.999259	__gene_E_rbs	334.000000	0.000000	0.000000
469.999259	__gene_F_rbs	217.000000	0.000000	0.000000
469.999259	__gene_G_rbs	159.000000	0.000000	0.000000
469.999259	__gene_H_rbs	110.000000	0.000000	0.000000
469.999259	__gene_J_rbs	328.000000	0.000000	0.000000
469.999259	__gene_K_rbs	318.000000	0.000000	0.000000
469.999259	__ribosome	0.000000	0.000000	0.000000
469.999259	bound_ecolipol	1891.000000	0.000000	0.000000
469.999259	bound_ribosome	100.000000	0.000000	0.000000
469.999259	ecoli_genome	109.000000	0.000000	0.000000
469.999259	ecoli_transcript	35348.000000	0.000000	0.000000
469.999259	ecolipol	47.000000	0.000000	0.000000
469.999259	gene_A	28.000000	51.000000	0.000000
469.999259	gene_A*	23.000000	51.000000	0.000000
469.999259	gene_B	192.000000	326.000000	0.006135
469.999259	gene_C	129.000000	316.000000	0.003165
469.999259	gene_D	280.000000	338.000000	0.002959
469.999259	gene_E	208.000000	334.000000	0.000000
469.999259	gene_F	100.000000	217.000000	0.009217
469.999259	gene_G	21.000000	159.000000	0.075472
469.999259	gene_H	0.000000	110.000000	0.200000
469.999259	gene_J	87.000000	328.000000	0.182927
469.999259	gene_K	154.000000	318.000000	0.000000
469.999259	promoter_A	1.000000	0.000000	0.000000
469.999259	promoter_B1	0.000000	0.000000	0.000000
469.999259	promoter_D	0.000000	0.000000	0.000000
474.999309	__gene_A*_rbs	51.000000	0.000000	0.000000
474.999309	__gene_A_rbs	52.000000	0.000000	0.000000
474.999309	__gene_B_rbs	329.000000	0.000000	0.000000
474.999309	__gene_C_rbs	320.000000	0.000000	0.000000
474.999309	__gene_D_rbs	342.000000	0.000000	0.000000
474.999309	__gene_E_rbs	338.000000	0.000000	0.000000
474.999309	__gene_F_rbs	218.000000	0.000000	0.000000
474.999309	__gene_G_rbs	160.000000	0.000000	0.000000
474.999309	__gene_H_rbs	112.000000	0.000000	0.000000
474.999309	__gene_J_rbs	331.000000	0.000000	0.000000
474.999309	__gene_K_rbs	321.000000	0.000000	0.000000
474.999309	__ribosome	0.000000	0.000000	0.000000
474.999309	bound_ecolipol	1886.000000	0.000000	0.000000
474.999309	bound_ribosome	100.000000	0.000000	0.000000
474.999309	ecoli_genome	114.000000	0.000000	0.000000
474.999309	ecoli_transcript	35757.000000	0.000000	0.000000
474.999309	ecolipol	49.000000	0.000000	0.000000
474.999309	gene_A	28.000000	52.000000	0.000000
474.999309	gene_A*	23.000000	51.000000	0.000000
474.999309	gene_B	192.000000	329.000000	0.006079
474.999309	gene_C	130.000000	320.000000	0.000000
474.999309	gene_D	281.000000	342.000000	0.002924
474.999309	gene_E	208.000000	338.000000	0.002959
474.999309	gene_F	100.000000	218.000000	0.009174
474.999309	gene_G	21.000000	160.000000	0.075000
474.999309	gene_H	0.000000	112.000000	0.196429
474.999309	gene_J	87.000000	331.000000	0.181269
474.999309	gene_K	154.000000	322.000000	0.000000
474.999309	promoter_A	1.000000	0.000000	0.000000
474.999309	promoter_B1	0.000000	0.000000	0.000000
474.999309	promoter_D	0.000000	0.000000	0.000000
479.999032	__gene_A*_rbs	51.000000	0.000000	0.000000
479.999032	__gene_A_rbs	53.000000	0.000000	0.000000
479.999032	__gene_B_rbs	333.000000	0.000000	0.000000
479.999032	__gene_C_rbs	323.000000	0.000000	0.000000
479.999032	__gene_D_rbs	346.000000	0.000000	0.000000
479.999032	__gene_E_rbs	342.000000	0.000000	0.000000
479.999032	__gene_F_rbs	221.000000	0.000000	0.000000
479.999032	__gene_G_rbs	160.000000	0.000000	0.000000
479.999032	__gene_H_rbs	113.000000	0.000000	0.000000
479.999032	__gene_J_rbs	335.000000	0.000000	0.000000
479.999032	__gene_K_rbs	324.000000	0.000000	0.000000
479.999032	__ribosome	0.000000	0.000000	0.000000
479.999032	bound_ecolipol	1890.000000	0.000000	0.000000
479.999032	bound_ribosome	100.000000	0.000000	0.000000
479.999032	ecoli_genome	110.000000	0.000000	0.000000
479.999032	ecoli_transcript	36167.000000	0.000000	0.000000
479.999032	ecolipol	46.000000	0.000000	0.000000
479.999032	gene_A	28.000000	53.000000	0.000000
479.999032	gene_A*	23.000000	51.000000	0.000000
479.999032	gene_B	193.000000	333.000000	0.003003
479.999032	gene_C	130.000000	323.000000	0.000000
479.999032	gene_D	281.000000	346.000000	0.002890
479.999032	gene_E	208.000000	342.000000	0.002924
479.999032	gene_F	100.000000	221.000000	0.009050
479.999032	gene_G	21.000000	160.000000	0.075000
479.999032	gene_H	0.000000	113.000000	0.194690
479.999032	gene_J	87.000000	335.000000	0.179104
479.999032	gene_K	154.000000	325.000000	0.003077
479.999032	promoter_A	1.000000	0.000000	0.000000
479.999032	promoter_B1	0.000000	0.000000	0.000000
479.999032	promoter_D	0.000000	0.000000	0.000000
484.999244	__gene_A*_rbs	51.000000	0.000000	0.000000
484.999244	__gene_A_rbs	54.000000	0.000000	0.000000
484.999244	__gene_B_rbs	336.000000	0.000000	0.000000
484.999244	__gene_C_rbs	327.000000	0.000000	0.000000
484.999244	__gene_D_rbs	349.000000	0.000000	0.000000
484.999244	__gene_E_rbs	345.000000	0.000000	0.000000
484.999244	__gene_F_rbs	222.000000	0.000000	0.000000
484.999244	__gene_G_rbs	162.000000	0.000000	0.000000
484.999244	__gene_H_rbs	115.000000	0.000000	0.000000
484.999244	__gene_J_rbs	338.000000	0.000000	0.000000
484.999244	__gene_K_rbs	329.000000	0.000000	0.000000
484.999244	__ribosome	0.000000	0.000000	0.000000
484.999244	bound_ecolipol	1890.000000	0.000000	0.000000
484.999244	bound_ribosome	100.000000	0.000000	0.000000
484.999244	ecoli_genome	110.000000	0.000000	0.000000
484.999244	ecoli_transcript	36535.000000	0.000000	0.000000
484.999244	ecolipol	44.000000	0.000000	0.000000
484.999244	gene_A	28.000000	54.000000	0.000000
484.999244	gene_A*	23.000000	51.000000	0.000000
484.999244	gene_B	194.000000	336.000000	0.008929
484.999244	gene_C	130.000000	327.000000	0.000000
484.999244	gene_D	281.000000	349.000000	0.002865
484.999244	gene_E	209.000000	345.000000	0.002899
484.999244	gene_F	101.000000	222.000000	0.004505
484.999244	gene_G	21.000000	162.000000	0.074074
484.999244	gene_H	0.000000	115.000000	0.191304
484.999244	gene_J	87.000000	338.000000	0.177515
484.999244	gene_K	155.000000	329.000000	0.000000
484.999244	promoter_A	1.000000	0.000000	0.000000
484.999244	promoter_B1	0.000000	0.000000	0.000000
484.999244	promoter_D	0.000000	0.000000	0.000000
489.999082	__gene_A*_rbs	52.000000	0.000000	0.000000
489.999082	__gene_A_rbs	55.000000	0.000000	0.000000
489.999082	__gene_B_rbs	340.000000	0.000000	0.000000
489.999082	__gene_C_rbs	331.000000	0.000000	0.000000
489.999082	__gene_D_rbs	353.000000	0.000000	0.000000
489.999082	__gene_E_rbs	348.000000	0.000000	0.000000
489.999082	__gene_F_rbs	225.000000	0.000000	0.000000
489.999082	__gene_G_rbs	164.000000	0.000000	0.000000
489.999082	__gene_H_rbs	115.000000	0.000000	0.000000
489.999082	__gene_J_rbs	342.000000	0.000000	0.000000
489.999082	__gene_K_rbs	332.000000	0.000000	0.000000
489.999082	__ribosome	0.000000	0.000000	0.000000
489.999082	bound_ecolipol	1883.000000	0.000000	0.000000
489.999082	bound_ribosome	100.000000	0.000000	0.000000
489.999082	ecoli_genome	117.000000	0.000000	0.000000
489.999082	ecoli_transcript	36874.000000	0.000000	0.000000
489.999082	ecolipol	48.000000	0.000000	0.000000
489.999082	gene_A	28.000000	55.000000	0.000000
489.999082	gene_A*	23.000000	52.000000	0.000000
489.999082	gene_B	194.000000	340.000000	0.008824
489.999082	gene_C	130.000000	331.000000	0.000000
489.999082	gene_D	282.000000	353.000000	0.000000
489.999082	gene_E	209.000000	349.000000	0.005731
489.999082	gene_F	101.000000	225.000000	0.004444
489.999082	gene_G	21.000000	164.000000	0.073171
489.999082	gene_H	0.000000	115.000000	0.191304
489.999082	gene_J	87.000000	342.000000	0.175439
489.999082	gene_K	155.000000	332.000000	0.000000
489.999082	promoter_A	1.000000	0.000000	0.000000
489.999082	promoter_B1	0.000000	0.000000	0.000000
489.999082	promoter_D	0.000000	0.000000	0.000000
494.999029	__gene_A*_rbs	53.000000	0.000000	0.000000
494.999029	__gene_A_rbs	56.000000	0.000000	0.000000
494.999029	__gene_B_rbs	344.000000	0.000000	0.000000
494.999029	__gene_C_rbs	334.000000	0.000000	0.000000
494.999029	__gene_D_rbs	356.000000	0.000000	0.000000
494.999029	__gene_E_rbs	353.000000	0.000000	0.000000
494.999029	__gene_F_rbs	228.000000	0.000000	0.000000
494.999029	__gene_G_rbs	165.000000	0.000000	0.000000
494.999029	__gene_H_rbs	116.000000	0.000000	0.000000
494.999029	__gene_J_rbs	346.000000	0.000000	0.000000
494.999029	__gene_K_rbs	336.000000	0.000000	0.000000
494.999029	__ribosome	0.000000	0.000000	0.000000
494.999029	bound_ecolipol	1892.000000	0.000000	0.000000
494.999029	bound_ribosome	100.000000	0.000000	0.000000
494.999029	ecoli_genome	108.000000	0.000000	0.000000
494.999029	ecoli_transcript	37278.000000	0.000000	0.000000
494.999029	ecolipol	38.000000	0.000000	0.000000
494.999029	gene_A	28.000000	56.000000	0.000000
494.999029	gene_A*	23.000000	53.000000	0.000000
494.999029	gene_B	197.000000	344.000000	0.000000
494.999029	gene_C	130.000000	334.000000	0.000000
494.999029	gene_D	282.000000	356.000000	0.002809
494.999029	gene_E	210.000000	353.000000	0.008499
494.999029	gene_F	102.000000	228.000000	0.000000
494.999029	gene_G	21.000000	165.000000	0.078788
494.999029	gene_H	0.000000	116.000000	0.189655
494.999029	gene_J	87.000000	346.000000	0.176301
494.999029	gene_K	155.000000	336.000000	0.000000
494.999029	promoter_A	0.000000	0.000000	0.000000
494.999029	promoter_B1	0.000000	0.000000	0.000000
494.999029	promoter_D	0.000000	0.000000	0.000000
499.999147	__gene_A*_rbs	54.000000	0.000000	0.000000
499.999147	__gene_A_rbs	58.000000	0.000000	0.000000
499.999147	__gene_B_rbs	348.000000	0.000000	0.000000
499.999147	__gene_C_rbs	338.000000	0.000000	0.000000
499.999147	__gene_D_rbs	360.000000	0.000000	0.000000
499.999147	__gene_E_rbs	356.000000	0.000000	0.000000
499.999147	__gene_F_rbs	230.000000	0.000000	0.000000
499.999147	__gene_G_rbs	167.000000	0.000000	0.000000
499.999147	__gene_H_rbs	117.000000	0.000000	0.000000
499.999147	__gene_J_rbs	350.000000	0.000000	0.000000
499.999147	__gene_K_rbs	339.000000	0.000000	0.000000
499.999147	__ribosome	0.000000	0.000000	0.000000
499.999147	bound_ecolipol	1892.000000	0.000000	0.000000
499.999147	bound_ribosome	100.000000	0.000000	0.000000
499.999147	ecoli_genome	108.000000	0.000000	0.000000
499.999147	ecoli_transcript	37687.000000	0.000000	0.000000
499.999147	ecolipol	39.000000	0.000000	0.000000
499.999147	gene_A	28.000000	58.000000	0.000000
499.999147	gene_A*	23.000000	54.000000	0.000000
499.999147	gene_B	197.000000	348.000000	0.000000
499.999147	gene_C	130.000000	338.000000	0.002959
499.999147	gene_D	282.000000	360.000000	0.002778
499.999147	gene_E	211.000000	356.000000	0.005618
499.999147	gene_F	102.000000	230.000000	0.000000
499.999147	gene_G	21.000000	167.000000	0.077844
499.999147	gene_H	0.000000	117.000000	0.188034
499.999147	gene_J	88.000000	350.000000	0.171429
499.999147	gene_K	155.000000	339.000000	0.002950
499.999147	promoter_A	0.000000	0.000000	0.000000
499.999147	promoter_B1	0.000000	0.000000	0.000000
499.999147	promoter_D	0.000000	0.000000	0.000000
504.999230	__gene_A*_rbs	55.000000	0.000000	0.000000
504.999230	__gene_A_rbs	59.000000	0.000000	0.000000
504.999230	__gene_B_rbs	352.000000	0.000000	0.000000
504.999230	__gene_C_rbs	341.000000	0.000000	0.000000
504.999230	__gene_D_rbs	363.000000	0.000000	0.000000
504.999230	__gene_E_rbs	359.000000	0.000000	0.000000
504.999230	__gene_F_rbs	233.000000	0.000000	0.000000
504.999230	__gene_G_rbs	169.000000	0.000000	0.000000
504.999230	__gene_H_rbs	118.000000	0.000000	0.000000
504.999230	__gene_J_rbs	353.000000	0.000000	0.000000
504.999230	__gene_K_rbs	343.000000	0.000000	0.000000
504.999230	__ribosome	0.000000	0.000000	0.000000
504.999230	bound_ecolipol	1891.000000	0.000000	0.000000
504.999230	bound_ribosome	100.000000	0.000000	0.000000
504.999230	ecoli_genome	109.000000	0.000000	0.000000
504.999230	ecoli_transcript	38045.000000	0.000000	0.000000
504.999230	ecolipol	40.000000	0.000000	0.000000
504.999230	gene_A	28.000000	59.000000	0.000000
504.999230	gene_A*	23.000000	55.000000	0.000000
504.999230	gene_B	197.000000	352.000000	0.002841
504.999230	gene_C	130.000000	341.000000	0.002933
504.999230	gene_D	282.000000	363.000000	0.005510
504.999230	gene_E	213.000000	359.000000	0.000000
504.999230	gene_F	102.000000	233.000000	0.004292
504.999230	gene_G	21.000000	169.000000	0.076923
504.999230	gene_H	0.000000	118.000000	0.186441
504.999230	gene_J	88.000000	353.000000	0.169972
504.999230	gene_K	156.000000	343.000000	0.000000
504.999230	promoter_A	1.000000	0.000000	0.000000
504.999230	promoter_B1	0.000000	0.000000	0.000000
504.999230	promoter_D	0.000000	0.000000	0.000000
509.999274	__gene_A*_rbs	55.000000	0.000000	0.000000
509.999274	__gene_A_rbs	60.000000	0.000000	0.000000
509.999274	__gene_B_rbs	355.000000	0.000000	0.000000
509.999274	__gene_C_rbs	345.000000	0.000000	0.000000
509.999274	__gene_D_rbs	367.000000	0.000000	0.000000
509.999274	__gene_E_rbs	363.000000	0.000000	0.000000
509.999274	__gene_F_rbs	237.000000	0.000000	0.000000
509.999274	__gene_G_rbs	170.000000	0.000000	0.000000
509.999274	__gene_H_rbs	119.000000	0.000000	0.000000
509.999274	__gene_J_rbs	357.000000	0.000000	0.000000
509.999274	__gene_K_rbs	347.000000	0.000000	0.000000
509.999274	__ribosome	0.000000	0.000000	0.000000
509.999274	bound_ecolipol	1881.000000	0.000000	0.000000
509.999274	bound_ribosome	100.000000	0.000000	0.000000
509.999274	ecoli_genome	119.000000	0.000000	0.000000
509.999274	ecoli_transcript	38426.000000	0.000000	0.000000
509.999274	ecolipol	48.000000	0.000000	0.000000
509.999274	gene_A	28.000000	60.000000	0.000000
509.999274	gene_A*	23.000000	55.000000	0.000000
509.999274	gene_B	197.000000	355.000000	0.002817
509.999274	gene_C	131.000000	345.000000	0.000000
509.999274	gene_D	283.000000	367.000000	0.002725
509.999274	gene_E	213.000000	363.000000	0.000000
509.999274	gene_F	102.000000	237.000000	0.004219
509.999274	gene_G	22.000000	171.000000	0.087719
509.999274	gene_H	0.000000	119.000000	0.184874
509.999274	gene_J	88.000000	357.000000	0.168067
509.999274	gene_K	156.000000	347.000000	0.000000
509.999274	promoter_A	1.000000	0.000000	0.000000
509.999274	promoter_B1	0.000000	0.000000	0.000000
509.999274	promoter_D	0.000000	0.000000	0.000000
514.999087	__gene_A*_rbs	58.000000	0.000000	0.000000
514.999087	__gene_A_rbs	60.000000	0.000000	0.000000
514.999087	__gene_B_rbs	358.000000	0.000000	0.000000
514.999087	__gene_C_rbs	347.000000	0.000000	0.000000
514.999087	__gene_D_rbs	370.000000	0.000000	0.000000
514.999087	__gene_E_rbs	366.000000	0.000000	0.000000
514.999087	__gene_F_rbs	240.000000	0.000000	0.000000
514.999087	__gene_G_rbs	172.000000	0.000000	0.000000
514.999087	__gene_H_rbs	121.000000	0.000000	0.000000
514.999087	__gene_J_rbs	360.000000	0.000000	0.000000
514.999087	__gene_K_rbs	350.000000	0.000000	0.000000
514.999087	__ribosome	0.000000	0.000000	0.000000
514.999087	bound_ecolipol	1894.000000	0.000000	0.000000
514.999087	bound_ribosome	100.000000	0.000000	0.000000
514.999087	ecoli_genome	106.000000	0.000000	0.000000
514.999087	ecoli_transcript	38773.000000	0.000000	0.000000
514.999087	ecolipol	33.000000	0.000000	0.000000
514.999087	gene_A	28.000000	60.000000	0.000000
514.999087	gene_A*	23.000000	58.000000	0.000000
514.999087	gene_B	198.000000	358.000000	0.000000
514.999087	gene_C	131.000000	348.000000	0.002874
514.999087	gene_D	283.000000	370.000000	0.002703
514.999087	gene_E	213.000000	366.000000	0.000000
514.999087	gene_F	102.000000	240.000000	0.004167
514.999087	gene_G	22.000000	172.000000	0.087209
514.999087	gene_H	0.000000	121.000000	0.181818
514.999087	gene_J	88.000000	360.000000	0.166667
514.999087	gene_K	156.000000	350.000000	0.000000
514.999087	promoter_A	1.000000	0.000000	0.000000
514.999087	promoter_B1	0.000000	0.000000	0.000000
514.999087	promoter_D	0.000000	0.000000	0.000000
519.999027	__gene_A*_rbs	59.000000	0.000000	0.000000
519.999027	__gene_A_rbs	62.000000	0.000000	0.000000
519.999027	__gene_B_rbs	361.000000	0.000000	0.000000
519.999027	__gene_C_rbs	352.000000	0.000000	0.000000
519.999027	__gene_D_rbs	374.000000	0.000000	0.000000
519.999027	__gene_E_rbs	370.000000	0.000000	0.000000
519.999027	__gene_F_rbs	243.000000	0.000000	0.000000
519.999027	__gene_G_rbs	173.000000	0.000000	0.000000
519.999027	__gene_H_rbs	122.000000	0.000000	0.000000
519.999027	__gene_J_rbs	363.000000	0.000000	0.000000
519.999027	__gene_K_rbs	354.000000	0.000000	0.000000
519.999027	__ribosome	0.000000	0.000000	0.000000
519.999027	bound_ecolipol	1881.000000	0.000000	0.000000
519.999027	bound_ribosome	100.000000	0.000000	0.000000
519.999027	ecoli_genome	119.000000	0.000000	0.000000
519.999027	ecoli_transcript	39150.000000	0.000000	0.000000
519.999027	ecolipol	44.000000	0.000000	0.000000
519.999027	gene_A	28.000000	62.000000	0.000000
519.999027	gene_A*	23.000000	59.000000	0.000000
519.999027	gene_B	198.000000	361.000000	0.000000
519.999027	gene_C	131.000000	352.000000	0.002841
519.999027	gene_D	283.000000	374.000000	0.002674
519.999027	gene_E	213.000000	370.000000	0.000000
519.999027	gene_F	102.000000	243.000000	0.004115
519.999027	gene_G	22.000000	173.000000	0.086705
519.999027	gene_H	0.000000	122.000000	0.180328
519.999027	gene_J	88.000000	364.000000	0.164835
519.999027	gene_K	156.000000	354.000000	0.000000
519.999027	promoter_A	1.000000	0.000000	0.000000
519.999027	promoter_B1	0.000000	0.000000	0.000000
519.999027	promoter_D	0.000000	0.000000	0.000000
524.999021	__gene_A*_rbs	60.000000	0.000000	0.000000
524.999021	__gene_A_rbs	62.000000	0.000000	0.000000
524.999021	__gene_B_rbs	366.000000	0.000000	0.000000
524.999021	__gene_C_rbs	356.000000	0.000000	0.000000
524.999021	__gene_D_rbs	377.000000	0.000000	0.000000
524.999021	__gene_E_rbs	373.000000	0.000000	0.000000
524.999021	__gene_F_rbs	245.000000	0.000000	0.000000
524.999021	__gene_G_rbs	175.000000	0.000000	0.000000
524.999021	__gene_H_rbs	125.000000	0.000000	0.000000
524.999021	__gene_J_rbs	367.000000	0.000000	0.000000
524.999021	__gene_K_rbs	356.000000	0.000000	0.000000
524.999021	__ribosome	0.000000	0.000000	0.000000
524.999021	bound_ecolipol	1883.000000	0.000000	0.000000
524.999021	bound_ribosome	100.000000	0.000000	0.000000
524.999021	ecoli_genome	117.000000	0.000000	0.000000
524.999021	ecoli_transcript	39523.000000	0.000000	0.000000
524.999021	ecolipol	43.000000	0.000000	0.000000
524.999021	gene_A	28.000000	62.000000	0.000000
524.999021	gene_A*	23.000000	60.000000	0.000000
524.999021	gene_B	198.000000	366.000000	0.000000
524.999021	gene_C	132.000000	356.000000	0.000000
524.999021	gene_D	284.000000	377.000000	0.000000
524.999021	gene_E	213.000000	373.000000	0.002681
524.999021	gene_F	102.000000	245.000000	0.008163
524.999021	gene_G	23.000000	175.000000	0.080000
524.999021	gene_H	0.000000	125.000000	0.176000
524.999021	gene_J	88.000000	367.000000	0.163488
524.999021	gene_K	156.000000	357.000000	0.002801
524.999021	promoter_A	1.000000	0.000000	0.000000
524.999021	promoter_B1	0.000000	0.000000	0.000000
524.999021	promoter_D	0.000000	0.000000	0.000000
529.999007	__gene_A*_rbs	60.000000	0.000000	0.000000
529.999007	__gene_A_rbs	62.000000	0.000000	0.000000
529.999007	__gene_B_rbs	370.000000	0.000000	0.000000
529.999007	__gene_C_rbs	358.000000	0.000000	0.000000
529.999007	__gene_D_rbs	381.000000	0.000000	0.000000
529.999007	__gene_E_rbs	377.000000	0.000000	0.000000
529.999007	__gene_F_rbs	248.000000	0.000000	0.000000
529.999007	__gene_G_rbs	178.000000	0.000000	0.000000
529.999007	__gene_H_rbs	125.000000	0.000000	0.000000
529.999007	__gene_J_rbs	371.000000	0.000000	0.000000
529.999007	__gene_K_rbs	360.000000	0.000000	0.000000
529.999007	__ribosome	0.000000	0.000000	0.000000
529.999007	bound_ecolipol	1881.000000	0.000000	0.000000
529.999007	bound_ribosome	100.000000	0.000000	0.000000
529.999007	ecoli_genome	119.000000	0.000000	0.000000
529.999007	ecoli_transcript	39903.000000	0.000000	0.000000
529.999007	ecolipol	44.000000	0.000000	0.000000
529.999007	gene_A	28.000000	62.000000	0.000000
529.999007	gene_A*	23.000000	60.000000	0.000000
529.999007	gene_B	198.000000	370.000000	0.000000
529.999007	gene_C	132.000000	358.000000	0.000000
529.999007	gene_D	284.000000	381.000000	0.000000
529.999007	gene_E	214.000000	377.000000	0.000000
529.999007	gene_F	102.000000	248.000000	0.008065
529.999007	gene_G	24.000000	178.000000	0.073034
529.999007	gene_H	0.000000	125.000000	0.176000
529.999007	gene_J	88.000000	371.000000	0.164420
529.999007	gene_K	156.000000	360.000000	0.005556
529.999007	promoter_A	1.000000	0.000000	0.000000
529.999007	promoter_B1	0.000000	0.000000	0.000000
529.999007	promoter_D	0.000000	0.000000	0.000000
534.999044	__gene_A*_rbs	62.000000	0.000000	0.000000
534.999044	__gene_A_rbs	63.000000	0.000000	0.000000
534.999044	__gene_B_rbs	373.000000	0.000000	0.000000
534.999044	__gene_C_rbs	362.000000	0.000000	0.000000
534.999044	__gene_D_rbs	384.000000	0.000000	0.000000
534.999044	__gene_E_rbs	381.000000	0.000000	0.000000
534.999044	__gene_F_rbs	252.000000	0.000000	0.000000
534.999044	__gene_G_rbs	180.000000	0.000000	0.000000
534.999044	__gene_H_rbs	126.000000	0.000000	0.000000
534.999044	__gene_J_rbs	374.000000	0.000000	0.000000
534.999044	__gene_K_rbs	364.000000	0.000000	0.000000
534.999044	__ribosome	0.000000	0.000000	0.000000
534.999044	bound_ecolipol	1871.000000	0.000000	0.000000
534.999044	bound_ribosome	100.000000	0.000000	0.000000
534.999044	ecoli_genome	129.000000	0.000000	0.000000
534.999044	ecoli_transcript	40277.000000	0.000000	0.000000
534.999044	ecolipol	52.000000	0.000000	0.000000
534.999044	gene_A	28.000000	63.000000	0.000000
534.999044	gene_A*	23.000000	62.000000	0.000000
534.999044	gene_B	198.000000	373.000000	0.000000
534.999044	gene_C	132.000000	362.000000	0.000000
534.999044	gene_D	284.000000	385.000000	0.002597
534.999044	gene_E	214.000000	381.000000	0.005249
534.999044	gene_F	102.000000	252.000000	0.007937
534.999044	gene_G	24.000000	180.000000	0.072222
534.999044	gene_H	0.000000	126.000000	0.174603
534.999044	gene_J	89.000000	374.000000	0.160428
534.999044	gene_K	158.000000	364.000000	0.000000
534.999044	promoter_A	1.000000	0.000000	0.000000
534.999044	promoter_B1	0.000000	0.000000	0.000000
534.999044	promoter_D	0.000000	0.000000	0.000000
539.999305	__gene_A*_rbs	62.000000	0.000000	0.000000
539.999305	__gene_A_rbs	65.000000	0.000000	0.000000
539.999305	__gene_B_rbs	377.000000	0.000000	0.000000
539.999305	__gene_C_rbs	365.000000	0.000000	0.000000
539.999305	__gene_D_rbs	388.000000	0.000000	0.000000
539.999305	__gene_E_rbs	384.000000	0.000000	0.000000
539.999305	__gene_F_rbs	254.000000	0.000000	0.000000
539.999305	__gene_G_rbs	182.000000	0.000000	0.000000
539.999305	__gene_H_rbs	128.000000	0.000000	0.000000
539.999305	__gene_J_rbs	375.000000	0.000000	0.000000
539.999305	__gene_K_rbs	368.000000	0.000000	0.000000
539.999305	__ribosome	0.000000	0.000000	0.000000
539.999305	bound_ecolipol	1874.000000	0.000000	0.000000
539.999305	bound_ribosome	100.000000	0.000000	0.000000
539.999305	ecoli_genome	126.000000	0.000000	0.000000
539.999305	ecoli_transcript	40666.000000	0.000000	0.000000
539.999305	ecolipol	47.000000	0.000000	0.000000
539.999305	gene_A	28.000000	65.000000	0.000000
539.999305	gene_A*	23.000000	62.000000	0.000000
539.999305	gene_B	198.000000	377.000000	0.000000
539.999305	gene_C	132.000000	365.000000	0.000000
539.999305	gene_D	284.000000	388.000000	0.002577
539.999305	gene_E	215.000000	384.000000	0.002604
539.999305	gene_F	102.000000	254.000000	0.007874
539.999305	gene_G	24.000000	182.000000	0.071429
539.999305	gene_H	0.000000	128.000000	0.171875
539.999305	gene_J	89.000000	377.000000	0.161804
539.999305	gene_K	158.000000	368.000000	0.000000
539.999305	promoter_A	0.000000	0.000000	0.000000
539.999305	promoter_B1	0.000000	0.000000	0.000000
539.999305	promoter_D	0.000000	0.000000	0.000000
544.999026	__gene_A*_rbs	62.000000	0.000000	0.000000
544.999026	__gene_A_rbs	66.000000	0.000000	0.000000
544.999026	__gene_B_rbs	381.000000	0.000000	0.000000
544.999026	__gene_C_rbs	370.000000	0.000000	0.000000
544.999026	__gene_D_rbs	391.000000	0.000000	0.000000
544.999026	__gene_E_rbs	388.000000	0.000000	0.000000
544.999026	__gene_F_rbs	257.000000	0.000000	0.000000
544.999026	__gene_G_rbs	183.000000	0.000000	0.000000
544.999026	__gene_H_rbs	130.000000	0.000000	0.000000
544.999026	__gene_J_rbs	381.000000	0.000000	0.000000
544.999026	__gene_K_rbs	371.000000	0.000000	0.000000
544.999026	__ribosome	0.000000	0.000000	0.000000
544.999026	bound_ecolipol	1880.000000	0.000000	0.000000
544.999026	bound_ribosome	100.000000	0.000000	0.000000
544.999026	ecoli_genome	120.000000	0.000000	0.000000
544.999026	ecoli_transcript	41066.000000	0.000000	0.000000
544.999026	ecolipol	41.000000	0.000000	0.000000
544.999026	gene_A	28.000000	66.000000	0.000000
544.999026	gene_A*	23.000000	62.000000	0.000000
544.999026	gene_B	198.000000	381.000000	0.000000
544.999026	gene_C	132.000000	370.000000	0.000000
544.999026	gene_D	284.000000	391.000000	0.002558
544.999026	gene_E	216.000000	388.000000	0.005155
544.999026	gene_F	103.000000	257.000000	0.003891
544.999026	gene_G	24.000000	184.000000	0.076087
544.999026	gene_H	0.000000	130.000000	0.169231
544.999026	gene_J	90.000000	381.000000	0.157480
544.999026	gene_K	158.000000	371.000000	0.000000
544.999026	promoter_A	1.000000	0.000000	0.000000
544.999026	promoter_B1	0.000000	0.000000	0.000000
544.999026	promoter_D	0.000000	0.000000	0.000000
549.999069	__gene_A*_rbs	63.000000	0.000000	0.000000
549.999069	__gene_A_rbs	66.000000	0.000000	0.000000
549.999069	__gene_B_rbs	384.000000	0.000000	0.000000
549.999069	__gene_C_rbs	373.000000	0.000000	0.000000
549.999069	__gene_D_rbs	395.000000	0.000000	0.000000
549.999069	__gene_E_rbs	391.000000	0.000000	0.000000
549.999069	__gene_F_rbs	259.000000	0.000000	0.000000
549.999069	__gene_G_rbs	187.000000	0.000000	0.000000
549.999069	__gene_H_rbs	133.000000	0.000000	0.000000
549.999069	__gene_J_rbs	384.000000	0.000000	0.000000
549.999069	__gene_K_rbs	375.000000	0.000000	0.000000
549.999069	__ribosome	0.000000	0.000000	0.000000
549.999069	bound_ecolipol	1886.000000	0.000000	0.000000
549.999069	bound_ribosome	100.000000	0.000000	0.000000
549.999069	ecoli_genome	114.000000	0.000000	0.000000
549.999069	ecoli_transcript	41449.000000	0.000000	0.000000
549.999069	ecolipol	34.000000	0.000000	0.000000
549.999069	gene_A	28.000000	66.000000	0.000000
549.999069	gene_A*	23.000000	63.000000	0.000000
549.999069	gene_B	198.000000	384.000000	0.000000
549.999069	gene_C	132.000000	373.000000	0.000000
549.999069	gene_D	284.000000	395.000000	0.002532
549.999069	gene_E	217.000000	391.000000	0.002558
549.999069	gene_F	103.000000	259.000000	0.003861
549.999069	gene_G	24.000000	187.000000	0.074866
549.999069	gene_H	0.000000	133.000000	0.165414
549.999069	gene_J	90.000000	384.000000	0.156250
549.999069	gene_K	158.000000	375.000000	0.002667
549.999069	promoter_A	1.000000	0.000000	0.000000
549.999069	promoter_B1	0.000000	0.000000	0.000000
549.999069	promoter_D	0.000000	0.000000	0.000000
554.999414	__gene_A*_rbs	65.000000	0.000000	0.000000
554.999414	__gene_A_rbs	66.000000	0.000000	0.000000
554.999414	__gene_B_rbs	387.000000	0.000000	0.000000
554.999414	__gene_C_rbs	377.000000	0.000000	0.000000
554.999414	__gene_D_rbs	399.000000	0.000000	0.000000
554.999414	__gene_E_rbs	395.000000	0.000000	0.000000
554.999414	__gene_F_rbs	263.000000	0.000000	0.000000
554.999414	__gene_G_rbs	190.000000	0.000000	0.000000
554.999414	__gene_H_rbs	134.000000	0.000000	0.000000
554.999414	__gene_J_rbs	388.000000	0.000000	0.000000
554.999414	__gene_K_rbs	379.000000	0.000000	0.000000
554.999414	__ribosome	0.000000	0.000000	0.000000
554.999414	bound_ecolipol	1880.000000	0.000000	0.000000
554.999414	bound_ribosome	100.000000	0.000000	0.000000
554.999414	ecoli_genome	120.000000	0.000000	0.000000
554.999414	ecoli_transcript	41836.000000	0.000000	0.000000
554.999414	ecolipol	38.000000	0.000000	0.000000
554.999414	gene_A	28.000000	66.000000	0.000000
554.999414	gene_A*	23.000000	65.000000	0.000000
554.999414	gene_B	198.000000	387.000000	0.000000
554.999414	gene_C	132.000000	377.000000	0.000000
554.999414	gene_D	285.000000	399.000000	0.000000
554.999414	gene_E	218.000000	395.000000	0.000000
554.999414	gene_F	103.000000	263.000000	0.003802
554.999414	gene_G	24.000000	190.000000	0.073684
554.999414	gene_H	0.000000	134.000000	0.171642
554.999414	gene_J	90.000000	388.000000	0.157216
554.999414	gene_K	159.000000	379.000000	0.002639
554.999414	promoter_A	1.000000	0.000000	0.000000
554.999414	promoter_B1	0.000000	0.000000	0.000000
554.999414	promoter_D	0.000000	0.000000	0.000000
559.999032	__gene_A*_rbs	66.000000	0.000000	0.000000
559.999032	__gene_A_rbs	66.000000	0.000000	0.000000
559.999032	__gene_B_rbs	391.000000	0.000000	0.000000
559.999032	__gene_C_rbs	381.000000	0.000000	0.000000
559.999032	__gene_D_rbs	402.000000	0.000000	0.000000
559.999032	__gene_E_rbs	399.000000	0.000000	0.000000
559.999032	__gene_F_rbs	267.000000	0.000000	0.000000
559.999032	__gene_G_rbs	193.000000	0.000000	0.000000
559.999032	__gene_H_rbs	134.000000	0.000000	0.000000
559.999032	__gene_J_rbs	392.000000	0.000000	0.000000
559.999032	__gene_K_rbs	383.000000	0.000000	0.000000
559.999032	__ribosome	0.000000	0.000000	0.000000
559.999032	bound_ecolipol	1890.000000	0.000000	0.000000
559.999032	bound_ribosome	100.000000	0.000000	0.000000
559.999032	ecoli_genome	110.000000	0.000000	0.000000
559.999032	ecoli_transcript	42181.000000	0.000000	0.000000
559.999032	ecolipol	30.000000	0.000000	0.000000
559.999032	gene_A	28.000000	66.000000	0.000000
559.999032	gene_A*	23.000000	66.000000	0.000000
559.999032	gene_B	198.000000	391.000000	0.000000
559.999032	gene_C	132.000000	381.000000	0.000000
559.999032	gene_D	285.000000	402.000000	0.000000
559.999032	gene_E	218.000000	399.000000	0.000000
559.999032	gene_F	103.000000	267.000000	0.007491
559.999032	gene_G	24.000000	193.000000	0.072539
559.999032	gene_H	0.000000	134.000000	0.179104
559.999032	gene_J	91.000000	392.000000	0.153061
559.999032	gene_K	160.000000	383.000000	0.000000
559.999032	promoter_A	1.000000	0.000000	0.000000
559.999032	promoter_B1	0.000000	0.000000	0.000000
559.999032	promoter_D	0.000000	0.000000	0.000000
564.999012	__gene_A*_rbs	66.000000	0.000000	0.000000
564.999012	__gene_A_rbs	66.000000	0.000000	0.000000
564.999012	__gene_B_rbs	395.000000	0.000000	0.000000
564.999012	__gene_C_rbs	384.000000	0.000000	0.000000
564.999012	__gene_D_rbs	406.000000	0.000000	0.000000
564.999012	__gene_E_rbs	402.000000	0.000000	0.000000
564.999012	__gene_F_rbs	269.000000	0.000000	0.000000
564.999012	__gene_G_rbs	195.000000	0.000000	0.000000
564.999012	__gene_H_rbs	135.000000	0.000000	0.000000
564.999012	__gene_J_rbs	396.000000	0.000000	0.000000
564.999012	__gene_K_rbs	386.000000	0.000000	0.000000
564.999012	__ribosome	0.000000	0.000000	0.000000
564.999012	bound_ecolipol	1882.000000	0.000000	0.000000
564.999012	bound_ribosome	100.000000	0.000000	0.000000
564.999012	ecoli_genome	118.000000	0.000000	0.000000
564.999012	ecoli_transcript	42583.000000	0.000000	0.000000
564.999012	ecolipol	39.000000	0.000000	0.000000
564.999012	gene_A	28.000000	66.000000	0.000000
564.999012	gene_A*	23.000000	66.000000	0.000000
564.999012	gene_B	198.000000	395.000000	0.000000
564.999012	gene_C	132.000000	384.000000	0.000000
564.999012	gene_D	285.000000	406.000000	0.002463
564.999012	gene_E	218.000000	402.000000	0.000000
564.999012	gene_F	103.000000	269.000000	0.007435
564.999012	gene_G	25.000000	195.000000	0.066667
564.999012	gene_H	0.000000	135.000000	0.177778
564.999012	gene_J	91.000000	396.000000	0.151515
564.999012	gene_K	160.000000	386.000000	0.000000
564.999012	promoter_A	1.000000	0.000000	0.000000
564.999012	promoter_B1	0.000000	0.000000	0.000000
564.999012	promoter_D	0.000000	0.000000	0.000000
569.999107	__gene_A*_rbs	66.000000	0.000000	0.000000
569.999107	__gene_A_rbs	67.000000	0.000000	0.000000
569.999107	__gene_B_rbs	399.000000	0.000000	0.000000
569.999107	__gene_C_rbs	388.000000	0.000000	0.000000
569.999107	__gene_D_rbs	410.000000	0.000000	0.000000
569.999107	__gene_E_rbs	404.000000	0.000000	0.000000
569.999107	__gene_F_rbs	273.000000	0.000000	0.000000
569.999107	__gene_G_rbs	198.000000	0.000000	0.000000
569.999107	__gene_H_rbs	138.000000	0.000000	0.000000
569.999107	__gene_J_rbs	399.000000	0.000000	0.000000
569.999107	__gene_K_rbs	390.000000	0.000000	0.000000
569.999107	__ribosome	0.000000	0.000000	0.000000
569.999107	bound_ecolipol	1884.000000	0.000000	0.000000
569.999107	bound_ribosome	100.000000	0.000000	0.000000
569.999107	ecoli_genome	116.000000	0.000000	0.000000
569.999107	ecoli_transcript	42988.000000	0.000000	0.000000
569.999107	ecolipol	37.000000	0.000000	0.000000
569.999107	gene_A	28.000000	67.000000	0.000000
569.999107	gene_A*	23.000000	66.000000	0.000000
569.999107	gene_B	198.000000	399.000000	0.000000
569.999107	gene_C	132.000000	388.000000	0.000000
569.999107	gene_D	285.000000	410.000000	0.002439
569.999107	gene_E	218.000000	405.000000	0.000000
569.999107	gene_F	104.000000	273.000000	0.007326
569.999107	gene_G	25.000000	198.000000	0.065657
569.999107	gene_H	0.000000	138.000000	0.173913
569.999107	gene_J	91.000000	399.000000	0.150376
569.999107	gene_K	160.000000	390.000000	0.000000
569.999107	promoter_A	1.000000	0.000000	0.000000
569.999107	promoter_B1	0.000000	0.000000	0.000000
569.999107	promoter_D	0.000000	0.000000	0.000000
574.999187	__gene_A*_rbs	66.000000	0.000000	0.000000
574.999187	__gene_A_rbs	67.000000	0.000000	0.000000
574.999187	__gene_B_rbs	402.000000	0.000000	0.000000
574.999187	__gene_C_rbs	392.000000	0.000000	0.000000
574.999187	__gene_D_rbs	414.000000	0.000000	0.000000
574.999187	__gene_E_rbs	410.000000	0.000000	0.000000
574.999187	__gene_F_rbs	276.000000	0.000000	0.000000
574.999187	__gene_G_rbs	200.000000	0.000000	0.000000
574.999187	__gene_H_rbs	141.000000	0.000000	0.000000
574.999187	__gene_J_rbs	403.000000	0.000000	0.000000
574.999187	__gene_K_rbs	394.000000	0.000000	0.000000
574.999187	__ribosome	0.000000	0.000000	0.000000
574.999187	bound_ecolipol	1877.000000	0.000000	0.000000
574.999187	bound_ribosome	100.000000	0.000000	0.000000
574.999187	ecoli_genome	123.000000	0.000000	0.000000
574.999187	ecoli_transcript	43355.000000	0.000000	0.000000
574.999187	ecolipol	44.000000	0.000000	0.000000
574.999187	gene_A	28.000000	67.000000	0.000000
574.999187	gene_A*	23.000000	66.000000	0.000000
574.999187	gene_B	198.000000	402.000000	0.000000
574.999187	gene_C	132.000000	392.000000	0.000000
574.999187	gene_D	285.000000	414.000000	0.002415
574.999187	gene_E	218.000000	410.000000	0.000000
574.999187	gene_F	104.000000	276.000000	0.007246
574.999187	gene_G	25.000000	200.000000	0.065000
574.999187	gene_H	0.000000	141.000000	0.170213
574.999187	gene_J	91.000000	403.000000	0.148883
574.999187	gene_K	160.000000	394.000000	0.000000
574.999187	promoter_A	1.000000	0.000000	0.000000
574.999187	promoter_B1	0.000000	0.000000	0.000000
574.999187	promoter_D	0.000000	0.000000	0.000000
579.999025	__gene_A*_rbs	66.000000	0.000000	0.000000
579.999025	__gene_A_rbs	67.000000	0.000000	0.000000
579.999025	__gene_B_rbs	406.000000	0.000000	0.000000
579.999025	__gene_C_rbs	396.000000	0.000000	0.000000
579.999025	__gene_D_rbs	417.000000	0.000000	0.000000
579.999025	__gene_E_rbs	413.000000	0.000000	0.000000
579.999025	__gene_F_rbs	278.000000	0.000000	0.000000
579.999025	__gene_G_rbs	203.000000	0.000000	0.000000
579.999025	__gene_H_rbs	143.000000	0.000000	0.000000
579.999025	__gene_J_rbs	407.000000	0.000000	0.000000
579.999025	__gene_K_rbs	397.000000	0.000000	0.000000
579.999025	__ribosome	0.000000	0.000000	0.000000
579.999025	bound_ecolipol	1894.000000	0.000000	0.000000
579.999025	bound_ribosome	100.000000	0.000000	0.000000
579.999025	ecoli_genome	106.000000	0.000000	0.000000
579.999025	ecoli_transcript	43719.000000	0.000000	0.000000
579.999025	ecolipol	29.000000	0.000000	0.000000
579.999025	gene_A	28.000000	67.000000	0.000000
579.999025	gene_A*	23.000000	66.000000	0.000000
579.999025	gene_B	198.000000	406.000000	0.000000
579.999025	gene_C	132.000000	396.000000	0.000000
579.999025	gene_D	286.000000	417.000000	0.000000
579.999025	gene_E	218.000000	413.000000	0.000000
579.999025	gene_F	104.000000	278.000000	0.007194
579.999025	gene_G	25.000000	203.000000	0.064039
579.999025	gene_H	0.000000	143.000000	0.167832
579.999025	gene_J	91.000000	407.000000	0.147420
579.999025	gene_K	160.000000	397.000000	0.002519
579.999025	promoter_A	1.000000	0.000000	0.000000
579.999025	promoter_B1	0.000000	0.000000	0.000000
579.999025	promoter_D	0.000000	0.000000	0.000000
584.999015	__gene_A*_rbs	67.000000	0.000000	0.000000
584.999015	__gene_A_rbs	67.000000	0.000000	0.000000
584.999015	__gene_B_rbs	410.000000	0.000000	0.000000
584.999015	__gene_C_rbs	399.000000	0.000000	0.000000
584.999015	__gene_D_rbs	421.000000	0.000000	0.000000
584.999015	__gene_E_rbs	417.000000	0.000000	0.000000
584.999015	__gene_F_rbs	281.000000	0.000000	0.000000
584.999015	__gene_G_rbs	205.000000	0.000000	0.000000
584.999015	__gene_H_rbs	146.000000	0.000000	0.000000
584.999015	__gene_J_rbs	411.000000	0.000000	0.000000
584.999015	__gene_K_rbs	401.000000	0.000000	0.000000
584.999015	__ribosome	0.000000	0.000000	0.000000
584.999015	bound_ecolipol	1876.000000	0.000000	0.000000
584.999015	bound_ribosome	100.000000	0.000000	0.000000
584.999015	ecoli_genome	124.000000	0.000000	0.000000
584.999015	ecoli_transcript	44084.000000	0.000000	0.000000
584.999015	ecolipol	43.000000	0.000000	0.000000
584.999015	gene_A	28.000000	67.000000	0.000000
584.999015	gene_A*	23.000000	67.000000	0.000000
584.999015	gene_B	198.000000	410.000000	0.002439
584.999015	gene_C	132.000000	399.000000	0.000000
584.999015	gene_D	286.000000	421.000000	0.000000
584.999015	gene_E	218.000000	417.000000	0.000000
584.999015	gene_F	104.000000	281.000000	0.007117
584.999015	gene_G	25.000000	205.000000	0.063415
584.999015	gene_H	0.000000	146.000000	0.164384
584.999015	gene_J	91.000000	411.000000	0.145985
584.999015	gene_K	161.000000	401.000000	0.000000
584.999015	promoter_A	1.000000	0.000000	0.000000
584.999015	promoter_B1	0.000000	0.000000	0.000000
584.999015	promoter_D	0.000000	0.000000	0.000000
589.999261	__gene_A*_rbs	67.000000	0.000000	0.000000
589.999261	__gene_A_rbs	67.000000	0.000000	0.000000
589.999261	__gene_B_rbs	413.000000	0.000000	0.000000
589.999261	__gene_C_rbs	403.000000	0.000000	0.000000
589.999261	__gene_D_rbs	424.000000	0.000000	0.000000
589.999261	__gene_E_rbs	421.000000	0.000000	0.000000
589.999261	__gene_F_rbs	285.000000	0.000000	0.000000
589.999261	__gene_G_rbs	206.000000	0.000000	0.000000
589.999261	__gene_H_rbs	148.000000	0.000000	0.000000
589.999261	__gene_J_rbs	414.000000	0.000000	0.000000
589.999261	__gene_K_rbs	405.000000	0.000000	0.000000
589.999261	__ribosome	0.000000	0.000000	0.000000
589.999261	bound_ecolipol	1883.000000	0.000000	0.000000
589.999261	bound_ribosome	100.000000	0.000000	0.000000
589.999261	ecoli_genome	117.000000	0.000000	0.000000
589.999261	ecoli_transcript	44450.000000	0.000000	0.000000
589.999261	ecolipol	34.000000	0.000000	0.000000
589.999261	gene_A	28.000000	67.000000	0.000000
589.999261	gene_A*	23.000000	67.000000	0.000000
589.999261	gene_B	198.000000	413.000000	0.002421
589.999261	gene_C	132.000000	403.000000	0.000000
589.999261	gene_D	286.000000	424.000000	0.000000
589.999261	gene_E	218.000000	421.000000	0.000000
589.999261	gene_F	104.000000	285.000000	0.007018
589.999261	gene_G	25.000000	206.000000	0.063107
589.999261	gene_H	0.000000	148.000000	0.162162
589.999261	gene_J	91.000000	414.000000	0.144928
589.999261	gene_K	161.000000	405.000000	0.000000
589.999261	promoter_A	1.000000	0.000000	0.000000
589.999261	promoter_B1	0.000000	0.000000	0.000000
589.999261	promoter_D	0.000000	0.000000	0.000000
594.999595	__gene_A*_rbs	67.000000	0.000000	0.000000
594.999595	__gene_A_rbs	68.000000	0.000000	0.000000
594.999595	__gene_B_rbs	417.000000	0.000000	0.000000
594.999595	__gene_C_rbs	407.000000	0.000000	0.000000
594.999595	__gene_D_rbs	429.000000	0.000000	0.000000
594.999595	__gene_E_rbs	425.000000	0.000000	0.000000
594.999595	__gene_F_rbs	289.000000	0.000000	0.000000
594.999595	__gene_G_rbs	208.000000	0.000000	0.000000
594.999595	__gene_H_rbs	150.000000	0.000000	0.000000
594.999595	__gene_J_rbs	418.000000	0.000000	0.000000
594.999595	__gene_K_rbs	408.000000	0.000000	0.000000
594.999595	__ribosome	0.000000	0.000000	0.000000
594.999595	bound_ecolipol	1871.000000	0.000000	0.000000
594.999595	bound_ribosome	100.000000	0.000000	0.000000
594.999595	ecoli_genome	129.000000	0.000000	0.000000
594.999595	ecoli_transcript	44813.000000	0.000000	0.000000
594.999595	ecolipol	47.000000	0.000000	0.000000
594.999595	gene_A	28.000000	68.000000	0.000000
594.999595	gene_A*	23.000000	67.000000	0.000000
594.999595	gene_B	198.000000	417.000000	0.002398
594.999595	gene_C	132.000000	407.000000	0.000000
594.999595	gene_D	286.000000	429.000000	0.000000
594.999595	gene_E	218.000000	425.000000	0.000000
594.999595	gene_F	104.000000	289.000000	0.006920
594.999595	gene_G	25.000000	208.000000	0.062500
594.999595	gene_H	0.000000	150.000000	0.160000
594.999595	gene_J	91.000000	418.000000	0.143541
594.999595	gene_K	161.000000	408.000000	0.000000
594.999595	promoter_A	1.000000	0.000000	0.000000
594.999595	promoter_B1	0.000000	0.000000	0.000000
594.999595	promoter_D	0.000000	0.000000	0.000000
599.999004	__gene_A*_rbs	67.000000	0.000000	0.000000
599.999004	__gene_A_rbs	68.000000	0.000000	0.000000
599.999004	__gene_B_rbs	420.000000	0.000000	0.000000
599.999004	__gene_C_rbs	411.000000	0.000000	0.000000
599.999004	__gene_D_rbs	432.000000	0.000000	0.000000
599.999004	__gene_E_rbs	428.000000	0.000000	0.000000
599.999004	__gene_F_rbs	291.000000	0.000000	0.000000
599.999004	__gene_G_rbs	211.000000	0.000000	0.000000
599.999004	__gene_H_rbs	151.000000	0.000000	0.000000
599.999004	__gene_J_rbs	422.000000	0.000000	0.000000
599.999004	__gene_K_rbs	412.000000	0.000000	0.000000
599.999004	__ribosome	0.000000	0.000000	0.000000
599.999004	bound_ecolipol	1872.000000	0.000000	0.000000
599.999004	bound_ribosome	100.000000	0.000000	0.000000
599.999004	ecoli_genome	128.000000	0.000000	0.000000
599.999004	ecoli_transcript	45157.000000	0.000000	0.000000
599.999004	ecolipol	49.000000	0.000000	0.000000
599.999004	gene_A	28.000000	68.000000	0.000000
599.999004	gene_A*	23.000000	67.000000	0.000000
599.999004	gene_B	199.000000	420.000000	0.000000
599.999004	gene_C	132.000000	411.000000	0.000000
599.999004	gene_D	286.000000	432.000000	0.002315
599.999004	gene_E	218.000000	428.000000	0.000000
599.999004	gene_F	104.000000	291.000000	0.006873
599.999004	gene_G	25.000000	211.000000	0.061611
599.999004	gene_H	0.000000	151.000000	0.158940
599.999004	gene_J	91.000000	422.000000	0.142180
599.999004	gene_K	161.000000	412.000000	0.000000
599.999004	promoter_A	0.000000	0.000000	0.000000
599.999004	promoter_B1	0.000000	0.000000	0.000000
599.999004	promoter_D	0.000000	0.000000	0.000000
604.999002	__gene_A*_rbs	67.000000	0.000000	0.000000
604.999002	__gene_A_rbs	69.000000	0.000000	0.000000
604.999002	__gene_B_rbs	424.000000	0.000000	0.000000
604.999002	__gene_C_rbs	414.000000	0.000000	0.000000
604.999002	__gene_D_rbs	436.000000	0.000000	0.000000
604.999002	__gene_E_rbs	432.000000	0.000000	0.000000
604.999002	__gene_F_rbs	293.000000	0.000000	0.000000
604.999002	__gene_G_rbs	213.000000	0.000000	0.000000
604.999002	__gene_H_rbs	151.000000	0.000000	0.000000
604.999002	__gene_J_rbs	426.000000	0.000000	0.000000
604.999002	__gene_K_rbs	416.000000	0.000000	0.000000
604.999002	__ribosome	0.000000	0.000000	0.000000
604.999002	bound_ecolipol	1879.000000	0.000000	0.000000
604.999002	bound_ribosome	100.000000	0.000000	0.000000
604.999002	ecoli_genome	121.000000	0.000000	0.000000
604.999002	ecoli_transcript	45520.000000	0.000000	0.000000
604.999002	ecolipol	45.000000	0.000000	0.000000
604.999002	gene_A	28.000000	69.000000	0.000000
604.999002	gene_A*	23.000000	67.000000	0.000000
604.999002	gene_B	199.000000	424.000000	0.000000
604.999002	gene_C	132.000000	414.000000	0.000000
604.999002	gene_D	286.000000	436.000000	0.004587
604.999002	gene_E	218.000000	432.000000	0.000000
604.999002	gene_F	105.000000	293.000000	0.003413
604.999002	gene_G	25.000000	213.000000	0.061033
604.999002	gene_H	0.000000	151.000000	0.158940
604.999002	gene_J	91.000000	426.000000	0.140845
604.999002	gene_K	161.000000	416.000000	0.000000
604.999002	promoter_A	1.000000	0.000000	0.000000
604.999002	promoter_B1	0.000000	0.000000	0.000000
604.999002	promoter_D	0.000000	0.000000	0.000000
609.999146	__gene_A*_rbs	68.000000	0.000000	0.000000
609.999146	__gene_A_rbs	69.000000	0.000000	0.000000
609.999146	__gene_B_rbs	427.000000	0.000000	0.000000
609.999146	__gene_C_rbs	418.000000	0.000000	0.000000
609.999146	__gene_D_rbs	440.000000	0.000000	0.000000
609.999146	__gene_E_rbs	435.000000	0.000000	0.000000
609.999146	__gene_F_rbs	297.000000	0.000000	0.000000
609.999146	__gene_G_rbs	215.000000	0.000000	0.000000
609.999146	__gene_H_rbs	152.000000	0.000000	0.000000
609.999146	__gene_J_rbs	429.000000	0.000000	0.000000
609.999146	__gene_K_rbs	420.000000	0.000000	0.000000
609.999146	__ribosome	0.000000	0.000000	0.000000
609.999146	bound_ecolipol	1878.000000	0.000000	0.000000
609.999146	bound_ribosome	100.000000	0.000000	0.000000
609.999146	ecoli_genome	122.000000	0.000000	0.000000
609.999146	ecoli_transcript	45943.000000	0.000000	0.000000
609.999146	ecolipol	48.000000	0.000000	0.000000
609.999146	gene_A	28.000000	69.000000	0.000000
609.999146	gene_A*	23.000000	68.000000	0.000000
609.999146	gene_B	199.000000	427.000000	0.000000
609.999146	gene_C	132.000000	418.000000	0.000000
609.999146	gene_D	286.000000	440.000000	0.004545
609.999146	gene_E	218.000000	436.000000	0.000000
609.999146	gene_F	106.000000	297.000000	0.000000
609.999146	gene_G	25.000000	215.000000	0.060465
609.999146	gene_H	0.000000	152.000000	0.164474
609.999146	gene_J	91.000000	429.000000	0.139860
609.999146	gene_K	161.000000	420.000000	0.000000
609.999146	promoter_A	1.000000	0.000000	0.000000
609.999146	promoter_B1	0.000000	0.000000	0.000000
609.999146	promoter_D	0.000000	0.000000	0.000000
614.999033	__gene_A*_rbs	68.000000	0.000000	0.000000
614.999033	__gene_A_rbs	69.000000	0.000000	0.000000
614.999033	__gene_B_rbs	431.000000	0.000000	0.000000
614.999033	__gene_C_rbs	421.000000	0.000000	0.000000
614.999033	__gene_D_rbs	444.000000	0.000000	0.000000
614.999033	__gene_E_rbs	439.000000	0.000000	0.000000
614.999033	__gene_F_rbs	301.000000	0.000000	0.000000
614.999033	__gene_G_rbs	217.000000	0.000000	0.000000
614.999033	__gene_H_rbs	154.000000	0.000000	0.000000
614.999033	__gene_J_rbs	433.000000	0.000000	0.000000
614.999033	__gene_K_rbs	423.000000	0.000000	0.000000
614.999033	__ribosome	0.000000	0.000000	0.000000
614.999033	bound_ecolipol	1876.000000	0.000000	0.000000
614.999033	bound_ribosome	100.000000	0.000000	0.000000
614.999033	ecoli_genome	124.000000	0.000000	0.000000
614.999033	ecoli_transcript	46322.000000	0.000000	0.000000
614.999033	ecolipol	50.000000	0.000000	0.000000
614.999033	gene_A	28.000000	69.000000	0.000000
614.999033	gene_A*	23.000000	68.000000	0.000000
614.999033	gene_B	199.000000	431.000000	0.000000
614.999033	gene_C	132.000000	421.000000	0.000000
614.999033	gene_D	287.000000	444.000000	0.002252
614.999033	gene_E	218.000000	439.000000	0.000000
614.999033	gene_F	106.000000	301.000000	0.000000
614.999033	gene_G	25.000000	217.000000	0.059908
614.999033	gene_H	0.000000	154.000000	0.168831
614.999033	gene_J	91.000000	433.000000	0.138568
614.999033	gene_K	161.000000	423.000000	0.000000
614.999033	promoter_A	1.000000	0.000000	0.000000
614.999033	promoter_B1	0.000000	0.000000	0.000000
614.999033	promoter_D	0.000000	0.000000	0.000000
619.999194	__gene_A*_rbs	69.000000	0.000000	0.000000
619.999194	__gene_A_rbs	69.000000	0.000000	0.000000
619.999194	__gene_B_rbs	435.000000	0.000000	0.000000
619.999194	__gene_C_rbs	424.000000	0.000000	0.000000
619.999194	__gene_D_rbs	447.000000	0.000000	0.000000
619.999194	__gene_E_rbs	443.000000	0.000000	0.000000
619.999194	__gene_F_rbs	303.000000	0.000000	0.000000
619.999194	__gene_G_rbs	218.000000	0.000000	0.000000
619.999194	__gene_H_rbs	156.000000	0.000000	0.000000
619.999194	__gene_J_rbs	437.000000	0.000000	0.000000
619.999194	__gene_K_rbs	425.000000	0.000000	0.000000
619.999194	__ribosome	0.000000	0.000000	0.000000
619.999194	bound_ecolipol	1873.000000	0.000000	0.000000
619.999194	bound_ribosome	100.000000	0.000000	0.000000
619.999194	ecoli_genome	127.000000	0.000000	0.000000
619.999194	ecoli_transcript	46741.000000	0.000000	0.000000
619.999194	ecolipol	53.000000	0.000000	0.000000
619.999194	gene_A	28.000000	69.000000	0.000000
619.999194	gene_A*	23.000000	69.000000	0.000000
619.999194	gene_B	199.000000	435.000000	0.000000
619.999194	gene_C	132.000000	424.000000	0.000000
619.999194	gene_D	288.000000	447.000000	0.000000
619.999194	gene_E	218.000000	443.000000	0.000000
619.999194	gene_F	106.000000	303.000000	0.000000
619.999194	gene_G	25.000000	218.000000	0.059633
619.999194	gene_H	0.000000	156.000000	0.166667
619.999194	gene_J	91.000000	437.000000	0.137300
619.999194	gene_K	161.000000	426.000000	0.002347
619.999194	promoter_A	1.000000	0.000000	0.000000
619.999194	promoter_B1	0.000000	0.000000	0.000000
619.999194	promoter_D	0.000000	0.000000	0.000000
624.999372	__gene_A*_rbs	69.000000	0.000000	0.000000
624.999372	__gene_A_rbs	69.000000	0.000000	0.000000
624.999372	__gene_B_rbs	438.000000	0.000000	0.000000
624.999372	__gene_C_rbs	427.000000	0.000000	0.000000
624.999372	__gene_D_rbs	451.000000	0.000000	0.000000
624.999372	__gene_E_rbs	446.000000	0.000000	0.000000
624.999372	__gene_F_rbs	305.000000	0.000000	0.000000
624.999372	__gene_G_rbs	220.000000	0.000000	0.000000
624.999372	__gene_H_rbs	157.000000	0.000000	0.000000
624.999372	__gene_J_rbs	440.000000	0.000000	0.000000
624.999372	__gene_K_rbs	430.000000	0.000000	0.000000
624.999372	__ribosome	0.000000	0.000000	0.000000
624.999372	bound_ecolipol	1891.000000	0.000000	0.000000
624.999372	bound_ribosome	100.000000	0.000000	0.000000
624.999372	ecoli_genome	109.000000	0.000000	0.000000
624.999372	ecoli_transcript	47107.000000	0.000000	0.000000
624.999372	ecolipol	37.000000	0.000000	0.000000
624.999372	gene_A	28.000000	69.000000	0.000000
624.999372	gene_A*	23.000000	69.000000	0.000000
624.999372	gene_B	199.000000	438.000000	0.000000
624.999372	gene_C	132.000000	427.000000	0.000000
624.999372	gene_D	288.000000	451.000000	0.000000
624.999372	gene_E	218.000000	446.000000	0.000000
624.999372	gene_F	106.000000	306.000000	0.003268
624.999372	gene_G	25.000000	220.000000	0.059091
624.999372	gene_H	0.000000	157.000000	0.165605
624.999372	gene_J	91.000000	440.000000	0.136364
624.999372	gene_K	162.000000	430.000000	0.000000
624.999372	promoter_A	1.000000	0.000000	0.000000
624.999372	promoter_B1	0.000000	0.000000	0.000000
624.999372	promoter_D	0.000000	0.000000	0.000000
629.999008	__gene_A*_rbs	69.000000	0.000000	0.000000
629.999008	__gene_A_rbs	70.000000	0.000000	0.000000
629.999008	__gene_B_rbs	442.000000	0.000000	0.000000
629.999008	__gene_C_rbs	431.000000	0.000000	0.000000
629.999008	__gene_D_rbs	454.000000	0.000000	0.000000
629.999008	__gene_E_rbs	450.000000	0.000000	0.000000
629.999008	__gene_F_rbs	309.000000	0.000000	0.000000
629.999008	__gene_G_rbs	222.000000	0.000000	0.000000
629.999008	__gene_H_rbs	159.000000	0.000000	0.000000
629.999008	__gene_J_rbs	444.000000	0.000000	0.000000
629.999008	__gene_K_rbs	433.000000	0.000000	0.000000
629.999008	__ribosome	0.000000	0.000000	0.000000
629.999008	bound_ecolipol	1897.000000	0.000000	0.000000
629.999008	bound_ribosome	100.000000	0.000000	0.000000
629.999008	ecoli_genome	103.000000	0.000000	0.000000
629.999008	ecoli_transcript	47487.000000	0.000000	0.000000
629.999008	ecolipol	29.000000	0.000000	0.000000
629.999008	gene_A	28.000000	70.000000	0.000000
629.999008	gene_A*	23.000000	69.000000	0.000000
629.999008	gene_B	199.000000	442.000000	0.000000
629.999008	gene_C	132.000000	431.000000	0.000000
629.999008	gene_D	288.000000	454.000000	0.000000
629.999008	gene_E	218.000000	450.000000	0.000000
629.999008	gene_F	106.000000	309.000000	0.003236
629.999008	gene_G	25.000000	222.000000	0.058559
629.999008	gene_H	0.000000	159.000000	0.163522
629.999008	gene_J	91.000000	444.000000	0.135135
629.999008	gene_K	162.000000	433.000000	0.000000
629.999008	promoter_A	1.000000	0.000000	0.000000
629.999008	promoter_B1	0.000000	0.000000	0.000000
629.999008	promoter_D	0.000000	0.000000	0.000000
634.999167	__gene_A*_rbs	69.000000	0.000000	0.000000
634.999167	__gene_A_rbs	70.000000	0.000000	0.000000
634.999167	__gene_B_rbs	446.000000	0.000000	0.000000
634.999167	__gene_C_rbs	435.000000	0.000000	0.000000
634.999167	__gene_D_rbs	458.000000	0.000000	0.000000
634.999167	__gene_E_rbs	454.000000	0.000000	0.000000
634.999167	__gene_F_rbs	311.000000	0.000000	0.000000
634.999167	__gene_G_rbs	224.000000	0.000000	0.000000
634.999167	__gene_H_rbs	159.000000	0.000000	0.000000
634.999167	__gene_J_rbs	448.000000	0.000000	0.000000
634.999167	__gene_K_rbs	437.000000	0.000000	0.000000
634.999167	__ribosome	0.000000	0.000000	0.000000
634.999167	bound_ecolipol	1889.000000	0.000000	0.000000
634.999167	bound_ribosome	100.000000	0.000000	0.000000
634.999167	ecoli_genome	111.000000	0.000000	0.000000
634.999167	ecoli_transcript	47870.000000	0.000000	0.000000
634.999167	ecolipol	35.000000	0.000000	0.000000
634.999167	gene_A	28.000000	70.000000	0.000000
634.999167	gene_A*	23.000000	69.000000	0.000000
634.999167	gene_B	199.000000	446.000000	0.000000
634.999167	gene_C	132.000000	435.000000	0.000000
634.999167	gene_D	288.000000	458.000000	0.000000
634.999167	gene_E	218.000000	454.000000	0.000000
634.999167	gene_F	106.000000	311.000000	0.003215
634.999167	gene_G	25.000000	224.000000	0.058036
634.999167	gene_H	0.000000	159.000000	0.163522
634.999167	gene_J	91.000000	448.000000	0.133929
634.999167	gene_K	162.000000	437.000000	0.000000
634.999167	promoter_A	1.000000	0.000000	0.000000
634.999167	promoter_B1	0.000000	0.000000	0.000000
634.999167	promoter_D	0.000000	0.000000	0.000000
639.999035	__gene_A*_rbs	69.000000	0.000000	0.000000
639.999035	__gene_A_rbs	71.000000	0.000000	0.000000
639.999035	__gene_B_rbs	449.000000	0.000000	0.000000
639.999035	__gene_C_rbs	439.000000	0.000000	0.000000
639.999035	__gene_D_rbs	461.000000	0.000000	0.000000
639.999035	__gene_E_rbs	457.000000	0.000000	0.000000
639.999035	__gene_F_rbs	314.000000	0.000000	0.000000
639.999035	__gene_G_rbs	228.000000	0.000000	0.000000
639.999035	__gene_H_rbs	161.000000	0.000000	0.000000
639.999035	__gene_J_rbs	452.000000	0.000000	0.000000
639.999035	__gene_K_rbs	441.000000	0.000000	0.000000
639.999035	__ribosome	0.000000	0.000000	0.000000
639.999035	bound_ecolipol	1878.000000	0.000000	0.000000
639.999035	bound_ribosome	100.000000	0.000000	0.000000
639.999035	ecoli_genome	122.000000	0.000000	0.000000
639.999035	ecoli_transcript	48275.000000	0.000000	0.000000
639.999035	ecolipol	44.000000	0.000000	0.000000
639.999035	gene_A	28.000000	71.000000	0.000000
639.999035	gene_A*	23.000000	69.000000	0.000000
639.999035	gene_B	199.000000	449.000000	0.000000
639.999035	gene_C	132.000000	439.000000	0.000000
639.999035	gene_D	288.000000	461.000000	0.000000
639.999035	gene_E	218.000000	457.000000	0.000000
639.999035	gene_F	106.000000	314.000000	0.003185
639.999035	gene_G	25.000000	228.000000	0.057018
639.999035	gene_H	0.000000	161.000000	0.161491
639.999035	gene_J	91.000000	452.000000	0.132743
639.999035	gene_K	162.000000	441.000000	0.000000
639.999035	promoter_A	1.000000	0.000000	0.000000
639.999035	promoter_B1	0.000000	0.000000	0.000000
639.999035	promoter_D	0.000000	0.000000	0.000000
644.999029	__gene_A*_rbs	70.000000	0.000000	0.000000
644.999029	__gene_A_rbs	72.000000	0.000000	0.000000
644.999029	__gene_B_rbs	453.000000	0.000000	0.000000
644.999029	__gene_C_rbs	442.000000	0.000000	0.000000
644.999029	__gene_D_rbs	465.000000	0.000000	0.000000
644.999029	__gene_E_rbs	461.000000	0.000000	0.000000
644.999029	__gene_F_rbs	315.000000	0.000000	0.000000
644.999029	__gene_G_rbs	230.000000	0.000000	0.000000
644.999029	__gene_H_rbs	162.000000	0.000000	0.000000
644.999029	__gene_J_rbs	455.000000	0.000000	0.000000
644.999029	__gene_K_rbs	444.000000	0.000000	0.000000
644.999029	__ribosome	0.000000	0.000000	0.000000
644.999029	bound_ecolipol	1883.000000	0.000000	0.000000
644.999029	bound_ribosome	100.000000	0.000000	0.000000
644.999029	ecoli_genome	117.000000	0.000000	0.000000
644.999029	ecoli_transcript	48630.000000	0.000000	0.000000
644.999029	ecolipol	42.000000	0.000000	0.000000
644.999029	gene_A	28.000000	72.000000	0.000000
644.999029	gene_A*	23.000000	70.000000	0.000000
644.999029	gene_B	199.000000	453.000000	0.000000
644.999029	gene_C	132.000000	442.000000	0.000000
644.999029	gene_D	288.000000	465.000000	0.000000
644.999029	gene_E	218.000000	461.000000	0.000000
644.999029	gene_F	106.000000	315.000000	0.003175
644.999029	gene_G	25.000000	230.000000	0.056522
644.999029	gene_H	0.000000	162.000000	0.160494
644.999029	gene_J	91.000000	455.000000	0.131868
644.999029	gene_K	162.000000	444.000000	0.000000
644.999029	promoter_A	1.000000	0.000000	0.000000
644.999029	promoter_B1	0.000000	0.000000	0.000000
644.999029	promoter_D	0.000000	0.000000	0.000000
649.999472	__gene_A*_rbs	70.000000	0.000000	0.000000
649.999472	__gene_A_rbs	72.000000	0.000000	0.000000
649.999472	__gene_B_rbs	457.000000	0.000000	0.000000
649.999472	__gene_C_rbs	446.000000	0.000000	0.000000
649.999472	__gene_D_rbs	469.000000	0.000000	0.000000
649.999472	__gene_E_rbs	465.000000	0.000000	0.000000
649.999472	__gene_F_rbs	316.000000	0.000000	0.000000
649.999472	__gene_G_rbs	231.000000	0.000000	0.000000
649.999472	__gene_H_rbs	162.000000	0.000000	0.000000
649.999472	__gene_J_rbs	459.000000	0.000000	0.000000
649.999472	__gene_K_rbs	448.000000	0.000000	0.000000
649.999472	__ribosome	0.000000	0.000000	0.000000
649.999472	bound_ecolipol	1880.000000	0.000000	0.000000
649.999472	bound_ribosome	100.000000	0.000000	0.000000
649.999472	ecoli_genome	120.000000	0.000000	0.000000
649.999472	ecoli_transcript	48999.000000	0.000000	0.000000
649.999472	ecolipol	47.000000	0.000000	0.000000
649.999472	gene_A	28.000000	72.000000	0.000000
649.999472	gene_A*	23.000000	70.000000	0.000000
649.999472	gene_B	199.000000	457.000000	0.000000
649.999472	gene_C	132.000000	446.000000	0.000000
649.999472	gene_D	288.000000	469.000000	0.000000
649.999472	gene_E	218.000000	465.000000	0.000000
649.999472	gene_F	106.000000	316.000000	0.003165
649.999472	gene_G	25.000000	231.000000	0.056277
649.999472	gene_H	0.000000	162.000000	0.160494
649.999472	gene_J	91.000000	459.000000	0.130719
649.999472	gene_K	162.000000	448.000000	0.000000
649.999472	promoter_A	1.000000	0.000000	0.000000
649.999472	promoter_B1	0.000000	0.000000	0.000000
649.999472	promoter_D	0.000000	0.000000	0.000000
654.999011	__gene_A*_rbs	71.000000	0.000000	0.000000
654.999011	__gene_A_rbs	73.000000	0.000000	0.000000
654.999011	__gene_B_rbs	461.000000	0.000000	0.000000
654.999011	__gene_C_rbs	449.000000	0.000000	0.000000
654.999011	__gene_D_rbs	472.000000	0.000000	0.000000
654.999011	__gene_E_rbs	469.000000	0.000000	0.000000
654.999011	__gene_F_rbs	319.000000	0.000000	0.000000
654.999011	__gene_G_rbs	233.000000	0.000000	0.000000
654.999011	__gene_H_rbs	165.000000	0.000000	0.000000
654.999011	__gene_J_rbs	462.000000	0.000000	0.000000
654.999011	__gene_K_rbs	452.000000	0.000000	0.000000
654.999011	__ribosome	0.000000	0.000000	0.000000
654.999011	bound_ecolipol	1892.000000	0.000000	0.000000
654.999011	bound_ribosome	100.000000	0.000000	0.000000
654.999011	ecoli_genome	108.000000	0.000000	0.000000
654.999011	ecoli_transcript	49341.000000	0.000000	0.000000
654.999011	ecolipol	36.000000	0.000000	0.000000
654.999011	gene_A	28.000000	73.000000	0.000000
654.999011	gene_A*	23.000000	71.000000	0.000000
654.999011	gene_B	199.000000	461.000000	0.000000
654.999011	gene_C	132.000000	449.000000	0.000000
654.999011	gene_D	288.000000	472.000000	0.000000
654.999011	gene_E	218.000000	469.000000	0.000000
654.999011	gene_F	106.000000	319.000000	0.003135
654.999011	gene_G	25.000000	233.000000	0.055794
654.999011	gene_H	0.000000	165.000000	0.157576
654.999011	gene_J	91.000000	462.000000	0.129870
654.999011	gene_K	162.000000	452.000000	0.000000
654.999011	promoter_A	1.000000	0.000000	0.000000
654.999011	promoter_B1	0.000000	0.000000	0.000000
654.999011	promoter_D	0.000000	0.000000	0.000000
659.999269	__gene_A*_rbs	72.000000	0.000000	0.000000
659.999269	__gene_A_rbs	73.000000	0.000000	0.000000
659.999269	__gene_B_rbs	464.000000	0.000000	0.000000
659.999269	__gene_C_rbs	453.000000	0.000000	0.000000
659.999269	__gene_D_rbs	476.000000	0.000000	0.000000
659.999269	__gene_E_rbs	472.000000	0.000000	0.000000
659.999269	__gene_F_rbs	323.000000	0.000000	0.000000
659.999269	__gene_G_rbs	235.000000	0.000000	0.000000
659.999269	__gene_H_rbs	167.000000	0.000000	0.000000
659.999269	__gene_J_rbs	466.000000	0.000000	0.000000
659.999269	__gene_K_rbs	455.000000	0.000000	0.000000
659.999269	__ribosome	0.000000	0.000000	0.000000
659.999269	bound_ecolipol	1882.000000	0.000000	0.000000
659.999269	bound_ribosome	100.000000	0.000000	0.000000
659.999269	ecoli_genome	118.000000	0.000000	0.000000
659.999269	ecoli_transcript	49724.000000	0.000000	0.000000
659.999269	ecolipol	45.000000	0.000000	0.000000
659.999269	gene_A	28.000000	73.000000	0.000000
659.999269	gene_A*	23.000000	72.000000	0.000000
659.999269	gene_B	199.000000	464.000000	0.000000
659.999269	gene_C	132.000000	453.000000	0.000000
659.999269	gene_D	288.000000	476.000000	0.000000
659.999269	gene_E	218.000000	472.000000	0.000000
659.999269	gene_F	106.000000	323.000000	0.003096
659.999269	gene_G	25.000000	235.000000	0.055319
659.999269	gene_H	0.000000	167.000000	0.155689
659.999269	gene_J	91.000000	466.000000	0.128755
659.999269	gene_K	162.000000	455.000000	0.000000
659.999269	promoter_A	1.000000	0.000000	0.000000
659.999269	promoter_B1	0.000000	0.000000	0.000000
659.999269	promoter_D	0.000000	0.000000	0.000000
664.999215	__gene_A*_rbs	72.000000	0.000000	0.000000
664.999215	__gene_A_rbs	73.000000	0.000000	0.000000
664.999215	__gene_B_rbs	468.000000	0.000000	0.000000
664.999215	__gene_C_rbs	457.000000	0.000000	0.000000
664.999215	__gene_D_rbs	480.000000	0.000000	0.000000
664.999215	__gene_E_rbs	476.000000	0.000000	0.000000
664.999215	__gene_F_rbs	326.000000	0.000000	0.000000
664.999215	__gene_G_rbs	238.000000	0.000000	0.000000
664.999215	__gene_H_rbs	167.000000	0.000000	0.000000
664.999215	__gene_J_rbs	469.000000	0.000000	0.000000
664.999215	__gene_K_rbs	459.000000	0.000000	0.000000
664.999215	__ribosome	0.000000	0.000000	0.000000
664.999215	bound_ecolipol	1875.000000	0.000000	0.000000
664.999215	bound_ribosome	100.000000	0.000000	0.000000
664.999215	ecoli_genome	125.000000	0.000000	0.000000
664.999215	ecoli_transcript	50096.000000	0.000000	0.000000
664.999215	ecolipol	49.000000	0.000000	0.000000
664.999215	gene_A	28.000000	73.000000	0.000000
664.999215	gene_A*	23.000000	72.000000	0.000000
664.999215	gene_B	199.000000	468.000000	0.000000
664.999215	gene_C	132.000000	457.000000	0.000000
664.999215	gene_D	288.000000	480.000000	0.000000
664.999215	gene_E	218.000000	476.000000	0.000000
664.999215	gene_F	106.000000	326.000000	0.003067
664.999215	gene_G	25.000000	238.000000	0.054622
664.999215	gene_H	0.000000	167.000000	0.155689
664.999215	gene_J	91.000000	469.000000	0.127932
664.999215	gene_K	162.000000	459.000000	0.000000
664.999215	promoter_A	0.000000	0.000000	0.000000
664.999215	promoter_B1	0.000000	0.000000	0.000000
664.999215	promoter_D	0.000000	0.000000	0.000000
669.999008	__gene_A*_rbs	73.000000	0.000000	0.000000
669.999008	__gene_A_rbs	74.000000	0.000000	0.000000
669.999008	__gene_B_rbs	472.000000	0.000000	0.000000
669.999008	__gene_C_rbs	461.000000	0.000000	0.000000
669.999008	__gene_D_rbs	483.000000	0.000000	0.000000
669.999008	__gene_E_rbs	479.000000	0.000000	0.000000
669.999008	__gene_F_rbs	330.000000	0.000000	0.000000
669.999008	__gene_G_rbs	238.000000	0.000000	0.000000
669.999008	__gene_H_rbs	170.000000	0.000000	0.000000
669.999008	__gene_J_rbs	473.000000	0.000000	0.000000
669.999008	__gene_K_rbs	463.000000	0.000000	0.000000
669.999008	__ribosome	0.000000	0.000000	0.000000
669.999008	bound_ecolipol	1882.000000	0.000000	0.000000
669.999008	bound_ribosome	100.000000	0.000000	0.000000
669.999008	ecoli_genome	118.000000	0.000000	0.000000
669.999008	ecoli_transcript	50480.000000	0.000000	0.000000
669.999008	ecolipol	43.000000	0.000000	0.000000
669.999008	gene_A	28.000000	74.000000	0.000000
669.999008	gene_A*	23.000000	73.000000	0.000000
669.999008	gene_B	199.000000	472.000000	0.000000
669.999008	gene_C	132.000000	461.000000	0.002169
669.999008	gene_D	288.000000	483.000000	0.000000
669.999008	gene_E	218.000000	479.000000	0.000000
669.999008	gene_F	107.000000	330.000000	0.000000
669.999008	gene_G	25.000000	238.000000	0.054622
669.999008	gene_H	0.000000	170.000000	0.152941
669.999008	gene_J	91.000000	473.000000	0.126850
669.999008	gene_K	162.000000	463.000000	0.000000
669.999008	promoter_A	1.000000	0.000000	0.000000
669.999008	promoter_B1	0.000000	0.000000	0.000000
669.999008	promoter_D	0.000000	0.000000	0.000000
674.999346	__gene_A*_rbs	73.000000	0.000000	0.000000
674.999346	__gene_A_rbs	74.000000	0.000000	0.000000
674.999346	__gene_B_rbs	475.000000	0.000000	0.000000
674.999346	__gene_C_rbs	464.000000	0.000000	0.000000
674.999346	__gene_D_rbs	487.000000	0.000000	0.000000
674.999346	__gene_E_rbs	483.000000	0.000000	0.000000
674.999346	__gene_F_rbs	332.000000	0.000000	0.000000
674.999346	__gene_G_rbs	241.000000	0.000000	0.000000
674.999346	__gene_H_rbs	171.000000	0.000000	0.000000
674.999346	__gene_J_rbs	476.000000	0.000000	0.000000
674.999346	__gene_K_rbs	466.000000	0.000000	0.000000
674.999346	__ribosome	0.000000	0.000000	0.000000
674.999346	bound_ecolipol	1878.000000	0.000000	0.000000
674.999346	bound_ribosome	100.000000	0.000000	0.000000
674.999346	ecoli_genome	122.000000	0.000000	0.000000
674.999346	ecoli_transcript	50887.000000	0.000000	0.000000
674.999346	ecolipol	49.000000	0.000000	0.000000
674.999346	gene_A	28.000000	74.000000	0.000000
674.999346	gene_A*	23.000000	73.000000	0.000000
674.999346	gene_B	199.000000	475.000000	0.000000
674.999346	gene_C	132.000000	464.000000	0.002155
674.999346	gene_D	288.000000	487.000000	0.000000
674.999346	gene_E	218.000000	483.000000	0.000000
674.999346	gene_F	107.000000	332.000000	0.000000
674.999346	gene_G	25.000000	241.000000	0.053942
674.999346	gene_H	0.000000	171.000000	0.152047
674.999346	gene_J	91.000000	476.000000	0.126050
674.999346	gene_K	162.000000	466.000000	0.000000
674.999346	promoter_A	1.000000	0.000000	0.000000
674.999346	promoter_B1	0.000000	0.000000	0.000000
674.999346	promoter_D	0.000000	0.000000	0.000000
679.999076	__gene_A*_rbs	73.000000	0.000000	0.000000
679.999076	__gene_A_rbs	75.000000	0.000000	0.000000
679.999076	__gene_B_rbs	479.000000	0.000000	0.000000
679.999076	__gene_C_rbs	468.000000	0.000000	0.000000
679.999076	__gene_D_rbs	491.000000	0.000000	0.000000
679.999076	__gene_E_rbs	487.000000	0.000000	0.000000
679.999076	__gene_F_rbs	334.000000	0.000000	0.000000
679.999076	__gene_G_rbs	243.000000	0.000000	0.000000
679.999076	__gene_H_rbs	172.000000	0.000000	0.000000
679.999076	__gene_J_rbs	480.000000	0.000000	0.000000
679.999076	__gene_K_rbs	470.000000	0.000000	0.000000
679.999076	__ribosome	0.000000	0.000000	0.000000
679.999076	bound_ecolipol	1891.000000	0.000000	0.000000
679.999076	bound_ribosome	100.000000	0.000000	0.000000
679.999076	ecoli_genome	109.000000	0.000000	0.000000
679.999076	ecoli_transcript	51237.000000	0.000000	0.000000
679.999076	ecolipol	36.000000	0.000000	0.000000
679.999076	gene_A	28.000000	75.000000	0.000000
679.999076	gene_A*	23.000000	73.000000	0.000000
679.999076	gene_B	199.000000	479.000000	0.000000
679.999076	gene_C	133.000000	468.000000	0.000000
679.999076	gene_D	288.000000	491.000000	0.000000
679.999076	gene_E	218.000000	487.000000	0.002053
679.999076	gene_F	107.000000	334.000000	0.000000
679.999076	gene_G	25.000000	243.000000	0.053498
679.999076	gene_H	0.000000	172.000000	0.151163
679.999076	gene_J	91.000000	480.000000	0.125000
679.999076	gene_K	162.000000	470.000000	0.000000
679.999076	promoter_A	1.000000	0.000000	0.000000
679.999076	promoter_B1	0.000000	0.000000	0.000000
679.999076	promoter_D	0.000000	0.000000	0.000000
684.999173	__gene_A*_rbs	74.000000	0.000000	0.000000
684.999173	__gene_A_rbs	75.000000	0.000000	0.000000
684.999173	__gene_B_rbs	483.000000	0.000000	0.000000
684.999173	__gene_C_rbs	472.000000	0.000000	0.000000
684.999173	__gene_D_rbs	494.000000	0.000000	0.000000
684.999173	__gene_E_rbs	491.000000	0.000000	0.000000
684.999173	__gene_F_rbs	336.000000	0.000000	0.000000
684.999173	__gene_G_rbs	244.000000	0.000000	0.000000
684.999173	__gene_H_rbs	174.000000	0.000000	0.000000
684.999173	__gene_J_rbs	484.000000	0.000000	0.000000
684.999173	__gene_K_rbs	474.000000	0.000000	0.000000
684.999173	__ribosome	0.000000	0.000000	0.000000
684.999173	bound_ecolipol	1878.000000	0.000000	0.000000
684.999173	bound_ribosome	100.000000	0.000000	0.000000
684.999173	ecoli_genome	122.000000	0.000000	0.000000
684.999173	ecoli_transcript	51627.000000	0.000000	0.000000
684.999173	ecolipol	49.000000	0.000000	0.000000
684.999173	gene_A	28.000000	75.000000	0.000000
684.999173	gene_A*	23.000000	74.000000	0.000000
684.999173	gene_B	199.000000	483.000000	0.000000
684.999173	gene_C	133.000000	472.000000	0.000000
684.999173	gene_D	288.000000	494.000000	0.000000
684.999173	gene_E	218.000000	491.000000	0.002037
684.999173	gene_F	107.000000	336.000000	0.000000
684.999173	gene_G	25.000000	244.000000	0.053279
684.999173	gene_H	0.000000	174.000000	0.149425
684.999173	gene_J	91.000000	484.000000	0.123967
684.999173	gene_K	162.000000	474.000000	0.000000
684.999173	promoter_A	0.000000	0.000000	0.000000
684.999173	promoter_B1	0.000000	0.000000	0.000000
684.999173	promoter_D	0.000000	0.000000	0.000000
689.999551	__gene_A*_rbs	74.000000	0.000000	0.000000
689.999551	__gene_A_rbs	77.000000	0.000000	0.000000
689.999551	__gene_B_rbs	487.000000	0.000000	0.000000
689.999551	__gene_C_rbs	475.000000	0.000000	0.000000
689.999551	__gene_D_rbs	498.000000	0.000000	0.000000
689.999551	__gene_E_rbs	494.000000	0.000000	0.000000
689.999551	__gene_F_rbs	338.000000	0.000000	0.000000
689.999551	__gene_G_rbs	244.000000	0.000000	0.000000
689.999551	__gene_H_rbs	174.000000	0.000000	0.000000
689.999551	__gene_J_rbs	487.000000	0.000000	0.000000
689.999551	__gene_K_rbs	478.000000	0.000000	0.000000
689.999551	__ribosome	0.000000	0.000000	0.000000
689.999551	bound_ecolipol	1884.000000	0.000000	0.000000
689.999551	bound_ribosome	100.000000	0.000000	0.000000
689.999551	ecoli_genome	116.000000	0.000000	0.000000
689.999551	ecoli_transcript	52025.000000	0.000000	0.000000
689.999551	ecolipol	43.000000	0.000000	0.000000
689.999551	gene_A	28.000000	77.000000	0.000000
689.999551	gene_A*	23.000000	74.000000	0.000000
689.999551	gene_B	199.000000	487.000000	0.000000
689.999551	gene_C	133.000000	475.000000	0.000000
689.999551	gene_D	288.000000	498.000000	0.002008
689.999551	gene_E	219.000000	494.000000	0.000000
689.999551	gene_F	107.000000	338.000000	0.000000
689.999551	gene_G	25.000000	244.000000	0.053279
689.999551	gene_H	0.000000	174.000000	0.149425
689.999551	gene_J	91.000000	487.000000	0.123203
689.999551	gene_K	162.000000	478.000000	0.000000
689.999551	promoter_A	0.000000	0.000000	0.000000
689.999551	promoter_B1	0.000000	0.000000	0.000000
689.999551	promoter_D	0.000000	0.000000	0.000000
694.999274	__gene_A*_rbs	75.000000	0.000000	0.000000
694.999274	__gene_A_rbs	78.000000	0.000000	0.000000
694.999274	__gene_B_rbs	490.000000	0.000000	0.000000
694.999274	__gene_C_rbs	479.000000	0.000000	0.000000
694.999274	__gene_D_rbs	502.000000	0.000000	0.000000
694.999274	__gene_E_rbs	498.000000	0.000000	0.000000
694.999274	__gene_F_rbs	341.000000	0.000000	0.000000
694.999274	__gene_G_rbs	247.000000	0.000000	0.000000
694.999274	__gene_H_rbs	177.000000	0.000000	0.000000
694.999274	__gene_J_rbs	491.000000	0.000000	0.000000
694.999274	__gene_K_rbs	481.000000	0.000000	0.000000
694.999274	__ribosome	0.000000	0.000000	0.000000
694.999274	bound_ecolipol	1877.000000	0.000000	0.000000
694.999274	bound_ribosome	100.000000	0.000000	0.000000
694.999274	ecoli_genome	123.000000	0.000000	0.000000
694.999274	ecoli_transcript	52402.000000	0.000000	0.000000
694.999274	ecolipol	50.000000	0.000000	0.000000
694.999274	gene_A	28.000000	78.000000	0.000000
694.999274	gene_A*	23.000000	75.000000	0.000000
694.999274	gene_B	199.000000	490.000000	0.000000
694.999274	gene_C	133.000000	479.000000	0.000000
694.999274	gene_D	288.000000	502.000000	0.001992
694.999274	gene_E	219.000000	498.000000	0.000000
694.999274	gene_F	107.000000	341.000000	0.000000
694.999274	gene_G	25.000000	247.000000	0.052632
694.999274	gene_H	0.000000	177.000000	0.146893
694.999274	gene_J	91.000000	491.000000	0.122200
694.999274	gene_K	162.000000	481.000000	0.000000
694.999274	promoter_A	1.000000	0.000000	0.000000
694.999274	promoter_B1	0.000000	0.000000	0.000000
694.999274	promoter_D	0.000000	0.000000	0.000000
699.999110	__gene_A*_rbs	76.000000	0.000000	0.000000
699.999110	__gene_A_rbs	79.000000	0.000000	0.000000
699.999110	__gene_B_rbs	494.000000	0.000000	0.000000
699.999110	__gene_C_rbs	483.000000	0.000000	0.000000
699.999110	__gene_D_rbs	506.000000	0.000000	0.000000
699.999110	__gene_E_rbs	502.000000	0.000000	0.000000
699.999110	__gene_F_rbs	342.000000	0.000000	0.000000
699.999110	__gene_G_rbs	249.000000	0.000000	0.000000
699.999110	__gene_H_rbs	178.000000	0.000000	0.000000
699.999110	__gene_J_rbs	495.000000	0.000000	0.000000
699.999110	__gene_K_rbs	484.000000	0.000000	0.000000
699.999110	__ribosome	0.000000	0.000000	0.000000
699.999110	bound_ecolipol	1878.000000	0.000000	0.000000
699.999110	bound_ribosome	100.000000	0.000000	0.000000
699.999110	ecoli_genome	122.000000	0.000000	0.000000
699.999110	ecoli_transcript	52783.000000	0.000000	0.000000
699.999110	ecolipol	49.000000	0.000000	0.000000
699.999110	gene_A	28.000000	79.000000	0.000000
699.999110	gene_A*	23.000000	76.000000	0.000000
699.999110	gene_B	199.000000	494.000000	0.000000
699.999110	gene_C	133.000000	483.000000	0.000000
699.999110	gene_D	288.000000	506.000000	0.001976
699.999110	gene_E	219.000000	502.000000	0.000000
699.999110	gene_F	107.000000	342.000000	0.000000
699.999110	gene_G	25.000000	249.000000	0.052209
699.999110	gene_H	0.000000	178.000000	0.146067
699.999110	gene_J	91.000000	495.000000	0.121212
699.999110	gene_K	162.000000	484.000000	0.000000
699.999110	promoter_A	1.000000	0.000000	0.000000
699.999110	promoter_B1	0.000000	0.000000	0.000000
699.999110	promoter_D	0.000000	0.000000	0.000000
704.999007	__gene_A*_rbs	78.000000	0.000000	0.000000
704.999007	__gene_A_rbs	80.000000	0.000000	0.000000
704.999007	__gene_B_rbs	496.000000	0.000000	0.000000
704.999007	__gene_C_rbs	486.000000	0.000000	0.000000
704.999007	__gene_D_rbs	509.000000	0.000000	0.000000
704.999007	__gene_E_rbs	505.000000	0.000000	0.000000
704.999007	__gene_F_rbs	344.000000	0.000000	0.000000
704.999007	__gene_G_rbs	251.000000	0.000000	0.000000
704.999007	__gene_H_rbs	178.000000	0.000000	0.000000
704.999007	__gene_J_rbs	498.000000	0.000000	0.000000
704.999007	__gene_K_rbs	489.000000	0.000000	0.000000
704.999007	__ribosome	0.000000	0.000000	0.000000
704.999007	bound_ecolipol	1888.000000	0.000000	0.000000
704.999007	bound_ribosome	100.000000	0.000000	0.000000
704.999007	ecoli_genome	112.000000	0.000000	0.000000
704.999007	ecoli_transcript	53125.000000	0.000000	0.000000
704.999007	ecolipol	37.000000	0.000000	0.000000
704.999007	gene_A	28.000000	80.000000	0.000000
704.999007	gene_A*	23.000000	78.000000	0.000000
704.999007	gene_B	199.000000	496.000000	0.002016
704.999007	gene_C	133.000000	486.000000	0.000000
704.999007	gene_D	289.000000	509.000000	0.000000
704.999007	gene_E	219.000000	505.000000	0.000000
704.999007	gene_F	107.000000	344.000000	0.000000
704.999007	gene_G	25.000000	251.000000	0.051793
704.999007	gene_H	0.000000	178.000000	0.146067
704.999007	gene_J	91.000000	498.000000	0.120482
704.999007	gene_K	162.000000	489.000000	0.000000
704.999007	promoter_A	1.000000	0.000000	0.000000
704.999007	promoter_B1	0.000000	0.000000	0.000000
704.999007	promoter_D	0.000000	0.000000	0.000000
709.999309	__gene_A*_rbs	78.000000	0.000000	0.000000
709.999309	__gene_A_rbs	81.000000	0.000000	0.000000
709.999309	__gene_B_rbs	499.000000	0.000000	0.000000
709.999309	__gene_C_rbs	490.000000	0.000000	0.000000
709.999309	__gene_D_rbs	513.000000	0.000000	0.000000
709.999309	__gene_E_rbs	509.000000	0.000000	0.000000
709.999309	__gene_F_rbs	347.000000	0.000000	0.000000
709.999309	__gene_G_rbs	252.000000	0.000000	0.000000
709.999309	__gene_H_rbs	181.000000	0.000000	0.000000
709.999309	__gene_J_rbs	502.000000	0.000000	0.000000
709.999309	__gene_K_rbs	492.000000	0.000000	0.000000
709.999309	__ribosome	0.000000	0.000000	0.000000
709.999309	bound_ecolipol	1897.000000	0.000000	0.000000
709.999309	bound_ribosome	100.000000	0.000000	0.000000
709.999309	ecoli_genome	103.000000	0.000000	0.000000
709.999309	ecoli_transcript	53473.000000	0.000000	0.000000
709.999309	ecolipol	28.000000	0.000000	0.000000
709.999309	gene_A	28.000000	81.000000	0.000000
709.999309	gene_A*	23.000000	78.000000	0.000000
709.999309	gene_B	199.000000	499.000000	0.002004
709.999309	gene_C	133.000000	490.000000	0.000000
709.999309	gene_D	289.000000	513.000000	0.000000
709.999309	gene_E	219.000000	509.000000	0.000000
709.999309	gene_F	107.000000	347.000000	0.000000
709.999309	gene_G	25.000000	252.000000	0.051587
709.999309	gene_H	0.000000	181.000000	0.143646
709.999309	gene_J	91.000000	502.000000	0.119522
709.999309	gene_K	162.000000	492.000000	0.000000
709.999309	promoter_A	1.000000	0.000000	0.000000
709.999309	promoter_B1	0.000000	0.000000	0.000000
709.999309	promoter_D	0.000000	0.000000	0.000000
714.999656	__gene_A*_rbs	79.000000	0.000000	0.000000
714.999656	__gene_A_rbs	82.000000	0.000000	0.000000
714.999656	__gene_B_rbs	503.000000	0.000000	0.000000
714.999656	__gene_C_rbs	493.000000	0.000000	0.000000
714.999656	__gene_D_rbs	517.000000	0.000000	0.000000
714.999656	__gene_E_rbs	513.000000	0.000000	0.000000
714.999656	__gene_F_rbs	350.000000	0.000000	0.000000
714.999656	__gene_G_rbs	256.000000	0.000000	0.000000
714.999656	__gene_H_rbs	183.000000	0.000000	0.000000
714.999656	__gene_J_rbs	506.000000	0.000000	0.000000
714.999656	__gene_K_rbs	496.000000	0.000000	0.000000
714.999656	__ribosome	0.000000	0.000000	0.000000
714.999656	bound_ecolipol	1885.000000	0.000000	0.000000
714.999656	bound_ribosome	100.000000	0.000000	0.000000
714.999656	ecoli_genome	115.000000	0.000000	0.000000
714.999656	ecoli_transcript	53837.000000	0.000000	0.000000
714.999656	ecolipol	40.000000	0.000000	0.000000
714.999656	gene_A	28.000000	82.000000	0.000000
714.999656	gene_A*	23.000000	79.000000	0.000000
714.999656	gene_B	199.000000	503.000000	0.001988
714.999656	gene_C	133.000000	493.000000	0.000000
714.999656	gene_D	289.000000	517.000000	0.000000
714.999656	gene_E	219.000000	513.000000	0.000000
714.999656	gene_F	107.000000	350.000000	0.000000
714.999656	gene_G	25.000000	256.000000	0.050781
714.999656	gene_H	0.000000	183.000000	0.142077
714.999656	gene_J	91.000000	506.000000	0.118577
714.999656	gene_K	162.000000	496.000000	0.000000
714.999656	promoter_A	0.000000	0.000000	0.000000
714.999656	promoter_B1	0.000000	0.000000	0.000000
714.999656	promoter_D	0.000000	0.000000	0.000000
719.999397	__gene_A*_rbs	80.000000	0.000000	0.000000
719.999397	__gene_A_rbs	83.000000	0.000000	0.000000
719.999397	__gene_B_rbs	507.000000	0.000000	0.000000
719.999397	__gene_C_rbs	497.000000	0.000000	0.000000
719.999397	__gene_D_rbs	520.000000	0.000000	0.000000
719.999397	__gene_E_rbs	516.000000	0.000000	0.000000
719.999397	__gene_F_rbs	352.000000	0.000000	0.000000
719.999397	__gene_G_rbs	258.000000	0.000000	0.000000
719.999397	__gene_H_rbs	185.000000	0.000000	0.000000
719.999397	__gene_J_rbs	509.000000	0.000000	0.000000
719.999397	__gene_K_rbs	500.000000	0.000000	0.000000
719.999397	__ribosome	0.000000	0.000000	0.000000
719.999397	bound_ecolipol	1891.000000	0.000000	0.000000
719.999397	bound_ribosome	100.000000	0.000000	0.000000
719.999397	ecoli_genome	109.000000	0.000000	0.000000
719.999397	ecoli_transcript	54254.000000	0.000000	0.000000
719.999397	ecolipol	35.000000	0.000000	0.000000
719.999397	gene_A	28.000000	83.000000	0.000000
719.999397	gene_A*	23.000000	80.000000	0.000000
719.999397	gene_B	200.000000	507.000000	0.000000
719.999397	gene_C	133.000000	497.000000	0.000000
719.999397	gene_D	289.000000	520.000000	0.001923
719.999397	gene_E	219.000000	516.000000	0.000000
719.999397	gene_F	107.000000	352.000000	0.000000
719.999397	gene_G	25.000000	258.000000	0.050388
719.999397	gene_H	0.000000	185.000000	0.140541
719.999397	gene_J	91.000000	509.000000	0.117878
719.999397	gene_K	162.000000	500.000000	0.000000
719.999397	promoter_A	1.000000	0.000000	0.000000
719.999397	promoter_B1	0.000000	0.000000	0.000000
719.999397	promoter_D	0.000000	0.000000	0.000000
724.999104	__gene_A*_rbs	81.000000	0.000000	0.000000
724.999104	__gene_A_rbs	83.000000	0.000000	0.000000
724.999104	__gene_B_rbs	511.000000	0.000000	0.000000
724.999104	__gene_C_rbs	501.000000	0.000000	0.000000
724.999104	__gene_D_rbs	524.000000	0.000000	0.000000
724.999104	__gene_E_rbs	520.000000	0.000000	0.000000
724.999104	__gene_F_rbs	355.000000	0.000000	0.000000
724.999104	__gene_G_rbs	260.000000	0.000000	0.000000
724.999104	__gene_H_rbs	186.000000	0.000000	0.000000
724.999104	__gene_J_rbs	513.000000	0.000000	0.000000
724.999104	__gene_K_rbs	502.000000	0.000000	0.000000
724.999104	__ribosome	0.000000	0.000000	0.000000
724.999104	bound_ecolipol	1883.000000	0.000000	0.000000
724.999104	bound_ribosome	100.000000	0.000000	0.000000
724.999104	ecoli_genome	117.000000	0.000000	0.000000
724.999104	ecoli_transcript	54608.000000	0.000000	0.000000
724.999104	ecolipol	41.000000	0.000000	0.000000
724.999104	gene_A	28.000000	83.000000	0.000000
724.999104	gene_A*	23.000000	81.000000	0.000000
724.999104	gene_B	200.000000	511.000000	0.000000
724.999104	gene_C	133.000000	501.000000	0.000000
724.999104	gene_D	289.000000	524.000000	0.001908
724.999104	gene_E	219.000000	520.000000	0.000000
724.999104	gene_F	107.000000	355.000000	0.000000
724.999104	gene_G	25.000000	260.000000	0.050000
724.999104	gene_H	0.000000	186.000000	0.139785
724.999104	gene_J	91.000000	513.000000	0.116959
724.999104	gene_K	162.000000	502.000000	0.000000
724.999104	promoter_A	0.000000	0.000000	0.000000
724.999104	promoter_B1	0.000000	0.000000	0.000000
724.999104	promoter_D	0.000000	0.000000	0.000000
729.999082	__gene_A*_rbs	82.000000	0.000000	0.000000
729.999082	__gene_A_rbs	84.000000	0.000000	0.000000
729.999082	__gene_B_rbs	514.000000	0.000000	0.000000
729.999082	__gene_C_rbs	504.000000	0.000000	0.000000
729.999082	__gene_D_rbs	528.000000	0.000000	0.000000
729.999082	__gene_E_rbs	524.000000	0.000000	0.000000
729.999082	__gene_F_rbs	358.000000	0.000000	0.000000
729.999082	__gene_G_rbs	263.000000	0.000000	0.000000
729.999082	__gene_H_rbs	188.000000	0.000000	0.000000
729.999082	__gene_J_rbs	516.000000	0.000000	0.000000
729.999082	__gene_K_rbs	506.000000	0.000000	0.000000
729.999082	__ribosome	0.000000	0.000000	0.000000
729.999082	bound_ecolipol	1885.000000	0.000000	0.000000
729.999082	bound_ribosome	100.000000	0.000000	0.000000
729.999082	ecoli_genome	115.000000	0.000000	0.000000
729.999082	ecoli_transcript	54980.000000	0.000000	0.000000
729.999082	ecolipol	39.000000	0.000000	0.000000
729.999082	gene_A	28.000000	84.000000	0.000000
729.999082	gene_A*	23.000000	82.000000	0.000000
729.999082	gene_B	200.000000	514.000000	0.000000
729.999082	gene_C	133.000000	504.000000	0.000000
729.999082	gene_D	289.000000	528.000000	0.001894
729.999082	gene_E	219.000000	524.000000	0.000000
729.999082	gene_F	107.000000	358.000000	0.000000
729.999082	gene_G	25.000000	263.000000	0.049430
729.999082	gene_H	0.000000	188.000000	0.138298
729.999082	gene_J	91.000000	516.000000	0.116279
729.999082	gene_K	162.000000	506.000000	0.000000
729.999082	promoter_A	1.000000	0.000000	0.000000
729.999082	promoter_B1	0.000000	0.000000	0.000000
729.999082	promoter_D	0.000000	0.000000	0.000000
734.999326	__gene_A*_rbs	83.000000	0.000000	0.000000
734.999326	__gene_A_rbs	85.000000	0.000000	0.000000
734.999326	__gene_B_rbs	518.000000	0.000000	0.000000
734.999326	__gene_C_rbs	507.000000	0.000000	0.000000
734.999326	__gene_D_rbs	531.000000	0.000000	0.000000
734.999326	__gene_E_rbs	527.000000	0.000000	0.000000
734.999326	__gene_F_rbs	360.000000	0.000000	0.000000
734.999326	__gene_G_rbs	264.000000	0.000000	0.000000
734.999326	__gene_H_rbs	191.000000	0.000000	0.000000
734.999326	__gene_J_rbs	520.000000	0.000000	0.000000
734.999326	__gene_K_rbs	510.000000	0.000000	0.000000
734.999326	__ribosome	0.000000	0.000000	0.000000
734.999326	bound_ecolipol	1880.000000	0.000000	0.000000
734.999326	bound_ribosome	100.000000	0.000000	0.000000
734.999326	ecoli_genome	120.000000	0.000000	0.000000
734.999326	ecoli_transcript	55344.000000	0.000000	0.000000
734.999326	ecolipol	46.000000	0.000000	0.000000
734.999326	gene_A	28.000000	85.000000	0.000000
734.999326	gene_A*	23.000000	83.000000	0.000000
734.999326	gene_B	200.000000	518.000000	0.000000
734.999326	gene_C	133.000000	507.000000	0.001972
734.999326	gene_D	290.000000	531.000000	0.000000
734.999326	gene_E	219.000000	527.000000	0.000000
734.999326	gene_F	107.000000	360.000000	0.000000
734.999326	gene_G	25.000000	264.000000	0.049242
734.999326	gene_H	0.000000	191.000000	0.136126
734.999326	gene_J	91.000000	520.000000	0.115385
734.999326	gene_K	162.000000	510.000000	0.000000
734.999326	promoter_A	1.000000	0.000000	0.000000
734.999326	promoter_B1	0.000000	0.000000	0.000000
734.999326	promoter_D	0.000000	0.000000	0.000000
739.999049	__gene_A*_rbs	84.000000	0.000000	0.000000
739.999049	__gene_A_rbs	85.000000	0.000000	0.000000
739.999049	__gene_B_rbs	521.000000	0.000000	0.000000
739.999049	__gene_C_rbs	511.000000	0.000000	0.000000
739.999049	__gene_D_rbs	534.000000	0.000000	0.000000
739.999049	__gene_E_rbs	531.000000	0.000000	0.000000
739.999049	__gene_F_rbs	361.000000	0.000000	0.000000
739.999049	__gene_G_rbs	265.000000	0.000000	0.000000
739.999049	__gene_H_rbs	191.000000	0.000000	0.000000
739.999049	__gene_J_rbs	524.000000	0.000000	0.000000
739.999049	__gene_K_rbs	514.000000	0.000000	0.000000
739.999049	__ribosome	0.000000	0.000000	0.000000
739.999049	bound_ecolipol	1895.000000	0.000000	0.000000
739.999049	bound_ribosome	100.000000	0.000000	0.000000
739.999049	ecoli_genome	105.000000	0.000000	0.000000
739.999049	ecoli_transcript	55729.000000	0.000000	0.000000
739.999049	ecolipol	34.000000	0.000000	0.000000
739.999049	gene_A	28.000000	85.000000	0.000000
739.999049	gene_A*	23.000000	84.000000	0.000000
739.999049	gene_B	200.000000	521.000000	0.000000
739.999049	gene_C	133.000000	511.000000	0.001957
739.999049	gene_D	290.000000	535.000000	0.000000
739.999049	gene_E	219.000000	531.000000	0.000000
739.999049	gene_F	107.000000	361.000000	0.000000
739.999049	gene_G	25.000000	265.000000	0.049057
739.999049	gene_H	0.000000	191.000000	0.136126
739.999049	gene_J	91.000000	524.000000	0.114504
739.999049	gene_K	162.000000	514.000000	0.000000
739.999049	promoter_A	1.000000	0.000000	0.000000
739.999049	promoter_B1	0.000000	0.000000	0.000000
739.999049	promoter_D	0.000000	0.000000	0.000000
744.999171	__gene_A*_rbs	84.000000	0.000000	0.000000
744.999171	__gene_A_rbs	87.000000	0.000000	0.000000
744.999171	__gene_B_rbs	523.000000	0.000000	0.000000
744.999171	__gene_C_rbs	515.000000	0.000000	0.000000
744.999171	__gene_D_rbs	538.000000	0.000000	0.000000
744.999171	__gene_E_rbs	534.000000	0.000000	0.000000
744.999171	__gene_F_rbs	364.000000	0.000000	0.000000
744.999171	__gene_G_rbs	267.000000	0.000000	0.000000
744.999171	__gene_H_rbs	193.000000	0.000000	0.000000
744.999171	__gene_J_rbs	528.000000	0.000000	0.000000
744.999171	__gene_K_rbs	517.000000	0.000000	0.000000
744.999171	__ribosome	0.000000	0.000000	0.000000
744.999171	bound_ecolipol	1876.000000	0.000000	0.000000
744.999171	bound_ribosome	100.000000	0.000000	0.000000
744.999171	ecoli_genome	124.000000	0.000000	0.000000
744.999171	ecoli_transcript	56072.000000	0.000000	0.000000
744.999171	ecolipol	55.000000	0.000000	0.000000
744.999171	gene_A	28.000000	87.000000	0.000000
744.999171	gene_A*	23.000000	84.000000	0.000000
744.999171	gene_B	200.000000	524.000000	0.001908
744.999171	gene_C	134.000000	515.000000	0.000000
744.999171	gene_D	290.000000	538.000000	0.000000
744.999171	gene_E	219.000000	534.000000	0.000000
744.999171	gene_F	107.000000	364.000000	0.000000
744.999171	gene_G	25.000000	267.000000	0.048689
744.999171	gene_H	0.000000	193.000000	0.134715
744.999171	gene_J	92.000000	528.000000	0.113636
744.999171	gene_K	162.000000	517.000000	0.000000
744.999171	promoter_A	1.000000	0.000000	0.000000
744.999171	promoter_B1	0.000000	0.000000	0.000000
744.999171	promoter_D	0.000000	0.000000	0.000000
749.999350	__gene_A*_rbs	85.000000	0.000000	0.000000
749.999350	__gene_A_rbs	87.000000	0.000000	0.000000
749.999350	__gene_B_rbs	528.000000	0.000000	0.000000
749.999350	__gene_C_rbs	518.000000	0.000000	0.000000
749.999350	__gene_D_rbs	542.000000	0.000000	0.000000
749.999350	__gene_E_rbs	538.000000	0.000000	0.000000
749.999350	__gene_F_rbs	366.000000	0.000000	0.000000
749.999350	__gene_G_rbs	268.000000	0.000000	0.000000
749.999350	__gene_H_rbs	193.000000	0.000000	0.000000
749.999350	__gene_J_rbs	532.000000	0.000000	0.000000
749.999350	__gene_K_rbs	520.000000	0.000000	0.000000
749.999350	__ribosome	0.000000	0.000000	0.000000
749.999350	bound_ecolipol	1881.000000	0.000000	0.000000
749.999350	bound_ribosome	100.000000	0.000000	0.000000
749.999350	ecoli_genome	119.000000	0.000000	0.000000
749.999350	ecoli_transcript	56454.000000	0.000000	0.000000
749.999350	ecolipol	54.000000	0.000000	0.000000
749.999350	gene_A	28.000000	87.000000	0.000000
749.999350	gene_A*	23.000000	85.000000	0.000000
749.999350	gene_B	200.000000	528.000000	0.001894
749.999350	gene_C	134.000000	518.000000	0.000000
749.999350	gene_D	290.000000	542.000000	0.000000
749.999350	gene_E	219.000000	538.000000	0.000000
749.999350	gene_F	107.000000	366.000000	0.000000
749.999350	gene_G	25.000000	268.000000	0.048507
749.999350	gene_H	0.000000	193.000000	0.134715
749.999350	gene_J	92.000000	532.000000	0.112782
749.999350	gene_K	162.000000	520.000000	0.000000
749.999350	promoter_A	1.000000	0.000000	0.000000
749.999350	promoter_B1	0.000000	0.000000	0.000000
749.999350	promoter_D	0.000000	0.000000	0.000000
754.999103	__gene_A*_rbs	85.000000	0.000000	0.000000
754.999103	__gene_A_rbs	87.000000	0.000000	0.000000
754.999103	__gene_B_rbs	531.000000	0.000000	0.000000
754.999103	__gene_C_rbs	522.000000	0.000000	0.000000
754.999103	__gene_D_rbs	545.000000	0.000000	0.000000
754.999103	__gene_E_rbs	542.000000	0.000000	0.000000
754.999103	__gene_F_rbs	368.000000	0.000000	0.000000
754.999103	__gene_G_rbs	270.000000	0.000000	0.000000
754.999103	__gene_H_rbs	193.000000	0.000000	0.000000
754.999103	__gene_J_rbs	536.000000	0.000000	0.000000
754.999103	__gene_K_rbs	524.000000	0.000000	0.000000
754.999103	__ribosome	0.000000	0.000000	0.000000
754.999103	bound_ecolipol	1898.000000	0.000000	0.000000
754.999103	bound_ribosome	100.000000	0.000000	0.000000
754.999103	ecoli_genome	102.000000	0.000000	0.000000
754.999103	ecoli_transcript	56798.000000	0.000000	0.000000
754.999103	ecolipol	36.000000	0.000000	0.000000
754.999103	gene_A	28.000000	87.000000	0.000000
754.999103	gene_A*	23.000000	85.000000	0.000000
754.999103	gene_B	200.000000	531.000000	0.001883
754.999103	gene_C	134.000000	522.000000	0.000000
754.999103	gene_D	290.000000	545.000000	0.000000
754.999103	gene_E	219.000000	542.000000	0.000000
754.999103	gene_F	107.000000	368.000000	0.000000
754.999103	gene_G	25.000000	270.000000	0.048148
754.999103	gene_H	0.000000	193.000000	0.134715
754.999103	gene_J	92.000000	536.000000	0.111940
754.999103	gene_K	162.000000	524.000000	0.000000
754.999103	promoter_A	0.000000	0.000000	0.000000
754.999103	promoter_B1	0.000000	0.000000	0.000000
754.999103	promoter_D	0.000000	0.000000	0.000000
759.999110	__gene_A*_rbs	87.000000	0.000000	0.000000
759.999110	__gene_A_rbs	88.000000	0.000000	0.000000
759.999110	__gene_B_rbs	535.000000	0.000000	0.000000
759.999110	__gene_C_rbs	525.000000	0.000000	0.000000
759.999110	__gene_D_rbs	549.000000	0.000000	0.000000
759.999110	__gene_E_rbs	545.000000	0.000000	0.000000
759.999110	__gene_F_rbs	371.000000	0.000000	0.000000
759.999110	__gene_G_rbs	272.000000	0.000000	0.000000
759.999110	__gene_H_rbs	195.000000	0.000000	0.000000
759.999110	__gene_J_rbs	539.000000	0.000000	0.000000
759.999110	__gene_K_rbs	527.000000	0.000000	0.000000
759.999110	__ribosome	0.000000	0.000000	0.000000
759.999110	bound_ecolipol	1896.000000	0.000000	0.000000
759.999110	bound_ribosome	100.000000	0.000000	0.000000
759.999110	ecoli_genome	104.000000	0.000000	0.000000
759.999110	ecoli_transcript	57136.000000	0.000000	0.000000
759.999110	ecolipol	39.000000	0.000000	0.000000
759.999110	gene_A	28.000000	88.000000	0.000000
759.999110	gene_A*	23.000000	87.000000	0.000000
759.999110	gene_B	201.000000	535.000000	0.000000
759.999110	gene_C	134.000000	525.000000	0.000000
759.999110	gene_D	290.000000	549.000000	0.000000
759.999110	gene_E	219.000000	545.000000	0.001835
759.999110	gene_F	107.000000	371.000000	0.000000
759.999110	gene_G	25.000000	272.000000	0.047794
759.999110	gene_H	0.000000	195.000000	0.133333
759.999110	gene_J	92.000000	539.000000	0.111317
759.999110	gene_K	162.000000	527.000000	0.000000
759.999110	promoter_A	1.000000	0.000000	0.000000
759.999110	promoter_B1	0.000000	0.000000	0.000000
759.999110	promoter_D	0.000000	0.000000	0.000000
764.999230	__gene_A*_rbs	87.000000	0.000000	0.000000
764.999230	__gene_A_rbs	88.000000	0.000000	0.000000
764.999230	__gene_B_rbs	538.000000	0.000000	0.000000
764.999230	__gene_C_rbs	529.000000	0.000000	0.000000
764.999230	__gene_D_rbs	553.000000	0.000000	0.000000
764.999230	__gene_E_rbs	548.000000	0.000000	0.000000
764.999230	__gene_F_rbs	373.000000	0.000000	0.000000
764.999230	__gene_G_rbs	274.000000	0.000000	0.000000
764.999230	__gene_H_rbs	196.000000	0.000000	0.000000
764.999230	__gene_J_rbs	542.000000	0.000000	0.000000
764.999230	__gene_K_rbs	530.000000	0.000000	0.000000
764.999230	__ribosome	0.000000	0.000000	0.000000
764.999230	bound_ecolipol	1885.000000	0.000000	0.000000
764.999230	bound_ribosome	100.000000	0.000000	0.000000
764.999230	ecoli_genome	115.000000	0.000000	0.000000
764.999230	ecoli_transcript	57530.000000	0.000000	0.000000
764.999230	ecolipol	49.000000	0.000000	0.000000
764.999230	gene_A	28.000000	88.000000	0.000000
764.999230	gene_A*	23.000000	87.000000	0.000000
764.999230	gene_B	201.000000	538.000000	0.000000
764.999230	gene_C	134.000000	529.000000	0.000000
764.999230	gene_D	290.000000	553.000000	0.000000
764.999230	gene_E	219.000000	548.000000	0.001825
764.999230	gene_F	107.000000	373.000000	0.000000
764.999230	gene_G	25.000000	274.000000	0.047445
764.999230	gene_H	0.000000	196.000000	0.132653
764.999230	gene_J	92.000000	542.000000	0.110701
764.999230	gene_K	162.000000	530.000000	0.000000
764.999230	promoter_A	0.000000	0.000000	0.000000
764.999230	promoter_B1	0.000000	0.000000	0.000000
764.999230	promoter_D	0.000000	0.000000	0.000000
769.999146	__gene_A*_rbs	87.000000	0.000000	0.000000
769.999146	__gene_A_rbs	90.000000	0.000000	0.000000
769.999146	__gene_B_rbs	541.000000	0.000000	0.000000
769.999146	__gene_C_rbs	532.000000	0.000000	0.000000
769.999146	__gene_D_rbs	555.000000	0.000000	0.000000
769.999146	__gene_E_rbs	552.000000	0.000000	0.000000
769.999146	__gene_F_rbs	376.000000	0.000000	0.000000
769.999146	__gene_G_rbs	277.000000	0.000000	0.000000
769.999146	__gene_H_rbs	196.000000	0.000000	0.000000
769.999146	__gene_J_rbs	546.000000	0.000000	0.000000
769.999146	__gene_K_rbs	534.000000	0.000000	0.000000
769.999146	__ribosome	0.000000	0.000000	0.000000
769.999146	bound_ecolipol	1884.000000	0.000000	0.000000
769.999146	bound_ribosome	100.000000	0.000000	0.000000
769.999146	ecoli_genome	116.000000	0.000000	0.000000
769.999146	ecoli_transcript	57941.000000	0.000000	0.000000
769.999146	ecolipol	51.000000	0.000000	0.000000
769.999146	gene_A	28.000000	90.000000	0.000000
769.999146	gene_A*	23.000000	87.000000	0.000000
769.999146	gene_B	201.000000	541.000000	0.001848
769.999146	gene_C	134.000000	532.000000	0.000000
769.999146	gene_D	290.000000	555.000000	0.000000
769.999146	gene_E	220.000000	552.000000	0.000000
769.999146	gene_F	107.000000	376.000000	0.000000
769.999146	gene_G	25.000000	277.000000	0.046931
769.999146	gene_H	0.000000	196.000000	0.132653
769.999146	gene_J	92.000000	546.000000	0.109890
769.999146	gene_K	162.000000	534.000000	0.000000
769.999146	promoter_A	1.000000	0.000000	0.000000
769.999146	promoter_B1	0.000000	0.000000	0.000000
769.999146	promoter_D	0.000000	0.000000	0.000000
774.999029	__gene_A*_rbs	88.000000	0.000000	0.000000
774.999029	__gene_A_rbs	91.000000	0.000000	0.000000
774.999029	__gene_B_rbs	545.000000	0.000000	0.000000
774.999029	__gene_C_rbs	536.000000	0.000000	0.000000
774.999029	__gene_D_rbs	559.000000	0.000000	0.000000
774.999029	__gene_E_rbs	555.000000	0.000000	0.000000
774.999029	__gene_F_rbs	376.000000	0.000000	0.000000
774.999029	__gene_G_rbs	279.000000	0.000000	0.000000
774.999029	__gene_H_rbs	197.000000	0.000000	0.000000
774.999029	__gene_J_rbs	549.000000	0.000000	0.000000
774.999029	__gene_K_rbs	537.000000	0.000000	0.000000
774.999029	__ribosome	0.000000	0.000000	0.000000
774.999029	bound_ecolipol	1889.000000	0.000000	0.000000
774.999029	bound_ribosome	100.000000	0.000000	0.000000
774.999029	ecoli_genome	111.000000	0.000000	0.000000
774.999029	ecoli_transcript	58329.000000	0.000000	0.000000
774.999029	ecolipol	46.000000	0.000000	0.000000
774.999029	gene_A	28.000000	91.000000	0.000000
774.999029	gene_A*	23.000000	88.000000	0.000000
774.999029	gene_B	201.000000	545.000000	0.001835
774.999029	gene_C	134.000000	536.000000	0.000000
774.999029	gene_D	290.000000	559.000000	0.000000
774.999029	gene_E	220.000000	555.000000	0.000000
774.999029	gene_F	107.000000	376.000000	0.000000
774.999029	gene_G	25.000000	279.000000	0.046595
774.999029	gene_H	0.000000	197.000000	0.131980
774.999029	gene_J	92.000000	549.000000	0.109290
774.999029	gene_K	162.000000	537.000000	0.000000
774.999029	promoter_A	1.000000	0.000000	0.000000
774.999029	promoter_B1	0.000000	0.000000	0.000000
774.999029	promoter_D	0.000000	0.000000	0.000000
779.999100	__gene_A*_rbs	89.000000	0.000000	0.000000
779.999100	__gene_A_rbs	91.000000	0.000000	0.000000
779.999100	__gene_B_rbs	549.000000	0.000000	0.000000
779.999100	__gene_C_rbs	539.000000	0.000000	0.000000
779.999100	__gene_D_rbs	563.000000	0.000000	0.000000
779.999100	__gene_E_rbs	559.000000	0.000000	0.000000
779.999100	__gene_F_rbs	379.000000	0.000000	0.000000
779.999100	__gene_G_rbs	281.000000	0.000000	0.000000
779.999100	__gene_H_rbs	200.000000	0.000000	0.000000
779.999100	__gene_J_rbs	553.000000	0.000000	0.000000
779.999100	__gene_K_rbs	541.000000	0.000000	0.000000
779.999100	__ribosome	0.000000	0.000000	0.000000
779.999100	bound_ecolipol	1881.000000	0.000000	0.000000
779.999100	bound_ribosome	100.000000	0.000000	0.000000
779.999100	ecoli_genome	119.000000	0.000000	0.000000
779.999100	ecoli_transcript	58730.000000	0.000000	0.000000
779.999100	ecolipol	51.000000	0.000000	0.000000
779.999100	gene_A	28.000000	91.000000	0.000000
779.999100	gene_A*	23.000000	89.000000	0.000000
779.999100	gene_B	202.000000	549.000000	0.000000
779.999100	gene_C	134.000000	539.000000	0.000000
779.999100	gene_D	290.000000	563.000000	0.000000
779.999100	gene_E	220.000000	559.000000	0.000000
779.999100	gene_F	107.000000	379.000000	0.002639
779.999100	gene_G	25.000000	281.000000	0.046263
779.999100	gene_H	0.000000	200.000000	0.130000
779.999100	gene_J	92.000000	553.000000	0.108499
779.999100	gene_K	162.000000	541.000000	0.000000
779.999100	promoter_A	1.000000	0.000000	0.000000
779.999100	promoter_B1	0.000000	0.000000	0.000000
779.999100	promoter_D	0.000000	0.000000	0.000000
784.999057	__gene_A*_rbs	90.000000	0.000000	0.000000
784.999057	__gene_A_rbs	92.000000	0.000000	0.000000
784.999057	__gene_B_rbs	552.000000	0.000000	0.000000
784.999057	__gene_C_rbs	543.000000	0.000000	0.000000
784.999057	__gene_D_rbs	566.000000	0.000000	0.000000
784.999057	__gene_E_rbs	562.000000	0.000000	0.000000
784.999057	__gene_F_rbs	382.000000	0.000000	0.000000
784.999057	__gene_G_rbs	283.000000	0.000000	0.000000
784.999057	__gene_H_rbs	202.000000	0.000000	0.000000
784.999057	__gene_J_rbs	556.000000	0.000000	0.000000
784.999057	__gene_K_rbs	544.000000	0.000000	0.000000
784.999057	__ribosome	0.000000	0.000000	0.000000
784.999057	bound_ecolipol	1892.000000	0.000000	0.000000
784.999057	bound_ribosome	100.000000	0.000000	0.000000
784.999057	ecoli_genome	108.000000	0.000000	0.000000
784.999057	ecoli_transcript	59139.000000	0.000000	0.000000
784.999057	ecolipol	39.000000	0.000000	0.000000
784.999057	gene_A	28.000000	92.000000	0.000000
784.999057	gene_A*	23.000000	90.000000	0.000000
784.999057	gene_B	202.000000	552.000000	0.000000
784.999057	gene_C	134.000000	543.000000	0.000000
784.999057	gene_D	290.000000	566.000000	0.000000
784.999057	gene_E	220.000000	562.000000	0.000000
784.999057	gene_F	107.000000	382.000000	0.002618
784.999057	gene_G	25.000000	283.000000	0.045936
784.999057	gene_H	0.000000	202.000000	0.128713
784.999057	gene_J	92.000000	556.000000	0.107914
784.999057	gene_K	162.000000	544.000000	0.000000
784.999057	promoter_A	1.000000	0.000000	0.000000
784.999057	promoter_B1	0.000000	0.000000	0.000000
784.999057	promoter_D	0.000000	0.000000	0.000000
789.999309	__gene_A*_rbs	91.000000	0.000000	0.000000
789.999309	__gene_A_rbs	92.000000	0.000000	0.000000
789.999309	__gene_B_rbs	556.000000	0.000000	0.000000
789.999309	__gene_C_rbs	546.000000	0.000000	0.000000
789.999309	__gene_D_rbs	569.000000	0.000000	0.000000
789.999309	__gene_E_rbs	566.000000	0.000000	0.000000
789.999309	__gene_F_rbs	384.000000	0.000000	0.000000
789.999309	__gene_G_rbs	284.000000	0.000000	0.000000
789.999309	__gene_H_rbs	205.000000	0.000000	0.000000
789.999309	__gene_J_rbs	560.000000	0.000000	0.000000
789.999309	__gene_K_rbs	548.000000	0.000000	0.000000
789.999309	__ribosome	0.000000	0.000000	0.000000
789.999309	bound_ecolipol	1882.000000	0.000000	0.000000
789.999309	bound_ribosome	100.000000	0.000000	0.000000
789.999309	ecoli_genome	118.000000	0.000000	0.000000
789.999309	ecoli_transcript	59487.000000	0.000000	0.000000
789.999309	ecolipol	48.000000	0.000000	0.000000
789.999309	gene_A	28.000000	92.000000	0.000000
789.999309	gene_A*	23.000000	91.000000	0.000000
789.999309	gene_B	202.000000	556.000000	0.000000
789.999309	gene_C	134.000000	546.000000	0.000000
789.999309	gene_D	290.000000	569.000000	0.000000
789.999309	gene_E	220.000000	566.000000	0.000000
789.999309	gene_F	107.000000	384.000000	0.002604
789.999309	gene_G	25.000000	284.000000	0.045775
789.999309	gene_H	0.000000	205.000000	0.126829
789.999309	gene_J	92.000000	560.000000	0.107143
789.999309	gene_K	162.000000	548.000000	0.000000
789.999309	promoter_A	1.000000	0.000000	0.000000
789.999309	promoter_B1	0.000000	0.000000	0.000000
789.999309	promoter_D	0.000000	0.000000	0.000000
794.999024	__gene_A*_rbs	91.000000	0.000000	0.000000
794.999024	__gene_A_rbs	93.000000	0.000000	0.000000
794.999024	__gene_B_rbs	560.000000	0.000000	0.000000
794.999024	__gene_C_rbs	550.000000	0.000000	0.000000
794.999024	__gene_D_rbs	572.000000	0.000000	0.000000
794.999024	__gene_E_rbs	570.000000	0.000000	0.000000
794.999024	__gene_F_rbs	388.000000	0.000000	0.000000
794.999024	__gene_G_rbs	286.000000	0.000000	0.000000
794.999024	__gene_H_rbs	206.000000	0.000000	0.000000
794.999024	__gene_J_rbs	563.000000	0.000000	0.000000
794.999024	__gene_K_rbs	551.000000	0.000000	0.000000
794.999024	__ribosome	0.000000	0.000000	0.000000
794.999024	bound_ecolipol	1893.000000	0.000000	0.000000
794.999024	bound_ribosome	100.000000	0.000000	0.000000
794.999024	ecoli_genome	107.000000	0.000000	0.000000
794.999024	ecoli_transcript	59864.000000	0.000000	0.000000
794.999024	ecolipol	37.000000	0.000000	0.000000
794.999024	gene_A	28.000000	93.000000	0.000000
794.999024	gene_A*	23.000000	91.000000	0.000000
794.999024	gene_B	202.000000	560.000000	0.000000
794.999024	gene_C	134.000000	550.000000	0.000000
794.999024	gene_D	290.000000	572.000000	0.000000
794.999024	gene_E	220.000000	570.000000	0.000000
794.999024	gene_F	107.000000	388.000000	0.002577
794.999024	gene_G	25.000000	286.000000	0.045455
794.999024	gene_H	0.000000	206.000000	0.126214
794.999024	gene_J	92.000000	563.000000	0.106572
794.999024	gene_K	162.000000	551.000000	0.000000
794.999024	promoter_A	0.000000	0.000000	0.000000
794.999024	promoter_B1	0.000000	0.000000	0.000000
794.999024	promoter_D	0.000000	0.000000	0.000000
799.999086	__gene_A*_rbs	92.000000	0.000000	0.000000
799.999086	__gene_A_rbs	95.000000	0.000000	0.000000
799.999086	__gene_B_rbs	563.000000	0.000000	0.000000
799.999086	__gene_C_rbs	553.000000	0.000000	0.000000
799.999086	__gene_D_rbs	576.000000	0.000000	0.000000
799.999086	__gene_E_rbs	572.000000	0.000000	0.000000
799.999086	__gene_F_rbs	389.000000	0.000000	0.000000
799.999086	__gene_G_rbs	287.000000	0.000000	0.000000
799.999086	__gene_H_rbs	206.000000	0.000000	0.000000
799.999086	__gene_J_rbs	567.000000	0.000000	0.000000
799.999086	__gene_K_rbs	554.000000	0.000000	0.000000
799.999086	__ribosome	0.000000	0.000000	0.000000
799.999086	bound_ecolipol	1883.000000	0.000000	0.000000
799.999086	bound_ribosome	100.000000	0.000000	0.000000
799.999086	ecoli_genome	117.000000	0.000000	0.000000
799.999086	ecoli_transcript	60275.000000	0.000000	0.000000
799.999086	ecolipol	48.000000	0.000000	0.000000
799.999086	gene_A	28.000000	95.000000	0.000000
799.999086	gene_A*	23.000000	92.000000	0.000000
799.999086	gene_B	202.000000	563.000000	0.000000
799.999086	gene_C	134.000000	553.000000	0.000000
799.999086	gene_D	290.000000	576.000000	0.000000
799.999086	gene_E	220.000000	572.000000	0.000000
799.999086	gene_F	107.000000	389.000000	0.002571
799.999086	gene_G	25.000000	287.000000	0.045296
799.999086	gene_H	0.000000	206.000000	0.126214
799.999086	gene_J	92.000000	567.000000	0.105820
799.999086	gene_K	162.000000	554.000000	0.000000
799.999086	promoter_A	1.000000	0.000000	0.000000
799.999086	promoter_B1	0.000000	0.000000	0.000000
799.999086	promoter_D	0.000000	0.000000	0.000000
804.999030	__gene_A*_rbs	92.000000	0.000000	0.000000
804.999030	__gene_A_rbs	96.000000	0.000000	0.000000
804.999030	__gene_B_rbs	566.000000	0.000000	0.000000
804.999030	__gene_C_rbs	556.000000	0.000000	0.000000
804.999030	__gene_D_rbs	580.000000	0.000000	0.000000
804.999030	__gene_E_rbs	576.000000	0.000000	0.000000
804.999030	__gene_F_rbs	389.000000	0.000000	0.000000
804.999030	__gene_G_rbs	290.000000	0.000000	0.000000
804.999030	__gene_H_rbs	208.000000	0.000000	0.000000
804.999030	__gene_J_rbs	571.000000	0.000000	0.000000
804.999030	__gene_K_rbs	558.000000	0.000000	0.000000
804.999030	__ribosome	0.000000	0.000000	0.000000
804.999030	bound_ecolipol	1886.000000	0.000000	0.000000
804.999030	bound_ribosome	100.000000	0.000000	0.000000
804.999030	ecoli_genome	114.000000	0.000000	0.000000
804.999030	ecoli_transcript	60660.000000	0.000000	0.000000
804.999030	ecolipol	44.000000	0.000000	0.000000
804.999030	gene_A	28.000000	96.000000	0.000000
804.999030	gene_A*	23.000000	92.000000	0.000000
804.999030	gene_B	202.000000	566.000000	0.000000
804.999030	gene_C	134.000000	556.000000	0.000000
804.999030	gene_D	290.000000	580.000000	0.000000
804.999030	gene_E	220.000000	576.000000	0.000000
804.999030	gene_F	107.000000	389.000000	0.002571
804.999030	gene_G	25.000000	290.000000	0.044828
804.999030	gene_H	0.000000	208.000000	0.125000
804.999030	gene_J	92.000000	571.000000	0.105079
804.999030	gene_K	162.000000	558.000000	0.000000
804.999030	promoter_A	1.000000	0.000000	0.000000
804.999030	promoter_B1	0.000000	0.000000	0.000000
804.999030	promoter_D	0.000000	0.000000	0.000000
809.999087	__gene_A*_rbs	93.000000	0.000000	0.000000
809.999087	__gene_A_rbs	96.000000	0.000000	0.000000
809.999087	__gene_B_rbs	570.000000	0.000000	0.000000
809.999087	__gene_C_rbs	560.000000	0.000000	0.000000
809.999087	__gene_D_rbs	584.000000	0.000000	0.000000
809.999087	__gene_E_rbs	580.000000	0.000000	0.000000
809.999087	__gene_F_rbs	392.000000	0.000000	0.000000
809.999087	__gene_G_rbs	293.000000	0.000000	0.000000
809.999087	__gene_H_rbs	209.000000	0.000000	0.000000
809.999087	__gene_J_rbs	573.000000	0.000000	0.000000
809.999087	__gene_K_rbs	562.000000	0.000000	0.000000
809.999087	__ribosome	0.000000	0.000000	0.000000
809.999087	bound_ecolipol	1876.000000	0.000000	0.000000
809.999087	bound_ribosome	100.000000	0.000000	0.000000
809.999087	ecoli_genome	124.000000	0.000000	0.000000
809.999087	ecoli_transcript	61033.000000	0.000000	0.000000
809.999087	ecolipol	55.000000	0.000000	0.000000
809.999087	gene_A	28.000000	96.000000	0.000000
809.999087	gene_A*	23.000000	93.000000	0.000000
809.999087	gene_B	202.000000	570.000000	0.000000
809.999087	gene_C	134.000000	560.000000	0.000000
809.999087	gene_D	290.000000	584.000000	0.000000
809.999087	gene_E	220.000000	580.000000	0.000000
809.999087	gene_F	107.000000	392.000000	0.002551
809.999087	gene_G	25.000000	293.000000	0.044369
809.999087	gene_H	0.000000	209.000000	0.124402
809.999087	gene_J	92.000000	573.000000	0.104712
809.999087	gene_K	162.000000	562.000000	0.000000
809.999087	promoter_A	1.000000	0.000000	0.000000
809.999087	promoter_B1	0.000000	0.000000	0.000000
809.999087	promoter_D	0.000000	0.000000	0.000000
814.999007	__gene_A*_rbs	96.000000	0.000000	0.000000
814.999007	__gene_A_rbs	96.000000	0.000000	0.000000
814.999007	__gene_B_rbs	573.000000	0.000000	0.000000
814.999007	__gene_C_rbs	563.000000	0.000000	0.000000
814.999007	__gene_D_rbs	588.000000	0.000000	0.000000
814.999007	__gene_E_rbs	583.000000	0.000000	0.000000
814.999007	__gene_F_rbs	394.000000	0.000000	0.000000
814.999007	__gene_G_rbs	293.000000	0.000000	0.000000
814.999007	__gene_H_rbs	210.000000	0.000000	0.000000
814.999007	__gene_J_rbs	577.000000	0.000000	0.000000
814.999007	__gene_K_rbs	565.000000	0.000000	0.000000
814.999007	__ribosome	0.000000	0.000000	0.000000
814.999007	bound_ecolipol	1884.000000	0.000000	0.000000
814.999007	bound_ribosome	100.000000	0.000000	0.000000
814.999007	ecoli_genome	116.000000	0.000000	0.000000
814.999007	ecoli_transcript	61419.000000	0.000000	0.000000
814.999007	ecolipol	49.000000	0.000000	0.000000
814.999007	gene_A	28.000000	96.000000	0.000000
814.999007	gene_A*	23.000000	96.000000	0.000000
814.999007	gene_B	202.000000	573.000000	0.000000
814.999007	gene_C	134.000000	563.000000	0.000000
814.999007	gene_D	290.000000	588.000000	0.000000
814.999007	gene_E	220.000000	583.000000	0.000000
814.999007	gene_F	107.000000	394.000000	0.002538
814.999007	gene_G	25.000000	293.000000	0.044369
814.999007	gene_H	0.000000	210.000000	0.123810
814.999007	gene_J	92.000000	577.000000	0.103986
814.999007	gene_K	162.000000	565.000000	0.000000
814.999007	promoter_A	1.000000	0.000000	0.000000
814.999007	promoter_B1	0.000000	0.000000	0.000000
814.999007	promoter_D	0.000000	0.000000	0.000000
819.999055	__gene_A*_rbs	96.000000	0.000000	0.000000
819.999055	__gene_A_rbs	97.000000	0.000000	0.000000
819.999055	__gene_B_rbs	577.000000	0.000000	0.000000
819.999055	__gene_C_rbs	567.000000	0.000000	0.000000
819.999055	__gene_D_rbs	591.000000	0.000000	0.000000
819.999055	__gene_E_rbs	587.000000	0.000000	0.000000
819.999055	__gene_F_rbs	396.000000	0.000000	0.000000
819.999055	__gene_G_rbs	294.000000	0.000000	0.000000
819.999055	__gene_H_rbs	211.000000	0.000000	0.000000
819.999055	__gene_J_rbs	581.000000	0.000000	0.000000
819.999055	__gene_K_rbs	569.000000	0.000000	0.000000
819.999055	__ribosome	0.000000	0.000000	0.000000
819.999055	bound_ecolipol	1882.000000	0.000000	0.000000
819.999055	bound_ribosome	100.000000	0.000000	0.000000
819.999055	ecoli_genome	118.000000	0.000000	0.000000
819.999055	ecoli_transcript	61811.000000	0.000000	0.000000
819.999055	ecolipol	51.000000	0.000000	0.000000
819.999055	gene_A	28.000000	97.000000	0.000000
819.999055	gene_A*	23.000000	96.000000	0.000000
819.999055	gene_B	202.000000	577.000000	0.000000
819.999055	gene_C	134.000000	567.000000	0.000000
819.999055	gene_D	290.000000	591.000000	0.000000
819.999055	gene_E	220.000000	587.000000	0.000000
819.999055	gene_F	107.000000	396.000000	0.002525
819.999055	gene_G	25.000000	294.000000	0.044218
819.999055	gene_H	0.000000	211.000000	0.123223
819.999055	gene_J	92.000000	581.000000	0.103270
819.999055	gene_K	162.000000	569.000000	0.000000
819.999055	promoter_A	1.000000	0.000000	0.000000
819.999055	promoter_B1	0.000000	0.000000	0.000000
819.999055	promoter_D	0.000000	0.000000	0.000000
824.999631	__gene_A*_rbs	96.000000	0.000000	0.000000
824.999631	__gene_A_rbs	98.000000	0.000000	0.000000
824.999631	__gene_B_rbs	581.000000	0.000000	0.000000
824.999631	__gene_C_rbs	571.000000	0.000000	0.000000
824.999631	__gene_D_rbs	595.000000	0.000000	0.000000
824.999631	__gene_E_rbs	591.000000	0.000000	0.000000
824.999631	__gene_F_rbs	398.000000	0.000000	0.000000
824.999631	__gene_G_rbs	297.000000	0.000000	0.000000
824.999631	__gene_H_rbs	213.000000	0.000000	0.000000
824.999631	__gene_J_rbs	584.000000	0.000000	0.000000
824.999631	__gene_K_rbs	573.000000	0.000000	0.000000
824.999631	__ribosome	0.000000	0.000000	0.000000
824.999631	bound_ecolipol	1893.000000	0.000000	0.000000
824.999631	bound_ribosome	100.000000	0.000000	0.000000
824.999631	ecoli_genome	107.000000	0.000000	0.000000
824.999631	ecoli_transcript	62197.000000	0.000000	0.000000
824.999631	ecolipol	43.000000	0.000000	0.000000
824.999631	gene_A	28.000000	98.000000	0.000000
824.999631	gene_A*	23.000000	96.000000	0.000000
824.999631	gene_B	202.000000	581.000000	0.000000
824.999631	gene_C	134.000000	571.000000	0.000000
824.999631	gene_D	290.000000	595.000000	0.000000
824.999631	gene_E	220.000000	591.000000	0.000000
824.999631	gene_F	108.000000	398.000000	0.000000
824.999631	gene_G	25.000000	297.000000	0.043771
824.999631	gene_H	0.000000	213.000000	0.122066
824.999631	gene_J	92.000000	584.000000	0.102740
824.999631	gene_K	162.000000	573.000000	0.001745
824.999631	promoter_A	1.000000	0.000000	0.000000
824.999631	promoter_B1	0.000000	0.000000	0.000000
824.999631	promoter_D	0.000000	0.000000	0.000000
829.999068	__gene_A*_rbs	96.000000	0.000000	0.000000
829.999068	__gene_A_rbs	98.000000	0.000000	0.000000
829.999068	__gene_B_rbs	584.000000	0.000000	0.000000
829.999068	__gene_C_rbs	575.000000	0.000000	0.000000
829.999068	__gene_D_rbs	599.000000	0.000000	0.000000
829.999068	__gene_E_rbs	594.000000	0.000000	0.000000
829.999068	__gene_F_rbs	399.000000	0.000000	0.000000
829.999068	__gene_G_rbs	300.000000	0.000000	0.000000
829.999068	__gene_H_rbs	213.000000	0.000000	0.000000
829.999068	__gene_J_rbs	587.000000	0.000000	0.000000
829.999068	__gene_K_rbs	576.000000	0.000000	0.000000
829.999068	__ribosome	0.000000	0.000000	0.000000
829.999068	bound_ecolipol	1898.000000	0.000000	0.000000
829.999068	bound_ribosome	100.000000	0.000000	0.000000
829.999068	ecoli_genome	102.000000	0.000000	0.000000
829.999068	ecoli_transcript	62554.000000	0.000000	0.000000
829.999068	ecolipol	38.000000	0.000000	0.000000
829.999068	gene_A	28.000000	98.000000	0.000000
829.999068	gene_A*	23.000000	96.000000	0.000000
829.999068	gene_B	202.000000	584.000000	0.000000
829.999068	gene_C	134.000000	575.000000	0.000000
829.999068	gene_D	290.000000	599.000000	0.000000
829.999068	gene_E	220.000000	594.000000	0.000000
829.999068	gene_F	108.000000	399.000000	0.000000
829.999068	gene_G	25.000000	300.000000	0.043333
829.999068	gene_H	0.000000	213.000000	0.126761
829.999068	gene_J	92.000000	587.000000	0.102215
829.999068	gene_K	163.000000	576.000000	0.000000
829.999068	promoter_A	1.000000	0.000000	0.000000
829.999068	promoter_B1	0.000000	0.000000	0.000000
829.999068	promoter_D	0.000000	0.000000	0.000000
834.999192	__gene_A*_rbs	97.000000	0.000000	0.000000
834.999192	__gene_A_rbs	98.000000	0.000000	0.000000
834.999192	__gene_B_rbs	587.000000	0.000000	0.000000
834.999192	__gene_C_rbs	578.000000	0.000000	0.000000
834.999192	__gene_D_rbs	602.000000	0.000000	0.000000
834.999192	__gene_E_rbs	598.000000	0.000000	0.000000
834.999192	__gene_F_rbs	402.000000	0.000000	0.000000
834.999192	__gene_G_rbs	302.000000	0.000000	0.000000
834.999192	__gene_H_rbs	213.000000	0.000000	0.000000
834.999192	__gene_J_rbs	591.000000	0.000000	0.000000
834.999192	__gene_K_rbs	580.000000	0.000000	0.000000
834.999192	__ribosome	0.000000	0.000000	0.000000
834.999192	bound_ecolipol	1885.000000	0.000000	0.000000
834.999192	bound_ribosome	100.000000	0.000000	0.000000
834.999192	ecoli_genome	115.000000	0.000000	0.000000
834.999192	ecoli_transcript	62949.000000	0.000000	0.000000
834.999192	ecolipol	51.000000	0.000000	0.000000
834.999192	gene_A	28.000000	98.000000	0.000000
834.999192	gene_A*	23.000000	97.000000	0.000000
834.999192	gene_B	202.000000	587.000000	0.000000
834.999192	gene_C	134.000000	578.000000	0.000000
834.999192	gene_D	290.000000	602.000000	0.000000
834.999192	gene_E	220.000000	598.000000	0.000000
834.999192	gene_F	108.000000	402.000000	0.000000
834.999192	gene_G	25.000000	302.000000	0.043046
834.999192	gene_H	0.000000	213.000000	0.126761
834.999192	gene_J	92.000000	591.000000	0.101523
834.999192	gene_K	163.000000	580.000000	0.000000
834.999192	promoter_A	1.000000	0.000000	0.000000
834.999192	promoter_B1	0.000000	0.000000	0.000000
834.999192	promoter_D	0.000000	0.000000	0.000000
839.999090	__gene_A*_rbs	98.000000	0.000000	0.000000
839.999090	__gene_A_rbs	98.000000	0.000000	0.000000
839.999090	__gene_B_rbs	591.000000	0.000000	0.000000
839.999090	__gene_C_rbs	582.000000	0.000000	0.000000
839.999090	__gene_D_rbs	606.000000	0.000000	0.000000
839.999090	__gene_E_rbs	602.000000	0.000000	0.000000
839.999090	__gene_F_rbs	405.000000	0.000000	0.000000
839.999090	__gene_G_rbs	304.000000	0.000000	0.000000
839.999090	__gene_H_rbs	214.000000	0.000000	0.000000
839.999090	__gene_J_rbs	594.000000	0.000000	0.000000
839.999090	__gene_K_rbs	584.000000	0.000000	0.000000
839.999090	__ribosome	0.000000	0.000000	0.000000
839.999090	bound_ecolipol	1895.000000	0.000000	0.000000
839.999090	bound_ribosome	100.000000	0.000000	0.000000
839.999090	ecoli_genome	105.000000	0.000000	0.000000
839.999090	ecoli_transcript	63335.000000	0.000000	0.000000
839.999090	ecolipol	41.000000	0.000000	0.000000
839.999090	gene_A	28.000000	98.000000	0.000000
839.999090	gene_A*	23.000000	98.000000	0.000000
839.999090	gene_B	202.000000	591.000000	0.000000
839.999090	gene_C	134.000000	582.000000	0.000000
839.999090	gene_D	290.000000	606.000000	0.000000
839.999090	gene_E	220.000000	602.000000	0.000000
839.999090	gene_F	108.000000	405.000000	0.000000
839.999090	gene_G	25.000000	304.000000	0.042763
839.999090	gene_H	0.000000	214.000000	0.126168
839.999090	gene_J	92.000000	594.000000	0.101010
839.999090	gene_K	163.000000	584.000000	0.000000
839.999090	promoter_A	0.000000	0.000000	0.000000
839.999090	promoter_B1	0.000000	0.000000	0.000000
839.999090	promoter_D	0.000000	0.000000	0.000000
844.999094	__gene_A*_rbs	98.000000	0.000000	0.000000
844.999094	__gene_A_rbs	100.000000	0.000000	0.000000
844.999094	__gene_B_rbs	594.000000	0.000000	0.000000
844.999094	__gene_C_rbs	585.000000	0.000000	0.000000
844.999094	__gene_D_rbs	609.000000	0.000000	0.000000
844.999094	__gene_E_rbs	605.000000	0.000000	0.000000
844.999094	__gene_F_rbs	407.000000	0.000000	0.000000
844.999094	__gene_G_rbs	304.000000	0.000000	0.000000
844.999094	__gene_H_rbs	216.000000	0.000000	0.000000
844.999094	__gene_J_rbs	598.000000	0.000000	0.000000
844.999094	__gene_K_rbs	587.000000	0.000000	0.000000
844.999094	__ribosome	0.000000	0.000000	0.000000
844.999094	bound_ecolipol	1887.000000	0.000000	0.000000
844.999094	bound_ribosome	100.000000	0.000000	0.000000
844.999094	ecoli_genome	113.000000	0.000000	0.000000
844.999094	ecoli_transcript	63690.000000	0.000000	0.000000
844.999094	ecolipol	47.000000	0.000000	0.000000
844.999094	gene_A	28.000000	100.000000	0.000000
844.999094	gene_A*	23.000000	98.000000	0.000000
844.999094	gene_B	202.000000	594.000000	0.000000
844.999094	gene_C	134.000000	585.000000	0.000000
844.999094	gene_D	290.000000	609.000000	0.000000
844.999094	gene_E	220.000000	605.000000	0.000000
844.999094	gene_F	108.000000	407.000000	0.000000
844.999094	gene_G	25.000000	304.000000	0.042763
844.999094	gene_H	0.000000	216.000000	0.125000
844.999094	gene_J	92.000000	598.000000	0.100334
844.999094	gene_K	163.000000	587.000000	0.000000
844.999094	promoter_A	1.000000	0.000000	0.000000
844.999094	promoter_B1	0.000000	0.000000	0.000000
844.999094	promoter_D	0.000000	0.000000	0.000000
849.999102	__gene_A*_rbs	98.000000	0.000000	0.000000
849.999102	__gene_A_rbs	101.000000	0.000000	0.000000
849.999102	__gene_B_rbs	598.000000	0.000000	0.000000
849.999102	__gene_C_rbs	589.000000	0.000000	0.000000
849.999102	__gene_D_rbs	613.000000	0.000000	0.000000
849.999102	__gene_E_rbs	609.000000	0.000000	0.000000
849.999102	__gene_F_rbs	410.000000	0.000000	0.000000
849.999102	__gene_G_rbs	306.000000	0.000000	0.000000
849.999102	__gene_H_rbs	219.000000	0.000000	0.000000
849.999102	__gene_J_rbs	602.000000	0.000000	0.000000
849.999102	__gene_K_rbs	590.000000	0.000000	0.000000
849.999102	__ribosome	0.000000	0.000000	0.000000
849.999102	bound_ecolipol	1889.000000	0.000000	0.000000
849.999102	bound_ribosome	100.000000	0.000000	0.000000
849.999102	ecoli_genome	111.000000	0.000000	0.000000
849.999102	ecoli_transcript	64084.000000	0.000000	0.000000
849.999102	ecolipol	45.000000	0.000000	0.000000
849.999102	gene_A	28.000000	101.000000	0.000000
849.999102	gene_A*	23.000000	98.000000	0.000000
849.999102	gene_B	202.000000	598.000000	0.000000
849.999102	gene_C	134.000000	589.000000	0.000000
849.999102	gene_D	290.000000	613.000000	0.000000
849.999102	gene_E	220.000000	609.000000	0.000000
849.999102	gene_F	108.000000	410.000000	0.000000
849.999102	gene_G	25.000000	306.000000	0.042484
849.999102	gene_H	0.000000	219.000000	0.123288
849.999102	gene_J	92.000000	602.000000	0.099668
849.999102	gene_K	163.000000	590.000000	0.000000
849.999102	promoter_A	1.000000	0.000000	0.000000
849.999102	promoter_B1	0.000000	0.000000	0.000000
849.999102	promoter_D	0.000000	0.000000	0.000000
854.999189	__gene_A*_rbs	98.000000	0.000000	0.000000
854.999189	__gene_A_rbs	101.000000	0.000000	0.000000
854.999189	__gene_B_rbs	601.000000	0.000000	0.000000
854.999189	__gene_C_rbs	592.000000	0.000000	0.000000
854.999189	__gene_D_rbs	617.000000	0.000000	0.000000
854.999189	__gene_E_rbs	612.000000	0.000000	0.000000
854.999189	__gene_F_rbs	413.000000	0.000000	0.000000
854.999189	__gene_G_rbs	309.000000	0.000000	0.000000
854.999189	__gene_H_rbs	219.000000	0.000000	0.000000
854.999189	__gene_J_rbs	606.000000	0.000000	0.000000
854.999189	__gene_K_rbs	594.000000	0.000000	0.000000
854.999189	__ribosome	0.000000	0.000000	0.000000
854.999189	bound_ecolipol	1880.000000	0.000000	0.000000
854.999189	bound_ribosome	100.000000	0.000000	0.000000
854.999189	ecoli_genome	120.000000	0.000000	0.000000
854.999189	ecoli_transcript	64436.000000	0.000000	0.000000
854.999189	ecolipol	53.000000	0.000000	0.000000
854.999189	gene_A	28.000000	101.000000	0.000000
854.999189	gene_A*	23.000000	98.000000	0.000000
854.999189	gene_B	202.000000	601.000000	0.000000
854.999189	gene_C	134.000000	592.000000	0.000000
854.999189	gene_D	290.000000	617.000000	0.000000
854.999189	gene_E	220.000000	612.000000	0.000000
854.999189	gene_F	108.000000	413.000000	0.000000
854.999189	gene_G	25.000000	309.000000	0.042071
854.999189	gene_H	0.000000	219.000000	0.123288
854.999189	gene_J	92.000000	606.000000	0.099010
854.999189	gene_K	163.000000	594.000000	0.000000
854.999189	promoter_A	1.000000	0.000000	0.000000
854.999189	promoter_B1	0.000000	0.000000	0.000000
854.999189	promoter_D	0.000000	0.000000	0.000000
859.999691	__gene_A*_rbs	100.000000	0.000000	0.000000
859.999691	__gene_A_rbs	102.000000	0.000000	0.000000
859.999691	__gene_B_rbs	605.000000	0.000000	0.000000
859.999691	__gene_C_rbs	596.000000	0.000000	0.000000
859.999691	__gene_D_rbs	620.000000	0.000000	0.000000
859.999691	__gene_E_rbs	616.000000	0.000000	0.000000
859.999691	__gene_F_rbs	415.000000	0.000000	0.000000
859.999691	__gene_G_rbs	311.000000	0.000000	0.000000
859.999691	__gene_H_rbs	219.000000	0.000000	0.000000
859.999691	__gene_J_rbs	610.000000	0.000000	0.000000
859.999691	__gene_K_rbs	597.000000	0.000000	0.000000
859.999691	__ribosome	0.000000	0.000000	0.000000
859.999691	bound_ecolipol	1882.000000	0.000000	0.000000
859.999691	bound_ribosome	100.000000	0.000000	0.000000
859.999691	ecoli_genome	118.000000	0.000000	0.000000
859.999691	ecoli_transcript	64839.000000	0.000000	0.000000
859.999691	ecolipol	48.000000	0.000000	0.000000
859.999691	gene_A	28.000000	102.000000	0.000000
859.999691	gene_A*	23.000000	100.000000	0.000000
859.999691	gene_B	202.000000	605.000000	0.000000
859.999691	gene_C	134.000000	596.000000	0.000000
859.999691	gene_D	290.000000	620.000000	0.000000
859.999691	gene_E	220.000000	616.000000	0.000000
859.999691	gene_F	108.000000	415.000000	0.000000
859.999691	gene_G	25.000000	311.000000	0.041801
859.999691	gene_H	0.000000	219.000000	0.123288
859.999691	gene_J	92.000000	610.000000	0.098361
859.999691	gene_K	163.000000	597.000000	0.000000
859.999691	promoter_A	1.000000	0.000000	0.000000
859.999691	promoter_B1	0.000000	0.000000	0.000000
859.999691	promoter_D	0.000000	0.000000	0.000000
864.999216	__gene_A*_rbs	101.000000	0.000000	0.000000
864.999216	__gene_A_rbs	103.000000	0.000000	0.000000
864.999216	__gene_B_rbs	609.000000	0.000000	0.000000
864.999216	__gene_C_rbs	599.000000	0.000000	0.000000
864.999216	__gene_D_rbs	624.000000	0.000000	0.000000
864.999216	__gene_E_rbs	620.000000	0.000000	0.000000
864.999216	__gene_F_rbs	417.000000	0.000000	0.000000
864.999216	__gene_G_rbs	312.000000	0.000000	0.000000
864.999216	__gene_H_rbs	220.000000	0.000000	0.000000
864.999216	__gene_J_rbs	613.000000	0.000000	0.000000
864.999216	__gene_K_rbs	600.000000	0.000000	0.000000
864.999216	__ribosome	0.000000	0.000000	0.000000
864.999216	bound_ecolipol	1889.000000	0.000000	0.000000
864.999216	bound_ribosome	100.000000	0.000000	0.000000
864.999216	ecoli_genome	111.000000	0.000000	0.000000
864.999216	ecoli_transcript	65236.000000	0.000000	0.000000
864.999216	ecolipol	40.000000	0.000000	0.000000
864.999216	gene_A	28.000000	103.000000	0.000000
864.999216	gene_A*	23.000000	101.000000	0.000000
864.999216	gene_B	202.000000	609.000000	0.000000
864.999216	gene_C	134.000000	599.000000	0.000000
864.999216	gene_D	290.000000	624.000000	0.000000
864.999216	gene_E	220.000000	620.000000	0.000000
864.999216	gene_F	108.000000	417.000000	0.000000
864.999216	gene_G	25.000000	312.000000	0.041667
864.999216	gene_H	0.000000	220.000000	0.122727
864.999216	gene_J	92.000000	613.000000	0.097879
864.999216	gene_K	163.000000	600.000000	0.000000
864.999216	promoter_A	0.000000	0.000000	0.000000
864.999216	promoter_B1	0.000000	0.000000	0.000000
864.999216	promoter_D	0.000000	0.000000	0.000000
869.999431	__gene_A*_rbs	101.000000	0.000000	0.000000
869.999431	__gene_A_rbs	103.000000	0.000000	0.000000
869.999431	__gene_B_rbs	612.000000	0.000000	0.000000
869.999431	__gene_C_rbs	602.000000	0.000000	0.000000
869.999431	__gene_D_rbs	627.000000	0.000000	0.000000
869.999431	__gene_E_rbs	624.000000	0.000000	0.000000
869.999431	__gene_F_rbs	419.000000	0.000000	0.000000
869.999431	__gene_G_rbs	313.000000	0.000000	0.000000
869.999431	__gene_H_rbs	223.000000	0.000000	0.000000
869.999431	__gene_J_rbs	617.000000	0.000000	0.000000
869.999431	__gene_K_rbs	603.000000	0.000000	0.000000
869.999431	__ribosome	0.000000	0.000000	0.000000
869.999431	bound_ecolipol	1886.000000	0.000000	0.000000
869.999431	bound_ribosome	100.000000	0.000000	0.000000
869.999431	ecoli_genome	114.000000	0.000000	0.000000
869.999431	ecoli_transcript	65624.000000	0.000000	0.000000
869.999431	ecolipol	46.000000	0.000000	0.000000
869.999431	gene_A	28.000000	103.000000	0.000000
869.999431	gene_A*	23.000000	101.000000	0.000000
869.999431	gene_B	202.000000	612.000000	0.000000
869.999431	gene_C	134.000000	602.000000	0.000000
869.999431	gene_D	290.000000	627.000000	0.000000
869.999431	gene_E	220.000000	624.000000	0.000000
869.999431	gene_F	108.000000	419.000000	0.000000
869.999431	gene_G	25.000000	313.000000	0.041534
869.999431	gene_H	0.000000	223.000000	0.121076
869.999431	gene_J	92.000000	617.000000	0.097245
869.999431	gene_K	163.000000	603.000000	0.000000
869.999431	promoter_A	1.000000	0.000000	0.000000
869.999431	promoter_B1	0.000000	0.000000	0.000000
869.999431	promoter_D	0.000000	0.000000	0.000000
874.999317	__gene_A*_rbs	102.000000	0.000000	0.000000
874.999317	__gene_A_rbs	103.000000	0.000000	0.000000
874.999317	__gene_B_rbs	616.000000	0.000000	0.000000
874.999317	__gene_C_rbs	605.000000	0.000000	0.000000
874.999317	__gene_D_rbs	630.000000	0.000000	0.000000
874.999317	__gene_E_rbs	626.000000	0.000000	0.000000
874.999317	__gene_F_rbs	421.000000	0.000000	0.000000
874.999317	__gene_G_rbs	315.000000	0.000000	0.000000
874.999317	__gene_H_rbs	224.000000	0.000000	0.000000
874.999317	__gene_J_rbs	621.000000	0.000000	0.000000
874.999317	__gene_K_rbs	607.000000	0.000000	0.000000
874.999317	__ribosome	0.000000	0.000000	0.000000
874.999317	bound_ecolipol	1893.000000	0.000000	0.000000
874.999317	bound_ribosome	100.000000	0.000000	0.000000
874.999317	ecoli_genome	107.000000	0.000000	0.000000
874.999317	ecoli_transcript	65991.000000	0.000000	0.000000
874.999317	ecolipol	43.000000	0.000000	0.000000
874.999317	gene_A	28.000000	103.000000	0.000000
874.999317	gene_A*	23.000000	102.000000	0.000000
874.999317	gene_B	202.000000	616.000000	0.000000
874.999317	gene_C	134.000000	605.000000	0.000000
874.999317	gene_D	290.000000	630.000000	0.000000
874.999317	gene_E	220.000000	626.000000	0.000000
874.999317	gene_F	108.000000	421.000000	0.000000
874.999317	gene_G	25.000000	315.000000	0.041270
874.999317	gene_H	0.000000	224.000000	0.120536
874.999317	gene_J	92.000000	621.000000	0.096618
874.999317	gene_K	163.000000	607.000000	0.000000
874.999317	promoter_A	1.000000	0.000000	0.000000
874.999317	promoter_B1	0.000000	0.000000	0.000000
874.999317	promoter_D	0.000000	0.000000	0.000000
879.999379	__gene_A*_rbs	103.000000	0.000000	0.000000
879.999379	__gene_A_rbs	103.000000	0.000000	0.000000
879.999379	__gene_B_rbs	619.000000	0.000000	0.000000
879.999379	__gene_C_rbs	609.000000	0.000000	0.000000
879.999379	__gene_D_rbs	634.000000	0.000000	0.000000
879.999379	__gene_E_rbs	630.000000	0.000000	0.000000
879.999379	__gene_F_rbs	421.000000	0.000000	0.000000
879.999379	__gene_G_rbs	317.000000	0.000000	0.000000
879.999379	__gene_H_rbs	226.000000	0.000000	0.000000
879.999379	__gene_J_rbs	625.000000	0.000000	0.000000
879.999379	__gene_K_rbs	611.000000	0.000000	0.000000
879.999379	__ribosome	0.000000	0.000000	0.000000
879.999379	bound_ecolipol	1886.000000	0.000000	0.000000
879.999379	bound_ribosome	100.000000	0.000000	0.000000
879.999379	ecoli_genome	114.000000	0.000000	0.000000
879.999379	ecoli_transcript	66373.000000	0.000000	0.000000
879.999379	ecolipol	51.000000	0.000000	0.000000
879.999379	gene_A	28.000000	103.000000	0.000000
879.999379	gene_A*	23.000000	103.000000	0.000000
879.999379	gene_B	202.000000	619.000000	0.000000
879.999379	gene_C	134.000000	609.000000	0.000000
879.999379	gene_D	290.000000	634.000000	0.000000
879.999379	gene_E	220.000000	630.000000	0.000000
879.999379	gene_F	108.000000	421.000000	0.000000
879.999379	gene_G	25.000000	317.000000	0.041009
879.999379	gene_H	0.000000	226.000000	0.119469
879.999379	gene_J	92.000000	625.000000	0.096000
879.999379	gene_K	163.000000	611.000000	0.000000
879.999379	promoter_A	1.000000	0.000000	0.000000
879.999379	promoter_B1	0.000000	0.000000	0.000000
879.999379	promoter_D	0.000000	0.000000	0.000000
884.999137	__gene_A*_rbs	103.000000	0.000000	0.000000
884.999137	__gene_A_rbs	103.000000	0.000000	0.000000
884.999137	__gene_B_rbs	623.000000	0.000000	0.000000
884.999137	__gene_C_rbs	613.000000	0.000000	0.000000
884.999137	__gene_D_rbs	638.000000	0.000000	0.000000
884.999137	__gene_E_rbs	634.000000	0.000000	0.000000
884.999137	__gene_F_rbs	423.000000	0.000000	0.000000
884.999137	__gene_G_rbs	319.000000	0.000000	0.000000
884.999137	__gene_H_rbs	227.000000	0.000000	0.000000
884.999137	__gene_J_rbs	627.000000	0.000000	0.000000
884.999137	__gene_K_rbs	615.000000	0.000000	0.000000
884.999137	__ribosome	0.000000	0.000000	0.000000
884.999137	bound_ecolipol	1899.000000	0.000000	0.000000
884.999137	bound_ribosome	100.000000	0.000000	0.000000
884.999137	ecoli_genome	101.000000	0.000000	0.000000
884.999137	ecoli_transcript	66762.000000	0.000000	0.000000
884.999137	ecolipol	36.000000	0.000000	0.000000
884.999137	gene_A	28.000000	103.000000	0.000000
884.999137	gene_A*	23.000000	103.000000	0.000000
884.999137	gene_B	202.000000	623.000000	0.000000
884.999137	gene_C	134.000000	613.000000	0.000000
884.999137	gene_D	290.000000	638.000000	0.000000
884.999137	gene_E	220.000000	634.000000	0.000000
884.999137	gene_F	108.000000	423.000000	0.000000
884.999137	gene_G	25.000000	319.000000	0.040752
884.999137	gene_H	0.000000	227.000000	0.118943
884.999137	gene_J	92.000000	627.000000	0.095694
884.999137	gene_K	163.000000	615.000000	0.000000
884.999137	promoter_A	1.000000	0.000000	0.000000
884.999137	promoter_B1	0.000000	0.000000	0.000000
884.999137	promoter_D	0.000000	0.000000	0.000000
889.999170	__gene_A*_rbs	103.000000	0.000000	0.000000
889.999170	__gene_A_rbs	105.000000	0.000000	0.000000
889.999170	__gene_B_rbs	627.000000	0.000000	0.000000
889.999170	__gene_C_rbs	617.000000	0.000000	0.000000
889.999170	__gene_D_rbs	642.000000	0.000000	0.000000
889.999170	__gene_E_rbs	638.000000	0.000000	0.000000
889.999170	__gene_F_rbs	424.000000	0.000000	0.000000
889.999170	__gene_G_rbs	321.000000	0.000000	0.000000
889.999170	__gene_H_rbs	228.000000	0.000000	0.000000
889.999170	__gene_J_rbs	631.000000	0.000000	0.000000
889.999170	__gene_K_rbs	619.000000	0.000000	0.000000
889.999170	__ribosome	0.000000	0.000000	0.000000
889.999170	bound_ecolipol	1880.000000	0.000000	0.000000
889.999170	bound_ribosome	100.000000	0.000000	0.000000
889.999170	ecoli_genome	120.000000	0.000000	0.000000
889.999170	ecoli_transcript	67163.000000	0.000000	0.000000
889.999170	ecolipol	56.000000	0.000000	0.000000
889.999170	gene_A	28.000000	105.000000	0.000000
889.999170	gene_A*	23.000000	103.000000	0.000000
889.999170	gene_B	202.000000	627.000000	0.000000
889.999170	gene_C	134.000000	617.000000	0.000000
889.999170	gene_D	290.000000	642.000000	0.000000
889.999170	gene_E	220.000000	638.000000	0.000000
889.999170	gene_F	108.000000	424.000000	0.000000
889.999170	gene_G	25.000000	321.000000	0.040498
889.999170	gene_H	0.000000	228.000000	0.118421
889.999170	gene_J	92.000000	631.000000	0.095087
889.999170	gene_K	163.000000	619.000000	0.000000
889.999170	promoter_A	1.000000	0.000000	0.000000
889.999170	promoter_B1	0.000000	0.000000	0.000000
889.999170	promoter_D	0.000000	0.000000	0.000000
894.999204	__gene_A*_rbs	103.000000	0.000000	0.000000
894.999204	__gene_A_rbs	106.000000	0.000000	0.000000
894.999204	__gene_B_rbs	631.000000	0.000000	0.000000
894.999204	__gene_C_rbs	621.000000	0.000000	0.000000
894.999204	__gene_D_rbs	646.000000	0.000000	0.000000
894.999204	__gene_E_rbs	641.000000	0.000000	0.000000
894.999204	__gene_F_rbs	426.000000	0.000000	0.000000
894.999204	__gene_G_rbs	322.000000	0.000000	0.000000
894.999204	__gene_H_rbs	230.000000	0.000000	0.000000
894.999204	__gene_J_rbs	635.000000	0.000000	0.000000
894.999204	__gene_K_rbs	622.000000	0.000000	0.000000
894.999204	__ribosome	0.000000	0.000000	0.000000
894.999204	bound_ecolipol	1889.000000	0.000000	0.000000
894.999204	bound_ribosome	100.000000	0.000000	0.000000
894.999204	ecoli_genome	111.000000	0.000000	0.000000
894.999204	ecoli_transcript	67510.000000	0.000000	0.000000
894.999204	ecolipol	48.000000	0.000000	0.000000
894.999204	gene_A	28.000000	106.000000	0.000000
894.999204	gene_A*	23.000000	103.000000	0.000000
894.999204	gene_B	202.000000	631.000000	0.000000
894.999204	gene_C	134.000000	621.000000	0.000000
894.999204	gene_D	290.000000	646.000000	0.000000
894.999204	gene_E	220.000000	641.000000	0.000000
894.999204	gene_F	108.000000	426.000000	0.000000
894.999204	gene_G	25.000000	322.000000	0.040373
894.999204	gene_H	0.000000	230.000000	0.117391
894.999204	gene_J	92.000000	635.000000	0.094488
894.999204	gene_K	163.000000	622.000000	0.000000
894.999204	promoter_A	1.000000	0.000000	0.000000
894.999204	promoter_B1	0.000000	0.000000	0.000000
894.999204	promoter_D	0.000000	0.000000	0.000000
899.999195	__gene_A*_rbs	103.000000	0.000000	0.000000
899.999195	__gene_A_rbs	106.000000	0.000000	0.000000
899.999195	__gene_B_rbs	634.000000	0.000000	0.000000
899.999195	__gene_C_rbs	624.000000	0.000000	0.000000
899.999195	__gene_D_rbs	649.000000	0.000000	0.000000
899.999195	__gene_E_rbs	645.000000	0.000000	0.000000
899.999195	__gene_F_rbs	429.000000	0.000000	0.000000
899.999195	__gene_G_rbs	324.000000	0.000000	0.000000
899.999195	__gene_H_rbs	230.000000	0.000000	0.000000
899.999195	__gene_J_rbs	639.000000	0.000000	0.000000
899.999195	__gene_K_rbs	626.000000	0.000000	0.000000
899.999195	__ribosome	0.000000	0.000000	0.000000
899.999195	bound_ecolipol	1890.000000	0.000000	0.000000
899.999195	bound_ribosome	100.000000	0.000000	0.000000
899.999195	ecoli_genome	110.000000	0.000000	0.000000
899.999195	ecoli_transcript	67897.000000	0.000000	0.000000
899.999195	ecolipol	47.000000	0.000000	0.000000
899.999195	gene_A	28.000000	106.000000	0.000000
899.999195	gene_A*	23.000000	103.000000	0.000000
899.999195	gene_B	202.000000	634.000000	0.000000
899.999195	gene_C	134.000000	624.000000	0.000000
899.999195	gene_D	290.000000	649.000000	0.000000
899.999195	gene_E	220.000000	645.000000	0.000000
899.999195	gene_F	108.000000	429.000000	0.000000
899.999195	gene_G	25.000000	324.000000	0.040123
899.999195	gene_H	0.000000	230.000000	0.117391
899.999195	gene_J	92.000000	639.000000	0.093897
899.999195	gene_K	163.000000	626.000000	0.000000
899.999195	promoter_A	1.000000	0.000000	0.000000
899.999195	promoter_B1	0.000000	0.000000	0.000000
899.999195	promoter_D	0.000000	0.000000	0.000000
904.999676	__gene_A*_rbs	105.000000	0.000000	0.000000
904.999676	__gene_A_rbs	107.000000	0.000000	0.000000
904.999676	__gene_B_rbs	638.000000	0.000000	0.000000
904.999676	__gene_C_rbs	628.000000	0.000000	0.000000
904.999676	__gene_D_rbs	653.000000	0.000000	0.000000
904.999676	__gene_E_rbs	649.000000	0.000000	0.000000
904.999676	__gene_F_rbs	430.000000	0.000000	0.000000
904.999676	__gene_G_rbs	326.000000	0.000000	0.000000
904.999676	__gene_H_rbs	231.000000	0.000000	0.000000
904.999676	__gene_J_rbs	642.000000	0.000000	0.000000
904.999676	__gene_K_rbs	629.000000	0.000000	0.000000
904.999676	__ribosome	0.000000	0.000000	0.000000
904.999676	bound_ecolipol	1888.000000	0.000000	0.000000
904.999676	bound_ribosome	100.000000	0.000000	0.000000
904.999676	ecoli_genome	112.000000	0.000000	0.000000
904.999676	ecoli_transcript	68284.000000	0.000000	0.000000
904.999676	ecolipol	49.000000	0.000000	0.000000
904.999676	gene_A	28.000000	107.000000	0.000000
904.999676	gene_A*	23.000000	105.000000	0.000000
904.999676	gene_B	202.000000	638.000000	0.000000
904.999676	gene_C	134.000000	628.000000	0.000000
904.999676	gene_D	290.000000	653.000000	0.000000
904.999676	gene_E	220.000000	649.000000	0.000000
904.999676	gene_F	108.000000	430.000000	0.000000
904.999676	gene_G	25.000000	326.000000	0.039877
904.999676	gene_H	0.000000	231.000000	0.116883
904.999676	gene_J	92.000000	642.000000	0.093458
904.999676	gene_K	163.000000	629.000000	0.000000
904.999676	promoter_A	1.000000	0.000000	0.000000
904.999676	promoter_B1	0.000000	0.000000	0.000000
904.999676	promoter_D	0.000000	0.000000	0.000000
909.999026	__gene_A*_rbs	106.000000	0.000000	0.000000
909.999026	__gene_A_rbs	108.000000	0.000000	0.000000
909.999026	__gene_B_rbs	642.000000	0.000000	0.000000
909.999026	__gene_C_rbs	631.000000	0.000000	0.000000
909.999026	__gene_D_rbs	657.000000	0.000000	0.000000
909.999026	__gene_E_rbs	653.000000	0.000000	0.000000
909.999026	__gene_F_rbs	434.000000	0.000000	0.000000
909.999026	__gene_G_rbs	328.000000	0.000000	0.000000
909.999026	__gene_H_rbs	231.000000	0.000000	0.000000
909.999026	__gene_J_rbs	646.000000	0.000000	0.000000
909.999026	__gene_K_rbs	633.000000	0.000000	0.000000
909.999026	__ribosome	0.000000	0.000000	0.000000
909.999026	bound_ecolipol	1893.000000	0.000000	0.000000
909.999026	bound_ribosome	100.000000	0.000000	0.000000
909.999026	ecoli_genome	107.000000	0.000000	0.000000
909.999026	ecoli_transcript	68675.000000	0.000000	0.000000
909.999026	ecolipol	42.000000	0.000000	0.000000
909.999026	gene_A	28.000000	108.000000	0.000000
909.999026	gene_A*	23.000000	106.000000	0.000000
909.999026	gene_B	202.000000	642.000000	0.000000
909.999026	gene_C	134.000000	631.000000	0.000000
909.999026	gene_D	290.000000	657.000000	0.000000
909.999026	gene_E	220.000000	653.000000	0.000000
909.999026	gene_F	108.000000	434.000000	0.000000
909.999026	gene_G	25.000000	328.000000	0.039634
909.999026	gene_H	0.000000	231.000000	0.116883
909.999026	gene_J	92.000000	646.000000	0.092879
909.999026	gene_K	163.000000	633.000000	0.000000
909.999026	promoter_A	1.000000	0.000000	0.000000
909.999026	promoter_B1	0.000000	0.000000	0.000000
909.999026	promoter_D	0.000000	0.000000	0.000000
914.999067	__gene_A*_rbs	106.000000	0.000000	0.000000
914.999067	__gene_A_rbs	108.000000	0.000000	0.000000
914.999067	__gene_B_rbs	645.000000	0.000000	0.000000
914.999067	__gene_C_rbs	635.000000	0.000000	0.000000
914.999067	__gene_D_rbs	660.000000	0.000000	0.000000
914.999067	__gene_E_rbs	656.000000	0.000000	0.000000
914.999067	__gene_F_rbs	436.000000	0.000000	0.000000
914.999067	__gene_G_rbs	329.000000	0.000000	0.000000
914.999067	__gene_H_rbs	233.000000	0.000000	0.000000
914.999067	__gene_J_rbs	649.000000	0.000000	0.000000
914.999067	__gene_K_rbs	637.000000	0.000000	0.000000
914.999067	__ribosome	0.000000	0.000000	0.000000
914.999067	bound_ecolipol	1893.000000	0.000000	0.000000
914.999067	bound_ribosome	100.000000	0.000000	0.000000
914.999067	ecoli_genome	107.000000	0.000000	0.000000
914.999067	ecoli_transcript	69045.000000	0.000000	0.000000
914.999067	ecolipol	45.000000	0.000000	0.000000
914.999067	gene_A	28.000000	108.000000	0.000000
914.999067	gene_A*	23.000000	106.000000	0.000000
914.999067	gene_B	202.000000	645.000000	0.000000
914.999067	gene_C	134.000000	635.000000	0.000000
914.999067	gene_D	290.000000	660.000000	0.000000
914.999067	gene_E	220.000000	656.000000	0.000000
914.999067	gene_F	108.000000	436.000000	0.000000
914.999067	gene_G	25.000000	329.000000	0.039514
914.999067	gene_H	0.000000	233.000000	0.115880
914.999067	gene_J	92.000000	649.000000	0.092450
914.999067	gene_K	163.000000	637.000000	0.000000
914.999067	promoter_A	1.000000	0.000000	0.000000
914.999067	promoter_B1	0.000000	0.000000	0.000000
914.999067	promoter_D	0.000000	0.000000	0.000000
919.999037	__gene_A*_rbs	107.000000	0.000000	0.000000
919.999037	__gene_A_rbs	108.000000	0.000000	0.000000
919.999037	__gene_B_rbs	649.000000	0.000000	0.000000
919.999037	__gene_C_rbs	638.000000	0.000000	0.000000
919.999037	__gene_D_rbs	664.000000	0.000000	0.000000
919.999037	__gene_E_rbs	660.000000	0.000000	0.000000
919.999037	__gene_F_rbs	438.000000	0.000000	0.000000
919.999037	__gene_G_rbs	329.000000	0.000000	0.000000
919.999037	__gene_H_rbs	235.000000	0.000000	0.000000
919.999037	__gene_J_rbs	653.000000	0.000000	0.000000
919.999037	__gene_K_rbs	640.000000	0.000000	0.000000
919.999037	__ribosome	0.000000	0.000000	0.000000
919.999037	bound_ecolipol	1895.000000	0.000000	0.000000
919.999037	bound_ribosome	100.000000	0.000000	0.000000
919.999037	ecoli_genome	105.000000	0.000000	0.000000
919.999037	ecoli_transcript	69398.000000	0.000000	0.000000
919.999037	ecolipol	45.000000	0.000000	0.000000
919.999037	gene_A	28.000000	108.000000	0.000000
919.999037	gene_A*	23.000000	107.000000	0.000000
919.999037	gene_B	202.000000	649.000000	0.000000
919.999037	gene_C	134.000000	638.000000	0.000000
919.999037	gene_D	290.000000	664.000000	0.000000
919.999037	gene_E	220.000000	660.000000	0.000000
919.999037	gene_F	108.000000	438.000000	0.000000
919.999037	gene_G	25.000000	329.000000	0.039514
919.999037	gene_H	0.000000	235.000000	0.114894
919.999037	gene_J	92.000000	653.000000	0.091884
919.999037	gene_K	163.000000	640.000000	0.000000
919.999037	promoter_A	1.000000	0.000000	0.000000
919.999037	promoter_B1	0.000000	0.000000	0.000000
919.999037	promoter_D	0.000000	0.000000	0.000000
924.999020	__gene_A*_rbs	108.000000	0.000000	0.000000
924.999020	__gene_A_rbs	108.000000	0.000000	0.000000
924.999020	__gene_B_rbs	652.000000	0.000000	0.000000
924.999020	__gene_C_rbs	642.000000	0.000000	0.000000
924.999020	__gene_D_rbs	667.000000	0.000000	0.000000
924.999020	__gene_E_rbs	663.000000	0.000000	0.000000
924.999020	__gene_F_rbs	440.000000	0.000000	0.000000
924.999020	__gene_G_rbs	330.000000	0.000000	0.000000
924.999020	__gene_H_rbs	237.000000	0.000000	0.000000
924.999020	__gene_J_rbs	657.000000	0.000000	0.000000
924.999020	__gene_K_rbs	644.000000	0.000000	0.000000
924.999020	__ribosome	0.000000	0.000000	0.000000
924.999020	bound_ecolipol	1891.000000	0.000000	0.000000
924.999020	bound_ribosome	100.000000	0.000000	0.000000
924.999020	ecoli_genome	109.000000	0.000000	0.000000
924.999020	ecoli_transcript	69814.000000	0.000000	0.000000
924.999020	ecolipol	47.000000	0.000000	0.000000
924.999020	gene_A	28.000000	108.000000	0.000000
924.999020	gene_A*	23.000000	108.000000	0.000000
924.999020	gene_B	202.000000	652.000000	0.000000
924.999020	gene_C	134.000000	642.000000	0.000000
924.999020	gene_D	290.000000	667.000000	0.000000
924.999020	gene_E	220.000000	663.000000	0.000000
924.999020	gene_F	108.000000	440.000000	0.000000
924.999020	gene_G	25.000000	330.000000	0.039394
924.999020	gene_H	0.000000	237.000000	0.113924
924.999020	gene_J	92.000000	657.000000	0.091324
924.999020	gene_K	163.000000	644.000000	0.000000
924.999020	promoter_A	1.000000	0.000000	0.000000
924.999020	promoter_B1	0.000000	0.000000	0.000000
924.999020	promoter_D	0.000000	0.000000	0.000000
929.999033	__gene_A*_rbs	108.000000	0.000000	0.000000
929.999033	__gene_A_rbs	109.000000	0.000000	0.000000
929.999033	__gene_B_rbs	656.000000	0.000000	0.000000
929.999033	__gene_C_rbs	646.000000	0.000000	0.000000
929.999033	__gene_D_rbs	671.000000	0.000000	0.000000
929.999033	__gene_E_rbs	667.000000	0.000000	0.000000
929.999033	__gene_F_rbs	443.000000	0.000000	0.000000
929.999033	__gene_G_rbs	331.000000	0.000000	0.000000
929.999033	__gene_H_rbs	237.000000	0.000000	0.000000
929.999033	__gene_J_rbs	661.000000	0.000000	0.000000
929.999033	__gene_K_rbs	648.000000	0.000000	0.000000
929.999033	__ribosome	0.000000	0.000000	0.000000
929.999033	bound_ecolipol	1901.000000	0.000000	0.000000
929.999033	bound_ribosome	100.000000	0.000000	0.000000
929.999033	ecoli_genome	99.000000	0.000000	0.000000
929.999033	ecoli_transcript	70162.000000	0.000000	0.000000
929.999033	ecolipol	36.000000	0.000000	0.000000
929.999033	gene_A	28.000000	109.000000	0.000000
929.999033	gene_A*	23.000000	108.000000	0.000000
929.999033	gene_B	202.000000	656.000000	0.000000
929.999033	gene_C	134.000000	646.000000	0.000000
929.999033	gene_D	290.000000	671.000000	0.000000
929.999033	gene_E	220.000000	667.000000	0.000000
929.999033	gene_F	108.000000	443.000000	0.000000
929.999033	gene_G	25.000000	331.000000	0.039275
929.999033	gene_H	0.000000	237.000000	0.113924
929.999033	gene_J	92.000000	661.000000	0.090772
929.999033	gene_K	163.000000	648.000000	0.000000
929.999033	promoter_A	1.000000	0.000000	0.000000
929.999033	promoter_B1	0.000000	0.000000	0.000000
929.999033	promoter_D	0.000000	0.000000	0.000000
934.999024	__gene_A*_rbs	108.000000	0.000000	0.000000
934.999024	__gene_A_rbs	109.000000	0.000000	0.000000
934.999024	__gene_B_rbs	659.000000	0.000000	0.000000
934.999024	__gene_C_rbs	650.000000	0.000000	0.000000
934.999024	__gene_D_rbs	674.000000	0.000000	0.000000
934.999024	__gene_E_rbs	670.000000	0.000000	0.000000
934.999024	__gene_F_rbs	445.000000	0.000000	0.000000
934.999024	__gene_G_rbs	332.000000	0.000000	0.000000
934.999024	__gene_H_rbs	238.000000	0.000000	0.000000
934.999024	__gene_J_rbs	664.000000	0.000000	0.000000
934.999024	__gene_K_rbs	652.000000	0.000000	0.000000
934.999024	__ribosome	0.000000	0.000000	0.000000
934.999024	bound_ecolipol	1889.000000	0.000000	0.000000
934.999024	bound_ribosome	100.000000	0.000000	0.000000
934.999024	ecoli_genome	111.000000	0.000000	0.000000
934.999024	ecoli_transcript	70554.000000	0.000000	0.000000
934.999024	ecolipol	46.000000	0.000000	0.000000
934.999024	gene_A	28.000000	109.000000	0.000000
934.999024	gene_A*	23.000000	108.000000	0.000000
934.999024	gene_B	202.000000	659.000000	0.000000
934.999024	gene_C	134.000000	650.000000	0.000000
934.999024	gene_D	290.000000	674.000000	0.000000
934.999024	gene_E	220.000000	670.000000	0.000000
934.999024	gene_F	108.000000	445.000000	0.000000
934.999024	gene_G	25.000000	332.000000	0.039157
934.999024	gene_H	0.000000	238.000000	0.113445
934.999024	gene_J	92.000000	664.000000	0.090361
934.999024	gene_K	163.000000	652.000000	0.000000
934.999024	promoter_A	1.000000	0.000000	0.000000
934.999024	promoter_B1	0.000000	0.000000	0.000000
934.999024	promoter_D	0.000000	0.000000	0.000000
939.999162	__gene_A*_rbs	108.000000	0.000000	0.000000
939.999162	__gene_A_rbs	110.000000	0.000000	0.000000
939.999162	__gene_B_rbs	663.000000	0.000000	0.000000
939.999162	__gene_C_rbs	653.000000	0.000000	0.000000
939.999162	__gene_D_rbs	678.000000	0.000000	0.000000
939.999162	__gene_E_rbs	674.000000	0.000000	0.000000
939.999162	__gene_F_rbs	447.000000	0.000000	0.000000
939.999162	__gene_G_rbs	334.000000	0.000000	0.000000
939.999162	__gene_H_rbs	239.000000	0.000000	0.000000
939.999162	__gene_J_rbs	667.000000	0.000000	0.000000
939.999162	__gene_K_rbs	655.000000	0.000000	0.000000
939.999162	__ribosome	0.000000	0.000000	0.000000
939.999162	bound_ecolipol	1899.000000	0.000000	0.000000
939.999162	bound_ribosome	100.000000	0.000000	0.000000
939.999162	ecoli_genome	101.000000	0.000000	0.000000
939.999162	ecoli_transcript	70923.000000	0.000000	0.000000
939.999162	ecolipol	34.000000	0.000000	0.000000
939.999162	gene_A	28.000000	110.000000	0.000000
939.999162	gene_A*	23.000000	108.000000	0.000000
939.999162	gene_B	202.000000	663.000000	0.000000
939.999162	gene_C	134.000000	653.000000	0.000000
939.999162	gene_D	290.000000	678.000000	0.000000
939.999162	gene_E	220.000000	674.000000	0.000000
939.999162	gene_F	108.000000	447.000000	0.000000
939.999162	gene_G	25.000000	334.000000	0.038922
939.999162	gene_H	0.000000	239.000000	0.112971
939.999162	gene_J	92.000000	667.000000	0.089955
939.999162	gene_K	163.000000	655.000000	0.000000
939.999162	promoter_A	1.000000	0.000000	0.000000
939.999162	promoter_B1	0.000000	0.000000	0.000000
939.999162	promoter_D	0.000000	0.000000	0.000000
944.999200	__gene_A*_rbs	109.000000	0.000000	0.000000
944.999200	__gene_A_rbs	110.000000	0.000000	0.000000
944.999200	__gene_B_rbs	667.000000	0.000000	0.000000
944.999200	__gene_C_rbs	657.000000	0.000000	0.000000
944.999200	__gene_D_rbs	681.000000	0.000000	0.000000
944.999200	__gene_E_rbs	678.000000	0.000000	0.000000
944.999200	__gene_F_rbs	451.000000	0.000000	0.000000
944.999200	__gene_G_rbs	336.000000	0.000000	0.000000
944.999200	__gene_H_rbs	240.000000	0.000000	0.000000
944.999200	__gene_J_rbs	671.000000	0.000000	0.000000
944.999200	__gene_K_rbs	659.000000	0.000000	0.000000
944.999200	__ribosome	0.000000	0.000000	0.000000
944.999200	bound_ecolipol	1878.000000	0.000000	0.000000
944.999200	bound_ribosome	100.000000	0.000000	0.000000
944.999200	ecoli_genome	122.000000	0.000000	0.000000
944.999200	ecoli_transcript	71289.000000	0.000000	0.000000
944.999200	ecolipol	53.000000	0.000000	0.000000
944.999200	gene_A	28.000000	110.000000	0.000000
944.999200	gene_A*	23.000000	109.000000	0.000000
944.999200	gene_B	202.000000	667.000000	0.000000
944.999200	gene_C	134.000000	657.000000	0.000000
944.999200	gene_D	290.000000	681.000000	0.000000
944.999200	gene_E	220.000000	678.000000	0.000000
944.999200	gene_F	108.000000	451.000000	0.000000
944.999200	gene_G	25.000000	336.000000	0.038690
944.999200	gene_H	0.000000	240.000000	0.112500
944.999200	gene_J	92.000000	671.000000	0.089419
944.999200	gene_K	163.000000	659.000000	0.000000
944.999200	promoter_A	1.000000	0.000000	0.000000
944.999200	promoter_B1	0.000000	0.000000	0.000000
944.999200	promoter_D	0.000000	0.000000	0.000000
949.999028	__gene_A*_rbs	109.000000	0.000000	0.000000
949.999028	__gene_A_rbs	110.000000	0.000000	0.000000
949.999028	__gene_B_rbs	671.000000	0.000000	0.000000
949.999028	__gene_C_rbs	660.000000	0.000000	0.000000
949.999028	__gene_D_rbs	685.000000	0.000000	0.000000
949.999028	__gene_E_rbs	681.000000	0.000000	0.000000
949.999028	__gene_F_rbs	453.000000	0.000000	0.000000
949.999028	__gene_G_rbs	339.000000	0.000000	0.000000
949.999028	__gene_H_rbs	241.000000	0.000000	0.000000
949.999028	__gene_J_rbs	674.000000	0.000000	0.000000
949.999028	__gene_K_rbs	662.000000	0.000000	0.000000
949.999028	__ribosome	0.000000	0.000000	0.000000
949.999028	bound_ecolipol	1888.000000	0.000000	0.000000
949.999028	bound_ribosome	100.000000	0.000000	0.000000
949.999028	ecoli_genome	112.000000	0.000000	0.000000
949.999028	ecoli_transcript	71663.000000	0.000000	0.000000
949.999028	ecolipol	41.000000	0.000000	0.000000
949.999028	gene_A	28.000000	110.000000	0.000000
949.999028	gene_A*	23.000000	109.000000	0.000000
949.999028	gene_B	202.000000	671.000000	0.000000
949.999028	gene_C	134.000000	660.000000	0.000000
949.999028	gene_D	290.000000	685.000000	0.000000
949.999028	gene_E	220.000000	681.000000	0.000000
949.999028	gene_F	108.000000	453.000000	0.000000
949.999028	gene_G	25.000000	339.000000	0.038348
949.999028	gene_H	0.000000	241.000000	0.112033
949.999028	gene_J	92.000000	674.000000	0.089021
949.999028	gene_K	163.000000	662.000000	0.000000
949.999028	promoter_A	1.000000	0.000000	0.000000
949.999028	promoter_B1	0.000000	0.000000	0.000000
949.999028	promoter_D	0.000000	0.000000	0.000000
954.999108	__gene_A*_rbs	110.000000	0.000000	0.000000
954.999108	__gene_A_rbs	110.000000	0.000000	0.000000
954.999108	__gene_B_rbs	675.000000	0.000000	0.000000
954.999108	__gene_C_rbs	664.000000	0.000000	0.000000
954.999108	__gene_D_rbs	689.000000	0.000000	0.000000
954.999108	__gene_E_rbs	685.000000	0.000000	0.000000
954.999108	__gene_F_rbs	454.000000	0.000000	0.000000
954.999108	__gene_G_rbs	341.000000	0.000000	0.000000
954.999108	__gene_H_rbs	242.000000	0.000000	0.000000
954.999108	__gene_J_rbs	678.000000	0.000000	0.000000
954.999108	__gene_K_rbs	666.000000	0.000000	0.000000
954.999108	__ribosome	0.000000	0.000000	0.000000
954.999108	bound_ecolipol	1888.000000	0.000000	0.000000
954.999108	bound_ribosome	100.000000	0.000000	0.000000
954.999108	ecoli_genome	112.000000	0.000000	0.000000
954.999108	ecoli_transcript	72044.000000	0.000000	0.000000
954.999108	ecolipol	43.000000	0.000000	0.000000
954.999108	gene_A	28.000000	110.000000	0.000000
954.999108	gene_A*	23.000000	110.000000	0.000000
954.999108	gene_B	202.000000	675.000000	0.000000
954.999108	gene_C	134.000000	664.000000	0.000000
954.999108	gene_D	290.000000	689.000000	0.000000
954.999108	gene_E	220.000000	685.000000	0.000000
954.999108	gene_F	108.000000	454.000000	0.000000
954.999108	gene_G	25.000000	341.000000	0.038123
954.999108	gene_H	0.000000	242.000000	0.111570
954.999108	gene_J	92.000000	678.000000	0.088496
954.999108	gene_K	163.000000	666.000000	0.000000
954.999108	promoter_A	1.000000	0.000000	0.000000
954.999108	promoter_B1	0.000000	0.000000	0.000000
954.999108	promoter_D	0.000000	0.000000	0.000000
959.999068	__gene_A*_rbs	110.000000	0.000000	0.000000
959.999068	__gene_A_rbs	111.000000	0.000000	0.000000
959.999068	__gene_B_rbs	679.000000	0.000000	0.000000
959.999068	__gene_C_rbs	667.000000	0.000000	0.000000
959.999068	__gene_D_rbs	693.000000	0.000000	0.000000
959.999068	__gene_E_rbs	689.000000	0.000000	0.000000
959.999068	__gene_F_rbs	457.000000	0.000000	0.000000
959.999068	__gene_G_rbs	344.000000	0.000000	0.000000
959.999068	__gene_H_rbs	244.000000	0.000000	0.000000
959.999068	__gene_J_rbs	681.000000	0.000000	0.000000
959.999068	__gene_K_rbs	670.000000	0.000000	0.000000
959.999068	__ribosome	0.000000	0.000000	0.000000
959.999068	bound_ecolipol	1879.000000	0.000000	0.000000
959.999068	bound_ribosome	100.000000	0.000000	0.000000
959.999068	ecoli_genome	121.000000	0.000000	0.000000
959.999068	ecoli_transcript	72406.000000	0.000000	0.000000
959.999068	ecolipol	49.000000	0.000000	0.000000
959.999068	gene_A	28.000000	111.000000	0.000000
959.999068	gene_A*	23.000000	110.000000	0.000000
959.999068	gene_B	202.000000	679.000000	0.000000
959.999068	gene_C	134.000000	667.000000	0.000000
959.999068	gene_D	290.000000	693.000000	0.000000
959.999068	gene_E	220.000000	689.000000	0.000000
959.999068	gene_F	108.000000	457.000000	0.000000
959.999068	gene_G	25.000000	344.000000	0.037791
959.999068	gene_H	0.000000	244.000000	0.110656
959.999068	gene_J	92.000000	681.000000	0.088106
959.999068	gene_K	163.000000	670.000000	0.000000
959.999068	promoter_A	0.000000	0.000000	0.000000
959.999068	promoter_B1	0.000000	0.000000	0.000000
959.999068	promoter_D	0.000000	0.000000	0.000000
964.999317	__gene_A*_rbs	110.000000	0.000000	0.000000
964.999317	__gene_A_rbs	111.000000	0.000000	0.000000
964.999317	__gene_B_rbs	682.000000	0.000000	0.000000
964.999317	__gene_C_rbs	671.000000	0.000000	0.000000
964.999317	__gene_D_rbs	696.000000	0.000000	0.000000
964.999317	__gene_E_rbs	692.000000	0.000000	0.000000
964.999317	__gene_F_rbs	461.000000	0.000000	0.000000
964.999317	__gene_G_rbs	346.000000	0.000000	0.000000
964.999317	__gene_H_rbs	245.000000	0.000000	0.000000
964.999317	__gene_J_rbs	686.000000	0.000000	0.000000
964.999317	__gene_K_rbs	674.000000	0.000000	0.000000
964.999317	__ribosome	0.000000	0.000000	0.000000
964.999317	bound_ecolipol	1883.000000	0.000000	0.000000
964.999317	bound_ribosome	100.000000	0.000000	0.000000
964.999317	ecoli_genome	117.000000	0.000000	0.000000
964.999317	ecoli_transcript	72760.000000	0.000000	0.000000
964.999317	ecolipol	44.000000	0.000000	0.000000
964.999317	gene_A	28.000000	111.000000	0.000000
964.999317	gene_A*	23.000000	110.000000	0.000000
964.999317	gene_B	202.000000	682.000000	0.000000
964.999317	gene_C	134.000000	671.000000	0.000000
964.999317	gene_D	290.000000	696.000000	0.000000
964.999317	gene_E	220.000000	692.000000	0.000000
964.999317	gene_F	108.000000	461.000000	0.000000
964.999317	gene_G	25.000000	346.000000	0.037572
964.999317	gene_H	0.000000	245.000000	0.110204
964.999317	gene_J	92.000000	686.000000	0.087464
964.999317	gene_K	163.000000	674.000000	0.000000
964.999317	promoter_A	1.000000	0.000000	0.000000
964.999317	promoter_B1	0.000000	0.000000	0.000000
964.999317	promoter_D	0.000000	0.000000	0.000000
969.999245	__gene_A*_rbs	110.000000	0.000000	0.000000
969.999245	__gene_A_rbs	112.000000	0.000000	0.000000
969.999245	__gene_B_rbs	686.000000	0.000000	0.000000
969.999245	__gene_C_rbs	675.000000	0.000000	0.000000
969.999245	__gene_D_rbs	700.000000	0.000000	0.000000
969.999245	__gene_E_rbs	696.000000	0.000000	0.000000
969.999245	__gene_F_rbs	465.000000	0.000000	0.000000
969.999245	__gene_G_rbs	349.000000	0.000000	0.000000
969.999245	__gene_H_rbs	246.000000	0.000000	0.000000
969.999245	__gene_J_rbs	689.000000	0.000000	0.000000
969.999245	__gene_K_rbs	677.000000	0.000000	0.000000
969.999245	__ribosome	0.000000	0.000000	0.000000
969.999245	bound_ecolipol	1888.000000	0.000000	0.000000
969.999245	bound_ribosome	100.000000	0.000000	0.000000
969.999245	ecoli_genome	112.000000	0.000000	0.000000
969.999245	ecoli_transcript	73137.000000	0.000000	0.000000
969.999245	ecolipol	36.000000	0.000000	0.000000
969.999245	gene_A	28.000000	112.000000	0.000000
969.999245	gene_A*	23.000000	110.000000	0.000000
969.999245	gene_B	202.000000	686.000000	0.000000
969.999245	gene_C	134.000000	675.000000	0.000000
969.999245	gene_D	290.000000	700.000000	0.000000
969.999245	gene_E	220.000000	696.000000	0.000000
969.999245	gene_F	108.000000	465.000000	0.000000
969.999245	gene_G	25.000000	349.000000	0.037249
969.999245	gene_H	0.000000	246.000000	0.109756
969.999245	gene_J	92.000000	689.000000	0.087083
969.999245	gene_K	163.000000	677.000000	0.000000
969.999245	promoter_A	1.000000	0.000000	0.000000
969.999245	promoter_B1	0.000000	0.000000	0.000000
969.999245	promoter_D	0.000000	0.000000	0.000000
974.999086	__gene_A*_rbs	111.000000	0.000000	0.000000
974.999086	__gene_A_rbs	112.000000	0.000000	0.000000
974.999086	__gene_B_rbs	690.000000	0.000000	0.000000
974.999086	__gene_C_rbs	679.000000	0.000000	0.000000
974.999086	__gene_D_rbs	703.000000	0.000000	0.000000
974.999086	__gene_E_rbs	699.000000	0.000000	0.000000
974.999086	__gene_F_rbs	469.000000	0.000000	0.000000
974.999086	__gene_G_rbs	352.000000	0.000000	0.000000
974.999086	__gene_H_rbs	248.000000	0.000000	0.000000
974.999086	__gene_J_rbs	693.000000	0.000000	0.000000
974.999086	__gene_K_rbs	681.000000	0.000000	0.000000
974.999086	__ribosome	0.000000	0.000000	0.000000
974.999086	bound_ecolipol	1881.000000	0.000000	0.000000
974.999086	bound_ribosome	100.000000	0.000000	0.000000
974.999086	ecoli_genome	119.000000	0.000000	0.000000
974.999086	ecoli_transcript	73517.000000	0.000000	0.000000
974.999086	ecolipol	43.000000	0.000000	0.000000
974.999086	gene_A	28.000000	112.000000	0.000000
974.999086	gene_A*	23.000000	111.000000	0.000000
974.999086	gene_B	202.000000	690.000000	0.000000
974.999086	gene_C	134.000000	679.000000	0.000000
974.999086	gene_D	290.000000	703.000000	0.000000
974.999086	gene_E	220.000000	699.000000	0.000000
974.999086	gene_F	108.000000	469.000000	0.000000
974.999086	gene_G	25.000000	352.000000	0.036932
974.999086	gene_H	0.000000	248.000000	0.108871
974.999086	gene_J	92.000000	693.000000	0.086580
974.999086	gene_K	163.000000	681.000000	0.000000
974.999086	promoter_A	1.000000	0.000000	0.000000
974.999086	promoter_B1	0.000000	0.000000	0.000000
974.999086	promoter_D	0.000000	0.000000	0.000000
979.999367	__gene_A*_rbs	111.000000	0.000000	0.000000
979.999367	__gene_A_rbs	113.000000	0.000000	0.000000
979.999367	__gene_B_rbs	694.000000	0.000000	0.000000
979.999367	__gene_C_rbs	682.000000	0.000000	0.000000
979.999367	__gene_D_rbs	707.000000	0.000000	0.000000
979.999367	__gene_E_rbs	703.000000	0.000000	0.000000
979.999367	__gene_F_rbs	471.000000	0.000000	0.000000
979.999367	__gene_G_rbs	353.000000	0.000000	0.000000
979.999367	__gene_H_rbs	249.000000	0.000000	0.000000
979.999367	__gene_J_rbs	697.000000	0.000000	0.000000
979.999367	__gene_K_rbs	685.000000	0.000000	0.000000
979.999367	__ribosome	0.000000	0.000000	0.000000
979.999367	bound_ecolipol	1883.000000	0.000000	0.000000
979.999367	bound_ribosome	100.000000	0.000000	0.000000
979.999367	ecoli_genome	117.000000	0.000000	0.000000
979.999367	ecoli_transcript	73872.000000	0.000000	0.000000
979.999367	ecolipol	40.000000	0.000000	0.000000
979.999367	gene_A	28.000000	113.000000	0.000000
979.999367	gene_A*	23.000000	111.000000	0.000000
979.999367	gene_B	202.000000	694.000000	0.000000
979.999367	gene_C	134.000000	682.000000	0.000000
979.999367	gene_D	290.000000	707.000000	0.000000
979.999367	gene_E	220.000000	703.000000	0.000000
979.999367	gene_F	108.000000	471.000000	0.000000
979.999367	gene_G	25.000000	353.000000	0.036827
979.999367	gene_H	0.000000	249.000000	0.108434
979.999367	gene_J	92.000000	697.000000	0.086083
979.999367	gene_K	163.000000	685.000000	0.000000
979.999367	promoter_A	0.000000	0.000000	0.000000
979.999367	promoter_B1	0.000000	0.000000	0.000000
979.999367	promoter_D	0.000000	0.000000	0.000000
984.999134	__gene_A*_rbs	112.000000	0.000000	0.000000
984.999134	__gene_A_rbs	114.000000	0.000000	0.000000
984.999134	__gene_B_rbs	697.000000	0.000000	0.000000
984.999134	__gene_C_rbs	686.000000	0.000000	0.000000
984.999134	__gene_D_rbs	711.000000	0.000000	0.000000
984.999134	__gene_E_rbs	707.000000	0.000000	0.000000
984.999134	__gene_F_rbs	472.000000	0.000000	0.000000
984.999134	__gene_G_rbs	355.000000	0.000000	0.000000
984.999134	__gene_H_rbs	251.000000	0.000000	0.000000
984.999134	__gene_J_rbs	700.000000	0.000000	0.000000
984.999134	__gene_K_rbs	688.000000	0.000000	0.000000
984.999134	__ribosome	0.000000	0.000000	0.000000
984.999134	bound_ecolipol	1888.000000	0.000000	0.000000
984.999134	bound_ribosome	100.000000	0.000000	0.000000
984.999134	ecoli_genome	112.000000	0.000000	0.000000
984.999134	ecoli_transcript	74265.000000	0.000000	0.000000
984.999134	ecolipol	38.000000	0.000000	0.000000
984.999134	gene_A	28.000000	114.000000	0.000000
984.999134	gene_A*	23.000000	112.000000	0.000000
984.999134	gene_B	202.000000	697.000000	0.000000
984.999134	gene_C	134.000000	686.000000	0.000000
984.999134	gene_D	290.000000	711.000000	0.000000
984.999134	gene_E	220.000000	707.000000	0.000000
984.999134	gene_F	108.000000	472.000000	0.000000
984.999134	gene_G	25.000000	355.000000	0.036620
984.999134	gene_H	0.000000	251.000000	0.107570
984.999134	gene_J	92.000000	700.000000	0.085714
984.999134	gene_K	163.000000	688.000000	0.000000
984.999134	promoter_A	1.000000	0.000000	0.000000
984.999134	promoter_B1	0.000000	0.000000	0.000000
984.999134	promoter_D	0.000000	0.000000	0.000000
989.999040	__gene_A*_rbs	112.000000	0.000000	0.000000
989.999040	__gene_A_rbs	114.000000	0.000000	0.000000
989.999040	__gene_B_rbs	701.000000	0.000000	0.000000
989.999040	__gene_C_rbs	690.000000	0.000000	0.000000
989.999040	__gene_D_rbs	714.000000	0.000000	0.000000
989.999040	__gene_E_rbs	710.000000	0.000000	0.000000
989.999040	__gene_F_rbs	475.000000	0.000000	0.000000
989.999040	__gene_G_rbs	357.000000	0.000000	0.000000
989.999040	__gene_H_rbs	254.000000	0.000000	0.000000
989.999040	__gene_J_rbs	704.000000	0.000000	0.000000
989.999040	__gene_K_rbs	692.000000	0.000000	0.000000
989.999040	__ribosome	0.000000	0.000000	0.000000
989.999040	bound_ecolipol	1882.000000	0.000000	0.000000
989.999040	bound_ribosome	100.000000	0.000000	0.000000
989.999040	ecoli_genome	118.000000	0.000000	0.000000
989.999040	ecoli_transcript	74676.000000	0.000000	0.000000
989.999040	ecolipol	44.000000	0.000000	0.000000
989.999040	gene_A	28.000000	114.000000	0.000000
989.999040	gene_A*	23.000000	112.000000	0.000000
989.999040	gene_B	202.000000	701.000000	0.000000
989.999040	gene_C	134.000000	690.000000	0.000000
989.999040	gene_D	290.000000	714.000000	0.000000
989.999040	gene_E	220.000000	710.000000	0.000000
989.999040	gene_F	108.000000	475.000000	0.000000
989.999040	gene_G	25.000000	357.000000	0.036415
989.999040	gene_H	0.000000	254.000000	0.106299
989.999040	gene_J	92.000000	704.000000	0.085227
989.999040	gene_K	163.000000	692.000000	0.000000
989.999040	promoter_A	1.000000	0.000000	0.000000
989.999040	promoter_B1	0.000000	0.000000	0.000000
989.999040	promoter_D	0.000000	0.000000	0.000000
994.999060	__gene_A*_rbs	113.000000	0.000000	0.000000
994.999060	__gene_A_rbs	114.000000	0.000000	0.000000
994.999060	__gene_B_rbs	704.000000	0.000000	0.000000
994.999060	__gene_C_rbs	693.000000	0.000000	0.000000
994.999060	__gene_D_rbs	718.000000	0.000000	0.000000
994.999060	__gene_E_rbs	714.000000	0.000000	0.000000
994.999060	__gene_F_rbs	477.000000	0.000000	0.000000
994.999060	__gene_G_rbs	358.000000	0.000000	0.000000
994.999060	__gene_H_rbs	255.000000	0.000000	0.000000
994.999060	__gene_J_rbs	707.000000	0.000000	0.000000
994.999060	__gene_K_rbs	695.000000	0.000000	0.000000
994.999060	__ribosome	0.000000	0.000000	0.000000
994.999060	bound_ecolipol	1881.000000	0.000000	0.000000
994.999060	bound_ribosome	100.000000	0.000000	0.000000
994.999060	ecoli_genome	119.000000	0.000000	0.000000
994.999060	ecoli_transcript	75051.000000	0.000000	0.000000
994.999060	ecolipol	44.000000	0.000000	0.000000
994.999060	gene_A	28.000000	114.000000	0.000000
994.999060	gene_A*	23.000000	113.000000	0.000000
994.999060	gene_B	202.000000	704.000000	0.000000
994.999060	gene_C	134.000000	693.000000	0.000000
994.999060	gene_D	290.000000	718.000000	0.000000
994.999060	gene_E	220.000000	714.000000	0.000000
994.999060	gene_F	108.000000	477.000000	0.000000
994.999060	gene_G	25.000000	358.000000	0.036313
994.999060	gene_H	0.000000	255.000000	0.105882
994.999060	gene_J	92.000000	707.000000	0.084866
994.999060	gene_K	163.000000	695.000000	0.000000
994.999060	promoter_A	1.000000	0.000000	0.000000
994.999060	promoter_B1	0.000000	0.000000	0.000000
994.999060	promoter_D	0.000000	0.000000	0.000000
999.999072	__gene_A*_rbs	114.000000	0.000000	0.000000
999.999072	__gene_A_rbs	114.000000	0.000000	0.000000
999.999072	__gene_B_rbs	707.000000	0.000000	0.000000
999.999072	__gene_C_rbs	696.000000	0.000000	0.000000
999.999072	__gene_D_rbs	722.000000	0.000000	0.000000
999.999072	__gene_E_rbs	718.000000	0.000000	0.000000
999.999072	__gene_F_rbs	480.000000	0.000000	0.000000
999.999072	__gene_G_rbs	360.000000	0.000000	0.000000
999.999072	__gene_H_rbs	255.000000	0.000000	0.000000
999.999072	__gene_J_rbs	711.000000	0.000000	0.000000
999.999072	__gene_K_rbs	698.000000	0.000000	0.000000
999.999072	__ribosome	0.000000	0.000000	0.000000
999.999072	bound_ecolipol	1879.000000	0.000000	0.000000
999.999072	bound_ribosome	100.000000	0.000000	0.000000
999.999072	ecoli_genome	121.000000	0.000000	0.000000
999.999072	ecoli_transcript	75432.000000	0.000000	0.000000
999.999072	ecolipol	47.000000	0.000000	0.000000
999.999072	gene_A	28.000000	114.000000	0.000000
999.999072	gene_A*	23.000000	114.000000	0.000000
999.999072	gene_B	202.000000	707.000000	0.000000
999.999072	gene_C	134.000000	696.000000	0.000000
999.999072	gene_D	290.000000	722.000000	0.000000
999.999072	gene_E	220.000000	718.000000	0.000000
999.999072	gene_F	108.000000	480.000000	0.000000
999.999072	gene_G	25.000000	360.000000	0.036111
999.999072	gene_H	0.000000	255.000000	0.105882
999.999072	gene_J	92.000000	711.000000	0.084388
999.999072	gene_K	163.000000	698.000000	0.000000
999.999072	promoter_A	1.000000	0.000000	0.000000
999.999072	promoter_B1	0.000000	0.000000	0.000000
999.999072	promoter_D	0.000000	0.000000	0.000000
1004.999028	__gene_A*_rbs	114.000000	0.000000	0.000000
1004.999028	__gene_A_rbs	114.000000	0.000000	0.000000
1004.999028	__gene_B_rbs	711.000000	0.000000	0.000000
1004.999028	__gene_C_rbs	700.000000	0.000000	0.000000
1004.999028	__gene_D_rbs	725.000000	0.000000	0.000000
1004.999028	__gene_E_rbs	721.000000	0.000000	0.000000
1004.999028	__gene_F_rbs	483.000000	0.000000	0.000000
1004.999028	__gene_G_rbs	362.000000	0.000000	0.000000
1004.999028	__gene_H_rbs	256.000000	0.000000	0.000000
1004.999028	__gene_J_rbs	715.000000	0.000000	0.000000
1004.999028	__gene_K_rbs	702.000000	0.000000	0.000000
1004.999028	__ribosome	0.000000	0.000000	0.000000
1004.999028	bound_ecolipol	1881.000000	0.000000	0.000000
1004.999028	bound_ribosome	100.000000	0.000000	0.000000
1004.999028	ecoli_genome	119.000000	0.000000	0.000000
1004.999028	ecoli_transcript	75807.000000	0.000000	0.000000
1004.999028	ecolipol	48.000000	0.000000	0.000000
1004.999028	gene_A	28.000000	114.000000	0.000000
1004.999028	gene_A*	23.000000	114.000000	0.000000
1004.999028	gene_B	202.000000	711.000000	0.000000
1004.999028	gene_C	134.000000	700.000000	0.000000
1004.999028	gene_D	290.000000	725.000000	0.000000
1004.999028	gene_E	220.000000	721.000000	0.000000
1004.999028	gene_F	108.000000	483.000000	0.000000
1004.999028	gene_G	25.000000	362.000000	0.035912
1004.999028	gene_H	0.000000	256.000000	0.105469
1004.999028	gene_J	92.000000	715.000000	0.083916
1004.999028	gene_K	163.000000	702.000000	0.000000
1004.999028	promoter_A	1.000000	0.000000	0.000000
1004.999028	promoter_B1	0.000000	0.000000	0.000000
1004.999028	promoter_D	0.000000	0.000000	0.000000
1009.999294	__gene_A*_rbs	114.000000	0.000000	0.000000
1009.999294	__gene_A_rbs	115.000000	0.000000	0.000000
1009.999294	__gene_B_rbs	714.000000	0.000000	0.000000
1009.999294	__gene_C_rbs	704.000000	0.000000	0.000000
1009.999294	__gene_D_rbs	729.000000	0.000000	0.000000
1009.999294	__gene_E_rbs	725.000000	0.000000	0.000000
1009.999294	__gene_F_rbs	487.000000	0.000000	0.000000
1009.999294	__gene_G_rbs	363.000000	0.000000	0.000000
1009.999294	__gene_H_rbs	257.000000	0.000000	0.000000
1009.999294	__gene_J_rbs	718.000000	0.000000	0.000000
1009.999294	__gene_K_rbs	706.000000	0.000000	0.000000
1009.999294	__ribosome	0.000000	0.000000	0.000000
1009.999294	bound_ecolipol	1887.000000	0.000000	0.000000
1009.999294	bound_ribosome	100.000000	0.000000	0.000000
1009.999294	ecoli_genome	113.000000	0.000000	0.000000
1009.999294	ecoli_transcript	76175.000000	0.000000	0.000000
1009.999294	ecolipol	40.000000	0.000000	0.000000
1009.999294	gene_A	28.000000	115.000000	0.000000
1009.999294	gene_A*	23.000000	114.000000	0.000000
1009.999294	gene_B	202.000000	714.000000	0.000000
1009.999294	gene_C	134.000000	704.000000	0.000000
1009.999294	gene_D	290.000000	729.000000	0.000000
1009.999294	gene_E	220.000000	725.000000	0.000000
1009.999294	gene_F	108.000000	487.000000	0.000000
1009.999294	gene_G	25.000000	363.000000	0.035813
1009.999294	gene_H	0.000000	257.000000	0.105058
1009.999294	gene_J	92.000000	718.000000	0.083565
1009.999294	gene_K	163.000000	706.000000	0.000000
1009.999294	promoter_A	0.000000	0.000000	0.000000
1009.999294	promoter_B1	0.000000	0.000000	0.000000
1009.999294	promoter_D	0.000000	0.000000	0.000000
1014.999273	__gene_A*_rbs	114.000000	0.000000	0.000000
1014.999273	__gene_A_rbs	116.000000	0.000000	0.000000
1014.999273	__gene_B_rbs	717.000000	0.000000	0.000000
1014.999273	__gene_C_rbs	707.000000	0.000000	0.000000
1014.999273	__gene_D_rbs	733.000000	0.000000	0.000000
1014.999273	__gene_E_rbs	728.000000	0.000000	0.000000
1014.999273	__gene_F_rbs	490.000000	0.000000	0.000000
1014.999273	__gene_G_rbs	367.000000	0.000000	0.000000
1014.999273	__gene_H_rbs	259.000000	0.000000	0.000000
1014.999273	__gene_J_rbs	723.000000	0.000000	0.000000
1014.999273	__gene_K_rbs	710.000000	0.000000	0.000000
1014.999273	__ribosome	0.000000	0.000000	0.000000
1014.999273	bound_ecolipol	1883.000000	0.000000	0.000000
1014.999273	bound_ribosome	100.000000	0.000000	0.000000
1014.999273	ecoli_genome	117.000000	0.000000	0.000000
1014.999273	ecoli_transcript	76551.000000	0.000000	0.000000
1014.999273	ecolipol	42.000000	0.000000	0.000000
1014.999273	gene_A	28.000000	116.000000	0.000000
1014.999273	gene_A*	23.000000	114.000000	0.000000
1014.999273	gene_B	202.000000	717.000000	0.000000
1014.999273	gene_C	134.000000	707.000000	0.000000
1014.999273	gene_D	290.000000	733.000000	0.000000
1014.999273	gene_E	220.000000	728.000000	0.000000
1014.999273	gene_F	108.000000	490.000000	0.000000
1014.999273	gene_G	25.000000	367.000000	0.035422
1014.999273	gene_H	0.000000	259.000000	0.104247
1014.999273	gene_J	92.000000	723.000000	0.082988
1014.999273	gene_K	163.000000	710.000000	0.000000
1014.999273	promoter_A	1.000000	0.000000	0.000000
1014.999273	promoter_B1	0.000000	0.000000	0.000000
1014.999273	promoter_D	0.000000	0.000000	0.000000
1019.999676	__gene_A*_rbs	114.000000	0.000000	0.000000
1019.999676	__gene_A_rbs	116.000000	0.000000	0.000000
1019.999676	__gene_B_rbs	721.000000	0.000000	0.000000
1019.999676	__gene_C_rbs	711.000000	0.000000	0.000000
1019.999676	__gene_D_rbs	736.000000	0.000000	0.000000
1019.999676	__gene_E_rbs	732.000000	0.000000	0.000000
1019.999676	__gene_F_rbs	490.000000	0.000000	0.000000
1019.999676	__gene_G_rbs	369.000000	0.000000	0.000000
1019.999676	__gene_H_rbs	261.000000	0.000000	0.000000
1019.999676	__gene_J_rbs	726.000000	0.000000	0.000000
1019.999676	__gene_K_rbs	713.000000	0.000000	0.000000
1019.999676	__ribosome	0.000000	0.000000	0.000000
1019.999676	bound_ecolipol	1883.000000	0.000000	0.000000
1019.999676	bound_ribosome	100.000000	0.000000	0.000000
1019.999676	ecoli_genome	117.000000	0.000000	0.000000
1019.999676	ecoli_transcript	76908.000000	0.000000	0.000000
1019.999676	ecolipol	47.000000	0.000000	0.000000
1019.999676	gene_A	28.000000	116.000000	0.000000
1019.999676	gene_A*	23.000000	114.000000	0.000000
1019.999676	gene_B	202.000000	721.000000	0.000000
1019.999676	gene_C	134.000000	711.000000	0.000000
1019.999676	gene_D	290.000000	736.000000	0.000000
1019.999676	gene_E	220.000000	732.000000	0.000000
1019.999676	gene_F	108.000000	490.000000	0.000000
1019.999676	gene_G	25.000000	369.000000	0.035230
1019.999676	gene_H	0.000000	261.000000	0.103448
1019.999676	gene_J	92.000000	726.000000	0.082645
1019.999676	gene_K	163.000000	713.000000	0.000000
1019.999676	promoter_A	1.000000	0.000000	0.000000
1019.999676	promoter_B1	0.000000	0.000000	0.000000
1019.999676	promoter_D	0.000000	0.000000	0.000000
1024.999244	__gene_A*_rbs	115.000000	0.000000	0.000000
1024.999244	__gene_A_rbs	116.000000	0.000000	0.000000
1024.999244	__gene_B_rbs	725.000000	0.000000	0.000000
1024.999244	__gene_C_rbs	715.000000	0.000000	0.000000
1024.999244	__gene_D_rbs	740.000000	0.000000	0.000000
1024.999244	__gene_E_rbs	736.000000	0.000000	0.000000
1024.999244	__gene_F_rbs	492.000000	0.000000	0.000000
1024.999244	__gene_G_rbs	372.000000	0.000000	0.000000
1024.999244	__gene_H_rbs	262.000000	0.000000	0.000000
1024.999244	__gene_J_rbs	730.000000	0.000000	0.000000
1024.999244	__gene_K_rbs	716.000000	0.000000	0.000000
1024.999244	__ribosome	0.000000	0.000000	0.000000
1024.999244	bound_ecolipol	1884.000000	0.000000	0.000000
1024.999244	bound_ribosome	100.000000	0.000000	0.000000
1024.999244	ecoli_genome	116.000000	0.000000	0.000000
1024.999244	ecoli_transcript	77326.000000	0.000000	0.000000
1024.999244	ecolipol	46.000000	0.000000	0.000000
1024.999244	gene_A	28.000000	116.000000	0.000000
1024.999244	gene_A*	23.000000	115.000000	0.000000
1024.999244	gene_B	202.000000	725.000000	0.000000
1024.999244	gene_C	134.000000	715.000000	0.000000
1024.999244	gene_D	290.000000	740.000000	0.000000
1024.999244	gene_E	220.000000	736.000000	0.000000
1024.999244	gene_F	108.000000	492.000000	0.000000
1024.999244	gene_G	25.000000	372.000000	0.034946
1024.999244	gene_H	0.000000	262.000000	0.103053
1024.999244	gene_J	92.000000	730.000000	0.082192
1024.999244	gene_K	163.000000	716.000000	0.000000
1024.999244	promoter_A	1.000000	0.000000	0.000000
1024.999244	promoter_B1	0.000000	0.000000	0.000000
1024.999244	promoter_D	0.000000	0.000000	0.000000
1029.999068	__gene_A*_rbs	116.000000	0.000000	0.000000
1029.999068	__gene_A_rbs	116.000000	0.000000	0.000000
1029.999068	__gene_B_rbs	728.000000	0.000000	0.000000
1029.999068	__gene_C_rbs	718.000000	0.000000	0.000000
1029.999068	__gene_D_rbs	743.000000	0.000000	0.000000
1029.999068	__gene_E_rbs	739.000000	0.000000	0.000000
1029.999068	__gene_F_rbs	493.000000	0.000000	0.000000
1029.999068	__gene_G_rbs	373.000000	0.000000	0.000000
1029.999068	__gene_H_rbs	264.000000	0.000000	0.000000
1029.999068	__gene_J_rbs	734.000000	0.000000	0.000000
1029.999068	__gene_K_rbs	720.000000	0.000000	0.000000
1029.999068	__ribosome	0.000000	0.000000	0.000000
1029.999068	bound_ecolipol	1884.000000	0.000000	0.000000
1029.999068	bound_ribosome	100.000000	0.000000	0.000000
1029.999068	ecoli_genome	116.000000	0.000000	0.000000
1029.999068	ecoli_transcript	77694.000000	0.000000	0.000000
1029.999068	ecolipol	47.000000	0.000000	0.000000
1029.999068	gene_A	28.000000	116.000000	0.000000
1029.999068	gene_A*	23.000000	116.000000	0.000000
1029.999068	gene_B	202.000000	728.000000	0.000000
1029.999068	gene_C	134.000000	718.000000	0.000000
1029.999068	gene_D	290.000000	743.000000	0.000000
1029.999068	gene_E	220.000000	739.000000	0.000000
1029.999068	gene_F	108.000000	493.000000	0.000000
1029.999068	gene_G	25.000000	373.000000	0.034853
1029.999068	gene_H	0.000000	264.000000	0.102273
1029.999068	gene_J	92.000000	734.000000	0.081744
1029.999068	gene_K	163.000000	720.000000	0.000000
1029.999068	promoter_A	1.000000	0.000000	0.000000
1029.999068	promoter_B1	0.000000	0.000000	0.000000
1029.999068	promoter_D	0.000000	0.000000	0.000000
1034.999032	__gene_A*_rbs	116.000000	0.000000	0.000000
1034.999032	__gene_A_rbs	116.000000	0.000000	0.000000
1034.999032	__gene_B_rbs	732.000000	0.000000	0.000000
1034.999032	__gene_C_rbs	721.000000	0.000000	0.000000
1034.999032	__gene_D_rbs	747.000000	0.000000	0.000000
1034.999032	__gene_E_rbs	743.000000	0.000000	0.000000
1034.999032	__gene_F_rbs	495.000000	0.000000	0.000000
1034.999032	__gene_G_rbs	375.000000	0.000000	0.000000
1034.999032	__gene_H_rbs	266.000000	0.000000	0.000000
1034.999032	__gene_J_rbs	737.000000	0.000000	0.000000
1034.999032	__gene_K_rbs	723.000000	0.000000	0.000000
1034.999032	__ribosome	0.000000	0.000000	0.000000
1034.999032	bound_ecolipol	1886.000000	0.000000	0.000000
1034.999032	bound_ribosome	100.000000	0.000000	0.000000
1034.999032	ecoli_genome	114.000000	0.000000	0.000000
1034.999032	ecoli_transcript	78077.000000	0.000000	0.000000
1034.999032	ecolipol	46.000000	0.000000	0.000000
1034.999032	gene_A	28.000000	116.000000	0.000000
1034.999032	gene_A*	23.000000	116.000000	0.000000
1034.999032	gene_B	202.000000	732.000000	0.000000
1034.999032	gene_C	134.000000	721.000000	0.000000
1034.999032	gene_D	290.000000	747.000000	0.000000
1034.999032	gene_E	220.000000	743.000000	0.000000
1034.999032	gene_F	108.000000	495.000000	0.000000
1034.999032	gene_G	25.000000	375.000000	0.034667
1034.999032	gene_H	0.000000	266.000000	0.101504
1034.999032	gene_J	92.000000	737.000000	0.081411
1034.999032	gene_K	163.000000	723.000000	0.000000
1034.999032	promoter_A	1.000000	0.000000	0.000000
1034.999032	promoter_B1	0.000000	0.000000	0.000000
1034.999032	promoter_D	0.000000	0.000000	0.000000
1039.999084	__gene_A*_rbs	116.000000	0.000000	0.000000
1039.999084	__gene_A_rbs	116.000000	0.000000	0.000000
1039.999084	__gene_B_rbs	735.000000	0.000000	0.000000
1039.999084	__gene_C_rbs	725.000000	0.000000	0.000000
1039.999084	__gene_D_rbs	751.000000	0.000000	0.000000
1039.999084	__gene_E_rbs	747.000000	0.000000	0.000000
1039.999084	__gene_F_rbs	496.000000	0.000000	0.000000
1039.999084	__gene_G_rbs	378.000000	0.000000	0.000000
1039.999084	__gene_H_rbs	268.000000	0.000000	0.000000
1039.999084	__gene_J_rbs	740.000000	0.000000	0.000000
1039.999084	__gene_K_rbs	727.000000	0.000000	0.000000
1039.999084	__ribosome	0.000000	0.000000	0.000000
1039.999084	bound_ecolipol	1898.000000	0.000000	0.000000
1039.999084	bound_ribosome	100.000000	0.000000	0.000000
1039.999084	ecoli_genome	102.000000	0.000000	0.000000
1039.999084	ecoli_transcript	78460.000000	0.000000	0.000000
1039.999084	ecolipol	36.000000	0.000000	0.000000
1039.999084	gene_A	28.000000	116.000000	0.000000
1039.999084	gene_A*	23.000000	116.000000	0.000000
1039.999084	gene_B	202.000000	735.000000	0.000000
1039.999084	gene_C	134.000000	725.000000	0.000000
1039.999084	gene_D	290.000000	751.000000	0.000000
1039.999084	gene_E	220.000000	747.000000	0.000000
1039.999084	gene_F	108.000000	496.000000	0.000000
1039.999084	gene_G	25.000000	378.000000	0.034392
1039.999084	gene_H	0.000000	268.000000	0.100746
1039.999084	gene_J	92.000000	740.000000	0.081081
1039.999084	gene_K	163.000000	727.000000	0.000000
1039.999084	promoter_A	1.000000	0.000000	0.000000
1039.999084	promoter_B1	0.000000	0.000000	0.000000
1039.999084	promoter_D	0.000000	0.000000	0.000000
1044.999096	__gene_A*_rbs	116.000000	0.000000	0.000000
1044.999096	__gene_A_rbs	116.000000	0.000000	0.000000
1044.999096	__gene_B_rbs	739.000000	0.000000	0.000000
1044.999096	__gene_C_rbs	729.000000	0.000000	0.000000
1044.999096	__gene_D_rbs	755.000000	0.000000	0.000000
1044.999096	__gene_E_rbs	750.000000	0.000000	0.000000
1044.999096	__gene_F_rbs	498.000000	0.000000	0.000000
1044.999096	__gene_G_rbs	380.000000	0.000000	0.000000
1044.999096	__gene_H_rbs	269.000000	0.000000	0.000000
1044.999096	__gene_J_rbs	744.000000	0.000000	0.000000
1044.999096	__gene_K_rbs	731.000000	0.000000	0.000000
1044.999096	__ribosome	0.000000	0.000000	0.000000
1044.999096	bound_ecolipol	1884.000000	0.000000	0.000000
1044.999096	bound_ribosome	100.000000	0.000000	0.000000
1044.999096	ecoli_genome	116.000000	0.000000	0.000000
1044.999096	ecoli_transcript	78836.000000	0.000000	0.000000
1044.999096	ecolipol	47.000000	0.000000	0.000000
1044.999096	gene_A	28.000000	116.000000	0.000000
1044.999096	gene_A*	23.000000	116.000000	0.000000
1044.999096	gene_B	202.000000	739.000000	0.000000
1044.999096	gene_C	134.000000	729.000000	0.000000
1044.999096	gene_D	290.000000	755.000000	0.000000
1044.999096	gene_E	220.000000	750.000000	0.000000
1044.999096	gene_F	108.000000	498.000000	0.000000
1044.999096	gene_G	25.000000	380.000000	0.034211
1044.999096	gene_H	0.000000	269.000000	0.100372
1044.999096	gene_J	92.000000	744.000000	0.080645
1044.999096	gene_K	163.000000	731.000000	0.000000
1044.999096	promoter_A	0.000000	0.000000	0.000000
1044.999096	promoter_B1	0.000000	0.000000	0.000000
1044.999096	promoter_D	0.000000	0.000000	0.000000
1049.999646	__gene_A*_rbs	116.000000	0.000000	0.000000
1049.999646	__gene_A_rbs	117.000000	0.000000	0.000000
1049.999646	__gene_B_rbs	743.000000	0.000000	0.000000
1049.999646	__gene_C_rbs	732.000000	0.000000	0.000000
1049.999646	__gene_D_rbs	758.000000	0.000000	0.000000
1049.999646	__gene_E_rbs	754.000000	0.000000	0.000000
1049.999646	__gene_F_rbs	501.000000	0.000000	0.000000
1049.999646	__gene_G_rbs	383.000000	0.000000	0.000000
1049.999646	__gene_H_rbs	271.000000	0.000000	0.000000
1049.999646	__gene_J_rbs	747.000000	0.000000	0.000000
1049.999646	__gene_K_rbs	734.000000	0.000000	0.000000
1049.999646	__ribosome	0.000000	0.000000	0.000000
1049.999646	bound_ecolipol	1891.000000	0.000000	0.000000
1049.999646	bound_ribosome	100.000000	0.000000	0.000000
1049.999646	ecoli_genome	109.000000	0.000000	0.000000
1049.999646	ecoli_transcript	79189.000000	0.000000	0.000000
1049.999646	ecolipol	40.000000	0.000000	0.000000
1049.999646	gene_A	28.000000	117.000000	0.000000
1049.999646	gene_A*	23.000000	116.000000	0.000000
1049.999646	gene_B	202.000000	743.000000	0.000000
1049.999646	gene_C	134.000000	732.000000	0.000000
1049.999646	gene_D	290.000000	758.000000	0.000000
1049.999646	gene_E	220.000000	754.000000	0.000000
1049.999646	gene_F	108.000000	501.000000	0.000000
1049.999646	gene_G	25.000000	383.000000	0.033943
1049.999646	gene_H	0.000000	271.000000	0.099631
1049.999646	gene_J	92.000000	747.000000	0.080321
1049.999646	gene_K	163.000000	734.000000	0.000000
1049.999646	promoter_A	1.000000	0.000000	0.000000
1049.999646	promoter_B1	0.000000	0.000000	0.000000
1049.999646	promoter_D	0.000000	0.000000	0.000000
1054.999011	__gene_A*_rbs	116.000000	0.000000	0.000000
1054.999011	__gene_A_rbs	117.000000	0.000000	0.000000
1054.999011	__gene_B_rbs	746.000000	0.000000	0.000000
1054.999011	__gene_C_rbs	736.000000	0.000000	0.000000
1054.999011	__gene_D_rbs	762.000000	0.000000	0.000000
1054.999011	__gene_E_rbs	757.000000	0.000000	0.000000
1054.999011	__gene_F_rbs	503.000000	0.000000	0.000000
1054.999011	__gene_G_rbs	385.000000	0.000000	0.000000
1054.999011	__gene_H_rbs	273.000000	0.000000	0.000000
1054.999011	__gene_J_rbs	751.000000	0.000000	0.000000
1054.999011	__gene_K_rbs	738.000000	0.000000	0.000000
1054.999011	__ribosome	0.000000	0.000000	0.000000
1054.999011	bound_ecolipol	1880.000000	0.000000	0.000000
1054.999011	bound_ribosome	100.000000	0.000000	0.000000
1054.999011	ecoli_genome	120.000000	0.000000	0.000000
1054.999011	ecoli_transcript	79552.000000	0.000000	0.000000
1054.999011	ecolipol	54.000000	0.000000	0.000000
1054.999011	gene_A	28.000000	117.000000	0.000000
1054.999011	gene_A*	23.000000	116.000000	0.000000
1054.999011	gene_B	202.000000	746.000000	0.000000
1054.999011	gene_C	134.000000	736.000000	0.000000
1054.999011	gene_D	290.000000	762.000000	0.000000
1054.999011	gene_E	220.000000	757.000000	0.000000
1054.999011	gene_F	108.000000	503.000000	0.000000
1054.999011	gene_G	25.000000	385.000000	0.033766
1054.999011	gene_H	0.000000	273.000000	0.098901
1054.999011	gene_J	92.000000	751.000000	0.079893
1054.999011	gene_K	163.000000	738.000000	0.000000
1054.999011	promoter_A	1.000000	0.000000	0.000000
1054.999011	promoter_B1	0.000000	0.000000	0.000000
1054.999011	promoter_D	0.000000	0.000000	0.000000
1059.999032	__gene_A*_rbs	116.000000	0.000000	0.000000
1059.999032	__gene_A_rbs	119.000000	0.000000	0.000000
1059.999032	__gene_B_rbs	750.000000	0.000000	0.000000
1059.999032	__gene_C_rbs	739.000000	0.000000	0.000000
1059.999032	__gene_D_rbs	766.000000	0.000000	0.000000
1059.999032	__gene_E_rbs	761.000000	0.000000	0.000000
1059.999032	__gene_F_rbs	504.000000	0.000000	0.000000
1059.999032	__gene_G_rbs	385.000000	0.000000	0.000000
1059.999032	__gene_H_rbs	274.000000	0.000000	0.000000
1059.999032	__gene_J_rbs	754.000000	0.000000	0.000000
1059.999032	__gene_K_rbs	741.000000	0.000000	0.000000
1059.999032	__ribosome	0.000000	0.000000	0.000000
1059.999032	bound_ecolipol	1889.000000	0.000000	0.000000
1059.999032	bound_ribosome	100.000000	0.000000	0.000000
1059.999032	ecoli_genome	111.000000	0.000000	0.000000
1059.999032	ecoli_transcript	79941.000000	0.000000	0.000000
1059.999032	ecolipol	44.000000	0.000000	0.000000
1059.999032	gene_A	28.000000	119.000000	0.000000
1059.999032	gene_A*	23.000000	116.000000	0.000000
1059.999032	gene_B	202.000000	750.000000	0.000000
1059.999032	gene_C	134.000000	739.000000	0.000000
1059.999032	gene_D	290.000000	766.000000	0.000000
1059.999032	gene_E	220.000000	761.000000	0.000000
1059.999032	gene_F	108.000000	504.000000	0.000000
1059.999032	gene_G	25.000000	385.000000	0.033766
1059.999032	gene_H	0.000000	274.000000	0.098540
1059.999032	gene_J	92.000000	754.000000	0.079576
1059.999032	gene_K	163.000000	741.000000	0.000000
1059.999032	promoter_A	1.000000	0.000000	0.000000
1059.999032	promoter_B1	0.000000	0.000000	0.000000
1059.999032	promoter_D	0.000000	0.000000	0.000000
1064.999439	__gene_A*_rbs	117.000000	0.000000	0.000000
1064.999439	__gene_A_rbs	120.000000	0.000000	0.000000
1064.999439	__gene_B_rbs	754.000000	0.000000	0.000000
1064.999439	__gene_C_rbs	743.000000	0.000000	0.000000
1064.999439	__gene_D_rbs	769.000000	0.000000	0.000000
1064.999439	__gene_E_rbs	765.000000	0.000000	0.000000
1064.999439	__gene_F_rbs	507.000000	0.000000	0.000000
1064.999439	__gene_G_rbs	386.000000	0.000000	0.000000
1064.999439	__gene_H_rbs	276.000000	0.000000	0.000000
1064.999439	__gene_J_rbs	758.000000	0.000000	0.000000
1064.999439	__gene_K_rbs	745.000000	0.000000	0.000000
1064.999439	__ribosome	0.000000	0.000000	0.000000
1064.999439	bound_ecolipol	1895.000000	0.000000	0.000000
1064.999439	bound_ribosome	100.000000	0.000000	0.000000
1064.999439	ecoli_genome	105.000000	0.000000	0.000000
1064.999439	ecoli_transcript	80290.000000	0.000000	0.000000
1064.999439	ecolipol	36.000000	0.000000	0.000000
1064.999439	gene_A	28.000000	120.000000	0.000000
1064.999439	gene_A*	23.000000	117.000000	0.000000
1064.999439	gene_B	202.000000	754.000000	0.000000
1064.999439	gene_C	134.000000	743.000000	0.000000
1064.999439	gene_D	290.000000	769.000000	0.000000
1064.999439	gene_E	220.000000	765.000000	0.000000
1064.999439	gene_F	108.000000	507.000000	0.000000
1064.999439	gene_G	25.000000	386.000000	0.033679
1064.999439	gene_H	0.000000	276.000000	0.097826
1064.999439	gene_J	92.000000	758.000000	0.079156
1064.999439	gene_K	163.000000	745.000000	0.000000
1064.999439	promoter_A	1.000000	0.000000	0.000000
1064.999439	promoter_B1	0.000000	0.000000	0.000000
1064.999439	promoter_D	0.000000	0.000000	0.000000
1069.999484	__gene_A*_rbs	117.000000	0.000000	0.000000
1069.999484	__gene_A_rbs	120.000000	0.000000	0.000000
1069.999484	__gene_B_rbs	757.000000	0.000000	0.000000
1069.999484	__gene_C_rbs	747.000000	0.000000	0.000000
1069.999484	__gene_D_rbs	773.000000	0.000000	0.000000
1069.999484	__gene_E_rbs	768.000000	0.000000	0.000000
1069.999484	__gene_F_rbs	510.000000	0.000000	0.000000
1069.999484	__gene_G_rbs	388.000000	0.000000	0.000000
1069.999484	__gene_H_rbs	278.000000	0.000000	0.000000
1069.999484	__gene_J_rbs	761.000000	0.000000	0.000000
1069.999484	__gene_K_rbs	749.000000	0.000000	0.000000
1069.999484	__ribosome	0.000000	0.000000	0.000000
1069.999484	bound_ecolipol	1875.000000	0.000000	0.000000
1069.999484	bound_ribosome	100.000000	0.000000	0.000000
1069.999484	ecoli_genome	125.000000	0.000000	0.000000
1069.999484	ecoli_transcript	80663.000000	0.000000	0.000000
1069.999484	ecolipol	54.000000	0.000000	0.000000
1069.999484	gene_A	28.000000	120.000000	0.000000
1069.999484	gene_A*	23.000000	117.000000	0.000000
1069.999484	gene_B	202.000000	757.000000	0.000000
1069.999484	gene_C	134.000000	747.000000	0.000000
1069.999484	gene_D	290.000000	773.000000	0.000000
1069.999484	gene_E	220.000000	768.000000	0.000000
1069.999484	gene_F	108.000000	510.000000	0.000000
1069.999484	gene_G	25.000000	388.000000	0.033505
1069.999484	gene_H	0.000000	278.000000	0.097122
1069.999484	gene_J	92.000000	761.000000	0.078844
1069.999484	gene_K	163.000000	749.000000	0.000000
1069.999484	promoter_A	1.000000	0.000000	0.000000
1069.999484	promoter_B1	0.000000	0.000000	0.000000
1069.999484	promoter_D	0.000000	0.000000	0.000000
1074.999019	__gene_A*_rbs	119.000000	0.000000	0.000000
1074.999019	__gene_A_rbs	120.000000	0.000000	0.000000
1074.999019	__gene_B_rbs	761.000000	0.000000	0.000000
1074.999019	__gene_C_rbs	751.000000	0.000000	0.000000
1074.999019	__gene_D_rbs	777.000000	0.000000	0.000000
1074.999019	__gene_E_rbs	772.000000	0.000000	0.000000
1074.999019	__gene_F_rbs	513.000000	0.000000	0.000000
1074.999019	__gene_G_rbs	390.000000	0.000000	0.000000
1074.999019	__gene_H_rbs	278.000000	0.000000	0.000000
1074.999019	__gene_J_rbs	765.000000	0.000000	0.000000
1074.999019	__gene_K_rbs	753.000000	0.000000	0.000000
1074.999019	__ribosome	0.000000	0.000000	0.000000
1074.999019	bound_ecolipol	1887.000000	0.000000	0.000000
1074.999019	bound_ribosome	100.000000	0.000000	0.000000
1074.999019	ecoli_genome	113.000000	0.000000	0.000000
1074.999019	ecoli_transcript	81028.000000	0.000000	0.000000
1074.999019	ecolipol	41.000000	0.000000	0.000000
1074.999019	gene_A	28.000000	120.000000	0.000000
1074.999019	gene_A*	23.000000	119.000000	0.000000
1074.999019	gene_B	202.000000	761.000000	0.000000
1074.999019	gene_C	134.000000	751.000000	0.000000
1074.999019	gene_D	290.000000	777.000000	0.000000
1074.999019	gene_E	220.000000	772.000000	0.000000
1074.999019	gene_F	108.000000	513.000000	0.000000
1074.999019	gene_G	25.000000	390.000000	0.033333
1074.999019	gene_H	0.000000	278.000000	0.097122
1074.999019	gene_J	92.000000	765.000000	0.078431
1074.999019	gene_K	163.000000	753.000000	0.000000
1074.999019	promoter_A	1.000000	0.000000	0.000000
1074.999019	promoter_B1	0.000000	0.000000	0.000000
1074.999019	promoter_D	0.000000	0.000000	0.000000
1079.999014	__gene_A*_rbs	120.000000	0.000000	0.000000
1079.999014	__gene_A_rbs	120.000000	0.000000	0.000000
1079.999014	__gene_B_rbs	765.000000	0.000000	0.000000
1079.999014	__gene_C_rbs	754.000000	0.000000	0.000000
1079.999014	__gene_D_rbs	780.000000	0.000000	0.000000
1079.999014	__gene_E_rbs	776.000000	0.000000	0.000000
1079.999014	__gene_F_rbs	517.000000	0.000000	0.000000
1079.999014	__gene_G_rbs	391.000000	0.000000	0.000000
1079.999014	__gene_H_rbs	279.000000	0.000000	0.000000
1079.999014	__gene_J_rbs	769.000000	0.000000	0.000000
1079.999014	__gene_K_rbs	756.000000	0.000000	0.000000
1079.999014	__ribosome	0.000000	0.000000	0.000000
1079.999014	bound_ecolipol	1880.000000	0.000000	0.000000
1079.999014	bound_ribosome	100.000000	0.000000	0.000000
1079.999014	ecoli_genome	120.000000	0.000000	0.000000
1079.999014	ecoli_transcript	81400.000000	0.000000	0.000000
1079.999014	ecolipol	48.000000	0.000000	0.000000
1079.999014	gene_A	28.000000	120.000000	0.000000
1079.999014	gene_A*	23.000000	120.000000	0.000000
1079.999014	gene_B	202.000000	765.000000	0.000000
1079.999014	gene_C	134.000000	754.000000	0.000000
1079.999014	gene_D	290.000000	780.000000	0.000000
1079.999014	gene_E	220.000000	776.000000	0.000000
1079.999014	gene_F	108.000000	517.000000	0.000000
1079.999014	gene_G	25.000000	391.000000	0.033248
1079.999014	gene_H	0.000000	279.000000	0.096774
1079.999014	gene_J	92.000000	769.000000	0.078023
1079.999014	gene_K	163.000000	756.000000	0.000000
1079.999014	promoter_A	1.000000	0.000000	0.000000
1079.999014	promoter_B1	0.000000	0.000000	0.000000
1079.999014	promoter_D	0.000000	0.000000	0.000000
1084.999503	__gene_A*_rbs	120.000000	0.000000	0.000000
1084.999503	__gene_A_rbs	120.000000	0.000000	0.000000
1084.999503	__gene_B_rbs	768.000000	0.000000	0.000000
1084.999503	__gene_C_rbs	758.000000	0.000000	0.000000
1084.999503	__gene_D_rbs	784.000000	0.000000	0.000000
1084.999503	__gene_E_rbs	780.000000	0.000000	0.000000
1084.999503	__gene_F_rbs	520.000000	0.000000	0.000000
1084.999503	__gene_G_rbs	393.000000	0.000000	0.000000
1084.999503	__gene_H_rbs	280.000000	0.000000	0.000000
1084.999503	__gene_J_rbs	772.000000	0.000000	0.000000
1084.999503	__gene_K_rbs	760.000000	0.000000	0.000000
1084.999503	__ribosome	0.000000	0.000000	0.000000
1084.999503	bound_ecolipol	1886.000000	0.000000	0.000000
1084.999503	bound_ribosome	100.000000	0.000000	0.000000
1084.999503	ecoli_genome	114.000000	0.000000	0.000000
1084.999503	ecoli_transcript	81782.000000	0.000000	0.000000
1084.999503	ecolipol	44.000000	0.000000	0.000000
1084.999503	gene_A	28.000000	120.000000	0.000000
1084.999503	gene_A*	23.000000	120.000000	0.000000
1084.999503	gene_B	202.000000	768.000000	0.000000
1084.999503	gene_C	134.000000	758.000000	0.000000
1084.999503	gene_D	290.000000	784.000000	0.000000
1084.999503	gene_E	220.000000	780.000000	0.000000
1084.999503	gene_F	108.000000	520.000000	0.000000
1084.999503	gene_G	25.000000	393.000000	0.033079
1084.999503	gene_H	0.000000	280.000000	0.096429
1084.999503	gene_J	92.000000	772.000000	0.077720
1084.999503	gene_K	163.000000	760.000000	0.000000
1084.999503	promoter_A	1.000000	0.000000	0.000000
1084.999503	promoter_B1	0.000000	0.000000	0.000000
1084.999503	promoter_D	0.000000	0.000000	0.000000
1089.999041	__gene_A*_rbs	120.000000	0.000000	0.000000
1089.999041	__gene_A_rbs	120.000000	0.000000	0.000000
1089.999041	__gene_B_rbs	772.000000	0.000000	0.000000
1089.999041	__gene_C_rbs	762.000000	0.000000	0.000000
1089.999041	__gene_D_rbs	788.000000	0.000000	0.000000
1089.999041	__gene_E_rbs	783.000000	0.000000	0.000000
1089.999041	__gene_F_rbs	522.000000	0.000000	0.000000
1089.999041	__gene_G_rbs	396.000000	0.000000	0.000000
1089.999041	__gene_H_rbs	282.000000	0.000000	0.000000
1089.999041	__gene_J_rbs	776.000000	0.000000	0.000000
1089.999041	__gene_K_rbs	764.000000	0.000000	0.000000
1089.999041	__ribosome	0.000000	0.000000	0.000000
1089.999041	bound_ecolipol	1879.000000	0.000000	0.000000
1089.999041	bound_ribosome	100.000000	0.000000	0.000000
1089.999041	ecoli_genome	121.000000	0.000000	0.000000
1089.999041	ecoli_transcript	82160.000000	0.000000	0.000000
1089.999041	ecolipol	51.000000	0.000000	0.000000
1089.999041	gene_A	28.000000	120.000000	0.000000
1089.999041	gene_A*	23.000000	120.000000	0.000000
1089.999041	gene_B	202.000000	772.000000	0.000000
1089.999041	gene_C	134.000000	762.000000	0.000000
1089.999041	gene_D	290.000000	788.000000	0.000000
1089.999041	gene_E	220.000000	783.000000	0.000000
1089.999041	gene_F	108.000000	522.000000	0.000000
1089.999041	gene_G	25.000000	396.000000	0.032828
1089.999041	gene_H	0.000000	282.000000	0.095745
1089.999041	gene_J	92.000000	776.000000	0.077320
1089.999041	gene_K	163.000000	764.000000	0.000000
1089.999041	promoter_A	1.000000	0.000000	0.000000
1089.999041	promoter_B1	0.000000	0.000000	0.000000
1089.999041	promoter_D	0.000000	0.000000	0.000000
1094.999159	__gene_A*_rbs	120.000000	0.000000	0.000000
1094.999159	__gene_A_rbs	120.000000	0.000000	0.000000
1094.999159	__gene_B_rbs	775.000000	0.000000	0.000000
1094.999159	__gene_C_rbs	765.000000	0.000000	0.000000
1094.999159	__gene_D_rbs	791.000000	0.000000	0.000000
1094.999159	__gene_E_rbs	786.000000	0.000000	0.000000
1094.999159	__gene_F_rbs	525.000000	0.000000	0.000000
1094.999159	__gene_G_rbs	398.000000	0.000000	0.000000
1094.999159	__gene_H_rbs	283.000000	0.000000	0.000000
1094.999159	__gene_J_rbs	779.000000	0.000000	0.000000
1094.999159	__gene_K_rbs	767.000000	0.000000	0.000000
1094.999159	__ribosome	0.000000	0.000000	0.000000
1094.999159	bound_ecolipol	1900.000000	0.000000	0.000000
1094.999159	bound_ribosome	100.000000	0.000000	0.000000
1094.999159	ecoli_genome	100.000000	0.000000	0.000000
1094.999159	ecoli_transcript	82528.000000	0.000000	0.000000
1094.999159	ecolipol	29.000000	0.000000	0.000000
1094.999159	gene_A	28.000000	120.000000	0.000000
1094.999159	gene_A*	23.000000	120.000000	0.000000
1094.999159	gene_B	202.000000	775.000000	0.000000
1094.999159	gene_C	134.000000	765.000000	0.000000
1094.999159	gene_D	290.000000	791.000000	0.000000
1094.999159	gene_E	220.000000	786.000000	0.000000
1094.999159	gene_F	108.000000	525.000000	0.000000
1094.999159	gene_G	25.000000	398.000000	0.032663
1094.999159	gene_H	0.000000	283.000000	0.095406
1094.999159	gene_J	92.000000	779.000000	0.077022
1094.999159	gene_K	163.000000	767.000000	0.000000
1094.999159	promoter_A	1.000000	0.000000	0.000000
1094.999159	promoter_B1	0.000000	0.000000	0.000000
1094.999159	promoter_D	0.000000	0.000000	0.000000
1099.999249	__gene_A*_rbs	120.000000	0.000000	0.000000
1099.999249	__gene_A_rbs	121.000000	0.000000	0.000000
1099.999249	__gene_B_rbs	779.000000	0.000000	0.000000
1099.999249	__gene_C_rbs	769.000000	0.000000	0.000000
1099.999249	__gene_D_rbs	795.000000	0.000000	0.000000
1099.999249	__gene_E_rbs	790.000000	0.000000	0.000000
1099.999249	__gene_F_rbs	528.000000	0.000000	0.000000
1099.999249	__gene_G_rbs	399.000000	0.000000	0.000000
1099.999249	__gene_H_rbs	284.000000	0.000000	0.000000
1099.999249	__gene_J_rbs	783.000000	0.000000	0.000000
1099.999249	__gene_K_rbs	771.000000	0.000000	0.000000
1099.999249	__ribosome	0.000000	0.000000	0.000000
1099.999249	bound_ecolipol	1874.000000	0.000000	0.000000
1099.999249	bound_ribosome	100.000000	0.000000	0.000000
1099.999249	ecoli_genome	126.000000	0.000000	0.000000
1099.999249	ecoli_transcript	82919.000000	0.000000	0.000000
1099.999249	ecolipol	54.000000	0.000000	0.000000
1099.999249	gene_A	28.000000	121.000000	0.000000
1099.999249	gene_A*	23.000000	120.000000	0.000000
1099.999249	gene_B	202.000000	779.000000	0.000000
1099.999249	gene_C	134.000000	769.000000	0.000000
1099.999249	gene_D	290.000000	795.000000	0.000000
1099.999249	gene_E	220.000000	790.000000	0.000000
1099.999249	gene_F	108.000000	528.000000	0.000000
1099.999249	gene_G	25.000000	399.000000	0.032581
1099.999249	gene_H	0.000000	284.000000	0.095070
1099.999249	gene_J	92.000000	783.000000	0.076628
1099.999249	gene_K	163.000000	771.000000	0.000000
1099.999249	promoter_A	1.000000	0.000000	0.000000
1099.999249	promoter_B1	0.000000	0.000000	0.000000
1099.999249	promoter_D	0.000000	0.000000	0.000000
1104.999138	__gene_A*_rbs	120.000000	0.000000	0.000000
1104.999138	__gene_A_rbs	121.000000	0.000000	0.000000
1104.999138	__gene_B_rbs	782.000000	0.000000	0.000000
1104.999138	__gene_C_rbs	773.000000	0.000000	0.000000
1104.999138	__gene_D_rbs	798.000000	0.000000	0.000000
1104.999138	__gene_E_rbs	794.000000	0.000000	0.000000
1104.999138	__gene_F_rbs	530.000000	0.000000	0.000000
1104.999138	__gene_G_rbs	402.000000	0.000000	0.000000
1104.999138	__gene_H_rbs	285.000000	0.000000	0.000000
1104.999138	__gene_J_rbs	787.000000	0.000000	0.000000
1104.999138	__gene_K_rbs	775.000000	0.000000	0.000000
1104.999138	__ribosome	0.000000	0.000000	0.000000
1104.999138	bound_ecolipol	1876.000000	0.000000	0.000000
1104.999138	bound_ribosome	100.000000	0.000000	0.000000
1104.999138	ecoli_genome	124.000000	0.000000	0.000000
1104.999138	ecoli_transcript	83315.000000	0.000000	0.000000
1104.999138	ecolipol	52.000000	0.000000	0.000000
1104.999138	gene_A	28.000000	121.000000	0.000000
1104.999138	gene_A*	23.000000	120.000000	0.000000
1104.999138	gene_B	202.000000	782.000000	0.000000
1104.999138	gene_C	134.000000	773.000000	0.000000
1104.999138	gene_D	290.000000	798.000000	0.000000
1104.999138	gene_E	220.000000	794.000000	0.000000
1104.999138	gene_F	108.000000	530.000000	0.000000
1104.999138	gene_G	25.000000	402.000000	0.032338
1104.999138	gene_H	0.000000	285.000000	0.094737
1104.999138	gene_J	92.000000	787.000000	0.076239
1104.999138	gene_K	163.000000	775.000000	0.000000
1104.999138	promoter_A	1.000000	0.000000	0.000000
1104.999138	promoter_B1	0.000000	0.000000	0.000000
1104.999138	promoter_D	0.000000	0.000000	0.000000
1109.999040	__gene_A*_rbs	120.000000	0.000000	0.000000
1109.999040	__gene_A_rbs	121.000000	0.000000	0.000000
1109.999040	__gene_B_rbs	786.000000	0.000000	0.000000
1109.999040	__gene_C_rbs	776.000000	0.000000	0.000000
1109.999040	__gene_D_rbs	802.000000	0.000000	0.000000
1109.999040	__gene_E_rbs	797.000000	0.000000	0.000000
1109.999040	__gene_F_rbs	533.000000	0.000000	0.000000
1109.999040	__gene_G_rbs	404.000000	0.000000	0.000000
1109.999040	__gene_H_rbs	286.000000	0.000000	0.000000
1109.999040	__gene_J_rbs	790.000000	0.000000	0.000000
1109.999040	__gene_K_rbs	778.000000	0.000000	0.000000
1109.999040	__ribosome	0.000000	0.000000	0.000000
1109.999040	bound_ecolipol	1885.000000	0.000000	0.000000
1109.999040	bound_ribosome	100.000000	0.000000	0.000000
1109.999040	ecoli_genome	115.000000	0.000000	0.000000
1109.999040	ecoli_transcript	83724.000000	0.000000	0.000000
1109.999040	ecolipol	40.000000	0.000000	0.000000
1109.999040	gene_A	28.000000	121.000000	0.000000
1109.999040	gene_A*	23.000000	120.000000	0.000000
1109.999040	gene_B	202.000000	786.000000	0.000000
1109.999040	gene_C	134.000000	776.000000	0.000000
1109.999040	gene_D	290.000000	802.000000	0.000000
1109.999040	gene_E	220.000000	797.000000	0.000000
1109.999040	gene_F	108.000000	533.000000	0.000000
1109.999040	gene_G	25.000000	404.000000	0.032178
1109.999040	gene_H	0.000000	286.000000	0.094406
1109.999040	gene_J	92.000000	790.000000	0.075949
1109.999040	gene_K	163.000000	778.000000	0.000000
1109.999040	promoter_A	1.000000	0.000000	0.000000
1109.999040	promoter_B1	0.000000	0.000000	0.000000
1109.999040	promoter_D	0.000000	0.000000	0.000000
1114.999184	__gene_A*_rbs	121.000000	0.000000	0.000000
1114.999184	__gene_A_rbs	122.000000	0.000000	0.000000
1114.999184	__gene_B_rbs	790.000000	0.000000	0.000000
1114.999184	__gene_C_rbs	780.000000	0.000000	0.000000
1114.999184	__gene_D_rbs	805.000000	0.000000	0.000000
1114.999184	__gene_E_rbs	801.000000	0.000000	0.000000
1114.999184	__gene_F_rbs	535.000000	0.000000	0.000000
1114.999184	__gene_G_rbs	406.000000	0.000000	0.000000
1114.999184	__gene_H_rbs	287.000000	0.000000	0.000000
1114.999184	__gene_J_rbs	794.000000	0.000000	0.000000
1114.999184	__gene_K_rbs	782.000000	0.000000	0.000000
1114.999184	__ribosome	0.000000	0.000000	0.000000
1114.999184	bound_ecolipol	1881.000000	0.000000	0.000000
1114.999184	bound_ribosome	100.000000	0.000000	0.000000
1114.999184	ecoli_genome	119.000000	0.000000	0.000000
1114.999184	ecoli_transcript	84102.000000	0.000000	0.000000
1114.999184	ecolipol	45.000000	0.000000	0.000000
1114.999184	gene_A	28.000000	122.000000	0.000000
1114.999184	gene_A*	23.000000	121.000000	0.000000
1114.999184	gene_B	202.000000	790.000000	0.000000
1114.999184	gene_C	134.000000	780.000000	0.000000
1114.999184	gene_D	290.000000	805.000000	0.000000
1114.999184	gene_E	220.000000	801.000000	0.000000
1114.999184	gene_F	108.000000	535.000000	0.000000
1114.999184	gene_G	25.000000	406.000000	0.032020
1114.999184	gene_H	0.000000	287.000000	0.094077
1114.999184	gene_J	92.000000	794.000000	0.075567
1114.999184	gene_K	163.000000	782.000000	0.000000
1114.999184	promoter_A	0.000000	0.000000	0.000000
1114.999184	promoter_B1	0.000000	0.000000	0.000000
1114.999184	promoter_D	0.000000	0.000000	0.000000
1119.999109	__gene_A*_rbs	121.000000	0.000000	0.000000
1119.999109	__gene_A_rbs	123.000000	0.000000	0.000000
1119.999109	__gene_B_rbs	794.000000	0.000000	0.000000
1119.999109	__gene_C_rbs	783.000000	0.000000	0.000000
1119.999109	__gene_D_rbs	809.000000	0.000000	0.000000
1119.999109	__gene_E_rbs	805.000000	0.000000	0.000000
1119.999109	__gene_F_rbs	537.000000	0.000000	0.000000
1119.999109	__gene_G_rbs	409.000000	0.000000	0.000000
1119.999109	__gene_H_rbs	289.000000	0.000000	0.000000
1119.999109	__gene_J_rbs	798.000000	0.000000	0.000000
1119.999109	__gene_K_rbs	785.000000	0.000000	0.000000
1119.999109	__ribosome	0.000000	0.000000	0.000000
1119.999109	bound_ecolipol	1881.000000	0.000000	0.000000
1119.999109	bound_ribosome	100.000000	0.000000	0.000000
1119.999109	ecoli_genome	119.000000	0.000000	0.000000
1119.999109	ecoli_transcript	84457.000000	0.000000	0.000000
1119.999109	ecolipol	43.000000	0.000000	0.000000
1119.999109	gene_A	28.000000	123.000000	0.000000
1119.999109	gene_A*	23.000000	121.000000	0.000000
1119.999109	gene_B	202.000000	794.000000	0.000000
1119.999109	gene_C	134.000000	783.000000	0.000000
1119.999109	gene_D	290.000000	809.000000	0.000000
1119.999109	gene_E	220.000000	805.000000	0.000000
1119.999109	gene_F	108.000000	537.000000	0.000000
1119.999109	gene_G	25.000000	409.000000	0.031785
1119.999109	gene_H	0.000000	289.000000	0.093426
1119.999109	gene_J	92.000000	798.000000	0.075188
1119.999109	gene_K	163.000000	785.000000	0.000000
1119.999109	promoter_A	1.000000	0.000000	0.000000
1119.999109	promoter_B1	0.000000	0.000000	0.000000
1119.999109	promoter_D	0.000000	0.000000	0.000000
1124.999029	__gene_A*_rbs	121.000000	0.000000	0.000000
1124.999029	__gene_A_rbs	123.000000	0.000000	0.000000
1124.999029	__gene_B_rbs	797.000000	0.000000	0.000000
1124.999029	__gene_C_rbs	787.000000	0.000000	0.000000
1124.999029	__gene_D_rbs	813.000000	0.000000	0.000000
1124.999029	__gene_E_rbs	809.000000	0.000000	0.000000
1124.999029	__gene_F_rbs	540.000000	0.000000	0.000000
1124.999029	__gene_G_rbs	411.000000	0.000000	0.000000
1124.999029	__gene_H_rbs	292.000000	0.000000	0.000000
1124.999029	__gene_J_rbs	801.000000	0.000000	0.000000
1124.999029	__gene_K_rbs	789.000000	0.000000	0.000000
1124.999029	__ribosome	0.000000	0.000000	0.000000
1124.999029	bound_ecolipol	1889.000000	0.000000	0.000000
1124.999029	bound_ribosome	100.000000	0.000000	0.000000
1124.999029	ecoli_genome	111.000000	0.000000	0.000000
1124.999029	ecoli_transcript	84804.000000	0.000000	0.000000
1124.999029	ecolipol	36.000000	0.000000	0.000000
1124.999029	gene_A	28.000000	123.000000	0.000000
1124.999029	gene_A*	23.000000	121.000000	0.000000
1124.999029	gene_B	202.000000	797.000000	0.000000
1124.999029	gene_C	134.000000	787.000000	0.000000
1124.999029	gene_D	290.000000	813.000000	0.000000
1124.999029	gene_E	220.000000	809.000000	0.000000
1124.999029	gene_F	108.000000	540.000000	0.000000
1124.999029	gene_G	25.000000	411.000000	0.031630
1124.999029	gene_H	0.000000	292.000000	0.092466
1124.999029	gene_J	92.000000	801.000000	0.074906
1124.999029	gene_K	163.000000	789.000000	0.000000
1124.999029	promoter_A	1.000000	0.000000	0.000000
1124.999029	promoter_B1	0.000000	0.000000	0.000000
1124.999029	promoter_D	0.000000	0.000000	0.000000
1129.999094	__gene_A*_rbs	122.000000	0.000000	0.000000
1129.999094	__gene_A_rbs	124.000000	0.000000	0.000000
1129.999094	__gene_B_rbs	800.000000	0.000000	0.000000
1129.999094	__gene_C_rbs	791.000000	0.000000	0.000000
1129.999094	__gene_D_rbs	817.000000	0.000000	0.000000
1129.999094	__gene_E_rbs	812.000000	0.000000	0.000000
1129.999094	__gene_F_rbs	541.000000	0.000000	0.000000
1129.999094	__gene_G_rbs	415.000000	0.000000	0.000000
1129.999094	__gene_H_rbs	293.000000	0.000000	0.000000
1129.999094	__gene_J_rbs	805.000000	0.000000	0.000000
1129.999094	__gene_K_rbs	793.000000	0.000000	0.000000
1129.999094	__ribosome	0.000000	0.000000	0.000000
1129.999094	bound_ecolipol	1874.000000	0.000000	0.000000
1129.999094	bound_ribosome	100.000000	0.000000	0.000000
1129.999094	ecoli_genome	126.000000	0.000000	0.000000
1129.999094	ecoli_transcript	85180.000000	0.000000	0.000000
1129.999094	ecolipol	49.000000	0.000000	0.000000
1129.999094	gene_A	28.000000	124.000000	0.000000
1129.999094	gene_A*	23.000000	122.000000	0.000000
1129.999094	gene_B	202.000000	800.000000	0.000000
1129.999094	gene_C	134.000000	791.000000	0.000000
1129.999094	gene_D	290.000000	817.000000	0.000000
1129.999094	gene_E	220.000000	812.000000	0.000000
1129.999094	gene_F	108.000000	541.000000	0.000000
1129.999094	gene_G	25.000000	415.000000	0.031325
1129.999094	gene_H	0.000000	293.000000	0.092150
1129.999094	gene_J	92.000000	805.000000	0.074534
1129.999094	gene_K	163.000000	793.000000	0.000000
1129.999094	promoter_A	1.000000	0.000000	0.000000
1129.999094	promoter_B1	0.000000	0.000000	0.000000
1129.999094	promoter_D	0.000000	0.000000	0.000000
1134.999040	__gene_A*_rbs	123.000000	0.000000	0.000000
1134.999040	__gene_A_rbs	125.000000	0.000000	0.000000
1134.999040	__gene_B_rbs	804.000000	0.000000	0.000000
1134.999040	__gene_C_rbs	794.000000	0.000000	0.000000
1134.999040	__gene_D_rbs	820.000000	0.000000	0.000000
1134.999040	__gene_E_rbs	816.000000	0.000000	0.000000
1134.999040	__gene_F_rbs	544.000000	0.000000	0.000000
1134.999040	__gene_G_rbs	417.000000	0.000000	0.000000
1134.999040	__gene_H_rbs	296.000000	0.000000	0.000000
1134.999040	__gene_J_rbs	808.000000	0.000000	0.000000
1134.999040	__gene_K_rbs	796.000000	0.000000	0.000000
1134.999040	__ribosome	0.000000	0.000000	0.000000
1134.999040	bound_ecolipol	1879.000000	0.000000	0.000000
1134.999040	bound_ribosome	100.000000	0.000000	0.000000
1134.999040	ecoli_genome	121.000000	0.000000	0.000000
1134.999040	ecoli_transcript	85544.000000	0.000000	0.000000
1134.999040	ecolipol	41.000000	0.000000	0.000000
1134.999040	gene_A	28.000000	125.000000	0.000000
1134.999040	gene_A*	23.000000	123.000000	0.000000
1134.999040	gene_B	202.000000	804.000000	0.000000
1134.999040	gene_C	134.000000	794.000000	0.000000
1134.999040	gene_D	290.000000	820.000000	0.000000
1134.999040	gene_E	220.000000	816.000000	0.000000
1134.999040	gene_F	108.000000	544.000000	0.000000
1134.999040	gene_G	25.000000	417.000000	0.031175
1134.999040	gene_H	0.000000	296.000000	0.091216
1134.999040	gene_J	92.000000	808.000000	0.074257
1134.999040	gene_K	163.000000	796.000000	0.000000
1134.999040	promoter_A	0.000000	0.000000	0.000000
1134.999040	promoter_B1	0.000000	0.000000	0.000000
1134.999040	promoter_D	0.000000	0.000000	0.000000
1139.999002	__gene_A*_rbs	123.000000	0.000000	0.000000
1139.999002	__gene_A_rbs	126.000000	0.000000	0.000000
1139.999002	__gene_B_rbs	807.000000	0.000000	0.000000
1139.999002	__gene_C_rbs	798.000000	0.000000	0.000000
1139.999002	__gene_D_rbs	824.000000	0.000000	0.000000
1139.999002	__gene_E_rbs	819.000000	0.000000	0.000000
1139.999002	__gene_F_rbs	548.000000	0.000000	0.000000
1139.999002	__gene_G_rbs	419.000000	0.000000	0.000000
1139.999002	__gene_H_rbs	297.000000	0.000000	0.000000
1139.999002	__gene_J_rbs	812.000000	0.000000	0.000000
1139.999002	__gene_K_rbs	800.000000	0.000000	0.000000
1139.999002	__ribosome	0.000000	0.000000	0.000000
1139.999002	bound_ecolipol	1872.000000	0.000000	0.000000
1139.999002	bound_ribosome	100.000000	0.000000	0.000000
1139.999002	ecoli_genome	128.000000	0.000000	0.000000
1139.999002	ecoli_transcript	85925.000000	0.000000	0.000000
1139.999002	ecolipol	47.000000	0.000000	0.000000
1139.999002	gene_A	28.000000	126.000000	0.000000
1139.999002	gene_A*	23.000000	123.000000	0.000000
1139.999002	gene_B	202.000000	807.000000	0.000000
1139.999002	gene_C	134.000000	798.000000	0.000000
1139.999002	gene_D	290.000000	824.000000	0.000000
1139.999002	gene_E	220.000000	819.000000	0.000000
1139.999002	gene_F	108.000000	548.000000	0.000000
1139.999002	gene_G	25.000000	419.000000	0.031026
1139.999002	gene_H	0.000000	297.000000	0.090909
1139.999002	gene_J	92.000000	812.000000	0.073892
1139.999002	gene_K	163.000000	800.000000	0.000000
1139.999002	promoter_A	1.000000	0.000000	0.000000
1139.999002	promoter_B1	0.000000	0.000000	0.000000
1139.999002	promoter_D	0.000000	0.000000	0.000000
1144.999235	__gene_A*_rbs	124.000000	0.000000	0.000000
1144.999235	__gene_A_rbs	126.000000	0.000000	0.000000
1144.999235	__gene_B_rbs	811.000000	0.000000	0.000000
1144.999235	__gene_C_rbs	802.000000	0.000000	0.000000
1144.999235	__gene_D_rbs	828.000000	0.000000	0.000000
1144.999235	__gene_E_rbs	823.000000	0.000000	0.000000
1144.999235	__gene_F_rbs	551.000000	0.000000	0.000000
1144.999235	__gene_G_rbs	422.000000	0.000000	0.000000
1144.999235	__gene_H_rbs	301.000000	0.000000	0.000000
1144.999235	__gene_J_rbs	816.000000	0.000000	0.000000
1144.999235	__gene_K_rbs	803.000000	0.000000	0.000000
1144.999235	__ribosome	0.000000	0.000000	0.000000
1144.999235	bound_ecolipol	1873.000000	0.000000	0.000000
1144.999235	bound_ribosome	100.000000	0.000000	0.000000
1144.999235	ecoli_genome	127.000000	0.000000	0.000000
1144.999235	ecoli_transcript	86303.000000	0.000000	0.000000
1144.999235	ecolipol	46.000000	0.000000	0.000000
1144.999235	gene_A	28.000000	126.000000	0.000000
1144.999235	gene_A*	23.000000	124.000000	0.000000
1144.999235	gene_B	202.000000	811.000000	0.000000
1144.999235	gene_C	134.000000	802.000000	0.000000
1144.999235	gene_D	290.000000	828.000000	0.000000
1144.999235	gene_E	220.000000	823.000000	0.000000
1144.999235	gene_F	108.000000	551.000000	0.000000
1144.999235	gene_G	25.000000	422.000000	0.030806
1144.999235	gene_H	0.000000	301.000000	0.089701
1144.999235	gene_J	92.000000	816.000000	0.073529
1144.999235	gene_K	163.000000	803.000000	0.000000
1144.999235	promoter_A	1.000000	0.000000	0.000000
1144.999235	promoter_B1	0.000000	0.000000	0.000000
1144.999235	promoter_D	0.000000	0.000000	0.000000
1149.999402	__gene_A*_rbs	125.000000	0.000000	0.000000
1149.999402	__gene_A_rbs	127.000000	0.000000	0.000000
1149.999402	__gene_B_rbs	814.000000	0.000000	0.000000
1149.999402	__gene_C_rbs	805.000000	0.000000	0.000000
1149.999402	__gene_D_rbs	831.000000	0.000000	0.000000
1149.999402	__gene_E_rbs	827.000000	0.000000	0.000000
1149.999402	__gene_F_rbs	553.000000	0.000000	0.000000
1149.999402	__gene_G_rbs	424.000000	0.000000	0.000000
1149.999402	__gene_H_rbs	304.000000	0.000000	0.000000
1149.999402	__gene_J_rbs	820.000000	0.000000	0.000000
1149.999402	__gene_K_rbs	806.000000	0.000000	0.000000
1149.999402	__ribosome	0.000000	0.000000	0.000000
1149.999402	bound_ecolipol	1878.000000	0.000000	0.000000
1149.999402	bound_ribosome	100.000000	0.000000	0.000000
1149.999402	ecoli_genome	122.000000	0.000000	0.000000
1149.999402	ecoli_transcript	86701.000000	0.000000	0.000000
1149.999402	ecolipol	42.000000	0.000000	0.000000
1149.999402	gene_A	28.000000	127.000000	0.000000
1149.999402	gene_A*	23.000000	125.000000	0.000000
1149.999402	gene_B	202.000000	814.000000	0.000000
1149.999402	gene_C	134.000000	805.000000	0.000000
1149.999402	gene_D	290.000000	831.000000	0.000000
1149.999402	gene_E	220.000000	827.000000	0.000000
1149.999402	gene_F	108.000000	553.000000	0.000000
1149.999402	gene_G	25.000000	424.000000	0.030660
1149.999402	gene_H	0.000000	304.000000	0.088816
1149.999402	gene_J	92.000000	820.000000	0.073171
1149.999402	gene_K	163.000000	806.000000	0.000000
1149.999402	promoter_A	1.000000	0.000000	0.000000
1149.999402	promoter_B1	0.000000	0.000000	0.000000
1149.999402	promoter_D	0.000000	0.000000	0.000000
1154.999382	__gene_A*_rbs	126.000000	0.000000	0.000000
1154.999382	__gene_A_rbs	127.000000	0.000000	0.000000
1154.999382	__gene_B_rbs	818.000000	0.000000	0.000000
1154.999382	__gene_C_rbs	808.000000	0.000000	0.000000
1154.999382	__gene_D_rbs	835.000000	0.000000	0.000000
1154.999382	__gene_E_rbs	830.000000	0.000000	0.000000
1154.999382	__gene_F_rbs	556.000000	0.000000	0.000000
1154.999382	__gene_G_rbs	426.000000	0.000000	0.000000
1154.999382	__gene_H_rbs	306.000000	0.000000	0.000000
1154.999382	__gene_J_rbs	824.000000	0.000000	0.000000
1154.999382	__gene_K_rbs	809.000000	0.000000	0.000000
1154.999382	__ribosome	0.000000	0.000000	0.000000
1154.999382	bound_ecolipol	1881.000000	0.000000	0.000000
1154.999382	bound_ribosome	100.000000	0.000000	0.000000
1154.999382	ecoli_genome	119.000000	0.000000	0.000000
1154.999382	ecoli_transcript	87081.000000	0.000000	0.000000
1154.999382	ecolipol	39.000000	0.000000	0.000000
1154.999382	gene_A	28.000000	127.000000	0.000000
1154.999382	gene_A*	23.000000	126.000000	0.000000
1154.999382	gene_B	202.000000	818.000000	0.000000
1154.999382	gene_C	134.000000	808.000000	0.000000
1154.999382	gene_D	290.000000	835.000000	0.000000
1154.999382	gene_E	220.000000	830.000000	0.000000
1154.999382	gene_F	108.000000	556.000000	0.000000
1154.999382	gene_G	25.000000	426.000000	0.030516
1154.999382	gene_H	0.000000	306.000000	0.088235
1154.999382	gene_J	92.000000	824.000000	0.072816
1154.999382	gene_K	163.000000	809.000000	0.000000
1154.999382	promoter_A	0.000000	0.000000	0.000000
1154.999382	promoter_B1	0.000000	0.000000	0.000000
1154.999382	promoter_D	0.000000	0.000000	0.000000
1159.999149	__gene_A*_rbs	126.000000	0.000000	0.000000
1159.999149	__gene_A_rbs	128.000000	0.000000	0.000000
1159.999149	__gene_B_rbs	822.000000	0.000000	0.000000
1159.999149	__gene_C_rbs	811.000000	0.000000	0.000000
1159.999149	__gene_D_rbs	838.000000	0.000000	0.000000
1159.999149	__gene_E_rbs	834.000000	0.000000	0.000000
1159.999149	__gene_F_rbs	559.000000	0.000000	0.000000
1159.999149	__gene_G_rbs	429.000000	0.000000	0.000000
1159.999149	__gene_H_rbs	306.000000	0.000000	0.000000
1159.999149	__gene_J_rbs	828.000000	0.000000	0.000000
1159.999149	__gene_K_rbs	813.000000	0.000000	0.000000
1159.999149	__ribosome	0.000000	0.000000	0.000000
1159.999149	bound_ecolipol	1883.000000	0.000000	0.000000
1159.999149	bound_ribosome	100.000000	0.000000	0.000000
1159.999149	ecoli_genome	117.000000	0.000000	0.000000
1159.999149	ecoli_transcript	87476.000000	0.000000	0.000000
1159.999149	ecolipol	39.000000	0.000000	0.000000
1159.999149	gene_A	28.000000	128.000000	0.000000
1159.999149	gene_A*	23.000000	126.000000	0.000000
1159.999149	gene_B	202.000000	822.000000	0.000000
1159.999149	gene_C	134.000000	811.000000	0.000000
1159.999149	gene_D	290.000000	838.000000	0.000000
1159.999149	gene_E	220.000000	834.000000	0.000000
1159.999149	gene_F	108.000000	559.000000	0.000000
1159.999149	gene_G	25.000000	429.000000	0.030303
1159.999149	gene_H	0.000000	306.000000	0.088235
1159.999149	gene_J	92.000000	828.000000	0.072464
1159.999149	gene_K	163.000000	813.000000	0.000000
1159.999149	promoter_A	1.000000	0.000000	0.000000
1159.999149	promoter_B1	0.000000	0.000000	0.000000
1159.999149	promoter_D	0.000000	0.000000	0.000000
1164.999412	__gene_A*_rbs	127.000000	0.000000	0.000000
1164.999412	__gene_A_rbs	128.000000	0.000000	0.000000
1164.999412	__gene_B_rbs	825.000000	0.000000	0.000000
1164.999412	__gene_C_rbs	815.000000	0.000000	0.000000
1164.999412	__gene_D_rbs	842.000000	0.000000	0.000000
1164.999412	__gene_E_rbs	838.000000	0.000000	0.000000
1164.999412	__gene_F_rbs	563.000000	0.000000	0.000000
1164.999412	__gene_G_rbs	432.000000	0.000000	0.000000
1164.999412	__gene_H_rbs	307.000000	0.000000	0.000000
1164.999412	__gene_J_rbs	832.000000	0.000000	0.000000
1164.999412	__gene_K_rbs	817.000000	0.000000	0.000000
1164.999412	__ribosome	0.000000	0.000000	0.000000
1164.999412	bound_ecolipol	1878.000000	0.000000	0.000000
1164.999412	bound_ribosome	100.000000	0.000000	0.000000
1164.999412	ecoli_genome	122.000000	0.000000	0.000000
1164.999412	ecoli_transcript	87853.000000	0.000000	0.000000
1164.999412	ecolipol	47.000000	0.000000	0.000000
1164.999412	gene_A	28.000000	128.000000	0.000000
1164.999412	gene_A*	23.000000	127.000000	0.000000
1164.999412	gene_B	202.000000	825.000000	0.000000
1164.999412	gene_C	134.000000	815.000000	0.000000
1164.999412	gene_D	290.000000	842.000000	0.000000
1164.999412	gene_E	220.000000	838.000000	0.000000
1164.999412	gene_F	108.000000	563.000000	0.000000
1164.999412	gene_G	25.000000	432.000000	0.030093
1164.999412	gene_H	0.000000	307.000000	0.087948
1164.999412	gene_J	92.000000	832.000000	0.072115
1164.999412	gene_K	163.000000	817.000000	0.000000
1164.999412	promoter_A	1.000000	0.000000	0.000000
1164.999412	promoter_B1	0.000000	0.000000	0.000000
1164.999412	promoter_D	0.000000	0.000000	0.000000
1169.999024	__gene_A*_rbs	127.000000	0.000000	0.000000
1169.999024	__gene_A_rbs	128.000000	0.000000	0.000000
1169.999024	__gene_B_rbs	829.000000	0.000000	0.000000
1169.999024	__gene_C_rbs	818.000000	0.000000	0.000000
1169.999024	__gene_D_rbs	845.000000	0.000000	0.000000
1169.999024	__gene_E_rbs	841.000000	0.000000	0.000000
1169.999024	__gene_F_rbs	565.000000	0.000000	0.000000
1169.999024	__gene_G_rbs	433.000000	0.000000	0.000000
1169.999024	__gene_H_rbs	308.000000	0.000000	0.000000
1169.999024	__gene_J_rbs	835.000000	0.000000	0.000000
1169.999024	__gene_K_rbs	820.000000	0.000000	0.000000
1169.999024	__ribosome	0.000000	0.000000	0.000000
1169.999024	bound_ecolipol	1885.000000	0.000000	0.000000
1169.999024	bound_ribosome	100.000000	0.000000	0.000000
1169.999024	ecoli_genome	115.000000	0.000000	0.000000
1169.999024	ecoli_transcript	88204.000000	0.000000	0.000000
1169.999024	ecolipol	39.000000	0.000000	0.000000
1169.999024	gene_A	28.000000	128.000000	0.000000
1169.999024	gene_A*	23.000000	127.000000	0.000000
1169.999024	gene_B	202.000000	829.000000	0.000000
1169.999024	gene_C	134.000000	818.000000	0.000000
1169.999024	gene_D	290.000000	845.000000	0.000000
1169.999024	gene_E	220.000000	841.000000	0.000000
1169.999024	gene_F	108.000000	565.000000	0.000000
1169.999024	gene_G	25.000000	433.000000	0.030023
1169.999024	gene_H	0.000000	308.000000	0.087662
1169.999024	gene_J	92.000000	835.000000	0.071856
1169.999024	gene_K	163.000000	820.000000	0.000000
1169.999024	promoter_A	1.000000	0.000000	0.000000
1169.999024	promoter_B1	0.000000	0.000000	0.000000
1169.999024	promoter_D	0.000000	0.000000	0.000000
1174.999022	__gene_A*_rbs	128.000000	0.000000	0.000000
1174.999022	__gene_A_rbs	128.000000	0.000000	0.000000
1174.999022	__gene_B_rbs	832.000000	0.000000	0.000000
1174.999022	__gene_C_rbs	822.000000	0.000000	0.000000
1174.999022	__gene_D_rbs	848.000000	0.000000	0.000000
1174.999022	__gene_E_rbs	845.000000	0.000000	0.000000
1174.999022	__gene_F_rbs	567.000000	0.000000	0.000000
1174.999022	__gene_G_rbs	434.000000	0.000000	0.000000
1174.999022	__gene_H_rbs	310.000000	0.000000	0.000000
1174.999022	__gene_J_rbs	838.000000	0.000000	0.000000
1174.999022	__gene_K_rbs	824.000000	0.000000	0.000000
1174.999022	__ribosome	0.000000	0.000000	0.000000
1174.999022	bound_ecolipol	1894.000000	0.000000	0.000000
1174.999022	bound_ribosome	100.000000	0.000000	0.000000
1174.999022	ecoli_genome	106.000000	0.000000	0.000000
1174.999022	ecoli_transcript	88579.000000	0.000000	0.000000
1174.999022	ecolipol	35.000000	0.000000	0.000000
1174.999022	gene_A	28.000000	128.000000	0.000000
1174.999022	gene_A*	23.000000	128.000000	0.000000
1174.999022	gene_B	202.000000	832.000000	0.000000
1174.999022	gene_C	134.000000	822.000000	0.000000
1174.999022	gene_D	290.000000	848.000000	0.000000
1174.999022	gene_E	220.000000	845.000000	0.000000
1174.999022	gene_F	108.000000	567.000000	0.000000
1174.999022	gene_G	25.000000	434.000000	0.029954
1174.999022	gene_H	0.000000	310.000000	0.087097
1174.999022	gene_J	92.000000	838.000000	0.071599
1174.999022	gene_K	163.000000	824.000000	0.000000
1174.999022	promoter_A	0.000000	0.000000	0.000000
1174.999022	promoter_B1	0.000000	0.000000	0.000000
1174.999022	promoter_D	0.000000	0.000000	0.000000
1179.999177	__gene_A*_rbs	128.000000	0.000000	0.000000
1179.999177	__gene_A_rbs	130.000000	0.000000	0.000000
1179.999177	__gene_B_rbs	835.000000	0.000000	0.000000
1179.999177	__gene_C_rbs	826.000000	0.000000	0.000000
1179.999177	__gene_D_rbs	852.000000	0.000000	0.000000
1179.999177	__gene_E_rbs	848.000000	0.000000	0.000000
1179.999177	__gene_F_rbs	570.000000	0.000000	0.000000
1179.999177	__gene_G_rbs	437.000000	0.000000	0.000000
1179.999177	__gene_H_rbs	312.000000	0.000000	0.000000
1179.999177	__gene_J_rbs	842.000000	0.000000	0.000000
1179.999177	__gene_K_rbs	828.000000	0.000000	0.000000
1179.999177	__ribosome	0.000000	0.000000	0.000000
1179.999177	bound_ecolipol	1879.000000	0.000000	0.000000
1179.999177	bound_ribosome	100.000000	0.000000	0.000000
1179.999177	ecoli_genome	121.000000	0.000000	0.000000
1179.999177	ecoli_transcript	88947.000000	0.000000	0.000000
1179.999177	ecolipol	50.000000	0.000000	0.000000
1179.999177	gene_A	28.000000	130.000000	0.000000
1179.999177	gene_A*	23.000000	128.000000	0.000000
1179.999177	gene_B	202.000000	835.000000	0.000000
1179.999177	gene_C	134.000000	826.000000	0.000000
1179.999177	gene_D	290.000000	852.000000	0.000000
1179.999177	gene_E	220.000000	848.000000	0.000000
1179.999177	gene_F	108.000000	570.000000	0.000000
1179.999177	gene_G	25.000000	437.000000	0.029748
1179.999177	gene_H	0.000000	312.000000	0.086538
1179.999177	gene_J	92.000000	842.000000	0.071259
1179.999177	gene_K	163.000000	828.000000	0.000000
1179.999177	promoter_A	1.000000	0.000000	0.000000
1179.999177	promoter_B1	0.000000	0.000000	0.000000
1179.999177	promoter_D	0.000000	0.000000	0.000000
1184.999203	__gene_A*_rbs	128.000000	0.000000	0.000000
1184.999203	__gene_A_rbs	131.000000	0.000000	0.000000
1184.999203	__gene_B_rbs	839.000000	0.000000	0.000000
1184.999203	__gene_C_rbs	829.000000	0.000000	0.000000
1184.999203	__gene_D_rbs	855.000000	0.000000	0.000000
1184.999203	__gene_E_rbs	852.000000	0.000000	0.000000
1184.999203	__gene_F_rbs	572.000000	0.000000	0.000000
1184.999203	__gene_G_rbs	439.000000	0.000000	0.000000
1184.999203	__gene_H_rbs	313.000000	0.000000	0.000000
1184.999203	__gene_J_rbs	845.000000	0.000000	0.000000
1184.999203	__gene_K_rbs	831.000000	0.000000	0.000000
1184.999203	__ribosome	0.000000	0.000000	0.000000
1184.999203	bound_ecolipol	1880.000000	0.000000	0.000000
1184.999203	bound_ribosome	100.000000	0.000000	0.000000
1184.999203	ecoli_genome	120.000000	0.000000	0.000000
1184.999203	ecoli_transcript	89329.000000	0.000000	0.000000
1184.999203	ecolipol	46.000000	0.000000	0.000000
1184.999203	gene_A	28.000000	131.000000	0.000000
1184.999203	gene_A*	23.000000	128.000000	0.000000
1184.999203	gene_B	202.000000	839.000000	0.000000
1184.999203	gene_C	134.000000	829.000000	0.000000
1184.999203	gene_D	290.000000	855.000000	0.000000
1184.999203	gene_E	220.000000	852.000000	0.000000
1184.999203	gene_F	108.000000	572.000000	0.000000
1184.999203	gene_G	25.000000	439.000000	0.029613
1184.999203	gene_H	0.000000	313.000000	0.086262
1184.999203	gene_J	92.000000	845.000000	0.071006
1184.999203	gene_K	163.000000	831.000000	0.000000
1184.999203	promoter_A	1.000000	0.000000	0.000000
1184.999203	promoter_B1	0.000000	0.000000	0.000000
1184.999203	promoter_D	0.000000	0.000000	0.000000
1189.999083	__gene_A*_rbs	128.000000	0.000000	0.000000
1189.999083	__gene_A_rbs	131.000000	0.000000	0.000000
1189.999083	__gene_B_rbs	842.000000	0.000000	0.000000
1189.999083	__gene_C_rbs	834.000000	0.000000	0.000000
1189.999083	__gene_D_rbs	859.000000	0.000000	0.000000
1189.999083	__gene_E_rbs	855.000000	0.000000	0.000000
1189.999083	__gene_F_rbs	575.000000	0.000000	0.000000
1189.999083	__gene_G_rbs	442.000000	0.000000	0.000000
1189.999083	__gene_H_rbs	314.000000	0.000000	0.000000
1189.999083	__gene_J_rbs	849.000000	0.000000	0.000000
1189.999083	__gene_K_rbs	835.000000	0.000000	0.000000
1189.999083	__ribosome	0.000000	0.000000	0.000000
1189.999083	bound_ecolipol	1874.000000	0.000000	0.000000
1189.999083	bound_ribosome	100.000000	0.000000	0.000000
1189.999083	ecoli_genome	126.000000	0.000000	0.000000
1189.999083	ecoli_transcript	89729.000000	0.000000	0.000000
1189.999083	ecolipol	51.000000	0.000000	0.000000
1189.999083	gene_A	28.000000	131.000000	0.000000
1189.999083	gene_A*	23.000000	128.000000	0.000000
1189.999083	gene_B	202.000000	842.000000	0.000000
1189.999083	gene_C	134.000000	834.000000	0.000000
1189.999083	gene_D	290.000000	859.000000	0.000000
1189.999083	gene_E	220.000000	855.000000	0.000000
1189.999083	gene_F	108.000000	575.000000	0.000000
1189.999083	gene_G	25.000000	442.000000	0.029412
1189.999083	gene_H	0.000000	314.000000	0.085987
1189.999083	gene_J	92.000000	849.000000	0.070671
1189.999083	gene_K	163.000000	835.000000	0.000000
1189.999083	promoter_A	1.000000	0.000000	0.000000
1189.999083	promoter_B1	0.000000	0.000000	0.000000
1189.999083	promoter_D	0.000000	0.000000	0.000000
1194.999300	__gene_A*_rbs	130.000000	0.000000	0.000000
1194.999300	__gene_A_rbs	131.000000	0.000000	0.000000
1194.999300	__gene_B_rbs	846.000000	0.000000	0.000000
1194.999300	__gene_C_rbs	837.000000	0.000000	0.000000
1194.999300	__gene_D_rbs	863.000000	0.000000	0.000000
1194.999300	__gene_E_rbs	859.000000	0.000000	0.000000
1194.999300	__gene_F_rbs	579.000000	0.000000	0.000000
1194.999300	__gene_G_rbs	444.000000	0.000000	0.000000
1194.999300	__gene_H_rbs	315.000000	0.000000	0.000000
1194.999300	__gene_J_rbs	853.000000	0.000000	0.000000
1194.999300	__gene_K_rbs	839.000000	0.000000	0.000000
1194.999300	__ribosome	0.000000	0.000000	0.000000
1194.999300	bound_ecolipol	1886.000000	0.000000	0.000000
1194.999300	bound_ribosome	100.000000	0.000000	0.000000
1194.999300	ecoli_genome	114.000000	0.000000	0.000000
1194.999300	ecoli_transcript	90087.000000	0.000000	0.000000
1194.999300	ecolipol	39.000000	0.000000	0.000000
1194.999300	gene_A	28.000000	131.000000	0.000000
1194.999300	gene_A*	23.000000	130.000000	0.000000
1194.999300	gene_B	202.000000	846.000000	0.000000
1194.999300	gene_C	134.000000	837.000000	0.000000
1194.999300	gene_D	290.000000	863.000000	0.000000
1194.999300	gene_E	220.000000	859.000000	0.000000
1194.999300	gene_F	108.000000	579.000000	0.000000
1194.999300	gene_G	25.000000	444.000000	0.029279
1194.999300	gene_H	0.000000	315.000000	0.085714
1194.999300	gene_J	92.000000	853.000000	0.070340
1194.999300	gene_K	163.000000	839.000000	0.000000
1194.999300	promoter_A	1.000000	0.000000	0.000000
1194.999300	promoter_B1	0.000000	0.000000	0.000000
1194.999300	promoter_D	0.000000	0.000000	0.000000
1199.999255	__gene_A*_rbs	131.000000	0.000000	0.000000
1199.999255	__gene_A_rbs	131.000000	0.000000	0.000000
1199.999255	__gene_B_rbs	850.000000	0.000000	0.000000
1199.999255	__gene_C_rbs	840.000000	0.000000	0.000000
1199.999255	__gene_D_rbs	867.000000	0.000000	0.000000
1199.999255	__gene_E_rbs	863.000000	0.000000	0.000000
1199.999255	__gene_F_rbs	583.000000	0.000000	0.000000
1199.999255	__gene_G_rbs	446.000000	0.000000	0.000000
1199.999255	__gene_H_rbs	317.000000	0.000000	0.000000
1199.999255	__gene_J_rbs	856.000000	0.000000	0.000000
1199.999255	__gene_K_rbs	842.000000	0.000000	0.000000
1199.999255	__ribosome	0.000000	0.000000	0.000000
1199.999255	bound_ecolipol	1880.000000	0.000000	0.000000
1199.999255	bound_ribosome	100.000000	0.000000	0.000000
1199.999255	ecoli_genome	120.000000	0.000000	0.000000
1199.999255	ecoli_transcript	90469.000000	0.000000	0.000000
1199.999255	ecolipol	47.000000	0.000000	0.000000
1199.999255	gene_A	28.000000	131.000000	0.000000
1199.999255	gene_A*	23.000000	131.000000	0.000000
1199.999255	gene_B	202.000000	850.000000	0.000000
1199.999255	gene_C	134.000000	840.000000	0.000000
1199.999255	gene_D	290.000000	867.000000	0.000000
1199.999255	gene_E	220.000000	863.000000	0.000000
1199.999255	gene_F	108.000000	583.000000	0.000000
1199.999255	gene_G	25.000000	446.000000	0.029148
1199.999255	gene_H	0.000000	317.000000	0.085174
1199.999255	gene_J	92.000000	856.000000	0.070093
1199.999255	gene_K	163.000000	842.000000	0.000000
1199.999255	promoter_A	1.000000	0.000000	0.000000
1199.999255	promoter_B1	0.000000	0.000000	0.000000
1199.999255	promoter_D	0.000000	0.000000	0.000000
