time	species	protein	transcript	ribo_density
0.000000	__gene_A*_rbs	0.000000	0.000000	0.000000
0.000000	__gene_A_rbs	0.000000	0.000000	0.000000
0.000000	__gene_B_rbs	0.000000	0.000000	0.000000
0.000000	__gene_C_rbs	0.000000	0.000000	0.000000
0.000000	__gene_D_rbs	0.000000	0.000000	0.000000
0.000000	__gene_E_rbs	0.000000	0.000000	0.000000
0.000000	__gene_F_rbs	0.000000	0.000000	0.000000
0.000000	__gene_G_rbs	0.000000	0.000000	0.000000
0.000000	__gene_H_rbs	0.000000	0.000000	0.000000
0.000000	__gene_J_rbs	0.000000	0.000000	0.000000
0.000000	__gene_K_rbs	0.000000	0.000000	0.000000
0.000000	__ribosome	100.000000	0.000000	0.000000
0.000000	bound_ecolipol	2000.000000	0.000000	0.000000
0.000000	bound_ribosome	100.000000	0.000000	0.000000
0.000000	ecoli_genome	0.000000	0.000000	0.000000
0.000000	ecoli_transcript	0.000000	0.000000	0.000000
0.000000	ecolipol	0.000000	0.000000	0.000000
0.000000	promoter_A	1.000000	0.000000	0.000000
0.000000	promoter_B1	1.000000	0.000000	0.000000
0.000000	promoter_D	1.000000	0.000000	0.000000
4.999443	__gene_A*_rbs	0.000000	0.000000	0.000000
4.999443	__gene_A_rbs	1.000000	0.000000	0.000000
4.999443	__gene_B_rbs	0.000000	0.000000	0.000000
4.999443	__gene_C_rbs	0.000000	0.000000	0.000000
4.999443	__gene_D_rbs	0.000000	0.000000	0.000000
4.999443	__gene_E_rbs	0.000000	0.000000	0.000000
4.999443	__gene_F_rbs	0.000000	0.000000	0.000000
4.999443	__gene_G_rbs	0.000000	0.000000	0.000000
4.999443	__gene_H_rbs	0.000000	0.000000	0.000000
4.999443	__gene_J_rbs	0.000000	0.000000	0.000000
4.999443	__gene_K_rbs	0.000000	0.000000	0.000000
4.999443	__ribosome	89.000000	0.000000	0.000000
4.999443	bound_ecolipol	1930.000000	0.000000	0.000000
4.999443	bound_ribosome	100.000000	0.000000	0.000000
4.999443	ecoli_genome	70.000000	0.000000	0.000000
4.999443	ecoli_transcript	389.000000	0.000000	0.000000
4.999443	ecolipol	61.000000	0.000000	0.000000
4.999443	gene_A	0.000000	4.000000	2.750000
4.999443	promoter_A	0.000000	0.000000	0.000000
4.999443	promoter_B1	0.000000	0.000000	0.000000
4.999443	promoter_D	1.000000	0.000000	0.000000
9.999694	__gene_A*_rbs	0.000000	0.000000	0.000000
9.999694	__gene_A_rbs	5.000000	0.000000	0.000000
9.999694	__gene_B_rbs	3.000000	0.000000	0.000000
9.999694	__gene_C_rbs	0.000000	0.000000	0.000000
9.999694	__gene_D_rbs	1.000000	0.000000	0.000000
9.999694	__gene_E_rbs	0.000000	0.000000	0.000000
9.999694	__gene_F_rbs	0.000000	0.000000	0.000000
9.999694	__gene_G_rbs	0.000000	0.000000	0.000000
9.999694	__gene_H_rbs	0.000000	0.000000	0.000000
9.999694	__gene_J_rbs	0.000000	0.000000	0.000000
9.999694	__gene_K_rbs	0.000000	0.000000	0.000000
9.999694	__ribosome	59.000000	0.000000	0.000000
9.999694	bound_ecolipol	1923.000000	0.000000	0.000000
9.999694	bound_ribosome	100.000000	0.000000	0.000000
9.999694	ecoli_genome	77.000000	0.000000	0.000000
9.999694	ecoli_transcript	800.000000	0.000000	0.000000
9.999694	ecolipol	60.000000	0.000000	0.000000
9.999694	gene_A	0.000000	7.000000	4.714286
9.999694	gene_B	0.000000	3.000000	1.666667
9.999694	gene_D	0.000000	1.000000	3.000000
9.999694	promoter_A	0.000000	0.000000	0.000000
9.999694	promoter_B1	0.000000	0.000000	0.000000
9.999694	promoter_D	1.000000	0.000000	0.000000
14.999255	__gene_A*_rbs	0.000000	0.000000	0.000000
14.999255	__gene_A_rbs	11.000000	0.000000	0.000000
14.999255	__gene_B_rbs	6.000000	0.000000	0.000000
14.999255	__gene_C_rbs	0.000000	0.000000	0.000000
14.999255	__gene_D_rbs	0.000000	0.000000	0.000000
14.999255	__gene_E_rbs	0.000000	0.000000	0.000000
14.999255	__gene_F_rbs	0.000000	0.000000	0.000000
14.999255	__gene_G_rbs	0.000000	0.000000	0.000000
14.999255	__gene_H_rbs	0.000000	0.000000	0.000000
14.999255	__gene_J_rbs	0.000000	0.000000	0.000000
14.999255	__gene_K_rbs	0.000000	0.000000	0.000000
14.999255	__ribosome	22.000000	0.000000	0.000000
14.999255	bound_ecolipol	1916.000000	0.000000	0.000000
14.999255	bound_ribosome	100.000000	0.000000	0.000000
14.999255	ecoli_genome	84.000000	0.000000	0.000000
14.999255	ecoli_transcript	1191.000000	0.000000	0.000000
14.999255	ecolipol	60.000000	0.000000	0.000000
14.999255	gene_A	0.000000	11.000000	5.181818
14.999255	gene_B	0.000000	6.000000	1.833333
14.999255	gene_D	0.000000	1.000000	7.000000
14.999255	gene_E	0.000000	1.000000	3.000000
14.999255	promoter_A	0.000000	0.000000	0.000000
14.999255	promoter_B1	0.000000	0.000000	0.000000
14.999255	promoter_D	1.000000	0.000000	0.000000
19.999193	__gene_A*_rbs	0.000000	0.000000	0.000000
19.999193	__gene_A_rbs	14.000000	0.000000	0.000000
19.999193	__gene_B_rbs	9.000000	0.000000	0.000000
19.999193	__gene_C_rbs	1.000000	0.000000	0.000000
19.999193	__gene_D_rbs	1.000000	0.000000	0.000000
19.999193	__gene_E_rbs	1.000000	0.000000	0.000000
19.999193	__gene_F_rbs	0.000000	0.000000	0.000000
19.999193	__gene_G_rbs	0.000000	0.000000	0.000000
19.999193	__gene_H_rbs	0.000000	0.000000	0.000000
19.999193	__gene_J_rbs	1.000000	0.000000	0.000000
19.999193	__gene_K_rbs	1.000000	0.000000	0.000000
19.999193	__ribosome	4.000000	0.000000	0.000000
19.999193	bound_ecolipol	1911.000000	0.000000	0.000000
19.999193	bound_ribosome	100.000000	0.000000	0.000000
19.999193	ecoli_genome	89.000000	0.000000	0.000000
19.999193	ecoli_transcript	1566.000000	0.000000	0.000000
19.999193	ecolipol	57.000000	0.000000	0.000000
19.999193	gene_A	0.000000	15.000000	4.533333
19.999193	gene_A*	0.000000	3.000000	0.333333
19.999193	gene_B	1.000000	10.000000	1.700000
19.999193	gene_C	0.000000	1.000000	0.000000
19.999193	gene_D	0.000000	1.000000	7.000000
19.999193	gene_E	0.000000	1.000000	3.000000
19.999193	gene_J	0.000000	1.000000	0.000000
19.999193	gene_K	0.000000	2.000000	0.000000
19.999193	promoter_A	0.000000	0.000000	0.000000
19.999193	promoter_B1	0.000000	0.000000	0.000000
19.999193	promoter_D	1.000000	0.000000	0.000000
24.999078	__gene_A*_rbs	5.000000	0.000000	0.000000
24.999078	__gene_A_rbs	19.000000	0.000000	0.000000
24.999078	__gene_B_rbs	14.000000	0.000000	0.000000
24.999078	__gene_C_rbs	4.000000	0.000000	0.000000
24.999078	__gene_D_rbs	1.000000	0.000000	0.000000
24.999078	__gene_E_rbs	1.000000	0.000000	0.000000
24.999078	__gene_F_rbs	1.000000	0.000000	0.000000
24.999078	__gene_G_rbs	0.000000	0.000000	0.000000
24.999078	__gene_H_rbs	0.000000	0.000000	0.000000
24.999078	__gene_J_rbs	0.000000	0.000000	0.000000
24.999078	__gene_K_rbs	5.000000	0.000000	0.000000
24.999078	__ribosome	4.000000	0.000000	0.000000
24.999078	bound_ecolipol	1910.000000	0.000000	0.000000
24.999078	bound_ribosome	100.000000	0.000000	0.000000
24.999078	ecoli_genome	90.000000	0.000000	0.000000
24.999078	ecoli_transcript	1972.000000	0.000000	0.000000
24.999078	ecolipol	51.000000	0.000000	0.000000
24.999078	gene_A	0.000000	19.000000	3.894737
24.999078	gene_A*	0.000000	7.000000	0.571429
24.999078	gene_B	10.000000	14.000000	0.642857
24.999078	gene_C	0.000000	4.000000	0.000000
24.999078	gene_D	2.000000	1.000000	7.000000
24.999078	gene_E	3.000000	1.000000	0.000000
24.999078	gene_F	0.000000	1.000000	0.000000
24.999078	gene_J	0.000000	1.000000	0.000000
24.999078	gene_K	0.000000	6.000000	0.333333
24.999078	promoter_A	0.000000	0.000000	0.000000
24.999078	promoter_B1	0.000000	0.000000	0.000000
24.999078	promoter_D	0.000000	0.000000	0.000000
29.999024	__gene_A*_rbs	5.000000	0.000000	0.000000
29.999024	__gene_A_rbs	22.000000	0.000000	0.000000
29.999024	__gene_B_rbs	18.000000	0.000000	0.000000
29.999024	__gene_C_rbs	8.000000	0.000000	0.000000
29.999024	__gene_D_rbs	3.000000	0.000000	0.000000
29.999024	__gene_E_rbs	1.000000	0.000000	0.000000
29.999024	__gene_F_rbs	1.000000	0.000000	0.000000
29.999024	__gene_G_rbs	0.000000	0.000000	0.000000
29.999024	__gene_H_rbs	0.000000	0.000000	0.000000
29.999024	__gene_J_rbs	1.000000	0.000000	0.000000
29.999024	__gene_K_rbs	8.000000	0.000000	0.000000
29.999024	__ribosome	4.000000	0.000000	0.000000
29.999024	bound_ecolipol	1901.000000	0.000000	0.000000
29.999024	bound_ribosome	100.000000	0.000000	0.000000
29.999024	ecoli_genome	99.000000	0.000000	0.000000
29.999024	ecoli_transcript	2347.000000	0.000000	0.000000
29.999024	ecolipol	55.000000	0.000000	0.000000
29.999024	gene_A	0.000000	22.000000	3.590909
29.999024	gene_A*	0.000000	11.000000	0.363636
29.999024	gene_B	16.000000	18.000000	0.333333
29.999024	gene_C	0.000000	8.000000	0.125000
29.999024	gene_D	6.000000	3.000000	1.000000
29.999024	gene_E	3.000000	1.000000	0.000000
29.999024	gene_F	0.000000	1.000000	0.000000
29.999024	gene_J	0.000000	1.000000	0.000000
29.999024	gene_K	1.000000	9.000000	0.333333
29.999024	promoter_A	0.000000	0.000000	0.000000
29.999024	promoter_B1	0.000000	0.000000	0.000000
29.999024	promoter_D	0.000000	0.000000	0.000000
34.999165	__gene_A*_rbs	11.000000	0.000000	0.000000
34.999165	__gene_A_rbs	26.000000	0.000000	0.000000
34.999165	__gene_B_rbs	21.000000	0.000000	0.000000
34.999165	__gene_C_rbs	11.000000	0.000000	0.000000
34.999165	__gene_D_rbs	6.000000	0.000000	0.000000
34.999165	__gene_E_rbs	3.000000	0.000000	0.000000
34.999165	__gene_F_rbs	1.000000	0.000000	0.000000
34.999165	__gene_G_rbs	0.000000	0.000000	0.000000
34.999165	__gene_H_rbs	0.000000	0.000000	0.000000
34.999165	__gene_J_rbs	1.000000	0.000000	0.000000
34.999165	__gene_K_rbs	13.000000	0.000000	0.000000
34.999165	__ribosome	3.000000	0.000000	0.000000
34.999165	bound_ecolipol	1910.000000	0.000000	0.000000
34.999165	bound_ribosome	100.000000	0.000000	0.000000
34.999165	ecoli_genome	90.000000	0.000000	0.000000
34.999165	ecoli_transcript	2715.000000	0.000000	0.000000
34.999165	ecolipol	43.000000	0.000000	0.000000
34.999165	gene_A	0.000000	26.000000	3.192308
34.999165	gene_A*	0.000000	14.000000	0.285714
34.999165	gene_B	19.000000	21.000000	0.285714
34.999165	gene_C	1.000000	11.000000	0.000000
34.999165	gene_D	7.000000	6.000000	0.500000
34.999165	gene_E	3.000000	3.000000	0.000000
34.999165	gene_F	0.000000	1.000000	1.000000
34.999165	gene_J	0.000000	1.000000	0.000000
34.999165	gene_K	4.000000	13.000000	0.000000
34.999165	promoter_A	0.000000	0.000000	0.000000
34.999165	promoter_B1	0.000000	0.000000	0.000000
34.999165	promoter_D	0.000000	0.000000	0.000000
39.999781	__gene_A*_rbs	17.000000	0.000000	0.000000
39.999781	__gene_A_rbs	29.000000	0.000000	0.000000
39.999781	__gene_B_rbs	23.000000	0.000000	0.000000
39.999781	__gene_C_rbs	14.000000	0.000000	0.000000
39.999781	__gene_D_rbs	10.000000	0.000000	0.000000
39.999781	__gene_E_rbs	6.000000	0.000000	0.000000
39.999781	__gene_F_rbs	1.000000	0.000000	0.000000
39.999781	__gene_G_rbs	0.000000	0.000000	0.000000
39.999781	__gene_H_rbs	0.000000	0.000000	0.000000
39.999781	__gene_J_rbs	2.000000	0.000000	0.000000
39.999781	__gene_K_rbs	17.000000	0.000000	0.000000
39.999781	__ribosome	1.000000	0.000000	0.000000
39.999781	bound_ecolipol	1890.000000	0.000000	0.000000
39.999781	bound_ribosome	100.000000	0.000000	0.000000
39.999781	ecoli_genome	110.000000	0.000000	0.000000
39.999781	ecoli_transcript	3085.000000	0.000000	0.000000
39.999781	ecolipol	59.000000	0.000000	0.000000
39.999781	gene_A	0.000000	29.000000	2.965517
39.999781	gene_A*	0.000000	18.000000	0.277778
39.999781	gene_B	21.000000	25.000000	0.160000
39.999781	gene_C	1.000000	14.000000	0.000000
39.999781	gene_D	9.000000	10.000000	0.100000
39.999781	gene_E	3.000000	6.000000	0.333333
39.999781	gene_F	0.000000	1.000000	1.000000
39.999781	gene_J	0.000000	2.000000	0.000000
39.999781	gene_K	4.000000	17.000000	0.000000
39.999781	promoter_A	0.000000	0.000000	0.000000
39.999781	promoter_B1	0.000000	0.000000	0.000000
39.999781	promoter_D	0.000000	0.000000	0.000000
44.999100	__gene_A*_rbs	20.000000	0.000000	0.000000
44.999100	__gene_A_rbs	33.000000	0.000000	0.000000
44.999100	__gene_B_rbs	24.000000	0.000000	0.000000
44.999100	__gene_C_rbs	18.000000	0.000000	0.000000
44.999100	__gene_D_rbs	14.000000	0.000000	0.000000
44.999100	__gene_E_rbs	10.000000	0.000000	0.000000
44.999100	__gene_F_rbs	2.000000	0.000000	0.000000
44.999100	__gene_G_rbs	0.000000	0.000000	0.000000
44.999100	__gene_H_rbs	0.000000	0.000000	0.000000
44.999100	__gene_J_rbs	4.000000	0.000000	0.000000
44.999100	__gene_K_rbs	20.000000	0.000000	0.000000
44.999100	__ribosome	1.000000	0.000000	0.000000
44.999100	bound_ecolipol	1903.000000	0.000000	0.000000
44.999100	bound_ribosome	100.000000	0.000000	0.000000
44.999100	ecoli_genome	97.000000	0.000000	0.000000
44.999100	ecoli_transcript	3454.000000	0.000000	0.000000
44.999100	ecolipol	43.000000	0.000000	0.000000
44.999100	gene_A	0.000000	33.000000	2.696970
44.999100	gene_A*	0.000000	21.000000	0.238095
44.999100	gene_B	25.000000	28.000000	0.035714
44.999100	gene_C	1.000000	18.000000	0.000000
44.999100	gene_D	9.000000	14.000000	0.142857
44.999100	gene_E	4.000000	10.000000	0.100000
44.999100	gene_F	0.000000	2.000000	0.500000
44.999100	gene_J	0.000000	4.000000	0.000000
44.999100	gene_K	4.000000	20.000000	0.000000
44.999100	promoter_A	0.000000	0.000000	0.000000
44.999100	promoter_B1	0.000000	0.000000	0.000000
44.999100	promoter_D	0.000000	0.000000	0.000000
49.999064	__gene_A*_rbs	23.000000	0.000000	0.000000
49.999064	__gene_A_rbs	36.000000	0.000000	0.000000
49.999064	__gene_B_rbs	28.000000	0.000000	0.000000
49.999064	__gene_C_rbs	22.000000	0.000000	0.000000
49.999064	__gene_D_rbs	17.000000	0.000000	0.000000
49.999064	__gene_E_rbs	14.000000	0.000000	0.000000
49.999064	__gene_F_rbs	5.000000	0.000000	0.000000
49.999064	__gene_G_rbs	0.000000	0.000000	0.000000
49.999064	__gene_H_rbs	0.000000	0.000000	0.000000
49.999064	__gene_J_rbs	8.000000	0.000000	0.000000
49.999064	__gene_K_rbs	24.000000	0.000000	0.000000
49.999064	__ribosome	0.000000	0.000000	0.000000
49.999064	bound_ecolipol	1890.000000	0.000000	0.000000
49.999064	bound_ribosome	100.000000	0.000000	0.000000
49.999064	ecoli_genome	110.000000	0.000000	0.000000
49.999064	ecoli_transcript	3825.000000	0.000000	0.000000
49.999064	ecolipol	52.000000	0.000000	0.000000
49.999064	gene_A	0.000000	36.000000	2.500000
49.999064	gene_A*	0.000000	25.000000	0.200000
49.999064	gene_B	25.000000	32.000000	0.031250
49.999064	gene_C	1.000000	22.000000	0.000000
49.999064	gene_D	10.000000	17.000000	0.117647
49.999064	gene_E	5.000000	14.000000	0.000000
49.999064	gene_F	0.000000	5.000000	0.200000
49.999064	gene_J	0.000000	8.000000	0.000000
49.999064	gene_K	4.000000	24.000000	0.041667
49.999064	promoter_A	0.000000	0.000000	0.000000
49.999064	promoter_B1	0.000000	0.000000	0.000000
49.999064	promoter_D	0.000000	0.000000	0.000000
54.999495	__gene_A*_rbs	29.000000	0.000000	0.000000
54.999495	__gene_A_rbs	39.000000	0.000000	0.000000
54.999495	__gene_B_rbs	33.000000	0.000000	0.000000
54.999495	__gene_C_rbs	25.000000	0.000000	0.000000
54.999495	__gene_D_rbs	20.000000	0.000000	0.000000
54.999495	__gene_E_rbs	16.000000	0.000000	0.000000
54.999495	__gene_F_rbs	8.000000	0.000000	0.000000
54.999495	__gene_G_rbs	0.000000	0.000000	0.000000
54.999495	__gene_H_rbs	0.000000	0.000000	0.000000
54.999495	__gene_J_rbs	11.000000	0.000000	0.000000
54.999495	__gene_K_rbs	25.000000	0.000000	0.000000
54.999495	__ribosome	0.000000	0.000000	0.000000
54.999495	bound_ecolipol	1891.000000	0.000000	0.000000
54.999495	bound_ribosome	100.000000	0.000000	0.000000
54.999495	ecoli_genome	109.000000	0.000000	0.000000
54.999495	ecoli_transcript	4191.000000	0.000000	0.000000
54.999495	ecolipol	47.000000	0.000000	0.000000
54.999495	gene_A	6.000000	40.000000	2.125000
54.999495	gene_A*	1.000000	29.000000	0.172414
54.999495	gene_B	25.000000	36.000000	0.083333
54.999495	gene_C	1.000000	26.000000	0.038462
54.999495	gene_D	10.000000	20.000000	0.100000
54.999495	gene_E	5.000000	17.000000	0.117647
54.999495	gene_F	0.000000	8.000000	0.250000
54.999495	gene_J	0.000000	11.000000	0.000000
54.999495	gene_K	5.000000	28.000000	0.000000
54.999495	promoter_A	0.000000	0.000000	0.000000
54.999495	promoter_B1	0.000000	0.000000	0.000000
54.999495	promoter_D	0.000000	0.000000	0.000000
59.999145	__gene_A*_rbs	30.000000	0.000000	0.000000
59.999145	__gene_A_rbs	44.000000	0.000000	0.000000
59.999145	__gene_B_rbs	38.000000	0.000000	0.000000
59.999145	__gene_C_rbs	26.000000	0.000000	0.000000
59.999145	__gene_D_rbs	23.000000	0.000000	0.000000
59.999145	__gene_E_rbs	20.000000	0.000000	0.000000
59.999145	__gene_F_rbs	9.000000	0.000000	0.000000
59.999145	__gene_G_rbs	0.000000	0.000000	0.000000
59.999145	__gene_H_rbs	0.000000	0.000000	0.000000
59.999145	__gene_J_rbs	13.000000	0.000000	0.000000
59.999145	__gene_K_rbs	26.000000	0.000000	0.000000
59.999145	__ribosome	1.000000	0.000000	0.000000
59.999145	bound_ecolipol	1888.000000	0.000000	0.000000
59.999145	bound_ribosome	100.000000	0.000000	0.000000
59.999145	ecoli_genome	112.000000	0.000000	0.000000
59.999145	ecoli_transcript	4539.000000	0.000000	0.000000
59.999145	ecolipol	48.000000	0.000000	0.000000
59.999145	gene_A	18.000000	44.000000	1.681818
59.999145	gene_A*	4.000000	32.000000	0.156250
59.999145	gene_B	26.000000	39.000000	0.102564
59.999145	gene_C	1.000000	30.000000	0.100000
59.999145	gene_D	11.000000	24.000000	0.250000
59.999145	gene_E	5.000000	20.000000	0.150000
59.999145	gene_F	0.000000	9.000000	0.333333
59.999145	gene_J	0.000000	14.000000	0.000000
59.999145	gene_K	5.000000	31.000000	0.032258
59.999145	promoter_A	0.000000	0.000000	0.000000
59.999145	promoter_B1	0.000000	0.000000	0.000000
59.999145	promoter_D	0.000000	0.000000	0.000000
64.999145	__gene_A*_rbs	36.000000	0.000000	0.000000
64.999145	__gene_A_rbs	46.000000	0.000000	0.000000
64.999145	__gene_B_rbs	43.000000	0.000000	0.000000
64.999145	__gene_C_rbs	29.000000	0.000000	0.000000
64.999145	__gene_D_rbs	27.000000	0.000000	0.000000
64.999145	__gene_E_rbs	23.000000	0.000000	0.000000
64.999145	__gene_F_rbs	12.000000	0.000000	0.000000
64.999145	__gene_G_rbs	1.000000	0.000000	0.000000
64.999145	__gene_H_rbs	0.000000	0.000000	0.000000
64.999145	__gene_J_rbs	18.000000	0.000000	0.000000
64.999145	__gene_K_rbs	32.000000	0.000000	0.000000
64.999145	__ribosome	4.000000	0.000000	0.000000
64.999145	bound_ecolipol	1891.000000	0.000000	0.000000
64.999145	bound_ribosome	100.000000	0.000000	0.000000
64.999145	ecoli_genome	109.000000	0.000000	0.000000
64.999145	ecoli_transcript	4897.000000	0.000000	0.000000
64.999145	ecolipol	43.000000	0.000000	0.000000
64.999145	gene_A	45.000000	47.000000	1.212766
64.999145	gene_A*	4.000000	36.000000	0.194444
64.999145	gene_B	26.000000	43.000000	0.279070
64.999145	gene_C	2.000000	33.000000	0.121212
64.999145	gene_D	12.000000	28.000000	0.250000
64.999145	gene_E	7.000000	24.000000	0.083333
64.999145	gene_F	0.000000	12.000000	0.333333
64.999145	gene_G	0.000000	1.000000	0.000000
64.999145	gene_J	0.000000	18.000000	0.000000
64.999145	gene_K	6.000000	34.000000	0.088235
64.999145	promoter_A	0.000000	0.000000	0.000000
64.999145	promoter_B1	0.000000	0.000000	0.000000
64.999145	promoter_D	0.000000	0.000000	0.000000
70.000003	__gene_A*_rbs	40.000000	0.000000	0.000000
70.000003	__gene_A_rbs	51.000000	0.000000	0.000000
70.000003	__gene_B_rbs	46.000000	0.000000	0.000000
70.000003	__gene_C_rbs	34.000000	0.000000	0.000000
70.000003	__gene_D_rbs	31.000000	0.000000	0.000000
70.000003	__gene_E_rbs	26.000000	0.000000	0.000000
70.000003	__gene_F_rbs	15.000000	0.000000	0.000000
70.000003	__gene_G_rbs	1.000000	0.000000	0.000000
70.000003	__gene_H_rbs	0.000000	0.000000	0.000000
70.000003	__gene_J_rbs	21.000000	0.000000	0.000000
70.000003	__gene_K_rbs	35.000000	0.000000	0.000000
70.000003	__ribosome	2.000000	0.000000	0.000000
70.000003	bound_ecolipol	1892.000000	0.000000	0.000000
70.000003	bound_ribosome	100.000000	0.000000	0.000000
70.000003	ecoli_genome	108.000000	0.000000	0.000000
70.000003	ecoli_transcript	5249.000000	0.000000	0.000000
70.000003	ecolipol	38.000000	0.000000	0.000000
70.000003	gene_A	67.000000	51.000000	0.764706
70.000003	gene_A*	4.000000	40.000000	0.350000
70.000003	gene_B	28.000000	46.000000	0.304348
70.000003	gene_C	5.000000	36.000000	0.083333
70.000003	gene_D	12.000000	32.000000	0.250000
70.000003	gene_E	9.000000	27.000000	0.148148
70.000003	gene_F	0.000000	15.000000	0.333333
70.000003	gene_G	0.000000	1.000000	1.000000
70.000003	gene_J	0.000000	21.000000	0.190476
70.000003	gene_K	8.000000	38.000000	0.157895
70.000003	promoter_A	0.000000	0.000000	0.000000
70.000003	promoter_B1	0.000000	0.000000	0.000000
70.000003	promoter_D	0.000000	0.000000	0.000000
74.999021	__gene_A*_rbs	43.000000	0.000000	0.000000
74.999021	__gene_A_rbs	55.000000	0.000000	0.000000
74.999021	__gene_B_rbs	48.000000	0.000000	0.000000
74.999021	__gene_C_rbs	39.000000	0.000000	0.000000
74.999021	__gene_D_rbs	35.000000	0.000000	0.000000
74.999021	__gene_E_rbs	31.000000	0.000000	0.000000
74.999021	__gene_F_rbs	18.000000	0.000000	0.000000
74.999021	__gene_G_rbs	1.000000	0.000000	0.000000
74.999021	__gene_H_rbs	0.000000	0.000000	0.000000
74.999021	__gene_J_rbs	24.000000	0.000000	0.000000
74.999021	__gene_K_rbs	40.000000	0.000000	0.000000
74.999021	__ribosome	2.000000	0.000000	0.000000
74.999021	bound_ecolipol	1887.000000	0.000000	0.000000
74.999021	bound_ribosome	100.000000	0.000000	0.000000
74.999021	ecoli_genome	113.000000	0.000000	0.000000
74.999021	ecoli_transcript	5638.000000	0.000000	0.000000
74.999021	ecolipol	39.000000	0.000000	0.000000
74.999021	gene_A	74.000000	55.000000	0.672727
74.999021	gene_A*	5.000000	43.000000	0.395349
74.999021	gene_B	35.000000	50.000000	0.240000
74.999021	gene_C	6.000000	40.000000	0.100000
74.999021	gene_D	16.000000	35.000000	0.200000
74.999021	gene_E	10.000000	31.000000	0.129032
74.999021	gene_F	1.000000	18.000000	0.444444
74.999021	gene_G	0.000000	1.000000	2.000000
74.999021	gene_J	4.000000	25.000000	0.080000
74.999021	gene_K	13.000000	41.000000	0.121951
74.999021	promoter_A	0.000000	0.000000	0.000000
74.999021	promoter_B1	0.000000	0.000000	0.000000
74.999021	promoter_D	0.000000	0.000000	0.000000
79.999142	__gene_A*_rbs	47.000000	0.000000	0.000000
79.999142	__gene_A_rbs	59.000000	0.000000	0.000000
79.999142	__gene_B_rbs	53.000000	0.000000	0.000000
79.999142	__gene_C_rbs	41.000000	0.000000	0.000000
79.999142	__gene_D_rbs	38.000000	0.000000	0.000000
79.999142	__gene_E_rbs	33.000000	0.000000	0.000000
79.999142	__gene_F_rbs	22.000000	0.000000	0.000000
79.999142	__gene_G_rbs	1.000000	0.000000	0.000000
79.999142	__gene_H_rbs	0.000000	0.000000	0.000000
79.999142	__gene_J_rbs	28.000000	0.000000	0.000000
79.999142	__gene_K_rbs	43.000000	0.000000	0.000000
79.999142	__ribosome	0.000000	0.000000	0.000000
79.999142	bound_ecolipol	1888.000000	0.000000	0.000000
79.999142	bound_ribosome	100.000000	0.000000	0.000000
79.999142	ecoli_genome	112.000000	0.000000	0.000000
79.999142	ecoli_transcript	6012.000000	0.000000	0.000000
79.999142	ecolipol	36.000000	0.000000	0.000000
79.999142	gene_A	78.000000	59.000000	0.627119
79.999142	gene_A*	5.000000	47.000000	0.468085
79.999142	gene_B	40.000000	54.000000	0.185185
79.999142	gene_C	8.000000	43.000000	0.139535
79.999142	gene_D	19.000000	39.000000	0.102564
79.999142	gene_E	13.000000	34.000000	0.088235
79.999142	gene_F	1.000000	22.000000	0.363636
79.999142	gene_G	0.000000	1.000000	3.000000
79.999142	gene_J	6.000000	28.000000	0.071429
79.999142	gene_K	18.000000	45.000000	0.111111
79.999142	promoter_A	0.000000	0.000000	0.000000
79.999142	promoter_B1	0.000000	0.000000	0.000000
79.999142	promoter_D	0.000000	0.000000	0.000000
84.999146	__gene_A*_rbs	49.000000	0.000000	0.000000
84.999146	__gene_A_rbs	62.000000	0.000000	0.000000
84.999146	__gene_B_rbs	56.000000	0.000000	0.000000
84.999146	__gene_C_rbs	48.000000	0.000000	0.000000
84.999146	__gene_D_rbs	42.000000	0.000000	0.000000
84.999146	__gene_E_rbs	36.000000	0.000000	0.000000
84.999146	__gene_F_rbs	24.000000	0.000000	0.000000
84.999146	__gene_G_rbs	2.000000	0.000000	0.000000
84.999146	__gene_H_rbs	0.000000	0.000000	0.000000
84.999146	__gene_J_rbs	31.000000	0.000000	0.000000
84.999146	__gene_K_rbs	46.000000	0.000000	0.000000
84.999146	__ribosome	3.000000	0.000000	0.000000
84.999146	bound_ecolipol	1885.000000	0.000000	0.000000
84.999146	bound_ribosome	100.000000	0.000000	0.000000
84.999146	ecoli_genome	115.000000	0.000000	0.000000
84.999146	ecoli_transcript	6392.000000	0.000000	0.000000
84.999146	ecolipol	37.000000	0.000000	0.000000
84.999146	gene_A	83.000000	62.000000	0.580645
84.999146	gene_A*	5.000000	51.000000	0.490196
84.999146	gene_B	45.000000	57.000000	0.210526
84.999146	gene_C	13.000000	48.000000	0.020833
84.999146	gene_D	20.000000	42.000000	0.095238
84.999146	gene_E	15.000000	38.000000	0.131579
84.999146	gene_F	1.000000	24.000000	0.375000
84.999146	gene_G	0.000000	2.000000	1.500000
84.999146	gene_J	8.000000	31.000000	0.000000
84.999146	gene_K	23.000000	49.000000	0.040816
84.999146	promoter_A	0.000000	0.000000	0.000000
84.999146	promoter_B1	0.000000	0.000000	0.000000
84.999146	promoter_D	0.000000	0.000000	0.000000
89.999219	__gene_A*_rbs	53.000000	0.000000	0.000000
89.999219	__gene_A_rbs	66.000000	0.000000	0.000000
89.999219	__gene_B_rbs	60.000000	0.000000	0.000000
89.999219	__gene_C_rbs	51.000000	0.000000	0.000000
89.999219	__gene_D_rbs	46.000000	0.000000	0.000000
89.999219	__gene_E_rbs	42.000000	0.000000	0.000000
89.999219	__gene_F_rbs	26.000000	0.000000	0.000000
89.999219	__gene_G_rbs	4.000000	0.000000	0.000000
89.999219	__gene_H_rbs	0.000000	0.000000	0.000000
89.999219	__gene_J_rbs	35.000000	0.000000	0.000000
89.999219	__gene_K_rbs	51.000000	0.000000	0.000000
89.999219	__ribosome	0.000000	0.000000	0.000000
89.999219	bound_ecolipol	1868.000000	0.000000	0.000000
89.999219	bound_ribosome	100.000000	0.000000	0.000000
89.999219	ecoli_genome	132.000000	0.000000	0.000000
89.999219	ecoli_transcript	6820.000000	0.000000	0.000000
89.999219	ecolipol	53.000000	0.000000	0.000000
89.999219	gene_A	85.000000	66.000000	0.530303
89.999219	gene_A*	7.000000	54.000000	0.500000
89.999219	gene_B	47.000000	61.000000	0.213115
89.999219	gene_C	14.000000	51.000000	0.058824
89.999219	gene_D	23.000000	46.000000	0.108696
89.999219	gene_E	17.000000	42.000000	0.095238
89.999219	gene_F	1.000000	26.000000	0.346154
89.999219	gene_G	0.000000	4.000000	0.750000
89.999219	gene_J	8.000000	35.000000	0.028571
89.999219	gene_K	25.000000	52.000000	0.000000
89.999219	promoter_A	0.000000	0.000000	0.000000
89.999219	promoter_B1	0.000000	0.000000	0.000000
89.999219	promoter_D	0.000000	0.000000	0.000000
94.999316	__gene_A*_rbs	57.000000	0.000000	0.000000
94.999316	__gene_A_rbs	69.000000	0.000000	0.000000
94.999316	__gene_B_rbs	64.000000	0.000000	0.000000
94.999316	__gene_C_rbs	53.000000	0.000000	0.000000
94.999316	__gene_D_rbs	49.000000	0.000000	0.000000
94.999316	__gene_E_rbs	44.000000	0.000000	0.000000
94.999316	__gene_F_rbs	29.000000	0.000000	0.000000
94.999316	__gene_G_rbs	5.000000	0.000000	0.000000
94.999316	__gene_H_rbs	0.000000	0.000000	0.000000
94.999316	__gene_J_rbs	36.000000	0.000000	0.000000
94.999316	__gene_K_rbs	53.000000	0.000000	0.000000
94.999316	__ribosome	0.000000	0.000000	0.000000
94.999316	bound_ecolipol	1884.000000	0.000000	0.000000
94.999316	bound_ribosome	100.000000	0.000000	0.000000
94.999316	ecoli_genome	116.000000	0.000000	0.000000
94.999316	ecoli_transcript	7206.000000	0.000000	0.000000
94.999316	ecolipol	35.000000	0.000000	0.000000
94.999316	gene_A	88.000000	69.000000	0.536232
94.999316	gene_A*	9.000000	58.000000	0.448276
94.999316	gene_B	53.000000	65.000000	0.138462
94.999316	gene_C	16.000000	54.000000	0.074074
94.999316	gene_D	23.000000	50.000000	0.100000
94.999316	gene_E	20.000000	45.000000	0.066667
94.999316	gene_F	1.000000	29.000000	0.344828
94.999316	gene_G	0.000000	5.000000	0.600000
94.999316	gene_J	9.000000	38.000000	0.052632
94.999316	gene_K	25.000000	56.000000	0.017857
94.999316	promoter_A	0.000000	0.000000	0.000000
94.999316	promoter_B1	0.000000	0.000000	0.000000
94.999316	promoter_D	0.000000	0.000000	0.000000
99.999071	__gene_A*_rbs	57.000000	0.000000	0.000000
99.999071	__gene_A_rbs	71.000000	0.000000	0.000000
99.999071	__gene_B_rbs	64.000000	0.000000	0.000000
99.999071	__gene_C_rbs	58.000000	0.000000	0.000000
99.999071	__gene_D_rbs	53.000000	0.000000	0.000000
99.999071	__gene_E_rbs	49.000000	0.000000	0.000000
99.999071	__gene_F_rbs	31.000000	0.000000	0.000000
99.999071	__gene_G_rbs	6.000000	0.000000	0.000000
99.999071	__gene_H_rbs	0.000000	0.000000	0.000000
99.999071	__gene_J_rbs	42.000000	0.000000	0.000000
99.999071	__gene_K_rbs	58.000000	0.000000	0.000000
99.999071	__ribosome	0.000000	0.000000	0.000000
99.999071	bound_ecolipol	1878.000000	0.000000	0.000000
99.999071	bound_ribosome	100.000000	0.000000	0.000000
99.999071	ecoli_genome	122.000000	0.000000	0.000000
99.999071	ecoli_transcript	7571.000000	0.000000	0.000000
99.999071	ecolipol	40.000000	0.000000	0.000000
99.999071	gene_A	90.000000	73.000000	0.547945
99.999071	gene_A*	13.000000	61.000000	0.442623
99.999071	gene_B	57.000000	68.000000	0.088235
99.999071	gene_C	19.000000	58.000000	0.017241
99.999071	gene_D	25.000000	53.000000	0.075472
99.999071	gene_E	21.000000	49.000000	0.081633
99.999071	gene_F	2.000000	31.000000	0.322581
99.999071	gene_G	0.000000	6.000000	0.500000
99.999071	gene_J	11.000000	42.000000	0.023810
99.999071	gene_K	25.000000	60.000000	0.066667
99.999071	promoter_A	0.000000	0.000000	0.000000
99.999071	promoter_B1	0.000000	0.000000	0.000000
99.999071	promoter_D	0.000000	0.000000	0.000000
104.999290	__gene_A*_rbs	65.000000	0.000000	0.000000
104.999290	__gene_A_rbs	76.000000	0.000000	0.000000
104.999290	__gene_B_rbs	68.000000	0.000000	0.000000
104.999290	__gene_C_rbs	61.000000	0.000000	0.000000
104.999290	__gene_D_rbs	56.000000	0.000000	0.000000
104.999290	__gene_E_rbs	52.000000	0.000000	0.000000
104.999290	__gene_F_rbs	35.000000	0.000000	0.000000
104.999290	__gene_G_rbs	8.000000	0.000000	0.000000
104.999290	__gene_H_rbs	0.000000	0.000000	0.000000
104.999290	__gene_J_rbs	46.000000	0.000000	0.000000
104.999290	__gene_K_rbs	63.000000	0.000000	0.000000
104.999290	__ribosome	0.000000	0.000000	0.000000
104.999290	bound_ecolipol	1872.000000	0.000000	0.000000
104.999290	bound_ribosome	100.000000	0.000000	0.000000
104.999290	ecoli_genome	128.000000	0.000000	0.000000
104.999290	ecoli_transcript	7976.000000	0.000000	0.000000
104.999290	ecolipol	45.000000	0.000000	0.000000
104.999290	gene_A	90.000000	76.000000	0.605263
104.999290	gene_A*	18.000000	65.000000	0.384615
104.999290	gene_B	61.000000	71.000000	0.056338
104.999290	gene_C	20.000000	62.000000	0.032258
104.999290	gene_D	28.000000	56.000000	0.035714
104.999290	gene_E	23.000000	52.000000	0.057692
104.999290	gene_F	3.000000	35.000000	0.257143
104.999290	gene_G	0.000000	8.000000	0.375000
104.999290	gene_J	11.000000	46.000000	0.043478
104.999290	gene_K	29.000000	64.000000	0.062500
104.999290	promoter_A	0.000000	0.000000	0.000000
104.999290	promoter_B1	0.000000	0.000000	0.000000
104.999290	promoter_D	0.000000	0.000000	0.000000
109.999227	__gene_A*_rbs	66.000000	0.000000	0.000000
109.999227	__gene_A_rbs	80.000000	0.000000	0.000000
109.999227	__gene_B_rbs	74.000000	0.000000	0.000000
109.999227	__gene_C_rbs	64.000000	0.000000	0.000000
109.999227	__gene_D_rbs	61.000000	0.000000	0.000000
109.999227	__gene_E_rbs	56.000000	0.000000	0.000000
109.999227	__gene_F_rbs	38.000000	0.000000	0.000000
109.999227	__gene_G_rbs	9.000000	0.000000	0.000000
109.999227	__gene_H_rbs	1.000000	0.000000	0.000000
109.999227	__gene_J_rbs	49.000000	0.000000	0.000000
109.999227	__gene_K_rbs	66.000000	0.000000	0.000000
109.999227	__ribosome	2.000000	0.000000	0.000000
109.999227	bound_ecolipol	1875.000000	0.000000	0.000000
109.999227	bound_ribosome	100.000000	0.000000	0.000000
109.999227	ecoli_genome	125.000000	0.000000	0.000000
109.999227	ecoli_transcript	8333.000000	0.000000	0.000000
109.999227	ecolipol	39.000000	0.000000	0.000000
109.999227	gene_A	92.000000	80.000000	0.562500
109.999227	gene_A*	22.000000	68.000000	0.308824
109.999227	gene_B	62.000000	75.000000	0.053333
109.999227	gene_C	21.000000	66.000000	0.060606
109.999227	gene_D	28.000000	61.000000	0.098361
109.999227	gene_E	26.000000	56.000000	0.017857
109.999227	gene_F	5.000000	38.000000	0.210526
109.999227	gene_G	0.000000	9.000000	0.333333
109.999227	gene_H	0.000000	1.000000	0.000000
109.999227	gene_J	11.000000	49.000000	0.061224
109.999227	gene_K	33.000000	67.000000	0.044776
109.999227	promoter_A	0.000000	0.000000	0.000000
109.999227	promoter_B1	0.000000	0.000000	0.000000
109.999227	promoter_D	0.000000	0.000000	0.000000
114.999037	__gene_A*_rbs	71.000000	0.000000	0.000000
114.999037	__gene_A_rbs	84.000000	0.000000	0.000000
114.999037	__gene_B_rbs	78.000000	0.000000	0.000000
114.999037	__gene_C_rbs	66.000000	0.000000	0.000000
114.999037	__gene_D_rbs	62.000000	0.000000	0.000000
114.999037	__gene_E_rbs	58.000000	0.000000	0.000000
114.999037	__gene_F_rbs	40.000000	0.000000	0.000000
114.999037	__gene_G_rbs	12.000000	0.000000	0.000000
114.999037	__gene_H_rbs	2.000000	0.000000	0.000000
114.999037	__gene_J_rbs	53.000000	0.000000	0.000000
114.999037	__gene_K_rbs	70.000000	0.000000	0.000000
114.999037	__ribosome	1.000000	0.000000	0.000000
114.999037	bound_ecolipol	1867.000000	0.000000	0.000000
114.999037	bound_ribosome	100.000000	0.000000	0.000000
114.999037	ecoli_genome	133.000000	0.000000	0.000000
114.999037	ecoli_transcript	8723.000000	0.000000	0.000000
114.999037	ecolipol	47.000000	0.000000	0.000000
114.999037	gene_A	95.000000	84.000000	0.511905
114.999037	gene_A*	27.000000	72.000000	0.250000
114.999037	gene_B	65.000000	79.000000	0.063291
114.999037	gene_C	22.000000	69.000000	0.086957
114.999037	gene_D	29.000000	64.000000	0.093750
114.999037	gene_E	26.000000	59.000000	0.050847
114.999037	gene_F	7.000000	40.000000	0.200000
114.999037	gene_G	0.000000	12.000000	0.250000
114.999037	gene_H	0.000000	2.000000	0.000000
114.999037	gene_J	12.000000	53.000000	0.113208
114.999037	gene_K	35.000000	70.000000	0.014286
114.999037	promoter_A	0.000000	0.000000	0.000000
114.999037	promoter_B1	0.000000	0.000000	0.000000
114.999037	promoter_D	0.000000	0.000000	0.000000
119.999019	__gene_A*_rbs	75.000000	0.000000	0.000000
119.999019	__gene_A_rbs	87.000000	0.000000	0.000000
119.999019	__gene_B_rbs	80.000000	0.000000	0.000000
119.999019	__gene_C_rbs	70.000000	0.000000	0.000000
119.999019	__gene_D_rbs	66.000000	0.000000	0.000000
119.999019	__gene_E_rbs	62.000000	0.000000	0.000000
119.999019	__gene_F_rbs	43.000000	0.000000	0.000000
119.999019	__gene_G_rbs	16.000000	0.000000	0.000000
119.999019	__gene_H_rbs	2.000000	0.000000	0.000000
119.999019	__gene_J_rbs	55.000000	0.000000	0.000000
119.999019	__gene_K_rbs	73.000000	0.000000	0.000000
119.999019	__ribosome	1.000000	0.000000	0.000000
119.999019	bound_ecolipol	1873.000000	0.000000	0.000000
119.999019	bound_ribosome	100.000000	0.000000	0.000000
119.999019	ecoli_genome	127.000000	0.000000	0.000000
119.999019	ecoli_transcript	9106.000000	0.000000	0.000000
119.999019	ecolipol	38.000000	0.000000	0.000000
119.999019	gene_A	105.000000	87.000000	0.459770
119.999019	gene_A*	31.000000	75.000000	0.240000
119.999019	gene_B	65.000000	83.000000	0.096386
119.999019	gene_C	27.000000	72.000000	0.069444
119.999019	gene_D	30.000000	67.000000	0.134328
119.999019	gene_E	27.000000	63.000000	0.047619
119.999019	gene_F	9.000000	43.000000	0.139535
119.999019	gene_G	0.000000	16.000000	0.187500
119.999019	gene_H	0.000000	2.000000	0.000000
119.999019	gene_J	16.000000	56.000000	0.089286
119.999019	gene_K	36.000000	74.000000	0.027027
119.999019	promoter_A	0.000000	0.000000	0.000000
119.999019	promoter_B1	0.000000	0.000000	0.000000
119.999019	promoter_D	0.000000	0.000000	0.000000
124.999006	__gene_A*_rbs	79.000000	0.000000	0.000000
124.999006	__gene_A_rbs	91.000000	0.000000	0.000000
124.999006	__gene_B_rbs	86.000000	0.000000	0.000000
124.999006	__gene_C_rbs	74.000000	0.000000	0.000000
124.999006	__gene_D_rbs	71.000000	0.000000	0.000000
124.999006	__gene_E_rbs	65.000000	0.000000	0.000000
124.999006	__gene_F_rbs	46.000000	0.000000	0.000000
124.999006	__gene_G_rbs	19.000000	0.000000	0.000000
124.999006	__gene_H_rbs	2.000000	0.000000	0.000000
124.999006	__gene_J_rbs	59.000000	0.000000	0.000000
124.999006	__gene_K_rbs	77.000000	0.000000	0.000000
124.999006	__ribosome	0.000000	0.000000	0.000000
124.999006	bound_ecolipol	1874.000000	0.000000	0.000000
124.999006	bound_ribosome	100.000000	0.000000	0.000000
124.999006	ecoli_genome	126.000000	0.000000	0.000000
124.999006	ecoli_transcript	9469.000000	0.000000	0.000000
124.999006	ecolipol	36.000000	0.000000	0.000000
124.999006	gene_A	109.000000	91.000000	0.406593
124.999006	gene_A*	34.000000	79.000000	0.227848
124.999006	gene_B	67.000000	86.000000	0.104651
124.999006	gene_C	29.000000	76.000000	0.065789
124.999006	gene_D	34.000000	71.000000	0.084507
124.999006	gene_E	30.000000	67.000000	0.029851
124.999006	gene_F	9.000000	46.000000	0.152174
124.999006	gene_G	0.000000	19.000000	0.210526
124.999006	gene_H	0.000000	2.000000	0.000000
124.999006	gene_J	17.000000	59.000000	0.118644
124.999006	gene_K	38.000000	78.000000	0.064103
124.999006	promoter_A	0.000000	0.000000	0.000000
124.999006	promoter_B1	0.000000	0.000000	0.000000
124.999006	promoter_D	0.000000	0.000000	0.000000
129.999069	__gene_A*_rbs	82.000000	0.000000	0.000000
129.999069	__gene_A_rbs	95.000000	0.000000	0.000000
129.999069	__gene_B_rbs	88.000000	0.000000	0.000000
129.999069	__gene_C_rbs	77.000000	0.000000	0.000000
129.999069	__gene_D_rbs	75.000000	0.000000	0.000000
129.999069	__gene_E_rbs	71.000000	0.000000	0.000000
129.999069	__gene_F_rbs	48.000000	0.000000	0.000000
129.999069	__gene_G_rbs	20.000000	0.000000	0.000000
129.999069	__gene_H_rbs	4.000000	0.000000	0.000000
129.999069	__gene_J_rbs	64.000000	0.000000	0.000000
129.999069	__gene_K_rbs	78.000000	0.000000	0.000000
129.999069	__ribosome	0.000000	0.000000	0.000000
129.999069	bound_ecolipol	1864.000000	0.000000	0.000000
129.999069	bound_ribosome	100.000000	0.000000	0.000000
129.999069	ecoli_genome	136.000000	0.000000	0.000000
129.999069	ecoli_transcript	9882.000000	0.000000	0.000000
129.999069	ecolipol	44.000000	0.000000	0.000000
129.999069	gene_A	115.000000	95.000000	0.357895
129.999069	gene_A*	35.000000	83.000000	0.240964
129.999069	gene_B	73.000000	90.000000	0.055556
129.999069	gene_C	33.000000	80.000000	0.062500
129.999069	gene_D	35.000000	75.000000	0.106667
129.999069	gene_E	30.000000	71.000000	0.056338
129.999069	gene_F	10.000000	48.000000	0.166667
129.999069	gene_G	0.000000	20.000000	0.250000
129.999069	gene_H	0.000000	4.000000	0.000000
129.999069	gene_J	20.000000	63.000000	0.126984
129.999069	gene_K	43.000000	81.000000	0.037037
129.999069	promoter_A	0.000000	0.000000	0.000000
129.999069	promoter_B1	0.000000	0.000000	0.000000
129.999069	promoter_D	0.000000	0.000000	0.000000
134.999434	__gene_A*_rbs	86.000000	0.000000	0.000000
134.999434	__gene_A_rbs	99.000000	0.000000	0.000000
134.999434	__gene_B_rbs	90.000000	0.000000	0.000000
134.999434	__gene_C_rbs	81.000000	0.000000	0.000000
134.999434	__gene_D_rbs	77.000000	0.000000	0.000000
134.999434	__gene_E_rbs	73.000000	0.000000	0.000000
134.999434	__gene_F_rbs	51.000000	0.000000	0.000000
134.999434	__gene_G_rbs	23.000000	0.000000	0.000000
134.999434	__gene_H_rbs	7.000000	0.000000	0.000000
134.999434	__gene_J_rbs	67.000000	0.000000	0.000000
134.999434	__gene_K_rbs	84.000000	0.000000	0.000000
134.999434	__ribosome	0.000000	0.000000	0.000000
134.999434	bound_ecolipol	1865.000000	0.000000	0.000000
134.999434	bound_ribosome	100.000000	0.000000	0.000000
134.999434	ecoli_genome	135.000000	0.000000	0.000000
134.999434	ecoli_transcript	10269.000000	0.000000	0.000000
134.999434	ecolipol	42.000000	0.000000	0.000000
134.999434	gene_A	118.000000	99.000000	0.333333
134.999434	gene_A*	40.000000	87.000000	0.195402
134.999434	gene_B	74.000000	94.000000	0.095745
134.999434	gene_C	34.000000	83.000000	0.084337
134.999434	gene_D	38.000000	78.000000	0.089744
134.999434	gene_E	32.000000	74.000000	0.040541
134.999434	gene_F	10.000000	51.000000	0.176471
134.999434	gene_G	0.000000	23.000000	0.217391
134.999434	gene_H	0.000000	7.000000	0.000000
134.999434	gene_J	22.000000	67.000000	0.134328
134.999434	gene_K	45.000000	85.000000	0.011765
134.999434	promoter_A	0.000000	0.000000	0.000000
134.999434	promoter_B1	0.000000	0.000000	0.000000
134.999434	promoter_D	0.000000	0.000000	0.000000
139.999259	__gene_A*_rbs	90.000000	0.000000	0.000000
139.999259	__gene_A_rbs	103.000000	0.000000	0.000000
139.999259	__gene_B_rbs	96.000000	0.000000	0.000000
139.999259	__gene_C_rbs	87.000000	0.000000	0.000000
139.999259	__gene_D_rbs	82.000000	0.000000	0.000000
139.999259	__gene_E_rbs	78.000000	0.000000	0.000000
139.999259	__gene_F_rbs	53.000000	0.000000	0.000000
139.999259	__gene_G_rbs	26.000000	0.000000	0.000000
139.999259	__gene_H_rbs	9.000000	0.000000	0.000000
139.999259	__gene_J_rbs	71.000000	0.000000	0.000000
139.999259	__gene_K_rbs	86.000000	0.000000	0.000000
139.999259	__ribosome	0.000000	0.000000	0.000000
139.999259	bound_ecolipol	1872.000000	0.000000	0.000000
139.999259	bound_ribosome	100.000000	0.000000	0.000000
139.999259	ecoli_genome	128.000000	0.000000	0.000000
139.999259	ecoli_transcript	10624.000000	0.000000	0.000000
139.999259	ecolipol	37.000000	0.000000	0.000000
139.999259	gene_A	120.000000	103.000000	0.339806
139.999259	gene_A*	43.000000	90.000000	0.177778
139.999259	gene_B	77.000000	97.000000	0.092784
139.999259	gene_C	40.000000	87.000000	0.022989
139.999259	gene_D	40.000000	82.000000	0.097561
139.999259	gene_E	34.000000	78.000000	0.025641
139.999259	gene_F	11.000000	54.000000	0.203704
139.999259	gene_G	1.000000	26.000000	0.153846
139.999259	gene_H	0.000000	9.000000	0.111111
139.999259	gene_J	23.000000	70.000000	0.142857
139.999259	gene_K	46.000000	89.000000	0.022472
139.999259	promoter_A	0.000000	0.000000	0.000000
139.999259	promoter_B1	0.000000	0.000000	0.000000
139.999259	promoter_D	0.000000	0.000000	0.000000
144.999034	__gene_A*_rbs	93.000000	0.000000	0.000000
144.999034	__gene_A_rbs	106.000000	0.000000	0.000000
144.999034	__gene_B_rbs	100.000000	0.000000	0.000000
144.999034	__gene_C_rbs	91.000000	0.000000	0.000000
144.999034	__gene_D_rbs	85.000000	0.000000	0.000000
144.999034	__gene_E_rbs	82.000000	0.000000	0.000000
144.999034	__gene_F_rbs	56.000000	0.000000	0.000000
144.999034	__gene_G_rbs	26.000000	0.000000	0.000000
144.999034	__gene_H_rbs	10.000000	0.000000	0.000000
144.999034	__gene_J_rbs	75.000000	0.000000	0.000000
144.999034	__gene_K_rbs	91.000000	0.000000	0.000000
144.999034	__ribosome	0.000000	0.000000	0.000000
144.999034	bound_ecolipol	1871.000000	0.000000	0.000000
144.999034	bound_ribosome	100.000000	0.000000	0.000000
144.999034	ecoli_genome	129.000000	0.000000	0.000000
144.999034	ecoli_transcript	10974.000000	0.000000	0.000000
144.999034	ecolipol	36.000000	0.000000	0.000000
144.999034	gene_A	123.000000	106.000000	0.311321
144.999034	gene_A*	44.000000	94.000000	0.170213
144.999034	gene_B	80.000000	101.000000	0.079208
144.999034	gene_C	42.000000	91.000000	0.010989
144.999034	gene_D	43.000000	85.000000	0.117647
144.999034	gene_E	35.000000	82.000000	0.024390
144.999034	gene_F	12.000000	56.000000	0.214286
144.999034	gene_G	1.000000	26.000000	0.230769
144.999034	gene_H	0.000000	10.000000	0.100000
144.999034	gene_J	25.000000	74.000000	0.135135
144.999034	gene_K	47.000000	93.000000	0.010753
144.999034	promoter_A	0.000000	0.000000	0.000000
144.999034	promoter_B1	0.000000	0.000000	0.000000
144.999034	promoter_D	0.000000	0.000000	0.000000
149.999113	__gene_A*_rbs	98.000000	0.000000	0.000000
149.999113	__gene_A_rbs	110.000000	0.000000	0.000000
149.999113	__gene_B_rbs	104.000000	0.000000	0.000000
149.999113	__gene_C_rbs	93.000000	0.000000	0.000000
149.999113	__gene_D_rbs	89.000000	0.000000	0.000000
149.999113	__gene_E_rbs	83.000000	0.000000	0.000000
149.999113	__gene_F_rbs	60.000000	0.000000	0.000000
149.999113	__gene_G_rbs	28.000000	0.000000	0.000000
149.999113	__gene_H_rbs	12.000000	0.000000	0.000000
149.999113	__gene_J_rbs	78.000000	0.000000	0.000000
149.999113	__gene_K_rbs	94.000000	0.000000	0.000000
149.999113	__ribosome	1.000000	0.000000	0.000000
149.999113	bound_ecolipol	1872.000000	0.000000	0.000000
149.999113	bound_ribosome	100.000000	0.000000	0.000000
149.999113	ecoli_genome	128.000000	0.000000	0.000000
149.999113	ecoli_transcript	11315.000000	0.000000	0.000000
149.999113	ecolipol	35.000000	0.000000	0.000000
149.999113	gene_A	129.000000	110.000000	0.272727
149.999113	gene_A*	45.000000	98.000000	0.163265
149.999113	gene_B	86.000000	105.000000	0.038095
149.999113	gene_C	42.000000	94.000000	0.042553
149.999113	gene_D	44.000000	89.000000	0.101124
149.999113	gene_E	36.000000	85.000000	0.035294
149.999113	gene_F	12.000000	60.000000	0.216667
149.999113	gene_G	2.000000	28.000000	0.214286
149.999113	gene_H	0.000000	12.000000	0.166667
149.999113	gene_J	27.000000	78.000000	0.153846
149.999113	gene_K	48.000000	96.000000	0.000000
149.999113	promoter_A	0.000000	0.000000	0.000000
149.999113	promoter_B1	0.000000	0.000000	0.000000
149.999113	promoter_D	0.000000	0.000000	0.000000
154.999144	__gene_A*_rbs	100.000000	0.000000	0.000000
154.999144	__gene_A_rbs	112.000000	0.000000	0.000000
154.999144	__gene_B_rbs	106.000000	0.000000	0.000000
154.999144	__gene_C_rbs	96.000000	0.000000	0.000000
154.999144	__gene_D_rbs	93.000000	0.000000	0.000000
154.999144	__gene_E_rbs	88.000000	0.000000	0.000000
154.999144	__gene_F_rbs	62.000000	0.000000	0.000000
154.999144	__gene_G_rbs	29.000000	0.000000	0.000000
154.999144	__gene_H_rbs	14.000000	0.000000	0.000000
154.999144	__gene_J_rbs	82.000000	0.000000	0.000000
154.999144	__gene_K_rbs	100.000000	0.000000	0.000000
154.999144	__ribosome	1.000000	0.000000	0.000000
154.999144	bound_ecolipol	1873.000000	0.000000	0.000000
154.999144	bound_ribosome	100.000000	0.000000	0.000000
154.999144	ecoli_genome	127.000000	0.000000	0.000000
154.999144	ecoli_transcript	11667.000000	0.000000	0.000000
154.999144	ecolipol	34.000000	0.000000	0.000000
154.999144	gene_A	135.000000	114.000000	0.236842
154.999144	gene_A*	49.000000	101.000000	0.128713
154.999144	gene_B	87.000000	108.000000	0.046296
154.999144	gene_C	44.000000	98.000000	0.030612
154.999144	gene_D	48.000000	93.000000	0.107527
154.999144	gene_E	37.000000	89.000000	0.056180
154.999144	gene_F	14.000000	62.000000	0.209677
154.999144	gene_G	2.000000	29.000000	0.241379
154.999144	gene_H	0.000000	14.000000	0.142857
154.999144	gene_J	31.000000	81.000000	0.148148
154.999144	gene_K	48.000000	100.000000	0.020000
154.999144	promoter_A	0.000000	0.000000	0.000000
154.999144	promoter_B1	0.000000	0.000000	0.000000
154.999144	promoter_D	0.000000	0.000000	0.000000
159.999164	__gene_A*_rbs	104.000000	0.000000	0.000000
159.999164	__gene_A_rbs	117.000000	0.000000	0.000000
159.999164	__gene_B_rbs	112.000000	0.000000	0.000000
159.999164	__gene_C_rbs	102.000000	0.000000	0.000000
159.999164	__gene_D_rbs	96.000000	0.000000	0.000000
159.999164	__gene_E_rbs	92.000000	0.000000	0.000000
159.999164	__gene_F_rbs	65.000000	0.000000	0.000000
159.999164	__gene_G_rbs	32.000000	0.000000	0.000000
159.999164	__gene_H_rbs	15.000000	0.000000	0.000000
159.999164	__gene_J_rbs	86.000000	0.000000	0.000000
159.999164	__gene_K_rbs	103.000000	0.000000	0.000000
159.999164	__ribosome	0.000000	0.000000	0.000000
159.999164	bound_ecolipol	1860.000000	0.000000	0.000000
159.999164	bound_ribosome	100.000000	0.000000	0.000000
159.999164	ecoli_genome	140.000000	0.000000	0.000000
159.999164	ecoli_transcript	12070.000000	0.000000	0.000000
159.999164	ecolipol	48.000000	0.000000	0.000000
159.999164	gene_A	137.000000	117.000000	0.239316
159.999164	gene_A*	53.000000	104.000000	0.096154
159.999164	gene_B	90.000000	112.000000	0.053571
159.999164	gene_C	46.000000	102.000000	0.029412
159.999164	gene_D	53.000000	97.000000	0.082474
159.999164	gene_E	39.000000	93.000000	0.053763
159.999164	gene_F	15.000000	65.000000	0.246154
159.999164	gene_G	2.000000	32.000000	0.250000
159.999164	gene_H	0.000000	15.000000	0.133333
159.999164	gene_J	36.000000	85.000000	0.129412
159.999164	gene_K	50.000000	104.000000	0.028846
159.999164	promoter_A	0.000000	0.000000	0.000000
159.999164	promoter_B1	0.000000	0.000000	0.000000
159.999164	promoter_D	0.000000	0.000000	0.000000
164.999312	__gene_A*_rbs	106.000000	0.000000	0.000000
164.999312	__gene_A_rbs	120.000000	0.000000	0.000000
164.999312	__gene_B_rbs	114.000000	0.000000	0.000000
164.999312	__gene_C_rbs	105.000000	0.000000	0.000000
164.999312	__gene_D_rbs	99.000000	0.000000	0.000000
164.999312	__gene_E_rbs	96.000000	0.000000	0.000000
164.999312	__gene_F_rbs	68.000000	0.000000	0.000000
164.999312	__gene_G_rbs	34.000000	0.000000	0.000000
164.999312	__gene_H_rbs	15.000000	0.000000	0.000000
164.999312	__gene_J_rbs	89.000000	0.000000	0.000000
164.999312	__gene_K_rbs	108.000000	0.000000	0.000000
164.999312	__ribosome	0.000000	0.000000	0.000000
164.999312	bound_ecolipol	1872.000000	0.000000	0.000000
164.999312	bound_ribosome	100.000000	0.000000	0.000000
164.999312	ecoli_genome	128.000000	0.000000	0.000000
164.999312	ecoli_transcript	12431.000000	0.000000	0.000000
164.999312	ecolipol	36.000000	0.000000	0.000000
164.999312	gene_A	138.000000	121.000000	0.239669
164.999312	gene_A*	55.000000	108.000000	0.083333
164.999312	gene_B	90.000000	116.000000	0.060345
164.999312	gene_C	47.000000	106.000000	0.028302
164.999312	gene_D	53.000000	100.000000	0.080000
164.999312	gene_E	42.000000	96.000000	0.020833
164.999312	gene_F	16.000000	68.000000	0.250000
164.999312	gene_G	2.000000	34.000000	0.294118
164.999312	gene_H	0.000000	15.000000	0.133333
164.999312	gene_J	37.000000	89.000000	0.123596
164.999312	gene_K	52.000000	108.000000	0.018519
164.999312	promoter_A	0.000000	0.000000	0.000000
164.999312	promoter_B1	0.000000	0.000000	0.000000
164.999312	promoter_D	0.000000	0.000000	0.000000
169.999000	__gene_A*_rbs	112.000000	0.000000	0.000000
169.999000	__gene_A_rbs	123.000000	0.000000	0.000000
169.999000	__gene_B_rbs	120.000000	0.000000	0.000000
169.999000	__gene_C_rbs	107.000000	0.000000	0.000000
169.999000	__gene_D_rbs	104.000000	0.000000	0.000000
169.999000	__gene_E_rbs	100.000000	0.000000	0.000000
169.999000	__gene_F_rbs	71.000000	0.000000	0.000000
169.999000	__gene_G_rbs	36.000000	0.000000	0.000000
169.999000	__gene_H_rbs	16.000000	0.000000	0.000000
169.999000	__gene_J_rbs	92.000000	0.000000	0.000000
169.999000	__gene_K_rbs	111.000000	0.000000	0.000000
169.999000	__ribosome	1.000000	0.000000	0.000000
169.999000	bound_ecolipol	1868.000000	0.000000	0.000000
169.999000	bound_ribosome	100.000000	0.000000	0.000000
169.999000	ecoli_genome	132.000000	0.000000	0.000000
169.999000	ecoli_transcript	12784.000000	0.000000	0.000000
169.999000	ecolipol	40.000000	0.000000	0.000000
169.999000	gene_A	143.000000	124.000000	0.217742
169.999000	gene_A*	57.000000	112.000000	0.107143
169.999000	gene_B	95.000000	120.000000	0.025000
169.999000	gene_C	49.000000	109.000000	0.018349
169.999000	gene_D	58.000000	104.000000	0.076923
169.999000	gene_E	44.000000	100.000000	0.040000
169.999000	gene_F	18.000000	71.000000	0.225352
169.999000	gene_G	4.000000	36.000000	0.222222
169.999000	gene_H	0.000000	16.000000	0.125000
169.999000	gene_J	38.000000	92.000000	0.152174
169.999000	gene_K	54.000000	112.000000	0.026786
169.999000	promoter_A	0.000000	0.000000	0.000000
169.999000	promoter_B1	0.000000	0.000000	0.000000
169.999000	promoter_D	0.000000	0.000000	0.000000
174.999022	__gene_A*_rbs	115.000000	0.000000	0.000000
174.999022	__gene_A_rbs	127.000000	0.000000	0.000000
174.999022	__gene_B_rbs	123.000000	0.000000	0.000000
174.999022	__gene_C_rbs	113.000000	0.000000	0.000000
174.999022	__gene_D_rbs	107.000000	0.000000	0.000000
174.999022	__gene_E_rbs	102.000000	0.000000	0.000000
174.999022	__gene_F_rbs	74.000000	0.000000	0.000000
174.999022	__gene_G_rbs	38.000000	0.000000	0.000000
174.999022	__gene_H_rbs	17.000000	0.000000	0.000000
174.999022	__gene_J_rbs	95.000000	0.000000	0.000000
174.999022	__gene_K_rbs	114.000000	0.000000	0.000000
174.999022	__ribosome	0.000000	0.000000	0.000000
174.999022	bound_ecolipol	1855.000000	0.000000	0.000000
174.999022	bound_ribosome	100.000000	0.000000	0.000000
174.999022	ecoli_genome	145.000000	0.000000	0.000000
174.999022	ecoli_transcript	13176.000000	0.000000	0.000000
174.999022	ecolipol	52.000000	0.000000	0.000000
174.999022	gene_A	146.000000	128.000000	0.218750
174.999022	gene_A*	59.000000	116.000000	0.094828
174.999022	gene_B	96.000000	123.000000	0.024390
174.999022	gene_C	51.000000	113.000000	0.017699
174.999022	gene_D	60.000000	108.000000	0.074074
174.999022	gene_E	45.000000	103.000000	0.067961
174.999022	gene_F	18.000000	74.000000	0.229730
174.999022	gene_G	4.000000	39.000000	0.230769
174.999022	gene_H	0.000000	18.000000	0.111111
174.999022	gene_J	42.000000	96.000000	0.135417
174.999022	gene_K	57.000000	115.000000	0.000000
174.999022	promoter_A	0.000000	0.000000	0.000000
174.999022	promoter_B1	0.000000	0.000000	0.000000
174.999022	promoter_D	0.000000	0.000000	0.000000
179.999309	__gene_A*_rbs	119.000000	0.000000	0.000000
179.999309	__gene_A_rbs	131.000000	0.000000	0.000000
179.999309	__gene_B_rbs	126.000000	0.000000	0.000000
179.999309	__gene_C_rbs	116.000000	0.000000	0.000000
179.999309	__gene_D_rbs	110.000000	0.000000	0.000000
179.999309	__gene_E_rbs	107.000000	0.000000	0.000000
179.999309	__gene_F_rbs	77.000000	0.000000	0.000000
179.999309	__gene_G_rbs	42.000000	0.000000	0.000000
179.999309	__gene_H_rbs	18.000000	0.000000	0.000000
179.999309	__gene_J_rbs	99.000000	0.000000	0.000000
179.999309	__gene_K_rbs	118.000000	0.000000	0.000000
179.999309	__ribosome	0.000000	0.000000	0.000000
179.999309	bound_ecolipol	1856.000000	0.000000	0.000000
179.999309	bound_ribosome	100.000000	0.000000	0.000000
179.999309	ecoli_genome	144.000000	0.000000	0.000000
179.999309	ecoli_transcript	13574.000000	0.000000	0.000000
179.999309	ecolipol	51.000000	0.000000	0.000000
179.999309	gene_A	147.000000	131.000000	0.213740
179.999309	gene_A*	60.000000	119.000000	0.092437
179.999309	gene_B	98.000000	126.000000	0.023810
179.999309	gene_C	51.000000	117.000000	0.034188
179.999309	gene_D	61.000000	111.000000	0.081081
179.999309	gene_E	49.000000	107.000000	0.046729
179.999309	gene_F	20.000000	78.000000	0.217949
179.999309	gene_G	5.000000	42.000000	0.190476
179.999309	gene_H	0.000000	18.000000	0.111111
179.999309	gene_J	43.000000	100.000000	0.130000
179.999309	gene_K	57.000000	118.000000	0.000000
179.999309	promoter_A	0.000000	0.000000	0.000000
179.999309	promoter_B1	0.000000	0.000000	0.000000
179.999309	promoter_D	0.000000	0.000000	0.000000
184.999024	__gene_A*_rbs	122.000000	0.000000	0.000000
184.999024	__gene_A_rbs	135.000000	0.000000	0.000000
184.999024	__gene_B_rbs	127.000000	0.000000	0.000000
184.999024	__gene_C_rbs	118.000000	0.000000	0.000000
184.999024	__gene_D_rbs	114.000000	0.000000	0.000000
184.999024	__gene_E_rbs	110.000000	0.000000	0.000000
184.999024	__gene_F_rbs	82.000000	0.000000	0.000000
184.999024	__gene_G_rbs	43.000000	0.000000	0.000000
184.999024	__gene_H_rbs	19.000000	0.000000	0.000000
184.999024	__gene_J_rbs	104.000000	0.000000	0.000000
184.999024	__gene_K_rbs	120.000000	0.000000	0.000000
184.999024	__ribosome	0.000000	0.000000	0.000000
184.999024	bound_ecolipol	1872.000000	0.000000	0.000000
184.999024	bound_ribosome	100.000000	0.000000	0.000000
184.999024	ecoli_genome	128.000000	0.000000	0.000000
184.999024	ecoli_transcript	13981.000000	0.000000	0.000000
184.999024	ecolipol	33.000000	0.000000	0.000000
184.999024	gene_A	150.000000	135.000000	0.207407
184.999024	gene_A*	61.000000	123.000000	0.097561
184.999024	gene_B	99.000000	130.000000	0.015385
184.999024	gene_C	54.000000	120.000000	0.041667
184.999024	gene_D	66.000000	115.000000	0.060870
184.999024	gene_E	53.000000	110.000000	0.054545
184.999024	gene_F	23.000000	82.000000	0.182927
184.999024	gene_G	6.000000	44.000000	0.181818
184.999024	gene_H	0.000000	19.000000	0.105263
184.999024	gene_J	44.000000	103.000000	0.116505
184.999024	gene_K	57.000000	121.000000	0.024793
184.999024	promoter_A	0.000000	0.000000	0.000000
184.999024	promoter_B1	0.000000	0.000000	0.000000
184.999024	promoter_D	0.000000	0.000000	0.000000
189.999057	__gene_A*_rbs	127.000000	0.000000	0.000000
189.999057	__gene_A_rbs	139.000000	0.000000	0.000000
189.999057	__gene_B_rbs	134.000000	0.000000	0.000000
189.999057	__gene_C_rbs	119.000000	0.000000	0.000000
189.999057	__gene_D_rbs	119.000000	0.000000	0.000000
189.999057	__gene_E_rbs	113.000000	0.000000	0.000000
189.999057	__gene_F_rbs	84.000000	0.000000	0.000000
189.999057	__gene_G_rbs	46.000000	0.000000	0.000000
189.999057	__gene_H_rbs	22.000000	0.000000	0.000000
189.999057	__gene_J_rbs	107.000000	0.000000	0.000000
189.999057	__gene_K_rbs	125.000000	0.000000	0.000000
189.999057	__ribosome	0.000000	0.000000	0.000000
189.999057	bound_ecolipol	1872.000000	0.000000	0.000000
189.999057	bound_ribosome	100.000000	0.000000	0.000000
189.999057	ecoli_genome	128.000000	0.000000	0.000000
189.999057	ecoli_transcript	14320.000000	0.000000	0.000000
189.999057	ecolipol	34.000000	0.000000	0.000000
189.999057	gene_A	153.000000	139.000000	0.201439
189.999057	gene_A*	62.000000	127.000000	0.102362
189.999057	gene_B	101.000000	134.000000	0.007463
189.999057	gene_C	56.000000	123.000000	0.048780
189.999057	gene_D	68.000000	119.000000	0.042017
189.999057	gene_E	55.000000	114.000000	0.035088
189.999057	gene_F	25.000000	84.000000	0.154762
189.999057	gene_G	6.000000	46.000000	0.173913
189.999057	gene_H	0.000000	22.000000	0.136364
189.999057	gene_J	44.000000	107.000000	0.140187
189.999057	gene_K	59.000000	125.000000	0.032000
189.999057	promoter_A	0.000000	0.000000	0.000000
189.999057	promoter_B1	0.000000	0.000000	0.000000
189.999057	promoter_D	0.000000	0.000000	0.000000
194.999065	__gene_A*_rbs	130.000000	0.000000	0.000000
194.999065	__gene_A_rbs	142.000000	0.000000	0.000000
194.999065	__gene_B_rbs	138.000000	0.000000	0.000000
194.999065	__gene_C_rbs	126.000000	0.000000	0.000000
194.999065	__gene_D_rbs	122.000000	0.000000	0.000000
194.999065	__gene_E_rbs	118.000000	0.000000	0.000000
194.999065	__gene_F_rbs	85.000000	0.000000	0.000000
194.999065	__gene_G_rbs	48.000000	0.000000	0.000000
194.999065	__gene_H_rbs	24.000000	0.000000	0.000000
194.999065	__gene_J_rbs	111.000000	0.000000	0.000000
194.999065	__gene_K_rbs	129.000000	0.000000	0.000000
194.999065	__ribosome	0.000000	0.000000	0.000000
194.999065	bound_ecolipol	1870.000000	0.000000	0.000000
194.999065	bound_ribosome	100.000000	0.000000	0.000000
194.999065	ecoli_genome	130.000000	0.000000	0.000000
194.999065	ecoli_transcript	14699.000000	0.000000	0.000000
194.999065	ecolipol	35.000000	0.000000	0.000000
194.999065	gene_A	156.000000	142.000000	0.190141
194.999065	gene_A*	63.000000	131.000000	0.122137
194.999065	gene_B	101.000000	138.000000	0.021739
194.999065	gene_C	59.000000	127.000000	0.039370
194.999065	gene_D	70.000000	122.000000	0.024590
194.999065	gene_E	59.000000	118.000000	0.008475
194.999065	gene_F	26.000000	85.000000	0.188235
194.999065	gene_G	6.000000	49.000000	0.204082
194.999065	gene_H	0.000000	24.000000	0.166667
194.999065	gene_J	47.000000	111.000000	0.126126
194.999065	gene_K	63.000000	129.000000	0.007752
194.999065	promoter_A	0.000000	0.000000	0.000000
194.999065	promoter_B1	0.000000	0.000000	0.000000
194.999065	promoter_D	0.000000	0.000000	0.000000
199.999111	__gene_A*_rbs	135.000000	0.000000	0.000000
199.999111	__gene_A_rbs	146.000000	0.000000	0.000000
199.999111	__gene_B_rbs	140.000000	0.000000	0.000000
199.999111	__gene_C_rbs	128.000000	0.000000	0.000000
199.999111	__gene_D_rbs	126.000000	0.000000	0.000000
199.999111	__gene_E_rbs	122.000000	0.000000	0.000000
199.999111	__gene_F_rbs	88.000000	0.000000	0.000000
199.999111	__gene_G_rbs	50.000000	0.000000	0.000000
199.999111	__gene_H_rbs	26.000000	0.000000	0.000000
199.999111	__gene_J_rbs	115.000000	0.000000	0.000000
199.999111	__gene_K_rbs	132.000000	0.000000	0.000000
199.999111	__ribosome	0.000000	0.000000	0.000000
199.999111	bound_ecolipol	1871.000000	0.000000	0.000000
199.999111	bound_ribosome	100.000000	0.000000	0.000000
199.999111	ecoli_genome	129.000000	0.000000	0.000000
199.999111	ecoli_transcript	15061.000000	0.000000	0.000000
199.999111	ecolipol	36.000000	0.000000	0.000000
199.999111	gene_A	157.000000	146.000000	0.191781
199.999111	gene_A*	64.000000	135.000000	0.111111
199.999111	gene_B	102.000000	141.000000	0.021277
199.999111	gene_C	62.000000	130.000000	0.030769
199.999111	gene_D	73.000000	126.000000	0.000000
199.999111	gene_E	59.000000	122.000000	0.040984
199.999111	gene_F	28.000000	88.000000	0.181818
199.999111	gene_G	6.000000	50.000000	0.220000
199.999111	gene_H	0.000000	26.000000	0.153846
199.999111	gene_J	48.000000	114.000000	0.114035
199.999111	gene_K	64.000000	133.000000	0.007519
199.999111	promoter_A	0.000000	0.000000	0.000000
199.999111	promoter_B1	0.000000	0.000000	0.000000
199.999111	promoter_D	0.000000	0.000000	0.000000
204.999069	__gene_A*_rbs	137.000000	0.000000	0.000000
204.999069	__gene_A_rbs	149.000000	0.000000	0.000000
204.999069	__gene_B_rbs	144.000000	0.000000	0.000000
204.999069	__gene_C_rbs	134.000000	0.000000	0.000000
204.999069	__gene_D_rbs	130.000000	0.000000	0.000000
204.999069	__gene_E_rbs	126.000000	0.000000	0.000000
204.999069	__gene_F_rbs	88.000000	0.000000	0.000000
204.999069	__gene_G_rbs	52.000000	0.000000	0.000000
204.999069	__gene_H_rbs	29.000000	0.000000	0.000000
204.999069	__gene_J_rbs	118.000000	0.000000	0.000000
204.999069	__gene_K_rbs	134.000000	0.000000	0.000000
204.999069	__ribosome	0.000000	0.000000	0.000000
204.999069	bound_ecolipol	1857.000000	0.000000	0.000000
204.999069	bound_ribosome	100.000000	0.000000	0.000000
204.999069	ecoli_genome	143.000000	0.000000	0.000000
204.999069	ecoli_transcript	15449.000000	0.000000	0.000000
204.999069	ecolipol	52.000000	0.000000	0.000000
204.999069	gene_A	160.000000	149.000000	0.181208
204.999069	gene_A*	69.000000	138.000000	0.094203
204.999069	gene_B	104.000000	144.000000	0.027778
204.999069	gene_C	64.000000	134.000000	0.029851
204.999069	gene_D	73.000000	130.000000	0.000000
204.999069	gene_E	60.000000	126.000000	0.047619
204.999069	gene_F	31.000000	88.000000	0.147727
204.999069	gene_G	7.000000	52.000000	0.192308
204.999069	gene_H	0.000000	29.000000	0.137931
204.999069	gene_J	48.000000	117.000000	0.136752
204.999069	gene_K	65.000000	136.000000	0.022059
204.999069	promoter_A	0.000000	0.000000	0.000000
204.999069	promoter_B1	0.000000	0.000000	0.000000
204.999069	promoter_D	0.000000	0.000000	0.000000
209.999381	__gene_A*_rbs	141.000000	0.000000	0.000000
209.999381	__gene_A_rbs	151.000000	0.000000	0.000000
209.999381	__gene_B_rbs	148.000000	0.000000	0.000000
209.999381	__gene_C_rbs	136.000000	0.000000	0.000000
209.999381	__gene_D_rbs	133.000000	0.000000	0.000000
209.999381	__gene_E_rbs	129.000000	0.000000	0.000000
209.999381	__gene_F_rbs	91.000000	0.000000	0.000000
209.999381	__gene_G_rbs	54.000000	0.000000	0.000000
209.999381	__gene_H_rbs	32.000000	0.000000	0.000000
209.999381	__gene_J_rbs	122.000000	0.000000	0.000000
209.999381	__gene_K_rbs	140.000000	0.000000	0.000000
209.999381	__ribosome	0.000000	0.000000	0.000000
209.999381	bound_ecolipol	1876.000000	0.000000	0.000000
209.999381	bound_ribosome	100.000000	0.000000	0.000000
209.999381	ecoli_genome	124.000000	0.000000	0.000000
209.999381	ecoli_transcript	15791.000000	0.000000	0.000000
209.999381	ecolipol	32.000000	0.000000	0.000000
209.999381	gene_A	164.000000	153.000000	0.163399
209.999381	gene_A*	70.000000	142.000000	0.112676
209.999381	gene_B	105.000000	148.000000	0.020270
209.999381	gene_C	66.000000	138.000000	0.036232
209.999381	gene_D	73.000000	133.000000	0.007519
209.999381	gene_E	66.000000	129.000000	0.015504
209.999381	gene_F	33.000000	91.000000	0.120879
209.999381	gene_G	7.000000	54.000000	0.185185
209.999381	gene_H	0.000000	32.000000	0.156250
209.999381	gene_J	49.000000	121.000000	0.157025
209.999381	gene_K	68.000000	140.000000	0.021429
209.999381	promoter_A	0.000000	0.000000	0.000000
209.999381	promoter_B1	0.000000	0.000000	0.000000
209.999381	promoter_D	0.000000	0.000000	0.000000
214.999058	__gene_A*_rbs	145.000000	0.000000	0.000000
214.999058	__gene_A_rbs	155.000000	0.000000	0.000000
214.999058	__gene_B_rbs	152.000000	0.000000	0.000000
214.999058	__gene_C_rbs	141.000000	0.000000	0.000000
214.999058	__gene_D_rbs	137.000000	0.000000	0.000000
214.999058	__gene_E_rbs	133.000000	0.000000	0.000000
214.999058	__gene_F_rbs	92.000000	0.000000	0.000000
214.999058	__gene_G_rbs	55.000000	0.000000	0.000000
214.999058	__gene_H_rbs	32.000000	0.000000	0.000000
214.999058	__gene_J_rbs	125.000000	0.000000	0.000000
214.999058	__gene_K_rbs	142.000000	0.000000	0.000000
214.999058	__ribosome	0.000000	0.000000	0.000000
214.999058	bound_ecolipol	1877.000000	0.000000	0.000000
214.999058	bound_ribosome	100.000000	0.000000	0.000000
214.999058	ecoli_genome	123.000000	0.000000	0.000000
214.999058	ecoli_transcript	16171.000000	0.000000	0.000000
214.999058	ecolipol	31.000000	0.000000	0.000000
214.999058	gene_A	165.000000	156.000000	0.166667
214.999058	gene_A*	72.000000	145.000000	0.096552
214.999058	gene_B	107.000000	152.000000	0.013158
214.999058	gene_C	68.000000	142.000000	0.028169
214.999058	gene_D	73.000000	137.000000	0.029197
214.999058	gene_E	66.000000	133.000000	0.015038
214.999058	gene_F	34.000000	92.000000	0.108696
214.999058	gene_G	7.000000	55.000000	0.181818
214.999058	gene_H	0.000000	32.000000	0.156250
214.999058	gene_J	49.000000	125.000000	0.160000
214.999058	gene_K	71.000000	144.000000	0.020833
214.999058	promoter_A	0.000000	0.000000	0.000000
214.999058	promoter_B1	0.000000	0.000000	0.000000
214.999058	promoter_D	0.000000	0.000000	0.000000
219.999199	__gene_A*_rbs	148.000000	0.000000	0.000000
219.999199	__gene_A_rbs	160.000000	0.000000	0.000000
219.999199	__gene_B_rbs	156.000000	0.000000	0.000000
219.999199	__gene_C_rbs	145.000000	0.000000	0.000000
219.999199	__gene_D_rbs	140.000000	0.000000	0.000000
219.999199	__gene_E_rbs	137.000000	0.000000	0.000000
219.999199	__gene_F_rbs	95.000000	0.000000	0.000000
219.999199	__gene_G_rbs	57.000000	0.000000	0.000000
219.999199	__gene_H_rbs	34.000000	0.000000	0.000000
219.999199	__gene_J_rbs	130.000000	0.000000	0.000000
219.999199	__gene_K_rbs	146.000000	0.000000	0.000000
219.999199	__ribosome	0.000000	0.000000	0.000000
219.999199	bound_ecolipol	1862.000000	0.000000	0.000000
219.999199	bound_ribosome	100.000000	0.000000	0.000000
219.999199	ecoli_genome	138.000000	0.000000	0.000000
219.999199	ecoli_transcript	16575.000000	0.000000	0.000000
219.999199	ecolipol	49.000000	0.000000	0.000000
219.999199	gene_A	168.000000	160.000000	0.143750
219.999199	gene_A*	73.000000	149.000000	0.100671
219.999199	gene_B	108.000000	156.000000	0.025641
219.999199	gene_C	72.000000	145.000000	0.000000
219.999199	gene_D	73.000000	140.000000	0.035714
219.999199	gene_E	68.000000	137.000000	0.014599
219.999199	gene_F	36.000000	95.000000	0.105263
219.999199	gene_G	8.000000	57.000000	0.175439
219.999199	gene_H	0.000000	34.000000	0.176471
219.999199	gene_J	50.000000	129.000000	0.178295
219.999199	gene_K	73.000000	147.000000	0.013605
219.999199	promoter_A	0.000000	0.000000	0.000000
219.999199	promoter_B1	0.000000	0.000000	0.000000
219.999199	promoter_D	0.000000	0.000000	0.000000
224.999094	__gene_A*_rbs	152.000000	0.000000	0.000000
224.999094	__gene_A_rbs	164.000000	0.000000	0.000000
224.999094	__gene_B_rbs	158.000000	0.000000	0.000000
224.999094	__gene_C_rbs	147.000000	0.000000	0.000000
224.999094	__gene_D_rbs	144.000000	0.000000	0.000000
224.999094	__gene_E_rbs	139.000000	0.000000	0.000000
224.999094	__gene_F_rbs	98.000000	0.000000	0.000000
224.999094	__gene_G_rbs	59.000000	0.000000	0.000000
224.999094	__gene_H_rbs	34.000000	0.000000	0.000000
224.999094	__gene_J_rbs	133.000000	0.000000	0.000000
224.999094	__gene_K_rbs	148.000000	0.000000	0.000000
224.999094	__ribosome	0.000000	0.000000	0.000000
224.999094	bound_ecolipol	1878.000000	0.000000	0.000000
224.999094	bound_ribosome	100.000000	0.000000	0.000000
224.999094	ecoli_genome	122.000000	0.000000	0.000000
224.999094	ecoli_transcript	16923.000000	0.000000	0.000000
224.999094	ecolipol	33.000000	0.000000	0.000000
224.999094	gene_A	171.000000	164.000000	0.140244
224.999094	gene_A*	75.000000	152.000000	0.092105
224.999094	gene_B	108.000000	159.000000	0.044025
224.999094	gene_C	72.000000	149.000000	0.020134
224.999094	gene_D	74.000000	144.000000	0.034722
224.999094	gene_E	68.000000	140.000000	0.014286
224.999094	gene_F	37.000000	98.000000	0.091837
224.999094	gene_G	8.000000	59.000000	0.169492
224.999094	gene_H	0.000000	34.000000	0.176471
224.999094	gene_J	53.000000	133.000000	0.150376
224.999094	gene_K	75.000000	150.000000	0.006667
224.999094	promoter_A	0.000000	0.000000	0.000000
224.999094	promoter_B1	0.000000	0.000000	0.000000
224.999094	promoter_D	0.000000	0.000000	0.000000
229.999271	__gene_A*_rbs	155.000000	0.000000	0.000000
229.999271	__gene_A_rbs	168.000000	0.000000	0.000000
229.999271	__gene_B_rbs	163.000000	0.000000	0.000000
229.999271	__gene_C_rbs	151.000000	0.000000	0.000000
229.999271	__gene_D_rbs	146.000000	0.000000	0.000000
229.999271	__gene_E_rbs	144.000000	0.000000	0.000000
229.999271	__gene_F_rbs	102.000000	0.000000	0.000000
229.999271	__gene_G_rbs	61.000000	0.000000	0.000000
229.999271	__gene_H_rbs	36.000000	0.000000	0.000000
229.999271	__gene_J_rbs	137.000000	0.000000	0.000000
229.999271	__gene_K_rbs	153.000000	0.000000	0.000000
229.999271	__ribosome	1.000000	0.000000	0.000000
229.999271	bound_ecolipol	1867.000000	0.000000	0.000000
229.999271	bound_ribosome	100.000000	0.000000	0.000000
229.999271	ecoli_genome	133.000000	0.000000	0.000000
229.999271	ecoli_transcript	17287.000000	0.000000	0.000000
229.999271	ecolipol	46.000000	0.000000	0.000000
229.999271	gene_A	174.000000	168.000000	0.136905
229.999271	gene_A*	79.000000	155.000000	0.077419
229.999271	gene_B	111.000000	163.000000	0.036810
229.999271	gene_C	73.000000	152.000000	0.013158
229.999271	gene_D	77.000000	148.000000	0.027027
229.999271	gene_E	70.000000	144.000000	0.013889
229.999271	gene_F	38.000000	102.000000	0.107843
229.999271	gene_G	8.000000	61.000000	0.163934
229.999271	gene_H	0.000000	36.000000	0.194444
229.999271	gene_J	53.000000	136.000000	0.161765
229.999271	gene_K	76.000000	154.000000	0.000000
229.999271	promoter_A	0.000000	0.000000	0.000000
229.999271	promoter_B1	0.000000	0.000000	0.000000
229.999271	promoter_D	0.000000	0.000000	0.000000
234.999104	__gene_A*_rbs	159.000000	0.000000	0.000000
234.999104	__gene_A_rbs	172.000000	0.000000	0.000000
234.999104	__gene_B_rbs	167.000000	0.000000	0.000000
234.999104	__gene_C_rbs	156.000000	0.000000	0.000000
234.999104	__gene_D_rbs	151.000000	0.000000	0.000000
234.999104	__gene_E_rbs	147.000000	0.000000	0.000000
234.999104	__gene_F_rbs	104.000000	0.000000	0.000000
234.999104	__gene_G_rbs	64.000000	0.000000	0.000000
234.999104	__gene_H_rbs	38.000000	0.000000	0.000000
234.999104	__gene_J_rbs	140.000000	0.000000	0.000000
234.999104	__gene_K_rbs	156.000000	0.000000	0.000000
234.999104	__ribosome	0.000000	0.000000	0.000000
234.999104	bound_ecolipol	1880.000000	0.000000	0.000000
234.999104	bound_ribosome	100.000000	0.000000	0.000000
234.999104	ecoli_genome	120.000000	0.000000	0.000000
234.999104	ecoli_transcript	17677.000000	0.000000	0.000000
234.999104	ecolipol	34.000000	0.000000	0.000000
234.999104	gene_A	177.000000	172.000000	0.122093
234.999104	gene_A*	79.000000	159.000000	0.081761
234.999104	gene_B	113.000000	167.000000	0.035928
234.999104	gene_C	75.000000	156.000000	0.000000
234.999104	gene_D	78.000000	151.000000	0.033113
234.999104	gene_E	70.000000	147.000000	0.020408
234.999104	gene_F	38.000000	104.000000	0.105769
234.999104	gene_G	8.000000	64.000000	0.156250
234.999104	gene_H	0.000000	38.000000	0.184211
234.999104	gene_J	54.000000	140.000000	0.171429
234.999104	gene_K	76.000000	158.000000	0.000000
234.999104	promoter_A	0.000000	0.000000	0.000000
234.999104	promoter_B1	0.000000	0.000000	0.000000
234.999104	promoter_D	0.000000	0.000000	0.000000
239.999380	__gene_A*_rbs	162.000000	0.000000	0.000000
239.999380	__gene_A_rbs	175.000000	0.000000	0.000000
239.999380	__gene_B_rbs	169.000000	0.000000	0.000000
239.999380	__gene_C_rbs	157.000000	0.000000	0.000000
239.999380	__gene_D_rbs	154.000000	0.000000	0.000000
239.999380	__gene_E_rbs	149.000000	0.000000	0.000000
239.999380	__gene_F_rbs	106.000000	0.000000	0.000000
239.999380	__gene_G_rbs	65.000000	0.000000	0.000000
239.999380	__gene_H_rbs	38.000000	0.000000	0.000000
239.999380	__gene_J_rbs	144.000000	0.000000	0.000000
239.999380	__gene_K_rbs	158.000000	0.000000	0.000000
239.999380	__ribosome	0.000000	0.000000	0.000000
239.999380	bound_ecolipol	1875.000000	0.000000	0.000000
239.999380	bound_ribosome	100.000000	0.000000	0.000000
239.999380	ecoli_genome	125.000000	0.000000	0.000000
239.999380	ecoli_transcript	18047.000000	0.000000	0.000000
239.999380	ecolipol	39.000000	0.000000	0.000000
239.999380	gene_A	181.000000	175.000000	0.120000
239.999380	gene_A*	83.000000	162.000000	0.067901
239.999380	gene_B	117.000000	170.000000	0.029412
239.999380	gene_C	75.000000	159.000000	0.018868
239.999380	gene_D	79.000000	154.000000	0.038961
239.999380	gene_E	73.000000	151.000000	0.013245
239.999380	gene_F	43.000000	107.000000	0.084112
239.999380	gene_G	8.000000	65.000000	0.169231
239.999380	gene_H	0.000000	38.000000	0.184211
239.999380	gene_J	57.000000	143.000000	0.167832
239.999380	gene_K	76.000000	161.000000	0.006211
239.999380	promoter_A	0.000000	0.000000	0.000000
239.999380	promoter_B1	0.000000	0.000000	0.000000
239.999380	promoter_D	0.000000	0.000000	0.000000
244.999017	__gene_A*_rbs	165.000000	0.000000	0.000000
244.999017	__gene_A_rbs	179.000000	0.000000	0.000000
244.999017	__gene_B_rbs	174.000000	0.000000	0.000000
244.999017	__gene_C_rbs	161.000000	0.000000	0.000000
244.999017	__gene_D_rbs	158.000000	0.000000	0.000000
244.999017	__gene_E_rbs	153.000000	0.000000	0.000000
244.999017	__gene_F_rbs	110.000000	0.000000	0.000000
244.999017	__gene_G_rbs	65.000000	0.000000	0.000000
244.999017	__gene_H_rbs	39.000000	0.000000	0.000000
244.999017	__gene_J_rbs	145.000000	0.000000	0.000000
244.999017	__gene_K_rbs	165.000000	0.000000	0.000000
244.999017	__ribosome	0.000000	0.000000	0.000000
244.999017	bound_ecolipol	1878.000000	0.000000	0.000000
244.999017	bound_ribosome	100.000000	0.000000	0.000000
244.999017	ecoli_genome	122.000000	0.000000	0.000000
244.999017	ecoli_transcript	18399.000000	0.000000	0.000000
244.999017	ecolipol	36.000000	0.000000	0.000000
244.999017	gene_A	183.000000	179.000000	0.106145
244.999017	gene_A*	86.000000	166.000000	0.048193
244.999017	gene_B	118.000000	174.000000	0.022989
244.999017	gene_C	77.000000	163.000000	0.024540
244.999017	gene_D	81.000000	158.000000	0.037975
244.999017	gene_E	73.000000	154.000000	0.025974
244.999017	gene_F	44.000000	110.000000	0.072727
244.999017	gene_G	8.000000	65.000000	0.184615
244.999017	gene_H	0.000000	39.000000	0.205128
244.999017	gene_J	59.000000	147.000000	0.176871
244.999017	gene_K	77.000000	165.000000	0.006061
244.999017	promoter_A	0.000000	0.000000	0.000000
244.999017	promoter_B1	0.000000	0.000000	0.000000
244.999017	promoter_D	0.000000	0.000000	0.000000
249.999990	__gene_A*_rbs	169.000000	0.000000	0.000000
249.999990	__gene_A_rbs	182.000000	0.000000	0.000000
249.999990	__gene_B_rbs	175.000000	0.000000	0.000000
249.999990	__gene_C_rbs	166.000000	0.000000	0.000000
249.999990	__gene_D_rbs	162.000000	0.000000	0.000000
249.999990	__gene_E_rbs	157.000000	0.000000	0.000000
249.999990	__gene_F_rbs	111.000000	0.000000	0.000000
249.999990	__gene_G_rbs	67.000000	0.000000	0.000000
249.999990	__gene_H_rbs	39.000000	0.000000	0.000000
249.999990	__gene_J_rbs	152.000000	0.000000	0.000000
249.999990	__gene_K_rbs	168.000000	0.000000	0.000000
249.999990	__ribosome	0.000000	0.000000	0.000000
249.999990	bound_ecolipol	1875.000000	0.000000	0.000000
249.999990	bound_ribosome	100.000000	0.000000	0.000000
249.999990	ecoli_genome	125.000000	0.000000	0.000000
249.999990	ecoli_transcript	18768.000000	0.000000	0.000000
249.999990	ecolipol	39.000000	0.000000	0.000000
249.999990	gene_A	185.000000	183.000000	0.103825
249.999990	gene_A*	86.000000	169.000000	0.059172
249.999990	gene_B	120.000000	177.000000	0.022599
249.999990	gene_C	79.000000	166.000000	0.018072
249.999990	gene_D	83.000000	162.000000	0.030864
249.999990	gene_E	75.000000	158.000000	0.025316
249.999990	gene_F	44.000000	111.000000	0.072072
249.999990	gene_G	8.000000	67.000000	0.194030
249.999990	gene_H	0.000000	39.000000	0.205128
249.999990	gene_J	63.000000	151.000000	0.158940
249.999990	gene_K	78.000000	168.000000	0.011905
249.999990	promoter_A	0.000000	0.000000	0.000000
249.999990	promoter_B1	0.000000	0.000000	0.000000
249.999990	promoter_D	0.000000	0.000000	0.000000
254.999090	__gene_A*_rbs	171.000000	0.000000	0.000000
254.999090	__gene_A_rbs	186.000000	0.000000	0.000000
254.999090	__gene_B_rbs	181.000000	0.000000	0.000000
254.999090	__gene_C_rbs	169.000000	0.000000	0.000000
254.999090	__gene_D_rbs	165.000000	0.000000	0.000000
254.999090	__gene_E_rbs	161.000000	0.000000	0.000000
254.999090	__gene_F_rbs	114.000000	0.000000	0.000000
254.999090	__gene_G_rbs	70.000000	0.000000	0.000000
254.999090	__gene_H_rbs	40.000000	0.000000	0.000000
254.999090	__gene_J_rbs	155.000000	0.000000	0.000000
254.999090	__gene_K_rbs	172.000000	0.000000	0.000000
254.999090	__ribosome	0.000000	0.000000	0.000000
254.999090	bound_ecolipol	1869.000000	0.000000	0.000000
254.999090	bound_ribosome	100.000000	0.000000	0.000000
254.999090	ecoli_genome	131.000000	0.000000	0.000000
254.999090	ecoli_transcript	19162.000000	0.000000	0.000000
254.999090	ecolipol	45.000000	0.000000	0.000000
254.999090	gene_A	187.000000	186.000000	0.091398
254.999090	gene_A*	87.000000	173.000000	0.063584
254.999090	gene_B	122.000000	181.000000	0.022099
254.999090	gene_C	81.000000	170.000000	0.023529
254.999090	gene_D	85.000000	165.000000	0.018182
254.999090	gene_E	77.000000	161.000000	0.024845
254.999090	gene_F	44.000000	114.000000	0.096491
254.999090	gene_G	8.000000	70.000000	0.200000
254.999090	gene_H	0.000000	40.000000	0.225000
254.999090	gene_J	64.000000	154.000000	0.149351
254.999090	gene_K	80.000000	171.000000	0.000000
254.999090	promoter_A	0.000000	0.000000	0.000000
254.999090	promoter_B1	0.000000	0.000000	0.000000
254.999090	promoter_D	0.000000	0.000000	0.000000
259.999178	__gene_A*_rbs	177.000000	0.000000	0.000000
259.999178	__gene_A_rbs	190.000000	0.000000	0.000000
259.999178	__gene_B_rbs	181.000000	0.000000	0.000000
259.999178	__gene_C_rbs	174.000000	0.000000	0.000000
259.999178	__gene_D_rbs	169.000000	0.000000	0.000000
259.999178	__gene_E_rbs	165.000000	0.000000	0.000000
259.999178	__gene_F_rbs	117.000000	0.000000	0.000000
259.999178	__gene_G_rbs	71.000000	0.000000	0.000000
259.999178	__gene_H_rbs	40.000000	0.000000	0.000000
259.999178	__gene_J_rbs	158.000000	0.000000	0.000000
259.999178	__gene_K_rbs	176.000000	0.000000	0.000000
259.999178	__ribosome	0.000000	0.000000	0.000000
259.999178	bound_ecolipol	1870.000000	0.000000	0.000000
259.999178	bound_ribosome	100.000000	0.000000	0.000000
259.999178	ecoli_genome	130.000000	0.000000	0.000000
259.999178	ecoli_transcript	19523.000000	0.000000	0.000000
259.999178	ecolipol	44.000000	0.000000	0.000000
259.999178	gene_A	187.000000	190.000000	0.089474
259.999178	gene_A*	89.000000	177.000000	0.050847
259.999178	gene_B	124.000000	184.000000	0.048913
259.999178	gene_C	83.000000	174.000000	0.011494
259.999178	gene_D	87.000000	169.000000	0.011834
259.999178	gene_E	79.000000	165.000000	0.018182
259.999178	gene_F	46.000000	117.000000	0.076923
259.999178	gene_G	8.000000	72.000000	0.208333
259.999178	gene_H	0.000000	40.000000	0.250000
259.999178	gene_J	64.000000	157.000000	0.152866
259.999178	gene_K	80.000000	175.000000	0.000000
259.999178	promoter_A	0.000000	0.000000	0.000000
259.999178	promoter_B1	0.000000	0.000000	0.000000
259.999178	promoter_D	0.000000	0.000000	0.000000
264.999484	__gene_A*_rbs	181.000000	0.000000	0.000000
264.999484	__gene_A_rbs	193.000000	0.000000	0.000000
264.999484	__gene_B_rbs	185.000000	0.000000	0.000000
264.999484	__gene_C_rbs	175.000000	0.000000	0.000000
264.999484	__gene_D_rbs	173.000000	0.000000	0.000000
264.999484	__gene_E_rbs	168.000000	0.000000	0.000000
264.999484	__gene_F_rbs	120.000000	0.000000	0.000000
264.999484	__gene_G_rbs	73.000000	0.000000	0.000000
264.999484	__gene_H_rbs	41.000000	0.000000	0.000000
264.999484	__gene_J_rbs	162.000000	0.000000	0.000000
264.999484	__gene_K_rbs	180.000000	0.000000	0.000000
264.999484	__ribosome	0.000000	0.000000	0.000000
264.999484	bound_ecolipol	1882.000000	0.000000	0.000000
264.999484	bound_ribosome	100.000000	0.000000	0.000000
264.999484	ecoli_genome	118.000000	0.000000	0.000000
264.999484	ecoli_transcript	19889.000000	0.000000	0.000000
264.999484	ecolipol	32.000000	0.000000	0.000000
264.999484	gene_A	189.000000	193.000000	0.082902
264.999484	gene_A*	92.000000	181.000000	0.049724
264.999484	gene_B	125.000000	187.000000	0.053476
264.999484	gene_C	85.000000	178.000000	0.011236
264.999484	gene_D	88.000000	173.000000	0.005780
264.999484	gene_E	82.000000	169.000000	0.017751
264.999484	gene_F	46.000000	120.000000	0.075000
264.999484	gene_G	9.000000	73.000000	0.191781
264.999484	gene_H	0.000000	41.000000	0.243902
264.999484	gene_J	65.000000	161.000000	0.155280
264.999484	gene_K	80.000000	179.000000	0.005587
264.999484	promoter_A	0.000000	0.000000	0.000000
264.999484	promoter_B1	0.000000	0.000000	0.000000
264.999484	promoter_D	0.000000	0.000000	0.000000
269.999215	__gene_A*_rbs	183.000000	0.000000	0.000000
269.999215	__gene_A_rbs	197.000000	0.000000	0.000000
269.999215	__gene_B_rbs	190.000000	0.000000	0.000000
269.999215	__gene_C_rbs	181.000000	0.000000	0.000000
269.999215	__gene_D_rbs	177.000000	0.000000	0.000000
269.999215	__gene_E_rbs	173.000000	0.000000	0.000000
269.999215	__gene_F_rbs	122.000000	0.000000	0.000000
269.999215	__gene_G_rbs	75.000000	0.000000	0.000000
269.999215	__gene_H_rbs	43.000000	0.000000	0.000000
269.999215	__gene_J_rbs	166.000000	0.000000	0.000000
269.999215	__gene_K_rbs	184.000000	0.000000	0.000000
269.999215	__ribosome	0.000000	0.000000	0.000000
269.999215	bound_ecolipol	1879.000000	0.000000	0.000000
269.999215	bound_ribosome	100.000000	0.000000	0.000000
269.999215	ecoli_genome	121.000000	0.000000	0.000000
269.999215	ecoli_transcript	20254.000000	0.000000	0.000000
269.999215	ecolipol	32.000000	0.000000	0.000000
269.999215	gene_A	191.000000	197.000000	0.071066
269.999215	gene_A*	92.000000	184.000000	0.054348
269.999215	gene_B	127.000000	190.000000	0.052632
269.999215	gene_C	86.000000	182.000000	0.010989
269.999215	gene_D	88.000000	177.000000	0.011299
269.999215	gene_E	82.000000	173.000000	0.028902
269.999215	gene_F	47.000000	122.000000	0.073770
269.999215	gene_G	11.000000	75.000000	0.173333
269.999215	gene_H	0.000000	43.000000	0.232558
269.999215	gene_J	67.000000	165.000000	0.145455
269.999215	gene_K	81.000000	183.000000	0.005464
269.999215	promoter_A	0.000000	0.000000	0.000000
269.999215	promoter_B1	0.000000	0.000000	0.000000
269.999215	promoter_D	0.000000	0.000000	0.000000
274.999264	__gene_A*_rbs	188.000000	0.000000	0.000000
274.999264	__gene_A_rbs	200.000000	0.000000	0.000000
274.999264	__gene_B_rbs	191.000000	0.000000	0.000000
274.999264	__gene_C_rbs	185.000000	0.000000	0.000000
274.999264	__gene_D_rbs	179.000000	0.000000	0.000000
274.999264	__gene_E_rbs	175.000000	0.000000	0.000000
274.999264	__gene_F_rbs	125.000000	0.000000	0.000000
274.999264	__gene_G_rbs	78.000000	0.000000	0.000000
274.999264	__gene_H_rbs	46.000000	0.000000	0.000000
274.999264	__gene_J_rbs	169.000000	0.000000	0.000000
274.999264	__gene_K_rbs	186.000000	0.000000	0.000000
274.999264	__ribosome	1.000000	0.000000	0.000000
274.999264	bound_ecolipol	1875.000000	0.000000	0.000000
274.999264	bound_ribosome	100.000000	0.000000	0.000000
274.999264	ecoli_genome	125.000000	0.000000	0.000000
274.999264	ecoli_transcript	20646.000000	0.000000	0.000000
274.999264	ecolipol	36.000000	0.000000	0.000000
274.999264	gene_A	193.000000	201.000000	0.064677
274.999264	gene_A*	94.000000	188.000000	0.042553
274.999264	gene_B	134.000000	194.000000	0.030928
274.999264	gene_C	87.000000	185.000000	0.005405
274.999264	gene_D	89.000000	180.000000	0.016667
274.999264	gene_E	86.000000	176.000000	0.011364
274.999264	gene_F	49.000000	125.000000	0.096000
274.999264	gene_G	11.000000	78.000000	0.166667
274.999264	gene_H	0.000000	46.000000	0.217391
274.999264	gene_J	67.000000	168.000000	0.160714
274.999264	gene_K	81.000000	186.000000	0.021505
274.999264	promoter_A	0.000000	0.000000	0.000000
274.999264	promoter_B1	0.000000	0.000000	0.000000
274.999264	promoter_D	0.000000	0.000000	0.000000
279.999006	__gene_A*_rbs	192.000000	0.000000	0.000000
279.999006	__gene_A_rbs	205.000000	0.000000	0.000000
279.999006	__gene_B_rbs	197.000000	0.000000	0.000000
279.999006	__gene_C_rbs	187.000000	0.000000	0.000000
279.999006	__gene_D_rbs	184.000000	0.000000	0.000000
279.999006	__gene_E_rbs	180.000000	0.000000	0.000000
279.999006	__gene_F_rbs	127.000000	0.000000	0.000000
279.999006	__gene_G_rbs	80.000000	0.000000	0.000000
279.999006	__gene_H_rbs	47.000000	0.000000	0.000000
279.999006	__gene_J_rbs	173.000000	0.000000	0.000000
279.999006	__gene_K_rbs	189.000000	0.000000	0.000000
279.999006	__ribosome	0.000000	0.000000	0.000000
279.999006	bound_ecolipol	1873.000000	0.000000	0.000000
279.999006	bound_ribosome	100.000000	0.000000	0.000000
279.999006	ecoli_genome	127.000000	0.000000	0.000000
279.999006	ecoli_transcript	21057.000000	0.000000	0.000000
279.999006	ecolipol	36.000000	0.000000	0.000000
279.999006	gene_A	196.000000	205.000000	0.063415
279.999006	gene_A*	94.000000	192.000000	0.057292
279.999006	gene_B	136.000000	197.000000	0.020305
279.999006	gene_C	88.000000	188.000000	0.005319
279.999006	gene_D	89.000000	184.000000	0.027174
279.999006	gene_E	87.000000	180.000000	0.016667
279.999006	gene_F	49.000000	127.000000	0.110236
279.999006	gene_G	12.000000	80.000000	0.150000
279.999006	gene_H	0.000000	47.000000	0.234043
279.999006	gene_J	70.000000	172.000000	0.139535
279.999006	gene_K	84.000000	189.000000	0.010582
279.999006	promoter_A	0.000000	0.000000	0.000000
279.999006	promoter_B1	0.000000	0.000000	0.000000
279.999006	promoter_D	0.000000	0.000000	0.000000
284.999172	__gene_A*_rbs	195.000000	0.000000	0.000000
284.999172	__gene_A_rbs	209.000000	0.000000	0.000000
284.999172	__gene_B_rbs	200.000000	0.000000	0.000000
284.999172	__gene_C_rbs	192.000000	0.000000	0.000000
284.999172	__gene_D_rbs	187.000000	0.000000	0.000000
284.999172	__gene_E_rbs	184.000000	0.000000	0.000000
284.999172	__gene_F_rbs	129.000000	0.000000	0.000000
284.999172	__gene_G_rbs	82.000000	0.000000	0.000000
284.999172	__gene_H_rbs	48.000000	0.000000	0.000000
284.999172	__gene_J_rbs	176.000000	0.000000	0.000000
284.999172	__gene_K_rbs	190.000000	0.000000	0.000000
284.999172	__ribosome	0.000000	0.000000	0.000000
284.999172	bound_ecolipol	1875.000000	0.000000	0.000000
284.999172	bound_ribosome	100.000000	0.000000	0.000000
284.999172	ecoli_genome	125.000000	0.000000	0.000000
284.999172	ecoli_transcript	21448.000000	0.000000	0.000000
284.999172	ecolipol	34.000000	0.000000	0.000000
284.999172	gene_A	198.000000	209.000000	0.057416
284.999172	gene_A*	96.000000	195.000000	0.056410
284.999172	gene_B	139.000000	201.000000	0.004975
284.999172	gene_C	89.000000	192.000000	0.000000
284.999172	gene_D	90.000000	187.000000	0.026738
284.999172	gene_E	89.000000	184.000000	0.010870
284.999172	gene_F	52.000000	129.000000	0.100775
284.999172	gene_G	12.000000	82.000000	0.158537
284.999172	gene_H	0.000000	48.000000	0.229167
284.999172	gene_J	70.000000	176.000000	0.164773
284.999172	gene_K	86.000000	192.000000	0.015625
284.999172	promoter_A	0.000000	0.000000	0.000000
284.999172	promoter_B1	0.000000	0.000000	0.000000
284.999172	promoter_D	0.000000	0.000000	0.000000
289.999125	__gene_A*_rbs	199.000000	0.000000	0.000000
289.999125	__gene_A_rbs	212.000000	0.000000	0.000000
289.999125	__gene_B_rbs	205.000000	0.000000	0.000000
289.999125	__gene_C_rbs	194.000000	0.000000	0.000000
289.999125	__gene_D_rbs	191.000000	0.000000	0.000000
289.999125	__gene_E_rbs	187.000000	0.000000	0.000000
289.999125	__gene_F_rbs	132.000000	0.000000	0.000000
289.999125	__gene_G_rbs	83.000000	0.000000	0.000000
289.999125	__gene_H_rbs	49.000000	0.000000	0.000000
289.999125	__gene_J_rbs	178.000000	0.000000	0.000000
289.999125	__gene_K_rbs	197.000000	0.000000	0.000000
289.999125	__ribosome	0.000000	0.000000	0.000000
289.999125	bound_ecolipol	1867.000000	0.000000	0.000000
289.999125	bound_ribosome	100.000000	0.000000	0.000000
289.999125	ecoli_genome	133.000000	0.000000	0.000000
289.999125	ecoli_transcript	21832.000000	0.000000	0.000000
289.999125	ecolipol	41.000000	0.000000	0.000000
289.999125	gene_A	200.000000	212.000000	0.051887
289.999125	gene_A*	98.000000	199.000000	0.045226
289.999125	gene_B	140.000000	205.000000	0.000000
289.999125	gene_C	89.000000	195.000000	0.015385
289.999125	gene_D	91.000000	191.000000	0.026178
289.999125	gene_E	90.000000	187.000000	0.010695
289.999125	gene_F	52.000000	132.000000	0.121212
289.999125	gene_G	12.000000	83.000000	0.168675
289.999125	gene_H	0.000000	49.000000	0.224490
289.999125	gene_J	75.000000	179.000000	0.139665
289.999125	gene_K	87.000000	196.000000	0.020408
289.999125	promoter_A	0.000000	0.000000	0.000000
289.999125	promoter_B1	0.000000	0.000000	0.000000
289.999125	promoter_D	0.000000	0.000000	0.000000
294.999146	__gene_A*_rbs	198.000000	0.000000	0.000000
294.999146	__gene_A_rbs	216.000000	0.000000	0.000000
294.999146	__gene_B_rbs	208.000000	0.000000	0.000000
294.999146	__gene_C_rbs	198.000000	0.000000	0.000000
294.999146	__gene_D_rbs	194.000000	0.000000	0.000000
294.999146	__gene_E_rbs	190.000000	0.000000	0.000000
294.999146	__gene_F_rbs	134.000000	0.000000	0.000000
294.999146	__gene_G_rbs	86.000000	0.000000	0.000000
294.999146	__gene_H_rbs	51.000000	0.000000	0.000000
294.999146	__gene_J_rbs	184.000000	0.000000	0.000000
294.999146	__gene_K_rbs	199.000000	0.000000	0.000000
294.999146	__ribosome	0.000000	0.000000	0.000000
294.999146	bound_ecolipol	1866.000000	0.000000	0.000000
294.999146	bound_ribosome	100.000000	0.000000	0.000000
294.999146	ecoli_genome	134.000000	0.000000	0.000000
294.999146	ecoli_transcript	22239.000000	0.000000	0.000000
294.999146	ecolipol	42.000000	0.000000	0.000000
294.999146	gene_A	202.000000	216.000000	0.060185
294.999146	gene_A*	98.000000	202.000000	0.054455
294.999146	gene_B	140.000000	209.000000	0.004785
294.999146	gene_C	91.000000	198.000000	0.005051
294.999146	gene_D	94.000000	194.000000	0.010309
294.999146	gene_E	91.000000	191.000000	0.026178
294.999146	gene_F	54.000000	134.000000	0.111940
294.999146	gene_G	12.000000	86.000000	0.162791
294.999146	gene_H	0.000000	51.000000	0.215686
294.999146	gene_J	75.000000	183.000000	0.142077
294.999146	gene_K	91.000000	199.000000	0.005025
294.999146	promoter_A	0.000000	0.000000	0.000000
294.999146	promoter_B1	0.000000	0.000000	0.000000
294.999146	promoter_D	0.000000	0.000000	0.000000
299.999108	__gene_A*_rbs	206.000000	0.000000	0.000000
299.999108	__gene_A_rbs	219.000000	0.000000	0.000000
299.999108	__gene_B_rbs	211.000000	0.000000	0.000000
299.999108	__gene_C_rbs	201.000000	0.000000	0.000000
299.999108	__gene_D_rbs	197.000000	0.000000	0.000000
299.999108	__gene_E_rbs	193.000000	0.000000	0.000000
299.999108	__gene_F_rbs	137.000000	0.000000	0.000000
299.999108	__gene_G_rbs	89.000000	0.000000	0.000000
299.999108	__gene_H_rbs	52.000000	0.000000	0.000000
299.999108	__gene_J_rbs	187.000000	0.000000	0.000000
299.999108	__gene_K_rbs	204.000000	0.000000	0.000000
299.999108	__ribosome	0.000000	0.000000	0.000000
299.999108	bound_ecolipol	1877.000000	0.000000	0.000000
299.999108	bound_ribosome	100.000000	0.000000	0.000000
299.999108	ecoli_genome	123.000000	0.000000	0.000000
299.999108	ecoli_transcript	22626.000000	0.000000	0.000000
299.999108	ecolipol	32.000000	0.000000	0.000000
299.999108	gene_A	203.000000	219.000000	0.054795
299.999108	gene_A*	101.000000	206.000000	0.038835
299.999108	gene_B	140.000000	212.000000	0.014151
299.999108	gene_C	92.000000	202.000000	0.009901
299.999108	gene_D	95.000000	197.000000	0.010152
299.999108	gene_E	92.000000	194.000000	0.025773
299.999108	gene_F	55.000000	137.000000	0.109489
299.999108	gene_G	12.000000	89.000000	0.157303
299.999108	gene_H	0.000000	52.000000	0.211538
299.999108	gene_J	75.000000	187.000000	0.149733
299.999108	gene_K	92.000000	203.000000	0.000000
299.999108	promoter_A	0.000000	0.000000	0.000000
299.999108	promoter_B1	0.000000	0.000000	0.000000
299.999108	promoter_D	0.000000	0.000000	0.000000
304.999357	__gene_A*_rbs	210.000000	0.000000	0.000000
304.999357	__gene_A_rbs	223.000000	0.000000	0.000000
304.999357	__gene_B_rbs	216.000000	0.000000	0.000000
304.999357	__gene_C_rbs	205.000000	0.000000	0.000000
304.999357	__gene_D_rbs	201.000000	0.000000	0.000000
304.999357	__gene_E_rbs	197.000000	0.000000	0.000000
304.999357	__gene_F_rbs	140.000000	0.000000	0.000000
304.999357	__gene_G_rbs	91.000000	0.000000	0.000000
304.999357	__gene_H_rbs	53.000000	0.000000	0.000000
304.999357	__gene_J_rbs	191.000000	0.000000	0.000000
304.999357	__gene_K_rbs	208.000000	0.000000	0.000000
304.999357	__ribosome	0.000000	0.000000	0.000000
304.999357	bound_ecolipol	1881.000000	0.000000	0.000000
304.999357	bound_ribosome	100.000000	0.000000	0.000000
304.999357	ecoli_genome	119.000000	0.000000	0.000000
304.999357	ecoli_transcript	22977.000000	0.000000	0.000000
304.999357	ecolipol	29.000000	0.000000	0.000000
304.999357	gene_A	204.000000	223.000000	0.058296
304.999357	gene_A*	102.000000	210.000000	0.038095
304.999357	gene_B	141.000000	216.000000	0.009259
304.999357	gene_C	93.000000	205.000000	0.019512
304.999357	gene_D	96.000000	201.000000	0.014925
304.999357	gene_E	96.000000	197.000000	0.005076
304.999357	gene_F	55.000000	140.000000	0.107143
304.999357	gene_G	12.000000	91.000000	0.153846
304.999357	gene_H	0.000000	53.000000	0.207547
304.999357	gene_J	77.000000	190.000000	0.136842
304.999357	gene_K	92.000000	207.000000	0.014493
304.999357	promoter_A	0.000000	0.000000	0.000000
304.999357	promoter_B1	0.000000	0.000000	0.000000
304.999357	promoter_D	0.000000	0.000000	0.000000
309.999010	__gene_A*_rbs	211.000000	0.000000	0.000000
309.999010	__gene_A_rbs	226.000000	0.000000	0.000000
309.999010	__gene_B_rbs	219.000000	0.000000	0.000000
309.999010	__gene_C_rbs	209.000000	0.000000	0.000000
309.999010	__gene_D_rbs	205.000000	0.000000	0.000000
309.999010	__gene_E_rbs	200.000000	0.000000	0.000000
309.999010	__gene_F_rbs	141.000000	0.000000	0.000000
309.999010	__gene_G_rbs	92.000000	0.000000	0.000000
309.999010	__gene_H_rbs	55.000000	0.000000	0.000000
309.999010	__gene_J_rbs	195.000000	0.000000	0.000000
309.999010	__gene_K_rbs	209.000000	0.000000	0.000000
309.999010	__ribosome	0.000000	0.000000	0.000000
309.999010	bound_ecolipol	1868.000000	0.000000	0.000000
309.999010	bound_ribosome	100.000000	0.000000	0.000000
309.999010	ecoli_genome	132.000000	0.000000	0.000000
309.999010	ecoli_transcript	23345.000000	0.000000	0.000000
309.999010	ecolipol	42.000000	0.000000	0.000000
309.999010	gene_A	204.000000	226.000000	0.066372
309.999010	gene_A*	102.000000	213.000000	0.042254
309.999010	gene_B	143.000000	220.000000	0.000000
309.999010	gene_C	95.000000	209.000000	0.009569
309.999010	gene_D	96.000000	205.000000	0.024390
309.999010	gene_E	97.000000	200.000000	0.000000
309.999010	gene_F	55.000000	142.000000	0.112676
309.999010	gene_G	12.000000	92.000000	0.152174
309.999010	gene_H	0.000000	55.000000	0.200000
309.999010	gene_J	77.000000	194.000000	0.134021
309.999010	gene_K	93.000000	210.000000	0.009524
309.999010	promoter_A	0.000000	0.000000	0.000000
309.999010	promoter_B1	0.000000	0.000000	0.000000
309.999010	promoter_D	0.000000	0.000000	0.000000
314.999363	__gene_A*_rbs	217.000000	0.000000	0.000000
314.999363	__gene_A_rbs	230.000000	0.000000	0.000000
314.999363	__gene_B_rbs	222.000000	0.000000	0.000000
314.999363	__gene_C_rbs	211.000000	0.000000	0.000000
314.999363	__gene_D_rbs	208.000000	0.000000	0.000000
314.999363	__gene_E_rbs	203.000000	0.000000	0.000000
314.999363	__gene_F_rbs	144.000000	0.000000	0.000000
314.999363	__gene_G_rbs	95.000000	0.000000	0.000000
314.999363	__gene_H_rbs	57.000000	0.000000	0.000000
314.999363	__gene_J_rbs	198.000000	0.000000	0.000000
314.999363	__gene_K_rbs	215.000000	0.000000	0.000000
314.999363	__ribosome	0.000000	0.000000	0.000000
314.999363	bound_ecolipol	1878.000000	0.000000	0.000000
314.999363	bound_ribosome	100.000000	0.000000	0.000000
314.999363	ecoli_genome	122.000000	0.000000	0.000000
314.999363	ecoli_transcript	23718.000000	0.000000	0.000000
314.999363	ecolipol	31.000000	0.000000	0.000000
314.999363	gene_A	205.000000	230.000000	0.065217
314.999363	gene_A*	104.000000	217.000000	0.036866
314.999363	gene_B	143.000000	223.000000	0.004484
314.999363	gene_C	97.000000	213.000000	0.000000
314.999363	gene_D	97.000000	208.000000	0.033654
314.999363	gene_E	97.000000	204.000000	0.014706
314.999363	gene_F	58.000000	144.000000	0.090278
314.999363	gene_G	12.000000	95.000000	0.168421
314.999363	gene_H	0.000000	57.000000	0.192982
314.999363	gene_J	77.000000	197.000000	0.131980
314.999363	gene_K	95.000000	214.000000	0.000000
314.999363	promoter_A	0.000000	0.000000	0.000000
314.999363	promoter_B1	0.000000	0.000000	0.000000
314.999363	promoter_D	0.000000	0.000000	0.000000
319.999056	__gene_A*_rbs	220.000000	0.000000	0.000000
319.999056	__gene_A_rbs	234.000000	0.000000	0.000000
319.999056	__gene_B_rbs	226.000000	0.000000	0.000000
319.999056	__gene_C_rbs	216.000000	0.000000	0.000000
319.999056	__gene_D_rbs	212.000000	0.000000	0.000000
319.999056	__gene_E_rbs	208.000000	0.000000	0.000000
319.999056	__gene_F_rbs	148.000000	0.000000	0.000000
319.999056	__gene_G_rbs	96.000000	0.000000	0.000000
319.999056	__gene_H_rbs	60.000000	0.000000	0.000000
319.999056	__gene_J_rbs	201.000000	0.000000	0.000000
319.999056	__gene_K_rbs	218.000000	0.000000	0.000000
319.999056	__ribosome	0.000000	0.000000	0.000000
319.999056	bound_ecolipol	1874.000000	0.000000	0.000000
319.999056	bound_ribosome	100.000000	0.000000	0.000000
319.999056	ecoli_genome	126.000000	0.000000	0.000000
319.999056	ecoli_transcript	24081.000000	0.000000	0.000000
319.999056	ecolipol	33.000000	0.000000	0.000000
319.999056	gene_A	205.000000	234.000000	0.064103
319.999056	gene_A*	107.000000	221.000000	0.027149
319.999056	gene_B	143.000000	227.000000	0.013216
319.999056	gene_C	97.000000	216.000000	0.018519
319.999056	gene_D	99.000000	212.000000	0.023585
319.999056	gene_E	99.000000	208.000000	0.009615
319.999056	gene_F	63.000000	148.000000	0.074324
319.999056	gene_G	12.000000	97.000000	0.175258
319.999056	gene_H	0.000000	60.000000	0.183333
319.999056	gene_J	77.000000	200.000000	0.130000
319.999056	gene_K	95.000000	217.000000	0.000000
319.999056	promoter_A	0.000000	0.000000	0.000000
319.999056	promoter_B1	0.000000	0.000000	0.000000
319.999056	promoter_D	0.000000	0.000000	0.000000
324.999025	__gene_A*_rbs	224.000000	0.000000	0.000000
324.999025	__gene_A_rbs	237.000000	0.000000	0.000000
324.999025	__gene_B_rbs	230.000000	0.000000	0.000000
324.999025	__gene_C_rbs	220.000000	0.000000	0.000000
324.999025	__gene_D_rbs	216.000000	0.000000	0.000000
324.999025	__gene_E_rbs	211.000000	0.000000	0.000000
324.999025	__gene_F_rbs	150.000000	0.000000	0.000000
324.999025	__gene_G_rbs	97.000000	0.000000	0.000000
324.999025	__gene_H_rbs	62.000000	0.000000	0.000000
324.999025	__gene_J_rbs	204.000000	0.000000	0.000000
324.999025	__gene_K_rbs	220.000000	0.000000	0.000000
324.999025	__ribosome	1.000000	0.000000	0.000000
324.999025	bound_ecolipol	1871.000000	0.000000	0.000000
324.999025	bound_ribosome	100.000000	0.000000	0.000000
324.999025	ecoli_genome	129.000000	0.000000	0.000000
324.999025	ecoli_transcript	24457.000000	0.000000	0.000000
324.999025	ecolipol	36.000000	0.000000	0.000000
324.999025	gene_A	205.000000	237.000000	0.063291
324.999025	gene_A*	108.000000	224.000000	0.022321
324.999025	gene_B	144.000000	230.000000	0.013043
324.999025	gene_C	99.000000	220.000000	0.018182
324.999025	gene_D	100.000000	216.000000	0.018519
324.999025	gene_E	101.000000	212.000000	0.009434
324.999025	gene_F	63.000000	151.000000	0.079470
324.999025	gene_G	12.000000	97.000000	0.175258
324.999025	gene_H	0.000000	62.000000	0.177419
324.999025	gene_J	77.000000	204.000000	0.127451
324.999025	gene_K	95.000000	220.000000	0.000000
324.999025	promoter_A	0.000000	0.000000	0.000000
324.999025	promoter_B1	0.000000	0.000000	0.000000
324.999025	promoter_D	0.000000	0.000000	0.000000
329.999110	__gene_A*_rbs	227.000000	0.000000	0.000000
329.999110	__gene_A_rbs	240.000000	0.000000	0.000000
329.999110	__gene_B_rbs	232.000000	0.000000	0.000000
329.999110	__gene_C_rbs	223.000000	0.000000	0.000000
329.999110	__gene_D_rbs	218.000000	0.000000	0.000000
329.999110	__gene_E_rbs	215.000000	0.000000	0.000000
329.999110	__gene_F_rbs	154.000000	0.000000	0.000000
329.999110	__gene_G_rbs	98.000000	0.000000	0.000000
329.999110	__gene_H_rbs	64.000000	0.000000	0.000000
329.999110	__gene_J_rbs	208.000000	0.000000	0.000000
329.999110	__gene_K_rbs	225.000000	0.000000	0.000000
329.999110	__ribosome	0.000000	0.000000	0.000000
329.999110	bound_ecolipol	1869.000000	0.000000	0.000000
329.999110	bound_ribosome	100.000000	0.000000	0.000000
329.999110	ecoli_genome	131.000000	0.000000	0.000000
329.999110	ecoli_transcript	24864.000000	0.000000	0.000000
329.999110	ecolipol	37.000000	0.000000	0.000000
329.999110	gene_A	209.000000	240.000000	0.050000
329.999110	gene_A*	109.000000	228.000000	0.039474
329.999110	gene_B	145.000000	233.000000	0.017167
329.999110	gene_C	101.000000	223.000000	0.013453
329.999110	gene_D	104.000000	218.000000	0.000000
329.999110	gene_E	101.000000	215.000000	0.013953
329.999110	gene_F	66.000000	154.000000	0.058442
329.999110	gene_G	12.000000	98.000000	0.193878
329.999110	gene_H	0.000000	64.000000	0.171875
329.999110	gene_J	77.000000	207.000000	0.135266
329.999110	gene_K	95.000000	224.000000	0.008929
329.999110	promoter_A	0.000000	0.000000	0.000000
329.999110	promoter_B1	0.000000	0.000000	0.000000
329.999110	promoter_D	0.000000	0.000000	0.000000
334.999254	__gene_A*_rbs	231.000000	0.000000	0.000000
334.999254	__gene_A_rbs	244.000000	0.000000	0.000000
334.999254	__gene_B_rbs	238.000000	0.000000	0.000000
334.999254	__gene_C_rbs	226.000000	0.000000	0.000000
334.999254	__gene_D_rbs	222.000000	0.000000	0.000000
334.999254	__gene_E_rbs	217.000000	0.000000	0.000000
334.999254	__gene_F_rbs	158.000000	0.000000	0.000000
334.999254	__gene_G_rbs	100.000000	0.000000	0.000000
334.999254	__gene_H_rbs	66.000000	0.000000	0.000000
334.999254	__gene_J_rbs	211.000000	0.000000	0.000000
334.999254	__gene_K_rbs	228.000000	0.000000	0.000000
334.999254	__ribosome	0.000000	0.000000	0.000000
334.999254	bound_ecolipol	1867.000000	0.000000	0.000000
334.999254	bound_ribosome	100.000000	0.000000	0.000000
334.999254	ecoli_genome	133.000000	0.000000	0.000000
334.999254	ecoli_transcript	25225.000000	0.000000	0.000000
334.999254	ecolipol	38.000000	0.000000	0.000000
334.999254	gene_A	209.000000	244.000000	0.069672
334.999254	gene_A*	109.000000	231.000000	0.038961
334.999254	gene_B	146.000000	238.000000	0.016807
334.999254	gene_C	103.000000	227.000000	0.004405
334.999254	gene_D	104.000000	222.000000	0.000000
334.999254	gene_E	104.000000	218.000000	0.018349
334.999254	gene_F	69.000000	158.000000	0.044304
334.999254	gene_G	14.000000	100.000000	0.180000
334.999254	gene_H	0.000000	66.000000	0.166667
334.999254	gene_J	80.000000	211.000000	0.132701
334.999254	gene_K	97.000000	228.000000	0.004386
334.999254	promoter_A	0.000000	0.000000	0.000000
334.999254	promoter_B1	0.000000	0.000000	0.000000
334.999254	promoter_D	0.000000	0.000000	0.000000
339.999005	__gene_A*_rbs	235.000000	0.000000	0.000000
339.999005	__gene_A_rbs	248.000000	0.000000	0.000000
339.999005	__gene_B_rbs	241.000000	0.000000	0.000000
339.999005	__gene_C_rbs	230.000000	0.000000	0.000000
339.999005	__gene_D_rbs	226.000000	0.000000	0.000000
339.999005	__gene_E_rbs	222.000000	0.000000	0.000000
339.999005	__gene_F_rbs	161.000000	0.000000	0.000000
339.999005	__gene_G_rbs	103.000000	0.000000	0.000000
339.999005	__gene_H_rbs	66.000000	0.000000	0.000000
339.999005	__gene_J_rbs	216.000000	0.000000	0.000000
339.999005	__gene_K_rbs	230.000000	0.000000	0.000000
339.999005	__ribosome	0.000000	0.000000	0.000000
339.999005	bound_ecolipol	1866.000000	0.000000	0.000000
339.999005	bound_ribosome	100.000000	0.000000	0.000000
339.999005	ecoli_genome	134.000000	0.000000	0.000000
339.999005	ecoli_transcript	25613.000000	0.000000	0.000000
339.999005	ecolipol	37.000000	0.000000	0.000000
339.999005	gene_A	211.000000	248.000000	0.064516
339.999005	gene_A*	110.000000	235.000000	0.034043
339.999005	gene_B	148.000000	241.000000	0.012448
339.999005	gene_C	104.000000	231.000000	0.000000
339.999005	gene_D	104.000000	226.000000	0.008850
339.999005	gene_E	104.000000	222.000000	0.027027
339.999005	gene_F	69.000000	161.000000	0.049689
339.999005	gene_G	15.000000	103.000000	0.165049
339.999005	gene_H	0.000000	66.000000	0.166667
339.999005	gene_J	82.000000	215.000000	0.125581
339.999005	gene_K	98.000000	231.000000	0.008658
339.999005	promoter_A	0.000000	0.000000	0.000000
339.999005	promoter_B1	0.000000	0.000000	0.000000
339.999005	promoter_D	0.000000	0.000000	0.000000
344.999540	__gene_A*_rbs	239.000000	0.000000	0.000000
344.999540	__gene_A_rbs	252.000000	0.000000	0.000000
344.999540	__gene_B_rbs	244.000000	0.000000	0.000000
344.999540	__gene_C_rbs	234.000000	0.000000	0.000000
344.999540	__gene_D_rbs	229.000000	0.000000	0.000000
344.999540	__gene_E_rbs	224.000000	0.000000	0.000000
344.999540	__gene_F_rbs	165.000000	0.000000	0.000000
344.999540	__gene_G_rbs	104.000000	0.000000	0.000000
344.999540	__gene_H_rbs	66.000000	0.000000	0.000000
344.999540	__gene_J_rbs	220.000000	0.000000	0.000000
344.999540	__gene_K_rbs	236.000000	0.000000	0.000000
344.999540	__ribosome	0.000000	0.000000	0.000000
344.999540	bound_ecolipol	1866.000000	0.000000	0.000000
344.999540	bound_ribosome	100.000000	0.000000	0.000000
344.999540	ecoli_genome	134.000000	0.000000	0.000000
344.999540	ecoli_transcript	25973.000000	0.000000	0.000000
344.999540	ecolipol	38.000000	0.000000	0.000000
344.999540	gene_A	214.000000	252.000000	0.055556
344.999540	gene_A*	111.000000	239.000000	0.033473
344.999540	gene_B	149.000000	245.000000	0.020408
344.999540	gene_C	104.000000	234.000000	0.004274
344.999540	gene_D	104.000000	229.000000	0.013100
344.999540	gene_E	108.000000	225.000000	0.013333
344.999540	gene_F	70.000000	165.000000	0.054545
344.999540	gene_G	15.000000	104.000000	0.163462
344.999540	gene_H	0.000000	66.000000	0.166667
344.999540	gene_J	83.000000	219.000000	0.127854
344.999540	gene_K	100.000000	235.000000	0.004255
344.999540	promoter_A	0.000000	0.000000	0.000000
344.999540	promoter_B1	0.000000	0.000000	0.000000
344.999540	promoter_D	0.000000	0.000000	0.000000
349.999037	__gene_A*_rbs	242.000000	0.000000	0.000000
349.999037	__gene_A_rbs	255.000000	0.000000	0.000000
349.999037	__gene_B_rbs	247.000000	0.000000	0.000000
349.999037	__gene_C_rbs	238.000000	0.000000	0.000000
349.999037	__gene_D_rbs	233.000000	0.000000	0.000000
349.999037	__gene_E_rbs	229.000000	0.000000	0.000000
349.999037	__gene_F_rbs	168.000000	0.000000	0.000000
349.999037	__gene_G_rbs	107.000000	0.000000	0.000000
349.999037	__gene_H_rbs	68.000000	0.000000	0.000000
349.999037	__gene_J_rbs	223.000000	0.000000	0.000000
349.999037	__gene_K_rbs	240.000000	0.000000	0.000000
349.999037	__ribosome	1.000000	0.000000	0.000000
349.999037	bound_ecolipol	1872.000000	0.000000	0.000000
349.999037	bound_ribosome	100.000000	0.000000	0.000000
349.999037	ecoli_genome	128.000000	0.000000	0.000000
349.999037	ecoli_transcript	26350.000000	0.000000	0.000000
349.999037	ecolipol	31.000000	0.000000	0.000000
349.999037	gene_A	215.000000	255.000000	0.054902
349.999037	gene_A*	112.000000	243.000000	0.032922
349.999037	gene_B	151.000000	249.000000	0.024096
349.999037	gene_C	105.000000	238.000000	0.000000
349.999037	gene_D	104.000000	233.000000	0.012876
349.999037	gene_E	110.000000	229.000000	0.004367
349.999037	gene_F	70.000000	168.000000	0.053571
349.999037	gene_G	16.000000	108.000000	0.157407
349.999037	gene_H	0.000000	68.000000	0.161765
349.999037	gene_J	84.000000	222.000000	0.126126
349.999037	gene_K	101.000000	239.000000	0.008368
349.999037	promoter_A	0.000000	0.000000	0.000000
349.999037	promoter_B1	0.000000	0.000000	0.000000
349.999037	promoter_D	0.000000	0.000000	0.000000
354.999005	__gene_A*_rbs	246.000000	0.000000	0.000000
354.999005	__gene_A_rbs	259.000000	0.000000	0.000000
354.999005	__gene_B_rbs	253.000000	0.000000	0.000000
354.999005	__gene_C_rbs	242.000000	0.000000	0.000000
354.999005	__gene_D_rbs	236.000000	0.000000	0.000000
354.999005	__gene_E_rbs	233.000000	0.000000	0.000000
354.999005	__gene_F_rbs	171.000000	0.000000	0.000000
354.999005	__gene_G_rbs	109.000000	0.000000	0.000000
354.999005	__gene_H_rbs	68.000000	0.000000	0.000000
354.999005	__gene_J_rbs	226.000000	0.000000	0.000000
354.999005	__gene_K_rbs	244.000000	0.000000	0.000000
354.999005	__ribosome	1.000000	0.000000	0.000000
354.999005	bound_ecolipol	1858.000000	0.000000	0.000000
354.999005	bound_ribosome	100.000000	0.000000	0.000000
354.999005	ecoli_genome	142.000000	0.000000	0.000000
354.999005	ecoli_transcript	26708.000000	0.000000	0.000000
354.999005	ecolipol	47.000000	0.000000	0.000000
354.999005	gene_A	217.000000	259.000000	0.057915
354.999005	gene_A*	113.000000	247.000000	0.036437
354.999005	gene_B	153.000000	253.000000	0.027668
354.999005	gene_C	105.000000	242.000000	0.004132
354.999005	gene_D	106.000000	236.000000	0.008475
354.999005	gene_E	111.000000	233.000000	0.000000
354.999005	gene_F	71.000000	171.000000	0.046784
354.999005	gene_G	16.000000	109.000000	0.155963
354.999005	gene_H	0.000000	68.000000	0.161765
354.999005	gene_J	85.000000	225.000000	0.124444
354.999005	gene_K	103.000000	243.000000	0.004115
354.999005	promoter_A	0.000000	0.000000	0.000000
354.999005	promoter_B1	0.000000	0.000000	0.000000
354.999005	promoter_D	0.000000	0.000000	0.000000
359.999061	__gene_A*_rbs	250.000000	0.000000	0.000000
359.999061	__gene_A_rbs	263.000000	0.000000	0.000000
359.999061	__gene_B_rbs	256.000000	0.000000	0.000000
359.999061	__gene_C_rbs	244.000000	0.000000	0.000000
359.999061	__gene_D_rbs	240.000000	0.000000	0.000000
359.999061	__gene_E_rbs	236.000000	0.000000	0.000000
359.999061	__gene_F_rbs	173.000000	0.000000	0.000000
359.999061	__gene_G_rbs	111.000000	0.000000	0.000000
359.999061	__gene_H_rbs	69.000000	0.000000	0.000000
359.999061	__gene_J_rbs	230.000000	0.000000	0.000000
359.999061	__gene_K_rbs	247.000000	0.000000	0.000000
359.999061	__ribosome	0.000000	0.000000	0.000000
359.999061	bound_ecolipol	1870.000000	0.000000	0.000000
359.999061	bound_ribosome	100.000000	0.000000	0.000000
359.999061	ecoli_genome	130.000000	0.000000	0.000000
359.999061	ecoli_transcript	27062.000000	0.000000	0.000000
359.999061	ecolipol	35.000000	0.000000	0.000000
359.999061	gene_A	217.000000	263.000000	0.057034
359.999061	gene_A*	113.000000	250.000000	0.036000
359.999061	gene_B	157.000000	256.000000	0.015625
359.999061	gene_C	105.000000	245.000000	0.008163
359.999061	gene_D	107.000000	240.000000	0.004167
359.999061	gene_E	111.000000	236.000000	0.004237
359.999061	gene_F	72.000000	173.000000	0.040462
359.999061	gene_G	16.000000	111.000000	0.162162
359.999061	gene_H	0.000000	69.000000	0.159420
359.999061	gene_J	86.000000	229.000000	0.135371
359.999061	gene_K	104.000000	247.000000	0.004049
359.999061	promoter_A	0.000000	0.000000	0.000000
359.999061	promoter_B1	0.000000	0.000000	0.000000
359.999061	promoter_D	0.000000	0.000000	0.000000
364.999017	__gene_A*_rbs	254.000000	0.000000	0.000000
364.999017	__gene_A_rbs	266.000000	0.000000	0.000000
364.999017	__gene_B_rbs	259.000000	0.000000	0.000000
364.999017	__gene_C_rbs	248.000000	0.000000	0.000000
364.999017	__gene_D_rbs	244.000000	0.000000	0.000000
364.999017	__gene_E_rbs	240.000000	0.000000	0.000000
364.999017	__gene_F_rbs	176.000000	0.000000	0.000000
364.999017	__gene_G_rbs	114.000000	0.000000	0.000000
364.999017	__gene_H_rbs	72.000000	0.000000	0.000000
364.999017	__gene_J_rbs	233.000000	0.000000	0.000000
364.999017	__gene_K_rbs	251.000000	0.000000	0.000000
364.999017	__ribosome	0.000000	0.000000	0.000000
364.999017	bound_ecolipol	1868.000000	0.000000	0.000000
364.999017	bound_ribosome	100.000000	0.000000	0.000000
364.999017	ecoli_genome	132.000000	0.000000	0.000000
364.999017	ecoli_transcript	27417.000000	0.000000	0.000000
364.999017	ecolipol	37.000000	0.000000	0.000000
364.999017	gene_A	220.000000	266.000000	0.056391
364.999017	gene_A*	117.000000	254.000000	0.023622
364.999017	gene_B	159.000000	259.000000	0.011583
364.999017	gene_C	106.000000	249.000000	0.008032
364.999017	gene_D	107.000000	244.000000	0.012295
364.999017	gene_E	111.000000	240.000000	0.008333
364.999017	gene_F	74.000000	176.000000	0.034091
364.999017	gene_G	16.000000	114.000000	0.157895
364.999017	gene_H	0.000000	72.000000	0.152778
364.999017	gene_J	89.000000	233.000000	0.137339
364.999017	gene_K	105.000000	250.000000	0.008000
364.999017	promoter_A	0.000000	0.000000	0.000000
364.999017	promoter_B1	0.000000	0.000000	0.000000
364.999017	promoter_D	0.000000	0.000000	0.000000
369.999014	__gene_A*_rbs	258.000000	0.000000	0.000000
369.999014	__gene_A_rbs	270.000000	0.000000	0.000000
369.999014	__gene_B_rbs	263.000000	0.000000	0.000000
369.999014	__gene_C_rbs	252.000000	0.000000	0.000000
369.999014	__gene_D_rbs	246.000000	0.000000	0.000000
369.999014	__gene_E_rbs	243.000000	0.000000	0.000000
369.999014	__gene_F_rbs	178.000000	0.000000	0.000000
369.999014	__gene_G_rbs	117.000000	0.000000	0.000000
369.999014	__gene_H_rbs	74.000000	0.000000	0.000000
369.999014	__gene_J_rbs	237.000000	0.000000	0.000000
369.999014	__gene_K_rbs	254.000000	0.000000	0.000000
369.999014	__ribosome	0.000000	0.000000	0.000000
369.999014	bound_ecolipol	1870.000000	0.000000	0.000000
369.999014	bound_ribosome	100.000000	0.000000	0.000000
369.999014	ecoli_genome	130.000000	0.000000	0.000000
369.999014	ecoli_transcript	27762.000000	0.000000	0.000000
369.999014	ecolipol	33.000000	0.000000	0.000000
369.999014	gene_A	220.000000	270.000000	0.062963
369.999014	gene_A*	118.000000	258.000000	0.023256
369.999014	gene_B	160.000000	263.000000	0.011407
369.999014	gene_C	107.000000	252.000000	0.011905
369.999014	gene_D	108.000000	247.000000	0.020243
369.999014	gene_E	112.000000	243.000000	0.008230
369.999014	gene_F	75.000000	178.000000	0.033708
369.999014	gene_G	17.000000	117.000000	0.145299
369.999014	gene_H	0.000000	74.000000	0.148649
369.999014	gene_J	92.000000	236.000000	0.122881
369.999014	gene_K	107.000000	253.000000	0.003953
369.999014	promoter_A	0.000000	0.000000	0.000000
369.999014	promoter_B1	0.000000	0.000000	0.000000
369.999014	promoter_D	0.000000	0.000000	0.000000
374.999001	__gene_A*_rbs	261.000000	0.000000	0.000000
374.999001	__gene_A_rbs	274.000000	0.000000	0.000000
374.999001	__gene_B_rbs	267.000000	0.000000	0.000000
374.999001	__gene_C_rbs	256.000000	0.000000	0.000000
374.999001	__gene_D_rbs	251.000000	0.000000	0.000000
374.999001	__gene_E_rbs	247.000000	0.000000	0.000000
374.999001	__gene_F_rbs	180.000000	0.000000	0.000000
374.999001	__gene_G_rbs	118.000000	0.000000	0.000000
374.999001	__gene_H_rbs	75.000000	0.000000	0.000000
374.999001	__gene_J_rbs	241.000000	0.000000	0.000000
374.999001	__gene_K_rbs	258.000000	0.000000	0.000000
374.999001	__ribosome	0.000000	0.000000	0.000000
374.999001	bound_ecolipol	1869.000000	0.000000	0.000000
374.999001	bound_ribosome	100.000000	0.000000	0.000000
374.999001	ecoli_genome	131.000000	0.000000	0.000000
374.999001	ecoli_transcript	28130.000000	0.000000	0.000000
374.999001	ecolipol	35.000000	0.000000	0.000000
374.999001	gene_A	220.000000	274.000000	0.069343
374.999001	gene_A*	119.000000	261.000000	0.019157
374.999001	gene_B	161.000000	267.000000	0.014981
374.999001	gene_C	109.000000	256.000000	0.003906
374.999001	gene_D	108.000000	251.000000	0.019920
374.999001	gene_E	113.000000	247.000000	0.008097
374.999001	gene_F	76.000000	180.000000	0.033333
374.999001	gene_G	18.000000	118.000000	0.135593
374.999001	gene_H	0.000000	75.000000	0.146667
374.999001	gene_J	92.000000	240.000000	0.125000
374.999001	gene_K	108.000000	257.000000	0.003891
374.999001	promoter_A	0.000000	0.000000	0.000000
374.999001	promoter_B1	0.000000	0.000000	0.000000
374.999001	promoter_D	0.000000	0.000000	0.000000
379.999028	__gene_A*_rbs	265.000000	0.000000	0.000000
379.999028	__gene_A_rbs	277.000000	0.000000	0.000000
379.999028	__gene_B_rbs	270.000000	0.000000	0.000000
379.999028	__gene_C_rbs	260.000000	0.000000	0.000000
379.999028	__gene_D_rbs	254.000000	0.000000	0.000000
379.999028	__gene_E_rbs	251.000000	0.000000	0.000000
379.999028	__gene_F_rbs	182.000000	0.000000	0.000000
379.999028	__gene_G_rbs	122.000000	0.000000	0.000000
379.999028	__gene_H_rbs	77.000000	0.000000	0.000000
379.999028	__gene_J_rbs	244.000000	0.000000	0.000000
379.999028	__gene_K_rbs	261.000000	0.000000	0.000000
379.999028	__ribosome	0.000000	0.000000	0.000000
379.999028	bound_ecolipol	1863.000000	0.000000	0.000000
379.999028	bound_ribosome	100.000000	0.000000	0.000000
379.999028	ecoli_genome	137.000000	0.000000	0.000000
379.999028	ecoli_transcript	28507.000000	0.000000	0.000000
379.999028	ecolipol	39.000000	0.000000	0.000000
379.999028	gene_A	220.000000	277.000000	0.072202
379.999028	gene_A*	119.000000	265.000000	0.018868
379.999028	gene_B	163.000000	271.000000	0.007380
379.999028	gene_C	110.000000	260.000000	0.007692
379.999028	gene_D	110.000000	255.000000	0.015686
379.999028	gene_E	114.000000	251.000000	0.011952
379.999028	gene_F	76.000000	182.000000	0.032967
379.999028	gene_G	18.000000	122.000000	0.131148
379.999028	gene_H	0.000000	77.000000	0.142857
379.999028	gene_J	93.000000	244.000000	0.122951
379.999028	gene_K	109.000000	261.000000	0.003831
379.999028	promoter_A	0.000000	0.000000	0.000000
379.999028	promoter_B1	0.000000	0.000000	0.000000
379.999028	promoter_D	0.000000	0.000000	0.000000
384.999165	__gene_A*_rbs	269.000000	0.000000	0.000000
384.999165	__gene_A_rbs	281.000000	0.000000	0.000000
384.999165	__gene_B_rbs	273.000000	0.000000	0.000000
384.999165	__gene_C_rbs	263.000000	0.000000	0.000000
384.999165	__gene_D_rbs	257.000000	0.000000	0.000000
384.999165	__gene_E_rbs	254.000000	0.000000	0.000000
384.999165	__gene_F_rbs	185.000000	0.000000	0.000000
384.999165	__gene_G_rbs	124.000000	0.000000	0.000000
384.999165	__gene_H_rbs	80.000000	0.000000	0.000000
384.999165	__gene_J_rbs	248.000000	0.000000	0.000000
384.999165	__gene_K_rbs	264.000000	0.000000	0.000000
384.999165	__ribosome	0.000000	0.000000	0.000000
384.999165	bound_ecolipol	1864.000000	0.000000	0.000000
384.999165	bound_ribosome	100.000000	0.000000	0.000000
384.999165	ecoli_genome	136.000000	0.000000	0.000000
384.999165	ecoli_transcript	28850.000000	0.000000	0.000000
384.999165	ecolipol	38.000000	0.000000	0.000000
384.999165	gene_A	225.000000	281.000000	0.064057
384.999165	gene_A*	119.000000	269.000000	0.026022
384.999165	gene_B	164.000000	274.000000	0.007299
384.999165	gene_C	110.000000	263.000000	0.015209
384.999165	gene_D	113.000000	258.000000	0.007752
384.999165	gene_E	116.000000	254.000000	0.015748
384.999165	gene_F	78.000000	185.000000	0.021622
384.999165	gene_G	18.000000	124.000000	0.137097
384.999165	gene_H	0.000000	80.000000	0.137500
384.999165	gene_J	94.000000	247.000000	0.117409
384.999165	gene_K	109.000000	264.000000	0.007576
384.999165	promoter_A	0.000000	0.000000	0.000000
384.999165	promoter_B1	0.000000	0.000000	0.000000
384.999165	promoter_D	0.000000	0.000000	0.000000
389.999010	__gene_A*_rbs	272.000000	0.000000	0.000000
389.999010	__gene_A_rbs	285.000000	0.000000	0.000000
389.999010	__gene_B_rbs	277.000000	0.000000	0.000000
389.999010	__gene_C_rbs	267.000000	0.000000	0.000000
389.999010	__gene_D_rbs	261.000000	0.000000	0.000000
389.999010	__gene_E_rbs	258.000000	0.000000	0.000000
389.999010	__gene_F_rbs	189.000000	0.000000	0.000000
389.999010	__gene_G_rbs	127.000000	0.000000	0.000000
389.999010	__gene_H_rbs	80.000000	0.000000	0.000000
389.999010	__gene_J_rbs	252.000000	0.000000	0.000000
389.999010	__gene_K_rbs	269.000000	0.000000	0.000000
389.999010	__ribosome	0.000000	0.000000	0.000000
389.999010	bound_ecolipol	1866.000000	0.000000	0.000000
389.999010	bound_ribosome	100.000000	0.000000	0.000000
389.999010	ecoli_genome	134.000000	0.000000	0.000000
389.999010	ecoli_transcript	29198.000000	0.000000	0.000000
389.999010	ecolipol	35.000000	0.000000	0.000000
389.999010	gene_A	227.000000	285.000000	0.059649
389.999010	gene_A*	122.000000	272.000000	0.022059
389.999010	gene_B	165.000000	278.000000	0.010791
389.999010	gene_C	112.000000	267.000000	0.018727
389.999010	gene_D	113.000000	262.000000	0.007634
389.999010	gene_E	118.000000	258.000000	0.011628
389.999010	gene_F	79.000000	189.000000	0.015873
389.999010	gene_G	18.000000	127.000000	0.141732
389.999010	gene_H	0.000000	80.000000	0.150000
389.999010	gene_J	94.000000	251.000000	0.119522
389.999010	gene_K	111.000000	268.000000	0.003731
389.999010	promoter_A	0.000000	0.000000	0.000000
389.999010	promoter_B1	0.000000	0.000000	0.000000
389.999010	promoter_D	0.000000	0.000000	0.000000
394.999073	__gene_A*_rbs	276.000000	0.000000	0.000000
394.999073	__gene_A_rbs	289.000000	0.000000	0.000000
394.999073	__gene_B_rbs	282.000000	0.000000	0.000000
394.999073	__gene_C_rbs	269.000000	0.000000	0.000000
394.999073	__gene_D_rbs	263.000000	0.000000	0.000000
394.999073	__gene_E_rbs	262.000000	0.000000	0.000000
394.999073	__gene_F_rbs	191.000000	0.000000	0.000000
394.999073	__gene_G_rbs	131.000000	0.000000	0.000000
394.999073	__gene_H_rbs	82.000000	0.000000	0.000000
394.999073	__gene_J_rbs	255.000000	0.000000	0.000000
394.999073	__gene_K_rbs	273.000000	0.000000	0.000000
394.999073	__ribosome	0.000000	0.000000	0.000000
394.999073	bound_ecolipol	1861.000000	0.000000	0.000000
394.999073	bound_ribosome	100.000000	0.000000	0.000000
394.999073	ecoli_genome	139.000000	0.000000	0.000000
394.999073	ecoli_transcript	29579.000000	0.000000	0.000000
394.999073	ecolipol	43.000000	0.000000	0.000000
394.999073	gene_A	227.000000	289.000000	0.062284
394.999073	gene_A*	122.000000	276.000000	0.025362
394.999073	gene_B	166.000000	282.000000	0.014184
394.999073	gene_C	115.000000	270.000000	0.011111
394.999073	gene_D	114.000000	266.000000	0.007519
394.999073	gene_E	120.000000	262.000000	0.003817
394.999073	gene_F	79.000000	191.000000	0.020942
394.999073	gene_G	18.000000	131.000000	0.137405
394.999073	gene_H	0.000000	82.000000	0.146341
394.999073	gene_J	95.000000	254.000000	0.114173
394.999073	gene_K	112.000000	272.000000	0.007353
394.999073	promoter_A	0.000000	0.000000	0.000000
394.999073	promoter_B1	0.000000	0.000000	0.000000
394.999073	promoter_D	0.000000	0.000000	0.000000
399.999028	__gene_A*_rbs	279.000000	0.000000	0.000000
399.999028	__gene_A_rbs	292.000000	0.000000	0.000000
399.999028	__gene_B_rbs	286.000000	0.000000	0.000000
399.999028	__gene_C_rbs	272.000000	0.000000	0.000000
399.999028	__gene_D_rbs	269.000000	0.000000	0.000000
399.999028	__gene_E_rbs	265.000000	0.000000	0.000000
399.999028	__gene_F_rbs	192.000000	0.000000	0.000000
399.999028	__gene_G_rbs	133.000000	0.000000	0.000000
399.999028	__gene_H_rbs	84.000000	0.000000	0.000000
399.999028	__gene_J_rbs	259.000000	0.000000	0.000000
399.999028	__gene_K_rbs	275.000000	0.000000	0.000000
399.999028	__ribosome	1.000000	0.000000	0.000000
399.999028	bound_ecolipol	1871.000000	0.000000	0.000000
399.999028	bound_ribosome	100.000000	0.000000	0.000000
399.999028	ecoli_genome	129.000000	0.000000	0.000000
399.999028	ecoli_transcript	29956.000000	0.000000	0.000000
399.999028	ecolipol	34.000000	0.000000	0.000000
399.999028	gene_A	230.000000	292.000000	0.051370
399.999028	gene_A*	124.000000	280.000000	0.025000
399.999028	gene_B	167.000000	286.000000	0.010490
399.999028	gene_C	117.000000	274.000000	0.018248
399.999028	gene_D	115.000000	269.000000	0.003717
399.999028	gene_E	121.000000	265.000000	0.000000
399.999028	gene_F	79.000000	193.000000	0.025907
399.999028	gene_G	18.000000	133.000000	0.135338
399.999028	gene_H	0.000000	84.000000	0.142857
399.999028	gene_J	95.000000	258.000000	0.112403
399.999028	gene_K	114.000000	275.000000	0.014545
399.999028	promoter_A	0.000000	0.000000	0.000000
399.999028	promoter_B1	0.000000	0.000000	0.000000
399.999028	promoter_D	0.000000	0.000000	0.000000
404.999063	__gene_A*_rbs	282.000000	0.000000	0.000000
404.999063	__gene_A_rbs	296.000000	0.000000	0.000000
404.999063	__gene_B_rbs	289.000000	0.000000	0.000000
404.999063	__gene_C_rbs	277.000000	0.000000	0.000000
404.999063	__gene_D_rbs	272.000000	0.000000	0.000000
404.999063	__gene_E_rbs	269.000000	0.000000	0.000000
404.999063	__gene_F_rbs	195.000000	0.000000	0.000000
404.999063	__gene_G_rbs	135.000000	0.000000	0.000000
404.999063	__gene_H_rbs	85.000000	0.000000	0.000000
404.999063	__gene_J_rbs	263.000000	0.000000	0.000000
404.999063	__gene_K_rbs	279.000000	0.000000	0.000000
404.999063	__ribosome	0.000000	0.000000	0.000000
404.999063	bound_ecolipol	1879.000000	0.000000	0.000000
404.999063	bound_ribosome	100.000000	0.000000	0.000000
404.999063	ecoli_genome	121.000000	0.000000	0.000000
404.999063	ecoli_transcript	30303.000000	0.000000	0.000000
404.999063	ecolipol	26.000000	0.000000	0.000000
404.999063	gene_A	231.000000	296.000000	0.047297
404.999063	gene_A*	124.000000	283.000000	0.031802
404.999063	gene_B	170.000000	289.000000	0.010381
404.999063	gene_C	120.000000	278.000000	0.010791
404.999063	gene_D	115.000000	273.000000	0.014652
404.999063	gene_E	121.000000	269.000000	0.000000
404.999063	gene_F	79.000000	195.000000	0.025641
404.999063	gene_G	18.000000	135.000000	0.133333
404.999063	gene_H	0.000000	85.000000	0.152941
404.999063	gene_J	95.000000	262.000000	0.110687
404.999063	gene_K	116.000000	278.000000	0.007194
404.999063	promoter_A	0.000000	0.000000	0.000000
404.999063	promoter_B1	0.000000	0.000000	0.000000
404.999063	promoter_D	0.000000	0.000000	0.000000
409.999027	__gene_A*_rbs	287.000000	0.000000	0.000000
409.999027	__gene_A_rbs	299.000000	0.000000	0.000000
409.999027	__gene_B_rbs	290.000000	0.000000	0.000000
409.999027	__gene_C_rbs	281.000000	0.000000	0.000000
409.999027	__gene_D_rbs	276.000000	0.000000	0.000000
409.999027	__gene_E_rbs	272.000000	0.000000	0.000000
409.999027	__gene_F_rbs	198.000000	0.000000	0.000000
409.999027	__gene_G_rbs	136.000000	0.000000	0.000000
409.999027	__gene_H_rbs	88.000000	0.000000	0.000000
409.999027	__gene_J_rbs	267.000000	0.000000	0.000000
409.999027	__gene_K_rbs	283.000000	0.000000	0.000000
409.999027	__ribosome	0.000000	0.000000	0.000000
409.999027	bound_ecolipol	1870.000000	0.000000	0.000000
409.999027	bound_ribosome	100.000000	0.000000	0.000000
409.999027	ecoli_genome	130.000000	0.000000	0.000000
409.999027	ecoli_transcript	30671.000000	0.000000	0.000000
409.999027	ecolipol	38.000000	0.000000	0.000000
409.999027	gene_A	232.000000	299.000000	0.043478
409.999027	gene_A*	124.000000	287.000000	0.034843
409.999027	gene_B	170.000000	292.000000	0.020548
409.999027	gene_C	122.000000	281.000000	0.007117
409.999027	gene_D	115.000000	276.000000	0.014493
409.999027	gene_E	121.000000	272.000000	0.000000
409.999027	gene_F	81.000000	198.000000	0.015152
409.999027	gene_G	19.000000	136.000000	0.132353
409.999027	gene_H	0.000000	88.000000	0.159091
409.999027	gene_J	95.000000	266.000000	0.109023
409.999027	gene_K	118.000000	282.000000	0.003546
409.999027	promoter_A	0.000000	0.000000	0.000000
409.999027	promoter_B1	0.000000	0.000000	0.000000
409.999027	promoter_D	0.000000	0.000000	0.000000
414.999243	__gene_A*_rbs	291.000000	0.000000	0.000000
414.999243	__gene_A_rbs	302.000000	0.000000	0.000000
414.999243	__gene_B_rbs	296.000000	0.000000	0.000000
414.999243	__gene_C_rbs	284.000000	0.000000	0.000000
414.999243	__gene_D_rbs	280.000000	0.000000	0.000000
414.999243	__gene_E_rbs	275.000000	0.000000	0.000000
414.999243	__gene_F_rbs	199.000000	0.000000	0.000000
414.999243	__gene_G_rbs	137.000000	0.000000	0.000000
414.999243	__gene_H_rbs	90.000000	0.000000	0.000000
414.999243	__gene_J_rbs	269.000000	0.000000	0.000000
414.999243	__gene_K_rbs	286.000000	0.000000	0.000000
414.999243	__ribosome	0.000000	0.000000	0.000000
414.999243	bound_ecolipol	1875.000000	0.000000	0.000000
414.999243	bound_ribosome	100.000000	0.000000	0.000000
414.999243	ecoli_genome	125.000000	0.000000	0.000000
414.999243	ecoli_transcript	31050.000000	0.000000	0.000000
414.999243	ecolipol	33.000000	0.000000	0.000000
414.999243	gene_A	234.000000	303.000000	0.039604
414.999243	gene_A*	124.000000	291.000000	0.034364
414.999243	gene_B	171.000000	296.000000	0.020270
414.999243	gene_C	124.000000	285.000000	0.000000
414.999243	gene_D	116.000000	280.000000	0.014286
414.999243	gene_E	121.000000	275.000000	0.000000
414.999243	gene_F	81.000000	199.000000	0.025126
414.999243	gene_G	19.000000	137.000000	0.131387
414.999243	gene_H	0.000000	90.000000	0.166667
414.999243	gene_J	96.000000	269.000000	0.111524
414.999243	gene_K	119.000000	286.000000	0.000000
414.999243	promoter_A	0.000000	0.000000	0.000000
414.999243	promoter_B1	0.000000	0.000000	0.000000
414.999243	promoter_D	0.000000	0.000000	0.000000
419.999079	__gene_A*_rbs	294.000000	0.000000	0.000000
419.999079	__gene_A_rbs	307.000000	0.000000	0.000000
419.999079	__gene_B_rbs	299.000000	0.000000	0.000000
419.999079	__gene_C_rbs	289.000000	0.000000	0.000000
419.999079	__gene_D_rbs	283.000000	0.000000	0.000000
419.999079	__gene_E_rbs	278.000000	0.000000	0.000000
419.999079	__gene_F_rbs	202.000000	0.000000	0.000000
419.999079	__gene_G_rbs	138.000000	0.000000	0.000000
419.999079	__gene_H_rbs	91.000000	0.000000	0.000000
419.999079	__gene_J_rbs	273.000000	0.000000	0.000000
419.999079	__gene_K_rbs	291.000000	0.000000	0.000000
419.999079	__ribosome	0.000000	0.000000	0.000000
419.999079	bound_ecolipol	1866.000000	0.000000	0.000000
419.999079	bound_ribosome	100.000000	0.000000	0.000000
419.999079	ecoli_genome	134.000000	0.000000	0.000000
419.999079	ecoli_transcript	31390.000000	0.000000	0.000000
419.999079	ecolipol	44.000000	0.000000	0.000000
419.999079	gene_A	237.000000	307.000000	0.029316
419.999079	gene_A*	126.000000	294.000000	0.034014
419.999079	gene_B	176.000000	300.000000	0.013333
419.999079	gene_C	124.000000	289.000000	0.000000
419.999079	gene_D	119.000000	283.000000	0.010601
419.999079	gene_E	121.000000	279.000000	0.007168
419.999079	gene_F	82.000000	202.000000	0.024752
419.999079	gene_G	19.000000	138.000000	0.130435
419.999079	gene_H	0.000000	91.000000	0.175824
419.999079	gene_J	96.000000	272.000000	0.117647
419.999079	gene_K	119.000000	290.000000	0.003448
419.999079	promoter_A	0.000000	0.000000	0.000000
419.999079	promoter_B1	0.000000	0.000000	0.000000
419.999079	promoter_D	0.000000	0.000000	0.000000
424.999138	__gene_A*_rbs	298.000000	0.000000	0.000000
424.999138	__gene_A_rbs	310.000000	0.000000	0.000000
424.999138	__gene_B_rbs	304.000000	0.000000	0.000000
424.999138	__gene_C_rbs	292.000000	0.000000	0.000000
424.999138	__gene_D_rbs	287.000000	0.000000	0.000000
424.999138	__gene_E_rbs	281.000000	0.000000	0.000000
424.999138	__gene_F_rbs	204.000000	0.000000	0.000000
424.999138	__gene_G_rbs	141.000000	0.000000	0.000000
424.999138	__gene_H_rbs	91.000000	0.000000	0.000000
424.999138	__gene_J_rbs	277.000000	0.000000	0.000000
424.999138	__gene_K_rbs	294.000000	0.000000	0.000000
424.999138	__ribosome	0.000000	0.000000	0.000000
424.999138	bound_ecolipol	1875.000000	0.000000	0.000000
424.999138	bound_ribosome	100.000000	0.000000	0.000000
424.999138	ecoli_genome	125.000000	0.000000	0.000000
424.999138	ecoli_transcript	31729.000000	0.000000	0.000000
424.999138	ecolipol	35.000000	0.000000	0.000000
424.999138	gene_A	239.000000	310.000000	0.022581
424.999138	gene_A*	127.000000	298.000000	0.030201
424.999138	gene_B	177.000000	304.000000	0.009868
424.999138	gene_C	124.000000	292.000000	0.000000
424.999138	gene_D	119.000000	287.000000	0.010453
424.999138	gene_E	121.000000	282.000000	0.010638
424.999138	gene_F	82.000000	204.000000	0.034314
424.999138	gene_G	19.000000	141.000000	0.141844
424.999138	gene_H	0.000000	91.000000	0.175824
424.999138	gene_J	97.000000	276.000000	0.112319
424.999138	gene_K	120.000000	293.000000	0.003413
424.999138	promoter_A	0.000000	0.000000	0.000000
424.999138	promoter_B1	0.000000	0.000000	0.000000
424.999138	promoter_D	0.000000	0.000000	0.000000
429.999285	__gene_A*_rbs	302.000000	0.000000	0.000000
429.999285	__gene_A_rbs	314.000000	0.000000	0.000000
429.999285	__gene_B_rbs	307.000000	0.000000	0.000000
429.999285	__gene_C_rbs	295.000000	0.000000	0.000000
429.999285	__gene_D_rbs	290.000000	0.000000	0.000000
429.999285	__gene_E_rbs	286.000000	0.000000	0.000000
429.999285	__gene_F_rbs	207.000000	0.000000	0.000000
429.999285	__gene_G_rbs	142.000000	0.000000	0.000000
429.999285	__gene_H_rbs	92.000000	0.000000	0.000000
429.999285	__gene_J_rbs	281.000000	0.000000	0.000000
429.999285	__gene_K_rbs	295.000000	0.000000	0.000000
429.999285	__ribosome	0.000000	0.000000	0.000000
429.999285	bound_ecolipol	1872.000000	0.000000	0.000000
429.999285	bound_ribosome	100.000000	0.000000	0.000000
429.999285	ecoli_genome	128.000000	0.000000	0.000000
429.999285	ecoli_transcript	32083.000000	0.000000	0.000000
429.999285	ecolipol	38.000000	0.000000	0.000000
429.999285	gene_A	240.000000	314.000000	0.022293
429.999285	gene_A*	129.000000	302.000000	0.026490
429.999285	gene_B	178.000000	307.000000	0.016287
429.999285	gene_C	124.000000	295.000000	0.000000
429.999285	gene_D	120.000000	290.000000	0.010345
429.999285	gene_E	123.000000	286.000000	0.006993
429.999285	gene_F	82.000000	207.000000	0.033816
429.999285	gene_G	19.000000	142.000000	0.147887
429.999285	gene_H	0.000000	92.000000	0.173913
429.999285	gene_J	97.000000	280.000000	0.110714
429.999285	gene_K	121.000000	297.000000	0.000000
429.999285	promoter_A	0.000000	0.000000	0.000000
429.999285	promoter_B1	0.000000	0.000000	0.000000
429.999285	promoter_D	0.000000	0.000000	0.000000
434.999039	__gene_A*_rbs	305.000000	0.000000	0.000000
434.999039	__gene_A_rbs	318.000000	0.000000	0.000000
434.999039	__gene_B_rbs	311.000000	0.000000	0.000000
434.999039	__gene_C_rbs	299.000000	0.000000	0.000000
434.999039	__gene_D_rbs	294.000000	0.000000	0.000000
434.999039	__gene_E_rbs	290.000000	0.000000	0.000000
434.999039	__gene_F_rbs	209.000000	0.000000	0.000000
434.999039	__gene_G_rbs	144.000000	0.000000	0.000000
434.999039	__gene_H_rbs	92.000000	0.000000	0.000000
434.999039	__gene_J_rbs	282.000000	0.000000	0.000000
434.999039	__gene_K_rbs	300.000000	0.000000	0.000000
434.999039	__ribosome	0.000000	0.000000	0.000000
434.999039	bound_ecolipol	1874.000000	0.000000	0.000000
434.999039	bound_ribosome	100.000000	0.000000	0.000000
434.999039	ecoli_genome	126.000000	0.000000	0.000000
434.999039	ecoli_transcript	32467.000000	0.000000	0.000000
434.999039	ecolipol	38.000000	0.000000	0.000000
434.999039	gene_A	243.000000	318.000000	0.012579
434.999039	gene_A*	131.000000	305.000000	0.019672
434.999039	gene_B	180.000000	311.000000	0.009646
434.999039	gene_C	124.000000	299.000000	0.000000
434.999039	gene_D	122.000000	294.000000	0.006803
434.999039	gene_E	124.000000	290.000000	0.010345
434.999039	gene_F	82.000000	210.000000	0.038095
434.999039	gene_G	19.000000	144.000000	0.159722
434.999039	gene_H	0.000000	92.000000	0.184783
434.999039	gene_J	97.000000	282.000000	0.117021
434.999039	gene_K	121.000000	300.000000	0.003333
434.999039	promoter_A	0.000000	0.000000	0.000000
434.999039	promoter_B1	0.000000	0.000000	0.000000
434.999039	promoter_D	0.000000	0.000000	0.000000
439.999011	__gene_A*_rbs	309.000000	0.000000	0.000000
439.999011	__gene_A_rbs	321.000000	0.000000	0.000000
439.999011	__gene_B_rbs	315.000000	0.000000	0.000000
439.999011	__gene_C_rbs	301.000000	0.000000	0.000000
439.999011	__gene_D_rbs	298.000000	0.000000	0.000000
439.999011	__gene_E_rbs	293.000000	0.000000	0.000000
439.999011	__gene_F_rbs	212.000000	0.000000	0.000000
439.999011	__gene_G_rbs	147.000000	0.000000	0.000000
439.999011	__gene_H_rbs	94.000000	0.000000	0.000000
439.999011	__gene_J_rbs	286.000000	0.000000	0.000000
439.999011	__gene_K_rbs	304.000000	0.000000	0.000000
439.999011	__ribosome	0.000000	0.000000	0.000000
439.999011	bound_ecolipol	1869.000000	0.000000	0.000000
439.999011	bound_ribosome	100.000000	0.000000	0.000000
439.999011	ecoli_genome	131.000000	0.000000	0.000000
439.999011	ecoli_transcript	32872.000000	0.000000	0.000000
439.999011	ecolipol	42.000000	0.000000	0.000000
439.999011	gene_A	243.000000	321.000000	0.018692
439.999011	gene_A*	132.000000	309.000000	0.016181
439.999011	gene_B	183.000000	315.000000	0.006349
439.999011	gene_C	124.000000	303.000000	0.000000
439.999011	gene_D	122.000000	298.000000	0.010067
439.999011	gene_E	125.000000	293.000000	0.006826
439.999011	gene_F	83.000000	212.000000	0.033019
439.999011	gene_G	20.000000	147.000000	0.149660
439.999011	gene_H	0.000000	94.000000	0.180851
439.999011	gene_J	99.000000	286.000000	0.115385
439.999011	gene_K	122.000000	304.000000	0.009868
439.999011	promoter_A	0.000000	0.000000	0.000000
439.999011	promoter_B1	0.000000	0.000000	0.000000
439.999011	promoter_D	0.000000	0.000000	0.000000
444.999028	__gene_A*_rbs	312.000000	0.000000	0.000000
444.999028	__gene_A_rbs	325.000000	0.000000	0.000000
444.999028	__gene_B_rbs	318.000000	0.000000	0.000000
444.999028	__gene_C_rbs	307.000000	0.000000	0.000000
444.999028	__gene_D_rbs	301.000000	0.000000	0.000000
444.999028	__gene_E_rbs	296.000000	0.000000	0.000000
444.999028	__gene_F_rbs	215.000000	0.000000	0.000000
444.999028	__gene_G_rbs	149.000000	0.000000	0.000000
444.999028	__gene_H_rbs	95.000000	0.000000	0.000000
444.999028	__gene_J_rbs	291.000000	0.000000	0.000000
444.999028	__gene_K_rbs	309.000000	0.000000	0.000000
444.999028	__ribosome	0.000000	0.000000	0.000000
444.999028	bound_ecolipol	1871.000000	0.000000	0.000000
444.999028	bound_ribosome	100.000000	0.000000	0.000000
444.999028	ecoli_genome	129.000000	0.000000	0.000000
444.999028	ecoli_transcript	33278.000000	0.000000	0.000000
444.999028	ecolipol	41.000000	0.000000	0.000000
444.999028	gene_A	245.000000	325.000000	0.018462
444.999028	gene_A*	134.000000	312.000000	0.016026
444.999028	gene_B	183.000000	318.000000	0.012579
444.999028	gene_C	124.000000	307.000000	0.006515
444.999028	gene_D	123.000000	301.000000	0.013289
444.999028	gene_E	127.000000	297.000000	0.003367
444.999028	gene_F	83.000000	215.000000	0.032558
444.999028	gene_G	22.000000	149.000000	0.134228
444.999028	gene_H	0.000000	95.000000	0.189474
444.999028	gene_J	101.000000	290.000000	0.110345
444.999028	gene_K	124.000000	308.000000	0.003247
444.999028	promoter_A	0.000000	0.000000	0.000000
444.999028	promoter_B1	0.000000	0.000000	0.000000
444.999028	promoter_D	0.000000	0.000000	0.000000
449.999757	__gene_A*_rbs	316.000000	0.000000	0.000000
449.999757	__gene_A_rbs	328.000000	0.000000	0.000000
449.999757	__gene_B_rbs	322.000000	0.000000	0.000000
449.999757	__gene_C_rbs	310.000000	0.000000	0.000000
449.999757	__gene_D_rbs	305.000000	0.000000	0.000000
449.999757	__gene_E_rbs	300.000000	0.000000	0.000000
449.999757	__gene_F_rbs	216.000000	0.000000	0.000000
449.999757	__gene_G_rbs	152.000000	0.000000	0.000000
449.999757	__gene_H_rbs	96.000000	0.000000	0.000000
449.999757	__gene_J_rbs	294.000000	0.000000	0.000000
449.999757	__gene_K_rbs	312.000000	0.000000	0.000000
449.999757	__ribosome	0.000000	0.000000	0.000000
449.999757	bound_ecolipol	1868.000000	0.000000	0.000000
449.999757	bound_ribosome	100.000000	0.000000	0.000000
449.999757	ecoli_genome	132.000000	0.000000	0.000000
449.999757	ecoli_transcript	33684.000000	0.000000	0.000000
449.999757	ecolipol	43.000000	0.000000	0.000000
449.999757	gene_A	245.000000	328.000000	0.018293
449.999757	gene_A*	134.000000	316.000000	0.015823
449.999757	gene_B	184.000000	322.000000	0.009317
449.999757	gene_C	124.000000	310.000000	0.006452
449.999757	gene_D	124.000000	305.000000	0.013115
449.999757	gene_E	127.000000	300.000000	0.003333
449.999757	gene_F	84.000000	216.000000	0.037037
449.999757	gene_G	23.000000	152.000000	0.125000
449.999757	gene_H	0.000000	96.000000	0.187500
449.999757	gene_J	102.000000	293.000000	0.116041
449.999757	gene_K	125.000000	312.000000	0.000000
449.999757	promoter_A	0.000000	0.000000	0.000000
449.999757	promoter_B1	0.000000	0.000000	0.000000
449.999757	promoter_D	0.000000	0.000000	0.000000
454.999185	__gene_A*_rbs	319.000000	0.000000	0.000000
454.999185	__gene_A_rbs	332.000000	0.000000	0.000000
454.999185	__gene_B_rbs	326.000000	0.000000	0.000000
454.999185	__gene_C_rbs	314.000000	0.000000	0.000000
454.999185	__gene_D_rbs	308.000000	0.000000	0.000000
454.999185	__gene_E_rbs	304.000000	0.000000	0.000000
454.999185	__gene_F_rbs	220.000000	0.000000	0.000000
454.999185	__gene_G_rbs	153.000000	0.000000	0.000000
454.999185	__gene_H_rbs	96.000000	0.000000	0.000000
454.999185	__gene_J_rbs	298.000000	0.000000	0.000000
454.999185	__gene_K_rbs	316.000000	0.000000	0.000000
454.999185	__ribosome	0.000000	0.000000	0.000000
454.999185	bound_ecolipol	1868.000000	0.000000	0.000000
454.999185	bound_ribosome	100.000000	0.000000	0.000000
454.999185	ecoli_genome	132.000000	0.000000	0.000000
454.999185	ecoli_transcript	34052.000000	0.000000	0.000000
454.999185	ecolipol	41.000000	0.000000	0.000000
454.999185	gene_A	245.000000	332.000000	0.021084
454.999185	gene_A*	136.000000	320.000000	0.012500
454.999185	gene_B	186.000000	326.000000	0.006135
454.999185	gene_C	126.000000	314.000000	0.003185
454.999185	gene_D	125.000000	308.000000	0.012987
454.999185	gene_E	128.000000	304.000000	0.000000
454.999185	gene_F	84.000000	220.000000	0.036364
454.999185	gene_G	23.000000	153.000000	0.130719
454.999185	gene_H	0.000000	97.000000	0.195876
454.999185	gene_J	104.000000	297.000000	0.111111
454.999185	gene_K	125.000000	315.000000	0.006349
454.999185	promoter_A	0.000000	0.000000	0.000000
454.999185	promoter_B1	0.000000	0.000000	0.000000
454.999185	promoter_D	0.000000	0.000000	0.000000
459.999092	__gene_A*_rbs	323.000000	0.000000	0.000000
459.999092	__gene_A_rbs	336.000000	0.000000	0.000000
459.999092	__gene_B_rbs	329.000000	0.000000	0.000000
459.999092	__gene_C_rbs	317.000000	0.000000	0.000000
459.999092	__gene_D_rbs	312.000000	0.000000	0.000000
459.999092	__gene_E_rbs	308.000000	0.000000	0.000000
459.999092	__gene_F_rbs	221.000000	0.000000	0.000000
459.999092	__gene_G_rbs	154.000000	0.000000	0.000000
459.999092	__gene_H_rbs	99.000000	0.000000	0.000000
459.999092	__gene_J_rbs	301.000000	0.000000	0.000000
459.999092	__gene_K_rbs	320.000000	0.000000	0.000000
459.999092	__ribosome	0.000000	0.000000	0.000000
459.999092	bound_ecolipol	1869.000000	0.000000	0.000000
459.999092	bound_ribosome	100.000000	0.000000	0.000000
459.999092	ecoli_genome	131.000000	0.000000	0.000000
459.999092	ecoli_transcript	34429.000000	0.000000	0.000000
459.999092	ecolipol	43.000000	0.000000	0.000000
459.999092	gene_A	245.000000	336.000000	0.023810
459.999092	gene_A*	136.000000	323.000000	0.012384
459.999092	gene_B	187.000000	329.000000	0.006079
459.999092	gene_C	126.000000	318.000000	0.006289
459.999092	gene_D	127.000000	312.000000	0.006410
459.999092	gene_E	128.000000	308.000000	0.003247
459.999092	gene_F	86.000000	221.000000	0.031674
459.999092	gene_G	23.000000	154.000000	0.136364
459.999092	gene_H	0.000000	99.000000	0.202020
459.999092	gene_J	105.000000	300.000000	0.110000
459.999092	gene_K	127.000000	319.000000	0.000000
459.999092	promoter_A	0.000000	0.000000	0.000000
459.999092	promoter_B1	0.000000	0.000000	0.000000
459.999092	promoter_D	0.000000	0.000000	0.000000
464.999060	__gene_A*_rbs	327.000000	0.000000	0.000000
464.999060	__gene_A_rbs	339.000000	0.000000	0.000000
464.999060	__gene_B_rbs	332.000000	0.000000	0.000000
464.999060	__gene_C_rbs	321.000000	0.000000	0.000000
464.999060	__gene_D_rbs	316.000000	0.000000	0.000000
464.999060	__gene_E_rbs	311.000000	0.000000	0.000000
464.999060	__gene_F_rbs	223.000000	0.000000	0.000000
464.999060	__gene_G_rbs	155.000000	0.000000	0.000000
464.999060	__gene_H_rbs	101.000000	0.000000	0.000000
464.999060	__gene_J_rbs	305.000000	0.000000	0.000000
464.999060	__gene_K_rbs	324.000000	0.000000	0.000000
464.999060	__ribosome	0.000000	0.000000	0.000000
464.999060	bound_ecolipol	1872.000000	0.000000	0.000000
464.999060	bound_ribosome	100.000000	0.000000	0.000000
464.999060	ecoli_genome	128.000000	0.000000	0.000000
464.999060	ecoli_transcript	34776.000000	0.000000	0.000000
464.999060	ecolipol	38.000000	0.000000	0.000000
464.999060	gene_A	245.000000	339.000000	0.026549
464.999060	gene_A*	137.000000	327.000000	0.009174
464.999060	gene_B	188.000000	333.000000	0.003003
464.999060	gene_C	127.000000	322.000000	0.006211
464.999060	gene_D	127.000000	316.000000	0.006329
464.999060	gene_E	128.000000	311.000000	0.006431
464.999060	gene_F	87.000000	223.000000	0.031390
464.999060	gene_G	23.000000	155.000000	0.135484
464.999060	gene_H	0.000000	101.000000	0.198020
464.999060	gene_J	106.000000	304.000000	0.105263
464.999060	gene_K	127.000000	323.000000	0.003096
464.999060	promoter_A	0.000000	0.000000	0.000000
464.999060	promoter_B1	0.000000	0.000000	0.000000
464.999060	promoter_D	0.000000	0.000000	0.000000
469.999063	__gene_A*_rbs	331.000000	0.000000	0.000000
469.999063	__gene_A_rbs	343.000000	0.000000	0.000000
469.999063	__gene_B_rbs	336.000000	0.000000	0.000000
469.999063	__gene_C_rbs	325.000000	0.000000	0.000000
469.999063	__gene_D_rbs	320.000000	0.000000	0.000000
469.999063	__gene_E_rbs	315.000000	0.000000	0.000000
469.999063	__gene_F_rbs	227.000000	0.000000	0.000000
469.999063	__gene_G_rbs	158.000000	0.000000	0.000000
469.999063	__gene_H_rbs	102.000000	0.000000	0.000000
469.999063	__gene_J_rbs	309.000000	0.000000	0.000000
469.999063	__gene_K_rbs	326.000000	0.000000	0.000000
469.999063	__ribosome	0.000000	0.000000	0.000000
469.999063	bound_ecolipol	1875.000000	0.000000	0.000000
469.999063	bound_ribosome	100.000000	0.000000	0.000000
469.999063	ecoli_genome	125.000000	0.000000	0.000000
469.999063	ecoli_transcript	35139.000000	0.000000	0.000000
469.999063	ecolipol	34.000000	0.000000	0.000000
469.999063	gene_A	246.000000	343.000000	0.026239
469.999063	gene_A*	137.000000	331.000000	0.012085
469.999063	gene_B	188.000000	336.000000	0.008929
469.999063	gene_C	129.000000	325.000000	0.003077
469.999063	gene_D	129.000000	320.000000	0.000000
469.999063	gene_E	129.000000	315.000000	0.003175
469.999063	gene_F	89.000000	227.000000	0.026432
469.999063	gene_G	23.000000	158.000000	0.132911
469.999063	gene_H	0.000000	102.000000	0.205882
469.999063	gene_J	106.000000	308.000000	0.110390
469.999063	gene_K	128.000000	326.000000	0.000000
469.999063	promoter_A	0.000000	0.000000	0.000000
469.999063	promoter_B1	0.000000	0.000000	0.000000
469.999063	promoter_D	0.000000	0.000000	0.000000
474.999718	__gene_A*_rbs	333.000000	0.000000	0.000000
474.999718	__gene_A_rbs	347.000000	0.000000	0.000000
474.999718	__gene_B_rbs	340.000000	0.000000	0.000000
474.999718	__gene_C_rbs	329.000000	0.000000	0.000000
474.999718	__gene_D_rbs	323.000000	0.000000	0.000000
474.999718	__gene_E_rbs	318.000000	0.000000	0.000000
474.999718	__gene_F_rbs	230.000000	0.000000	0.000000
474.999718	__gene_G_rbs	161.000000	0.000000	0.000000
474.999718	__gene_H_rbs	103.000000	0.000000	0.000000
474.999718	__gene_J_rbs	312.000000	0.000000	0.000000
474.999718	__gene_K_rbs	331.000000	0.000000	0.000000
474.999718	__ribosome	0.000000	0.000000	0.000000
474.999718	bound_ecolipol	1866.000000	0.000000	0.000000
474.999718	bound_ribosome	100.000000	0.000000	0.000000
474.999718	ecoli_genome	134.000000	0.000000	0.000000
474.999718	ecoli_transcript	35514.000000	0.000000	0.000000
474.999718	ecolipol	42.000000	0.000000	0.000000
474.999718	gene_A	246.000000	347.000000	0.031700
474.999718	gene_A*	138.000000	334.000000	0.008982
474.999718	gene_B	189.000000	340.000000	0.005882
474.999718	gene_C	130.000000	329.000000	0.000000
474.999718	gene_D	129.000000	323.000000	0.003096
474.999718	gene_E	130.000000	318.000000	0.003145
474.999718	gene_F	89.000000	230.000000	0.030435
474.999718	gene_G	24.000000	161.000000	0.124224
474.999718	gene_H	0.000000	103.000000	0.203883
474.999718	gene_J	108.000000	311.000000	0.102894
474.999718	gene_K	128.000000	330.000000	0.006061
474.999718	promoter_A	0.000000	0.000000	0.000000
474.999718	promoter_B1	0.000000	0.000000	0.000000
474.999718	promoter_D	0.000000	0.000000	0.000000
479.999080	__gene_A*_rbs	338.000000	0.000000	0.000000
479.999080	__gene_A_rbs	351.000000	0.000000	0.000000
479.999080	__gene_B_rbs	344.000000	0.000000	0.000000
479.999080	__gene_C_rbs	332.000000	0.000000	0.000000
479.999080	__gene_D_rbs	327.000000	0.000000	0.000000
479.999080	__gene_E_rbs	323.000000	0.000000	0.000000
479.999080	__gene_F_rbs	232.000000	0.000000	0.000000
479.999080	__gene_G_rbs	162.000000	0.000000	0.000000
479.999080	__gene_H_rbs	104.000000	0.000000	0.000000
479.999080	__gene_J_rbs	316.000000	0.000000	0.000000
479.999080	__gene_K_rbs	333.000000	0.000000	0.000000
479.999080	__ribosome	0.000000	0.000000	0.000000
479.999080	bound_ecolipol	1862.000000	0.000000	0.000000
479.999080	bound_ribosome	100.000000	0.000000	0.000000
479.999080	ecoli_genome	138.000000	0.000000	0.000000
479.999080	ecoli_transcript	35873.000000	0.000000	0.000000
479.999080	ecolipol	43.000000	0.000000	0.000000
479.999080	gene_A	247.000000	351.000000	0.031339
479.999080	gene_A*	139.000000	338.000000	0.005917
479.999080	gene_B	190.000000	344.000000	0.008721
479.999080	gene_C	130.000000	332.000000	0.003012
479.999080	gene_D	129.000000	327.000000	0.003058
479.999080	gene_E	130.000000	323.000000	0.003096
479.999080	gene_F	90.000000	232.000000	0.025862
479.999080	gene_G	24.000000	162.000000	0.129630
479.999080	gene_H	0.000000	104.000000	0.201923
479.999080	gene_J	108.000000	315.000000	0.101587
479.999080	gene_K	130.000000	333.000000	0.003003
479.999080	promoter_A	0.000000	0.000000	0.000000
479.999080	promoter_B1	0.000000	0.000000	0.000000
479.999080	promoter_D	0.000000	0.000000	0.000000
484.999287	__gene_A*_rbs	342.000000	0.000000	0.000000
484.999287	__gene_A_rbs	354.000000	0.000000	0.000000
484.999287	__gene_B_rbs	348.000000	0.000000	0.000000
484.999287	__gene_C_rbs	336.000000	0.000000	0.000000
484.999287	__gene_D_rbs	331.000000	0.000000	0.000000
484.999287	__gene_E_rbs	326.000000	0.000000	0.000000
484.999287	__gene_F_rbs	235.000000	0.000000	0.000000
484.999287	__gene_G_rbs	166.000000	0.000000	0.000000
484.999287	__gene_H_rbs	106.000000	0.000000	0.000000
484.999287	__gene_J_rbs	319.000000	0.000000	0.000000
484.999287	__gene_K_rbs	337.000000	0.000000	0.000000
484.999287	__ribosome	0.000000	0.000000	0.000000
484.999287	bound_ecolipol	1867.000000	0.000000	0.000000
484.999287	bound_ribosome	100.000000	0.000000	0.000000
484.999287	ecoli_genome	133.000000	0.000000	0.000000
484.999287	ecoli_transcript	36279.000000	0.000000	0.000000
484.999287	ecolipol	36.000000	0.000000	0.000000
484.999287	gene_A	247.000000	354.000000	0.031073
484.999287	gene_A*	139.000000	342.000000	0.008772
484.999287	gene_B	191.000000	348.000000	0.008621
484.999287	gene_C	130.000000	336.000000	0.002976
484.999287	gene_D	129.000000	331.000000	0.003021
484.999287	gene_E	131.000000	326.000000	0.000000
484.999287	gene_F	90.000000	235.000000	0.025532
484.999287	gene_G	24.000000	166.000000	0.126506
484.999287	gene_H	0.000000	106.000000	0.198113
484.999287	gene_J	108.000000	318.000000	0.100629
484.999287	gene_K	130.000000	337.000000	0.002967
484.999287	promoter_A	0.000000	0.000000	0.000000
484.999287	promoter_B1	0.000000	0.000000	0.000000
484.999287	promoter_D	0.000000	0.000000	0.000000
489.999237	__gene_A*_rbs	344.000000	0.000000	0.000000
489.999237	__gene_A_rbs	358.000000	0.000000	0.000000
489.999237	__gene_B_rbs	350.000000	0.000000	0.000000
489.999237	__gene_C_rbs	340.000000	0.000000	0.000000
489.999237	__gene_D_rbs	334.000000	0.000000	0.000000
489.999237	__gene_E_rbs	330.000000	0.000000	0.000000
489.999237	__gene_F_rbs	238.000000	0.000000	0.000000
489.999237	__gene_G_rbs	168.000000	0.000000	0.000000
489.999237	__gene_H_rbs	107.000000	0.000000	0.000000
489.999237	__gene_J_rbs	323.000000	0.000000	0.000000
489.999237	__gene_K_rbs	342.000000	0.000000	0.000000
489.999237	__ribosome	0.000000	0.000000	0.000000
489.999237	bound_ecolipol	1871.000000	0.000000	0.000000
489.999237	bound_ribosome	100.000000	0.000000	0.000000
489.999237	ecoli_genome	129.000000	0.000000	0.000000
489.999237	ecoli_transcript	36642.000000	0.000000	0.000000
489.999237	ecolipol	33.000000	0.000000	0.000000
489.999237	gene_A	247.000000	358.000000	0.036313
489.999237	gene_A*	140.000000	345.000000	0.005797
489.999237	gene_B	192.000000	351.000000	0.008547
489.999237	gene_C	131.000000	340.000000	0.000000
489.999237	gene_D	130.000000	334.000000	0.000000
489.999237	gene_E	131.000000	330.000000	0.000000
489.999237	gene_F	91.000000	238.000000	0.025210
489.999237	gene_G	24.000000	168.000000	0.130952
489.999237	gene_H	0.000000	108.000000	0.203704
489.999237	gene_J	108.000000	322.000000	0.099379
489.999237	gene_K	131.000000	341.000000	0.000000
489.999237	promoter_A	0.000000	0.000000	0.000000
489.999237	promoter_B1	0.000000	0.000000	0.000000
489.999237	promoter_D	0.000000	0.000000	0.000000
494.999095	__gene_A*_rbs	349.000000	0.000000	0.000000
494.999095	__gene_A_rbs	361.000000	0.000000	0.000000
494.999095	__gene_B_rbs	354.000000	0.000000	0.000000
494.999095	__gene_C_rbs	343.000000	0.000000	0.000000
494.999095	__gene_D_rbs	338.000000	0.000000	0.000000
494.999095	__gene_E_rbs	334.000000	0.000000	0.000000
494.999095	__gene_F_rbs	241.000000	0.000000	0.000000
494.999095	__gene_G_rbs	170.000000	0.000000	0.000000
494.999095	__gene_H_rbs	108.000000	0.000000	0.000000
494.999095	__gene_J_rbs	326.000000	0.000000	0.000000
494.999095	__gene_K_rbs	346.000000	0.000000	0.000000
494.999095	__ribosome	0.000000	0.000000	0.000000
494.999095	bound_ecolipol	1870.000000	0.000000	0.000000
494.999095	bound_ribosome	100.000000	0.000000	0.000000
494.999095	ecoli_genome	130.000000	0.000000	0.000000
494.999095	ecoli_transcript	37019.000000	0.000000	0.000000
494.999095	ecolipol	34.000000	0.000000	0.000000
494.999095	gene_A	251.000000	361.000000	0.024931
494.999095	gene_A*	140.000000	349.000000	0.008596
494.999095	gene_B	194.000000	355.000000	0.008451
494.999095	gene_C	131.000000	343.000000	0.000000
494.999095	gene_D	130.000000	338.000000	0.000000
494.999095	gene_E	131.000000	334.000000	0.002994
494.999095	gene_F	92.000000	241.000000	0.024896
494.999095	gene_G	25.000000	170.000000	0.129412
494.999095	gene_H	0.000000	108.000000	0.203704
494.999095	gene_J	108.000000	325.000000	0.098462
494.999095	gene_K	131.000000	345.000000	0.005797
494.999095	promoter_A	0.000000	0.000000	0.000000
494.999095	promoter_B1	0.000000	0.000000	0.000000
494.999095	promoter_D	0.000000	0.000000	0.000000
499.999069	__gene_A*_rbs	353.000000	0.000000	0.000000
499.999069	__gene_A_rbs	365.000000	0.000000	0.000000
499.999069	__gene_B_rbs	358.000000	0.000000	0.000000
499.999069	__gene_C_rbs	348.000000	0.000000	0.000000
499.999069	__gene_D_rbs	342.000000	0.000000	0.000000
499.999069	__gene_E_rbs	337.000000	0.000000	0.000000
499.999069	__gene_F_rbs	242.000000	0.000000	0.000000
499.999069	__gene_G_rbs	170.000000	0.000000	0.000000
499.999069	__gene_H_rbs	111.000000	0.000000	0.000000
499.999069	__gene_J_rbs	328.000000	0.000000	0.000000
499.999069	__gene_K_rbs	349.000000	0.000000	0.000000
499.999069	__ribosome	0.000000	0.000000	0.000000
499.999069	bound_ecolipol	1861.000000	0.000000	0.000000
499.999069	bound_ribosome	100.000000	0.000000	0.000000
499.999069	ecoli_genome	139.000000	0.000000	0.000000
499.999069	ecoli_transcript	37418.000000	0.000000	0.000000
499.999069	ecolipol	46.000000	0.000000	0.000000
499.999069	gene_A	251.000000	365.000000	0.027397
499.999069	gene_A*	141.000000	353.000000	0.005666
499.999069	gene_B	194.000000	359.000000	0.008357
499.999069	gene_C	131.000000	348.000000	0.000000
499.999069	gene_D	130.000000	342.000000	0.002924
499.999069	gene_E	131.000000	337.000000	0.002967
499.999069	gene_F	93.000000	242.000000	0.020661
499.999069	gene_G	25.000000	171.000000	0.134503
499.999069	gene_H	0.000000	111.000000	0.198198
499.999069	gene_J	108.000000	329.000000	0.100304
499.999069	gene_K	133.000000	349.000000	0.000000
499.999069	promoter_A	0.000000	0.000000	0.000000
499.999069	promoter_B1	0.000000	0.000000	0.000000
499.999069	promoter_D	0.000000	0.000000	0.000000
504.999070	__gene_A*_rbs	356.000000	0.000000	0.000000
504.999070	__gene_A_rbs	368.000000	0.000000	0.000000
504.999070	__gene_B_rbs	362.000000	0.000000	0.000000
504.999070	__gene_C_rbs	351.000000	0.000000	0.000000
504.999070	__gene_D_rbs	345.000000	0.000000	0.000000
504.999070	__gene_E_rbs	341.000000	0.000000	0.000000
504.999070	__gene_F_rbs	245.000000	0.000000	0.000000
504.999070	__gene_G_rbs	171.000000	0.000000	0.000000
504.999070	__gene_H_rbs	113.000000	0.000000	0.000000
504.999070	__gene_J_rbs	333.000000	0.000000	0.000000
504.999070	__gene_K_rbs	353.000000	0.000000	0.000000
504.999070	__ribosome	0.000000	0.000000	0.000000
504.999070	bound_ecolipol	1867.000000	0.000000	0.000000
504.999070	bound_ribosome	100.000000	0.000000	0.000000
504.999070	ecoli_genome	133.000000	0.000000	0.000000
504.999070	ecoli_transcript	37771.000000	0.000000	0.000000
504.999070	ecolipol	39.000000	0.000000	0.000000
504.999070	gene_A	252.000000	369.000000	0.029810
504.999070	gene_A*	141.000000	357.000000	0.008403
504.999070	gene_B	196.000000	362.000000	0.005525
504.999070	gene_C	131.000000	351.000000	0.000000
504.999070	gene_D	130.000000	345.000000	0.002899
504.999070	gene_E	132.000000	341.000000	0.000000
504.999070	gene_F	94.000000	245.000000	0.016327
504.999070	gene_G	26.000000	171.000000	0.134503
504.999070	gene_H	0.000000	113.000000	0.194690
504.999070	gene_J	109.000000	333.000000	0.099099
504.999070	gene_K	133.000000	353.000000	0.002833
504.999070	promoter_A	0.000000	0.000000	0.000000
504.999070	promoter_B1	0.000000	0.000000	0.000000
504.999070	promoter_D	0.000000	0.000000	0.000000
509.999142	__gene_A*_rbs	361.000000	0.000000	0.000000
509.999142	__gene_A_rbs	372.000000	0.000000	0.000000
509.999142	__gene_B_rbs	364.000000	0.000000	0.000000
509.999142	__gene_C_rbs	354.000000	0.000000	0.000000
509.999142	__gene_D_rbs	349.000000	0.000000	0.000000
509.999142	__gene_E_rbs	345.000000	0.000000	0.000000
509.999142	__gene_F_rbs	246.000000	0.000000	0.000000
509.999142	__gene_G_rbs	173.000000	0.000000	0.000000
509.999142	__gene_H_rbs	115.000000	0.000000	0.000000
509.999142	__gene_J_rbs	338.000000	0.000000	0.000000
509.999142	__gene_K_rbs	357.000000	0.000000	0.000000
509.999142	__ribosome	0.000000	0.000000	0.000000
509.999142	bound_ecolipol	1883.000000	0.000000	0.000000
509.999142	bound_ribosome	100.000000	0.000000	0.000000
509.999142	ecoli_genome	117.000000	0.000000	0.000000
509.999142	ecoli_transcript	38131.000000	0.000000	0.000000
509.999142	ecolipol	26.000000	0.000000	0.000000
509.999142	gene_A	253.000000	372.000000	0.029570
509.999142	gene_A*	141.000000	361.000000	0.008310
509.999142	gene_B	197.000000	366.000000	0.002732
509.999142	gene_C	131.000000	355.000000	0.002817
509.999142	gene_D	130.000000	349.000000	0.008596
509.999142	gene_E	132.000000	345.000000	0.000000
509.999142	gene_F	94.000000	246.000000	0.016260
509.999142	gene_G	26.000000	173.000000	0.132948
509.999142	gene_H	0.000000	115.000000	0.191304
509.999142	gene_J	110.000000	337.000000	0.094955
509.999142	gene_K	134.000000	356.000000	0.000000
509.999142	promoter_A	0.000000	0.000000	0.000000
509.999142	promoter_B1	0.000000	0.000000	0.000000
509.999142	promoter_D	0.000000	0.000000	0.000000
514.999665	__gene_A*_rbs	364.000000	0.000000	0.000000
514.999665	__gene_A_rbs	376.000000	0.000000	0.000000
514.999665	__gene_B_rbs	369.000000	0.000000	0.000000
514.999665	__gene_C_rbs	359.000000	0.000000	0.000000
514.999665	__gene_D_rbs	353.000000	0.000000	0.000000
514.999665	__gene_E_rbs	348.000000	0.000000	0.000000
514.999665	__gene_F_rbs	248.000000	0.000000	0.000000
514.999665	__gene_G_rbs	175.000000	0.000000	0.000000
514.999665	__gene_H_rbs	116.000000	0.000000	0.000000
514.999665	__gene_J_rbs	341.000000	0.000000	0.000000
514.999665	__gene_K_rbs	360.000000	0.000000	0.000000
514.999665	__ribosome	0.000000	0.000000	0.000000
514.999665	bound_ecolipol	1872.000000	0.000000	0.000000
514.999665	bound_ribosome	100.000000	0.000000	0.000000
514.999665	ecoli_genome	128.000000	0.000000	0.000000
514.999665	ecoli_transcript	38504.000000	0.000000	0.000000
514.999665	ecolipol	40.000000	0.000000	0.000000
514.999665	gene_A	254.000000	376.000000	0.026596
514.999665	gene_A*	141.000000	364.000000	0.008242
514.999665	gene_B	197.000000	369.000000	0.005420
514.999665	gene_C	131.000000	359.000000	0.002786
514.999665	gene_D	131.000000	353.000000	0.005666
514.999665	gene_E	132.000000	348.000000	0.000000
514.999665	gene_F	96.000000	248.000000	0.008065
514.999665	gene_G	26.000000	175.000000	0.131429
514.999665	gene_H	0.000000	116.000000	0.189655
514.999665	gene_J	110.000000	340.000000	0.100000
514.999665	gene_K	134.000000	360.000000	0.002778
514.999665	promoter_A	0.000000	0.000000	0.000000
514.999665	promoter_B1	0.000000	0.000000	0.000000
514.999665	promoter_D	0.000000	0.000000	0.000000
519.999459	__gene_A*_rbs	368.000000	0.000000	0.000000
519.999459	__gene_A_rbs	379.000000	0.000000	0.000000
519.999459	__gene_B_rbs	372.000000	0.000000	0.000000
519.999459	__gene_C_rbs	361.000000	0.000000	0.000000
519.999459	__gene_D_rbs	357.000000	0.000000	0.000000
519.999459	__gene_E_rbs	351.000000	0.000000	0.000000
519.999459	__gene_F_rbs	250.000000	0.000000	0.000000
519.999459	__gene_G_rbs	176.000000	0.000000	0.000000
519.999459	__gene_H_rbs	116.000000	0.000000	0.000000
519.999459	__gene_J_rbs	345.000000	0.000000	0.000000
519.999459	__gene_K_rbs	364.000000	0.000000	0.000000
519.999459	__ribosome	0.000000	0.000000	0.000000
519.999459	bound_ecolipol	1873.000000	0.000000	0.000000
519.999459	bound_ribosome	100.000000	0.000000	0.000000
519.999459	ecoli_genome	127.000000	0.000000	0.000000
519.999459	ecoli_transcript	38880.000000	0.000000	0.000000
519.999459	ecolipol	36.000000	0.000000	0.000000
519.999459	gene_A	254.000000	379.000000	0.026385
519.999459	gene_A*	142.000000	368.000000	0.008152
519.999459	gene_B	198.000000	373.000000	0.002681
519.999459	gene_C	132.000000	362.000000	0.002762
519.999459	gene_D	131.000000	357.000000	0.005602
519.999459	gene_E	132.000000	352.000000	0.005682
519.999459	gene_F	96.000000	250.000000	0.008000
519.999459	gene_G	26.000000	176.000000	0.130682
519.999459	gene_H	0.000000	116.000000	0.189655
519.999459	gene_J	112.000000	344.000000	0.095930
519.999459	gene_K	135.000000	363.000000	0.002755
519.999459	promoter_A	0.000000	0.000000	0.000000
519.999459	promoter_B1	0.000000	0.000000	0.000000
519.999459	promoter_D	0.000000	0.000000	0.000000
524.999073	__gene_A*_rbs	371.000000	0.000000	0.000000
524.999073	__gene_A_rbs	383.000000	0.000000	0.000000
524.999073	__gene_B_rbs	376.000000	0.000000	0.000000
524.999073	__gene_C_rbs	365.000000	0.000000	0.000000
524.999073	__gene_D_rbs	361.000000	0.000000	0.000000
524.999073	__gene_E_rbs	356.000000	0.000000	0.000000
524.999073	__gene_F_rbs	254.000000	0.000000	0.000000
524.999073	__gene_G_rbs	178.000000	0.000000	0.000000
524.999073	__gene_H_rbs	118.000000	0.000000	0.000000
524.999073	__gene_J_rbs	349.000000	0.000000	0.000000
524.999073	__gene_K_rbs	367.000000	0.000000	0.000000
524.999073	__ribosome	0.000000	0.000000	0.000000
524.999073	bound_ecolipol	1873.000000	0.000000	0.000000
524.999073	bound_ribosome	100.000000	0.000000	0.000000
524.999073	ecoli_genome	127.000000	0.000000	0.000000
524.999073	ecoli_transcript	39246.000000	0.000000	0.000000
524.999073	ecolipol	37.000000	0.000000	0.000000
524.999073	gene_A	255.000000	383.000000	0.023499
524.999073	gene_A*	142.000000	371.000000	0.010782
524.999073	gene_B	198.000000	377.000000	0.002653
524.999073	gene_C	132.000000	366.000000	0.005464
524.999073	gene_D	133.000000	361.000000	0.002770
524.999073	gene_E	133.000000	356.000000	0.002809
524.999073	gene_F	96.000000	254.000000	0.011811
524.999073	gene_G	27.000000	178.000000	0.123596
524.999073	gene_H	0.000000	118.000000	0.186441
524.999073	gene_J	113.000000	348.000000	0.094828
524.999073	gene_K	136.000000	367.000000	0.005450
524.999073	promoter_A	0.000000	0.000000	0.000000
524.999073	promoter_B1	0.000000	0.000000	0.000000
524.999073	promoter_D	0.000000	0.000000	0.000000
529.999105	__gene_A*_rbs	375.000000	0.000000	0.000000
529.999105	__gene_A_rbs	386.000000	0.000000	0.000000
529.999105	__gene_B_rbs	381.000000	0.000000	0.000000
529.999105	__gene_C_rbs	370.000000	0.000000	0.000000
529.999105	__gene_D_rbs	362.000000	0.000000	0.000000
529.999105	__gene_E_rbs	360.000000	0.000000	0.000000
529.999105	__gene_F_rbs	256.000000	0.000000	0.000000
529.999105	__gene_G_rbs	181.000000	0.000000	0.000000
529.999105	__gene_H_rbs	119.000000	0.000000	0.000000
529.999105	__gene_J_rbs	352.000000	0.000000	0.000000
529.999105	__gene_K_rbs	372.000000	0.000000	0.000000
529.999105	__ribosome	0.000000	0.000000	0.000000
529.999105	bound_ecolipol	1866.000000	0.000000	0.000000
529.999105	bound_ribosome	100.000000	0.000000	0.000000
529.999105	ecoli_genome	134.000000	0.000000	0.000000
529.999105	ecoli_transcript	39619.000000	0.000000	0.000000
529.999105	ecolipol	43.000000	0.000000	0.000000
529.999105	gene_A	258.000000	386.000000	0.015544
529.999105	gene_A*	143.000000	375.000000	0.010667
529.999105	gene_B	199.000000	381.000000	0.000000
529.999105	gene_C	134.000000	370.000000	0.008108
529.999105	gene_D	133.000000	364.000000	0.010989
529.999105	gene_E	134.000000	360.000000	0.000000
529.999105	gene_F	96.000000	256.000000	0.015625
529.999105	gene_G	27.000000	181.000000	0.121547
529.999105	gene_H	0.000000	119.000000	0.184874
529.999105	gene_J	113.000000	351.000000	0.094017
529.999105	gene_K	138.000000	371.000000	0.005391
529.999105	promoter_A	0.000000	0.000000	0.000000
529.999105	promoter_B1	0.000000	0.000000	0.000000
529.999105	promoter_D	0.000000	0.000000	0.000000
534.999294	__gene_A*_rbs	379.000000	0.000000	0.000000
534.999294	__gene_A_rbs	390.000000	0.000000	0.000000
534.999294	__gene_B_rbs	383.000000	0.000000	0.000000
534.999294	__gene_C_rbs	374.000000	0.000000	0.000000
534.999294	__gene_D_rbs	367.000000	0.000000	0.000000
534.999294	__gene_E_rbs	362.000000	0.000000	0.000000
534.999294	__gene_F_rbs	259.000000	0.000000	0.000000
534.999294	__gene_G_rbs	182.000000	0.000000	0.000000
534.999294	__gene_H_rbs	121.000000	0.000000	0.000000
534.999294	__gene_J_rbs	356.000000	0.000000	0.000000
534.999294	__gene_K_rbs	376.000000	0.000000	0.000000
534.999294	__ribosome	0.000000	0.000000	0.000000
534.999294	bound_ecolipol	1874.000000	0.000000	0.000000
534.999294	bound_ribosome	100.000000	0.000000	0.000000
534.999294	ecoli_genome	126.000000	0.000000	0.000000
534.999294	ecoli_transcript	39994.000000	0.000000	0.000000
534.999294	ecolipol	35.000000	0.000000	0.000000
534.999294	gene_A	258.000000	390.000000	0.020513
534.999294	gene_A*	144.000000	379.000000	0.007916
534.999294	gene_B	199.000000	384.000000	0.000000
534.999294	gene_C	134.000000	374.000000	0.010695
534.999294	gene_D	133.000000	368.000000	0.010870
534.999294	gene_E	134.000000	363.000000	0.000000
534.999294	gene_F	97.000000	259.000000	0.015444
534.999294	gene_G	27.000000	182.000000	0.120879
534.999294	gene_H	0.000000	121.000000	0.181818
534.999294	gene_J	113.000000	355.000000	0.092958
534.999294	gene_K	140.000000	375.000000	0.000000
534.999294	promoter_A	0.000000	0.000000	0.000000
534.999294	promoter_B1	0.000000	0.000000	0.000000
534.999294	promoter_D	0.000000	0.000000	0.000000
539.999216	__gene_A*_rbs	382.000000	0.000000	0.000000
539.999216	__gene_A_rbs	394.000000	0.000000	0.000000
539.999216	__gene_B_rbs	387.000000	0.000000	0.000000
539.999216	__gene_C_rbs	376.000000	0.000000	0.000000
539.999216	__gene_D_rbs	372.000000	0.000000	0.000000
539.999216	__gene_E_rbs	367.000000	0.000000	0.000000
539.999216	__gene_F_rbs	262.000000	0.000000	0.000000
539.999216	__gene_G_rbs	186.000000	0.000000	0.000000
539.999216	__gene_H_rbs	122.000000	0.000000	0.000000
539.999216	__gene_J_rbs	360.000000	0.000000	0.000000
539.999216	__gene_K_rbs	379.000000	0.000000	0.000000
539.999216	__ribosome	0.000000	0.000000	0.000000
539.999216	bound_ecolipol	1871.000000	0.000000	0.000000
539.999216	bound_ribosome	100.000000	0.000000	0.000000
539.999216	ecoli_genome	129.000000	0.000000	0.000000
539.999216	ecoli_transcript	40335.000000	0.000000	0.000000
539.999216	ecolipol	37.000000	0.000000	0.000000
539.999216	gene_A	260.000000	394.000000	0.015228
539.999216	gene_A*	144.000000	382.000000	0.010471
539.999216	gene_B	199.000000	388.000000	0.000000
539.999216	gene_C	137.000000	377.000000	0.007958
539.999216	gene_D	134.000000	372.000000	0.008065
539.999216	gene_E	134.000000	367.000000	0.002725
539.999216	gene_F	98.000000	262.000000	0.011450
539.999216	gene_G	27.000000	186.000000	0.118280
539.999216	gene_H	0.000000	122.000000	0.188525
539.999216	gene_J	113.000000	359.000000	0.097493
539.999216	gene_K	140.000000	378.000000	0.000000
539.999216	promoter_A	0.000000	0.000000	0.000000
539.999216	promoter_B1	0.000000	0.000000	0.000000
539.999216	promoter_D	0.000000	0.000000	0.000000
544.999485	__gene_A*_rbs	385.000000	0.000000	0.000000
544.999485	__gene_A_rbs	397.000000	0.000000	0.000000
544.999485	__gene_B_rbs	392.000000	0.000000	0.000000
544.999485	__gene_C_rbs	381.000000	0.000000	0.000000
544.999485	__gene_D_rbs	375.000000	0.000000	0.000000
544.999485	__gene_E_rbs	371.000000	0.000000	0.000000
544.999485	__gene_F_rbs	265.000000	0.000000	0.000000
544.999485	__gene_G_rbs	186.000000	0.000000	0.000000
544.999485	__gene_H_rbs	124.000000	0.000000	0.000000
544.999485	__gene_J_rbs	362.000000	0.000000	0.000000
544.999485	__gene_K_rbs	383.000000	0.000000	0.000000
544.999485	__ribosome	0.000000	0.000000	0.000000
544.999485	bound_ecolipol	1870.000000	0.000000	0.000000
544.999485	bound_ribosome	100.000000	0.000000	0.000000
544.999485	ecoli_genome	130.000000	0.000000	0.000000
544.999485	ecoli_transcript	40716.000000	0.000000	0.000000
544.999485	ecolipol	37.000000	0.000000	0.000000
544.999485	gene_A	260.000000	397.000000	0.015113
544.999485	gene_A*	144.000000	385.000000	0.012987
544.999485	gene_B	199.000000	392.000000	0.005102
544.999485	gene_C	138.000000	381.000000	0.005249
544.999485	gene_D	136.000000	375.000000	0.002667
544.999485	gene_E	134.000000	371.000000	0.002695
544.999485	gene_F	98.000000	265.000000	0.011321
544.999485	gene_G	27.000000	186.000000	0.118280
544.999485	gene_H	0.000000	124.000000	0.185484
544.999485	gene_J	114.000000	363.000000	0.096419
544.999485	gene_K	140.000000	382.000000	0.000000
544.999485	promoter_A	0.000000	0.000000	0.000000
544.999485	promoter_B1	0.000000	0.000000	0.000000
544.999485	promoter_D	0.000000	0.000000	0.000000
549.999047	__gene_A*_rbs	389.000000	0.000000	0.000000
549.999047	__gene_A_rbs	401.000000	0.000000	0.000000
549.999047	__gene_B_rbs	395.000000	0.000000	0.000000
549.999047	__gene_C_rbs	384.000000	0.000000	0.000000
549.999047	__gene_D_rbs	379.000000	0.000000	0.000000
549.999047	__gene_E_rbs	375.000000	0.000000	0.000000
549.999047	__gene_F_rbs	268.000000	0.000000	0.000000
549.999047	__gene_G_rbs	188.000000	0.000000	0.000000
549.999047	__gene_H_rbs	125.000000	0.000000	0.000000
549.999047	__gene_J_rbs	368.000000	0.000000	0.000000
549.999047	__gene_K_rbs	387.000000	0.000000	0.000000
549.999047	__ribosome	0.000000	0.000000	0.000000
549.999047	bound_ecolipol	1873.000000	0.000000	0.000000
549.999047	bound_ribosome	100.000000	0.000000	0.000000
549.999047	ecoli_genome	127.000000	0.000000	0.000000
549.999047	ecoli_transcript	41102.000000	0.000000	0.000000
549.999047	ecolipol	34.000000	0.000000	0.000000
549.999047	gene_A	260.000000	401.000000	0.017456
549.999047	gene_A*	144.000000	389.000000	0.015424
549.999047	gene_B	199.000000	395.000000	0.005063
549.999047	gene_C	140.000000	385.000000	0.000000
549.999047	gene_D	137.000000	379.000000	0.005277
549.999047	gene_E	135.000000	375.000000	0.000000
549.999047	gene_F	98.000000	268.000000	0.011194
549.999047	gene_G	27.000000	188.000000	0.117021
549.999047	gene_H	0.000000	125.000000	0.184000
549.999047	gene_J	115.000000	367.000000	0.095368
549.999047	gene_K	140.000000	386.000000	0.000000
549.999047	promoter_A	0.000000	0.000000	0.000000
549.999047	promoter_B1	0.000000	0.000000	0.000000
549.999047	promoter_D	0.000000	0.000000	0.000000
554.999071	__gene_A*_rbs	392.000000	0.000000	0.000000
554.999071	__gene_A_rbs	404.000000	0.000000	0.000000
554.999071	__gene_B_rbs	399.000000	0.000000	0.000000
554.999071	__gene_C_rbs	388.000000	0.000000	0.000000
554.999071	__gene_D_rbs	383.000000	0.000000	0.000000
554.999071	__gene_E_rbs	377.000000	0.000000	0.000000
554.999071	__gene_F_rbs	270.000000	0.000000	0.000000
554.999071	__gene_G_rbs	190.000000	0.000000	0.000000
554.999071	__gene_H_rbs	127.000000	0.000000	0.000000
554.999071	__gene_J_rbs	372.000000	0.000000	0.000000
554.999071	__gene_K_rbs	390.000000	0.000000	0.000000
554.999071	__ribosome	0.000000	0.000000	0.000000
554.999071	bound_ecolipol	1884.000000	0.000000	0.000000
554.999071	bound_ribosome	100.000000	0.000000	0.000000
554.999071	ecoli_genome	116.000000	0.000000	0.000000
554.999071	ecoli_transcript	41476.000000	0.000000	0.000000
554.999071	ecolipol	23.000000	0.000000	0.000000
554.999071	gene_A	262.000000	404.000000	0.014851
554.999071	gene_A*	145.000000	393.000000	0.017812
554.999071	gene_B	201.000000	399.000000	0.000000
554.999071	gene_C	140.000000	388.000000	0.002577
554.999071	gene_D	137.000000	383.000000	0.007833
554.999071	gene_E	135.000000	378.000000	0.000000
554.999071	gene_F	98.000000	270.000000	0.011111
554.999071	gene_G	27.000000	190.000000	0.115789
554.999071	gene_H	0.000000	128.000000	0.187500
554.999071	gene_J	116.000000	371.000000	0.091644
554.999071	gene_K	140.000000	389.000000	0.000000
554.999071	promoter_A	0.000000	0.000000	0.000000
554.999071	promoter_B1	0.000000	0.000000	0.000000
554.999071	promoter_D	0.000000	0.000000	0.000000
559.999223	__gene_A*_rbs	396.000000	0.000000	0.000000
559.999223	__gene_A_rbs	408.000000	0.000000	0.000000
559.999223	__gene_B_rbs	403.000000	0.000000	0.000000
559.999223	__gene_C_rbs	392.000000	0.000000	0.000000
559.999223	__gene_D_rbs	386.000000	0.000000	0.000000
559.999223	__gene_E_rbs	382.000000	0.000000	0.000000
559.999223	__gene_F_rbs	273.000000	0.000000	0.000000
559.999223	__gene_G_rbs	192.000000	0.000000	0.000000
559.999223	__gene_H_rbs	128.000000	0.000000	0.000000
559.999223	__gene_J_rbs	375.000000	0.000000	0.000000
559.999223	__gene_K_rbs	394.000000	0.000000	0.000000
559.999223	__ribosome	0.000000	0.000000	0.000000
559.999223	bound_ecolipol	1862.000000	0.000000	0.000000
559.999223	bound_ribosome	100.000000	0.000000	0.000000
559.999223	ecoli_genome	138.000000	0.000000	0.000000
559.999223	ecoli_transcript	41850.000000	0.000000	0.000000
559.999223	ecolipol	45.000000	0.000000	0.000000
559.999223	gene_A	264.000000	408.000000	0.009804
559.999223	gene_A*	146.000000	396.000000	0.015152
559.999223	gene_B	201.000000	403.000000	0.002481
559.999223	gene_C	140.000000	392.000000	0.005102
559.999223	gene_D	137.000000	386.000000	0.007772
559.999223	gene_E	135.000000	382.000000	0.000000
559.999223	gene_F	98.000000	273.000000	0.010989
559.999223	gene_G	27.000000	192.000000	0.114583
559.999223	gene_H	0.000000	128.000000	0.195312
559.999223	gene_J	116.000000	374.000000	0.090909
559.999223	gene_K	140.000000	393.000000	0.000000
559.999223	promoter_A	0.000000	0.000000	0.000000
559.999223	promoter_B1	0.000000	0.000000	0.000000
559.999223	promoter_D	0.000000	0.000000	0.000000
564.999189	__gene_A*_rbs	399.000000	0.000000	0.000000
564.999189	__gene_A_rbs	412.000000	0.000000	0.000000
564.999189	__gene_B_rbs	406.000000	0.000000	0.000000
564.999189	__gene_C_rbs	395.000000	0.000000	0.000000
564.999189	__gene_D_rbs	389.000000	0.000000	0.000000
564.999189	__gene_E_rbs	386.000000	0.000000	0.000000
564.999189	__gene_F_rbs	275.000000	0.000000	0.000000
564.999189	__gene_G_rbs	194.000000	0.000000	0.000000
564.999189	__gene_H_rbs	129.000000	0.000000	0.000000
564.999189	__gene_J_rbs	378.000000	0.000000	0.000000
564.999189	__gene_K_rbs	397.000000	0.000000	0.000000
564.999189	__ribosome	0.000000	0.000000	0.000000
564.999189	bound_ecolipol	1874.000000	0.000000	0.000000
564.999189	bound_ribosome	100.000000	0.000000	0.000000
564.999189	ecoli_genome	126.000000	0.000000	0.000000
564.999189	ecoli_transcript	42226.000000	0.000000	0.000000
564.999189	ecolipol	32.000000	0.000000	0.000000
564.999189	gene_A	264.000000	412.000000	0.009709
564.999189	gene_A*	147.000000	399.000000	0.015038
564.999189	gene_B	201.000000	406.000000	0.002463
564.999189	gene_C	141.000000	395.000000	0.005063
564.999189	gene_D	139.000000	390.000000	0.005128
564.999189	gene_E	135.000000	386.000000	0.000000
564.999189	gene_F	98.000000	275.000000	0.014545
564.999189	gene_G	27.000000	194.000000	0.113402
564.999189	gene_H	0.000000	129.000000	0.193798
564.999189	gene_J	116.000000	378.000000	0.089947
564.999189	gene_K	140.000000	396.000000	0.000000
564.999189	promoter_A	0.000000	0.000000	0.000000
564.999189	promoter_B1	0.000000	0.000000	0.000000
564.999189	promoter_D	0.000000	0.000000	0.000000
569.999216	__gene_A*_rbs	402.000000	0.000000	0.000000
569.999216	__gene_A_rbs	415.000000	0.000000	0.000000
569.999216	__gene_B_rbs	408.000000	0.000000	0.000000
569.999216	__gene_C_rbs	399.000000	0.000000	0.000000
569.999216	__gene_D_rbs	393.000000	0.000000	0.000000
569.999216	__gene_E_rbs	389.000000	0.000000	0.000000
569.999216	__gene_F_rbs	278.000000	0.000000	0.000000
569.999216	__gene_G_rbs	196.000000	0.000000	0.000000
569.999216	__gene_H_rbs	129.000000	0.000000	0.000000
569.999216	__gene_J_rbs	383.000000	0.000000	0.000000
569.999216	__gene_K_rbs	401.000000	0.000000	0.000000
569.999216	__ribosome	0.000000	0.000000	0.000000
569.999216	bound_ecolipol	1876.000000	0.000000	0.000000
569.999216	bound_ribosome	100.000000	0.000000	0.000000
569.999216	ecoli_genome	124.000000	0.000000	0.000000
569.999216	ecoli_transcript	42598.000000	0.000000	0.000000
569.999216	ecolipol	32.000000	0.000000	0.000000
569.999216	gene_A	264.000000	415.000000	0.009639
569.999216	gene_A*	147.000000	403.000000	0.014888
569.999216	gene_B	201.000000	409.000000	0.007335
569.999216	gene_C	142.000000	399.000000	0.002506
569.999216	gene_D	140.000000	394.000000	0.002538
569.999216	gene_E	135.000000	389.000000	0.000000
569.999216	gene_F	100.000000	278.000000	0.007194
569.999216	gene_G	27.000000	196.000000	0.112245
569.999216	gene_H	0.000000	129.000000	0.193798
569.999216	gene_J	116.000000	382.000000	0.091623
569.999216	gene_K	140.000000	400.000000	0.002500
569.999216	promoter_A	0.000000	0.000000	0.000000
569.999216	promoter_B1	0.000000	0.000000	0.000000
569.999216	promoter_D	0.000000	0.000000	0.000000
574.999043	__gene_A*_rbs	406.000000	0.000000	0.000000
574.999043	__gene_A_rbs	419.000000	0.000000	0.000000
574.999043	__gene_B_rbs	413.000000	0.000000	0.000000
574.999043	__gene_C_rbs	403.000000	0.000000	0.000000
574.999043	__gene_D_rbs	397.000000	0.000000	0.000000
574.999043	__gene_E_rbs	393.000000	0.000000	0.000000
574.999043	__gene_F_rbs	281.000000	0.000000	0.000000
574.999043	__gene_G_rbs	200.000000	0.000000	0.000000
574.999043	__gene_H_rbs	131.000000	0.000000	0.000000
574.999043	__gene_J_rbs	386.000000	0.000000	0.000000
574.999043	__gene_K_rbs	405.000000	0.000000	0.000000
574.999043	__ribosome	0.000000	0.000000	0.000000
574.999043	bound_ecolipol	1862.000000	0.000000	0.000000
574.999043	bound_ribosome	100.000000	0.000000	0.000000
574.999043	ecoli_genome	138.000000	0.000000	0.000000
574.999043	ecoli_transcript	42976.000000	0.000000	0.000000
574.999043	ecolipol	45.000000	0.000000	0.000000
574.999043	gene_A	264.000000	419.000000	0.009547
574.999043	gene_A*	148.000000	406.000000	0.012315
574.999043	gene_B	202.000000	413.000000	0.004843
574.999043	gene_C	143.000000	403.000000	0.002481
574.999043	gene_D	140.000000	397.000000	0.005038
574.999043	gene_E	135.000000	393.000000	0.000000
574.999043	gene_F	101.000000	281.000000	0.003559
574.999043	gene_G	27.000000	200.000000	0.120000
574.999043	gene_H	0.000000	131.000000	0.190840
574.999043	gene_J	116.000000	385.000000	0.090909
574.999043	gene_K	140.000000	404.000000	0.002475
574.999043	promoter_A	0.000000	0.000000	0.000000
574.999043	promoter_B1	0.000000	0.000000	0.000000
574.999043	promoter_D	0.000000	0.000000	0.000000
579.999053	__gene_A*_rbs	410.000000	0.000000	0.000000
579.999053	__gene_A_rbs	423.000000	0.000000	0.000000
579.999053	__gene_B_rbs	417.000000	0.000000	0.000000
579.999053	__gene_C_rbs	405.000000	0.000000	0.000000
579.999053	__gene_D_rbs	401.000000	0.000000	0.000000
579.999053	__gene_E_rbs	397.000000	0.000000	0.000000
579.999053	__gene_F_rbs	283.000000	0.000000	0.000000
579.999053	__gene_G_rbs	201.000000	0.000000	0.000000
579.999053	__gene_H_rbs	132.000000	0.000000	0.000000
579.999053	__gene_J_rbs	390.000000	0.000000	0.000000
579.999053	__gene_K_rbs	408.000000	0.000000	0.000000
579.999053	__ribosome	0.000000	0.000000	0.000000
579.999053	bound_ecolipol	1871.000000	0.000000	0.000000
579.999053	bound_ribosome	100.000000	0.000000	0.000000
579.999053	ecoli_genome	129.000000	0.000000	0.000000
579.999053	ecoli_transcript	43360.000000	0.000000	0.000000
579.999053	ecolipol	38.000000	0.000000	0.000000
579.999053	gene_A	264.000000	423.000000	0.011820
579.999053	gene_A*	149.000000	410.000000	0.009756
579.999053	gene_B	203.000000	417.000000	0.002398
579.999053	gene_C	143.000000	406.000000	0.002463
579.999053	gene_D	140.000000	401.000000	0.004988
579.999053	gene_E	135.000000	397.000000	0.002519
579.999053	gene_F	101.000000	283.000000	0.003534
579.999053	gene_G	27.000000	201.000000	0.119403
579.999053	gene_H	0.000000	132.000000	0.189394
579.999053	gene_J	116.000000	389.000000	0.089974
579.999053	gene_K	141.000000	408.000000	0.002451
579.999053	promoter_A	0.000000	0.000000	0.000000
579.999053	promoter_B1	0.000000	0.000000	0.000000
579.999053	promoter_D	0.000000	0.000000	0.000000
584.999322	__gene_A*_rbs	414.000000	0.000000	0.000000
584.999322	__gene_A_rbs	427.000000	0.000000	0.000000
584.999322	__gene_B_rbs	421.000000	0.000000	0.000000
584.999322	__gene_C_rbs	410.000000	0.000000	0.000000
584.999322	__gene_D_rbs	404.000000	0.000000	0.000000
584.999322	__gene_E_rbs	401.000000	0.000000	0.000000
584.999322	__gene_F_rbs	286.000000	0.000000	0.000000
584.999322	__gene_G_rbs	204.000000	0.000000	0.000000
584.999322	__gene_H_rbs	133.000000	0.000000	0.000000
584.999322	__gene_J_rbs	393.000000	0.000000	0.000000
584.999322	__gene_K_rbs	412.000000	0.000000	0.000000
584.999322	__ribosome	0.000000	0.000000	0.000000
584.999322	bound_ecolipol	1872.000000	0.000000	0.000000
584.999322	bound_ribosome	100.000000	0.000000	0.000000
584.999322	ecoli_genome	128.000000	0.000000	0.000000
584.999322	ecoli_transcript	43755.000000	0.000000	0.000000
584.999322	ecolipol	37.000000	0.000000	0.000000
584.999322	gene_A	266.000000	427.000000	0.009368
584.999322	gene_A*	151.000000	414.000000	0.004831
584.999322	gene_B	204.000000	421.000000	0.000000
584.999322	gene_C	144.000000	410.000000	0.002439
584.999322	gene_D	141.000000	405.000000	0.009877
584.999322	gene_E	135.000000	401.000000	0.009975
584.999322	gene_F	101.000000	286.000000	0.003497
584.999322	gene_G	27.000000	204.000000	0.117647
584.999322	gene_H	0.000000	133.000000	0.187970
584.999322	gene_J	117.000000	393.000000	0.089059
584.999322	gene_K	142.000000	411.000000	0.000000
584.999322	promoter_A	0.000000	0.000000	0.000000
584.999322	promoter_B1	0.000000	0.000000	0.000000
584.999322	promoter_D	0.000000	0.000000	0.000000
589.999013	__gene_A*_rbs	418.000000	0.000000	0.000000
589.999013	__gene_A_rbs	431.000000	0.000000	0.000000
589.999013	__gene_B_rbs	424.000000	0.000000	0.000000
589.999013	__gene_C_rbs	414.000000	0.000000	0.000000
589.999013	__gene_D_rbs	409.000000	0.000000	0.000000
589.999013	__gene_E_rbs	404.000000	0.000000	0.000000
589.999013	__gene_F_rbs	289.000000	0.000000	0.000000
589.999013	__gene_G_rbs	206.000000	0.000000	0.000000
589.999013	__gene_H_rbs	135.000000	0.000000	0.000000
589.999013	__gene_J_rbs	398.000000	0.000000	0.000000
589.999013	__gene_K_rbs	416.000000	0.000000	0.000000
589.999013	__ribosome	0.000000	0.000000	0.000000
589.999013	bound_ecolipol	1874.000000	0.000000	0.000000
589.999013	bound_ribosome	100.000000	0.000000	0.000000
589.999013	ecoli_genome	126.000000	0.000000	0.000000
589.999013	ecoli_transcript	44158.000000	0.000000	0.000000
589.999013	ecolipol	33.000000	0.000000	0.000000
589.999013	gene_A	266.000000	431.000000	0.009281
589.999013	gene_A*	152.000000	418.000000	0.004785
589.999013	gene_B	204.000000	425.000000	0.002353
589.999013	gene_C	145.000000	414.000000	0.000000
589.999013	gene_D	142.000000	409.000000	0.007335
589.999013	gene_E	136.000000	405.000000	0.009877
589.999013	gene_F	101.000000	289.000000	0.003460
589.999013	gene_G	27.000000	206.000000	0.116505
589.999013	gene_H	0.000000	135.000000	0.185185
589.999013	gene_J	117.000000	397.000000	0.090680
589.999013	gene_K	142.000000	415.000000	0.000000
589.999013	promoter_A	0.000000	0.000000	0.000000
589.999013	promoter_B1	0.000000	0.000000	0.000000
589.999013	promoter_D	0.000000	0.000000	0.000000
594.999040	__gene_A*_rbs	420.000000	0.000000	0.000000
594.999040	__gene_A_rbs	434.000000	0.000000	0.000000
594.999040	__gene_B_rbs	429.000000	0.000000	0.000000
594.999040	__gene_C_rbs	418.000000	0.000000	0.000000
594.999040	__gene_D_rbs	412.000000	0.000000	0.000000
594.999040	__gene_E_rbs	408.000000	0.000000	0.000000
594.999040	__gene_F_rbs	293.000000	0.000000	0.000000
594.999040	__gene_G_rbs	209.000000	0.000000	0.000000
594.999040	__gene_H_rbs	136.000000	0.000000	0.000000
594.999040	__gene_J_rbs	402.000000	0.000000	0.000000
594.999040	__gene_K_rbs	418.000000	0.000000	0.000000
594.999040	__ribosome	0.000000	0.000000	0.000000
594.999040	bound_ecolipol	1873.000000	0.000000	0.000000
594.999040	bound_ribosome	100.000000	0.000000	0.000000
594.999040	ecoli_genome	127.000000	0.000000	0.000000
594.999040	ecoli_transcript	44574.000000	0.000000	0.000000
594.999040	ecolipol	32.000000	0.000000	0.000000
594.999040	gene_A	266.000000	434.000000	0.011521
594.999040	gene_A*	152.000000	421.000000	0.007126
594.999040	gene_B	204.000000	429.000000	0.002331
594.999040	gene_C	145.000000	418.000000	0.002392
594.999040	gene_D	143.000000	412.000000	0.007282
594.999040	gene_E	139.000000	408.000000	0.002451
594.999040	gene_F	101.000000	293.000000	0.003413
594.999040	gene_G	28.000000	209.000000	0.114833
594.999040	gene_H	0.000000	136.000000	0.183824
594.999040	gene_J	118.000000	401.000000	0.087282
594.999040	gene_K	142.000000	419.000000	0.002387
594.999040	promoter_A	0.000000	0.000000	0.000000
594.999040	promoter_B1	0.000000	0.000000	0.000000
594.999040	promoter_D	0.000000	0.000000	0.000000
599.999205	__gene_A*_rbs	425.000000	0.000000	0.000000
599.999205	__gene_A_rbs	438.000000	0.000000	0.000000
599.999205	__gene_B_rbs	432.000000	0.000000	0.000000
599.999205	__gene_C_rbs	422.000000	0.000000	0.000000
599.999205	__gene_D_rbs	415.000000	0.000000	0.000000
599.999205	__gene_E_rbs	412.000000	0.000000	0.000000
599.999205	__gene_F_rbs	294.000000	0.000000	0.000000
599.999205	__gene_G_rbs	211.000000	0.000000	0.000000
599.999205	__gene_H_rbs	138.000000	0.000000	0.000000
599.999205	__gene_J_rbs	404.000000	0.000000	0.000000
599.999205	__gene_K_rbs	424.000000	0.000000	0.000000
599.999205	__ribosome	0.000000	0.000000	0.000000
599.999205	bound_ecolipol	1870.000000	0.000000	0.000000
599.999205	bound_ribosome	100.000000	0.000000	0.000000
599.999205	ecoli_genome	130.000000	0.000000	0.000000
599.999205	ecoli_transcript	44901.000000	0.000000	0.000000
599.999205	ecolipol	36.000000	0.000000	0.000000
599.999205	gene_A	267.000000	438.000000	0.011416
599.999205	gene_A*	153.000000	425.000000	0.004706
599.999205	gene_B	204.000000	432.000000	0.002315
599.999205	gene_C	145.000000	422.000000	0.004739
599.999205	gene_D	144.000000	416.000000	0.009615
599.999205	gene_E	140.000000	412.000000	0.000000
599.999205	gene_F	101.000000	294.000000	0.003401
599.999205	gene_G	28.000000	211.000000	0.113744
599.999205	gene_H	0.000000	138.000000	0.181159
599.999205	gene_J	118.000000	404.000000	0.086634
599.999205	gene_K	142.000000	423.000000	0.002364
599.999205	promoter_A	0.000000	0.000000	0.000000
599.999205	promoter_B1	0.000000	0.000000	0.000000
599.999205	promoter_D	0.000000	0.000000	0.000000
604.999290	__gene_A*_rbs	429.000000	0.000000	0.000000
604.999290	__gene_A_rbs	440.000000	0.000000	0.000000
604.999290	__gene_B_rbs	435.000000	0.000000	0.000000
604.999290	__gene_C_rbs	425.000000	0.000000	0.000000
604.999290	__gene_D_rbs	420.000000	0.000000	0.000000
604.999290	__gene_E_rbs	415.000000	0.000000	0.000000
604.999290	__gene_F_rbs	296.000000	0.000000	0.000000
604.999290	__gene_G_rbs	212.000000	0.000000	0.000000
604.999290	__gene_H_rbs	140.000000	0.000000	0.000000
604.999290	__gene_J_rbs	409.000000	0.000000	0.000000
604.999290	__gene_K_rbs	427.000000	0.000000	0.000000
604.999290	__ribosome	0.000000	0.000000	0.000000
604.999290	bound_ecolipol	1864.000000	0.000000	0.000000
604.999290	bound_ribosome	100.000000	0.000000	0.000000
604.999290	ecoli_genome	136.000000	0.000000	0.000000
604.999290	ecoli_transcript	45276.000000	0.000000	0.000000
604.999290	ecolipol	45.000000	0.000000	0.000000
604.999290	gene_A	267.000000	441.000000	0.018141
604.999290	gene_A*	153.000000	429.000000	0.004662
604.999290	gene_B	205.000000	435.000000	0.000000
604.999290	gene_C	146.000000	425.000000	0.004706
604.999290	gene_D	145.000000	420.000000	0.007143
604.999290	gene_E	140.000000	416.000000	0.000000
604.999290	gene_F	102.000000	296.000000	0.000000
604.999290	gene_G	28.000000	212.000000	0.113208
604.999290	gene_H	0.000000	140.000000	0.178571
604.999290	gene_J	118.000000	408.000000	0.088235
604.999290	gene_K	143.000000	426.000000	0.000000
604.999290	promoter_A	0.000000	0.000000	0.000000
604.999290	promoter_B1	0.000000	0.000000	0.000000
604.999290	promoter_D	0.000000	0.000000	0.000000
609.999095	__gene_A*_rbs	432.000000	0.000000	0.000000
609.999095	__gene_A_rbs	445.000000	0.000000	0.000000
609.999095	__gene_B_rbs	439.000000	0.000000	0.000000
609.999095	__gene_C_rbs	429.000000	0.000000	0.000000
609.999095	__gene_D_rbs	423.000000	0.000000	0.000000
609.999095	__gene_E_rbs	418.000000	0.000000	0.000000
609.999095	__gene_F_rbs	298.000000	0.000000	0.000000
609.999095	__gene_G_rbs	214.000000	0.000000	0.000000
609.999095	__gene_H_rbs	142.000000	0.000000	0.000000
609.999095	__gene_J_rbs	413.000000	0.000000	0.000000
609.999095	__gene_K_rbs	431.000000	0.000000	0.000000
609.999095	__ribosome	0.000000	0.000000	0.000000
609.999095	bound_ecolipol	1876.000000	0.000000	0.000000
609.999095	bound_ribosome	100.000000	0.000000	0.000000
609.999095	ecoli_genome	124.000000	0.000000	0.000000
609.999095	ecoli_transcript	45619.000000	0.000000	0.000000
609.999095	ecolipol	31.000000	0.000000	0.000000
609.999095	gene_A	268.000000	445.000000	0.015730
609.999095	gene_A*	153.000000	432.000000	0.004630
609.999095	gene_B	205.000000	439.000000	0.002278
609.999095	gene_C	148.000000	429.000000	0.004662
609.999095	gene_D	146.000000	423.000000	0.004728
609.999095	gene_E	140.000000	419.000000	0.002387
609.999095	gene_F	102.000000	298.000000	0.000000
609.999095	gene_G	28.000000	214.000000	0.112150
609.999095	gene_H	0.000000	142.000000	0.176056
609.999095	gene_J	118.000000	412.000000	0.087379
609.999095	gene_K	143.000000	430.000000	0.000000
609.999095	promoter_A	0.000000	0.000000	0.000000
609.999095	promoter_B1	0.000000	0.000000	0.000000
609.999095	promoter_D	0.000000	0.000000	0.000000
614.999074	__gene_A*_rbs	435.000000	0.000000	0.000000
614.999074	__gene_A_rbs	449.000000	0.000000	0.000000
614.999074	__gene_B_rbs	442.000000	0.000000	0.000000
614.999074	__gene_C_rbs	432.000000	0.000000	0.000000
614.999074	__gene_D_rbs	427.000000	0.000000	0.000000
614.999074	__gene_E_rbs	423.000000	0.000000	0.000000
614.999074	__gene_F_rbs	300.000000	0.000000	0.000000
614.999074	__gene_G_rbs	217.000000	0.000000	0.000000
614.999074	__gene_H_rbs	144.000000	0.000000	0.000000
614.999074	__gene_J_rbs	416.000000	0.000000	0.000000
614.999074	__gene_K_rbs	435.000000	0.000000	0.000000
614.999074	__ribosome	0.000000	0.000000	0.000000
614.999074	bound_ecolipol	1868.000000	0.000000	0.000000
614.999074	bound_ribosome	100.000000	0.000000	0.000000
614.999074	ecoli_genome	132.000000	0.000000	0.000000
614.999074	ecoli_transcript	46025.000000	0.000000	0.000000
614.999074	ecolipol	40.000000	0.000000	0.000000
614.999074	gene_A	268.000000	449.000000	0.015590
614.999074	gene_A*	153.000000	436.000000	0.006881
614.999074	gene_B	205.000000	442.000000	0.002262
614.999074	gene_C	149.000000	433.000000	0.004619
614.999074	gene_D	148.000000	427.000000	0.000000
614.999074	gene_E	140.000000	423.000000	0.002364
614.999074	gene_F	102.000000	300.000000	0.000000
614.999074	gene_G	28.000000	217.000000	0.115207
614.999074	gene_H	0.000000	144.000000	0.173611
614.999074	gene_J	118.000000	415.000000	0.086747
614.999074	gene_K	143.000000	434.000000	0.000000
614.999074	promoter_A	0.000000	0.000000	0.000000
614.999074	promoter_B1	0.000000	0.000000	0.000000
614.999074	promoter_D	0.000000	0.000000	0.000000
619.999024	__gene_A*_rbs	438.000000	0.000000	0.000000
619.999024	__gene_A_rbs	452.000000	0.000000	0.000000
619.999024	__gene_B_rbs	446.000000	0.000000	0.000000
619.999024	__gene_C_rbs	436.000000	0.000000	0.000000
619.999024	__gene_D_rbs	430.000000	0.000000	0.000000
619.999024	__gene_E_rbs	427.000000	0.000000	0.000000
619.999024	__gene_F_rbs	303.000000	0.000000	0.000000
619.999024	__gene_G_rbs	219.000000	0.000000	0.000000
619.999024	__gene_H_rbs	145.000000	0.000000	0.000000
619.999024	__gene_J_rbs	420.000000	0.000000	0.000000
619.999024	__gene_K_rbs	437.000000	0.000000	0.000000
619.999024	__ribosome	0.000000	0.000000	0.000000
619.999024	bound_ecolipol	1875.000000	0.000000	0.000000
619.999024	bound_ribosome	100.000000	0.000000	0.000000
619.999024	ecoli_genome	125.000000	0.000000	0.000000
619.999024	ecoli_transcript	46370.000000	0.000000	0.000000
619.999024	ecolipol	34.000000	0.000000	0.000000
619.999024	gene_A	268.000000	452.000000	0.017699
619.999024	gene_A*	154.000000	439.000000	0.006834
619.999024	gene_B	206.000000	446.000000	0.002242
619.999024	gene_C	150.000000	436.000000	0.004587
619.999024	gene_D	148.000000	430.000000	0.000000
619.999024	gene_E	141.000000	427.000000	0.000000
619.999024	gene_F	102.000000	303.000000	0.000000
619.999024	gene_G	28.000000	219.000000	0.114155
619.999024	gene_H	0.000000	145.000000	0.172414
619.999024	gene_J	118.000000	419.000000	0.085919
619.999024	gene_K	143.000000	436.000000	0.000000
619.999024	promoter_A	0.000000	0.000000	0.000000
619.999024	promoter_B1	0.000000	0.000000	0.000000
619.999024	promoter_D	0.000000	0.000000	0.000000
624.999004	__gene_A*_rbs	443.000000	0.000000	0.000000
624.999004	__gene_A_rbs	456.000000	0.000000	0.000000
624.999004	__gene_B_rbs	449.000000	0.000000	0.000000
624.999004	__gene_C_rbs	439.000000	0.000000	0.000000
624.999004	__gene_D_rbs	434.000000	0.000000	0.000000
624.999004	__gene_E_rbs	430.000000	0.000000	0.000000
624.999004	__gene_F_rbs	305.000000	0.000000	0.000000
624.999004	__gene_G_rbs	220.000000	0.000000	0.000000
624.999004	__gene_H_rbs	148.000000	0.000000	0.000000
624.999004	__gene_J_rbs	424.000000	0.000000	0.000000
624.999004	__gene_K_rbs	439.000000	0.000000	0.000000
624.999004	__ribosome	0.000000	0.000000	0.000000
624.999004	bound_ecolipol	1868.000000	0.000000	0.000000
624.999004	bound_ribosome	100.000000	0.000000	0.000000
624.999004	ecoli_genome	132.000000	0.000000	0.000000
624.999004	ecoli_transcript	46771.000000	0.000000	0.000000
624.999004	ecolipol	38.000000	0.000000	0.000000
624.999004	gene_A	268.000000	456.000000	0.017544
624.999004	gene_A*	154.000000	443.000000	0.006772
624.999004	gene_B	206.000000	449.000000	0.002227
624.999004	gene_C	151.000000	439.000000	0.002278
624.999004	gene_D	148.000000	434.000000	0.000000
624.999004	gene_E	141.000000	430.000000	0.000000
624.999004	gene_F	102.000000	305.000000	0.000000
624.999004	gene_G	28.000000	220.000000	0.113636
624.999004	gene_H	0.000000	148.000000	0.168919
624.999004	gene_J	118.000000	423.000000	0.087470
624.999004	gene_K	143.000000	440.000000	0.000000
624.999004	promoter_A	0.000000	0.000000	0.000000
624.999004	promoter_B1	0.000000	0.000000	0.000000
624.999004	promoter_D	0.000000	0.000000	0.000000
629.999076	__gene_A*_rbs	447.000000	0.000000	0.000000
629.999076	__gene_A_rbs	460.000000	0.000000	0.000000
629.999076	__gene_B_rbs	452.000000	0.000000	0.000000
629.999076	__gene_C_rbs	442.000000	0.000000	0.000000
629.999076	__gene_D_rbs	438.000000	0.000000	0.000000
629.999076	__gene_E_rbs	433.000000	0.000000	0.000000
629.999076	__gene_F_rbs	309.000000	0.000000	0.000000
629.999076	__gene_G_rbs	221.000000	0.000000	0.000000
629.999076	__gene_H_rbs	150.000000	0.000000	0.000000
629.999076	__gene_J_rbs	427.000000	0.000000	0.000000
629.999076	__gene_K_rbs	443.000000	0.000000	0.000000
629.999076	__ribosome	0.000000	0.000000	0.000000
629.999076	bound_ecolipol	1869.000000	0.000000	0.000000
629.999076	bound_ribosome	100.000000	0.000000	0.000000
629.999076	ecoli_genome	131.000000	0.000000	0.000000
629.999076	ecoli_transcript	47169.000000	0.000000	0.000000
629.999076	ecolipol	40.000000	0.000000	0.000000
629.999076	gene_A	269.000000	460.000000	0.017391
629.999076	gene_A*	155.000000	447.000000	0.004474
629.999076	gene_B	206.000000	453.000000	0.006623
629.999076	gene_C	152.000000	442.000000	0.000000
629.999076	gene_D	148.000000	438.000000	0.000000
629.999076	gene_E	141.000000	433.000000	0.000000
629.999076	gene_F	102.000000	309.000000	0.000000
629.999076	gene_G	28.000000	221.000000	0.113122
629.999076	gene_H	0.000000	150.000000	0.166667
629.999076	gene_J	118.000000	426.000000	0.086854
629.999076	gene_K	143.000000	443.000000	0.000000
629.999076	promoter_A	0.000000	0.000000	0.000000
629.999076	promoter_B1	0.000000	0.000000	0.000000
629.999076	promoter_D	0.000000	0.000000	0.000000
634.999035	__gene_A*_rbs	451.000000	0.000000	0.000000
634.999035	__gene_A_rbs	464.000000	0.000000	0.000000
634.999035	__gene_B_rbs	455.000000	0.000000	0.000000
634.999035	__gene_C_rbs	446.000000	0.000000	0.000000
634.999035	__gene_D_rbs	441.000000	0.000000	0.000000
634.999035	__gene_E_rbs	437.000000	0.000000	0.000000
634.999035	__gene_F_rbs	311.000000	0.000000	0.000000
634.999035	__gene_G_rbs	224.000000	0.000000	0.000000
634.999035	__gene_H_rbs	151.000000	0.000000	0.000000
634.999035	__gene_J_rbs	431.000000	0.000000	0.000000
634.999035	__gene_K_rbs	448.000000	0.000000	0.000000
634.999035	__ribosome	0.000000	0.000000	0.000000
634.999035	bound_ecolipol	1860.000000	0.000000	0.000000
634.999035	bound_ribosome	100.000000	0.000000	0.000000
634.999035	ecoli_genome	140.000000	0.000000	0.000000
634.999035	ecoli_transcript	47532.000000	0.000000	0.000000
634.999035	ecolipol	50.000000	0.000000	0.000000
634.999035	gene_A	269.000000	464.000000	0.017241
634.999035	gene_A*	155.000000	451.000000	0.006652
634.999035	gene_B	207.000000	456.000000	0.004386
634.999035	gene_C	152.000000	446.000000	0.000000
634.999035	gene_D	148.000000	441.000000	0.000000
634.999035	gene_E	141.000000	437.000000	0.000000
634.999035	gene_F	102.000000	311.000000	0.000000
634.999035	gene_G	28.000000	224.000000	0.111607
634.999035	gene_H	0.000000	151.000000	0.165563
634.999035	gene_J	118.000000	430.000000	0.086047
634.999035	gene_K	143.000000	447.000000	0.000000
634.999035	promoter_A	0.000000	0.000000	0.000000
634.999035	promoter_B1	0.000000	0.000000	0.000000
634.999035	promoter_D	0.000000	0.000000	0.000000
639.999074	__gene_A*_rbs	455.000000	0.000000	0.000000
639.999074	__gene_A_rbs	467.000000	0.000000	0.000000
639.999074	__gene_B_rbs	460.000000	0.000000	0.000000
639.999074	__gene_C_rbs	450.000000	0.000000	0.000000
639.999074	__gene_D_rbs	445.000000	0.000000	0.000000
639.999074	__gene_E_rbs	440.000000	0.000000	0.000000
639.999074	__gene_F_rbs	313.000000	0.000000	0.000000
639.999074	__gene_G_rbs	226.000000	0.000000	0.000000
639.999074	__gene_H_rbs	151.000000	0.000000	0.000000
639.999074	__gene_J_rbs	434.000000	0.000000	0.000000
639.999074	__gene_K_rbs	451.000000	0.000000	0.000000
639.999074	__ribosome	0.000000	0.000000	0.000000
639.999074	bound_ecolipol	1866.000000	0.000000	0.000000
639.999074	bound_ribosome	100.000000	0.000000	0.000000
639.999074	ecoli_genome	134.000000	0.000000	0.000000
639.999074	ecoli_transcript	47925.000000	0.000000	0.000000
639.999074	ecolipol	46.000000	0.000000	0.000000
639.999074	gene_A	270.000000	467.000000	0.014989
639.999074	gene_A*	155.000000	455.000000	0.008791
639.999074	gene_B	208.000000	461.000000	0.004338
639.999074	gene_C	152.000000	450.000000	0.000000
639.999074	gene_D	148.000000	445.000000	0.000000
639.999074	gene_E	141.000000	440.000000	0.000000
639.999074	gene_F	102.000000	313.000000	0.000000
639.999074	gene_G	28.000000	226.000000	0.110619
639.999074	gene_H	0.000000	151.000000	0.165563
639.999074	gene_J	118.000000	433.000000	0.085450
639.999074	gene_K	143.000000	451.000000	0.000000
639.999074	promoter_A	0.000000	0.000000	0.000000
639.999074	promoter_B1	0.000000	0.000000	0.000000
639.999074	promoter_D	0.000000	0.000000	0.000000
644.999430	__gene_A*_rbs	458.000000	0.000000	0.000000
644.999430	__gene_A_rbs	471.000000	0.000000	0.000000
644.999430	__gene_B_rbs	464.000000	0.000000	0.000000
644.999430	__gene_C_rbs	454.000000	0.000000	0.000000
644.999430	__gene_D_rbs	449.000000	0.000000	0.000000
644.999430	__gene_E_rbs	444.000000	0.000000	0.000000
644.999430	__gene_F_rbs	315.000000	0.000000	0.000000
644.999430	__gene_G_rbs	228.000000	0.000000	0.000000
644.999430	__gene_H_rbs	151.000000	0.000000	0.000000
644.999430	__gene_J_rbs	438.000000	0.000000	0.000000
644.999430	__gene_K_rbs	455.000000	0.000000	0.000000
644.999430	__ribosome	0.000000	0.000000	0.000000
644.999430	bound_ecolipol	1867.000000	0.000000	0.000000
644.999430	bound_ribosome	100.000000	0.000000	0.000000
644.999430	ecoli_genome	133.000000	0.000000	0.000000
644.999430	ecoli_transcript	48300.000000	0.000000	0.000000
644.999430	ecolipol	44.000000	0.000000	0.000000
644.999430	gene_A	271.000000	471.000000	0.014862
644.999430	gene_A*	155.000000	458.000000	0.008734
644.999430	gene_B	209.000000	464.000000	0.002155
644.999430	gene_C	152.000000	454.000000	0.000000
644.999430	gene_D	148.000000	449.000000	0.000000
644.999430	gene_E	141.000000	444.000000	0.000000
644.999430	gene_F	102.000000	315.000000	0.000000
644.999430	gene_G	28.000000	228.000000	0.109649
644.999430	gene_H	0.000000	151.000000	0.165563
644.999430	gene_J	118.000000	437.000000	0.084668
644.999430	gene_K	143.000000	455.000000	0.002198
644.999430	promoter_A	0.000000	0.000000	0.000000
644.999430	promoter_B1	0.000000	0.000000	0.000000
644.999430	promoter_D	0.000000	0.000000	0.000000
649.999127	__gene_A*_rbs	462.000000	0.000000	0.000000
649.999127	__gene_A_rbs	474.000000	0.000000	0.000000
649.999127	__gene_B_rbs	467.000000	0.000000	0.000000
649.999127	__gene_C_rbs	456.000000	0.000000	0.000000
649.999127	__gene_D_rbs	452.000000	0.000000	0.000000
649.999127	__gene_E_rbs	448.000000	0.000000	0.000000
649.999127	__gene_F_rbs	315.000000	0.000000	0.000000
649.999127	__gene_G_rbs	230.000000	0.000000	0.000000
649.999127	__gene_H_rbs	153.000000	0.000000	0.000000
649.999127	__gene_J_rbs	441.000000	0.000000	0.000000
649.999127	__gene_K_rbs	457.000000	0.000000	0.000000
649.999127	__ribosome	0.000000	0.000000	0.000000
649.999127	bound_ecolipol	1868.000000	0.000000	0.000000
649.999127	bound_ribosome	100.000000	0.000000	0.000000
649.999127	ecoli_genome	132.000000	0.000000	0.000000
649.999127	ecoli_transcript	48635.000000	0.000000	0.000000
649.999127	ecolipol	44.000000	0.000000	0.000000
649.999127	gene_A	272.000000	474.000000	0.012658
649.999127	gene_A*	155.000000	462.000000	0.010823
649.999127	gene_B	210.000000	468.000000	0.000000
649.999127	gene_C	152.000000	457.000000	0.000000
649.999127	gene_D	148.000000	452.000000	0.000000
649.999127	gene_E	141.000000	448.000000	0.000000
649.999127	gene_F	102.000000	315.000000	0.000000
649.999127	gene_G	28.000000	230.000000	0.113043
649.999127	gene_H	0.000000	153.000000	0.163399
649.999127	gene_J	118.000000	440.000000	0.084091
649.999127	gene_K	143.000000	458.000000	0.002183
649.999127	promoter_A	0.000000	0.000000	0.000000
649.999127	promoter_B1	0.000000	0.000000	0.000000
649.999127	promoter_D	0.000000	0.000000	0.000000
654.999713	__gene_A*_rbs	465.000000	0.000000	0.000000
654.999713	__gene_A_rbs	478.000000	0.000000	0.000000
654.999713	__gene_B_rbs	471.000000	0.000000	0.000000
654.999713	__gene_C_rbs	461.000000	0.000000	0.000000
654.999713	__gene_D_rbs	456.000000	0.000000	0.000000
654.999713	__gene_E_rbs	452.000000	0.000000	0.000000
654.999713	__gene_F_rbs	317.000000	0.000000	0.000000
654.999713	__gene_G_rbs	233.000000	0.000000	0.000000
654.999713	__gene_H_rbs	156.000000	0.000000	0.000000
654.999713	__gene_J_rbs	445.000000	0.000000	0.000000
654.999713	__gene_K_rbs	463.000000	0.000000	0.000000
654.999713	__ribosome	0.000000	0.000000	0.000000
654.999713	bound_ecolipol	1884.000000	0.000000	0.000000
654.999713	bound_ribosome	100.000000	0.000000	0.000000
654.999713	ecoli_genome	116.000000	0.000000	0.000000
654.999713	ecoli_transcript	49024.000000	0.000000	0.000000
654.999713	ecolipol	31.000000	0.000000	0.000000
654.999713	gene_A	274.000000	478.000000	0.008368
654.999713	gene_A*	157.000000	465.000000	0.008602
654.999713	gene_B	210.000000	471.000000	0.000000
654.999713	gene_C	152.000000	461.000000	0.000000
654.999713	gene_D	148.000000	456.000000	0.004386
654.999713	gene_E	141.000000	452.000000	0.002212
654.999713	gene_F	102.000000	317.000000	0.003155
654.999713	gene_G	28.000000	233.000000	0.111588
654.999713	gene_H	0.000000	156.000000	0.160256
654.999713	gene_J	118.000000	444.000000	0.083333
654.999713	gene_K	144.000000	462.000000	0.000000
654.999713	promoter_A	0.000000	0.000000	0.000000
654.999713	promoter_B1	0.000000	0.000000	0.000000
654.999713	promoter_D	0.000000	0.000000	0.000000
659.999035	__gene_A*_rbs	469.000000	0.000000	0.000000
659.999035	__gene_A_rbs	482.000000	0.000000	0.000000
659.999035	__gene_B_rbs	475.000000	0.000000	0.000000
659.999035	__gene_C_rbs	465.000000	0.000000	0.000000
659.999035	__gene_D_rbs	460.000000	0.000000	0.000000
659.999035	__gene_E_rbs	455.000000	0.000000	0.000000
659.999035	__gene_F_rbs	321.000000	0.000000	0.000000
659.999035	__gene_G_rbs	235.000000	0.000000	0.000000
659.999035	__gene_H_rbs	157.000000	0.000000	0.000000
659.999035	__gene_J_rbs	448.000000	0.000000	0.000000
659.999035	__gene_K_rbs	466.000000	0.000000	0.000000
659.999035	__ribosome	0.000000	0.000000	0.000000
659.999035	bound_ecolipol	1873.000000	0.000000	0.000000
659.999035	bound_ribosome	100.000000	0.000000	0.000000
659.999035	ecoli_genome	127.000000	0.000000	0.000000
659.999035	ecoli_transcript	49389.000000	0.000000	0.000000
659.999035	ecolipol	40.000000	0.000000	0.000000
659.999035	gene_A	275.000000	482.000000	0.006224
659.999035	gene_A*	157.000000	469.000000	0.010661
659.999035	gene_B	210.000000	475.000000	0.000000
659.999035	gene_C	152.000000	465.000000	0.000000
659.999035	gene_D	148.000000	460.000000	0.004348
659.999035	gene_E	142.000000	455.000000	0.000000
659.999035	gene_F	102.000000	321.000000	0.006231
659.999035	gene_G	28.000000	235.000000	0.110638
659.999035	gene_H	0.000000	157.000000	0.159236
659.999035	gene_J	118.000000	447.000000	0.082774
659.999035	gene_K	144.000000	465.000000	0.000000
659.999035	promoter_A	0.000000	0.000000	0.000000
659.999035	promoter_B1	0.000000	0.000000	0.000000
659.999035	promoter_D	0.000000	0.000000	0.000000
664.999024	__gene_A*_rbs	473.000000	0.000000	0.000000
664.999024	__gene_A_rbs	485.000000	0.000000	0.000000
664.999024	__gene_B_rbs	478.000000	0.000000	0.000000
664.999024	__gene_C_rbs	468.000000	0.000000	0.000000
664.999024	__gene_D_rbs	463.000000	0.000000	0.000000
664.999024	__gene_E_rbs	459.000000	0.000000	0.000000
664.999024	__gene_F_rbs	322.000000	0.000000	0.000000
664.999024	__gene_G_rbs	237.000000	0.000000	0.000000
664.999024	__gene_H_rbs	159.000000	0.000000	0.000000
664.999024	__gene_J_rbs	452.000000	0.000000	0.000000
664.999024	__gene_K_rbs	470.000000	0.000000	0.000000
664.999024	__ribosome	0.000000	0.000000	0.000000
664.999024	bound_ecolipol	1882.000000	0.000000	0.000000
664.999024	bound_ribosome	100.000000	0.000000	0.000000
664.999024	ecoli_genome	118.000000	0.000000	0.000000
664.999024	ecoli_transcript	49767.000000	0.000000	0.000000
664.999024	ecolipol	28.000000	0.000000	0.000000
664.999024	gene_A	275.000000	485.000000	0.006186
664.999024	gene_A*	158.000000	473.000000	0.008457
664.999024	gene_B	210.000000	479.000000	0.000000
664.999024	gene_C	152.000000	468.000000	0.002137
664.999024	gene_D	148.000000	463.000000	0.004320
664.999024	gene_E	142.000000	459.000000	0.000000
664.999024	gene_F	102.000000	322.000000	0.006211
664.999024	gene_G	28.000000	237.000000	0.109705
664.999024	gene_H	0.000000	159.000000	0.157233
664.999024	gene_J	118.000000	451.000000	0.082040
664.999024	gene_K	144.000000	469.000000	0.000000
664.999024	promoter_A	0.000000	0.000000	0.000000
664.999024	promoter_B1	0.000000	0.000000	0.000000
664.999024	promoter_D	0.000000	0.000000	0.000000
669.999260	__gene_A*_rbs	476.000000	0.000000	0.000000
669.999260	__gene_A_rbs	489.000000	0.000000	0.000000
669.999260	__gene_B_rbs	483.000000	0.000000	0.000000
669.999260	__gene_C_rbs	472.000000	0.000000	0.000000
669.999260	__gene_D_rbs	467.000000	0.000000	0.000000
669.999260	__gene_E_rbs	463.000000	0.000000	0.000000
669.999260	__gene_F_rbs	325.000000	0.000000	0.000000
669.999260	__gene_G_rbs	239.000000	0.000000	0.000000
669.999260	__gene_H_rbs	161.000000	0.000000	0.000000
669.999260	__gene_J_rbs	456.000000	0.000000	0.000000
669.999260	__gene_K_rbs	474.000000	0.000000	0.000000
669.999260	__ribosome	0.000000	0.000000	0.000000
669.999260	bound_ecolipol	1886.000000	0.000000	0.000000
669.999260	bound_ribosome	100.000000	0.000000	0.000000
669.999260	ecoli_genome	114.000000	0.000000	0.000000
669.999260	ecoli_transcript	50123.000000	0.000000	0.000000
669.999260	ecolipol	21.000000	0.000000	0.000000
669.999260	gene_A	275.000000	489.000000	0.006135
669.999260	gene_A*	158.000000	476.000000	0.008403
669.999260	gene_B	210.000000	483.000000	0.002070
669.999260	gene_C	152.000000	472.000000	0.002119
669.999260	gene_D	150.000000	467.000000	0.000000
669.999260	gene_E	142.000000	463.000000	0.002160
669.999260	gene_F	102.000000	325.000000	0.006154
669.999260	gene_G	28.000000	239.000000	0.108787
669.999260	gene_H	0.000000	161.000000	0.155280
669.999260	gene_J	118.000000	455.000000	0.081319
669.999260	gene_K	144.000000	473.000000	0.000000
669.999260	promoter_A	0.000000	0.000000	0.000000
669.999260	promoter_B1	0.000000	0.000000	0.000000
669.999260	promoter_D	0.000000	0.000000	0.000000
674.999216	__gene_A*_rbs	480.000000	0.000000	0.000000
674.999216	__gene_A_rbs	493.000000	0.000000	0.000000
674.999216	__gene_B_rbs	485.000000	0.000000	0.000000
674.999216	__gene_C_rbs	476.000000	0.000000	0.000000
674.999216	__gene_D_rbs	471.000000	0.000000	0.000000
674.999216	__gene_E_rbs	466.000000	0.000000	0.000000
674.999216	__gene_F_rbs	328.000000	0.000000	0.000000
674.999216	__gene_G_rbs	242.000000	0.000000	0.000000
674.999216	__gene_H_rbs	163.000000	0.000000	0.000000
674.999216	__gene_J_rbs	459.000000	0.000000	0.000000
674.999216	__gene_K_rbs	478.000000	0.000000	0.000000
674.999216	__ribosome	0.000000	0.000000	0.000000
674.999216	bound_ecolipol	1876.000000	0.000000	0.000000
674.999216	bound_ribosome	100.000000	0.000000	0.000000
674.999216	ecoli_genome	124.000000	0.000000	0.000000
674.999216	ecoli_transcript	50505.000000	0.000000	0.000000
674.999216	ecolipol	32.000000	0.000000	0.000000
674.999216	gene_A	276.000000	493.000000	0.004057
674.999216	gene_A*	159.000000	480.000000	0.006250
674.999216	gene_B	210.000000	486.000000	0.002058
674.999216	gene_C	153.000000	476.000000	0.002101
674.999216	gene_D	150.000000	471.000000	0.000000
674.999216	gene_E	142.000000	466.000000	0.002146
674.999216	gene_F	102.000000	328.000000	0.009146
674.999216	gene_G	28.000000	242.000000	0.107438
674.999216	gene_H	0.000000	163.000000	0.153374
674.999216	gene_J	118.000000	458.000000	0.082969
674.999216	gene_K	144.000000	477.000000	0.000000
674.999216	promoter_A	0.000000	0.000000	0.000000
674.999216	promoter_B1	0.000000	0.000000	0.000000
674.999216	promoter_D	0.000000	0.000000	0.000000
679.999071	__gene_A*_rbs	483.000000	0.000000	0.000000
679.999071	__gene_A_rbs	497.000000	0.000000	0.000000
679.999071	__gene_B_rbs	490.000000	0.000000	0.000000
679.999071	__gene_C_rbs	479.000000	0.000000	0.000000
679.999071	__gene_D_rbs	475.000000	0.000000	0.000000
679.999071	__gene_E_rbs	470.000000	0.000000	0.000000
679.999071	__gene_F_rbs	331.000000	0.000000	0.000000
679.999071	__gene_G_rbs	244.000000	0.000000	0.000000
679.999071	__gene_H_rbs	164.000000	0.000000	0.000000
679.999071	__gene_J_rbs	463.000000	0.000000	0.000000
679.999071	__gene_K_rbs	482.000000	0.000000	0.000000
679.999071	__ribosome	0.000000	0.000000	0.000000
679.999071	bound_ecolipol	1865.000000	0.000000	0.000000
679.999071	bound_ribosome	100.000000	0.000000	0.000000
679.999071	ecoli_genome	135.000000	0.000000	0.000000
679.999071	ecoli_transcript	50898.000000	0.000000	0.000000
679.999071	ecolipol	43.000000	0.000000	0.000000
679.999071	gene_A	277.000000	497.000000	0.002012
679.999071	gene_A*	159.000000	483.000000	0.006211
679.999071	gene_B	211.000000	490.000000	0.000000
679.999071	gene_C	153.000000	479.000000	0.004175
679.999071	gene_D	150.000000	475.000000	0.000000
679.999071	gene_E	143.000000	470.000000	0.002128
679.999071	gene_F	102.000000	331.000000	0.012085
679.999071	gene_G	28.000000	244.000000	0.106557
679.999071	gene_H	0.000000	164.000000	0.152439
679.999071	gene_J	118.000000	462.000000	0.082251
679.999071	gene_K	144.000000	481.000000	0.000000
679.999071	promoter_A	0.000000	0.000000	0.000000
679.999071	promoter_B1	0.000000	0.000000	0.000000
679.999071	promoter_D	0.000000	0.000000	0.000000
684.999119	__gene_A*_rbs	487.000000	0.000000	0.000000
684.999119	__gene_A_rbs	500.000000	0.000000	0.000000
684.999119	__gene_B_rbs	493.000000	0.000000	0.000000
684.999119	__gene_C_rbs	483.000000	0.000000	0.000000
684.999119	__gene_D_rbs	478.000000	0.000000	0.000000
684.999119	__gene_E_rbs	474.000000	0.000000	0.000000
684.999119	__gene_F_rbs	334.000000	0.000000	0.000000
684.999119	__gene_G_rbs	244.000000	0.000000	0.000000
684.999119	__gene_H_rbs	166.000000	0.000000	0.000000
684.999119	__gene_J_rbs	467.000000	0.000000	0.000000
684.999119	__gene_K_rbs	485.000000	0.000000	0.000000
684.999119	__ribosome	0.000000	0.000000	0.000000
684.999119	bound_ecolipol	1866.000000	0.000000	0.000000
684.999119	bound_ribosome	100.000000	0.000000	0.000000
684.999119	ecoli_genome	134.000000	0.000000	0.000000
684.999119	ecoli_transcript	51279.000000	0.000000	0.000000
684.999119	ecolipol	41.000000	0.000000	0.000000
684.999119	gene_A	277.000000	500.000000	0.002000
684.999119	gene_A*	160.000000	487.000000	0.004107
684.999119	gene_B	211.000000	493.000000	0.002028
684.999119	gene_C	154.000000	483.000000	0.002070
684.999119	gene_D	150.000000	478.000000	0.000000
684.999119	gene_E	143.000000	474.000000	0.002110
684.999119	gene_F	102.000000	334.000000	0.011976
684.999119	gene_G	28.000000	245.000000	0.110204
684.999119	gene_H	0.000000	166.000000	0.150602
684.999119	gene_J	118.000000	466.000000	0.081545
684.999119	gene_K	144.000000	484.000000	0.000000
684.999119	promoter_A	0.000000	0.000000	0.000000
684.999119	promoter_B1	0.000000	0.000000	0.000000
684.999119	promoter_D	0.000000	0.000000	0.000000
689.999032	__gene_A*_rbs	490.000000	0.000000	0.000000
689.999032	__gene_A_rbs	503.000000	0.000000	0.000000
689.999032	__gene_B_rbs	497.000000	0.000000	0.000000
689.999032	__gene_C_rbs	487.000000	0.000000	0.000000
689.999032	__gene_D_rbs	482.000000	0.000000	0.000000
689.999032	__gene_E_rbs	477.000000	0.000000	0.000000
689.999032	__gene_F_rbs	337.000000	0.000000	0.000000
689.999032	__gene_G_rbs	246.000000	0.000000	0.000000
689.999032	__gene_H_rbs	167.000000	0.000000	0.000000
689.999032	__gene_J_rbs	471.000000	0.000000	0.000000
689.999032	__gene_K_rbs	489.000000	0.000000	0.000000
689.999032	__ribosome	0.000000	0.000000	0.000000
689.999032	bound_ecolipol	1874.000000	0.000000	0.000000
689.999032	bound_ribosome	100.000000	0.000000	0.000000
689.999032	ecoli_genome	126.000000	0.000000	0.000000
689.999032	ecoli_transcript	51641.000000	0.000000	0.000000
689.999032	ecolipol	34.000000	0.000000	0.000000
689.999032	gene_A	278.000000	503.000000	0.001988
689.999032	gene_A*	161.000000	490.000000	0.004082
689.999032	gene_B	211.000000	498.000000	0.004016
689.999032	gene_C	155.000000	487.000000	0.002053
689.999032	gene_D	150.000000	482.000000	0.000000
689.999032	gene_E	144.000000	477.000000	0.000000
689.999032	gene_F	102.000000	337.000000	0.011869
689.999032	gene_G	28.000000	246.000000	0.109756
689.999032	gene_H	0.000000	167.000000	0.149701
689.999032	gene_J	118.000000	470.000000	0.080851
689.999032	gene_K	144.000000	488.000000	0.000000
689.999032	promoter_A	0.000000	0.000000	0.000000
689.999032	promoter_B1	0.000000	0.000000	0.000000
689.999032	promoter_D	0.000000	0.000000	0.000000
694.999137	__gene_A*_rbs	494.000000	0.000000	0.000000
694.999137	__gene_A_rbs	506.000000	0.000000	0.000000
694.999137	__gene_B_rbs	501.000000	0.000000	0.000000
694.999137	__gene_C_rbs	491.000000	0.000000	0.000000
694.999137	__gene_D_rbs	486.000000	0.000000	0.000000
694.999137	__gene_E_rbs	481.000000	0.000000	0.000000
694.999137	__gene_F_rbs	339.000000	0.000000	0.000000
694.999137	__gene_G_rbs	247.000000	0.000000	0.000000
694.999137	__gene_H_rbs	168.000000	0.000000	0.000000
694.999137	__gene_J_rbs	473.000000	0.000000	0.000000
694.999137	__gene_K_rbs	493.000000	0.000000	0.000000
694.999137	__ribosome	0.000000	0.000000	0.000000
694.999137	bound_ecolipol	1866.000000	0.000000	0.000000
694.999137	bound_ribosome	100.000000	0.000000	0.000000
694.999137	ecoli_genome	134.000000	0.000000	0.000000
694.999137	ecoli_transcript	51977.000000	0.000000	0.000000
694.999137	ecolipol	43.000000	0.000000	0.000000
694.999137	gene_A	278.000000	506.000000	0.001976
694.999137	gene_A*	162.000000	494.000000	0.002024
694.999137	gene_B	212.000000	501.000000	0.001996
694.999137	gene_C	156.000000	491.000000	0.002037
694.999137	gene_D	150.000000	486.000000	0.002058
694.999137	gene_E	144.000000	481.000000	0.000000
694.999137	gene_F	102.000000	339.000000	0.011799
694.999137	gene_G	28.000000	247.000000	0.109312
694.999137	gene_H	0.000000	168.000000	0.148810
694.999137	gene_J	118.000000	473.000000	0.082452
694.999137	gene_K	144.000000	492.000000	0.000000
694.999137	promoter_A	0.000000	0.000000	0.000000
694.999137	promoter_B1	0.000000	0.000000	0.000000
694.999137	promoter_D	0.000000	0.000000	0.000000
699.999046	__gene_A*_rbs	497.000000	0.000000	0.000000
699.999046	__gene_A_rbs	510.000000	0.000000	0.000000
699.999046	__gene_B_rbs	504.000000	0.000000	0.000000
699.999046	__gene_C_rbs	494.000000	0.000000	0.000000
699.999046	__gene_D_rbs	488.000000	0.000000	0.000000
699.999046	__gene_E_rbs	484.000000	0.000000	0.000000
699.999046	__gene_F_rbs	341.000000	0.000000	0.000000
699.999046	__gene_G_rbs	249.000000	0.000000	0.000000
699.999046	__gene_H_rbs	170.000000	0.000000	0.000000
699.999046	__gene_J_rbs	478.000000	0.000000	0.000000
699.999046	__gene_K_rbs	496.000000	0.000000	0.000000
699.999046	__ribosome	0.000000	0.000000	0.000000
699.999046	bound_ecolipol	1876.000000	0.000000	0.000000
699.999046	bound_ribosome	100.000000	0.000000	0.000000
699.999046	ecoli_genome	124.000000	0.000000	0.000000
699.999046	ecoli_transcript	52340.000000	0.000000	0.000000
699.999046	ecolipol	33.000000	0.000000	0.000000
699.999046	gene_A	278.000000	510.000000	0.001961
699.999046	gene_A*	162.000000	497.000000	0.002012
699.999046	gene_B	212.000000	504.000000	0.001984
699.999046	gene_C	156.000000	494.000000	0.002024
699.999046	gene_D	150.000000	489.000000	0.004090
699.999046	gene_E	144.000000	485.000000	0.000000
699.999046	gene_F	103.000000	341.000000	0.008798
699.999046	gene_G	28.000000	249.000000	0.108434
699.999046	gene_H	0.000000	170.000000	0.147059
699.999046	gene_J	118.000000	477.000000	0.081761
699.999046	gene_K	144.000000	495.000000	0.000000
699.999046	promoter_A	0.000000	0.000000	0.000000
699.999046	promoter_B1	0.000000	0.000000	0.000000
699.999046	promoter_D	0.000000	0.000000	0.000000
704.999016	__gene_A*_rbs	501.000000	0.000000	0.000000
704.999016	__gene_A_rbs	514.000000	0.000000	0.000000
704.999016	__gene_B_rbs	508.000000	0.000000	0.000000
704.999016	__gene_C_rbs	498.000000	0.000000	0.000000
704.999016	__gene_D_rbs	493.000000	0.000000	0.000000
704.999016	__gene_E_rbs	489.000000	0.000000	0.000000
704.999016	__gene_F_rbs	342.000000	0.000000	0.000000
704.999016	__gene_G_rbs	253.000000	0.000000	0.000000
704.999016	__gene_H_rbs	171.000000	0.000000	0.000000
704.999016	__gene_J_rbs	482.000000	0.000000	0.000000
704.999016	__gene_K_rbs	500.000000	0.000000	0.000000
704.999016	__ribosome	0.000000	0.000000	0.000000
704.999016	bound_ecolipol	1863.000000	0.000000	0.000000
704.999016	bound_ribosome	100.000000	0.000000	0.000000
704.999016	ecoli_genome	137.000000	0.000000	0.000000
704.999016	ecoli_transcript	52755.000000	0.000000	0.000000
704.999016	ecolipol	45.000000	0.000000	0.000000
704.999016	gene_A	278.000000	514.000000	0.001946
704.999016	gene_A*	162.000000	502.000000	0.003984
704.999016	gene_B	213.000000	508.000000	0.000000
704.999016	gene_C	157.000000	498.000000	0.000000
704.999016	gene_D	150.000000	493.000000	0.006085
704.999016	gene_E	144.000000	489.000000	0.000000
704.999016	gene_F	104.000000	342.000000	0.005848
704.999016	gene_G	29.000000	253.000000	0.106719
704.999016	gene_H	0.000000	171.000000	0.146199
704.999016	gene_J	118.000000	481.000000	0.081081
704.999016	gene_K	144.000000	499.000000	0.002004
704.999016	promoter_A	0.000000	0.000000	0.000000
704.999016	promoter_B1	0.000000	0.000000	0.000000
704.999016	promoter_D	0.000000	0.000000	0.000000
709.999129	__gene_A*_rbs	505.000000	0.000000	0.000000
709.999129	__gene_A_rbs	517.000000	0.000000	0.000000
709.999129	__gene_B_rbs	512.000000	0.000000	0.000000
709.999129	__gene_C_rbs	502.000000	0.000000	0.000000
709.999129	__gene_D_rbs	497.000000	0.000000	0.000000
709.999129	__gene_E_rbs	491.000000	0.000000	0.000000
709.999129	__gene_F_rbs	344.000000	0.000000	0.000000
709.999129	__gene_G_rbs	255.000000	0.000000	0.000000
709.999129	__gene_H_rbs	171.000000	0.000000	0.000000
709.999129	__gene_J_rbs	485.000000	0.000000	0.000000
709.999129	__gene_K_rbs	504.000000	0.000000	0.000000
709.999129	__ribosome	0.000000	0.000000	0.000000
709.999129	bound_ecolipol	1875.000000	0.000000	0.000000
709.999129	bound_ribosome	100.000000	0.000000	0.000000
709.999129	ecoli_genome	125.000000	0.000000	0.000000
709.999129	ecoli_transcript	53100.000000	0.000000	0.000000
709.999129	ecolipol	35.000000	0.000000	0.000000
709.999129	gene_A	278.000000	517.000000	0.001934
709.999129	gene_A*	162.000000	505.000000	0.003960
709.999129	gene_B	213.000000	512.000000	0.000000
709.999129	gene_C	157.000000	502.000000	0.000000
709.999129	gene_D	151.000000	497.000000	0.004024
709.999129	gene_E	144.000000	492.000000	0.002033
709.999129	gene_F	104.000000	344.000000	0.005814
709.999129	gene_G	29.000000	255.000000	0.109804
709.999129	gene_H	0.000000	171.000000	0.146199
709.999129	gene_J	118.000000	484.000000	0.080579
709.999129	gene_K	145.000000	503.000000	0.000000
709.999129	promoter_A	0.000000	0.000000	0.000000
709.999129	promoter_B1	0.000000	0.000000	0.000000
709.999129	promoter_D	0.000000	0.000000	0.000000
714.999195	__gene_A*_rbs	509.000000	0.000000	0.000000
714.999195	__gene_A_rbs	521.000000	0.000000	0.000000
714.999195	__gene_B_rbs	515.000000	0.000000	0.000000
714.999195	__gene_C_rbs	504.000000	0.000000	0.000000
714.999195	__gene_D_rbs	501.000000	0.000000	0.000000
714.999195	__gene_E_rbs	496.000000	0.000000	0.000000
714.999195	__gene_F_rbs	347.000000	0.000000	0.000000
714.999195	__gene_G_rbs	259.000000	0.000000	0.000000
714.999195	__gene_H_rbs	173.000000	0.000000	0.000000
714.999195	__gene_J_rbs	488.000000	0.000000	0.000000
714.999195	__gene_K_rbs	507.000000	0.000000	0.000000
714.999195	__ribosome	0.000000	0.000000	0.000000
714.999195	bound_ecolipol	1877.000000	0.000000	0.000000
714.999195	bound_ribosome	100.000000	0.000000	0.000000
714.999195	ecoli_genome	123.000000	0.000000	0.000000
714.999195	ecoli_transcript	53481.000000	0.000000	0.000000
714.999195	ecolipol	31.000000	0.000000	0.000000
714.999195	gene_A	278.000000	521.000000	0.001919
714.999195	gene_A*	162.000000	509.000000	0.003929
714.999195	gene_B	213.000000	515.000000	0.000000
714.999195	gene_C	157.000000	505.000000	0.000000
714.999195	gene_D	152.000000	501.000000	0.001996
714.999195	gene_E	144.000000	496.000000	0.002016
714.999195	gene_F	104.000000	347.000000	0.005764
714.999195	gene_G	29.000000	259.000000	0.108108
714.999195	gene_H	0.000000	173.000000	0.144509
714.999195	gene_J	118.000000	488.000000	0.079918
714.999195	gene_K	145.000000	506.000000	0.001976
714.999195	promoter_A	0.000000	0.000000	0.000000
714.999195	promoter_B1	0.000000	0.000000	0.000000
714.999195	promoter_D	0.000000	0.000000	0.000000
719.999200	__gene_A*_rbs	513.000000	0.000000	0.000000
719.999200	__gene_A_rbs	525.000000	0.000000	0.000000
719.999200	__gene_B_rbs	519.000000	0.000000	0.000000
719.999200	__gene_C_rbs	509.000000	0.000000	0.000000
719.999200	__gene_D_rbs	504.000000	0.000000	0.000000
719.999200	__gene_E_rbs	500.000000	0.000000	0.000000
719.999200	__gene_F_rbs	350.000000	0.000000	0.000000
719.999200	__gene_G_rbs	261.000000	0.000000	0.000000
719.999200	__gene_H_rbs	176.000000	0.000000	0.000000
719.999200	__gene_J_rbs	493.000000	0.000000	0.000000
719.999200	__gene_K_rbs	511.000000	0.000000	0.000000
719.999200	__ribosome	0.000000	0.000000	0.000000
719.999200	bound_ecolipol	1867.000000	0.000000	0.000000
719.999200	bound_ribosome	100.000000	0.000000	0.000000
719.999200	ecoli_genome	133.000000	0.000000	0.000000
719.999200	ecoli_transcript	53842.000000	0.000000	0.000000
719.999200	ecolipol	41.000000	0.000000	0.000000
719.999200	gene_A	278.000000	525.000000	0.001905
719.999200	gene_A*	162.000000	513.000000	0.005848
719.999200	gene_B	213.000000	519.000000	0.001927
719.999200	gene_C	157.000000	509.000000	0.000000
719.999200	gene_D	153.000000	504.000000	0.000000
719.999200	gene_E	145.000000	500.000000	0.002000
719.999200	gene_F	105.000000	350.000000	0.002857
719.999200	gene_G	29.000000	261.000000	0.111111
719.999200	gene_H	0.000000	176.000000	0.142045
719.999200	gene_J	118.000000	492.000000	0.079268
719.999200	gene_K	146.000000	510.000000	0.000000
719.999200	promoter_A	0.000000	0.000000	0.000000
719.999200	promoter_B1	0.000000	0.000000	0.000000
719.999200	promoter_D	0.000000	0.000000	0.000000
724.999315	__gene_A*_rbs	516.000000	0.000000	0.000000
724.999315	__gene_A_rbs	528.000000	0.000000	0.000000
724.999315	__gene_B_rbs	523.000000	0.000000	0.000000
724.999315	__gene_C_rbs	513.000000	0.000000	0.000000
724.999315	__gene_D_rbs	508.000000	0.000000	0.000000
724.999315	__gene_E_rbs	504.000000	0.000000	0.000000
724.999315	__gene_F_rbs	352.000000	0.000000	0.000000
724.999315	__gene_G_rbs	264.000000	0.000000	0.000000
724.999315	__gene_H_rbs	178.000000	0.000000	0.000000
724.999315	__gene_J_rbs	497.000000	0.000000	0.000000
724.999315	__gene_K_rbs	515.000000	0.000000	0.000000
724.999315	__ribosome	0.000000	0.000000	0.000000
724.999315	bound_ecolipol	1875.000000	0.000000	0.000000
724.999315	bound_ribosome	100.000000	0.000000	0.000000
724.999315	ecoli_genome	125.000000	0.000000	0.000000
724.999315	ecoli_transcript	54197.000000	0.000000	0.000000
724.999315	ecolipol	32.000000	0.000000	0.000000
724.999315	gene_A	278.000000	528.000000	0.001894
724.999315	gene_A*	163.000000	516.000000	0.003876
724.999315	gene_B	213.000000	523.000000	0.001912
724.999315	gene_C	157.000000	513.000000	0.000000
724.999315	gene_D	153.000000	508.000000	0.000000
724.999315	gene_E	145.000000	504.000000	0.001984
724.999315	gene_F	106.000000	352.000000	0.000000
724.999315	gene_G	29.000000	264.000000	0.113636
724.999315	gene_H	0.000000	178.000000	0.140449
724.999315	gene_J	118.000000	496.000000	0.080645
724.999315	gene_K	146.000000	514.000000	0.000000
724.999315	promoter_A	0.000000	0.000000	0.000000
724.999315	promoter_B1	0.000000	0.000000	0.000000
724.999315	promoter_D	0.000000	0.000000	0.000000
729.999200	__gene_A*_rbs	520.000000	0.000000	0.000000
729.999200	__gene_A_rbs	532.000000	0.000000	0.000000
729.999200	__gene_B_rbs	526.000000	0.000000	0.000000
729.999200	__gene_C_rbs	516.000000	0.000000	0.000000
729.999200	__gene_D_rbs	511.000000	0.000000	0.000000
729.999200	__gene_E_rbs	507.000000	0.000000	0.000000
729.999200	__gene_F_rbs	355.000000	0.000000	0.000000
729.999200	__gene_G_rbs	266.000000	0.000000	0.000000
729.999200	__gene_H_rbs	181.000000	0.000000	0.000000
729.999200	__gene_J_rbs	500.000000	0.000000	0.000000
729.999200	__gene_K_rbs	518.000000	0.000000	0.000000
729.999200	__ribosome	0.000000	0.000000	0.000000
729.999200	bound_ecolipol	1863.000000	0.000000	0.000000
729.999200	bound_ribosome	100.000000	0.000000	0.000000
729.999200	ecoli_genome	137.000000	0.000000	0.000000
729.999200	ecoli_transcript	54558.000000	0.000000	0.000000
729.999200	ecolipol	43.000000	0.000000	0.000000
729.999200	gene_A	278.000000	532.000000	0.001880
729.999200	gene_A*	163.000000	520.000000	0.005769
729.999200	gene_B	214.000000	526.000000	0.000000
729.999200	gene_C	157.000000	516.000000	0.000000
729.999200	gene_D	153.000000	511.000000	0.000000
729.999200	gene_E	146.000000	507.000000	0.001972
729.999200	gene_F	106.000000	355.000000	0.000000
729.999200	gene_G	30.000000	266.000000	0.112782
729.999200	gene_H	0.000000	181.000000	0.138122
729.999200	gene_J	118.000000	499.000000	0.080160
729.999200	gene_K	146.000000	517.000000	0.000000
729.999200	promoter_A	0.000000	0.000000	0.000000
729.999200	promoter_B1	0.000000	0.000000	0.000000
729.999200	promoter_D	0.000000	0.000000	0.000000
734.999056	__gene_A*_rbs	524.000000	0.000000	0.000000
734.999056	__gene_A_rbs	536.000000	0.000000	0.000000
734.999056	__gene_B_rbs	530.000000	0.000000	0.000000
734.999056	__gene_C_rbs	520.000000	0.000000	0.000000
734.999056	__gene_D_rbs	515.000000	0.000000	0.000000
734.999056	__gene_E_rbs	511.000000	0.000000	0.000000
734.999056	__gene_F_rbs	358.000000	0.000000	0.000000
734.999056	__gene_G_rbs	268.000000	0.000000	0.000000
734.999056	__gene_H_rbs	184.000000	0.000000	0.000000
734.999056	__gene_J_rbs	503.000000	0.000000	0.000000
734.999056	__gene_K_rbs	522.000000	0.000000	0.000000
734.999056	__ribosome	0.000000	0.000000	0.000000
734.999056	bound_ecolipol	1865.000000	0.000000	0.000000
734.999056	bound_ribosome	100.000000	0.000000	0.000000
734.999056	ecoli_genome	135.000000	0.000000	0.000000
734.999056	ecoli_transcript	54923.000000	0.000000	0.000000
734.999056	ecolipol	38.000000	0.000000	0.000000
734.999056	gene_A	278.000000	536.000000	0.001866
734.999056	gene_A*	163.000000	524.000000	0.005725
734.999056	gene_B	214.000000	530.000000	0.000000
734.999056	gene_C	157.000000	520.000000	0.001923
734.999056	gene_D	153.000000	515.000000	0.000000
734.999056	gene_E	146.000000	511.000000	0.001957
734.999056	gene_F	106.000000	358.000000	0.000000
734.999056	gene_G	31.000000	268.000000	0.108209
734.999056	gene_H	0.000000	184.000000	0.135870
734.999056	gene_J	118.000000	502.000000	0.079681
734.999056	gene_K	146.000000	521.000000	0.000000
734.999056	promoter_A	0.000000	0.000000	0.000000
734.999056	promoter_B1	0.000000	0.000000	0.000000
734.999056	promoter_D	0.000000	0.000000	0.000000
739.999236	__gene_A*_rbs	527.000000	0.000000	0.000000
739.999236	__gene_A_rbs	539.000000	0.000000	0.000000
739.999236	__gene_B_rbs	534.000000	0.000000	0.000000
739.999236	__gene_C_rbs	524.000000	0.000000	0.000000
739.999236	__gene_D_rbs	519.000000	0.000000	0.000000
739.999236	__gene_E_rbs	514.000000	0.000000	0.000000
739.999236	__gene_F_rbs	361.000000	0.000000	0.000000
739.999236	__gene_G_rbs	269.000000	0.000000	0.000000
739.999236	__gene_H_rbs	185.000000	0.000000	0.000000
739.999236	__gene_J_rbs	507.000000	0.000000	0.000000
739.999236	__gene_K_rbs	526.000000	0.000000	0.000000
739.999236	__ribosome	0.000000	0.000000	0.000000
739.999236	bound_ecolipol	1871.000000	0.000000	0.000000
739.999236	bound_ribosome	100.000000	0.000000	0.000000
739.999236	ecoli_genome	129.000000	0.000000	0.000000
739.999236	ecoli_transcript	55291.000000	0.000000	0.000000
739.999236	ecolipol	34.000000	0.000000	0.000000
739.999236	gene_A	279.000000	539.000000	0.001855
739.999236	gene_A*	164.000000	527.000000	0.005693
739.999236	gene_B	214.000000	534.000000	0.000000
739.999236	gene_C	157.000000	524.000000	0.001908
739.999236	gene_D	153.000000	519.000000	0.000000
739.999236	gene_E	147.000000	514.000000	0.001946
739.999236	gene_F	106.000000	361.000000	0.000000
739.999236	gene_G	31.000000	269.000000	0.107807
739.999236	gene_H	0.000000	185.000000	0.135135
739.999236	gene_J	118.000000	506.000000	0.079051
739.999236	gene_K	146.000000	525.000000	0.000000
739.999236	promoter_A	0.000000	0.000000	0.000000
739.999236	promoter_B1	0.000000	0.000000	0.000000
739.999236	promoter_D	0.000000	0.000000	0.000000
744.999017	__gene_A*_rbs	531.000000	0.000000	0.000000
744.999017	__gene_A_rbs	543.000000	0.000000	0.000000
744.999017	__gene_B_rbs	538.000000	0.000000	0.000000
744.999017	__gene_C_rbs	527.000000	0.000000	0.000000
744.999017	__gene_D_rbs	522.000000	0.000000	0.000000
744.999017	__gene_E_rbs	518.000000	0.000000	0.000000
744.999017	__gene_F_rbs	363.000000	0.000000	0.000000
744.999017	__gene_G_rbs	270.000000	0.000000	0.000000
744.999017	__gene_H_rbs	187.000000	0.000000	0.000000
744.999017	__gene_J_rbs	511.000000	0.000000	0.000000
744.999017	__gene_K_rbs	529.000000	0.000000	0.000000
744.999017	__ribosome	0.000000	0.000000	0.000000
744.999017	bound_ecolipol	1865.000000	0.000000	0.000000
744.999017	bound_ribosome	100.000000	0.000000	0.000000
744.999017	ecoli_genome	135.000000	0.000000	0.000000
744.999017	ecoli_transcript	55667.000000	0.000000	0.000000
744.999017	ecolipol	41.000000	0.000000	0.000000
744.999017	gene_A	279.000000	543.000000	0.003683
744.999017	gene_A*	164.000000	531.000000	0.005650
744.999017	gene_B	214.000000	538.000000	0.000000
744.999017	gene_C	158.000000	527.000000	0.001898
744.999017	gene_D	153.000000	522.000000	0.000000
744.999017	gene_E	147.000000	518.000000	0.001931
744.999017	gene_F	106.000000	363.000000	0.000000
744.999017	gene_G	32.000000	270.000000	0.103704
744.999017	gene_H	0.000000	187.000000	0.133690
744.999017	gene_J	118.000000	510.000000	0.078431
744.999017	gene_K	146.000000	528.000000	0.000000
744.999017	promoter_A	0.000000	0.000000	0.000000
744.999017	promoter_B1	0.000000	0.000000	0.000000
744.999017	promoter_D	0.000000	0.000000	0.000000
749.999062	__gene_A*_rbs	535.000000	0.000000	0.000000
749.999062	__gene_A_rbs	547.000000	0.000000	0.000000
749.999062	__gene_B_rbs	541.000000	0.000000	0.000000
749.999062	__gene_C_rbs	530.000000	0.000000	0.000000
749.999062	__gene_D_rbs	526.000000	0.000000	0.000000
749.999062	__gene_E_rbs	521.000000	0.000000	0.000000
749.999062	__gene_F_rbs	364.000000	0.000000	0.000000
749.999062	__gene_G_rbs	271.000000	0.000000	0.000000
749.999062	__gene_H_rbs	187.000000	0.000000	0.000000
749.999062	__gene_J_rbs	515.000000	0.000000	0.000000
749.999062	__gene_K_rbs	533.000000	0.000000	0.000000
749.999062	__ribosome	0.000000	0.000000	0.000000
749.999062	bound_ecolipol	1867.000000	0.000000	0.000000
749.999062	bound_ribosome	100.000000	0.000000	0.000000
749.999062	ecoli_genome	133.000000	0.000000	0.000000
749.999062	ecoli_transcript	56057.000000	0.000000	0.000000
749.999062	ecolipol	45.000000	0.000000	0.000000
749.999062	gene_A	279.000000	547.000000	0.003656
749.999062	gene_A*	164.000000	535.000000	0.005607
749.999062	gene_B	214.000000	541.000000	0.001848
749.999062	gene_C	158.000000	530.000000	0.001887
749.999062	gene_D	153.000000	526.000000	0.000000
749.999062	gene_E	148.000000	521.000000	0.000000
749.999062	gene_F	106.000000	364.000000	0.000000
749.999062	gene_G	32.000000	271.000000	0.103321
749.999062	gene_H	0.000000	187.000000	0.133690
749.999062	gene_J	118.000000	514.000000	0.077821
749.999062	gene_K	146.000000	532.000000	0.000000
749.999062	promoter_A	0.000000	0.000000	0.000000
749.999062	promoter_B1	0.000000	0.000000	0.000000
749.999062	promoter_D	0.000000	0.000000	0.000000
754.999043	__gene_A*_rbs	538.000000	0.000000	0.000000
754.999043	__gene_A_rbs	551.000000	0.000000	0.000000
754.999043	__gene_B_rbs	545.000000	0.000000	0.000000
754.999043	__gene_C_rbs	534.000000	0.000000	0.000000
754.999043	__gene_D_rbs	529.000000	0.000000	0.000000
754.999043	__gene_E_rbs	525.000000	0.000000	0.000000
754.999043	__gene_F_rbs	365.000000	0.000000	0.000000
754.999043	__gene_G_rbs	273.000000	0.000000	0.000000
754.999043	__gene_H_rbs	188.000000	0.000000	0.000000
754.999043	__gene_J_rbs	518.000000	0.000000	0.000000
754.999043	__gene_K_rbs	536.000000	0.000000	0.000000
754.999043	__ribosome	0.000000	0.000000	0.000000
754.999043	bound_ecolipol	1873.000000	0.000000	0.000000
754.999043	bound_ribosome	100.000000	0.000000	0.000000
754.999043	ecoli_genome	127.000000	0.000000	0.000000
754.999043	ecoli_transcript	56417.000000	0.000000	0.000000
754.999043	ecolipol	40.000000	0.000000	0.000000
754.999043	gene_A	279.000000	551.000000	0.003630
754.999043	gene_A*	165.000000	539.000000	0.003711
754.999043	gene_B	214.000000	545.000000	0.001835
754.999043	gene_C	159.000000	534.000000	0.000000
754.999043	gene_D	153.000000	529.000000	0.000000
754.999043	gene_E	148.000000	525.000000	0.003810
754.999043	gene_F	106.000000	365.000000	0.000000
754.999043	gene_G	32.000000	273.000000	0.102564
754.999043	gene_H	0.000000	188.000000	0.132979
754.999043	gene_J	118.000000	517.000000	0.077369
754.999043	gene_K	146.000000	535.000000	0.000000
754.999043	promoter_A	0.000000	0.000000	0.000000
754.999043	promoter_B1	0.000000	0.000000	0.000000
754.999043	promoter_D	0.000000	0.000000	0.000000
759.999053	__gene_A*_rbs	542.000000	0.000000	0.000000
759.999053	__gene_A_rbs	553.000000	0.000000	0.000000
759.999053	__gene_B_rbs	549.000000	0.000000	0.000000
759.999053	__gene_C_rbs	538.000000	0.000000	0.000000
759.999053	__gene_D_rbs	533.000000	0.000000	0.000000
759.999053	__gene_E_rbs	529.000000	0.000000	0.000000
759.999053	__gene_F_rbs	368.000000	0.000000	0.000000
759.999053	__gene_G_rbs	275.000000	0.000000	0.000000
759.999053	__gene_H_rbs	188.000000	0.000000	0.000000
759.999053	__gene_J_rbs	522.000000	0.000000	0.000000
759.999053	__gene_K_rbs	539.000000	0.000000	0.000000
759.999053	__ribosome	0.000000	0.000000	0.000000
759.999053	bound_ecolipol	1866.000000	0.000000	0.000000
759.999053	bound_ribosome	100.000000	0.000000	0.000000
759.999053	ecoli_genome	134.000000	0.000000	0.000000
759.999053	ecoli_transcript	56820.000000	0.000000	0.000000
759.999053	ecolipol	50.000000	0.000000	0.000000
759.999053	gene_A	279.000000	554.000000	0.005415
759.999053	gene_A*	165.000000	542.000000	0.003690
759.999053	gene_B	215.000000	549.000000	0.000000
759.999053	gene_C	159.000000	538.000000	0.000000
759.999053	gene_D	153.000000	533.000000	0.000000
759.999053	gene_E	148.000000	529.000000	0.003781
759.999053	gene_F	106.000000	368.000000	0.000000
759.999053	gene_G	32.000000	275.000000	0.101818
759.999053	gene_H	0.000000	188.000000	0.132979
759.999053	gene_J	118.000000	521.000000	0.076775
759.999053	gene_K	146.000000	539.000000	0.000000
759.999053	promoter_A	0.000000	0.000000	0.000000
759.999053	promoter_B1	0.000000	0.000000	0.000000
759.999053	promoter_D	0.000000	0.000000	0.000000
764.999076	__gene_A*_rbs	546.000000	0.000000	0.000000
764.999076	__gene_A_rbs	558.000000	0.000000	0.000000
764.999076	__gene_B_rbs	552.000000	0.000000	0.000000
764.999076	__gene_C_rbs	541.000000	0.000000	0.000000
764.999076	__gene_D_rbs	536.000000	0.000000	0.000000
764.999076	__gene_E_rbs	533.000000	0.000000	0.000000
764.999076	__gene_F_rbs	370.000000	0.000000	0.000000
764.999076	__gene_G_rbs	277.000000	0.000000	0.000000
764.999076	__gene_H_rbs	188.000000	0.000000	0.000000
764.999076	__gene_J_rbs	526.000000	0.000000	0.000000
764.999076	__gene_K_rbs	544.000000	0.000000	0.000000
764.999076	__ribosome	0.000000	0.000000	0.000000
764.999076	bound_ecolipol	1873.000000	0.000000	0.000000
764.999076	bound_ribosome	100.000000	0.000000	0.000000
764.999076	ecoli_genome	127.000000	0.000000	0.000000
764.999076	ecoli_transcript	57220.000000	0.000000	0.000000
764.999076	ecolipol	44.000000	0.000000	0.000000
764.999076	gene_A	279.000000	558.000000	0.007168
764.999076	gene_A*	166.000000	546.000000	0.001832
764.999076	gene_B	215.000000	552.000000	0.000000
764.999076	gene_C	159.000000	541.000000	0.000000
764.999076	gene_D	153.000000	536.000000	0.000000
764.999076	gene_E	150.000000	533.000000	0.001876
764.999076	gene_F	106.000000	370.000000	0.000000
764.999076	gene_G	32.000000	277.000000	0.101083
764.999076	gene_H	0.000000	188.000000	0.138298
764.999076	gene_J	118.000000	525.000000	0.076190
764.999076	gene_K	146.000000	543.000000	0.000000
764.999076	promoter_A	0.000000	0.000000	0.000000
764.999076	promoter_B1	0.000000	0.000000	0.000000
764.999076	promoter_D	0.000000	0.000000	0.000000
769.999088	__gene_A*_rbs	550.000000	0.000000	0.000000
769.999088	__gene_A_rbs	562.000000	0.000000	0.000000
769.999088	__gene_B_rbs	556.000000	0.000000	0.000000
769.999088	__gene_C_rbs	545.000000	0.000000	0.000000
769.999088	__gene_D_rbs	540.000000	0.000000	0.000000
769.999088	__gene_E_rbs	535.000000	0.000000	0.000000
769.999088	__gene_F_rbs	374.000000	0.000000	0.000000
769.999088	__gene_G_rbs	280.000000	0.000000	0.000000
769.999088	__gene_H_rbs	188.000000	0.000000	0.000000
769.999088	__gene_J_rbs	529.000000	0.000000	0.000000
769.999088	__gene_K_rbs	546.000000	0.000000	0.000000
769.999088	__ribosome	0.000000	0.000000	0.000000
769.999088	bound_ecolipol	1889.000000	0.000000	0.000000
769.999088	bound_ribosome	100.000000	0.000000	0.000000
769.999088	ecoli_genome	111.000000	0.000000	0.000000
769.999088	ecoli_transcript	57560.000000	0.000000	0.000000
769.999088	ecolipol	26.000000	0.000000	0.000000
769.999088	gene_A	279.000000	562.000000	0.007117
769.999088	gene_A*	166.000000	550.000000	0.001818
769.999088	gene_B	215.000000	556.000000	0.000000
769.999088	gene_C	159.000000	545.000000	0.000000
769.999088	gene_D	153.000000	540.000000	0.000000
769.999088	gene_E	150.000000	535.000000	0.001869
769.999088	gene_F	106.000000	374.000000	0.000000
769.999088	gene_G	32.000000	280.000000	0.100000
769.999088	gene_H	0.000000	188.000000	0.138298
769.999088	gene_J	118.000000	528.000000	0.075758
769.999088	gene_K	146.000000	546.000000	0.000000
769.999088	promoter_A	0.000000	0.000000	0.000000
769.999088	promoter_B1	0.000000	0.000000	0.000000
769.999088	promoter_D	0.000000	0.000000	0.000000
774.999035	__gene_A*_rbs	553.000000	0.000000	0.000000
774.999035	__gene_A_rbs	565.000000	0.000000	0.000000
774.999035	__gene_B_rbs	559.000000	0.000000	0.000000
774.999035	__gene_C_rbs	549.000000	0.000000	0.000000
774.999035	__gene_D_rbs	543.000000	0.000000	0.000000
774.999035	__gene_E_rbs	539.000000	0.000000	0.000000
774.999035	__gene_F_rbs	378.000000	0.000000	0.000000
774.999035	__gene_G_rbs	281.000000	0.000000	0.000000
774.999035	__gene_H_rbs	189.000000	0.000000	0.000000
774.999035	__gene_J_rbs	533.000000	0.000000	0.000000
774.999035	__gene_K_rbs	551.000000	0.000000	0.000000
774.999035	__ribosome	0.000000	0.000000	0.000000
774.999035	bound_ecolipol	1881.000000	0.000000	0.000000
774.999035	bound_ribosome	100.000000	0.000000	0.000000
774.999035	ecoli_genome	119.000000	0.000000	0.000000
774.999035	ecoli_transcript	57922.000000	0.000000	0.000000
774.999035	ecolipol	34.000000	0.000000	0.000000
774.999035	gene_A	279.000000	565.000000	0.008850
774.999035	gene_A*	167.000000	553.000000	0.000000
774.999035	gene_B	215.000000	559.000000	0.000000
774.999035	gene_C	159.000000	549.000000	0.000000
774.999035	gene_D	153.000000	543.000000	0.000000
774.999035	gene_E	151.000000	539.000000	0.001855
774.999035	gene_F	106.000000	378.000000	0.000000
774.999035	gene_G	32.000000	281.000000	0.099644
774.999035	gene_H	0.000000	189.000000	0.137566
774.999035	gene_J	118.000000	532.000000	0.075188
774.999035	gene_K	146.000000	550.000000	0.000000
774.999035	promoter_A	0.000000	0.000000	0.000000
774.999035	promoter_B1	0.000000	0.000000	0.000000
774.999035	promoter_D	0.000000	0.000000	0.000000
779.999031	__gene_A*_rbs	557.000000	0.000000	0.000000
779.999031	__gene_A_rbs	569.000000	0.000000	0.000000
779.999031	__gene_B_rbs	563.000000	0.000000	0.000000
779.999031	__gene_C_rbs	552.000000	0.000000	0.000000
779.999031	__gene_D_rbs	546.000000	0.000000	0.000000
779.999031	__gene_E_rbs	542.000000	0.000000	0.000000
779.999031	__gene_F_rbs	380.000000	0.000000	0.000000
779.999031	__gene_G_rbs	283.000000	0.000000	0.000000
779.999031	__gene_H_rbs	191.000000	0.000000	0.000000
779.999031	__gene_J_rbs	536.000000	0.000000	0.000000
779.999031	__gene_K_rbs	554.000000	0.000000	0.000000
779.999031	__ribosome	0.000000	0.000000	0.000000
779.999031	bound_ecolipol	1878.000000	0.000000	0.000000
779.999031	bound_ribosome	100.000000	0.000000	0.000000
779.999031	ecoli_genome	122.000000	0.000000	0.000000
779.999031	ecoli_transcript	58322.000000	0.000000	0.000000
779.999031	ecolipol	38.000000	0.000000	0.000000
779.999031	gene_A	279.000000	569.000000	0.008787
779.999031	gene_A*	167.000000	557.000000	0.000000
779.999031	gene_B	215.000000	563.000000	0.000000
779.999031	gene_C	159.000000	552.000000	0.000000
779.999031	gene_D	153.000000	546.000000	0.000000
779.999031	gene_E	151.000000	542.000000	0.001845
779.999031	gene_F	106.000000	380.000000	0.000000
779.999031	gene_G	32.000000	283.000000	0.098940
779.999031	gene_H	0.000000	191.000000	0.136126
779.999031	gene_J	118.000000	535.000000	0.074766
779.999031	gene_K	146.000000	553.000000	0.000000
779.999031	promoter_A	0.000000	0.000000	0.000000
779.999031	promoter_B1	0.000000	0.000000	0.000000
779.999031	promoter_D	0.000000	0.000000	0.000000
784.999009	__gene_A*_rbs	561.000000	0.000000	0.000000
784.999009	__gene_A_rbs	572.000000	0.000000	0.000000
784.999009	__gene_B_rbs	566.000000	0.000000	0.000000
784.999009	__gene_C_rbs	555.000000	0.000000	0.000000
784.999009	__gene_D_rbs	550.000000	0.000000	0.000000
784.999009	__gene_E_rbs	546.000000	0.000000	0.000000
784.999009	__gene_F_rbs	381.000000	0.000000	0.000000
784.999009	__gene_G_rbs	284.000000	0.000000	0.000000
784.999009	__gene_H_rbs	192.000000	0.000000	0.000000
784.999009	__gene_J_rbs	540.000000	0.000000	0.000000
784.999009	__gene_K_rbs	557.000000	0.000000	0.000000
784.999009	__ribosome	0.000000	0.000000	0.000000
784.999009	bound_ecolipol	1874.000000	0.000000	0.000000
784.999009	bound_ribosome	100.000000	0.000000	0.000000
784.999009	ecoli_genome	126.000000	0.000000	0.000000
784.999009	ecoli_transcript	58693.000000	0.000000	0.000000
784.999009	ecolipol	42.000000	0.000000	0.000000
784.999009	gene_A	279.000000	572.000000	0.008741
784.999009	gene_A*	167.000000	561.000000	0.000000
784.999009	gene_B	215.000000	566.000000	0.000000
784.999009	gene_C	159.000000	555.000000	0.000000
784.999009	gene_D	153.000000	550.000000	0.000000
784.999009	gene_E	152.000000	546.000000	0.000000
784.999009	gene_F	106.000000	381.000000	0.000000
784.999009	gene_G	32.000000	284.000000	0.102113
784.999009	gene_H	0.000000	192.000000	0.135417
784.999009	gene_J	118.000000	539.000000	0.074212
784.999009	gene_K	146.000000	557.000000	0.000000
784.999009	promoter_A	0.000000	0.000000	0.000000
784.999009	promoter_B1	0.000000	0.000000	0.000000
784.999009	promoter_D	0.000000	0.000000	0.000000
789.999191	__gene_A*_rbs	564.000000	0.000000	0.000000
789.999191	__gene_A_rbs	576.000000	0.000000	0.000000
789.999191	__gene_B_rbs	570.000000	0.000000	0.000000
789.999191	__gene_C_rbs	559.000000	0.000000	0.000000
789.999191	__gene_D_rbs	554.000000	0.000000	0.000000
789.999191	__gene_E_rbs	549.000000	0.000000	0.000000
789.999191	__gene_F_rbs	383.000000	0.000000	0.000000
789.999191	__gene_G_rbs	285.000000	0.000000	0.000000
789.999191	__gene_H_rbs	193.000000	0.000000	0.000000
789.999191	__gene_J_rbs	543.000000	0.000000	0.000000
789.999191	__gene_K_rbs	560.000000	0.000000	0.000000
789.999191	__ribosome	0.000000	0.000000	0.000000
789.999191	bound_ecolipol	1883.000000	0.000000	0.000000
789.999191	bound_ribosome	100.000000	0.000000	0.000000
789.999191	ecoli_genome	117.000000	0.000000	0.000000
789.999191	ecoli_transcript	59056.000000	0.000000	0.000000
789.999191	ecolipol	34.000000	0.000000	0.000000
789.999191	gene_A	280.000000	576.000000	0.006944
789.999191	gene_A*	167.000000	564.000000	0.001773
789.999191	gene_B	215.000000	570.000000	0.000000
789.999191	gene_C	159.000000	559.000000	0.000000
789.999191	gene_D	153.000000	554.000000	0.000000
789.999191	gene_E	152.000000	549.000000	0.000000
789.999191	gene_F	106.000000	383.000000	0.000000
789.999191	gene_G	32.000000	285.000000	0.101754
789.999191	gene_H	0.000000	193.000000	0.134715
789.999191	gene_J	118.000000	542.000000	0.073801
789.999191	gene_K	146.000000	560.000000	0.000000
789.999191	promoter_A	0.000000	0.000000	0.000000
789.999191	promoter_B1	0.000000	0.000000	0.000000
789.999191	promoter_D	0.000000	0.000000	0.000000
794.999120	__gene_A*_rbs	568.000000	0.000000	0.000000
794.999120	__gene_A_rbs	580.000000	0.000000	0.000000
794.999120	__gene_B_rbs	573.000000	0.000000	0.000000
794.999120	__gene_C_rbs	563.000000	0.000000	0.000000
794.999120	__gene_D_rbs	558.000000	0.000000	0.000000
794.999120	__gene_E_rbs	553.000000	0.000000	0.000000
794.999120	__gene_F_rbs	384.000000	0.000000	0.000000
794.999120	__gene_G_rbs	286.000000	0.000000	0.000000
794.999120	__gene_H_rbs	193.000000	0.000000	0.000000
794.999120	__gene_J_rbs	547.000000	0.000000	0.000000
794.999120	__gene_K_rbs	565.000000	0.000000	0.000000
794.999120	__ribosome	0.000000	0.000000	0.000000
794.999120	bound_ecolipol	1876.000000	0.000000	0.000000
794.999120	bound_ribosome	100.000000	0.000000	0.000000
794.999120	ecoli_genome	124.000000	0.000000	0.000000
794.999120	ecoli_transcript	59459.000000	0.000000	0.000000
794.999120	ecolipol	42.000000	0.000000	0.000000
794.999120	gene_A	281.000000	580.000000	0.005172
794.999120	gene_A*	167.000000	568.000000	0.001761
794.999120	gene_B	215.000000	574.000000	0.000000
794.999120	gene_C	159.000000	563.000000	0.000000
794.999120	gene_D	153.000000	558.000000	0.000000
794.999120	gene_E	152.000000	553.000000	0.000000
794.999120	gene_F	106.000000	384.000000	0.000000
794.999120	gene_G	32.000000	286.000000	0.104895
794.999120	gene_H	0.000000	193.000000	0.134715
794.999120	gene_J	118.000000	546.000000	0.073260
794.999120	gene_K	146.000000	564.000000	0.000000
794.999120	promoter_A	0.000000	0.000000	0.000000
794.999120	promoter_B1	0.000000	0.000000	0.000000
794.999120	promoter_D	0.000000	0.000000	0.000000
799.999168	__gene_A*_rbs	572.000000	0.000000	0.000000
799.999168	__gene_A_rbs	584.000000	0.000000	0.000000
799.999168	__gene_B_rbs	577.000000	0.000000	0.000000
799.999168	__gene_C_rbs	567.000000	0.000000	0.000000
799.999168	__gene_D_rbs	562.000000	0.000000	0.000000
799.999168	__gene_E_rbs	557.000000	0.000000	0.000000
799.999168	__gene_F_rbs	386.000000	0.000000	0.000000
799.999168	__gene_G_rbs	287.000000	0.000000	0.000000
799.999168	__gene_H_rbs	193.000000	0.000000	0.000000
799.999168	__gene_J_rbs	550.000000	0.000000	0.000000
799.999168	__gene_K_rbs	569.000000	0.000000	0.000000
799.999168	__ribosome	0.000000	0.000000	0.000000
799.999168	bound_ecolipol	1875.000000	0.000000	0.000000
799.999168	bound_ribosome	100.000000	0.000000	0.000000
799.999168	ecoli_genome	125.000000	0.000000	0.000000
799.999168	ecoli_transcript	59824.000000	0.000000	0.000000
799.999168	ecolipol	43.000000	0.000000	0.000000
799.999168	gene_A	281.000000	584.000000	0.005137
799.999168	gene_A*	167.000000	572.000000	0.001748
799.999168	gene_B	215.000000	577.000000	0.000000
799.999168	gene_C	159.000000	567.000000	0.000000
799.999168	gene_D	153.000000	562.000000	0.000000
799.999168	gene_E	152.000000	557.000000	0.000000
799.999168	gene_F	106.000000	386.000000	0.000000
799.999168	gene_G	32.000000	287.000000	0.104530
799.999168	gene_H	0.000000	193.000000	0.134715
799.999168	gene_J	118.000000	549.000000	0.072860
799.999168	gene_K	146.000000	568.000000	0.000000
799.999168	promoter_A	0.000000	0.000000	0.000000
799.999168	promoter_B1	0.000000	0.000000	0.000000
799.999168	promoter_D	0.000000	0.000000	0.000000
804.999246	__gene_A*_rbs	576.000000	0.000000	0.000000
804.999246	__gene_A_rbs	587.000000	0.000000	0.000000
804.999246	__gene_B_rbs	581.000000	0.000000	0.000000
804.999246	__gene_C_rbs	571.000000	0.000000	0.000000
804.999246	__gene_D_rbs	565.000000	0.000000	0.000000
804.999246	__gene_E_rbs	561.000000	0.000000	0.000000
804.999246	__gene_F_rbs	388.000000	0.000000	0.000000
804.999246	__gene_G_rbs	290.000000	0.000000	0.000000
804.999246	__gene_H_rbs	193.000000	0.000000	0.000000
804.999246	__gene_J_rbs	554.000000	0.000000	0.000000
804.999246	__gene_K_rbs	573.000000	0.000000	0.000000
804.999246	__ribosome	0.000000	0.000000	0.000000
804.999246	bound_ecolipol	1874.000000	0.000000	0.000000
804.999246	bound_ribosome	100.000000	0.000000	0.000000
804.999246	ecoli_genome	126.000000	0.000000	0.000000
804.999246	ecoli_transcript	60187.000000	0.000000	0.000000
804.999246	ecolipol	42.000000	0.000000	0.000000
804.999246	gene_A	281.000000	587.000000	0.005111
804.999246	gene_A*	167.000000	576.000000	0.001736
804.999246	gene_B	215.000000	581.000000	0.000000
804.999246	gene_C	159.000000	571.000000	0.000000
804.999246	gene_D	153.000000	565.000000	0.000000
804.999246	gene_E	152.000000	561.000000	0.000000
804.999246	gene_F	106.000000	388.000000	0.002577
804.999246	gene_G	33.000000	290.000000	0.100000
804.999246	gene_H	0.000000	193.000000	0.134715
804.999246	gene_J	118.000000	553.000000	0.072333
804.999246	gene_K	146.000000	572.000000	0.000000
804.999246	promoter_A	0.000000	0.000000	0.000000
804.999246	promoter_B1	0.000000	0.000000	0.000000
804.999246	promoter_D	0.000000	0.000000	0.000000
809.999066	__gene_A*_rbs	579.000000	0.000000	0.000000
809.999066	__gene_A_rbs	591.000000	0.000000	0.000000
809.999066	__gene_B_rbs	584.000000	0.000000	0.000000
809.999066	__gene_C_rbs	575.000000	0.000000	0.000000
809.999066	__gene_D_rbs	569.000000	0.000000	0.000000
809.999066	__gene_E_rbs	564.000000	0.000000	0.000000
809.999066	__gene_F_rbs	391.000000	0.000000	0.000000
809.999066	__gene_G_rbs	293.000000	0.000000	0.000000
809.999066	__gene_H_rbs	194.000000	0.000000	0.000000
809.999066	__gene_J_rbs	558.000000	0.000000	0.000000
809.999066	__gene_K_rbs	577.000000	0.000000	0.000000
809.999066	__ribosome	0.000000	0.000000	0.000000
809.999066	bound_ecolipol	1872.000000	0.000000	0.000000
809.999066	bound_ribosome	100.000000	0.000000	0.000000
809.999066	ecoli_genome	128.000000	0.000000	0.000000
809.999066	ecoli_transcript	60571.000000	0.000000	0.000000
809.999066	ecolipol	44.000000	0.000000	0.000000
809.999066	gene_A	281.000000	591.000000	0.005076
809.999066	gene_A*	167.000000	579.000000	0.001727
809.999066	gene_B	215.000000	585.000000	0.000000
809.999066	gene_C	159.000000	575.000000	0.000000
809.999066	gene_D	153.000000	569.000000	0.000000
809.999066	gene_E	152.000000	564.000000	0.000000
809.999066	gene_F	106.000000	391.000000	0.002558
809.999066	gene_G	33.000000	293.000000	0.098976
809.999066	gene_H	0.000000	194.000000	0.134021
809.999066	gene_J	118.000000	557.000000	0.071813
809.999066	gene_K	146.000000	576.000000	0.000000
809.999066	promoter_A	0.000000	0.000000	0.000000
809.999066	promoter_B1	0.000000	0.000000	0.000000
809.999066	promoter_D	0.000000	0.000000	0.000000
814.999345	__gene_A*_rbs	583.000000	0.000000	0.000000
814.999345	__gene_A_rbs	595.000000	0.000000	0.000000
814.999345	__gene_B_rbs	589.000000	0.000000	0.000000
814.999345	__gene_C_rbs	578.000000	0.000000	0.000000
814.999345	__gene_D_rbs	573.000000	0.000000	0.000000
814.999345	__gene_E_rbs	568.000000	0.000000	0.000000
814.999345	__gene_F_rbs	394.000000	0.000000	0.000000
814.999345	__gene_G_rbs	294.000000	0.000000	0.000000
814.999345	__gene_H_rbs	194.000000	0.000000	0.000000
814.999345	__gene_J_rbs	561.000000	0.000000	0.000000
814.999345	__gene_K_rbs	580.000000	0.000000	0.000000
814.999345	__ribosome	0.000000	0.000000	0.000000
814.999345	bound_ecolipol	1875.000000	0.000000	0.000000
814.999345	bound_ribosome	100.000000	0.000000	0.000000
814.999345	ecoli_genome	125.000000	0.000000	0.000000
814.999345	ecoli_transcript	60933.000000	0.000000	0.000000
814.999345	ecolipol	42.000000	0.000000	0.000000
814.999345	gene_A	283.000000	595.000000	0.003361
814.999345	gene_A*	167.000000	583.000000	0.001715
814.999345	gene_B	215.000000	589.000000	0.000000
814.999345	gene_C	159.000000	578.000000	0.001730
814.999345	gene_D	153.000000	573.000000	0.000000
814.999345	gene_E	152.000000	568.000000	0.000000
814.999345	gene_F	106.000000	394.000000	0.002538
814.999345	gene_G	34.000000	294.000000	0.098639
814.999345	gene_H	0.000000	194.000000	0.134021
814.999345	gene_J	118.000000	560.000000	0.071429
814.999345	gene_K	146.000000	579.000000	0.000000
814.999345	promoter_A	0.000000	0.000000	0.000000
814.999345	promoter_B1	0.000000	0.000000	0.000000
814.999345	promoter_D	0.000000	0.000000	0.000000
819.999440	__gene_A*_rbs	586.000000	0.000000	0.000000
819.999440	__gene_A_rbs	598.000000	0.000000	0.000000
819.999440	__gene_B_rbs	592.000000	0.000000	0.000000
819.999440	__gene_C_rbs	582.000000	0.000000	0.000000
819.999440	__gene_D_rbs	576.000000	0.000000	0.000000
819.999440	__gene_E_rbs	571.000000	0.000000	0.000000
819.999440	__gene_F_rbs	395.000000	0.000000	0.000000
819.999440	__gene_G_rbs	296.000000	0.000000	0.000000
819.999440	__gene_H_rbs	195.000000	0.000000	0.000000
819.999440	__gene_J_rbs	564.000000	0.000000	0.000000
819.999440	__gene_K_rbs	584.000000	0.000000	0.000000
819.999440	__ribosome	0.000000	0.000000	0.000000
819.999440	bound_ecolipol	1873.000000	0.000000	0.000000
819.999440	bound_ribosome	100.000000	0.000000	0.000000
819.999440	ecoli_genome	127.000000	0.000000	0.000000
819.999440	ecoli_transcript	61288.000000	0.000000	0.000000
819.999440	ecolipol	46.000000	0.000000	0.000000
819.999440	gene_A	283.000000	598.000000	0.003344
819.999440	gene_A*	167.000000	586.000000	0.001706
819.999440	gene_B	215.000000	592.000000	0.000000
819.999440	gene_C	159.000000	582.000000	0.001718
819.999440	gene_D	153.000000	576.000000	0.000000
819.999440	gene_E	152.000000	571.000000	0.000000
819.999440	gene_F	106.000000	395.000000	0.002532
819.999440	gene_G	34.000000	296.000000	0.097973
819.999440	gene_H	0.000000	195.000000	0.133333
819.999440	gene_J	118.000000	563.000000	0.071048
819.999440	gene_K	146.000000	583.000000	0.000000
819.999440	promoter_A	0.000000	0.000000	0.000000
819.999440	promoter_B1	0.000000	0.000000	0.000000
819.999440	promoter_D	0.000000	0.000000	0.000000
824.999797	__gene_A*_rbs	590.000000	0.000000	0.000000
824.999797	__gene_A_rbs	602.000000	0.000000	0.000000
824.999797	__gene_B_rbs	595.000000	0.000000	0.000000
824.999797	__gene_C_rbs	584.000000	0.000000	0.000000
824.999797	__gene_D_rbs	579.000000	0.000000	0.000000
824.999797	__gene_E_rbs	575.000000	0.000000	0.000000
824.999797	__gene_F_rbs	397.000000	0.000000	0.000000
824.999797	__gene_G_rbs	298.000000	0.000000	0.000000
824.999797	__gene_H_rbs	195.000000	0.000000	0.000000
824.999797	__gene_J_rbs	568.000000	0.000000	0.000000
824.999797	__gene_K_rbs	587.000000	0.000000	0.000000
824.999797	__ribosome	0.000000	0.000000	0.000000
824.999797	bound_ecolipol	1873.000000	0.000000	0.000000
824.999797	bound_ribosome	100.000000	0.000000	0.000000
824.999797	ecoli_genome	127.000000	0.000000	0.000000
824.999797	ecoli_transcript	61643.000000	0.000000	0.000000
824.999797	ecolipol	44.000000	0.000000	0.000000
824.999797	gene_A	283.000000	602.000000	0.003322
824.999797	gene_A*	168.000000	590.000000	0.001695
824.999797	gene_B	215.000000	595.000000	0.000000
824.999797	gene_C	160.000000	585.000000	0.000000
824.999797	gene_D	153.000000	579.000000	0.000000
824.999797	gene_E	152.000000	575.000000	0.000000
824.999797	gene_F	106.000000	397.000000	0.002519
824.999797	gene_G	34.000000	298.000000	0.097315
824.999797	gene_H	0.000000	195.000000	0.133333
824.999797	gene_J	118.000000	567.000000	0.070547
824.999797	gene_K	146.000000	586.000000	0.001706
824.999797	promoter_A	0.000000	0.000000	0.000000
824.999797	promoter_B1	0.000000	0.000000	0.000000
824.999797	promoter_D	0.000000	0.000000	0.000000
829.999096	__gene_A*_rbs	594.000000	0.000000	0.000000
829.999096	__gene_A_rbs	606.000000	0.000000	0.000000
829.999096	__gene_B_rbs	600.000000	0.000000	0.000000
829.999096	__gene_C_rbs	589.000000	0.000000	0.000000
829.999096	__gene_D_rbs	583.000000	0.000000	0.000000
829.999096	__gene_E_rbs	579.000000	0.000000	0.000000
829.999096	__gene_F_rbs	400.000000	0.000000	0.000000
829.999096	__gene_G_rbs	298.000000	0.000000	0.000000
829.999096	__gene_H_rbs	195.000000	0.000000	0.000000
829.999096	__gene_J_rbs	572.000000	0.000000	0.000000
829.999096	__gene_K_rbs	591.000000	0.000000	0.000000
829.999096	__ribosome	0.000000	0.000000	0.000000
829.999096	bound_ecolipol	1882.000000	0.000000	0.000000
829.999096	bound_ribosome	100.000000	0.000000	0.000000
829.999096	ecoli_genome	118.000000	0.000000	0.000000
829.999096	ecoli_transcript	62015.000000	0.000000	0.000000
829.999096	ecolipol	38.000000	0.000000	0.000000
829.999096	gene_A	284.000000	606.000000	0.001650
829.999096	gene_A*	168.000000	594.000000	0.003367
829.999096	gene_B	215.000000	600.000000	0.000000
829.999096	gene_C	160.000000	589.000000	0.000000
829.999096	gene_D	153.000000	583.000000	0.000000
829.999096	gene_E	152.000000	579.000000	0.001727
829.999096	gene_F	106.000000	400.000000	0.002500
829.999096	gene_G	34.000000	298.000000	0.097315
829.999096	gene_H	0.000000	195.000000	0.133333
829.999096	gene_J	118.000000	571.000000	0.070053
829.999096	gene_K	147.000000	590.000000	0.000000
829.999096	promoter_A	0.000000	0.000000	0.000000
829.999096	promoter_B1	0.000000	0.000000	0.000000
829.999096	promoter_D	0.000000	0.000000	0.000000
834.999065	__gene_A*_rbs	598.000000	0.000000	0.000000
834.999065	__gene_A_rbs	609.000000	0.000000	0.000000
834.999065	__gene_B_rbs	603.000000	0.000000	0.000000
834.999065	__gene_C_rbs	592.000000	0.000000	0.000000
834.999065	__gene_D_rbs	587.000000	0.000000	0.000000
834.999065	__gene_E_rbs	583.000000	0.000000	0.000000
834.999065	__gene_F_rbs	401.000000	0.000000	0.000000
834.999065	__gene_G_rbs	299.000000	0.000000	0.000000
834.999065	__gene_H_rbs	195.000000	0.000000	0.000000
834.999065	__gene_J_rbs	576.000000	0.000000	0.000000
834.999065	__gene_K_rbs	595.000000	0.000000	0.000000
834.999065	__ribosome	0.000000	0.000000	0.000000
834.999065	bound_ecolipol	1883.000000	0.000000	0.000000
834.999065	bound_ribosome	100.000000	0.000000	0.000000
834.999065	ecoli_genome	117.000000	0.000000	0.000000
834.999065	ecoli_transcript	62381.000000	0.000000	0.000000
834.999065	ecolipol	38.000000	0.000000	0.000000
834.999065	gene_A	284.000000	609.000000	0.001642
834.999065	gene_A*	168.000000	598.000000	0.003344
834.999065	gene_B	215.000000	603.000000	0.000000
834.999065	gene_C	160.000000	592.000000	0.000000
834.999065	gene_D	153.000000	587.000000	0.000000
834.999065	gene_E	152.000000	583.000000	0.001715
834.999065	gene_F	106.000000	401.000000	0.002494
834.999065	gene_G	34.000000	299.000000	0.096990
834.999065	gene_H	0.000000	195.000000	0.133333
834.999065	gene_J	118.000000	575.000000	0.069565
834.999065	gene_K	147.000000	594.000000	0.000000
834.999065	promoter_A	0.000000	0.000000	0.000000
834.999065	promoter_B1	0.000000	0.000000	0.000000
834.999065	promoter_D	0.000000	0.000000	0.000000
839.999170	__gene_A*_rbs	601.000000	0.000000	0.000000
839.999170	__gene_A_rbs	613.000000	0.000000	0.000000
839.999170	__gene_B_rbs	607.000000	0.000000	0.000000
839.999170	__gene_C_rbs	596.000000	0.000000	0.000000
839.999170	__gene_D_rbs	591.000000	0.000000	0.000000
839.999170	__gene_E_rbs	587.000000	0.000000	0.000000
839.999170	__gene_F_rbs	402.000000	0.000000	0.000000
839.999170	__gene_G_rbs	300.000000	0.000000	0.000000
839.999170	__gene_H_rbs	197.000000	0.000000	0.000000
839.999170	__gene_J_rbs	580.000000	0.000000	0.000000
839.999170	__gene_K_rbs	598.000000	0.000000	0.000000
839.999170	__ribosome	0.000000	0.000000	0.000000
839.999170	bound_ecolipol	1877.000000	0.000000	0.000000
839.999170	bound_ribosome	100.000000	0.000000	0.000000
839.999170	ecoli_genome	123.000000	0.000000	0.000000
839.999170	ecoli_transcript	62722.000000	0.000000	0.000000
839.999170	ecolipol	44.000000	0.000000	0.000000
839.999170	gene_A	284.000000	613.000000	0.001631
839.999170	gene_A*	168.000000	601.000000	0.003328
839.999170	gene_B	215.000000	607.000000	0.000000
839.999170	gene_C	160.000000	596.000000	0.000000
839.999170	gene_D	153.000000	591.000000	0.000000
839.999170	gene_E	153.000000	587.000000	0.000000
839.999170	gene_F	106.000000	402.000000	0.002488
839.999170	gene_G	34.000000	300.000000	0.096667
839.999170	gene_H	0.000000	197.000000	0.131980
839.999170	gene_J	118.000000	579.000000	0.070812
839.999170	gene_K	147.000000	597.000000	0.000000
839.999170	promoter_A	0.000000	0.000000	0.000000
839.999170	promoter_B1	0.000000	0.000000	0.000000
839.999170	promoter_D	0.000000	0.000000	0.000000
844.999111	__gene_A*_rbs	605.000000	0.000000	0.000000
844.999111	__gene_A_rbs	616.000000	0.000000	0.000000
844.999111	__gene_B_rbs	611.000000	0.000000	0.000000
844.999111	__gene_C_rbs	600.000000	0.000000	0.000000
844.999111	__gene_D_rbs	594.000000	0.000000	0.000000
844.999111	__gene_E_rbs	590.000000	0.000000	0.000000
844.999111	__gene_F_rbs	405.000000	0.000000	0.000000
844.999111	__gene_G_rbs	302.000000	0.000000	0.000000
844.999111	__gene_H_rbs	197.000000	0.000000	0.000000
844.999111	__gene_J_rbs	584.000000	0.000000	0.000000
844.999111	__gene_K_rbs	602.000000	0.000000	0.000000
844.999111	__ribosome	0.000000	0.000000	0.000000
844.999111	bound_ecolipol	1878.000000	0.000000	0.000000
844.999111	bound_ribosome	100.000000	0.000000	0.000000
844.999111	ecoli_genome	122.000000	0.000000	0.000000
844.999111	ecoli_transcript	63090.000000	0.000000	0.000000
844.999111	ecolipol	41.000000	0.000000	0.000000
844.999111	gene_A	284.000000	616.000000	0.001623
844.999111	gene_A*	168.000000	605.000000	0.003306
844.999111	gene_B	215.000000	611.000000	0.000000
844.999111	gene_C	160.000000	600.000000	0.000000
844.999111	gene_D	153.000000	594.000000	0.003367
844.999111	gene_E	153.000000	590.000000	0.000000
844.999111	gene_F	107.000000	405.000000	0.000000
844.999111	gene_G	34.000000	302.000000	0.096026
844.999111	gene_H	0.000000	197.000000	0.131980
844.999111	gene_J	119.000000	583.000000	0.068611
844.999111	gene_K	147.000000	601.000000	0.000000
844.999111	promoter_A	0.000000	0.000000	0.000000
844.999111	promoter_B1	0.000000	0.000000	0.000000
844.999111	promoter_D	0.000000	0.000000	0.000000
849.999093	__gene_A*_rbs	608.000000	0.000000	0.000000
849.999093	__gene_A_rbs	620.000000	0.000000	0.000000
849.999093	__gene_B_rbs	615.000000	0.000000	0.000000
849.999093	__gene_C_rbs	603.000000	0.000000	0.000000
849.999093	__gene_D_rbs	598.000000	0.000000	0.000000
849.999093	__gene_E_rbs	593.000000	0.000000	0.000000
849.999093	__gene_F_rbs	407.000000	0.000000	0.000000
849.999093	__gene_G_rbs	305.000000	0.000000	0.000000
849.999093	__gene_H_rbs	198.000000	0.000000	0.000000
849.999093	__gene_J_rbs	587.000000	0.000000	0.000000
849.999093	__gene_K_rbs	605.000000	0.000000	0.000000
849.999093	__ribosome	0.000000	0.000000	0.000000
849.999093	bound_ecolipol	1878.000000	0.000000	0.000000
849.999093	bound_ribosome	100.000000	0.000000	0.000000
849.999093	ecoli_genome	122.000000	0.000000	0.000000
849.999093	ecoli_transcript	63464.000000	0.000000	0.000000
849.999093	ecolipol	39.000000	0.000000	0.000000
849.999093	gene_A	284.000000	620.000000	0.001613
849.999093	gene_A*	168.000000	608.000000	0.003289
849.999093	gene_B	215.000000	615.000000	0.000000
849.999093	gene_C	160.000000	603.000000	0.000000
849.999093	gene_D	153.000000	598.000000	0.003344
849.999093	gene_E	153.000000	594.000000	0.000000
849.999093	gene_F	107.000000	407.000000	0.000000
849.999093	gene_G	34.000000	305.000000	0.095082
849.999093	gene_H	0.000000	198.000000	0.131313
849.999093	gene_J	119.000000	586.000000	0.068259
849.999093	gene_K	147.000000	604.000000	0.000000
849.999093	promoter_A	0.000000	0.000000	0.000000
849.999093	promoter_B1	0.000000	0.000000	0.000000
849.999093	promoter_D	0.000000	0.000000	0.000000
854.999076	__gene_A*_rbs	612.000000	0.000000	0.000000
854.999076	__gene_A_rbs	623.000000	0.000000	0.000000
854.999076	__gene_B_rbs	618.000000	0.000000	0.000000
854.999076	__gene_C_rbs	607.000000	0.000000	0.000000
854.999076	__gene_D_rbs	602.000000	0.000000	0.000000
854.999076	__gene_E_rbs	597.000000	0.000000	0.000000
854.999076	__gene_F_rbs	411.000000	0.000000	0.000000
854.999076	__gene_G_rbs	306.000000	0.000000	0.000000
854.999076	__gene_H_rbs	198.000000	0.000000	0.000000
854.999076	__gene_J_rbs	591.000000	0.000000	0.000000
854.999076	__gene_K_rbs	609.000000	0.000000	0.000000
854.999076	__ribosome	0.000000	0.000000	0.000000
854.999076	bound_ecolipol	1880.000000	0.000000	0.000000
854.999076	bound_ribosome	100.000000	0.000000	0.000000
854.999076	ecoli_genome	120.000000	0.000000	0.000000
854.999076	ecoli_transcript	63794.000000	0.000000	0.000000
854.999076	ecolipol	37.000000	0.000000	0.000000
854.999076	gene_A	284.000000	623.000000	0.001605
854.999076	gene_A*	168.000000	612.000000	0.003268
854.999076	gene_B	215.000000	618.000000	0.000000
854.999076	gene_C	160.000000	607.000000	0.000000
854.999076	gene_D	153.000000	602.000000	0.003322
854.999076	gene_E	153.000000	597.000000	0.000000
854.999076	gene_F	107.000000	411.000000	0.000000
854.999076	gene_G	34.000000	306.000000	0.094771
854.999076	gene_H	0.000000	198.000000	0.131313
854.999076	gene_J	119.000000	590.000000	0.067797
854.999076	gene_K	147.000000	608.000000	0.000000
854.999076	promoter_A	0.000000	0.000000	0.000000
854.999076	promoter_B1	0.000000	0.000000	0.000000
854.999076	promoter_D	0.000000	0.000000	0.000000
859.999150	__gene_A*_rbs	616.000000	0.000000	0.000000
859.999150	__gene_A_rbs	627.000000	0.000000	0.000000
859.999150	__gene_B_rbs	622.000000	0.000000	0.000000
859.999150	__gene_C_rbs	611.000000	0.000000	0.000000
859.999150	__gene_D_rbs	605.000000	0.000000	0.000000
859.999150	__gene_E_rbs	601.000000	0.000000	0.000000
859.999150	__gene_F_rbs	414.000000	0.000000	0.000000
859.999150	__gene_G_rbs	307.000000	0.000000	0.000000
859.999150	__gene_H_rbs	199.000000	0.000000	0.000000
859.999150	__gene_J_rbs	594.000000	0.000000	0.000000
859.999150	__gene_K_rbs	613.000000	0.000000	0.000000
859.999150	__ribosome	0.000000	0.000000	0.000000
859.999150	bound_ecolipol	1867.000000	0.000000	0.000000
859.999150	bound_ribosome	100.000000	0.000000	0.000000
859.999150	ecoli_genome	133.000000	0.000000	0.000000
859.999150	ecoli_transcript	64208.000000	0.000000	0.000000
859.999150	ecolipol	47.000000	0.000000	0.000000
859.999150	gene_A	284.000000	627.000000	0.001595
859.999150	gene_A*	169.000000	616.000000	0.001623
859.999150	gene_B	215.000000	622.000000	0.001608
859.999150	gene_C	160.000000	611.000000	0.001637
859.999150	gene_D	154.000000	605.000000	0.001653
859.999150	gene_E	153.000000	601.000000	0.000000
859.999150	gene_F	107.000000	414.000000	0.000000
859.999150	gene_G	34.000000	307.000000	0.094463
859.999150	gene_H	0.000000	199.000000	0.130653
859.999150	gene_J	119.000000	594.000000	0.067340
859.999150	gene_K	147.000000	612.000000	0.000000
859.999150	promoter_A	0.000000	0.000000	0.000000
859.999150	promoter_B1	0.000000	0.000000	0.000000
859.999150	promoter_D	0.000000	0.000000	0.000000
864.999137	__gene_A*_rbs	619.000000	0.000000	0.000000
864.999137	__gene_A_rbs	631.000000	0.000000	0.000000
864.999137	__gene_B_rbs	625.000000	0.000000	0.000000
864.999137	__gene_C_rbs	615.000000	0.000000	0.000000
864.999137	__gene_D_rbs	609.000000	0.000000	0.000000
864.999137	__gene_E_rbs	605.000000	0.000000	0.000000
864.999137	__gene_F_rbs	418.000000	0.000000	0.000000
864.999137	__gene_G_rbs	308.000000	0.000000	0.000000
864.999137	__gene_H_rbs	200.000000	0.000000	0.000000
864.999137	__gene_J_rbs	599.000000	0.000000	0.000000
864.999137	__gene_K_rbs	616.000000	0.000000	0.000000
864.999137	__ribosome	0.000000	0.000000	0.000000
864.999137	bound_ecolipol	1884.000000	0.000000	0.000000
864.999137	bound_ribosome	100.000000	0.000000	0.000000
864.999137	ecoli_genome	116.000000	0.000000	0.000000
864.999137	ecoli_transcript	64559.000000	0.000000	0.000000
864.999137	ecolipol	29.000000	0.000000	0.000000
864.999137	gene_A	285.000000	631.000000	0.000000
864.999137	gene_A*	170.000000	619.000000	0.000000
864.999137	gene_B	215.000000	625.000000	0.003200
864.999137	gene_C	160.000000	615.000000	0.003252
864.999137	gene_D	155.000000	609.000000	0.000000
864.999137	gene_E	153.000000	605.000000	0.000000
864.999137	gene_F	107.000000	418.000000	0.000000
864.999137	gene_G	34.000000	308.000000	0.094156
864.999137	gene_H	0.000000	200.000000	0.130000
864.999137	gene_J	119.000000	598.000000	0.066890
864.999137	gene_K	147.000000	615.000000	0.001626
864.999137	promoter_A	0.000000	0.000000	0.000000
864.999137	promoter_B1	0.000000	0.000000	0.000000
864.999137	promoter_D	0.000000	0.000000	0.000000
869.999072	__gene_A*_rbs	623.000000	0.000000	0.000000
869.999072	__gene_A_rbs	635.000000	0.000000	0.000000
869.999072	__gene_B_rbs	629.000000	0.000000	0.000000
869.999072	__gene_C_rbs	618.000000	0.000000	0.000000
869.999072	__gene_D_rbs	613.000000	0.000000	0.000000
869.999072	__gene_E_rbs	608.000000	0.000000	0.000000
869.999072	__gene_F_rbs	421.000000	0.000000	0.000000
869.999072	__gene_G_rbs	310.000000	0.000000	0.000000
869.999072	__gene_H_rbs	202.000000	0.000000	0.000000
869.999072	__gene_J_rbs	603.000000	0.000000	0.000000
869.999072	__gene_K_rbs	619.000000	0.000000	0.000000
869.999072	__ribosome	0.000000	0.000000	0.000000
869.999072	bound_ecolipol	1871.000000	0.000000	0.000000
869.999072	bound_ribosome	100.000000	0.000000	0.000000
869.999072	ecoli_genome	129.000000	0.000000	0.000000
869.999072	ecoli_transcript	64906.000000	0.000000	0.000000
869.999072	ecolipol	40.000000	0.000000	0.000000
869.999072	gene_A	285.000000	635.000000	0.000000
869.999072	gene_A*	170.000000	623.000000	0.000000
869.999072	gene_B	215.000000	629.000000	0.003180
869.999072	gene_C	162.000000	618.000000	0.001618
869.999072	gene_D	155.000000	613.000000	0.000000
869.999072	gene_E	153.000000	608.000000	0.000000
869.999072	gene_F	107.000000	421.000000	0.000000
869.999072	gene_G	34.000000	310.000000	0.096774
869.999072	gene_H	0.000000	202.000000	0.128713
869.999072	gene_J	119.000000	602.000000	0.066445
869.999072	gene_K	148.000000	619.000000	0.001616
869.999072	promoter_A	0.000000	0.000000	0.000000
869.999072	promoter_B1	0.000000	0.000000	0.000000
869.999072	promoter_D	0.000000	0.000000	0.000000
874.999667	__gene_A*_rbs	626.000000	0.000000	0.000000
874.999667	__gene_A_rbs	638.000000	0.000000	0.000000
874.999667	__gene_B_rbs	633.000000	0.000000	0.000000
874.999667	__gene_C_rbs	622.000000	0.000000	0.000000
874.999667	__gene_D_rbs	616.000000	0.000000	0.000000
874.999667	__gene_E_rbs	613.000000	0.000000	0.000000
874.999667	__gene_F_rbs	425.000000	0.000000	0.000000
874.999667	__gene_G_rbs	311.000000	0.000000	0.000000
874.999667	__gene_H_rbs	203.000000	0.000000	0.000000
874.999667	__gene_J_rbs	606.000000	0.000000	0.000000
874.999667	__gene_K_rbs	623.000000	0.000000	0.000000
874.999667	__ribosome	0.000000	0.000000	0.000000
874.999667	bound_ecolipol	1870.000000	0.000000	0.000000
874.999667	bound_ribosome	100.000000	0.000000	0.000000
874.999667	ecoli_genome	130.000000	0.000000	0.000000
874.999667	ecoli_transcript	65248.000000	0.000000	0.000000
874.999667	ecolipol	39.000000	0.000000	0.000000
874.999667	gene_A	285.000000	638.000000	0.000000
874.999667	gene_A*	170.000000	626.000000	0.001597
874.999667	gene_B	217.000000	633.000000	0.000000
874.999667	gene_C	162.000000	622.000000	0.003215
874.999667	gene_D	155.000000	616.000000	0.000000
874.999667	gene_E	153.000000	613.000000	0.001631
874.999667	gene_F	107.000000	425.000000	0.000000
874.999667	gene_G	34.000000	311.000000	0.096463
874.999667	gene_H	0.000000	203.000000	0.128079
874.999667	gene_J	119.000000	605.000000	0.066116
874.999667	gene_K	149.000000	622.000000	0.000000
874.999667	promoter_A	0.000000	0.000000	0.000000
874.999667	promoter_B1	0.000000	0.000000	0.000000
874.999667	promoter_D	0.000000	0.000000	0.000000
879.999342	__gene_A*_rbs	630.000000	0.000000	0.000000
879.999342	__gene_A_rbs	642.000000	0.000000	0.000000
879.999342	__gene_B_rbs	636.000000	0.000000	0.000000
879.999342	__gene_C_rbs	625.000000	0.000000	0.000000
879.999342	__gene_D_rbs	620.000000	0.000000	0.000000
879.999342	__gene_E_rbs	616.000000	0.000000	0.000000
879.999342	__gene_F_rbs	428.000000	0.000000	0.000000
879.999342	__gene_G_rbs	313.000000	0.000000	0.000000
879.999342	__gene_H_rbs	204.000000	0.000000	0.000000
879.999342	__gene_J_rbs	609.000000	0.000000	0.000000
879.999342	__gene_K_rbs	627.000000	0.000000	0.000000
879.999342	__ribosome	0.000000	0.000000	0.000000
879.999342	bound_ecolipol	1870.000000	0.000000	0.000000
879.999342	bound_ribosome	100.000000	0.000000	0.000000
879.999342	ecoli_genome	130.000000	0.000000	0.000000
879.999342	ecoli_transcript	65582.000000	0.000000	0.000000
879.999342	ecolipol	36.000000	0.000000	0.000000
879.999342	gene_A	285.000000	642.000000	0.001558
879.999342	gene_A*	170.000000	630.000000	0.001587
879.999342	gene_B	217.000000	636.000000	0.000000
879.999342	gene_C	164.000000	625.000000	0.001600
879.999342	gene_D	155.000000	620.000000	0.000000
879.999342	gene_E	153.000000	616.000000	0.001623
879.999342	gene_F	107.000000	428.000000	0.000000
879.999342	gene_G	34.000000	313.000000	0.095847
879.999342	gene_H	0.000000	204.000000	0.127451
879.999342	gene_J	119.000000	608.000000	0.065789
879.999342	gene_K	149.000000	626.000000	0.000000
879.999342	promoter_A	0.000000	0.000000	0.000000
879.999342	promoter_B1	0.000000	0.000000	0.000000
879.999342	promoter_D	0.000000	0.000000	0.000000
884.999374	__gene_A*_rbs	634.000000	0.000000	0.000000
884.999374	__gene_A_rbs	646.000000	0.000000	0.000000
884.999374	__gene_B_rbs	640.000000	0.000000	0.000000
884.999374	__gene_C_rbs	629.000000	0.000000	0.000000
884.999374	__gene_D_rbs	624.000000	0.000000	0.000000
884.999374	__gene_E_rbs	620.000000	0.000000	0.000000
884.999374	__gene_F_rbs	430.000000	0.000000	0.000000
884.999374	__gene_G_rbs	314.000000	0.000000	0.000000
884.999374	__gene_H_rbs	206.000000	0.000000	0.000000
884.999374	__gene_J_rbs	613.000000	0.000000	0.000000
884.999374	__gene_K_rbs	631.000000	0.000000	0.000000
884.999374	__ribosome	0.000000	0.000000	0.000000
884.999374	bound_ecolipol	1875.000000	0.000000	0.000000
884.999374	bound_ribosome	100.000000	0.000000	0.000000
884.999374	ecoli_genome	125.000000	0.000000	0.000000
884.999374	ecoli_transcript	65950.000000	0.000000	0.000000
884.999374	ecolipol	33.000000	0.000000	0.000000
884.999374	gene_A	285.000000	646.000000	0.001548
884.999374	gene_A*	170.000000	634.000000	0.001577
884.999374	gene_B	217.000000	640.000000	0.000000
884.999374	gene_C	165.000000	629.000000	0.000000
884.999374	gene_D	155.000000	624.000000	0.000000
884.999374	gene_E	154.000000	620.000000	0.001613
884.999374	gene_F	107.000000	430.000000	0.002326
884.999374	gene_G	34.000000	314.000000	0.095541
884.999374	gene_H	0.000000	206.000000	0.126214
884.999374	gene_J	119.000000	612.000000	0.065359
884.999374	gene_K	149.000000	630.000000	0.000000
884.999374	promoter_A	0.000000	0.000000	0.000000
884.999374	promoter_B1	0.000000	0.000000	0.000000
884.999374	promoter_D	0.000000	0.000000	0.000000
889.999176	__gene_A*_rbs	638.000000	0.000000	0.000000
889.999176	__gene_A_rbs	649.000000	0.000000	0.000000
889.999176	__gene_B_rbs	644.000000	0.000000	0.000000
889.999176	__gene_C_rbs	632.000000	0.000000	0.000000
889.999176	__gene_D_rbs	627.000000	0.000000	0.000000
889.999176	__gene_E_rbs	623.000000	0.000000	0.000000
889.999176	__gene_F_rbs	431.000000	0.000000	0.000000
889.999176	__gene_G_rbs	317.000000	0.000000	0.000000
889.999176	__gene_H_rbs	206.000000	0.000000	0.000000
889.999176	__gene_J_rbs	617.000000	0.000000	0.000000
889.999176	__gene_K_rbs	635.000000	0.000000	0.000000
889.999176	__ribosome	0.000000	0.000000	0.000000
889.999176	bound_ecolipol	1867.000000	0.000000	0.000000
889.999176	bound_ribosome	100.000000	0.000000	0.000000
889.999176	ecoli_genome	133.000000	0.000000	0.000000
889.999176	ecoli_transcript	66302.000000	0.000000	0.000000
889.999176	ecolipol	42.000000	0.000000	0.000000
889.999176	gene_A	285.000000	649.000000	0.001541
889.999176	gene_A*	170.000000	638.000000	0.001567
889.999176	gene_B	217.000000	644.000000	0.000000
889.999176	gene_C	165.000000	632.000000	0.000000
889.999176	gene_D	155.000000	627.000000	0.000000
889.999176	gene_E	155.000000	623.000000	0.000000
889.999176	gene_F	107.000000	432.000000	0.004630
889.999176	gene_G	34.000000	317.000000	0.094637
889.999176	gene_H	0.000000	206.000000	0.126214
889.999176	gene_J	119.000000	616.000000	0.064935
889.999176	gene_K	149.000000	634.000000	0.000000
889.999176	promoter_A	0.000000	0.000000	0.000000
889.999176	promoter_B1	0.000000	0.000000	0.000000
889.999176	promoter_D	0.000000	0.000000	0.000000
894.999087	__gene_A*_rbs	641.000000	0.000000	0.000000
894.999087	__gene_A_rbs	653.000000	0.000000	0.000000
894.999087	__gene_B_rbs	647.000000	0.000000	0.000000
894.999087	__gene_C_rbs	636.000000	0.000000	0.000000
894.999087	__gene_D_rbs	631.000000	0.000000	0.000000
894.999087	__gene_E_rbs	627.000000	0.000000	0.000000
894.999087	__gene_F_rbs	434.000000	0.000000	0.000000
894.999087	__gene_G_rbs	318.000000	0.000000	0.000000
894.999087	__gene_H_rbs	207.000000	0.000000	0.000000
894.999087	__gene_J_rbs	621.000000	0.000000	0.000000
894.999087	__gene_K_rbs	638.000000	0.000000	0.000000
894.999087	__ribosome	0.000000	0.000000	0.000000
894.999087	bound_ecolipol	1868.000000	0.000000	0.000000
894.999087	bound_ribosome	100.000000	0.000000	0.000000
894.999087	ecoli_genome	132.000000	0.000000	0.000000
894.999087	ecoli_transcript	66702.000000	0.000000	0.000000
894.999087	ecolipol	42.000000	0.000000	0.000000
894.999087	gene_A	285.000000	653.000000	0.001531
894.999087	gene_A*	170.000000	641.000000	0.001560
894.999087	gene_B	217.000000	647.000000	0.000000
894.999087	gene_C	165.000000	636.000000	0.000000
894.999087	gene_D	155.000000	631.000000	0.000000
894.999087	gene_E	155.000000	627.000000	0.000000
894.999087	gene_F	107.000000	434.000000	0.004608
894.999087	gene_G	34.000000	318.000000	0.094340
894.999087	gene_H	0.000000	207.000000	0.125604
894.999087	gene_J	119.000000	620.000000	0.064516
894.999087	gene_K	149.000000	637.000000	0.000000
894.999087	promoter_A	0.000000	0.000000	0.000000
894.999087	promoter_B1	0.000000	0.000000	0.000000
894.999087	promoter_D	0.000000	0.000000	0.000000
899.999007	__gene_A*_rbs	645.000000	0.000000	0.000000
899.999007	__gene_A_rbs	657.000000	0.000000	0.000000
899.999007	__gene_B_rbs	651.000000	0.000000	0.000000
899.999007	__gene_C_rbs	640.000000	0.000000	0.000000
899.999007	__gene_D_rbs	635.000000	0.000000	0.000000
899.999007	__gene_E_rbs	630.000000	0.000000	0.000000
899.999007	__gene_F_rbs	435.000000	0.000000	0.000000
899.999007	__gene_G_rbs	319.000000	0.000000	0.000000
899.999007	__gene_H_rbs	208.000000	0.000000	0.000000
899.999007	__gene_J_rbs	624.000000	0.000000	0.000000
899.999007	__gene_K_rbs	642.000000	0.000000	0.000000
899.999007	__ribosome	0.000000	0.000000	0.000000
899.999007	bound_ecolipol	1861.000000	0.000000	0.000000
899.999007	bound_ribosome	100.000000	0.000000	0.000000
899.999007	ecoli_genome	139.000000	0.000000	0.000000
899.999007	ecoli_transcript	67083.000000	0.000000	0.000000
899.999007	ecolipol	50.000000	0.000000	0.000000
899.999007	gene_A	285.000000	657.000000	0.001522
899.999007	gene_A*	170.000000	645.000000	0.001550
899.999007	gene_B	217.000000	651.000000	0.000000
899.999007	gene_C	165.000000	640.000000	0.000000
899.999007	gene_D	155.000000	635.000000	0.000000
899.999007	gene_E	155.000000	630.000000	0.000000
899.999007	gene_F	107.000000	435.000000	0.004598
899.999007	gene_G	34.000000	319.000000	0.094044
899.999007	gene_H	0.000000	208.000000	0.125000
899.999007	gene_J	119.000000	623.000000	0.064205
899.999007	gene_K	149.000000	641.000000	0.000000
899.999007	promoter_A	0.000000	0.000000	0.000000
899.999007	promoter_B1	0.000000	0.000000	0.000000
899.999007	promoter_D	0.000000	0.000000	0.000000
904.999171	__gene_A*_rbs	648.000000	0.000000	0.000000
904.999171	__gene_A_rbs	661.000000	0.000000	0.000000
904.999171	__gene_B_rbs	655.000000	0.000000	0.000000
904.999171	__gene_C_rbs	644.000000	0.000000	0.000000
904.999171	__gene_D_rbs	639.000000	0.000000	0.000000
904.999171	__gene_E_rbs	634.000000	0.000000	0.000000
904.999171	__gene_F_rbs	438.000000	0.000000	0.000000
904.999171	__gene_G_rbs	321.000000	0.000000	0.000000
904.999171	__gene_H_rbs	209.000000	0.000000	0.000000
904.999171	__gene_J_rbs	628.000000	0.000000	0.000000
904.999171	__gene_K_rbs	646.000000	0.000000	0.000000
904.999171	__ribosome	0.000000	0.000000	0.000000
904.999171	bound_ecolipol	1878.000000	0.000000	0.000000
904.999171	bound_ribosome	100.000000	0.000000	0.000000
904.999171	ecoli_genome	122.000000	0.000000	0.000000
904.999171	ecoli_transcript	67440.000000	0.000000	0.000000
904.999171	ecolipol	34.000000	0.000000	0.000000
904.999171	gene_A	285.000000	661.000000	0.001513
904.999171	gene_A*	170.000000	648.000000	0.001543
904.999171	gene_B	217.000000	655.000000	0.000000
904.999171	gene_C	165.000000	644.000000	0.000000
904.999171	gene_D	155.000000	639.000000	0.000000
904.999171	gene_E	155.000000	634.000000	0.000000
904.999171	gene_F	107.000000	438.000000	0.004566
904.999171	gene_G	34.000000	321.000000	0.093458
904.999171	gene_H	0.000000	209.000000	0.124402
904.999171	gene_J	119.000000	627.000000	0.063796
904.999171	gene_K	149.000000	645.000000	0.000000
904.999171	promoter_A	0.000000	0.000000	0.000000
904.999171	promoter_B1	0.000000	0.000000	0.000000
904.999171	promoter_D	0.000000	0.000000	0.000000
909.999226	__gene_A*_rbs	651.000000	0.000000	0.000000
909.999226	__gene_A_rbs	664.000000	0.000000	0.000000
909.999226	__gene_B_rbs	659.000000	0.000000	0.000000
909.999226	__gene_C_rbs	648.000000	0.000000	0.000000
909.999226	__gene_D_rbs	642.000000	0.000000	0.000000
909.999226	__gene_E_rbs	638.000000	0.000000	0.000000
909.999226	__gene_F_rbs	440.000000	0.000000	0.000000
909.999226	__gene_G_rbs	324.000000	0.000000	0.000000
909.999226	__gene_H_rbs	209.000000	0.000000	0.000000
909.999226	__gene_J_rbs	632.000000	0.000000	0.000000
909.999226	__gene_K_rbs	650.000000	0.000000	0.000000
909.999226	__ribosome	0.000000	0.000000	0.000000
909.999226	bound_ecolipol	1876.000000	0.000000	0.000000
909.999226	bound_ribosome	100.000000	0.000000	0.000000
909.999226	ecoli_genome	124.000000	0.000000	0.000000
909.999226	ecoli_transcript	67814.000000	0.000000	0.000000
909.999226	ecolipol	37.000000	0.000000	0.000000
909.999226	gene_A	285.000000	664.000000	0.003012
909.999226	gene_A*	171.000000	651.000000	0.000000
909.999226	gene_B	217.000000	659.000000	0.000000
909.999226	gene_C	165.000000	648.000000	0.000000
909.999226	gene_D	155.000000	642.000000	0.000000
909.999226	gene_E	155.000000	638.000000	0.000000
909.999226	gene_F	107.000000	440.000000	0.004545
909.999226	gene_G	34.000000	324.000000	0.092593
909.999226	gene_H	0.000000	209.000000	0.124402
909.999226	gene_J	119.000000	631.000000	0.063391
909.999226	gene_K	149.000000	649.000000	0.000000
909.999226	promoter_A	0.000000	0.000000	0.000000
909.999226	promoter_B1	0.000000	0.000000	0.000000
909.999226	promoter_D	0.000000	0.000000	0.000000
914.999015	__gene_A*_rbs	655.000000	0.000000	0.000000
914.999015	__gene_A_rbs	668.000000	0.000000	0.000000
914.999015	__gene_B_rbs	661.000000	0.000000	0.000000
914.999015	__gene_C_rbs	651.000000	0.000000	0.000000
914.999015	__gene_D_rbs	646.000000	0.000000	0.000000
914.999015	__gene_E_rbs	642.000000	0.000000	0.000000
914.999015	__gene_F_rbs	442.000000	0.000000	0.000000
914.999015	__gene_G_rbs	327.000000	0.000000	0.000000
914.999015	__gene_H_rbs	211.000000	0.000000	0.000000
914.999015	__gene_J_rbs	635.000000	0.000000	0.000000
914.999015	__gene_K_rbs	653.000000	0.000000	0.000000
914.999015	__ribosome	0.000000	0.000000	0.000000
914.999015	bound_ecolipol	1861.000000	0.000000	0.000000
914.999015	bound_ribosome	100.000000	0.000000	0.000000
914.999015	ecoli_genome	139.000000	0.000000	0.000000
914.999015	ecoli_transcript	68187.000000	0.000000	0.000000
914.999015	ecolipol	49.000000	0.000000	0.000000
914.999015	gene_A	285.000000	668.000000	0.002994
914.999015	gene_A*	171.000000	655.000000	0.000000
914.999015	gene_B	217.000000	662.000000	0.000000
914.999015	gene_C	165.000000	651.000000	0.000000
914.999015	gene_D	155.000000	646.000000	0.000000
914.999015	gene_E	155.000000	642.000000	0.000000
914.999015	gene_F	107.000000	442.000000	0.004525
914.999015	gene_G	34.000000	327.000000	0.091743
914.999015	gene_H	0.000000	211.000000	0.123223
914.999015	gene_J	119.000000	634.000000	0.063091
914.999015	gene_K	149.000000	652.000000	0.000000
914.999015	promoter_A	0.000000	0.000000	0.000000
914.999015	promoter_B1	0.000000	0.000000	0.000000
914.999015	promoter_D	0.000000	0.000000	0.000000
919.999335	__gene_A*_rbs	659.000000	0.000000	0.000000
919.999335	__gene_A_rbs	672.000000	0.000000	0.000000
919.999335	__gene_B_rbs	665.000000	0.000000	0.000000
919.999335	__gene_C_rbs	655.000000	0.000000	0.000000
919.999335	__gene_D_rbs	650.000000	0.000000	0.000000
919.999335	__gene_E_rbs	645.000000	0.000000	0.000000
919.999335	__gene_F_rbs	444.000000	0.000000	0.000000
919.999335	__gene_G_rbs	331.000000	0.000000	0.000000
919.999335	__gene_H_rbs	213.000000	0.000000	0.000000
919.999335	__gene_J_rbs	639.000000	0.000000	0.000000
919.999335	__gene_K_rbs	657.000000	0.000000	0.000000
919.999335	__ribosome	0.000000	0.000000	0.000000
919.999335	bound_ecolipol	1875.000000	0.000000	0.000000
919.999335	bound_ribosome	100.000000	0.000000	0.000000
919.999335	ecoli_genome	125.000000	0.000000	0.000000
919.999335	ecoli_transcript	68558.000000	0.000000	0.000000
919.999335	ecolipol	33.000000	0.000000	0.000000
919.999335	gene_A	285.000000	672.000000	0.002976
919.999335	gene_A*	171.000000	659.000000	0.000000
919.999335	gene_B	217.000000	665.000000	0.000000
919.999335	gene_C	165.000000	655.000000	0.000000
919.999335	gene_D	155.000000	650.000000	0.000000
919.999335	gene_E	155.000000	645.000000	0.000000
919.999335	gene_F	107.000000	444.000000	0.004505
919.999335	gene_G	34.000000	331.000000	0.090634
919.999335	gene_H	0.000000	213.000000	0.122066
919.999335	gene_J	119.000000	638.000000	0.062696
919.999335	gene_K	149.000000	656.000000	0.000000
919.999335	promoter_A	0.000000	0.000000	0.000000
919.999335	promoter_B1	0.000000	0.000000	0.000000
919.999335	promoter_D	0.000000	0.000000	0.000000
924.999083	__gene_A*_rbs	662.000000	0.000000	0.000000
924.999083	__gene_A_rbs	676.000000	0.000000	0.000000
924.999083	__gene_B_rbs	669.000000	0.000000	0.000000
924.999083	__gene_C_rbs	659.000000	0.000000	0.000000
924.999083	__gene_D_rbs	653.000000	0.000000	0.000000
924.999083	__gene_E_rbs	649.000000	0.000000	0.000000
924.999083	__gene_F_rbs	446.000000	0.000000	0.000000
924.999083	__gene_G_rbs	333.000000	0.000000	0.000000
924.999083	__gene_H_rbs	215.000000	0.000000	0.000000
924.999083	__gene_J_rbs	642.000000	0.000000	0.000000
924.999083	__gene_K_rbs	661.000000	0.000000	0.000000
924.999083	__ribosome	0.000000	0.000000	0.000000
924.999083	bound_ecolipol	1870.000000	0.000000	0.000000
924.999083	bound_ribosome	100.000000	0.000000	0.000000
924.999083	ecoli_genome	130.000000	0.000000	0.000000
924.999083	ecoli_transcript	68908.000000	0.000000	0.000000
924.999083	ecolipol	36.000000	0.000000	0.000000
924.999083	gene_A	285.000000	676.000000	0.002959
924.999083	gene_A*	171.000000	663.000000	0.000000
924.999083	gene_B	217.000000	669.000000	0.000000
924.999083	gene_C	165.000000	659.000000	0.000000
924.999083	gene_D	155.000000	653.000000	0.000000
924.999083	gene_E	155.000000	649.000000	0.000000
924.999083	gene_F	107.000000	446.000000	0.004484
924.999083	gene_G	34.000000	333.000000	0.090090
924.999083	gene_H	0.000000	215.000000	0.120930
924.999083	gene_J	119.000000	641.000000	0.062402
924.999083	gene_K	149.000000	660.000000	0.000000
924.999083	promoter_A	0.000000	0.000000	0.000000
924.999083	promoter_B1	0.000000	0.000000	0.000000
924.999083	promoter_D	0.000000	0.000000	0.000000
929.999080	__gene_A*_rbs	666.000000	0.000000	0.000000
929.999080	__gene_A_rbs	679.000000	0.000000	0.000000
929.999080	__gene_B_rbs	673.000000	0.000000	0.000000
929.999080	__gene_C_rbs	662.000000	0.000000	0.000000
929.999080	__gene_D_rbs	657.000000	0.000000	0.000000
929.999080	__gene_E_rbs	653.000000	0.000000	0.000000
929.999080	__gene_F_rbs	450.000000	0.000000	0.000000
929.999080	__gene_G_rbs	335.000000	0.000000	0.000000
929.999080	__gene_H_rbs	218.000000	0.000000	0.000000
929.999080	__gene_J_rbs	646.000000	0.000000	0.000000
929.999080	__gene_K_rbs	663.000000	0.000000	0.000000
929.999080	__ribosome	0.000000	0.000000	0.000000
929.999080	bound_ecolipol	1874.000000	0.000000	0.000000
929.999080	bound_ribosome	100.000000	0.000000	0.000000
929.999080	ecoli_genome	126.000000	0.000000	0.000000
929.999080	ecoli_transcript	69293.000000	0.000000	0.000000
929.999080	ecolipol	32.000000	0.000000	0.000000
929.999080	gene_A	286.000000	679.000000	0.001473
929.999080	gene_A*	171.000000	666.000000	0.000000
929.999080	gene_B	217.000000	673.000000	0.000000
929.999080	gene_C	165.000000	662.000000	0.001511
929.999080	gene_D	155.000000	657.000000	0.000000
929.999080	gene_E	155.000000	653.000000	0.000000
929.999080	gene_F	108.000000	450.000000	0.002222
929.999080	gene_G	34.000000	335.000000	0.089552
929.999080	gene_H	0.000000	218.000000	0.119266
929.999080	gene_J	119.000000	645.000000	0.062016
929.999080	gene_K	149.000000	663.000000	0.001508
929.999080	promoter_A	0.000000	0.000000	0.000000
929.999080	promoter_B1	0.000000	0.000000	0.000000
929.999080	promoter_D	0.000000	0.000000	0.000000
934.999436	__gene_A*_rbs	670.000000	0.000000	0.000000
934.999436	__gene_A_rbs	683.000000	0.000000	0.000000
934.999436	__gene_B_rbs	677.000000	0.000000	0.000000
934.999436	__gene_C_rbs	666.000000	0.000000	0.000000
934.999436	__gene_D_rbs	661.000000	0.000000	0.000000
934.999436	__gene_E_rbs	656.000000	0.000000	0.000000
934.999436	__gene_F_rbs	453.000000	0.000000	0.000000
934.999436	__gene_G_rbs	335.000000	0.000000	0.000000
934.999436	__gene_H_rbs	221.000000	0.000000	0.000000
934.999436	__gene_J_rbs	650.000000	0.000000	0.000000
934.999436	__gene_K_rbs	668.000000	0.000000	0.000000
934.999436	__ribosome	0.000000	0.000000	0.000000
934.999436	bound_ecolipol	1873.000000	0.000000	0.000000
934.999436	bound_ribosome	100.000000	0.000000	0.000000
934.999436	ecoli_genome	127.000000	0.000000	0.000000
934.999436	ecoli_transcript	69627.000000	0.000000	0.000000
934.999436	ecolipol	32.000000	0.000000	0.000000
934.999436	gene_A	286.000000	683.000000	0.001464
934.999436	gene_A*	171.000000	670.000000	0.000000
934.999436	gene_B	217.000000	677.000000	0.000000
934.999436	gene_C	165.000000	666.000000	0.001502
934.999436	gene_D	155.000000	661.000000	0.000000
934.999436	gene_E	155.000000	656.000000	0.000000
934.999436	gene_F	109.000000	453.000000	0.000000
934.999436	gene_G	34.000000	336.000000	0.092262
934.999436	gene_H	0.000000	221.000000	0.117647
934.999436	gene_J	119.000000	649.000000	0.061633
934.999436	gene_K	149.000000	667.000000	0.001499
934.999436	promoter_A	0.000000	0.000000	0.000000
934.999436	promoter_B1	0.000000	0.000000	0.000000
934.999436	promoter_D	0.000000	0.000000	0.000000
939.999119	__gene_A*_rbs	674.000000	0.000000	0.000000
939.999119	__gene_A_rbs	687.000000	0.000000	0.000000
939.999119	__gene_B_rbs	680.000000	0.000000	0.000000
939.999119	__gene_C_rbs	670.000000	0.000000	0.000000
939.999119	__gene_D_rbs	664.000000	0.000000	0.000000
939.999119	__gene_E_rbs	660.000000	0.000000	0.000000
939.999119	__gene_F_rbs	456.000000	0.000000	0.000000
939.999119	__gene_G_rbs	338.000000	0.000000	0.000000
939.999119	__gene_H_rbs	222.000000	0.000000	0.000000
939.999119	__gene_J_rbs	653.000000	0.000000	0.000000
939.999119	__gene_K_rbs	672.000000	0.000000	0.000000
939.999119	__ribosome	0.000000	0.000000	0.000000
939.999119	bound_ecolipol	1871.000000	0.000000	0.000000
939.999119	bound_ribosome	100.000000	0.000000	0.000000
939.999119	ecoli_genome	129.000000	0.000000	0.000000
939.999119	ecoli_transcript	69999.000000	0.000000	0.000000
939.999119	ecolipol	33.000000	0.000000	0.000000
939.999119	gene_A	286.000000	687.000000	0.001456
939.999119	gene_A*	171.000000	674.000000	0.000000
939.999119	gene_B	217.000000	680.000000	0.002941
939.999119	gene_C	166.000000	670.000000	0.000000
939.999119	gene_D	155.000000	664.000000	0.000000
939.999119	gene_E	155.000000	660.000000	0.000000
939.999119	gene_F	109.000000	456.000000	0.000000
939.999119	gene_G	34.000000	338.000000	0.091716
939.999119	gene_H	0.000000	222.000000	0.117117
939.999119	gene_J	119.000000	652.000000	0.061350
939.999119	gene_K	150.000000	671.000000	0.000000
939.999119	promoter_A	0.000000	0.000000	0.000000
939.999119	promoter_B1	0.000000	0.000000	0.000000
939.999119	promoter_D	0.000000	0.000000	0.000000
944.999639	__gene_A*_rbs	678.000000	0.000000	0.000000
944.999639	__gene_A_rbs	691.000000	0.000000	0.000000
944.999639	__gene_B_rbs	684.000000	0.000000	0.000000
944.999639	__gene_C_rbs	673.000000	0.000000	0.000000
944.999639	__gene_D_rbs	668.000000	0.000000	0.000000
944.999639	__gene_E_rbs	664.000000	0.000000	0.000000
944.999639	__gene_F_rbs	458.000000	0.000000	0.000000
944.999639	__gene_G_rbs	341.000000	0.000000	0.000000
944.999639	__gene_H_rbs	223.000000	0.000000	0.000000
944.999639	__gene_J_rbs	657.000000	0.000000	0.000000
944.999639	__gene_K_rbs	675.000000	0.000000	0.000000
944.999639	__ribosome	0.000000	0.000000	0.000000
944.999639	bound_ecolipol	1863.000000	0.000000	0.000000
944.999639	bound_ribosome	100.000000	0.000000	0.000000
944.999639	ecoli_genome	137.000000	0.000000	0.000000
944.999639	ecoli_transcript	70365.000000	0.000000	0.000000
944.999639	ecolipol	41.000000	0.000000	0.000000
944.999639	gene_A	286.000000	691.000000	0.001447
944.999639	gene_A*	171.000000	678.000000	0.000000
944.999639	gene_B	217.000000	684.000000	0.002924
944.999639	gene_C	166.000000	673.000000	0.000000
944.999639	gene_D	155.000000	668.000000	0.000000
944.999639	gene_E	155.000000	664.000000	0.000000
944.999639	gene_F	109.000000	458.000000	0.000000
944.999639	gene_G	34.000000	341.000000	0.090909
944.999639	gene_H	0.000000	223.000000	0.116592
944.999639	gene_J	119.000000	656.000000	0.060976
944.999639	gene_K	150.000000	674.000000	0.000000
944.999639	promoter_A	0.000000	0.000000	0.000000
944.999639	promoter_B1	0.000000	0.000000	0.000000
944.999639	promoter_D	0.000000	0.000000	0.000000
949.999003	__gene_A*_rbs	682.000000	0.000000	0.000000
949.999003	__gene_A_rbs	694.000000	0.000000	0.000000
949.999003	__gene_B_rbs	688.000000	0.000000	0.000000
949.999003	__gene_C_rbs	677.000000	0.000000	0.000000
949.999003	__gene_D_rbs	672.000000	0.000000	0.000000
949.999003	__gene_E_rbs	667.000000	0.000000	0.000000
949.999003	__gene_F_rbs	461.000000	0.000000	0.000000
949.999003	__gene_G_rbs	343.000000	0.000000	0.000000
949.999003	__gene_H_rbs	224.000000	0.000000	0.000000
949.999003	__gene_J_rbs	661.000000	0.000000	0.000000
949.999003	__gene_K_rbs	679.000000	0.000000	0.000000
949.999003	__ribosome	0.000000	0.000000	0.000000
949.999003	bound_ecolipol	1872.000000	0.000000	0.000000
949.999003	bound_ribosome	100.000000	0.000000	0.000000
949.999003	ecoli_genome	128.000000	0.000000	0.000000
949.999003	ecoli_transcript	70778.000000	0.000000	0.000000
949.999003	ecolipol	32.000000	0.000000	0.000000
949.999003	gene_A	286.000000	694.000000	0.002882
949.999003	gene_A*	171.000000	682.000000	0.000000
949.999003	gene_B	219.000000	688.000000	0.000000
949.999003	gene_C	166.000000	677.000000	0.000000
949.999003	gene_D	155.000000	672.000000	0.000000
949.999003	gene_E	155.000000	667.000000	0.000000
949.999003	gene_F	109.000000	461.000000	0.002169
949.999003	gene_G	34.000000	343.000000	0.090379
949.999003	gene_H	0.000000	224.000000	0.116071
949.999003	gene_J	119.000000	660.000000	0.060606
949.999003	gene_K	150.000000	678.000000	0.000000
949.999003	promoter_A	0.000000	0.000000	0.000000
949.999003	promoter_B1	0.000000	0.000000	0.000000
949.999003	promoter_D	0.000000	0.000000	0.000000
954.999208	__gene_A*_rbs	686.000000	0.000000	0.000000
954.999208	__gene_A_rbs	698.000000	0.000000	0.000000
954.999208	__gene_B_rbs	691.000000	0.000000	0.000000
954.999208	__gene_C_rbs	680.000000	0.000000	0.000000
954.999208	__gene_D_rbs	676.000000	0.000000	0.000000
954.999208	__gene_E_rbs	671.000000	0.000000	0.000000
954.999208	__gene_F_rbs	464.000000	0.000000	0.000000
954.999208	__gene_G_rbs	345.000000	0.000000	0.000000
954.999208	__gene_H_rbs	225.000000	0.000000	0.000000
954.999208	__gene_J_rbs	665.000000	0.000000	0.000000
954.999208	__gene_K_rbs	681.000000	0.000000	0.000000
954.999208	__ribosome	0.000000	0.000000	0.000000
954.999208	bound_ecolipol	1863.000000	0.000000	0.000000
954.999208	bound_ribosome	100.000000	0.000000	0.000000
954.999208	ecoli_genome	137.000000	0.000000	0.000000
954.999208	ecoli_transcript	71159.000000	0.000000	0.000000
954.999208	ecolipol	42.000000	0.000000	0.000000
954.999208	gene_A	286.000000	698.000000	0.002865
954.999208	gene_A*	171.000000	686.000000	0.001458
954.999208	gene_B	219.000000	691.000000	0.000000
954.999208	gene_C	166.000000	680.000000	0.000000
954.999208	gene_D	155.000000	676.000000	0.000000
954.999208	gene_E	155.000000	671.000000	0.000000
954.999208	gene_F	109.000000	464.000000	0.002155
954.999208	gene_G	35.000000	345.000000	0.086957
954.999208	gene_H	0.000000	225.000000	0.115556
954.999208	gene_J	119.000000	664.000000	0.060241
954.999208	gene_K	150.000000	681.000000	0.000000
954.999208	promoter_A	0.000000	0.000000	0.000000
954.999208	promoter_B1	0.000000	0.000000	0.000000
954.999208	promoter_D	0.000000	0.000000	0.000000
959.999104	__gene_A*_rbs	689.000000	0.000000	0.000000
959.999104	__gene_A_rbs	701.000000	0.000000	0.000000
959.999104	__gene_B_rbs	695.000000	0.000000	0.000000
959.999104	__gene_C_rbs	684.000000	0.000000	0.000000
959.999104	__gene_D_rbs	679.000000	0.000000	0.000000
959.999104	__gene_E_rbs	675.000000	0.000000	0.000000
959.999104	__gene_F_rbs	466.000000	0.000000	0.000000
959.999104	__gene_G_rbs	347.000000	0.000000	0.000000
959.999104	__gene_H_rbs	227.000000	0.000000	0.000000
959.999104	__gene_J_rbs	668.000000	0.000000	0.000000
959.999104	__gene_K_rbs	686.000000	0.000000	0.000000
959.999104	__ribosome	0.000000	0.000000	0.000000
959.999104	bound_ecolipol	1864.000000	0.000000	0.000000
959.999104	bound_ribosome	100.000000	0.000000	0.000000
959.999104	ecoli_genome	136.000000	0.000000	0.000000
959.999104	ecoli_transcript	71538.000000	0.000000	0.000000
959.999104	ecolipol	42.000000	0.000000	0.000000
959.999104	gene_A	287.000000	701.000000	0.001427
959.999104	gene_A*	171.000000	689.000000	0.001451
959.999104	gene_B	219.000000	695.000000	0.000000
959.999104	gene_C	166.000000	684.000000	0.000000
959.999104	gene_D	155.000000	679.000000	0.000000
959.999104	gene_E	155.000000	675.000000	0.000000
959.999104	gene_F	109.000000	466.000000	0.002146
959.999104	gene_G	35.000000	347.000000	0.086455
959.999104	gene_H	0.000000	227.000000	0.114537
959.999104	gene_J	119.000000	667.000000	0.061469
959.999104	gene_K	150.000000	685.000000	0.000000
959.999104	promoter_A	0.000000	0.000000	0.000000
959.999104	promoter_B1	0.000000	0.000000	0.000000
959.999104	promoter_D	0.000000	0.000000	0.000000
964.999237	__gene_A*_rbs	693.000000	0.000000	0.000000
964.999237	__gene_A_rbs	705.000000	0.000000	0.000000
964.999237	__gene_B_rbs	699.000000	0.000000	0.000000
964.999237	__gene_C_rbs	688.000000	0.000000	0.000000
964.999237	__gene_D_rbs	683.000000	0.000000	0.000000
964.999237	__gene_E_rbs	679.000000	0.000000	0.000000
964.999237	__gene_F_rbs	468.000000	0.000000	0.000000
964.999237	__gene_G_rbs	349.000000	0.000000	0.000000
964.999237	__gene_H_rbs	230.000000	0.000000	0.000000
964.999237	__gene_J_rbs	672.000000	0.000000	0.000000
964.999237	__gene_K_rbs	690.000000	0.000000	0.000000
964.999237	__ribosome	0.000000	0.000000	0.000000
964.999237	bound_ecolipol	1870.000000	0.000000	0.000000
964.999237	bound_ribosome	100.000000	0.000000	0.000000
964.999237	ecoli_genome	130.000000	0.000000	0.000000
964.999237	ecoli_transcript	71943.000000	0.000000	0.000000
964.999237	ecolipol	36.000000	0.000000	0.000000
964.999237	gene_A	287.000000	705.000000	0.001418
964.999237	gene_A*	171.000000	693.000000	0.001443
964.999237	gene_B	219.000000	699.000000	0.000000
964.999237	gene_C	166.000000	688.000000	0.000000
964.999237	gene_D	155.000000	683.000000	0.000000
964.999237	gene_E	155.000000	679.000000	0.000000
964.999237	gene_F	109.000000	468.000000	0.004274
964.999237	gene_G	35.000000	349.000000	0.085960
964.999237	gene_H	0.000000	230.000000	0.113043
964.999237	gene_J	120.000000	671.000000	0.059613
964.999237	gene_K	150.000000	689.000000	0.000000
964.999237	promoter_A	0.000000	0.000000	0.000000
964.999237	promoter_B1	0.000000	0.000000	0.000000
964.999237	promoter_D	0.000000	0.000000	0.000000
969.999231	__gene_A*_rbs	697.000000	0.000000	0.000000
969.999231	__gene_A_rbs	709.000000	0.000000	0.000000
969.999231	__gene_B_rbs	702.000000	0.000000	0.000000
969.999231	__gene_C_rbs	692.000000	0.000000	0.000000
969.999231	__gene_D_rbs	686.000000	0.000000	0.000000
969.999231	__gene_E_rbs	683.000000	0.000000	0.000000
969.999231	__gene_F_rbs	470.000000	0.000000	0.000000
969.999231	__gene_G_rbs	352.000000	0.000000	0.000000
969.999231	__gene_H_rbs	231.000000	0.000000	0.000000
969.999231	__gene_J_rbs	676.000000	0.000000	0.000000
969.999231	__gene_K_rbs	694.000000	0.000000	0.000000
969.999231	__ribosome	0.000000	0.000000	0.000000
969.999231	bound_ecolipol	1866.000000	0.000000	0.000000
969.999231	bound_ribosome	100.000000	0.000000	0.000000
969.999231	ecoli_genome	134.000000	0.000000	0.000000
969.999231	ecoli_transcript	72293.000000	0.000000	0.000000
969.999231	ecolipol	41.000000	0.000000	0.000000
969.999231	gene_A	287.000000	709.000000	0.001410
969.999231	gene_A*	171.000000	697.000000	0.001435
969.999231	gene_B	219.000000	702.000000	0.000000
969.999231	gene_C	166.000000	692.000000	0.000000
969.999231	gene_D	155.000000	686.000000	0.000000
969.999231	gene_E	155.000000	683.000000	0.000000
969.999231	gene_F	109.000000	470.000000	0.004255
969.999231	gene_G	35.000000	352.000000	0.085227
969.999231	gene_H	0.000000	231.000000	0.112554
969.999231	gene_J	120.000000	675.000000	0.059259
969.999231	gene_K	150.000000	693.000000	0.000000
969.999231	promoter_A	0.000000	0.000000	0.000000
969.999231	promoter_B1	0.000000	0.000000	0.000000
969.999231	promoter_D	0.000000	0.000000	0.000000
974.999003	__gene_A*_rbs	701.000000	0.000000	0.000000
974.999003	__gene_A_rbs	712.000000	0.000000	0.000000
974.999003	__gene_B_rbs	706.000000	0.000000	0.000000
974.999003	__gene_C_rbs	696.000000	0.000000	0.000000
974.999003	__gene_D_rbs	690.000000	0.000000	0.000000
974.999003	__gene_E_rbs	686.000000	0.000000	0.000000
974.999003	__gene_F_rbs	473.000000	0.000000	0.000000
974.999003	__gene_G_rbs	353.000000	0.000000	0.000000
974.999003	__gene_H_rbs	233.000000	0.000000	0.000000
974.999003	__gene_J_rbs	679.000000	0.000000	0.000000
974.999003	__gene_K_rbs	697.000000	0.000000	0.000000
974.999003	__ribosome	0.000000	0.000000	0.000000
974.999003	bound_ecolipol	1863.000000	0.000000	0.000000
974.999003	bound_ribosome	100.000000	0.000000	0.000000
974.999003	ecoli_genome	137.000000	0.000000	0.000000
974.999003	ecoli_transcript	72645.000000	0.000000	0.000000
974.999003	ecolipol	43.000000	0.000000	0.000000
974.999003	gene_A	287.000000	712.000000	0.001404
974.999003	gene_A*	171.000000	701.000000	0.001427
974.999003	gene_B	219.000000	706.000000	0.000000
974.999003	gene_C	166.000000	696.000000	0.000000
974.999003	gene_D	155.000000	690.000000	0.000000
974.999003	gene_E	155.000000	686.000000	0.000000
974.999003	gene_F	109.000000	473.000000	0.004228
974.999003	gene_G	35.000000	353.000000	0.084986
974.999003	gene_H	0.000000	233.000000	0.111588
974.999003	gene_J	120.000000	678.000000	0.058997
974.999003	gene_K	150.000000	696.000000	0.000000
974.999003	promoter_A	0.000000	0.000000	0.000000
974.999003	promoter_B1	0.000000	0.000000	0.000000
974.999003	promoter_D	0.000000	0.000000	0.000000
979.999041	__gene_A*_rbs	704.000000	0.000000	0.000000
979.999041	__gene_A_rbs	716.000000	0.000000	0.000000
979.999041	__gene_B_rbs	709.000000	0.000000	0.000000
979.999041	__gene_C_rbs	699.000000	0.000000	0.000000
979.999041	__gene_D_rbs	693.000000	0.000000	0.000000
979.999041	__gene_E_rbs	689.000000	0.000000	0.000000
979.999041	__gene_F_rbs	476.000000	0.000000	0.000000
979.999041	__gene_G_rbs	356.000000	0.000000	0.000000
979.999041	__gene_H_rbs	234.000000	0.000000	0.000000
979.999041	__gene_J_rbs	683.000000	0.000000	0.000000
979.999041	__gene_K_rbs	700.000000	0.000000	0.000000
979.999041	__ribosome	0.000000	0.000000	0.000000
979.999041	bound_ecolipol	1858.000000	0.000000	0.000000
979.999041	bound_ribosome	100.000000	0.000000	0.000000
979.999041	ecoli_genome	142.000000	0.000000	0.000000
979.999041	ecoli_transcript	73007.000000	0.000000	0.000000
979.999041	ecolipol	47.000000	0.000000	0.000000
979.999041	gene_A	287.000000	716.000000	0.001397
979.999041	gene_A*	171.000000	704.000000	0.001420
979.999041	gene_B	219.000000	709.000000	0.000000
979.999041	gene_C	166.000000	699.000000	0.000000
979.999041	gene_D	155.000000	693.000000	0.000000
979.999041	gene_E	155.000000	689.000000	0.000000
979.999041	gene_F	109.000000	476.000000	0.004202
979.999041	gene_G	35.000000	356.000000	0.084270
979.999041	gene_H	0.000000	234.000000	0.111111
979.999041	gene_J	120.000000	682.000000	0.058651
979.999041	gene_K	150.000000	699.000000	0.000000
979.999041	promoter_A	0.000000	0.000000	0.000000
979.999041	promoter_B1	0.000000	0.000000	0.000000
979.999041	promoter_D	0.000000	0.000000	0.000000
984.999037	__gene_A*_rbs	708.000000	0.000000	0.000000
984.999037	__gene_A_rbs	720.000000	0.000000	0.000000
984.999037	__gene_B_rbs	713.000000	0.000000	0.000000
984.999037	__gene_C_rbs	702.000000	0.000000	0.000000
984.999037	__gene_D_rbs	697.000000	0.000000	0.000000
984.999037	__gene_E_rbs	693.000000	0.000000	0.000000
984.999037	__gene_F_rbs	478.000000	0.000000	0.000000
984.999037	__gene_G_rbs	358.000000	0.000000	0.000000
984.999037	__gene_H_rbs	236.000000	0.000000	0.000000
984.999037	__gene_J_rbs	687.000000	0.000000	0.000000
984.999037	__gene_K_rbs	704.000000	0.000000	0.000000
984.999037	__ribosome	0.000000	0.000000	0.000000
984.999037	bound_ecolipol	1857.000000	0.000000	0.000000
984.999037	bound_ribosome	100.000000	0.000000	0.000000
984.999037	ecoli_genome	143.000000	0.000000	0.000000
984.999037	ecoli_transcript	73381.000000	0.000000	0.000000
984.999037	ecolipol	51.000000	0.000000	0.000000
984.999037	gene_A	287.000000	720.000000	0.001389
984.999037	gene_A*	171.000000	708.000000	0.001412
984.999037	gene_B	219.000000	713.000000	0.000000
984.999037	gene_C	166.000000	702.000000	0.000000
984.999037	gene_D	155.000000	697.000000	0.000000
984.999037	gene_E	155.000000	693.000000	0.000000
984.999037	gene_F	109.000000	478.000000	0.004184
984.999037	gene_G	35.000000	358.000000	0.083799
984.999037	gene_H	0.000000	236.000000	0.110169
984.999037	gene_J	120.000000	686.000000	0.058309
984.999037	gene_K	150.000000	703.000000	0.000000
984.999037	promoter_A	0.000000	0.000000	0.000000
984.999037	promoter_B1	0.000000	0.000000	0.000000
984.999037	promoter_D	0.000000	0.000000	0.000000
989.999068	__gene_A*_rbs	711.000000	0.000000	0.000000
989.999068	__gene_A_rbs	724.000000	0.000000	0.000000
989.999068	__gene_B_rbs	716.000000	0.000000	0.000000
989.999068	__gene_C_rbs	705.000000	0.000000	0.000000
989.999068	__gene_D_rbs	701.000000	0.000000	0.000000
989.999068	__gene_E_rbs	697.000000	0.000000	0.000000
989.999068	__gene_F_rbs	479.000000	0.000000	0.000000
989.999068	__gene_G_rbs	361.000000	0.000000	0.000000
989.999068	__gene_H_rbs	236.000000	0.000000	0.000000
989.999068	__gene_J_rbs	690.000000	0.000000	0.000000
989.999068	__gene_K_rbs	707.000000	0.000000	0.000000
989.999068	__ribosome	0.000000	0.000000	0.000000
989.999068	bound_ecolipol	1870.000000	0.000000	0.000000
989.999068	bound_ribosome	100.000000	0.000000	0.000000
989.999068	ecoli_genome	130.000000	0.000000	0.000000
989.999068	ecoli_transcript	73754.000000	0.000000	0.000000
989.999068	ecolipol	40.000000	0.000000	0.000000
989.999068	gene_A	287.000000	724.000000	0.001381
989.999068	gene_A*	172.000000	711.000000	0.000000
989.999068	gene_B	219.000000	716.000000	0.000000
989.999068	gene_C	166.000000	705.000000	0.000000
989.999068	gene_D	155.000000	701.000000	0.000000
989.999068	gene_E	155.000000	697.000000	0.000000
989.999068	gene_F	109.000000	479.000000	0.004175
989.999068	gene_G	35.000000	361.000000	0.083102
989.999068	gene_H	0.000000	236.000000	0.110169
989.999068	gene_J	120.000000	689.000000	0.058055
989.999068	gene_K	150.000000	706.000000	0.001416
989.999068	promoter_A	0.000000	0.000000	0.000000
989.999068	promoter_B1	0.000000	0.000000	0.000000
989.999068	promoter_D	0.000000	0.000000	0.000000
994.999051	__gene_A*_rbs	715.000000	0.000000	0.000000
994.999051	__gene_A_rbs	727.000000	0.000000	0.000000
994.999051	__gene_B_rbs	720.000000	0.000000	0.000000
994.999051	__gene_C_rbs	709.000000	0.000000	0.000000
994.999051	__gene_D_rbs	705.000000	0.000000	0.000000
994.999051	__gene_E_rbs	700.000000	0.000000	0.000000
994.999051	__gene_F_rbs	481.000000	0.000000	0.000000
994.999051	__gene_G_rbs	363.000000	0.000000	0.000000
994.999051	__gene_H_rbs	239.000000	0.000000	0.000000
994.999051	__gene_J_rbs	694.000000	0.000000	0.000000
994.999051	__gene_K_rbs	711.000000	0.000000	0.000000
994.999051	__ribosome	0.000000	0.000000	0.000000
994.999051	bound_ecolipol	1876.000000	0.000000	0.000000
994.999051	bound_ribosome	100.000000	0.000000	0.000000
994.999051	ecoli_genome	124.000000	0.000000	0.000000
994.999051	ecoli_transcript	74121.000000	0.000000	0.000000
994.999051	ecolipol	35.000000	0.000000	0.000000
994.999051	gene_A	287.000000	727.000000	0.001376
994.999051	gene_A*	172.000000	715.000000	0.001399
994.999051	gene_B	219.000000	720.000000	0.000000
994.999051	gene_C	166.000000	709.000000	0.000000
994.999051	gene_D	155.000000	705.000000	0.000000
994.999051	gene_E	155.000000	700.000000	0.000000
994.999051	gene_F	110.000000	481.000000	0.002079
994.999051	gene_G	35.000000	363.000000	0.082645
994.999051	gene_H	0.000000	239.000000	0.108787
994.999051	gene_J	120.000000	693.000000	0.057720
994.999051	gene_K	151.000000	710.000000	0.001408
994.999051	promoter_A	0.000000	0.000000	0.000000
994.999051	promoter_B1	0.000000	0.000000	0.000000
994.999051	promoter_D	0.000000	0.000000	0.000000
999.999390	__gene_A*_rbs	719.000000	0.000000	0.000000
999.999390	__gene_A_rbs	731.000000	0.000000	0.000000
999.999390	__gene_B_rbs	724.000000	0.000000	0.000000
999.999390	__gene_C_rbs	713.000000	0.000000	0.000000
999.999390	__gene_D_rbs	708.000000	0.000000	0.000000
999.999390	__gene_E_rbs	704.000000	0.000000	0.000000
999.999390	__gene_F_rbs	482.000000	0.000000	0.000000
999.999390	__gene_G_rbs	364.000000	0.000000	0.000000
999.999390	__gene_H_rbs	241.000000	0.000000	0.000000
999.999390	__gene_J_rbs	697.000000	0.000000	0.000000
999.999390	__gene_K_rbs	715.000000	0.000000	0.000000
999.999390	__ribosome	0.000000	0.000000	0.000000
999.999390	bound_ecolipol	1872.000000	0.000000	0.000000
999.999390	bound_ribosome	100.000000	0.000000	0.000000
999.999390	ecoli_genome	128.000000	0.000000	0.000000
999.999390	ecoli_transcript	74497.000000	0.000000	0.000000
999.999390	ecolipol	37.000000	0.000000	0.000000
999.999390	gene_A	287.000000	731.000000	0.001368
999.999390	gene_A*	172.000000	719.000000	0.002782
999.999390	gene_B	219.000000	724.000000	0.000000
999.999390	gene_C	166.000000	713.000000	0.000000
999.999390	gene_D	155.000000	708.000000	0.000000
999.999390	gene_E	155.000000	704.000000	0.000000
999.999390	gene_F	110.000000	482.000000	0.002075
999.999390	gene_G	35.000000	364.000000	0.082418
999.999390	gene_H	0.000000	241.000000	0.107884
999.999390	gene_J	120.000000	696.000000	0.057471
999.999390	gene_K	152.000000	714.000000	0.000000
999.999390	promoter_A	0.000000	0.000000	0.000000
999.999390	promoter_B1	0.000000	0.000000	0.000000
999.999390	promoter_D	0.000000	0.000000	0.000000
1004.999176	__gene_A*_rbs	722.000000	0.000000	0.000000
1004.999176	__gene_A_rbs	734.000000	0.000000	0.000000
1004.999176	__gene_B_rbs	727.000000	0.000000	0.000000
1004.999176	__gene_C_rbs	717.000000	0.000000	0.000000
1004.999176	__gene_D_rbs	712.000000	0.000000	0.000000
1004.999176	__gene_E_rbs	708.000000	0.000000	0.000000
1004.999176	__gene_F_rbs	484.000000	0.000000	0.000000
1004.999176	__gene_G_rbs	366.000000	0.000000	0.000000
1004.999176	__gene_H_rbs	244.000000	0.000000	0.000000
1004.999176	__gene_J_rbs	700.000000	0.000000	0.000000
1004.999176	__gene_K_rbs	718.000000	0.000000	0.000000
1004.999176	__ribosome	0.000000	0.000000	0.000000
1004.999176	bound_ecolipol	1874.000000	0.000000	0.000000
1004.999176	bound_ribosome	100.000000	0.000000	0.000000
1004.999176	ecoli_genome	126.000000	0.000000	0.000000
1004.999176	ecoli_transcript	74888.000000	0.000000	0.000000
1004.999176	ecolipol	36.000000	0.000000	0.000000
1004.999176	gene_A	288.000000	734.000000	0.000000
1004.999176	gene_A*	172.000000	722.000000	0.004155
1004.999176	gene_B	219.000000	727.000000	0.001376
1004.999176	gene_C	166.000000	717.000000	0.000000
1004.999176	gene_D	155.000000	712.000000	0.000000
1004.999176	gene_E	155.000000	708.000000	0.000000
1004.999176	gene_F	111.000000	484.000000	0.000000
1004.999176	gene_G	35.000000	366.000000	0.081967
1004.999176	gene_H	0.000000	244.000000	0.106557
1004.999176	gene_J	120.000000	699.000000	0.057225
1004.999176	gene_K	152.000000	717.000000	0.000000
1004.999176	promoter_A	0.000000	0.000000	0.000000
1004.999176	promoter_B1	0.000000	0.000000	0.000000
1004.999176	promoter_D	0.000000	0.000000	0.000000
1009.999065	__gene_A*_rbs	726.000000	0.000000	0.000000
1009.999065	__gene_A_rbs	738.000000	0.000000	0.000000
1009.999065	__gene_B_rbs	731.000000	0.000000	0.000000
1009.999065	__gene_C_rbs	720.000000	0.000000	0.000000
1009.999065	__gene_D_rbs	715.000000	0.000000	0.000000
1009.999065	__gene_E_rbs	711.000000	0.000000	0.000000
1009.999065	__gene_F_rbs	486.000000	0.000000	0.000000
1009.999065	__gene_G_rbs	368.000000	0.000000	0.000000
1009.999065	__gene_H_rbs	245.000000	0.000000	0.000000
1009.999065	__gene_J_rbs	705.000000	0.000000	0.000000
1009.999065	__gene_K_rbs	722.000000	0.000000	0.000000
1009.999065	__ribosome	0.000000	0.000000	0.000000
1009.999065	bound_ecolipol	1868.000000	0.000000	0.000000
1009.999065	bound_ribosome	100.000000	0.000000	0.000000
1009.999065	ecoli_genome	132.000000	0.000000	0.000000
1009.999065	ecoli_transcript	75270.000000	0.000000	0.000000
1009.999065	ecolipol	43.000000	0.000000	0.000000
1009.999065	gene_A	288.000000	738.000000	0.000000
1009.999065	gene_A*	172.000000	726.000000	0.004132
1009.999065	gene_B	219.000000	731.000000	0.001368
1009.999065	gene_C	166.000000	720.000000	0.000000
1009.999065	gene_D	155.000000	715.000000	0.000000
1009.999065	gene_E	155.000000	711.000000	0.000000
1009.999065	gene_F	111.000000	486.000000	0.000000
1009.999065	gene_G	35.000000	368.000000	0.081522
1009.999065	gene_H	0.000000	245.000000	0.106122
1009.999065	gene_J	120.000000	704.000000	0.056818
1009.999065	gene_K	152.000000	721.000000	0.000000
1009.999065	promoter_A	0.000000	0.000000	0.000000
1009.999065	promoter_B1	0.000000	0.000000	0.000000
1009.999065	promoter_D	0.000000	0.000000	0.000000
1014.999085	__gene_A*_rbs	729.000000	0.000000	0.000000
1014.999085	__gene_A_rbs	742.000000	0.000000	0.000000
1014.999085	__gene_B_rbs	735.000000	0.000000	0.000000
1014.999085	__gene_C_rbs	724.000000	0.000000	0.000000
1014.999085	__gene_D_rbs	719.000000	0.000000	0.000000
1014.999085	__gene_E_rbs	715.000000	0.000000	0.000000
1014.999085	__gene_F_rbs	489.000000	0.000000	0.000000
1014.999085	__gene_G_rbs	370.000000	0.000000	0.000000
1014.999085	__gene_H_rbs	247.000000	0.000000	0.000000
1014.999085	__gene_J_rbs	708.000000	0.000000	0.000000
1014.999085	__gene_K_rbs	726.000000	0.000000	0.000000
1014.999085	__ribosome	0.000000	0.000000	0.000000
1014.999085	bound_ecolipol	1875.000000	0.000000	0.000000
1014.999085	bound_ribosome	100.000000	0.000000	0.000000
1014.999085	ecoli_genome	125.000000	0.000000	0.000000
1014.999085	ecoli_transcript	75648.000000	0.000000	0.000000
1014.999085	ecolipol	34.000000	0.000000	0.000000
1014.999085	gene_A	288.000000	742.000000	0.000000
1014.999085	gene_A*	172.000000	729.000000	0.004115
1014.999085	gene_B	219.000000	735.000000	0.001361
1014.999085	gene_C	166.000000	724.000000	0.000000
1014.999085	gene_D	155.000000	719.000000	0.000000
1014.999085	gene_E	155.000000	715.000000	0.000000
1014.999085	gene_F	111.000000	489.000000	0.000000
1014.999085	gene_G	35.000000	370.000000	0.081081
1014.999085	gene_H	0.000000	247.000000	0.105263
1014.999085	gene_J	120.000000	707.000000	0.056577
1014.999085	gene_K	152.000000	725.000000	0.000000
1014.999085	promoter_A	0.000000	0.000000	0.000000
1014.999085	promoter_B1	0.000000	0.000000	0.000000
1014.999085	promoter_D	0.000000	0.000000	0.000000
1019.999094	__gene_A*_rbs	733.000000	0.000000	0.000000
1019.999094	__gene_A_rbs	745.000000	0.000000	0.000000
1019.999094	__gene_B_rbs	738.000000	0.000000	0.000000
1019.999094	__gene_C_rbs	728.000000	0.000000	0.000000
1019.999094	__gene_D_rbs	723.000000	0.000000	0.000000
1019.999094	__gene_E_rbs	718.000000	0.000000	0.000000
1019.999094	__gene_F_rbs	492.000000	0.000000	0.000000
1019.999094	__gene_G_rbs	372.000000	0.000000	0.000000
1019.999094	__gene_H_rbs	248.000000	0.000000	0.000000
1019.999094	__gene_J_rbs	712.000000	0.000000	0.000000
1019.999094	__gene_K_rbs	729.000000	0.000000	0.000000
1019.999094	__ribosome	0.000000	0.000000	0.000000
1019.999094	bound_ecolipol	1878.000000	0.000000	0.000000
1019.999094	bound_ribosome	100.000000	0.000000	0.000000
1019.999094	ecoli_genome	122.000000	0.000000	0.000000
1019.999094	ecoli_transcript	75992.000000	0.000000	0.000000
1019.999094	ecolipol	31.000000	0.000000	0.000000
1019.999094	gene_A	288.000000	745.000000	0.001342
1019.999094	gene_A*	172.000000	733.000000	0.004093
1019.999094	gene_B	220.000000	738.000000	0.000000
1019.999094	gene_C	166.000000	728.000000	0.000000
1019.999094	gene_D	155.000000	723.000000	0.000000
1019.999094	gene_E	155.000000	718.000000	0.000000
1019.999094	gene_F	111.000000	492.000000	0.000000
1019.999094	gene_G	35.000000	372.000000	0.080645
1019.999094	gene_H	0.000000	248.000000	0.104839
1019.999094	gene_J	120.000000	711.000000	0.056259
1019.999094	gene_K	152.000000	728.000000	0.000000
1019.999094	promoter_A	0.000000	0.000000	0.000000
1019.999094	promoter_B1	0.000000	0.000000	0.000000
1019.999094	promoter_D	0.000000	0.000000	0.000000
1024.999229	__gene_A*_rbs	737.000000	0.000000	0.000000
1024.999229	__gene_A_rbs	749.000000	0.000000	0.000000
1024.999229	__gene_B_rbs	742.000000	0.000000	0.000000
1024.999229	__gene_C_rbs	731.000000	0.000000	0.000000
1024.999229	__gene_D_rbs	726.000000	0.000000	0.000000
1024.999229	__gene_E_rbs	722.000000	0.000000	0.000000
1024.999229	__gene_F_rbs	495.000000	0.000000	0.000000
1024.999229	__gene_G_rbs	375.000000	0.000000	0.000000
1024.999229	__gene_H_rbs	250.000000	0.000000	0.000000
1024.999229	__gene_J_rbs	716.000000	0.000000	0.000000
1024.999229	__gene_K_rbs	733.000000	0.000000	0.000000
1024.999229	__ribosome	0.000000	0.000000	0.000000
1024.999229	bound_ecolipol	1883.000000	0.000000	0.000000
1024.999229	bound_ribosome	100.000000	0.000000	0.000000
1024.999229	ecoli_genome	117.000000	0.000000	0.000000
1024.999229	ecoli_transcript	76344.000000	0.000000	0.000000
1024.999229	ecolipol	25.000000	0.000000	0.000000
1024.999229	gene_A	288.000000	749.000000	0.001335
1024.999229	gene_A*	172.000000	737.000000	0.004071
1024.999229	gene_B	220.000000	742.000000	0.000000
1024.999229	gene_C	166.000000	731.000000	0.000000
1024.999229	gene_D	155.000000	726.000000	0.000000
1024.999229	gene_E	155.000000	722.000000	0.000000
1024.999229	gene_F	111.000000	495.000000	0.000000
1024.999229	gene_G	35.000000	375.000000	0.080000
1024.999229	gene_H	0.000000	250.000000	0.104000
1024.999229	gene_J	120.000000	715.000000	0.055944
1024.999229	gene_K	152.000000	732.000000	0.000000
1024.999229	promoter_A	0.000000	0.000000	0.000000
1024.999229	promoter_B1	0.000000	0.000000	0.000000
1024.999229	promoter_D	0.000000	0.000000	0.000000
1029.999078	__gene_A*_rbs	740.000000	0.000000	0.000000
1029.999078	__gene_A_rbs	753.000000	0.000000	0.000000
1029.999078	__gene_B_rbs	746.000000	0.000000	0.000000
1029.999078	__gene_C_rbs	734.000000	0.000000	0.000000
1029.999078	__gene_D_rbs	730.000000	0.000000	0.000000
1029.999078	__gene_E_rbs	726.000000	0.000000	0.000000
1029.999078	__gene_F_rbs	498.000000	0.000000	0.000000
1029.999078	__gene_G_rbs	376.000000	0.000000	0.000000
1029.999078	__gene_H_rbs	250.000000	0.000000	0.000000
1029.999078	__gene_J_rbs	719.000000	0.000000	0.000000
1029.999078	__gene_K_rbs	737.000000	0.000000	0.000000
1029.999078	__ribosome	0.000000	0.000000	0.000000
1029.999078	bound_ecolipol	1875.000000	0.000000	0.000000
1029.999078	bound_ribosome	100.000000	0.000000	0.000000
1029.999078	ecoli_genome	125.000000	0.000000	0.000000
1029.999078	ecoli_transcript	76705.000000	0.000000	0.000000
1029.999078	ecolipol	35.000000	0.000000	0.000000
1029.999078	gene_A	288.000000	753.000000	0.001328
1029.999078	gene_A*	173.000000	740.000000	0.002703
1029.999078	gene_B	220.000000	746.000000	0.000000
1029.999078	gene_C	166.000000	734.000000	0.000000
1029.999078	gene_D	155.000000	730.000000	0.000000
1029.999078	gene_E	155.000000	726.000000	0.001377
1029.999078	gene_F	111.000000	498.000000	0.000000
1029.999078	gene_G	35.000000	376.000000	0.079787
1029.999078	gene_H	0.000000	250.000000	0.104000
1029.999078	gene_J	120.000000	718.000000	0.055710
1029.999078	gene_K	152.000000	736.000000	0.000000
1029.999078	promoter_A	0.000000	0.000000	0.000000
1029.999078	promoter_B1	0.000000	0.000000	0.000000
1029.999078	promoter_D	0.000000	0.000000	0.000000
1034.999012	__gene_A*_rbs	744.000000	0.000000	0.000000
1034.999012	__gene_A_rbs	756.000000	0.000000	0.000000
1034.999012	__gene_B_rbs	750.000000	0.000000	0.000000
1034.999012	__gene_C_rbs	738.000000	0.000000	0.000000
1034.999012	__gene_D_rbs	733.000000	0.000000	0.000000
1034.999012	__gene_E_rbs	730.000000	0.000000	0.000000
1034.999012	__gene_F_rbs	500.000000	0.000000	0.000000
1034.999012	__gene_G_rbs	376.000000	0.000000	0.000000
1034.999012	__gene_H_rbs	251.000000	0.000000	0.000000
1034.999012	__gene_J_rbs	723.000000	0.000000	0.000000
1034.999012	__gene_K_rbs	740.000000	0.000000	0.000000
1034.999012	__ribosome	0.000000	0.000000	0.000000
1034.999012	bound_ecolipol	1877.000000	0.000000	0.000000
1034.999012	bound_ribosome	100.000000	0.000000	0.000000
1034.999012	ecoli_genome	123.000000	0.000000	0.000000
1034.999012	ecoli_transcript	77071.000000	0.000000	0.000000
1034.999012	ecolipol	36.000000	0.000000	0.000000
1034.999012	gene_A	288.000000	756.000000	0.001323
1034.999012	gene_A*	174.000000	744.000000	0.001344
1034.999012	gene_B	220.000000	750.000000	0.000000
1034.999012	gene_C	166.000000	738.000000	0.000000
1034.999012	gene_D	155.000000	733.000000	0.000000
1034.999012	gene_E	155.000000	730.000000	0.001370
1034.999012	gene_F	111.000000	500.000000	0.000000
1034.999012	gene_G	35.000000	376.000000	0.079787
1034.999012	gene_H	0.000000	251.000000	0.107570
1034.999012	gene_J	120.000000	722.000000	0.055402
1034.999012	gene_K	152.000000	739.000000	0.000000
1034.999012	promoter_A	0.000000	0.000000	0.000000
1034.999012	promoter_B1	0.000000	0.000000	0.000000
1034.999012	promoter_D	0.000000	0.000000	0.000000
1039.999231	__gene_A*_rbs	748.000000	0.000000	0.000000
1039.999231	__gene_A_rbs	760.000000	0.000000	0.000000
1039.999231	__gene_B_rbs	753.000000	0.000000	0.000000
1039.999231	__gene_C_rbs	742.000000	0.000000	0.000000
1039.999231	__gene_D_rbs	737.000000	0.000000	0.000000
1039.999231	__gene_E_rbs	733.000000	0.000000	0.000000
1039.999231	__gene_F_rbs	503.000000	0.000000	0.000000
1039.999231	__gene_G_rbs	377.000000	0.000000	0.000000
1039.999231	__gene_H_rbs	252.000000	0.000000	0.000000
1039.999231	__gene_J_rbs	727.000000	0.000000	0.000000
1039.999231	__gene_K_rbs	744.000000	0.000000	0.000000
1039.999231	__ribosome	0.000000	0.000000	0.000000
1039.999231	bound_ecolipol	1880.000000	0.000000	0.000000
1039.999231	bound_ribosome	100.000000	0.000000	0.000000
1039.999231	ecoli_genome	120.000000	0.000000	0.000000
1039.999231	ecoli_transcript	77457.000000	0.000000	0.000000
1039.999231	ecolipol	31.000000	0.000000	0.000000
1039.999231	gene_A	288.000000	760.000000	0.002632
1039.999231	gene_A*	175.000000	748.000000	0.000000
1039.999231	gene_B	220.000000	753.000000	0.000000
1039.999231	gene_C	166.000000	742.000000	0.001348
1039.999231	gene_D	155.000000	737.000000	0.000000
1039.999231	gene_E	156.000000	733.000000	0.000000
1039.999231	gene_F	111.000000	503.000000	0.000000
1039.999231	gene_G	35.000000	377.000000	0.079576
1039.999231	gene_H	0.000000	252.000000	0.107143
1039.999231	gene_J	120.000000	726.000000	0.055096
1039.999231	gene_K	152.000000	743.000000	0.000000
1039.999231	promoter_A	0.000000	0.000000	0.000000
1039.999231	promoter_B1	0.000000	0.000000	0.000000
1039.999231	promoter_D	0.000000	0.000000	0.000000
1044.999141	__gene_A*_rbs	752.000000	0.000000	0.000000
1044.999141	__gene_A_rbs	764.000000	0.000000	0.000000
1044.999141	__gene_B_rbs	757.000000	0.000000	0.000000
1044.999141	__gene_C_rbs	746.000000	0.000000	0.000000
1044.999141	__gene_D_rbs	739.000000	0.000000	0.000000
1044.999141	__gene_E_rbs	737.000000	0.000000	0.000000
1044.999141	__gene_F_rbs	505.000000	0.000000	0.000000
1044.999141	__gene_G_rbs	379.000000	0.000000	0.000000
1044.999141	__gene_H_rbs	254.000000	0.000000	0.000000
1044.999141	__gene_J_rbs	731.000000	0.000000	0.000000
1044.999141	__gene_K_rbs	748.000000	0.000000	0.000000
1044.999141	__ribosome	0.000000	0.000000	0.000000
1044.999141	bound_ecolipol	1874.000000	0.000000	0.000000
1044.999141	bound_ribosome	100.000000	0.000000	0.000000
1044.999141	ecoli_genome	126.000000	0.000000	0.000000
1044.999141	ecoli_transcript	77813.000000	0.000000	0.000000
1044.999141	ecolipol	37.000000	0.000000	0.000000
1044.999141	gene_A	288.000000	764.000000	0.002618
1044.999141	gene_A*	175.000000	752.000000	0.000000
1044.999141	gene_B	220.000000	757.000000	0.000000
1044.999141	gene_C	166.000000	746.000000	0.001340
1044.999141	gene_D	155.000000	740.000000	0.000000
1044.999141	gene_E	156.000000	737.000000	0.000000
1044.999141	gene_F	111.000000	505.000000	0.000000
1044.999141	gene_G	35.000000	379.000000	0.079156
1044.999141	gene_H	0.000000	254.000000	0.106299
1044.999141	gene_J	120.000000	730.000000	0.054795
1044.999141	gene_K	152.000000	747.000000	0.000000
1044.999141	promoter_A	0.000000	0.000000	0.000000
1044.999141	promoter_B1	0.000000	0.000000	0.000000
1044.999141	promoter_D	0.000000	0.000000	0.000000
1049.999040	__gene_A*_rbs	755.000000	0.000000	0.000000
1049.999040	__gene_A_rbs	767.000000	0.000000	0.000000
1049.999040	__gene_B_rbs	760.000000	0.000000	0.000000
1049.999040	__gene_C_rbs	749.000000	0.000000	0.000000
1049.999040	__gene_D_rbs	744.000000	0.000000	0.000000
1049.999040	__gene_E_rbs	740.000000	0.000000	0.000000
1049.999040	__gene_F_rbs	508.000000	0.000000	0.000000
1049.999040	__gene_G_rbs	381.000000	0.000000	0.000000
1049.999040	__gene_H_rbs	254.000000	0.000000	0.000000
1049.999040	__gene_J_rbs	734.000000	0.000000	0.000000
1049.999040	__gene_K_rbs	752.000000	0.000000	0.000000
1049.999040	__ribosome	0.000000	0.000000	0.000000
1049.999040	bound_ecolipol	1871.000000	0.000000	0.000000
1049.999040	bound_ribosome	100.000000	0.000000	0.000000
1049.999040	ecoli_genome	129.000000	0.000000	0.000000
1049.999040	ecoli_transcript	78208.000000	0.000000	0.000000
1049.999040	ecolipol	40.000000	0.000000	0.000000
1049.999040	gene_A	288.000000	767.000000	0.002608
1049.999040	gene_A*	175.000000	755.000000	0.000000
1049.999040	gene_B	220.000000	760.000000	0.001316
1049.999040	gene_C	167.000000	749.000000	0.000000
1049.999040	gene_D	155.000000	744.000000	0.000000
1049.999040	gene_E	156.000000	740.000000	0.000000
1049.999040	gene_F	111.000000	508.000000	0.000000
1049.999040	gene_G	35.000000	381.000000	0.078740
1049.999040	gene_H	0.000000	254.000000	0.106299
1049.999040	gene_J	120.000000	733.000000	0.054570
1049.999040	gene_K	152.000000	751.000000	0.000000
1049.999040	promoter_A	0.000000	0.000000	0.000000
1049.999040	promoter_B1	0.000000	0.000000	0.000000
1049.999040	promoter_D	0.000000	0.000000	0.000000
1054.999117	__gene_A*_rbs	759.000000	0.000000	0.000000
1054.999117	__gene_A_rbs	771.000000	0.000000	0.000000
1054.999117	__gene_B_rbs	764.000000	0.000000	0.000000
1054.999117	__gene_C_rbs	753.000000	0.000000	0.000000
1054.999117	__gene_D_rbs	748.000000	0.000000	0.000000
1054.999117	__gene_E_rbs	743.000000	0.000000	0.000000
1054.999117	__gene_F_rbs	510.000000	0.000000	0.000000
1054.999117	__gene_G_rbs	383.000000	0.000000	0.000000
1054.999117	__gene_H_rbs	254.000000	0.000000	0.000000
1054.999117	__gene_J_rbs	737.000000	0.000000	0.000000
1054.999117	__gene_K_rbs	755.000000	0.000000	0.000000
1054.999117	__ribosome	0.000000	0.000000	0.000000
1054.999117	bound_ecolipol	1880.000000	0.000000	0.000000
1054.999117	bound_ribosome	100.000000	0.000000	0.000000
1054.999117	ecoli_genome	120.000000	0.000000	0.000000
1054.999117	ecoli_transcript	78584.000000	0.000000	0.000000
1054.999117	ecolipol	32.000000	0.000000	0.000000
1054.999117	gene_A	288.000000	771.000000	0.002594
1054.999117	gene_A*	175.000000	759.000000	0.000000
1054.999117	gene_B	220.000000	764.000000	0.001309
1054.999117	gene_C	167.000000	753.000000	0.000000
1054.999117	gene_D	155.000000	748.000000	0.000000
1054.999117	gene_E	156.000000	743.000000	0.000000
1054.999117	gene_F	111.000000	510.000000	0.000000
1054.999117	gene_G	35.000000	383.000000	0.078329
1054.999117	gene_H	0.000000	254.000000	0.106299
1054.999117	gene_J	120.000000	736.000000	0.054348
1054.999117	gene_K	152.000000	754.000000	0.000000
1054.999117	promoter_A	0.000000	0.000000	0.000000
1054.999117	promoter_B1	0.000000	0.000000	0.000000
1054.999117	promoter_D	0.000000	0.000000	0.000000
1059.999018	__gene_A*_rbs	762.000000	0.000000	0.000000
1059.999018	__gene_A_rbs	775.000000	0.000000	0.000000
1059.999018	__gene_B_rbs	768.000000	0.000000	0.000000
1059.999018	__gene_C_rbs	757.000000	0.000000	0.000000
1059.999018	__gene_D_rbs	752.000000	0.000000	0.000000
1059.999018	__gene_E_rbs	747.000000	0.000000	0.000000
1059.999018	__gene_F_rbs	513.000000	0.000000	0.000000
1059.999018	__gene_G_rbs	384.000000	0.000000	0.000000
1059.999018	__gene_H_rbs	255.000000	0.000000	0.000000
1059.999018	__gene_J_rbs	741.000000	0.000000	0.000000
1059.999018	__gene_K_rbs	759.000000	0.000000	0.000000
1059.999018	__ribosome	0.000000	0.000000	0.000000
1059.999018	bound_ecolipol	1870.000000	0.000000	0.000000
1059.999018	bound_ribosome	100.000000	0.000000	0.000000
1059.999018	ecoli_genome	130.000000	0.000000	0.000000
1059.999018	ecoli_transcript	78983.000000	0.000000	0.000000
1059.999018	ecolipol	42.000000	0.000000	0.000000
1059.999018	gene_A	288.000000	775.000000	0.002581
1059.999018	gene_A*	175.000000	762.000000	0.000000
1059.999018	gene_B	221.000000	768.000000	0.000000
1059.999018	gene_C	167.000000	757.000000	0.000000
1059.999018	gene_D	155.000000	752.000000	0.000000
1059.999018	gene_E	156.000000	747.000000	0.000000
1059.999018	gene_F	111.000000	513.000000	0.000000
1059.999018	gene_G	35.000000	384.000000	0.078125
1059.999018	gene_H	0.000000	255.000000	0.105882
1059.999018	gene_J	120.000000	740.000000	0.054054
1059.999018	gene_K	152.000000	758.000000	0.001319
1059.999018	promoter_A	0.000000	0.000000	0.000000
1059.999018	promoter_B1	0.000000	0.000000	0.000000
1059.999018	promoter_D	0.000000	0.000000	0.000000
1064.999105	__gene_A*_rbs	766.000000	0.000000	0.000000
1064.999105	__gene_A_rbs	778.000000	0.000000	0.000000
1064.999105	__gene_B_rbs	771.000000	0.000000	0.000000
1064.999105	__gene_C_rbs	760.000000	0.000000	0.000000
1064.999105	__gene_D_rbs	756.000000	0.000000	0.000000
1064.999105	__gene_E_rbs	751.000000	0.000000	0.000000
1064.999105	__gene_F_rbs	515.000000	0.000000	0.000000
1064.999105	__gene_G_rbs	386.000000	0.000000	0.000000
1064.999105	__gene_H_rbs	257.000000	0.000000	0.000000
1064.999105	__gene_J_rbs	745.000000	0.000000	0.000000
1064.999105	__gene_K_rbs	763.000000	0.000000	0.000000
1064.999105	__ribosome	0.000000	0.000000	0.000000
1064.999105	bound_ecolipol	1874.000000	0.000000	0.000000
1064.999105	bound_ribosome	100.000000	0.000000	0.000000
1064.999105	ecoli_genome	126.000000	0.000000	0.000000
1064.999105	ecoli_transcript	79331.000000	0.000000	0.000000
1064.999105	ecolipol	35.000000	0.000000	0.000000
1064.999105	gene_A	288.000000	778.000000	0.002571
1064.999105	gene_A*	175.000000	766.000000	0.000000
1064.999105	gene_B	221.000000	771.000000	0.000000
1064.999105	gene_C	167.000000	760.000000	0.000000
1064.999105	gene_D	155.000000	756.000000	0.000000
1064.999105	gene_E	156.000000	751.000000	0.000000
1064.999105	gene_F	111.000000	515.000000	0.001942
1064.999105	gene_G	35.000000	386.000000	0.077720
1064.999105	gene_H	0.000000	257.000000	0.105058
1064.999105	gene_J	120.000000	744.000000	0.053763
1064.999105	gene_K	153.000000	762.000000	0.000000
1064.999105	promoter_A	0.000000	0.000000	0.000000
1064.999105	promoter_B1	0.000000	0.000000	0.000000
1064.999105	promoter_D	0.000000	0.000000	0.000000
1069.999002	__gene_A*_rbs	770.000000	0.000000	0.000000
1069.999002	__gene_A_rbs	782.000000	0.000000	0.000000
1069.999002	__gene_B_rbs	775.000000	0.000000	0.000000
1069.999002	__gene_C_rbs	764.000000	0.000000	0.000000
1069.999002	__gene_D_rbs	759.000000	0.000000	0.000000
1069.999002	__gene_E_rbs	755.000000	0.000000	0.000000
1069.999002	__gene_F_rbs	519.000000	0.000000	0.000000
1069.999002	__gene_G_rbs	388.000000	0.000000	0.000000
1069.999002	__gene_H_rbs	258.000000	0.000000	0.000000
1069.999002	__gene_J_rbs	748.000000	0.000000	0.000000
1069.999002	__gene_K_rbs	766.000000	0.000000	0.000000
1069.999002	__ribosome	0.000000	0.000000	0.000000
1069.999002	bound_ecolipol	1868.000000	0.000000	0.000000
1069.999002	bound_ribosome	100.000000	0.000000	0.000000
1069.999002	ecoli_genome	132.000000	0.000000	0.000000
1069.999002	ecoli_transcript	79698.000000	0.000000	0.000000
1069.999002	ecolipol	41.000000	0.000000	0.000000
1069.999002	gene_A	289.000000	782.000000	0.001279
1069.999002	gene_A*	175.000000	770.000000	0.000000
1069.999002	gene_B	221.000000	775.000000	0.000000
1069.999002	gene_C	167.000000	764.000000	0.001309
1069.999002	gene_D	155.000000	759.000000	0.000000
1069.999002	gene_E	156.000000	755.000000	0.000000
1069.999002	gene_F	111.000000	519.000000	0.001927
1069.999002	gene_G	35.000000	388.000000	0.077320
1069.999002	gene_H	0.000000	258.000000	0.104651
1069.999002	gene_J	120.000000	747.000000	0.053548
1069.999002	gene_K	153.000000	765.000000	0.000000
1069.999002	promoter_A	0.000000	0.000000	0.000000
1069.999002	promoter_B1	0.000000	0.000000	0.000000
1069.999002	promoter_D	0.000000	0.000000	0.000000
1074.999132	__gene_A*_rbs	773.000000	0.000000	0.000000
1074.999132	__gene_A_rbs	785.000000	0.000000	0.000000
1074.999132	__gene_B_rbs	779.000000	0.000000	0.000000
1074.999132	__gene_C_rbs	768.000000	0.000000	0.000000
1074.999132	__gene_D_rbs	762.000000	0.000000	0.000000
1074.999132	__gene_E_rbs	759.000000	0.000000	0.000000
1074.999132	__gene_F_rbs	522.000000	0.000000	0.000000
1074.999132	__gene_G_rbs	391.000000	0.000000	0.000000
1074.999132	__gene_H_rbs	259.000000	0.000000	0.000000
1074.999132	__gene_J_rbs	752.000000	0.000000	0.000000
1074.999132	__gene_K_rbs	770.000000	0.000000	0.000000
1074.999132	__ribosome	0.000000	0.000000	0.000000
1074.999132	bound_ecolipol	1871.000000	0.000000	0.000000
1074.999132	bound_ribosome	100.000000	0.000000	0.000000
1074.999132	ecoli_genome	129.000000	0.000000	0.000000
1074.999132	ecoli_transcript	80104.000000	0.000000	0.000000
1074.999132	ecolipol	38.000000	0.000000	0.000000
1074.999132	gene_A	289.000000	785.000000	0.001274
1074.999132	gene_A*	175.000000	773.000000	0.000000
1074.999132	gene_B	221.000000	779.000000	0.000000
1074.999132	gene_C	167.000000	768.000000	0.001302
1074.999132	gene_D	155.000000	762.000000	0.000000
1074.999132	gene_E	156.000000	759.000000	0.000000
1074.999132	gene_F	111.000000	522.000000	0.001916
1074.999132	gene_G	35.000000	391.000000	0.076726
1074.999132	gene_H	0.000000	259.000000	0.104247
1074.999132	gene_J	120.000000	751.000000	0.053262
1074.999132	gene_K	153.000000	769.000000	0.000000
1074.999132	promoter_A	0.000000	0.000000	0.000000
1074.999132	promoter_B1	0.000000	0.000000	0.000000
1074.999132	promoter_D	0.000000	0.000000	0.000000
1079.999137	__gene_A*_rbs	777.000000	0.000000	0.000000
1079.999137	__gene_A_rbs	789.000000	0.000000	0.000000
1079.999137	__gene_B_rbs	782.000000	0.000000	0.000000
1079.999137	__gene_C_rbs	771.000000	0.000000	0.000000
1079.999137	__gene_D_rbs	766.000000	0.000000	0.000000
1079.999137	__gene_E_rbs	762.000000	0.000000	0.000000
1079.999137	__gene_F_rbs	525.000000	0.000000	0.000000
1079.999137	__gene_G_rbs	394.000000	0.000000	0.000000
1079.999137	__gene_H_rbs	260.000000	0.000000	0.000000
1079.999137	__gene_J_rbs	755.000000	0.000000	0.000000
1079.999137	__gene_K_rbs	773.000000	0.000000	0.000000
1079.999137	__ribosome	0.000000	0.000000	0.000000
1079.999137	bound_ecolipol	1866.000000	0.000000	0.000000
1079.999137	bound_ribosome	100.000000	0.000000	0.000000
1079.999137	ecoli_genome	134.000000	0.000000	0.000000
1079.999137	ecoli_transcript	80522.000000	0.000000	0.000000
1079.999137	ecolipol	39.000000	0.000000	0.000000
1079.999137	gene_A	289.000000	789.000000	0.002535
1079.999137	gene_A*	175.000000	777.000000	0.000000
1079.999137	gene_B	221.000000	782.000000	0.000000
1079.999137	gene_C	168.000000	771.000000	0.000000
1079.999137	gene_D	155.000000	766.000000	0.000000
1079.999137	gene_E	156.000000	762.000000	0.000000
1079.999137	gene_F	111.000000	525.000000	0.001905
1079.999137	gene_G	35.000000	394.000000	0.076142
1079.999137	gene_H	0.000000	260.000000	0.103846
1079.999137	gene_J	120.000000	754.000000	0.053050
1079.999137	gene_K	153.000000	772.000000	0.000000
1079.999137	promoter_A	0.000000	0.000000	0.000000
1079.999137	promoter_B1	0.000000	0.000000	0.000000
1079.999137	promoter_D	0.000000	0.000000	0.000000
1084.999264	__gene_A*_rbs	781.000000	0.000000	0.000000
1084.999264	__gene_A_rbs	793.000000	0.000000	0.000000
1084.999264	__gene_B_rbs	786.000000	0.000000	0.000000
1084.999264	__gene_C_rbs	775.000000	0.000000	0.000000
1084.999264	__gene_D_rbs	770.000000	0.000000	0.000000
1084.999264	__gene_E_rbs	766.000000	0.000000	0.000000
1084.999264	__gene_F_rbs	529.000000	0.000000	0.000000
1084.999264	__gene_G_rbs	395.000000	0.000000	0.000000
1084.999264	__gene_H_rbs	261.000000	0.000000	0.000000
1084.999264	__gene_J_rbs	759.000000	0.000000	0.000000
1084.999264	__gene_K_rbs	777.000000	0.000000	0.000000
1084.999264	__ribosome	0.000000	0.000000	0.000000
1084.999264	bound_ecolipol	1860.000000	0.000000	0.000000
1084.999264	bound_ribosome	100.000000	0.000000	0.000000
1084.999264	ecoli_genome	140.000000	0.000000	0.000000
1084.999264	ecoli_transcript	80900.000000	0.000000	0.000000
1084.999264	ecolipol	43.000000	0.000000	0.000000
1084.999264	gene_A	289.000000	793.000000	0.002522
1084.999264	gene_A*	175.000000	781.000000	0.000000
1084.999264	gene_B	221.000000	786.000000	0.000000
1084.999264	gene_C	168.000000	775.000000	0.000000
1084.999264	gene_D	155.000000	770.000000	0.000000
1084.999264	gene_E	156.000000	766.000000	0.000000
1084.999264	gene_F	111.000000	529.000000	0.001890
1084.999264	gene_G	35.000000	395.000000	0.075949
1084.999264	gene_H	0.000000	261.000000	0.103448
1084.999264	gene_J	120.000000	758.000000	0.052770
1084.999264	gene_K	153.000000	776.000000	0.000000
1084.999264	promoter_A	0.000000	0.000000	0.000000
1084.999264	promoter_B1	0.000000	0.000000	0.000000
1084.999264	promoter_D	0.000000	0.000000	0.000000
1089.999067	__gene_A*_rbs	785.000000	0.000000	0.000000
1089.999067	__gene_A_rbs	797.000000	0.000000	0.000000
1089.999067	__gene_B_rbs	790.000000	0.000000	0.000000
1089.999067	__gene_C_rbs	779.000000	0.000000	0.000000
1089.999067	__gene_D_rbs	774.000000	0.000000	0.000000
1089.999067	__gene_E_rbs	769.000000	0.000000	0.000000
1089.999067	__gene_F_rbs	531.000000	0.000000	0.000000
1089.999067	__gene_G_rbs	397.000000	0.000000	0.000000
1089.999067	__gene_H_rbs	265.000000	0.000000	0.000000
1089.999067	__gene_J_rbs	763.000000	0.000000	0.000000
1089.999067	__gene_K_rbs	781.000000	0.000000	0.000000
1089.999067	__ribosome	0.000000	0.000000	0.000000
1089.999067	bound_ecolipol	1871.000000	0.000000	0.000000
1089.999067	bound_ribosome	100.000000	0.000000	0.000000
1089.999067	ecoli_genome	129.000000	0.000000	0.000000
1089.999067	ecoli_transcript	81259.000000	0.000000	0.000000
1089.999067	ecolipol	32.000000	0.000000	0.000000
1089.999067	gene_A	290.000000	797.000000	0.001255
1089.999067	gene_A*	175.000000	785.000000	0.000000
1089.999067	gene_B	221.000000	790.000000	0.001266
1089.999067	gene_C	168.000000	779.000000	0.000000
1089.999067	gene_D	155.000000	774.000000	0.000000
1089.999067	gene_E	156.000000	769.000000	0.000000
1089.999067	gene_F	111.000000	531.000000	0.001883
1089.999067	gene_G	35.000000	397.000000	0.075567
1089.999067	gene_H	0.000000	265.000000	0.101887
1089.999067	gene_J	120.000000	762.000000	0.052493
1089.999067	gene_K	153.000000	780.000000	0.000000
1089.999067	promoter_A	0.000000	0.000000	0.000000
1089.999067	promoter_B1	0.000000	0.000000	0.000000
1089.999067	promoter_D	0.000000	0.000000	0.000000
1094.999169	__gene_A*_rbs	788.000000	0.000000	0.000000
1094.999169	__gene_A_rbs	800.000000	0.000000	0.000000
1094.999169	__gene_B_rbs	794.000000	0.000000	0.000000
1094.999169	__gene_C_rbs	783.000000	0.000000	0.000000
1094.999169	__gene_D_rbs	777.000000	0.000000	0.000000
1094.999169	__gene_E_rbs	773.000000	0.000000	0.000000
1094.999169	__gene_F_rbs	532.000000	0.000000	0.000000
1094.999169	__gene_G_rbs	401.000000	0.000000	0.000000
1094.999169	__gene_H_rbs	268.000000	0.000000	0.000000
1094.999169	__gene_J_rbs	767.000000	0.000000	0.000000
1094.999169	__gene_K_rbs	785.000000	0.000000	0.000000
1094.999169	__ribosome	0.000000	0.000000	0.000000
1094.999169	bound_ecolipol	1871.000000	0.000000	0.000000
1094.999169	bound_ribosome	100.000000	0.000000	0.000000
1094.999169	ecoli_genome	129.000000	0.000000	0.000000
1094.999169	ecoli_transcript	81635.000000	0.000000	0.000000
1094.999169	ecolipol	30.000000	0.000000	0.000000
1094.999169	gene_A	290.000000	800.000000	0.001250
1094.999169	gene_A*	175.000000	788.000000	0.000000
1094.999169	gene_B	221.000000	794.000000	0.001259
1094.999169	gene_C	168.000000	783.000000	0.000000
1094.999169	gene_D	155.000000	777.000000	0.000000
1094.999169	gene_E	156.000000	773.000000	0.000000
1094.999169	gene_F	111.000000	532.000000	0.001880
1094.999169	gene_G	35.000000	401.000000	0.074813
1094.999169	gene_H	0.000000	268.000000	0.100746
1094.999169	gene_J	120.000000	766.000000	0.052219
1094.999169	gene_K	153.000000	784.000000	0.000000
1094.999169	promoter_A	0.000000	0.000000	0.000000
1094.999169	promoter_B1	0.000000	0.000000	0.000000
1094.999169	promoter_D	0.000000	0.000000	0.000000
1099.999052	__gene_A*_rbs	792.000000	0.000000	0.000000
1099.999052	__gene_A_rbs	804.000000	0.000000	0.000000
1099.999052	__gene_B_rbs	797.000000	0.000000	0.000000
1099.999052	__gene_C_rbs	787.000000	0.000000	0.000000
1099.999052	__gene_D_rbs	781.000000	0.000000	0.000000
1099.999052	__gene_E_rbs	777.000000	0.000000	0.000000
1099.999052	__gene_F_rbs	536.000000	0.000000	0.000000
1099.999052	__gene_G_rbs	403.000000	0.000000	0.000000
1099.999052	__gene_H_rbs	269.000000	0.000000	0.000000
1099.999052	__gene_J_rbs	770.000000	0.000000	0.000000
1099.999052	__gene_K_rbs	789.000000	0.000000	0.000000
1099.999052	__ribosome	0.000000	0.000000	0.000000
1099.999052	bound_ecolipol	1868.000000	0.000000	0.000000
1099.999052	bound_ribosome	100.000000	0.000000	0.000000
1099.999052	ecoli_genome	132.000000	0.000000	0.000000
1099.999052	ecoli_transcript	82007.000000	0.000000	0.000000
1099.999052	ecolipol	31.000000	0.000000	0.000000
1099.999052	gene_A	290.000000	804.000000	0.001244
1099.999052	gene_A*	175.000000	792.000000	0.000000
1099.999052	gene_B	222.000000	798.000000	0.001253
1099.999052	gene_C	168.000000	787.000000	0.000000
1099.999052	gene_D	155.000000	781.000000	0.000000
1099.999052	gene_E	156.000000	777.000000	0.000000
1099.999052	gene_F	111.000000	536.000000	0.001866
1099.999052	gene_G	35.000000	403.000000	0.074442
1099.999052	gene_H	0.000000	269.000000	0.100372
1099.999052	gene_J	120.000000	769.000000	0.052016
1099.999052	gene_K	153.000000	788.000000	0.000000
1099.999052	promoter_A	0.000000	0.000000	0.000000
1099.999052	promoter_B1	0.000000	0.000000	0.000000
1099.999052	promoter_D	0.000000	0.000000	0.000000
1104.999571	__gene_A*_rbs	795.000000	0.000000	0.000000
1104.999571	__gene_A_rbs	808.000000	0.000000	0.000000
1104.999571	__gene_B_rbs	801.000000	0.000000	0.000000
1104.999571	__gene_C_rbs	790.000000	0.000000	0.000000
1104.999571	__gene_D_rbs	784.000000	0.000000	0.000000
1104.999571	__gene_E_rbs	781.000000	0.000000	0.000000
1104.999571	__gene_F_rbs	538.000000	0.000000	0.000000
1104.999571	__gene_G_rbs	404.000000	0.000000	0.000000
1104.999571	__gene_H_rbs	272.000000	0.000000	0.000000
1104.999571	__gene_J_rbs	774.000000	0.000000	0.000000
1104.999571	__gene_K_rbs	792.000000	0.000000	0.000000
1104.999571	__ribosome	0.000000	0.000000	0.000000
1104.999571	bound_ecolipol	1861.000000	0.000000	0.000000
1104.999571	bound_ribosome	100.000000	0.000000	0.000000
1104.999571	ecoli_genome	139.000000	0.000000	0.000000
1104.999571	ecoli_transcript	82423.000000	0.000000	0.000000
1104.999571	ecolipol	37.000000	0.000000	0.000000
1104.999571	gene_A	290.000000	808.000000	0.001238
1104.999571	gene_A*	175.000000	795.000000	0.000000
1104.999571	gene_B	222.000000	801.000000	0.001248
1104.999571	gene_C	168.000000	790.000000	0.000000
1104.999571	gene_D	155.000000	784.000000	0.000000
1104.999571	gene_E	156.000000	781.000000	0.000000
1104.999571	gene_F	111.000000	538.000000	0.001859
1104.999571	gene_G	35.000000	404.000000	0.074257
1104.999571	gene_H	0.000000	272.000000	0.099265
1104.999571	gene_J	120.000000	773.000000	0.051746
1104.999571	gene_K	153.000000	791.000000	0.000000
1104.999571	promoter_A	0.000000	0.000000	0.000000
1104.999571	promoter_B1	0.000000	0.000000	0.000000
1104.999571	promoter_D	0.000000	0.000000	0.000000
1109.999014	__gene_A*_rbs	799.000000	0.000000	0.000000
1109.999014	__gene_A_rbs	812.000000	0.000000	0.000000
1109.999014	__gene_B_rbs	805.000000	0.000000	0.000000
1109.999014	__gene_C_rbs	793.000000	0.000000	0.000000
1109.999014	__gene_D_rbs	788.000000	0.000000	0.000000
1109.999014	__gene_E_rbs	784.000000	0.000000	0.000000
1109.999014	__gene_F_rbs	541.000000	0.000000	0.000000
1109.999014	__gene_G_rbs	406.000000	0.000000	0.000000
1109.999014	__gene_H_rbs	274.000000	0.000000	0.000000
1109.999014	__gene_J_rbs	778.000000	0.000000	0.000000
1109.999014	__gene_K_rbs	795.000000	0.000000	0.000000
1109.999014	__ribosome	0.000000	0.000000	0.000000
1109.999014	bound_ecolipol	1864.000000	0.000000	0.000000
1109.999014	bound_ribosome	100.000000	0.000000	0.000000
1109.999014	ecoli_genome	136.000000	0.000000	0.000000
1109.999014	ecoli_transcript	82749.000000	0.000000	0.000000
1109.999014	ecolipol	34.000000	0.000000	0.000000
1109.999014	gene_A	290.000000	812.000000	0.001232
1109.999014	gene_A*	175.000000	799.000000	0.000000
1109.999014	gene_B	222.000000	805.000000	0.001242
1109.999014	gene_C	168.000000	793.000000	0.000000
1109.999014	gene_D	155.000000	788.000000	0.000000
1109.999014	gene_E	156.000000	784.000000	0.000000
1109.999014	gene_F	112.000000	541.000000	0.000000
1109.999014	gene_G	35.000000	406.000000	0.073892
1109.999014	gene_H	0.000000	274.000000	0.098540
1109.999014	gene_J	120.000000	777.000000	0.052767
1109.999014	gene_K	153.000000	794.000000	0.000000
1109.999014	promoter_A	0.000000	0.000000	0.000000
1109.999014	promoter_B1	0.000000	0.000000	0.000000
1109.999014	promoter_D	0.000000	0.000000	0.000000
1114.999043	__gene_A*_rbs	802.000000	0.000000	0.000000
1114.999043	__gene_A_rbs	815.000000	0.000000	0.000000
1114.999043	__gene_B_rbs	808.000000	0.000000	0.000000
1114.999043	__gene_C_rbs	797.000000	0.000000	0.000000
1114.999043	__gene_D_rbs	792.000000	0.000000	0.000000
1114.999043	__gene_E_rbs	788.000000	0.000000	0.000000
1114.999043	__gene_F_rbs	543.000000	0.000000	0.000000
1114.999043	__gene_G_rbs	409.000000	0.000000	0.000000
1114.999043	__gene_H_rbs	275.000000	0.000000	0.000000
1114.999043	__gene_J_rbs	782.000000	0.000000	0.000000
1114.999043	__gene_K_rbs	799.000000	0.000000	0.000000
1114.999043	__ribosome	0.000000	0.000000	0.000000
1114.999043	bound_ecolipol	1863.000000	0.000000	0.000000
1114.999043	bound_ribosome	100.000000	0.000000	0.000000
1114.999043	ecoli_genome	137.000000	0.000000	0.000000
1114.999043	ecoli_transcript	83112.000000	0.000000	0.000000
1114.999043	ecolipol	36.000000	0.000000	0.000000
1114.999043	gene_A	290.000000	815.000000	0.001227
1114.999043	gene_A*	175.000000	802.000000	0.001247
1114.999043	gene_B	223.000000	808.000000	0.000000
1114.999043	gene_C	168.000000	797.000000	0.000000
1114.999043	gene_D	155.000000	792.000000	0.000000
1114.999043	gene_E	156.000000	788.000000	0.000000
1114.999043	gene_F	112.000000	543.000000	0.000000
1114.999043	gene_G	35.000000	409.000000	0.073350
1114.999043	gene_H	0.000000	275.000000	0.098182
1114.999043	gene_J	121.000000	781.000000	0.052497
1114.999043	gene_K	153.000000	798.000000	0.000000
1114.999043	promoter_A	0.000000	0.000000	0.000000
1114.999043	promoter_B1	0.000000	0.000000	0.000000
1114.999043	promoter_D	0.000000	0.000000	0.000000
1119.999020	__gene_A*_rbs	806.000000	0.000000	0.000000
1119.999020	__gene_A_rbs	819.000000	0.000000	0.000000
1119.999020	__gene_B_rbs	812.000000	0.000000	0.000000
1119.999020	__gene_C_rbs	801.000000	0.000000	0.000000
1119.999020	__gene_D_rbs	795.000000	0.000000	0.000000
1119.999020	__gene_E_rbs	791.000000	0.000000	0.000000
1119.999020	__gene_F_rbs	547.000000	0.000000	0.000000
1119.999020	__gene_G_rbs	413.000000	0.000000	0.000000
1119.999020	__gene_H_rbs	275.000000	0.000000	0.000000
1119.999020	__gene_J_rbs	785.000000	0.000000	0.000000
1119.999020	__gene_K_rbs	803.000000	0.000000	0.000000
1119.999020	__ribosome	0.000000	0.000000	0.000000
1119.999020	bound_ecolipol	1864.000000	0.000000	0.000000
1119.999020	bound_ribosome	100.000000	0.000000	0.000000
1119.999020	ecoli_genome	136.000000	0.000000	0.000000
1119.999020	ecoli_transcript	83485.000000	0.000000	0.000000
1119.999020	ecolipol	35.000000	0.000000	0.000000
1119.999020	gene_A	290.000000	819.000000	0.001221
1119.999020	gene_A*	175.000000	806.000000	0.001241
1119.999020	gene_B	223.000000	812.000000	0.000000
1119.999020	gene_C	168.000000	801.000000	0.000000
1119.999020	gene_D	155.000000	795.000000	0.000000
1119.999020	gene_E	156.000000	791.000000	0.000000
1119.999020	gene_F	112.000000	547.000000	0.000000
1119.999020	gene_G	35.000000	413.000000	0.072639
1119.999020	gene_H	0.000000	275.000000	0.098182
1119.999020	gene_J	121.000000	784.000000	0.052296
1119.999020	gene_K	153.000000	802.000000	0.000000
1119.999020	promoter_A	0.000000	0.000000	0.000000
1119.999020	promoter_B1	0.000000	0.000000	0.000000
1119.999020	promoter_D	0.000000	0.000000	0.000000
1124.999001	__gene_A*_rbs	809.000000	0.000000	0.000000
1124.999001	__gene_A_rbs	823.000000	0.000000	0.000000
1124.999001	__gene_B_rbs	816.000000	0.000000	0.000000
1124.999001	__gene_C_rbs	803.000000	0.000000	0.000000
1124.999001	__gene_D_rbs	799.000000	0.000000	0.000000
1124.999001	__gene_E_rbs	795.000000	0.000000	0.000000
1124.999001	__gene_F_rbs	550.000000	0.000000	0.000000
1124.999001	__gene_G_rbs	415.000000	0.000000	0.000000
1124.999001	__gene_H_rbs	277.000000	0.000000	0.000000
1124.999001	__gene_J_rbs	788.000000	0.000000	0.000000
1124.999001	__gene_K_rbs	807.000000	0.000000	0.000000
1124.999001	__ribosome	0.000000	0.000000	0.000000
1124.999001	bound_ecolipol	1874.000000	0.000000	0.000000
1124.999001	bound_ribosome	100.000000	0.000000	0.000000
1124.999001	ecoli_genome	126.000000	0.000000	0.000000
1124.999001	ecoli_transcript	83875.000000	0.000000	0.000000
1124.999001	ecolipol	25.000000	0.000000	0.000000
1124.999001	gene_A	290.000000	823.000000	0.001215
1124.999001	gene_A*	175.000000	809.000000	0.001236
1124.999001	gene_B	223.000000	816.000000	0.000000
1124.999001	gene_C	168.000000	804.000000	0.000000
1124.999001	gene_D	155.000000	799.000000	0.000000
1124.999001	gene_E	156.000000	795.000000	0.000000
1124.999001	gene_F	112.000000	550.000000	0.000000
1124.999001	gene_G	35.000000	415.000000	0.072289
1124.999001	gene_H	0.000000	277.000000	0.097473
1124.999001	gene_J	121.000000	787.000000	0.052097
1124.999001	gene_K	153.000000	806.000000	0.000000
1124.999001	promoter_A	0.000000	0.000000	0.000000
1124.999001	promoter_B1	0.000000	0.000000	0.000000
1124.999001	promoter_D	0.000000	0.000000	0.000000
1129.999007	__gene_A*_rbs	813.000000	0.000000	0.000000
1129.999007	__gene_A_rbs	827.000000	0.000000	0.000000
1129.999007	__gene_B_rbs	819.000000	0.000000	0.000000
1129.999007	__gene_C_rbs	808.000000	0.000000	0.000000
1129.999007	__gene_D_rbs	803.000000	0.000000	0.000000
1129.999007	__gene_E_rbs	799.000000	0.000000	0.000000
1129.999007	__gene_F_rbs	554.000000	0.000000	0.000000
1129.999007	__gene_G_rbs	418.000000	0.000000	0.000000
1129.999007	__gene_H_rbs	279.000000	0.000000	0.000000
1129.999007	__gene_J_rbs	792.000000	0.000000	0.000000
1129.999007	__gene_K_rbs	811.000000	0.000000	0.000000
1129.999007	__ribosome	0.000000	0.000000	0.000000
1129.999007	bound_ecolipol	1856.000000	0.000000	0.000000
1129.999007	bound_ribosome	100.000000	0.000000	0.000000
1129.999007	ecoli_genome	144.000000	0.000000	0.000000
1129.999007	ecoli_transcript	84262.000000	0.000000	0.000000
1129.999007	ecolipol	44.000000	0.000000	0.000000
1129.999007	gene_A	291.000000	827.000000	0.000000
1129.999007	gene_A*	175.000000	813.000000	0.001230
1129.999007	gene_B	223.000000	819.000000	0.000000
1129.999007	gene_C	168.000000	808.000000	0.000000
1129.999007	gene_D	155.000000	803.000000	0.000000
1129.999007	gene_E	156.000000	799.000000	0.001252
1129.999007	gene_F	112.000000	554.000000	0.000000
1129.999007	gene_G	35.000000	418.000000	0.071770
1129.999007	gene_H	0.000000	279.000000	0.096774
1129.999007	gene_J	121.000000	791.000000	0.051833
1129.999007	gene_K	153.000000	810.000000	0.000000
1129.999007	promoter_A	0.000000	0.000000	0.000000
1129.999007	promoter_B1	0.000000	0.000000	0.000000
1129.999007	promoter_D	0.000000	0.000000	0.000000
1134.999209	__gene_A*_rbs	817.000000	0.000000	0.000000
1134.999209	__gene_A_rbs	830.000000	0.000000	0.000000
1134.999209	__gene_B_rbs	823.000000	0.000000	0.000000
1134.999209	__gene_C_rbs	812.000000	0.000000	0.000000
1134.999209	__gene_D_rbs	807.000000	0.000000	0.000000
1134.999209	__gene_E_rbs	802.000000	0.000000	0.000000
1134.999209	__gene_F_rbs	556.000000	0.000000	0.000000
1134.999209	__gene_G_rbs	420.000000	0.000000	0.000000
1134.999209	__gene_H_rbs	281.000000	0.000000	0.000000
1134.999209	__gene_J_rbs	796.000000	0.000000	0.000000
1134.999209	__gene_K_rbs	814.000000	0.000000	0.000000
1134.999209	__ribosome	0.000000	0.000000	0.000000
1134.999209	bound_ecolipol	1864.000000	0.000000	0.000000
1134.999209	bound_ribosome	100.000000	0.000000	0.000000
1134.999209	ecoli_genome	136.000000	0.000000	0.000000
1134.999209	ecoli_transcript	84614.000000	0.000000	0.000000
1134.999209	ecolipol	34.000000	0.000000	0.000000
1134.999209	gene_A	291.000000	830.000000	0.000000
1134.999209	gene_A*	175.000000	817.000000	0.002448
1134.999209	gene_B	223.000000	823.000000	0.000000
1134.999209	gene_C	168.000000	812.000000	0.000000
1134.999209	gene_D	155.000000	807.000000	0.000000
1134.999209	gene_E	157.000000	802.000000	0.000000
1134.999209	gene_F	112.000000	556.000000	0.000000
1134.999209	gene_G	35.000000	420.000000	0.071429
1134.999209	gene_H	0.000000	281.000000	0.096085
1134.999209	gene_J	121.000000	795.000000	0.051572
1134.999209	gene_K	153.000000	813.000000	0.000000
1134.999209	promoter_A	0.000000	0.000000	0.000000
1134.999209	promoter_B1	0.000000	0.000000	0.000000
1134.999209	promoter_D	0.000000	0.000000	0.000000
1139.999050	__gene_A*_rbs	821.000000	0.000000	0.000000
1139.999050	__gene_A_rbs	834.000000	0.000000	0.000000
1139.999050	__gene_B_rbs	827.000000	0.000000	0.000000
1139.999050	__gene_C_rbs	816.000000	0.000000	0.000000
1139.999050	__gene_D_rbs	810.000000	0.000000	0.000000
1139.999050	__gene_E_rbs	806.000000	0.000000	0.000000
1139.999050	__gene_F_rbs	559.000000	0.000000	0.000000
1139.999050	__gene_G_rbs	422.000000	0.000000	0.000000
1139.999050	__gene_H_rbs	284.000000	0.000000	0.000000
1139.999050	__gene_J_rbs	799.000000	0.000000	0.000000
1139.999050	__gene_K_rbs	818.000000	0.000000	0.000000
1139.999050	__ribosome	0.000000	0.000000	0.000000
1139.999050	bound_ecolipol	1858.000000	0.000000	0.000000
1139.999050	bound_ribosome	100.000000	0.000000	0.000000
1139.999050	ecoli_genome	142.000000	0.000000	0.000000
1139.999050	ecoli_transcript	84993.000000	0.000000	0.000000
1139.999050	ecolipol	42.000000	0.000000	0.000000
1139.999050	gene_A	291.000000	834.000000	0.000000
1139.999050	gene_A*	175.000000	821.000000	0.002436
1139.999050	gene_B	223.000000	827.000000	0.000000
1139.999050	gene_C	168.000000	816.000000	0.000000
1139.999050	gene_D	155.000000	810.000000	0.000000
1139.999050	gene_E	157.000000	806.000000	0.000000
1139.999050	gene_F	112.000000	559.000000	0.000000
1139.999050	gene_G	35.000000	422.000000	0.071090
1139.999050	gene_H	0.000000	284.000000	0.095070
1139.999050	gene_J	121.000000	798.000000	0.051378
1139.999050	gene_K	153.000000	817.000000	0.000000
1139.999050	promoter_A	0.000000	0.000000	0.000000
1139.999050	promoter_B1	0.000000	0.000000	0.000000
1139.999050	promoter_D	0.000000	0.000000	0.000000
1144.999028	__gene_A*_rbs	824.000000	0.000000	0.000000
1144.999028	__gene_A_rbs	838.000000	0.000000	0.000000
1144.999028	__gene_B_rbs	830.000000	0.000000	0.000000
1144.999028	__gene_C_rbs	819.000000	0.000000	0.000000
1144.999028	__gene_D_rbs	814.000000	0.000000	0.000000
1144.999028	__gene_E_rbs	810.000000	0.000000	0.000000
1144.999028	__gene_F_rbs	560.000000	0.000000	0.000000
1144.999028	__gene_G_rbs	425.000000	0.000000	0.000000
1144.999028	__gene_H_rbs	287.000000	0.000000	0.000000
1144.999028	__gene_J_rbs	803.000000	0.000000	0.000000
1144.999028	__gene_K_rbs	822.000000	0.000000	0.000000
1144.999028	__ribosome	0.000000	0.000000	0.000000
1144.999028	bound_ecolipol	1865.000000	0.000000	0.000000
1144.999028	bound_ribosome	100.000000	0.000000	0.000000
1144.999028	ecoli_genome	135.000000	0.000000	0.000000
1144.999028	ecoli_transcript	85354.000000	0.000000	0.000000
1144.999028	ecolipol	35.000000	0.000000	0.000000
1144.999028	gene_A	291.000000	838.000000	0.000000
1144.999028	gene_A*	175.000000	824.000000	0.002427
1144.999028	gene_B	223.000000	830.000000	0.000000
1144.999028	gene_C	168.000000	820.000000	0.000000
1144.999028	gene_D	155.000000	814.000000	0.000000
1144.999028	gene_E	157.000000	810.000000	0.000000
1144.999028	gene_F	112.000000	560.000000	0.000000
1144.999028	gene_G	35.000000	425.000000	0.070588
1144.999028	gene_H	0.000000	287.000000	0.094077
1144.999028	gene_J	121.000000	802.000000	0.051122
1144.999028	gene_K	153.000000	821.000000	0.000000
1144.999028	promoter_A	0.000000	0.000000	0.000000
1144.999028	promoter_B1	0.000000	0.000000	0.000000
1144.999028	promoter_D	0.000000	0.000000	0.000000
1149.999135	__gene_A*_rbs	827.000000	0.000000	0.000000
1149.999135	__gene_A_rbs	841.000000	0.000000	0.000000
1149.999135	__gene_B_rbs	834.000000	0.000000	0.000000
1149.999135	__gene_C_rbs	823.000000	0.000000	0.000000
1149.999135	__gene_D_rbs	818.000000	0.000000	0.000000
1149.999135	__gene_E_rbs	813.000000	0.000000	0.000000
1149.999135	__gene_F_rbs	563.000000	0.000000	0.000000
1149.999135	__gene_G_rbs	426.000000	0.000000	0.000000
1149.999135	__gene_H_rbs	288.000000	0.000000	0.000000
1149.999135	__gene_J_rbs	807.000000	0.000000	0.000000
1149.999135	__gene_K_rbs	825.000000	0.000000	0.000000
1149.999135	__ribosome	0.000000	0.000000	0.000000
1149.999135	bound_ecolipol	1856.000000	0.000000	0.000000
1149.999135	bound_ribosome	100.000000	0.000000	0.000000
1149.999135	ecoli_genome	144.000000	0.000000	0.000000
1149.999135	ecoli_transcript	85718.000000	0.000000	0.000000
1149.999135	ecolipol	43.000000	0.000000	0.000000
1149.999135	gene_A	291.000000	841.000000	0.000000
1149.999135	gene_A*	176.000000	827.000000	0.001209
1149.999135	gene_B	223.000000	834.000000	0.000000
1149.999135	gene_C	168.000000	823.000000	0.000000
1149.999135	gene_D	155.000000	818.000000	0.000000
1149.999135	gene_E	157.000000	813.000000	0.000000
1149.999135	gene_F	112.000000	563.000000	0.000000
1149.999135	gene_G	35.000000	426.000000	0.072770
1149.999135	gene_H	0.000000	288.000000	0.093750
1149.999135	gene_J	121.000000	806.000000	0.050868
1149.999135	gene_K	153.000000	824.000000	0.000000
1149.999135	promoter_A	0.000000	0.000000	0.000000
1149.999135	promoter_B1	0.000000	0.000000	0.000000
1149.999135	promoter_D	0.000000	0.000000	0.000000
1154.999054	__gene_A*_rbs	832.000000	0.000000	0.000000
1154.999054	__gene_A_rbs	845.000000	0.000000	0.000000
1154.999054	__gene_B_rbs	838.000000	0.000000	0.000000
1154.999054	__gene_C_rbs	827.000000	0.000000	0.000000
1154.999054	__gene_D_rbs	822.000000	0.000000	0.000000
1154.999054	__gene_E_rbs	817.000000	0.000000	0.000000
1154.999054	__gene_F_rbs	565.000000	0.000000	0.000000
1154.999054	__gene_G_rbs	428.000000	0.000000	0.000000
1154.999054	__gene_H_rbs	291.000000	0.000000	0.000000
1154.999054	__gene_J_rbs	811.000000	0.000000	0.000000
1154.999054	__gene_K_rbs	829.000000	0.000000	0.000000
1154.999054	__ribosome	0.000000	0.000000	0.000000
1154.999054	bound_ecolipol	1870.000000	0.000000	0.000000
1154.999054	bound_ribosome	100.000000	0.000000	0.000000
1154.999054	ecoli_genome	130.000000	0.000000	0.000000
1154.999054	ecoli_transcript	86058.000000	0.000000	0.000000
1154.999054	ecolipol	29.000000	0.000000	0.000000
1154.999054	gene_A	291.000000	845.000000	0.000000
1154.999054	gene_A*	176.000000	832.000000	0.001202
1154.999054	gene_B	223.000000	838.000000	0.000000
1154.999054	gene_C	168.000000	827.000000	0.000000
1154.999054	gene_D	155.000000	822.000000	0.000000
1154.999054	gene_E	157.000000	817.000000	0.000000
1154.999054	gene_F	112.000000	565.000000	0.000000
1154.999054	gene_G	35.000000	428.000000	0.072430
1154.999054	gene_H	0.000000	291.000000	0.092784
1154.999054	gene_J	121.000000	810.000000	0.050617
1154.999054	gene_K	153.000000	828.000000	0.000000
1154.999054	promoter_A	0.000000	0.000000	0.000000
1154.999054	promoter_B1	0.000000	0.000000	0.000000
1154.999054	promoter_D	0.000000	0.000000	0.000000
1159.999190	__gene_A*_rbs	835.000000	0.000000	0.000000
1159.999190	__gene_A_rbs	848.000000	0.000000	0.000000
1159.999190	__gene_B_rbs	842.000000	0.000000	0.000000
1159.999190	__gene_C_rbs	831.000000	0.000000	0.000000
1159.999190	__gene_D_rbs	826.000000	0.000000	0.000000
1159.999190	__gene_E_rbs	821.000000	0.000000	0.000000
1159.999190	__gene_F_rbs	568.000000	0.000000	0.000000
1159.999190	__gene_G_rbs	432.000000	0.000000	0.000000
1159.999190	__gene_H_rbs	292.000000	0.000000	0.000000
1159.999190	__gene_J_rbs	814.000000	0.000000	0.000000
1159.999190	__gene_K_rbs	833.000000	0.000000	0.000000
1159.999190	__ribosome	0.000000	0.000000	0.000000
1159.999190	bound_ecolipol	1872.000000	0.000000	0.000000
1159.999190	bound_ribosome	100.000000	0.000000	0.000000
1159.999190	ecoli_genome	128.000000	0.000000	0.000000
1159.999190	ecoli_transcript	86436.000000	0.000000	0.000000
1159.999190	ecolipol	30.000000	0.000000	0.000000
1159.999190	gene_A	291.000000	848.000000	0.000000
1159.999190	gene_A*	176.000000	835.000000	0.001198
1159.999190	gene_B	223.000000	842.000000	0.000000
1159.999190	gene_C	168.000000	831.000000	0.000000
1159.999190	gene_D	155.000000	826.000000	0.000000
1159.999190	gene_E	157.000000	821.000000	0.000000
1159.999190	gene_F	112.000000	568.000000	0.000000
1159.999190	gene_G	35.000000	432.000000	0.071759
1159.999190	gene_H	0.000000	292.000000	0.092466
1159.999190	gene_J	121.000000	813.000000	0.050431
1159.999190	gene_K	153.000000	832.000000	0.000000
1159.999190	promoter_A	0.000000	0.000000	0.000000
1159.999190	promoter_B1	0.000000	0.000000	0.000000
1159.999190	promoter_D	0.000000	0.000000	0.000000
1164.999111	__gene_A*_rbs	839.000000	0.000000	0.000000
1164.999111	__gene_A_rbs	852.000000	0.000000	0.000000
1164.999111	__gene_B_rbs	846.000000	0.000000	0.000000
1164.999111	__gene_C_rbs	834.000000	0.000000	0.000000
1164.999111	__gene_D_rbs	829.000000	0.000000	0.000000
1164.999111	__gene_E_rbs	825.000000	0.000000	0.000000
1164.999111	__gene_F_rbs	570.000000	0.000000	0.000000
1164.999111	__gene_G_rbs	434.000000	0.000000	0.000000
1164.999111	__gene_H_rbs	293.000000	0.000000	0.000000
1164.999111	__gene_J_rbs	818.000000	0.000000	0.000000
1164.999111	__gene_K_rbs	836.000000	0.000000	0.000000
1164.999111	__ribosome	0.000000	0.000000	0.000000
1164.999111	bound_ecolipol	1861.000000	0.000000	0.000000
1164.999111	bound_ribosome	100.000000	0.000000	0.000000
1164.999111	ecoli_genome	139.000000	0.000000	0.000000
1164.999111	ecoli_transcript	86825.000000	0.000000	0.000000
1164.999111	ecolipol	39.000000	0.000000	0.000000
1164.999111	gene_A	291.000000	852.000000	0.000000
1164.999111	gene_A*	176.000000	839.000000	0.001192
1164.999111	gene_B	223.000000	846.000000	0.000000
1164.999111	gene_C	168.000000	834.000000	0.000000
1164.999111	gene_D	155.000000	829.000000	0.000000
1164.999111	gene_E	157.000000	825.000000	0.000000
1164.999111	gene_F	112.000000	570.000000	0.000000
1164.999111	gene_G	35.000000	434.000000	0.071429
1164.999111	gene_H	0.000000	293.000000	0.092150
1164.999111	gene_J	121.000000	817.000000	0.050184
1164.999111	gene_K	153.000000	835.000000	0.000000
1164.999111	promoter_A	0.000000	0.000000	0.000000
1164.999111	promoter_B1	0.000000	0.000000	0.000000
1164.999111	promoter_D	0.000000	0.000000	0.000000
1169.999140	__gene_A*_rbs	843.000000	0.000000	0.000000
1169.999140	__gene_A_rbs	856.000000	0.000000	0.000000
1169.999140	__gene_B_rbs	849.000000	0.000000	0.000000
1169.999140	__gene_C_rbs	838.000000	0.000000	0.000000
1169.999140	__gene_D_rbs	833.000000	0.000000	0.000000
1169.999140	__gene_E_rbs	828.000000	0.000000	0.000000
1169.999140	__gene_F_rbs	574.000000	0.000000	0.000000
1169.999140	__gene_G_rbs	437.000000	0.000000	0.000000
1169.999140	__gene_H_rbs	294.000000	0.000000	0.000000
1169.999140	__gene_J_rbs	821.000000	0.000000	0.000000
1169.999140	__gene_K_rbs	840.000000	0.000000	0.000000
1169.999140	__ribosome	0.000000	0.000000	0.000000
1169.999140	bound_ecolipol	1863.000000	0.000000	0.000000
1169.999140	bound_ribosome	100.000000	0.000000	0.000000
1169.999140	ecoli_genome	137.000000	0.000000	0.000000
1169.999140	ecoli_transcript	87203.000000	0.000000	0.000000
1169.999140	ecolipol	37.000000	0.000000	0.000000
1169.999140	gene_A	291.000000	856.000000	0.000000
1169.999140	gene_A*	177.000000	843.000000	0.000000
1169.999140	gene_B	223.000000	849.000000	0.000000
1169.999140	gene_C	168.000000	838.000000	0.000000
1169.999140	gene_D	155.000000	833.000000	0.000000
1169.999140	gene_E	157.000000	828.000000	0.000000
1169.999140	gene_F	112.000000	574.000000	0.000000
1169.999140	gene_G	35.000000	437.000000	0.070938
1169.999140	gene_H	0.000000	294.000000	0.091837
1169.999140	gene_J	121.000000	820.000000	0.050000
1169.999140	gene_K	153.000000	839.000000	0.001192
1169.999140	promoter_A	0.000000	0.000000	0.000000
1169.999140	promoter_B1	0.000000	0.000000	0.000000
1169.999140	promoter_D	0.000000	0.000000	0.000000
1174.999016	__gene_A*_rbs	846.000000	0.000000	0.000000
1174.999016	__gene_A_rbs	860.000000	0.000000	0.000000
1174.999016	__gene_B_rbs	853.000000	0.000000	0.000000
1174.999016	__gene_C_rbs	842.000000	0.000000	0.000000
1174.999016	__gene_D_rbs	837.000000	0.000000	0.000000
1174.999016	__gene_E_rbs	832.000000	0.000000	0.000000
1174.999016	__gene_F_rbs	577.000000	0.000000	0.000000
1174.999016	__gene_G_rbs	440.000000	0.000000	0.000000
1174.999016	__gene_H_rbs	295.000000	0.000000	0.000000
1174.999016	__gene_J_rbs	825.000000	0.000000	0.000000
1174.999016	__gene_K_rbs	844.000000	0.000000	0.000000
1174.999016	__ribosome	0.000000	0.000000	0.000000
1174.999016	bound_ecolipol	1865.000000	0.000000	0.000000
1174.999016	bound_ribosome	100.000000	0.000000	0.000000
1174.999016	ecoli_genome	135.000000	0.000000	0.000000
1174.999016	ecoli_transcript	87588.000000	0.000000	0.000000
1174.999016	ecolipol	38.000000	0.000000	0.000000
1174.999016	gene_A	291.000000	860.000000	0.000000
1174.999016	gene_A*	177.000000	846.000000	0.000000
1174.999016	gene_B	223.000000	853.000000	0.000000
1174.999016	gene_C	168.000000	842.000000	0.000000
1174.999016	gene_D	155.000000	837.000000	0.000000
1174.999016	gene_E	157.000000	832.000000	0.000000
1174.999016	gene_F	112.000000	577.000000	0.000000
1174.999016	gene_G	35.000000	440.000000	0.070455
1174.999016	gene_H	0.000000	295.000000	0.091525
1174.999016	gene_J	121.000000	824.000000	0.049757
1174.999016	gene_K	153.000000	843.000000	0.001186
1174.999016	promoter_A	0.000000	0.000000	0.000000
1174.999016	promoter_B1	0.000000	0.000000	0.000000
1174.999016	promoter_D	0.000000	0.000000	0.000000
1179.999347	__gene_A*_rbs	850.000000	0.000000	0.000000
1179.999347	__gene_A_rbs	864.000000	0.000000	0.000000
1179.999347	__gene_B_rbs	857.000000	0.000000	0.000000
1179.999347	__gene_C_rbs	846.000000	0.000000	0.000000
1179.999347	__gene_D_rbs	840.000000	0.000000	0.000000
1179.999347	__gene_E_rbs	835.000000	0.000000	0.000000
1179.999347	__gene_F_rbs	579.000000	0.000000	0.000000
1179.999347	__gene_G_rbs	441.000000	0.000000	0.000000
1179.999347	__gene_H_rbs	299.000000	0.000000	0.000000
1179.999347	__gene_J_rbs	828.000000	0.000000	0.000000
1179.999347	__gene_K_rbs	848.000000	0.000000	0.000000
1179.999347	__ribosome	0.000000	0.000000	0.000000
1179.999347	bound_ecolipol	1863.000000	0.000000	0.000000
1179.999347	bound_ribosome	100.000000	0.000000	0.000000
1179.999347	ecoli_genome	137.000000	0.000000	0.000000
1179.999347	ecoli_transcript	87977.000000	0.000000	0.000000
1179.999347	ecolipol	40.000000	0.000000	0.000000
1179.999347	gene_A	291.000000	864.000000	0.000000
1179.999347	gene_A*	177.000000	850.000000	0.001176
1179.999347	gene_B	223.000000	857.000000	0.000000
1179.999347	gene_C	168.000000	846.000000	0.000000
1179.999347	gene_D	155.000000	840.000000	0.000000
1179.999347	gene_E	157.000000	835.000000	0.000000
1179.999347	gene_F	112.000000	579.000000	0.000000
1179.999347	gene_G	35.000000	441.000000	0.070295
1179.999347	gene_H	0.000000	299.000000	0.090301
1179.999347	gene_J	121.000000	827.000000	0.049577
1179.999347	gene_K	154.000000	847.000000	0.000000
1179.999347	promoter_A	0.000000	0.000000	0.000000
1179.999347	promoter_B1	0.000000	0.000000	0.000000
1179.999347	promoter_D	0.000000	0.000000	0.000000
1184.999072	__gene_A*_rbs	854.000000	0.000000	0.000000
1184.999072	__gene_A_rbs	867.000000	0.000000	0.000000
1184.999072	__gene_B_rbs	860.000000	0.000000	0.000000
1184.999072	__gene_C_rbs	849.000000	0.000000	0.000000
1184.999072	__gene_D_rbs	844.000000	0.000000	0.000000
1184.999072	__gene_E_rbs	839.000000	0.000000	0.000000
1184.999072	__gene_F_rbs	580.000000	0.000000	0.000000
1184.999072	__gene_G_rbs	443.000000	0.000000	0.000000
1184.999072	__gene_H_rbs	301.000000	0.000000	0.000000
1184.999072	__gene_J_rbs	831.000000	0.000000	0.000000
1184.999072	__gene_K_rbs	851.000000	0.000000	0.000000
1184.999072	__ribosome	0.000000	0.000000	0.000000
1184.999072	bound_ecolipol	1867.000000	0.000000	0.000000
1184.999072	bound_ribosome	100.000000	0.000000	0.000000
1184.999072	ecoli_genome	133.000000	0.000000	0.000000
1184.999072	ecoli_transcript	88357.000000	0.000000	0.000000
1184.999072	ecolipol	35.000000	0.000000	0.000000
1184.999072	gene_A	291.000000	867.000000	0.000000
1184.999072	gene_A*	177.000000	854.000000	0.001171
1184.999072	gene_B	223.000000	860.000000	0.000000
1184.999072	gene_C	168.000000	849.000000	0.000000
1184.999072	gene_D	155.000000	844.000000	0.000000
1184.999072	gene_E	157.000000	839.000000	0.000000
1184.999072	gene_F	112.000000	580.000000	0.000000
1184.999072	gene_G	35.000000	443.000000	0.069977
1184.999072	gene_H	0.000000	301.000000	0.089701
1184.999072	gene_J	121.000000	830.000000	0.049398
1184.999072	gene_K	154.000000	850.000000	0.000000
1184.999072	promoter_A	0.000000	0.000000	0.000000
1184.999072	promoter_B1	0.000000	0.000000	0.000000
1184.999072	promoter_D	0.000000	0.000000	0.000000
1189.999110	__gene_A*_rbs	858.000000	0.000000	0.000000
1189.999110	__gene_A_rbs	870.000000	0.000000	0.000000
1189.999110	__gene_B_rbs	864.000000	0.000000	0.000000
1189.999110	__gene_C_rbs	853.000000	0.000000	0.000000
1189.999110	__gene_D_rbs	847.000000	0.000000	0.000000
1189.999110	__gene_E_rbs	843.000000	0.000000	0.000000
1189.999110	__gene_F_rbs	582.000000	0.000000	0.000000
1189.999110	__gene_G_rbs	445.000000	0.000000	0.000000
1189.999110	__gene_H_rbs	303.000000	0.000000	0.000000
1189.999110	__gene_J_rbs	835.000000	0.000000	0.000000
1189.999110	__gene_K_rbs	855.000000	0.000000	0.000000
1189.999110	__ribosome	0.000000	0.000000	0.000000
1189.999110	bound_ecolipol	1864.000000	0.000000	0.000000
1189.999110	bound_ribosome	100.000000	0.000000	0.000000
1189.999110	ecoli_genome	136.000000	0.000000	0.000000
1189.999110	ecoli_transcript	88731.000000	0.000000	0.000000
1189.999110	ecolipol	41.000000	0.000000	0.000000
1189.999110	gene_A	291.000000	870.000000	0.000000
1189.999110	gene_A*	177.000000	858.000000	0.001166
1189.999110	gene_B	223.000000	864.000000	0.000000
1189.999110	gene_C	168.000000	853.000000	0.000000
1189.999110	gene_D	155.000000	847.000000	0.000000
1189.999110	gene_E	157.000000	843.000000	0.000000
1189.999110	gene_F	112.000000	582.000000	0.000000
1189.999110	gene_G	35.000000	445.000000	0.069663
1189.999110	gene_H	0.000000	303.000000	0.089109
1189.999110	gene_J	121.000000	834.000000	0.049161
1189.999110	gene_K	154.000000	854.000000	0.000000
1189.999110	promoter_A	0.000000	0.000000	0.000000
1189.999110	promoter_B1	0.000000	0.000000	0.000000
1189.999110	promoter_D	0.000000	0.000000	0.000000
1194.999446	__gene_A*_rbs	861.000000	0.000000	0.000000
1194.999446	__gene_A_rbs	874.000000	0.000000	0.000000
1194.999446	__gene_B_rbs	867.000000	0.000000	0.000000
1194.999446	__gene_C_rbs	857.000000	0.000000	0.000000
1194.999446	__gene_D_rbs	851.000000	0.000000	0.000000
1194.999446	__gene_E_rbs	846.000000	0.000000	0.000000
1194.999446	__gene_F_rbs	585.000000	0.000000	0.000000
1194.999446	__gene_G_rbs	447.000000	0.000000	0.000000
1194.999446	__gene_H_rbs	304.000000	0.000000	0.000000
1194.999446	__gene_J_rbs	839.000000	0.000000	0.000000
1194.999446	__gene_K_rbs	858.000000	0.000000	0.000000
1194.999446	__ribosome	0.000000	0.000000	0.000000
1194.999446	bound_ecolipol	1867.000000	0.000000	0.000000
1194.999446	bound_ribosome	100.000000	0.000000	0.000000
1194.999446	ecoli_genome	133.000000	0.000000	0.000000
1194.999446	ecoli_transcript	89088.000000	0.000000	0.000000
1194.999446	ecolipol	36.000000	0.000000	0.000000
1194.999446	gene_A	291.000000	874.000000	0.000000
1194.999446	gene_A*	177.000000	861.000000	0.001161
1194.999446	gene_B	223.000000	867.000000	0.000000
1194.999446	gene_C	168.000000	857.000000	0.000000
1194.999446	gene_D	155.000000	851.000000	0.000000
1194.999446	gene_E	157.000000	846.000000	0.000000
1194.999446	gene_F	112.000000	585.000000	0.000000
1194.999446	gene_G	35.000000	447.000000	0.069351
1194.999446	gene_H	0.000000	304.000000	0.088816
1194.999446	gene_J	121.000000	838.000000	0.048926
1194.999446	gene_K	154.000000	857.000000	0.000000
1194.999446	promoter_A	0.000000	0.000000	0.000000
1194.999446	promoter_B1	0.000000	0.000000	0.000000
1194.999446	promoter_D	0.000000	0.000000	0.000000
1199.999115	__gene_A*_rbs	865.000000	0.000000	0.000000
1199.999115	__gene_A_rbs	878.000000	0.000000	0.000000
1199.999115	__gene_B_rbs	871.000000	0.000000	0.000000
1199.999115	__gene_C_rbs	860.000000	0.000000	0.000000
1199.999115	__gene_D_rbs	854.000000	0.000000	0.000000
1199.999115	__gene_E_rbs	850.000000	0.000000	0.000000
1199.999115	__gene_F_rbs	587.000000	0.000000	0.000000
1199.999115	__gene_G_rbs	450.000000	0.000000	0.000000
1199.999115	__gene_H_rbs	305.000000	0.000000	0.000000
1199.999115	__gene_J_rbs	842.000000	0.000000	0.000000
1199.999115	__gene_K_rbs	862.000000	0.000000	0.000000
1199.999115	__ribosome	0.000000	0.000000	0.000000
1199.999115	bound_ecolipol	1866.000000	0.000000	0.000000
1199.999115	bound_ribosome	100.000000	0.000000	0.000000
1199.999115	ecoli_genome	134.000000	0.000000	0.000000
1199.999115	ecoli_transcript	89454.000000	0.000000	0.000000
1199.999115	ecolipol	38.000000	0.000000	0.000000
1199.999115	gene_A	291.000000	878.000000	0.000000
1199.999115	gene_A*	177.000000	865.000000	0.001156
1199.999115	gene_B	223.000000	871.000000	0.000000
1199.999115	gene_C	168.000000	860.000000	0.000000
1199.999115	gene_D	155.000000	854.000000	0.000000
1199.999115	gene_E	157.000000	850.000000	0.000000
1199.999115	gene_F	112.000000	587.000000	0.000000
1199.999115	gene_G	35.000000	450.000000	0.068889
1199.999115	gene_H	0.000000	305.000000	0.088525
1199.999115	gene_J	121.000000	841.000000	0.048751
1199.999115	gene_K	154.000000	861.000000	0.000000
1199.999115	promoter_A	0.000000	0.000000	0.000000
1199.999115	promoter_B1	0.000000	0.000000	0.000000
1199.999115	promoter_D	0.000000	0.000000	0.000000
