time	species	protein	transcript	ribo_density
0.000000	__gene_A*_rbs	0.000000	0.000000	0.000000
0.000000	__gene_A_rbs	0.000000	0.000000	0.000000
0.000000	__gene_B_rbs	0.000000	0.000000	0.000000
0.000000	__gene_C_rbs	0.000000	0.000000	0.000000
0.000000	__gene_D_rbs	0.000000	0.000000	0.000000
0.000000	__gene_E_rbs	0.000000	0.000000	0.000000
0.000000	__gene_F_rbs	0.000000	0.000000	0.000000
0.000000	__gene_G_rbs	0.000000	0.000000	0.000000
0.000000	__gene_H_rbs	0.000000	0.000000	0.000000
0.000000	__gene_J_rbs	0.000000	0.000000	0.000000
0.000000	__gene_K_rbs	0.000000	0.000000	0.000000
0.000000	__ribosome	100.000000	0.000000	0.000000
0.000000	bound_ecolipol	2000.000000	0.000000	0.000000
0.000000	bound_ribosome	100.000000	0.000000	0.000000
0.000000	ecoli_genome	0.000000	0.000000	0.000000
0.000000	ecoli_transcript	0.000000	0.000000	0.000000
0.000000	ecolipol	0.000000	0.000000	0.000000
0.000000	promoter_A	1.000000	0.000000	0.000000
0.000000	promoter_B1	1.000000	0.000000	0.000000
0.000000	promoter_D	1.000000	0.000000	0.000000
5.001389	__gene_A*_rbs	0.000000	0.000000	0.000000
5.001389	__gene_A_rbs	3.000000	0.000000	0.000000
5.001389	__gene_B_rbs	0.000000	0.000000	0.000000
5.001389	__gene_C_rbs	0.000000	0.000000	0.000000
5.001389	__gene_D_rbs	3.000000	0.000000	0.000000
5.001389	__gene_E_rbs	0.000000	0.000000	0.000000
5.001389	__gene_F_rbs	0.000000	0.000000	0.000000
5.001389	__gene_G_rbs	0.000000	0.000000	0.000000
5.001389	__gene_H_rbs	0.000000	0.000000	0.000000
5.001389	__gene_J_rbs	0.000000	0.000000	0.000000
5.001389	__gene_K_rbs	0.000000	0.000000	0.000000
5.001389	__ribosome	88.000000	0.000000	0.000000
5.001389	bound_ecolipol	1927.000000	0.000000	0.000000
5.001389	bound_ribosome	100.000000	0.000000	0.000000
5.001389	ecoli_genome	73.000000	0.000000	0.000000
5.001389	ecoli_transcript	381.000000	0.000000	0.000000
5.001389	ecolipol	62.000000	0.000000	0.000000
5.001389	gene_A	0.000000	4.000000	1.750000
5.001389	gene_D	0.000000	3.000000	1.666667
5.001389	promoter_A	0.000000	0.000000	0.000000
5.001389	promoter_B1	0.000000	0.000000	0.000000
5.001389	promoter_D	0.000000	0.000000	0.000000
10.001659	__gene_A*_rbs	0.000000	0.000000	0.000000
10.001659	__gene_A_rbs	3.000000	0.000000	0.000000
10.001659	__gene_B_rbs	2.000000	0.000000	0.000000
10.001659	__gene_C_rbs	0.000000	0.000000	0.000000
10.001659	__gene_D_rbs	5.000000	0.000000	0.000000
10.001659	__gene_E_rbs	0.000000	0.000000	0.000000
10.001659	__gene_F_rbs	0.000000	0.000000	0.000000
10.001659	__gene_G_rbs	0.000000	0.000000	0.000000
10.001659	__gene_H_rbs	0.000000	0.000000	0.000000
10.001659	__gene_J_rbs	0.000000	0.000000	0.000000
10.001659	__gene_K_rbs	0.000000	0.000000	0.000000
10.001659	__ribosome	45.000000	0.000000	0.000000
10.001659	bound_ecolipol	1908.000000	0.000000	0.000000
10.001659	bound_ribosome	100.000000	0.000000	0.000000
10.001659	ecoli_genome	92.000000	0.000000	0.000000
10.001659	ecoli_transcript	768.000000	0.000000	0.000000
10.001659	ecolipol	71.000000	0.000000	0.000000
10.001659	gene_A	0.000000	7.000000	4.285714
10.001659	gene_B	0.000000	2.000000	1.000000
10.001659	gene_D	0.000000	7.000000	2.857143
10.001659	gene_E	0.000000	2.000000	1.500000
10.001659	promoter_A	0.000000	0.000000	0.000000
10.001659	promoter_B1	0.000000	0.000000	0.000000
10.001659	promoter_D	0.000000	0.000000	0.000000
14.999384	__gene_A*_rbs	0.000000	0.000000	0.000000
14.999384	__gene_A_rbs	9.000000	0.000000	0.000000
14.999384	__gene_B_rbs	5.000000	0.000000	0.000000
14.999384	__gene_C_rbs	0.000000	0.000000	0.000000
14.999384	__gene_D_rbs	10.000000	0.000000	0.000000
14.999384	__gene_E_rbs	4.000000	0.000000	0.000000
14.999384	__gene_F_rbs	0.000000	0.000000	0.000000
14.999384	__gene_G_rbs	0.000000	0.000000	0.000000
14.999384	__gene_H_rbs	0.000000	0.000000	0.000000
14.999384	__gene_J_rbs	0.000000	0.000000	0.000000
14.999384	__gene_K_rbs	0.000000	0.000000	0.000000
14.999384	__ribosome	8.000000	0.000000	0.000000
14.999384	bound_ecolipol	1907.000000	0.000000	0.000000
14.999384	bound_ribosome	100.000000	0.000000	0.000000
14.999384	ecoli_genome	93.000000	0.000000	0.000000
14.999384	ecoli_transcript	1173.000000	0.000000	0.000000
14.999384	ecolipol	60.000000	0.000000	0.000000
14.999384	gene_A	0.000000	11.000000	4.000000
14.999384	gene_B	0.000000	5.000000	2.000000
14.999384	gene_D	0.000000	10.000000	3.300000
14.999384	gene_E	0.000000	6.000000	0.666667
14.999384	gene_J	0.000000	1.000000	1.000000
14.999384	promoter_A	0.000000	0.000000	0.000000
14.999384	promoter_B1	0.000000	0.000000	0.000000
14.999384	promoter_D	0.000000	0.000000	0.000000
19.999094	__gene_A*_rbs	3.000000	0.000000	0.000000
19.999094	__gene_A_rbs	13.000000	0.000000	0.000000
19.999094	__gene_B_rbs	8.000000	0.000000	0.000000
19.999094	__gene_C_rbs	0.000000	0.000000	0.000000
19.999094	__gene_D_rbs	13.000000	0.000000	0.000000
19.999094	__gene_E_rbs	9.000000	0.000000	0.000000
19.999094	__gene_F_rbs	1.000000	0.000000	0.000000
19.999094	__gene_G_rbs	0.000000	0.000000	0.000000
19.999094	__gene_H_rbs	0.000000	0.000000	0.000000
19.999094	__gene_J_rbs	3.000000	0.000000	0.000000
19.999094	__gene_K_rbs	1.000000	0.000000	0.000000
19.999094	__ribosome	1.000000	0.000000	0.000000
19.999094	bound_ecolipol	1906.000000	0.000000	0.000000
19.999094	bound_ribosome	100.000000	0.000000	0.000000
19.999094	ecoli_genome	94.000000	0.000000	0.000000
19.999094	ecoli_transcript	1554.000000	0.000000	0.000000
19.999094	ecolipol	52.000000	0.000000	0.000000
19.999094	gene_A	0.000000	15.000000	3.466667
19.999094	gene_A*	0.000000	3.000000	0.000000
19.999094	gene_B	0.000000	8.000000	1.500000
19.999094	gene_D	4.000000	14.000000	2.357143
19.999094	gene_E	2.000000	10.000000	0.200000
19.999094	gene_F	0.000000	1.000000	0.000000
19.999094	gene_J	1.000000	4.000000	0.000000
19.999094	gene_K	0.000000	1.000000	0.000000
19.999094	promoter_A	0.000000	0.000000	0.000000
19.999094	promoter_B1	1.000000	0.000000	0.000000
19.999094	promoter_D	0.000000	0.000000	0.000000
24.999405	__gene_A*_rbs	6.000000	0.000000	0.000000
24.999405	__gene_A_rbs	19.000000	0.000000	0.000000
24.999405	__gene_B_rbs	12.000000	0.000000	0.000000
24.999405	__gene_C_rbs	3.000000	0.000000	0.000000
24.999405	__gene_D_rbs	17.000000	0.000000	0.000000
24.999405	__gene_E_rbs	13.000000	0.000000	0.000000
24.999405	__gene_F_rbs	4.000000	0.000000	0.000000
24.999405	__gene_G_rbs	0.000000	0.000000	0.000000
24.999405	__gene_H_rbs	0.000000	0.000000	0.000000
24.999405	__gene_J_rbs	7.000000	0.000000	0.000000
24.999405	__gene_K_rbs	3.000000	0.000000	0.000000
24.999405	__ribosome	7.000000	0.000000	0.000000
24.999405	bound_ecolipol	1890.000000	0.000000	0.000000
24.999405	bound_ribosome	100.000000	0.000000	0.000000
24.999405	ecoli_genome	110.000000	0.000000	0.000000
24.999405	ecoli_transcript	1924.000000	0.000000	0.000000
24.999405	ecolipol	57.000000	0.000000	0.000000
24.999405	gene_A	0.000000	19.000000	2.894737
24.999405	gene_A*	0.000000	7.000000	0.142857
24.999405	gene_B	4.000000	12.000000	0.750000
24.999405	gene_C	0.000000	3.000000	0.000000
24.999405	gene_D	19.000000	17.000000	1.352941
24.999405	gene_E	4.000000	13.000000	0.153846
24.999405	gene_F	0.000000	4.000000	0.250000
24.999405	gene_J	1.000000	7.000000	0.000000
24.999405	gene_K	0.000000	5.000000	0.400000
24.999405	promoter_A	0.000000	0.000000	0.000000
24.999405	promoter_B1	0.000000	0.000000	0.000000
24.999405	promoter_D	0.000000	0.000000	0.000000
29.999016	__gene_A*_rbs	9.000000	0.000000	0.000000
29.999016	__gene_A_rbs	22.000000	0.000000	0.000000
29.999016	__gene_B_rbs	15.000000	0.000000	0.000000
29.999016	__gene_C_rbs	6.000000	0.000000	0.000000
29.999016	__gene_D_rbs	20.000000	0.000000	0.000000
29.999016	__gene_E_rbs	17.000000	0.000000	0.000000
29.999016	__gene_F_rbs	6.000000	0.000000	0.000000
29.999016	__gene_G_rbs	0.000000	0.000000	0.000000
29.999016	__gene_H_rbs	0.000000	0.000000	0.000000
29.999016	__gene_J_rbs	10.000000	0.000000	0.000000
29.999016	__gene_K_rbs	8.000000	0.000000	0.000000
29.999016	__ribosome	2.000000	0.000000	0.000000
29.999016	bound_ecolipol	1893.000000	0.000000	0.000000
29.999016	bound_ribosome	100.000000	0.000000	0.000000
29.999016	ecoli_genome	107.000000	0.000000	0.000000
29.999016	ecoli_transcript	2333.000000	0.000000	0.000000
29.999016	ecolipol	51.000000	0.000000	0.000000
29.999016	gene_A	0.000000	22.000000	2.772727
29.999016	gene_A*	0.000000	11.000000	0.454545
29.999016	gene_B	12.000000	15.000000	0.466667
29.999016	gene_C	0.000000	7.000000	0.142857
29.999016	gene_D	33.000000	20.000000	0.600000
29.999016	gene_E	4.000000	17.000000	0.235294
29.999016	gene_F	0.000000	6.000000	0.833333
29.999016	gene_J	1.000000	11.000000	0.090909
29.999016	gene_K	1.000000	8.000000	0.250000
29.999016	promoter_A	0.000000	0.000000	0.000000
29.999016	promoter_B1	0.000000	0.000000	0.000000
29.999016	promoter_D	0.000000	0.000000	0.000000
34.999530	__gene_A*_rbs	14.000000	0.000000	0.000000
34.999530	__gene_A_rbs	25.000000	0.000000	0.000000
34.999530	__gene_B_rbs	18.000000	0.000000	0.000000
34.999530	__gene_C_rbs	10.000000	0.000000	0.000000
34.999530	__gene_D_rbs	22.000000	0.000000	0.000000
34.999530	__gene_E_rbs	20.000000	0.000000	0.000000
34.999530	__gene_F_rbs	8.000000	0.000000	0.000000
34.999530	__gene_G_rbs	0.000000	0.000000	0.000000
34.999530	__gene_H_rbs	0.000000	0.000000	0.000000
34.999530	__gene_J_rbs	14.000000	0.000000	0.000000
34.999530	__gene_K_rbs	11.000000	0.000000	0.000000
34.999530	__ribosome	1.000000	0.000000	0.000000
34.999530	bound_ecolipol	1889.000000	0.000000	0.000000
34.999530	bound_ribosome	100.000000	0.000000	0.000000
34.999530	ecoli_genome	111.000000	0.000000	0.000000
34.999530	ecoli_transcript	2697.000000	0.000000	0.000000
34.999530	ecolipol	50.000000	0.000000	0.000000
34.999530	gene_A	0.000000	26.000000	2.500000
34.999530	gene_A*	0.000000	14.000000	0.500000
34.999530	gene_B	13.000000	18.000000	0.388889
34.999530	gene_C	0.000000	10.000000	0.100000
34.999530	gene_D	37.000000	23.000000	0.391304
34.999530	gene_E	6.000000	20.000000	0.200000
34.999530	gene_F	0.000000	8.000000	0.625000
34.999530	gene_J	1.000000	14.000000	0.071429
34.999530	gene_K	3.000000	11.000000	0.000000
34.999530	promoter_A	0.000000	0.000000	0.000000
34.999530	promoter_B1	0.000000	0.000000	0.000000
34.999530	promoter_D	0.000000	0.000000	0.000000
39.999557	__gene_A*_rbs	17.000000	0.000000	0.000000
39.999557	__gene_A_rbs	29.000000	0.000000	0.000000
39.999557	__gene_B_rbs	21.000000	0.000000	0.000000
39.999557	__gene_C_rbs	11.000000	0.000000	0.000000
39.999557	__gene_D_rbs	27.000000	0.000000	0.000000
39.999557	__gene_E_rbs	22.000000	0.000000	0.000000
39.999557	__gene_F_rbs	11.000000	0.000000	0.000000
39.999557	__gene_G_rbs	0.000000	0.000000	0.000000
39.999557	__gene_H_rbs	0.000000	0.000000	0.000000
39.999557	__gene_J_rbs	18.000000	0.000000	0.000000
39.999557	__gene_K_rbs	15.000000	0.000000	0.000000
39.999557	__ribosome	2.000000	0.000000	0.000000
39.999557	bound_ecolipol	1896.000000	0.000000	0.000000
39.999557	bound_ribosome	100.000000	0.000000	0.000000
39.999557	ecoli_genome	104.000000	0.000000	0.000000
39.999557	ecoli_transcript	3079.000000	0.000000	0.000000
39.999557	ecolipol	42.000000	0.000000	0.000000
39.999557	gene_A	0.000000	29.000000	2.310345
39.999557	gene_A*	0.000000	18.000000	0.500000
39.999557	gene_B	18.000000	22.000000	0.090909
39.999557	gene_C	1.000000	13.000000	0.000000
39.999557	gene_D	42.000000	27.000000	0.296296
39.999557	gene_E	9.000000	22.000000	0.090909
39.999557	gene_F	0.000000	11.000000	0.545455
39.999557	gene_J	1.000000	17.000000	0.117647
39.999557	gene_K	3.000000	15.000000	0.133333
39.999557	promoter_A	0.000000	0.000000	0.000000
39.999557	promoter_B1	0.000000	0.000000	0.000000
39.999557	promoter_D	0.000000	0.000000	0.000000
44.999065	__gene_A*_rbs	21.000000	0.000000	0.000000
44.999065	__gene_A_rbs	33.000000	0.000000	0.000000
44.999065	__gene_B_rbs	20.000000	0.000000	0.000000
44.999065	__gene_C_rbs	16.000000	0.000000	0.000000
44.999065	__gene_D_rbs	30.000000	0.000000	0.000000
44.999065	__gene_E_rbs	26.000000	0.000000	0.000000
44.999065	__gene_F_rbs	14.000000	0.000000	0.000000
44.999065	__gene_G_rbs	0.000000	0.000000	0.000000
44.999065	__gene_H_rbs	0.000000	0.000000	0.000000
44.999065	__gene_J_rbs	21.000000	0.000000	0.000000
44.999065	__gene_K_rbs	18.000000	0.000000	0.000000
44.999065	__ribosome	0.000000	0.000000	0.000000
44.999065	bound_ecolipol	1884.000000	0.000000	0.000000
44.999065	bound_ribosome	100.000000	0.000000	0.000000
44.999065	ecoli_genome	116.000000	0.000000	0.000000
44.999065	ecoli_transcript	3442.000000	0.000000	0.000000
44.999065	ecolipol	52.000000	0.000000	0.000000
44.999065	gene_A	0.000000	33.000000	2.151515
44.999065	gene_A*	0.000000	22.000000	0.409091
44.999065	gene_B	19.000000	25.000000	0.080000
44.999065	gene_C	1.000000	16.000000	0.000000
44.999065	gene_D	45.000000	30.000000	0.266667
44.999065	gene_E	10.000000	26.000000	0.076923
44.999065	gene_F	0.000000	14.000000	0.428571
44.999065	gene_J	2.000000	20.000000	0.100000
44.999065	gene_K	5.000000	18.000000	0.000000
44.999065	promoter_A	0.000000	0.000000	0.000000
44.999065	promoter_B1	0.000000	0.000000	0.000000
44.999065	promoter_D	0.000000	0.000000	0.000000
49.999276	__gene_A*_rbs	25.000000	0.000000	0.000000
49.999276	__gene_A_rbs	37.000000	0.000000	0.000000
49.999276	__gene_B_rbs	25.000000	0.000000	0.000000
49.999276	__gene_C_rbs	19.000000	0.000000	0.000000
49.999276	__gene_D_rbs	34.000000	0.000000	0.000000
49.999276	__gene_E_rbs	29.000000	0.000000	0.000000
49.999276	__gene_F_rbs	16.000000	0.000000	0.000000
49.999276	__gene_G_rbs	0.000000	0.000000	0.000000
49.999276	__gene_H_rbs	0.000000	0.000000	0.000000
49.999276	__gene_J_rbs	24.000000	0.000000	0.000000
49.999276	__gene_K_rbs	19.000000	0.000000	0.000000
49.999276	__ribosome	0.000000	0.000000	0.000000
49.999276	bound_ecolipol	1891.000000	0.000000	0.000000
49.999276	bound_ribosome	100.000000	0.000000	0.000000
49.999276	ecoli_genome	109.000000	0.000000	0.000000
49.999276	ecoli_transcript	3803.000000	0.000000	0.000000
49.999276	ecolipol	41.000000	0.000000	0.000000
49.999276	gene_A	0.000000	37.000000	1.945946
49.999276	gene_A*	0.000000	25.000000	0.360000
49.999276	gene_B	20.000000	28.000000	0.071429
49.999276	gene_C	1.000000	19.000000	0.052632
49.999276	gene_D	46.000000	34.000000	0.235294
49.999276	gene_E	11.000000	30.000000	0.033333
49.999276	gene_F	0.000000	16.000000	0.375000
49.999276	gene_J	3.000000	23.000000	0.043478
49.999276	gene_K	5.000000	21.000000	0.000000
49.999276	promoter_A	0.000000	0.000000	0.000000
49.999276	promoter_B1	0.000000	0.000000	0.000000
49.999276	promoter_D	0.000000	0.000000	0.000000
54.999189	__gene_A*_rbs	25.000000	0.000000	0.000000
54.999189	__gene_A_rbs	40.000000	0.000000	0.000000
54.999189	__gene_B_rbs	30.000000	0.000000	0.000000
54.999189	__gene_C_rbs	21.000000	0.000000	0.000000
54.999189	__gene_D_rbs	37.000000	0.000000	0.000000
54.999189	__gene_E_rbs	32.000000	0.000000	0.000000
54.999189	__gene_F_rbs	18.000000	0.000000	0.000000
54.999189	__gene_G_rbs	0.000000	0.000000	0.000000
54.999189	__gene_H_rbs	0.000000	0.000000	0.000000
54.999189	__gene_J_rbs	27.000000	0.000000	0.000000
54.999189	__gene_K_rbs	24.000000	0.000000	0.000000
54.999189	__ribosome	1.000000	0.000000	0.000000
54.999189	bound_ecolipol	1893.000000	0.000000	0.000000
54.999189	bound_ribosome	100.000000	0.000000	0.000000
54.999189	ecoli_genome	107.000000	0.000000	0.000000
54.999189	ecoli_transcript	4162.000000	0.000000	0.000000
54.999189	ecolipol	36.000000	0.000000	0.000000
54.999189	gene_A	6.000000	40.000000	1.650000
54.999189	gene_A*	0.000000	27.000000	0.370370
54.999189	gene_B	20.000000	32.000000	0.125000
54.999189	gene_C	1.000000	23.000000	0.130435
54.999189	gene_D	50.000000	37.000000	0.135135
54.999189	gene_E	12.000000	33.000000	0.090909
54.999189	gene_F	0.000000	18.000000	0.333333
54.999189	gene_J	3.000000	26.000000	0.076923
54.999189	gene_K	5.000000	25.000000	0.000000
54.999189	promoter_A	0.000000	0.000000	0.000000
54.999189	promoter_B1	0.000000	0.000000	0.000000
54.999189	promoter_D	0.000000	0.000000	0.000000
59.999448	__gene_A*_rbs	31.000000	0.000000	0.000000
59.999448	__gene_A_rbs	43.000000	0.000000	0.000000
59.999448	__gene_B_rbs	34.000000	0.000000	0.000000
59.999448	__gene_C_rbs	24.000000	0.000000	0.000000
59.999448	__gene_D_rbs	40.000000	0.000000	0.000000
59.999448	__gene_E_rbs	37.000000	0.000000	0.000000
59.999448	__gene_F_rbs	21.000000	0.000000	0.000000
59.999448	__gene_G_rbs	1.000000	0.000000	0.000000
59.999448	__gene_H_rbs	0.000000	0.000000	0.000000
59.999448	__gene_J_rbs	31.000000	0.000000	0.000000
59.999448	__gene_K_rbs	24.000000	0.000000	0.000000
59.999448	__ribosome	2.000000	0.000000	0.000000
59.999448	bound_ecolipol	1884.000000	0.000000	0.000000
59.999448	bound_ribosome	100.000000	0.000000	0.000000
59.999448	ecoli_genome	116.000000	0.000000	0.000000
59.999448	ecoli_transcript	4530.000000	0.000000	0.000000
59.999448	ecolipol	43.000000	0.000000	0.000000
59.999448	gene_A	17.000000	43.000000	1.279070
59.999448	gene_A*	1.000000	31.000000	0.354839
59.999448	gene_B	22.000000	36.000000	0.138889
59.999448	gene_C	2.000000	27.000000	0.222222
59.999448	gene_D	53.000000	40.000000	0.100000
59.999448	gene_E	12.000000	37.000000	0.189189
59.999448	gene_F	0.000000	21.000000	0.333333
59.999448	gene_G	0.000000	1.000000	0.000000
59.999448	gene_J	3.000000	30.000000	0.100000
59.999448	gene_K	5.000000	28.000000	0.000000
59.999448	promoter_A	0.000000	0.000000	0.000000
59.999448	promoter_B1	0.000000	0.000000	0.000000
59.999448	promoter_D	0.000000	0.000000	0.000000
64.999194	__gene_A*_rbs	34.000000	0.000000	0.000000
64.999194	__gene_A_rbs	46.000000	0.000000	0.000000
64.999194	__gene_B_rbs	39.000000	0.000000	0.000000
64.999194	__gene_C_rbs	26.000000	0.000000	0.000000
64.999194	__gene_D_rbs	42.000000	0.000000	0.000000
64.999194	__gene_E_rbs	39.000000	0.000000	0.000000
64.999194	__gene_F_rbs	23.000000	0.000000	0.000000
64.999194	__gene_G_rbs	4.000000	0.000000	0.000000
64.999194	__gene_H_rbs	0.000000	0.000000	0.000000
64.999194	__gene_J_rbs	33.000000	0.000000	0.000000
64.999194	__gene_K_rbs	30.000000	0.000000	0.000000
64.999194	__ribosome	2.000000	0.000000	0.000000
64.999194	bound_ecolipol	1875.000000	0.000000	0.000000
64.999194	bound_ribosome	100.000000	0.000000	0.000000
64.999194	ecoli_genome	125.000000	0.000000	0.000000
64.999194	ecoli_transcript	4913.000000	0.000000	0.000000
64.999194	ecolipol	50.000000	0.000000	0.000000
64.999194	gene_A	37.000000	47.000000	0.829787
64.999194	gene_A*	5.000000	34.000000	0.294118
64.999194	gene_B	23.000000	39.000000	0.230769
64.999194	gene_C	5.000000	29.000000	0.241379
64.999194	gene_D	54.000000	44.000000	0.227273
64.999194	gene_E	17.000000	40.000000	0.150000
64.999194	gene_F	0.000000	23.000000	0.304348
64.999194	gene_G	0.000000	4.000000	0.000000
64.999194	gene_J	4.000000	33.000000	0.212121
64.999194	gene_K	5.000000	31.000000	0.096774
64.999194	promoter_A	0.000000	0.000000	0.000000
64.999194	promoter_B1	0.000000	0.000000	0.000000
64.999194	promoter_D	0.000000	0.000000	0.000000
69.999382	__gene_A*_rbs	38.000000	0.000000	0.000000
69.999382	__gene_A_rbs	51.000000	0.000000	0.000000
69.999382	__gene_B_rbs	40.000000	0.000000	0.000000
69.999382	__gene_C_rbs	30.000000	0.000000	0.000000
69.999382	__gene_D_rbs	46.000000	0.000000	0.000000
69.999382	__gene_E_rbs	42.000000	0.000000	0.000000
69.999382	__gene_F_rbs	27.000000	0.000000	0.000000
69.999382	__gene_G_rbs	6.000000	0.000000	0.000000
69.999382	__gene_H_rbs	0.000000	0.000000	0.000000
69.999382	__gene_J_rbs	37.000000	0.000000	0.000000
69.999382	__gene_K_rbs	34.000000	0.000000	0.000000
69.999382	__ribosome	3.000000	0.000000	0.000000
69.999382	bound_ecolipol	1876.000000	0.000000	0.000000
69.999382	bound_ribosome	100.000000	0.000000	0.000000
69.999382	ecoli_genome	124.000000	0.000000	0.000000
69.999382	ecoli_transcript	5277.000000	0.000000	0.000000
69.999382	ecolipol	44.000000	0.000000	0.000000
69.999382	gene_A	48.000000	51.000000	0.607843
69.999382	gene_A*	7.000000	38.000000	0.315789
69.999382	gene_B	27.000000	42.000000	0.238095
69.999382	gene_C	9.000000	33.000000	0.181818
69.999382	gene_D	55.000000	47.000000	0.340426
69.999382	gene_E	19.000000	44.000000	0.159091
69.999382	gene_F	4.000000	27.000000	0.185185
69.999382	gene_G	0.000000	6.000000	0.000000
69.999382	gene_J	9.000000	36.000000	0.194444
69.999382	gene_K	7.000000	35.000000	0.085714
69.999382	promoter_A	0.000000	0.000000	0.000000
69.999382	promoter_B1	0.000000	0.000000	0.000000
69.999382	promoter_D	0.000000	0.000000	0.000000
74.999164	__gene_A*_rbs	42.000000	0.000000	0.000000
74.999164	__gene_A_rbs	53.000000	0.000000	0.000000
74.999164	__gene_B_rbs	46.000000	0.000000	0.000000
74.999164	__gene_C_rbs	34.000000	0.000000	0.000000
74.999164	__gene_D_rbs	51.000000	0.000000	0.000000
74.999164	__gene_E_rbs	43.000000	0.000000	0.000000
74.999164	__gene_F_rbs	30.000000	0.000000	0.000000
74.999164	__gene_G_rbs	8.000000	0.000000	0.000000
74.999164	__gene_H_rbs	1.000000	0.000000	0.000000
74.999164	__gene_J_rbs	39.000000	0.000000	0.000000
74.999164	__gene_K_rbs	36.000000	0.000000	0.000000
74.999164	__ribosome	0.000000	0.000000	0.000000
74.999164	bound_ecolipol	1883.000000	0.000000	0.000000
74.999164	bound_ribosome	100.000000	0.000000	0.000000
74.999164	ecoli_genome	117.000000	0.000000	0.000000
74.999164	ecoli_transcript	5638.000000	0.000000	0.000000
74.999164	ecolipol	33.000000	0.000000	0.000000
74.999164	gene_A	53.000000	54.000000	0.611111
74.999164	gene_A*	9.000000	42.000000	0.309524
74.999164	gene_B	31.000000	46.000000	0.152174
74.999164	gene_C	13.000000	37.000000	0.135135
74.999164	gene_D	57.000000	51.000000	0.372549
74.999164	gene_E	23.000000	47.000000	0.170213
74.999164	gene_F	5.000000	30.000000	0.200000
74.999164	gene_G	0.000000	8.000000	0.000000
74.999164	gene_H	0.000000	1.000000	0.000000
74.999164	gene_J	13.000000	40.000000	0.150000
74.999164	gene_K	10.000000	38.000000	0.078947
74.999164	promoter_A	0.000000	0.000000	0.000000
74.999164	promoter_B1	0.000000	0.000000	0.000000
74.999164	promoter_D	0.000000	0.000000	0.000000
79.999028	__gene_A*_rbs	44.000000	0.000000	0.000000
79.999028	__gene_A_rbs	57.000000	0.000000	0.000000
79.999028	__gene_B_rbs	49.000000	0.000000	0.000000
79.999028	__gene_C_rbs	38.000000	0.000000	0.000000
79.999028	__gene_D_rbs	53.000000	0.000000	0.000000
79.999028	__gene_E_rbs	48.000000	0.000000	0.000000
79.999028	__gene_F_rbs	33.000000	0.000000	0.000000
79.999028	__gene_G_rbs	10.000000	0.000000	0.000000
79.999028	__gene_H_rbs	3.000000	0.000000	0.000000
79.999028	__gene_J_rbs	42.000000	0.000000	0.000000
79.999028	__gene_K_rbs	40.000000	0.000000	0.000000
79.999028	__ribosome	1.000000	0.000000	0.000000
79.999028	bound_ecolipol	1880.000000	0.000000	0.000000
79.999028	bound_ribosome	100.000000	0.000000	0.000000
79.999028	ecoli_genome	120.000000	0.000000	0.000000
79.999028	ecoli_transcript	6005.000000	0.000000	0.000000
79.999028	ecolipol	34.000000	0.000000	0.000000
79.999028	gene_A	59.000000	57.000000	0.561404
79.999028	gene_A*	9.000000	46.000000	0.347826
79.999028	gene_B	35.000000	49.000000	0.061224
79.999028	gene_C	17.000000	39.000000	0.128205
79.999028	gene_D	62.000000	55.000000	0.400000
79.999028	gene_E	27.000000	50.000000	0.080000
79.999028	gene_F	5.000000	33.000000	0.242424
79.999028	gene_G	0.000000	10.000000	0.100000
79.999028	gene_H	0.000000	3.000000	0.000000
79.999028	gene_J	14.000000	43.000000	0.139535
79.999028	gene_K	13.000000	42.000000	0.047619
79.999028	promoter_A	0.000000	0.000000	0.000000
79.999028	promoter_B1	0.000000	0.000000	0.000000
79.999028	promoter_D	0.000000	0.000000	0.000000
84.999300	__gene_A*_rbs	50.000000	0.000000	0.000000
84.999300	__gene_A_rbs	61.000000	0.000000	0.000000
84.999300	__gene_B_rbs	53.000000	0.000000	0.000000
84.999300	__gene_C_rbs	43.000000	0.000000	0.000000
84.999300	__gene_D_rbs	58.000000	0.000000	0.000000
84.999300	__gene_E_rbs	53.000000	0.000000	0.000000
84.999300	__gene_F_rbs	35.000000	0.000000	0.000000
84.999300	__gene_G_rbs	13.000000	0.000000	0.000000
84.999300	__gene_H_rbs	6.000000	0.000000	0.000000
84.999300	__gene_J_rbs	45.000000	0.000000	0.000000
84.999300	__gene_K_rbs	45.000000	0.000000	0.000000
84.999300	__ribosome	0.000000	0.000000	0.000000
84.999300	bound_ecolipol	1881.000000	0.000000	0.000000
84.999300	bound_ribosome	100.000000	0.000000	0.000000
84.999300	ecoli_genome	119.000000	0.000000	0.000000
84.999300	ecoli_transcript	6375.000000	0.000000	0.000000
84.999300	ecolipol	31.000000	0.000000	0.000000
84.999300	gene_A	63.000000	61.000000	0.540984
84.999300	gene_A*	9.000000	50.000000	0.360000
84.999300	gene_B	38.000000	53.000000	0.094340
84.999300	gene_C	21.000000	43.000000	0.093023
84.999300	gene_D	69.000000	58.000000	0.258621
84.999300	gene_E	31.000000	54.000000	0.074074
84.999300	gene_F	6.000000	35.000000	0.228571
84.999300	gene_G	0.000000	13.000000	0.153846
84.999300	gene_H	0.000000	6.000000	0.000000
84.999300	gene_J	14.000000	46.000000	0.173913
84.999300	gene_K	14.000000	45.000000	0.066667
84.999300	promoter_A	0.000000	0.000000	0.000000
84.999300	promoter_B1	0.000000	0.000000	0.000000
84.999300	promoter_D	0.000000	0.000000	0.000000
89.999051	__gene_A*_rbs	53.000000	0.000000	0.000000
89.999051	__gene_A_rbs	63.000000	0.000000	0.000000
89.999051	__gene_B_rbs	55.000000	0.000000	0.000000
89.999051	__gene_C_rbs	46.000000	0.000000	0.000000
89.999051	__gene_D_rbs	61.000000	0.000000	0.000000
89.999051	__gene_E_rbs	57.000000	0.000000	0.000000
89.999051	__gene_F_rbs	36.000000	0.000000	0.000000
89.999051	__gene_G_rbs	14.000000	0.000000	0.000000
89.999051	__gene_H_rbs	7.000000	0.000000	0.000000
89.999051	__gene_J_rbs	50.000000	0.000000	0.000000
89.999051	__gene_K_rbs	47.000000	0.000000	0.000000
89.999051	__ribosome	2.000000	0.000000	0.000000
89.999051	bound_ecolipol	1871.000000	0.000000	0.000000
89.999051	bound_ribosome	100.000000	0.000000	0.000000
89.999051	ecoli_genome	129.000000	0.000000	0.000000
89.999051	ecoli_transcript	6757.000000	0.000000	0.000000
89.999051	ecolipol	41.000000	0.000000	0.000000
89.999051	gene_A	66.000000	65.000000	0.523077
89.999051	gene_A*	11.000000	54.000000	0.333333
89.999051	gene_B	38.000000	56.000000	0.089286
89.999051	gene_C	22.000000	47.000000	0.063830
89.999051	gene_D	75.000000	61.000000	0.213115
89.999051	gene_E	32.000000	58.000000	0.120690
89.999051	gene_F	6.000000	37.000000	0.243243
89.999051	gene_G	0.000000	14.000000	0.142857
89.999051	gene_H	0.000000	7.000000	0.000000
89.999051	gene_J	16.000000	50.000000	0.120000
89.999051	gene_K	16.000000	48.000000	0.020833
89.999051	promoter_A	0.000000	0.000000	0.000000
89.999051	promoter_B1	0.000000	0.000000	0.000000
89.999051	promoter_D	0.000000	0.000000	0.000000
94.999190	__gene_A*_rbs	57.000000	0.000000	0.000000
94.999190	__gene_A_rbs	68.000000	0.000000	0.000000
94.999190	__gene_B_rbs	59.000000	0.000000	0.000000
94.999190	__gene_C_rbs	50.000000	0.000000	0.000000
94.999190	__gene_D_rbs	64.000000	0.000000	0.000000
94.999190	__gene_E_rbs	59.000000	0.000000	0.000000
94.999190	__gene_F_rbs	39.000000	0.000000	0.000000
94.999190	__gene_G_rbs	16.000000	0.000000	0.000000
94.999190	__gene_H_rbs	9.000000	0.000000	0.000000
94.999190	__gene_J_rbs	53.000000	0.000000	0.000000
94.999190	__gene_K_rbs	51.000000	0.000000	0.000000
94.999190	__ribosome	2.000000	0.000000	0.000000
94.999190	bound_ecolipol	1872.000000	0.000000	0.000000
94.999190	bound_ribosome	100.000000	0.000000	0.000000
94.999190	ecoli_genome	128.000000	0.000000	0.000000
94.999190	ecoli_transcript	7140.000000	0.000000	0.000000
94.999190	ecolipol	39.000000	0.000000	0.000000
94.999190	gene_A	71.000000	69.000000	0.434783
94.999190	gene_A*	13.000000	57.000000	0.368421
94.999190	gene_B	41.000000	60.000000	0.066667
94.999190	gene_C	25.000000	50.000000	0.060000
94.999190	gene_D	83.000000	65.000000	0.107692
94.999190	gene_E	36.000000	61.000000	0.147541
94.999190	gene_F	6.000000	39.000000	0.307692
94.999190	gene_G	0.000000	16.000000	0.187500
94.999190	gene_H	0.000000	9.000000	0.000000
94.999190	gene_J	16.000000	53.000000	0.150943
94.999190	gene_K	17.000000	52.000000	0.019231
94.999190	promoter_A	0.000000	0.000000	0.000000
94.999190	promoter_B1	0.000000	0.000000	0.000000
94.999190	promoter_D	0.000000	0.000000	0.000000
99.999452	__gene_A*_rbs	58.000000	0.000000	0.000000
99.999452	__gene_A_rbs	72.000000	0.000000	0.000000
99.999452	__gene_B_rbs	60.000000	0.000000	0.000000
99.999452	__gene_C_rbs	53.000000	0.000000	0.000000
99.999452	__gene_D_rbs	68.000000	0.000000	0.000000
99.999452	__gene_E_rbs	64.000000	0.000000	0.000000
99.999452	__gene_F_rbs	40.000000	0.000000	0.000000
99.999452	__gene_G_rbs	17.000000	0.000000	0.000000
99.999452	__gene_H_rbs	12.000000	0.000000	0.000000
99.999452	__gene_J_rbs	57.000000	0.000000	0.000000
99.999452	__gene_K_rbs	56.000000	0.000000	0.000000
99.999452	__ribosome	0.000000	0.000000	0.000000
99.999452	bound_ecolipol	1872.000000	0.000000	0.000000
99.999452	bound_ribosome	100.000000	0.000000	0.000000
99.999452	ecoli_genome	128.000000	0.000000	0.000000
99.999452	ecoli_transcript	7499.000000	0.000000	0.000000
99.999452	ecolipol	38.000000	0.000000	0.000000
99.999452	gene_A	71.000000	72.000000	0.416667
99.999452	gene_A*	15.000000	60.000000	0.350000
99.999452	gene_B	43.000000	63.000000	0.063492
99.999452	gene_C	26.000000	54.000000	0.055556
99.999452	gene_D	85.000000	68.000000	0.088235
99.999452	gene_E	40.000000	65.000000	0.092308
99.999452	gene_F	7.000000	40.000000	0.325000
99.999452	gene_G	1.000000	17.000000	0.117647
99.999452	gene_H	0.000000	12.000000	0.000000
99.999452	gene_J	17.000000	57.000000	0.228070
99.999452	gene_K	18.000000	56.000000	0.035714
99.999452	promoter_A	0.000000	0.000000	0.000000
99.999452	promoter_B1	0.000000	0.000000	0.000000
99.999452	promoter_D	0.000000	0.000000	0.000000
104.999038	__gene_A*_rbs	63.000000	0.000000	0.000000
104.999038	__gene_A_rbs	76.000000	0.000000	0.000000
104.999038	__gene_B_rbs	66.000000	0.000000	0.000000
104.999038	__gene_C_rbs	55.000000	0.000000	0.000000
104.999038	__gene_D_rbs	72.000000	0.000000	0.000000
104.999038	__gene_E_rbs	68.000000	0.000000	0.000000
104.999038	__gene_F_rbs	42.000000	0.000000	0.000000
104.999038	__gene_G_rbs	19.000000	0.000000	0.000000
104.999038	__gene_H_rbs	13.000000	0.000000	0.000000
104.999038	__gene_J_rbs	60.000000	0.000000	0.000000
104.999038	__gene_K_rbs	60.000000	0.000000	0.000000
104.999038	__ribosome	0.000000	0.000000	0.000000
104.999038	bound_ecolipol	1873.000000	0.000000	0.000000
104.999038	bound_ribosome	100.000000	0.000000	0.000000
104.999038	ecoli_genome	127.000000	0.000000	0.000000
104.999038	ecoli_transcript	7892.000000	0.000000	0.000000
104.999038	ecolipol	36.000000	0.000000	0.000000
104.999038	gene_A	72.000000	76.000000	0.394737
104.999038	gene_A*	20.000000	63.000000	0.301587
104.999038	gene_B	44.000000	67.000000	0.089552
104.999038	gene_C	28.000000	57.000000	0.087719
104.999038	gene_D	88.000000	72.000000	0.069444
104.999038	gene_E	45.000000	68.000000	0.044118
104.999038	gene_F	7.000000	42.000000	0.309524
104.999038	gene_G	1.000000	19.000000	0.157895
104.999038	gene_H	0.000000	13.000000	0.000000
104.999038	gene_J	19.000000	60.000000	0.200000
104.999038	gene_K	20.000000	60.000000	0.066667
104.999038	promoter_A	0.000000	0.000000	0.000000
104.999038	promoter_B1	0.000000	0.000000	0.000000
104.999038	promoter_D	0.000000	0.000000	0.000000
109.999017	__gene_A*_rbs	66.000000	0.000000	0.000000
109.999017	__gene_A_rbs	80.000000	0.000000	0.000000
109.999017	__gene_B_rbs	70.000000	0.000000	0.000000
109.999017	__gene_C_rbs	61.000000	0.000000	0.000000
109.999017	__gene_D_rbs	75.000000	0.000000	0.000000
109.999017	__gene_E_rbs	69.000000	0.000000	0.000000
109.999017	__gene_F_rbs	45.000000	0.000000	0.000000
109.999017	__gene_G_rbs	22.000000	0.000000	0.000000
109.999017	__gene_H_rbs	14.000000	0.000000	0.000000
109.999017	__gene_J_rbs	66.000000	0.000000	0.000000
109.999017	__gene_K_rbs	61.000000	0.000000	0.000000
109.999017	__ribosome	0.000000	0.000000	0.000000
109.999017	bound_ecolipol	1874.000000	0.000000	0.000000
109.999017	bound_ribosome	100.000000	0.000000	0.000000
109.999017	ecoli_genome	126.000000	0.000000	0.000000
109.999017	ecoli_transcript	8273.000000	0.000000	0.000000
109.999017	ecolipol	38.000000	0.000000	0.000000
109.999017	gene_A	72.000000	80.000000	0.400000
109.999017	gene_A*	22.000000	67.000000	0.283582
109.999017	gene_B	47.000000	71.000000	0.056338
109.999017	gene_C	30.000000	61.000000	0.049180
109.999017	gene_D	90.000000	75.000000	0.040000
109.999017	gene_E	46.000000	71.000000	0.070423
109.999017	gene_F	8.000000	45.000000	0.333333
109.999017	gene_G	1.000000	22.000000	0.136364
109.999017	gene_H	0.000000	14.000000	0.000000
109.999017	gene_J	20.000000	64.000000	0.218750
109.999017	gene_K	24.000000	62.000000	0.032258
109.999017	promoter_A	0.000000	0.000000	0.000000
109.999017	promoter_B1	0.000000	0.000000	0.000000
109.999017	promoter_D	0.000000	0.000000	0.000000
114.999003	__gene_A*_rbs	71.000000	0.000000	0.000000
114.999003	__gene_A_rbs	83.000000	0.000000	0.000000
114.999003	__gene_B_rbs	74.000000	0.000000	0.000000
114.999003	__gene_C_rbs	64.000000	0.000000	0.000000
114.999003	__gene_D_rbs	79.000000	0.000000	0.000000
114.999003	__gene_E_rbs	74.000000	0.000000	0.000000
114.999003	__gene_F_rbs	47.000000	0.000000	0.000000
114.999003	__gene_G_rbs	24.000000	0.000000	0.000000
114.999003	__gene_H_rbs	14.000000	0.000000	0.000000
114.999003	__gene_J_rbs	68.000000	0.000000	0.000000
114.999003	__gene_K_rbs	65.000000	0.000000	0.000000
114.999003	__ribosome	2.000000	0.000000	0.000000
114.999003	bound_ecolipol	1873.000000	0.000000	0.000000
114.999003	bound_ribosome	100.000000	0.000000	0.000000
114.999003	ecoli_genome	127.000000	0.000000	0.000000
114.999003	ecoli_transcript	8636.000000	0.000000	0.000000
114.999003	ecolipol	41.000000	0.000000	0.000000
114.999003	gene_A	75.000000	83.000000	0.373494
114.999003	gene_A*	24.000000	71.000000	0.267606
114.999003	gene_B	48.000000	74.000000	0.094595
114.999003	gene_C	33.000000	64.000000	0.015625
114.999003	gene_D	91.000000	79.000000	0.025316
114.999003	gene_E	48.000000	74.000000	0.054054
114.999003	gene_F	10.000000	47.000000	0.276596
114.999003	gene_G	2.000000	24.000000	0.083333
114.999003	gene_H	0.000000	14.000000	0.071429
114.999003	gene_J	21.000000	66.000000	0.212121
114.999003	gene_K	24.000000	66.000000	0.060606
114.999003	promoter_A	0.000000	0.000000	0.000000
114.999003	promoter_B1	0.000000	0.000000	0.000000
114.999003	promoter_D	0.000000	0.000000	0.000000
119.999235	__gene_A*_rbs	73.000000	0.000000	0.000000
119.999235	__gene_A_rbs	87.000000	0.000000	0.000000
119.999235	__gene_B_rbs	77.000000	0.000000	0.000000
119.999235	__gene_C_rbs	64.000000	0.000000	0.000000
119.999235	__gene_D_rbs	83.000000	0.000000	0.000000
119.999235	__gene_E_rbs	78.000000	0.000000	0.000000
119.999235	__gene_F_rbs	48.000000	0.000000	0.000000
119.999235	__gene_G_rbs	26.000000	0.000000	0.000000
119.999235	__gene_H_rbs	15.000000	0.000000	0.000000
119.999235	__gene_J_rbs	70.000000	0.000000	0.000000
119.999235	__gene_K_rbs	69.000000	0.000000	0.000000
119.999235	__ribosome	0.000000	0.000000	0.000000
119.999235	bound_ecolipol	1878.000000	0.000000	0.000000
119.999235	bound_ribosome	100.000000	0.000000	0.000000
119.999235	ecoli_genome	122.000000	0.000000	0.000000
119.999235	ecoli_transcript	8986.000000	0.000000	0.000000
119.999235	ecolipol	37.000000	0.000000	0.000000
119.999235	gene_A	76.000000	87.000000	0.367816
119.999235	gene_A*	27.000000	74.000000	0.256757
119.999235	gene_B	51.000000	78.000000	0.102564
119.999235	gene_C	33.000000	68.000000	0.073529
119.999235	gene_D	92.000000	83.000000	0.036145
119.999235	gene_E	51.000000	78.000000	0.012821
119.999235	gene_F	12.000000	48.000000	0.250000
119.999235	gene_G	2.000000	26.000000	0.115385
119.999235	gene_H	0.000000	15.000000	0.066667
119.999235	gene_J	21.000000	70.000000	0.214286
119.999235	gene_K	27.000000	70.000000	0.014286
119.999235	promoter_A	0.000000	0.000000	0.000000
119.999235	promoter_B1	0.000000	0.000000	0.000000
119.999235	promoter_D	0.000000	0.000000	0.000000
124.999043	__gene_A*_rbs	77.000000	0.000000	0.000000
124.999043	__gene_A_rbs	91.000000	0.000000	0.000000
124.999043	__gene_B_rbs	80.000000	0.000000	0.000000
124.999043	__gene_C_rbs	70.000000	0.000000	0.000000
124.999043	__gene_D_rbs	87.000000	0.000000	0.000000
124.999043	__gene_E_rbs	82.000000	0.000000	0.000000
124.999043	__gene_F_rbs	50.000000	0.000000	0.000000
124.999043	__gene_G_rbs	28.000000	0.000000	0.000000
124.999043	__gene_H_rbs	16.000000	0.000000	0.000000
124.999043	__gene_J_rbs	76.000000	0.000000	0.000000
124.999043	__gene_K_rbs	70.000000	0.000000	0.000000
124.999043	__ribosome	0.000000	0.000000	0.000000
124.999043	bound_ecolipol	1880.000000	0.000000	0.000000
124.999043	bound_ribosome	100.000000	0.000000	0.000000
124.999043	ecoli_genome	120.000000	0.000000	0.000000
124.999043	ecoli_transcript	9352.000000	0.000000	0.000000
124.999043	ecolipol	37.000000	0.000000	0.000000
124.999043	gene_A	84.000000	91.000000	0.274725
124.999043	gene_A*	31.000000	78.000000	0.243590
124.999043	gene_B	51.000000	82.000000	0.109756
124.999043	gene_C	35.000000	71.000000	0.070423
124.999043	gene_D	93.000000	87.000000	0.080460
124.999043	gene_E	52.000000	82.000000	0.024390
124.999043	gene_F	14.000000	50.000000	0.200000
124.999043	gene_G	3.000000	28.000000	0.107143
124.999043	gene_H	0.000000	16.000000	0.062500
124.999043	gene_J	24.000000	74.000000	0.243243
124.999043	gene_K	28.000000	73.000000	0.013699
124.999043	promoter_A	0.000000	0.000000	0.000000
124.999043	promoter_B1	0.000000	0.000000	0.000000
124.999043	promoter_D	0.000000	0.000000	0.000000
129.999028	__gene_A*_rbs	82.000000	0.000000	0.000000
129.999028	__gene_A_rbs	94.000000	0.000000	0.000000
129.999028	__gene_B_rbs	84.000000	0.000000	0.000000
129.999028	__gene_C_rbs	75.000000	0.000000	0.000000
129.999028	__gene_D_rbs	89.000000	0.000000	0.000000
129.999028	__gene_E_rbs	85.000000	0.000000	0.000000
129.999028	__gene_F_rbs	54.000000	0.000000	0.000000
129.999028	__gene_G_rbs	30.000000	0.000000	0.000000
129.999028	__gene_H_rbs	17.000000	0.000000	0.000000
129.999028	__gene_J_rbs	79.000000	0.000000	0.000000
129.999028	__gene_K_rbs	75.000000	0.000000	0.000000
129.999028	__ribosome	0.000000	0.000000	0.000000
129.999028	bound_ecolipol	1874.000000	0.000000	0.000000
129.999028	bound_ribosome	100.000000	0.000000	0.000000
129.999028	ecoli_genome	126.000000	0.000000	0.000000
129.999028	ecoli_transcript	9723.000000	0.000000	0.000000
129.999028	ecolipol	41.000000	0.000000	0.000000
129.999028	gene_A	89.000000	94.000000	0.223404
129.999028	gene_A*	34.000000	82.000000	0.268293
129.999028	gene_B	58.000000	86.000000	0.058140
129.999028	gene_C	38.000000	75.000000	0.066667
129.999028	gene_D	93.000000	90.000000	0.100000
129.999028	gene_E	52.000000	86.000000	0.034884
129.999028	gene_F	14.000000	54.000000	0.203704
129.999028	gene_G	3.000000	30.000000	0.133333
129.999028	gene_H	0.000000	17.000000	0.058824
129.999028	gene_J	25.000000	77.000000	0.220779
129.999028	gene_K	28.000000	77.000000	0.025974
129.999028	promoter_A	0.000000	0.000000	0.000000
129.999028	promoter_B1	0.000000	0.000000	0.000000
129.999028	promoter_D	0.000000	0.000000	0.000000
134.999187	__gene_A*_rbs	85.000000	0.000000	0.000000
134.999187	__gene_A_rbs	97.000000	0.000000	0.000000
134.999187	__gene_B_rbs	87.000000	0.000000	0.000000
134.999187	__gene_C_rbs	77.000000	0.000000	0.000000
134.999187	__gene_D_rbs	94.000000	0.000000	0.000000
134.999187	__gene_E_rbs	89.000000	0.000000	0.000000
134.999187	__gene_F_rbs	56.000000	0.000000	0.000000
134.999187	__gene_G_rbs	31.000000	0.000000	0.000000
134.999187	__gene_H_rbs	20.000000	0.000000	0.000000
134.999187	__gene_J_rbs	82.000000	0.000000	0.000000
134.999187	__gene_K_rbs	79.000000	0.000000	0.000000
134.999187	__ribosome	0.000000	0.000000	0.000000
134.999187	bound_ecolipol	1877.000000	0.000000	0.000000
134.999187	bound_ribosome	100.000000	0.000000	0.000000
134.999187	ecoli_genome	123.000000	0.000000	0.000000
134.999187	ecoli_transcript	10082.000000	0.000000	0.000000
134.999187	ecolipol	38.000000	0.000000	0.000000
134.999187	gene_A	94.000000	98.000000	0.173469
134.999187	gene_A*	38.000000	86.000000	0.267442
134.999187	gene_B	60.000000	89.000000	0.056180
134.999187	gene_C	40.000000	78.000000	0.051282
134.999187	gene_D	95.000000	94.000000	0.085106
134.999187	gene_E	55.000000	89.000000	0.022472
134.999187	gene_F	17.000000	56.000000	0.196429
134.999187	gene_G	3.000000	31.000000	0.161290
134.999187	gene_H	0.000000	20.000000	0.200000
134.999187	gene_J	25.000000	81.000000	0.222222
134.999187	gene_K	29.000000	80.000000	0.037500
134.999187	promoter_A	0.000000	0.000000	0.000000
134.999187	promoter_B1	0.000000	0.000000	0.000000
134.999187	promoter_D	0.000000	0.000000	0.000000
139.999033	__gene_A*_rbs	89.000000	0.000000	0.000000
139.999033	__gene_A_rbs	102.000000	0.000000	0.000000
139.999033	__gene_B_rbs	93.000000	0.000000	0.000000
139.999033	__gene_C_rbs	82.000000	0.000000	0.000000
139.999033	__gene_D_rbs	97.000000	0.000000	0.000000
139.999033	__gene_E_rbs	93.000000	0.000000	0.000000
139.999033	__gene_F_rbs	58.000000	0.000000	0.000000
139.999033	__gene_G_rbs	31.000000	0.000000	0.000000
139.999033	__gene_H_rbs	21.000000	0.000000	0.000000
139.999033	__gene_J_rbs	85.000000	0.000000	0.000000
139.999033	__gene_K_rbs	84.000000	0.000000	0.000000
139.999033	__ribosome	0.000000	0.000000	0.000000
139.999033	bound_ecolipol	1875.000000	0.000000	0.000000
139.999033	bound_ribosome	100.000000	0.000000	0.000000
139.999033	ecoli_genome	125.000000	0.000000	0.000000
139.999033	ecoli_transcript	10451.000000	0.000000	0.000000
139.999033	ecolipol	40.000000	0.000000	0.000000
139.999033	gene_A	99.000000	102.000000	0.147059
139.999033	gene_A*	39.000000	89.000000	0.269663
139.999033	gene_B	61.000000	93.000000	0.086022
139.999033	gene_C	43.000000	82.000000	0.060976
139.999033	gene_D	100.000000	97.000000	0.051546
139.999033	gene_E	55.000000	93.000000	0.021505
139.999033	gene_F	20.000000	58.000000	0.155172
139.999033	gene_G	4.000000	31.000000	0.129032
139.999033	gene_H	0.000000	21.000000	0.238095
139.999033	gene_J	26.000000	85.000000	0.258824
139.999033	gene_K	32.000000	84.000000	0.011905
139.999033	promoter_A	0.000000	0.000000	0.000000
139.999033	promoter_B1	0.000000	0.000000	0.000000
139.999033	promoter_D	0.000000	0.000000	0.000000
144.999114	__gene_A*_rbs	93.000000	0.000000	0.000000
144.999114	__gene_A_rbs	106.000000	0.000000	0.000000
144.999114	__gene_B_rbs	94.000000	0.000000	0.000000
144.999114	__gene_C_rbs	84.000000	0.000000	0.000000
144.999114	__gene_D_rbs	100.000000	0.000000	0.000000
144.999114	__gene_E_rbs	97.000000	0.000000	0.000000
144.999114	__gene_F_rbs	61.000000	0.000000	0.000000
144.999114	__gene_G_rbs	32.000000	0.000000	0.000000
144.999114	__gene_H_rbs	22.000000	0.000000	0.000000
144.999114	__gene_J_rbs	90.000000	0.000000	0.000000
144.999114	__gene_K_rbs	87.000000	0.000000	0.000000
144.999114	__ribosome	0.000000	0.000000	0.000000
144.999114	bound_ecolipol	1878.000000	0.000000	0.000000
144.999114	bound_ribosome	100.000000	0.000000	0.000000
144.999114	ecoli_genome	122.000000	0.000000	0.000000
144.999114	ecoli_transcript	10837.000000	0.000000	0.000000
144.999114	ecolipol	36.000000	0.000000	0.000000
144.999114	gene_A	100.000000	106.000000	0.150943
144.999114	gene_A*	40.000000	93.000000	0.268817
144.999114	gene_B	63.000000	96.000000	0.062500
144.999114	gene_C	45.000000	86.000000	0.046512
144.999114	gene_D	101.000000	101.000000	0.069307
144.999114	gene_E	57.000000	97.000000	0.000000
144.999114	gene_F	20.000000	61.000000	0.147541
144.999114	gene_G	4.000000	33.000000	0.151515
144.999114	gene_H	0.000000	22.000000	0.272727
144.999114	gene_J	30.000000	90.000000	0.211111
144.999114	gene_K	33.000000	88.000000	0.034091
144.999114	promoter_A	0.000000	0.000000	0.000000
144.999114	promoter_B1	0.000000	0.000000	0.000000
144.999114	promoter_D	0.000000	0.000000	0.000000
149.999004	__gene_A*_rbs	97.000000	0.000000	0.000000
149.999004	__gene_A_rbs	108.000000	0.000000	0.000000
149.999004	__gene_B_rbs	99.000000	0.000000	0.000000
149.999004	__gene_C_rbs	89.000000	0.000000	0.000000
149.999004	__gene_D_rbs	104.000000	0.000000	0.000000
149.999004	__gene_E_rbs	100.000000	0.000000	0.000000
149.999004	__gene_F_rbs	64.000000	0.000000	0.000000
149.999004	__gene_G_rbs	35.000000	0.000000	0.000000
149.999004	__gene_H_rbs	24.000000	0.000000	0.000000
149.999004	__gene_J_rbs	94.000000	0.000000	0.000000
149.999004	__gene_K_rbs	91.000000	0.000000	0.000000
149.999004	__ribosome	0.000000	0.000000	0.000000
149.999004	bound_ecolipol	1872.000000	0.000000	0.000000
149.999004	bound_ribosome	100.000000	0.000000	0.000000
149.999004	ecoli_genome	128.000000	0.000000	0.000000
149.999004	ecoli_transcript	11216.000000	0.000000	0.000000
149.999004	ecolipol	39.000000	0.000000	0.000000
149.999004	gene_A	101.000000	109.000000	0.146789
149.999004	gene_A*	44.000000	97.000000	0.257732
149.999004	gene_B	66.000000	100.000000	0.040000
149.999004	gene_C	48.000000	89.000000	0.011236
149.999004	gene_D	102.000000	104.000000	0.067308
149.999004	gene_E	57.000000	100.000000	0.040000
149.999004	gene_F	20.000000	64.000000	0.156250
149.999004	gene_G	5.000000	35.000000	0.114286
149.999004	gene_H	0.000000	24.000000	0.291667
149.999004	gene_J	31.000000	93.000000	0.204301
149.999004	gene_K	36.000000	92.000000	0.032609
149.999004	promoter_A	0.000000	0.000000	0.000000
149.999004	promoter_B1	0.000000	0.000000	0.000000
149.999004	promoter_D	0.000000	0.000000	0.000000
154.999035	__gene_A*_rbs	100.000000	0.000000	0.000000
154.999035	__gene_A_rbs	113.000000	0.000000	0.000000
154.999035	__gene_B_rbs	104.000000	0.000000	0.000000
154.999035	__gene_C_rbs	91.000000	0.000000	0.000000
154.999035	__gene_D_rbs	108.000000	0.000000	0.000000
154.999035	__gene_E_rbs	104.000000	0.000000	0.000000
154.999035	__gene_F_rbs	67.000000	0.000000	0.000000
154.999035	__gene_G_rbs	37.000000	0.000000	0.000000
154.999035	__gene_H_rbs	24.000000	0.000000	0.000000
154.999035	__gene_J_rbs	97.000000	0.000000	0.000000
154.999035	__gene_K_rbs	94.000000	0.000000	0.000000
154.999035	__ribosome	0.000000	0.000000	0.000000
154.999035	bound_ecolipol	1873.000000	0.000000	0.000000
154.999035	bound_ribosome	100.000000	0.000000	0.000000
154.999035	ecoli_genome	127.000000	0.000000	0.000000
154.999035	ecoli_transcript	11599.000000	0.000000	0.000000
154.999035	ecolipol	38.000000	0.000000	0.000000
154.999035	gene_A	101.000000	113.000000	0.141593
154.999035	gene_A*	46.000000	101.000000	0.257426
154.999035	gene_B	69.000000	104.000000	0.019231
154.999035	gene_C	49.000000	93.000000	0.043011
154.999035	gene_D	106.000000	108.000000	0.055556
154.999035	gene_E	58.000000	104.000000	0.028846
154.999035	gene_F	23.000000	67.000000	0.134328
154.999035	gene_G	6.000000	37.000000	0.135135
154.999035	gene_H	0.000000	24.000000	0.291667
154.999035	gene_J	32.000000	97.000000	0.216495
154.999035	gene_K	39.000000	96.000000	0.010417
154.999035	promoter_A	0.000000	0.000000	0.000000
154.999035	promoter_B1	0.000000	0.000000	0.000000
154.999035	promoter_D	0.000000	0.000000	0.000000
159.999371	__gene_A*_rbs	103.000000	0.000000	0.000000
159.999371	__gene_A_rbs	117.000000	0.000000	0.000000
159.999371	__gene_B_rbs	107.000000	0.000000	0.000000
159.999371	__gene_C_rbs	97.000000	0.000000	0.000000
159.999371	__gene_D_rbs	111.000000	0.000000	0.000000
159.999371	__gene_E_rbs	108.000000	0.000000	0.000000
159.999371	__gene_F_rbs	69.000000	0.000000	0.000000
159.999371	__gene_G_rbs	37.000000	0.000000	0.000000
159.999371	__gene_H_rbs	25.000000	0.000000	0.000000
159.999371	__gene_J_rbs	100.000000	0.000000	0.000000
159.999371	__gene_K_rbs	98.000000	0.000000	0.000000
159.999371	__ribosome	1.000000	0.000000	0.000000
159.999371	bound_ecolipol	1878.000000	0.000000	0.000000
159.999371	bound_ribosome	100.000000	0.000000	0.000000
159.999371	ecoli_genome	122.000000	0.000000	0.000000
159.999371	ecoli_transcript	11968.000000	0.000000	0.000000
159.999371	ecolipol	34.000000	0.000000	0.000000
159.999371	gene_A	104.000000	117.000000	0.128205
159.999371	gene_A*	51.000000	104.000000	0.201923
159.999371	gene_B	70.000000	107.000000	0.018692
159.999371	gene_C	50.000000	97.000000	0.072165
159.999371	gene_D	108.000000	112.000000	0.044643
159.999371	gene_E	61.000000	108.000000	0.018519
159.999371	gene_F	24.000000	69.000000	0.115942
159.999371	gene_G	6.000000	37.000000	0.135135
159.999371	gene_H	0.000000	25.000000	0.280000
159.999371	gene_J	34.000000	100.000000	0.220000
159.999371	gene_K	39.000000	99.000000	0.050505
159.999371	promoter_A	0.000000	0.000000	0.000000
159.999371	promoter_B1	0.000000	0.000000	0.000000
159.999371	promoter_D	0.000000	0.000000	0.000000
164.999121	__gene_A*_rbs	107.000000	0.000000	0.000000
164.999121	__gene_A_rbs	120.000000	0.000000	0.000000
164.999121	__gene_B_rbs	111.000000	0.000000	0.000000
164.999121	__gene_C_rbs	101.000000	0.000000	0.000000
164.999121	__gene_D_rbs	116.000000	0.000000	0.000000
164.999121	__gene_E_rbs	111.000000	0.000000	0.000000
164.999121	__gene_F_rbs	69.000000	0.000000	0.000000
164.999121	__gene_G_rbs	38.000000	0.000000	0.000000
164.999121	__gene_H_rbs	27.000000	0.000000	0.000000
164.999121	__gene_J_rbs	104.000000	0.000000	0.000000
164.999121	__gene_K_rbs	102.000000	0.000000	0.000000
164.999121	__ribosome	0.000000	0.000000	0.000000
164.999121	bound_ecolipol	1879.000000	0.000000	0.000000
164.999121	bound_ribosome	100.000000	0.000000	0.000000
164.999121	ecoli_genome	121.000000	0.000000	0.000000
164.999121	ecoli_transcript	12335.000000	0.000000	0.000000
164.999121	ecolipol	34.000000	0.000000	0.000000
164.999121	gene_A	106.000000	120.000000	0.125000
164.999121	gene_A*	56.000000	108.000000	0.166667
164.999121	gene_B	71.000000	111.000000	0.027027
164.999121	gene_C	53.000000	101.000000	0.059406
164.999121	gene_D	109.000000	116.000000	0.077586
164.999121	gene_E	61.000000	111.000000	0.036036
164.999121	gene_F	24.000000	70.000000	0.128571
164.999121	gene_G	7.000000	38.000000	0.105263
164.999121	gene_H	0.000000	27.000000	0.259259
164.999121	gene_J	35.000000	103.000000	0.223301
164.999121	gene_K	43.000000	103.000000	0.019417
164.999121	promoter_A	0.000000	0.000000	0.000000
164.999121	promoter_B1	0.000000	0.000000	0.000000
164.999121	promoter_D	0.000000	0.000000	0.000000
169.999665	__gene_A*_rbs	110.000000	0.000000	0.000000
169.999665	__gene_A_rbs	124.000000	0.000000	0.000000
169.999665	__gene_B_rbs	113.000000	0.000000	0.000000
169.999665	__gene_C_rbs	104.000000	0.000000	0.000000
169.999665	__gene_D_rbs	119.000000	0.000000	0.000000
169.999665	__gene_E_rbs	115.000000	0.000000	0.000000
169.999665	__gene_F_rbs	72.000000	0.000000	0.000000
169.999665	__gene_G_rbs	39.000000	0.000000	0.000000
169.999665	__gene_H_rbs	29.000000	0.000000	0.000000
169.999665	__gene_J_rbs	108.000000	0.000000	0.000000
169.999665	__gene_K_rbs	105.000000	0.000000	0.000000
169.999665	__ribosome	0.000000	0.000000	0.000000
169.999665	bound_ecolipol	1877.000000	0.000000	0.000000
169.999665	bound_ribosome	100.000000	0.000000	0.000000
169.999665	ecoli_genome	123.000000	0.000000	0.000000
169.999665	ecoli_transcript	12690.000000	0.000000	0.000000
169.999665	ecolipol	36.000000	0.000000	0.000000
169.999665	gene_A	108.000000	124.000000	0.112903
169.999665	gene_A*	61.000000	111.000000	0.153153
169.999665	gene_B	72.000000	115.000000	0.017391
169.999665	gene_C	58.000000	104.000000	0.038462
169.999665	gene_D	112.000000	119.000000	0.067227
169.999665	gene_E	64.000000	115.000000	0.043478
169.999665	gene_F	24.000000	72.000000	0.152778
169.999665	gene_G	9.000000	39.000000	0.102564
169.999665	gene_H	0.000000	29.000000	0.310345
169.999665	gene_J	36.000000	107.000000	0.242991
169.999665	gene_K	45.000000	106.000000	0.000000
169.999665	promoter_A	0.000000	0.000000	0.000000
169.999665	promoter_B1	0.000000	0.000000	0.000000
169.999665	promoter_D	0.000000	0.000000	0.000000
174.999001	__gene_A*_rbs	115.000000	0.000000	0.000000
174.999001	__gene_A_rbs	128.000000	0.000000	0.000000
174.999001	__gene_B_rbs	116.000000	0.000000	0.000000
174.999001	__gene_C_rbs	107.000000	0.000000	0.000000
174.999001	__gene_D_rbs	123.000000	0.000000	0.000000
174.999001	__gene_E_rbs	119.000000	0.000000	0.000000
174.999001	__gene_F_rbs	75.000000	0.000000	0.000000
174.999001	__gene_G_rbs	42.000000	0.000000	0.000000
174.999001	__gene_H_rbs	30.000000	0.000000	0.000000
174.999001	__gene_J_rbs	112.000000	0.000000	0.000000
174.999001	__gene_K_rbs	109.000000	0.000000	0.000000
174.999001	__ribosome	0.000000	0.000000	0.000000
174.999001	bound_ecolipol	1870.000000	0.000000	0.000000
174.999001	bound_ribosome	100.000000	0.000000	0.000000
174.999001	ecoli_genome	130.000000	0.000000	0.000000
174.999001	ecoli_transcript	13082.000000	0.000000	0.000000
174.999001	ecolipol	42.000000	0.000000	0.000000
174.999001	gene_A	108.000000	128.000000	0.109375
174.999001	gene_A*	63.000000	115.000000	0.130435
174.999001	gene_B	73.000000	118.000000	0.025424
174.999001	gene_C	59.000000	108.000000	0.037037
174.999001	gene_D	114.000000	123.000000	0.048780
174.999001	gene_E	65.000000	119.000000	0.042017
174.999001	gene_F	25.000000	75.000000	0.146667
174.999001	gene_G	9.000000	42.000000	0.142857
174.999001	gene_H	0.000000	30.000000	0.300000
174.999001	gene_J	38.000000	111.000000	0.234234
174.999001	gene_K	45.000000	110.000000	0.009091
174.999001	promoter_A	0.000000	0.000000	0.000000
174.999001	promoter_B1	0.000000	0.000000	0.000000
174.999001	promoter_D	0.000000	0.000000	0.000000
179.999376	__gene_A*_rbs	119.000000	0.000000	0.000000
179.999376	__gene_A_rbs	131.000000	0.000000	0.000000
179.999376	__gene_B_rbs	121.000000	0.000000	0.000000
179.999376	__gene_C_rbs	111.000000	0.000000	0.000000
179.999376	__gene_D_rbs	127.000000	0.000000	0.000000
179.999376	__gene_E_rbs	122.000000	0.000000	0.000000
179.999376	__gene_F_rbs	78.000000	0.000000	0.000000
179.999376	__gene_G_rbs	43.000000	0.000000	0.000000
179.999376	__gene_H_rbs	30.000000	0.000000	0.000000
179.999376	__gene_J_rbs	115.000000	0.000000	0.000000
179.999376	__gene_K_rbs	111.000000	0.000000	0.000000
179.999376	__ribosome	1.000000	0.000000	0.000000
179.999376	bound_ecolipol	1871.000000	0.000000	0.000000
179.999376	bound_ribosome	100.000000	0.000000	0.000000
179.999376	ecoli_genome	129.000000	0.000000	0.000000
179.999376	ecoli_transcript	13462.000000	0.000000	0.000000
179.999376	ecolipol	40.000000	0.000000	0.000000
179.999376	gene_A	110.000000	132.000000	0.106061
179.999376	gene_A*	65.000000	119.000000	0.109244
179.999376	gene_B	74.000000	121.000000	0.024793
179.999376	gene_C	62.000000	111.000000	0.027027
179.999376	gene_D	118.000000	127.000000	0.039370
179.999376	gene_E	69.000000	122.000000	0.024590
179.999376	gene_F	28.000000	78.000000	0.128205
179.999376	gene_G	9.000000	43.000000	0.162791
179.999376	gene_H	0.000000	30.000000	0.300000
179.999376	gene_J	39.000000	114.000000	0.254386
179.999376	gene_K	46.000000	114.000000	0.026316
179.999376	promoter_A	0.000000	0.000000	0.000000
179.999376	promoter_B1	0.000000	0.000000	0.000000
179.999376	promoter_D	0.000000	0.000000	0.000000
184.999102	__gene_A*_rbs	121.000000	0.000000	0.000000
184.999102	__gene_A_rbs	134.000000	0.000000	0.000000
184.999102	__gene_B_rbs	124.000000	0.000000	0.000000
184.999102	__gene_C_rbs	115.000000	0.000000	0.000000
184.999102	__gene_D_rbs	130.000000	0.000000	0.000000
184.999102	__gene_E_rbs	125.000000	0.000000	0.000000
184.999102	__gene_F_rbs	81.000000	0.000000	0.000000
184.999102	__gene_G_rbs	46.000000	0.000000	0.000000
184.999102	__gene_H_rbs	30.000000	0.000000	0.000000
184.999102	__gene_J_rbs	119.000000	0.000000	0.000000
184.999102	__gene_K_rbs	116.000000	0.000000	0.000000
184.999102	__ribosome	2.000000	0.000000	0.000000
184.999102	bound_ecolipol	1874.000000	0.000000	0.000000
184.999102	bound_ribosome	100.000000	0.000000	0.000000
184.999102	ecoli_genome	126.000000	0.000000	0.000000
184.999102	ecoli_transcript	13862.000000	0.000000	0.000000
184.999102	ecolipol	34.000000	0.000000	0.000000
184.999102	gene_A	110.000000	135.000000	0.118519
184.999102	gene_A*	70.000000	122.000000	0.090164
184.999102	gene_B	75.000000	125.000000	0.016000
184.999102	gene_C	65.000000	115.000000	0.000000
184.999102	gene_D	120.000000	130.000000	0.053846
184.999102	gene_E	71.000000	126.000000	0.039683
184.999102	gene_F	29.000000	82.000000	0.134146
184.999102	gene_G	11.000000	46.000000	0.108696
184.999102	gene_H	0.000000	30.000000	0.366667
184.999102	gene_J	39.000000	118.000000	0.245763
184.999102	gene_K	49.000000	117.000000	0.008547
184.999102	promoter_A	0.000000	0.000000	0.000000
184.999102	promoter_B1	0.000000	0.000000	0.000000
184.999102	promoter_D	0.000000	0.000000	0.000000
189.999019	__gene_A*_rbs	126.000000	0.000000	0.000000
189.999019	__gene_A_rbs	139.000000	0.000000	0.000000
189.999019	__gene_B_rbs	128.000000	0.000000	0.000000
189.999019	__gene_C_rbs	117.000000	0.000000	0.000000
189.999019	__gene_D_rbs	133.000000	0.000000	0.000000
189.999019	__gene_E_rbs	130.000000	0.000000	0.000000
189.999019	__gene_F_rbs	85.000000	0.000000	0.000000
189.999019	__gene_G_rbs	48.000000	0.000000	0.000000
189.999019	__gene_H_rbs	31.000000	0.000000	0.000000
189.999019	__gene_J_rbs	122.000000	0.000000	0.000000
189.999019	__gene_K_rbs	120.000000	0.000000	0.000000
189.999019	__ribosome	0.000000	0.000000	0.000000
189.999019	bound_ecolipol	1866.000000	0.000000	0.000000
189.999019	bound_ribosome	100.000000	0.000000	0.000000
189.999019	ecoli_genome	134.000000	0.000000	0.000000
189.999019	ecoli_transcript	14241.000000	0.000000	0.000000
189.999019	ecolipol	41.000000	0.000000	0.000000
189.999019	gene_A	111.000000	139.000000	0.115108
189.999019	gene_A*	72.000000	126.000000	0.071429
189.999019	gene_B	76.000000	128.000000	0.015625
189.999019	gene_C	65.000000	119.000000	0.000000
189.999019	gene_D	120.000000	133.000000	0.075188
189.999019	gene_E	72.000000	130.000000	0.038462
189.999019	gene_F	29.000000	85.000000	0.129412
189.999019	gene_G	11.000000	48.000000	0.104167
189.999019	gene_H	0.000000	31.000000	0.354839
189.999019	gene_J	39.000000	122.000000	0.245902
189.999019	gene_K	49.000000	121.000000	0.008264
189.999019	promoter_A	0.000000	0.000000	0.000000
189.999019	promoter_B1	0.000000	0.000000	0.000000
189.999019	promoter_D	0.000000	0.000000	0.000000
194.999018	__gene_A*_rbs	129.000000	0.000000	0.000000
194.999018	__gene_A_rbs	143.000000	0.000000	0.000000
194.999018	__gene_B_rbs	132.000000	0.000000	0.000000
194.999018	__gene_C_rbs	122.000000	0.000000	0.000000
194.999018	__gene_D_rbs	137.000000	0.000000	0.000000
194.999018	__gene_E_rbs	133.000000	0.000000	0.000000
194.999018	__gene_F_rbs	88.000000	0.000000	0.000000
194.999018	__gene_G_rbs	50.000000	0.000000	0.000000
194.999018	__gene_H_rbs	32.000000	0.000000	0.000000
194.999018	__gene_J_rbs	126.000000	0.000000	0.000000
194.999018	__gene_K_rbs	122.000000	0.000000	0.000000
194.999018	__ribosome	0.000000	0.000000	0.000000
194.999018	bound_ecolipol	1866.000000	0.000000	0.000000
194.999018	bound_ribosome	100.000000	0.000000	0.000000
194.999018	ecoli_genome	134.000000	0.000000	0.000000
194.999018	ecoli_transcript	14643.000000	0.000000	0.000000
194.999018	ecolipol	46.000000	0.000000	0.000000
194.999018	gene_A	116.000000	143.000000	0.076923
194.999018	gene_A*	72.000000	129.000000	0.093023
194.999018	gene_B	77.000000	132.000000	0.030303
194.999018	gene_C	65.000000	123.000000	0.032520
194.999018	gene_D	123.000000	137.000000	0.058394
194.999018	gene_E	76.000000	133.000000	0.015038
194.999018	gene_F	32.000000	88.000000	0.102273
194.999018	gene_G	13.000000	50.000000	0.060000
194.999018	gene_H	0.000000	33.000000	0.363636
194.999018	gene_J	39.000000	126.000000	0.246032
194.999018	gene_K	50.000000	124.000000	0.032258
194.999018	promoter_A	0.000000	0.000000	0.000000
194.999018	promoter_B1	0.000000	0.000000	0.000000
194.999018	promoter_D	0.000000	0.000000	0.000000
199.999007	__gene_A*_rbs	133.000000	0.000000	0.000000
199.999007	__gene_A_rbs	146.000000	0.000000	0.000000
199.999007	__gene_B_rbs	136.000000	0.000000	0.000000
199.999007	__gene_C_rbs	125.000000	0.000000	0.000000
199.999007	__gene_D_rbs	141.000000	0.000000	0.000000
199.999007	__gene_E_rbs	136.000000	0.000000	0.000000
199.999007	__gene_F_rbs	89.000000	0.000000	0.000000
199.999007	__gene_G_rbs	52.000000	0.000000	0.000000
199.999007	__gene_H_rbs	34.000000	0.000000	0.000000
199.999007	__gene_J_rbs	129.000000	0.000000	0.000000
199.999007	__gene_K_rbs	125.000000	0.000000	0.000000
199.999007	__ribosome	0.000000	0.000000	0.000000
199.999007	bound_ecolipol	1877.000000	0.000000	0.000000
199.999007	bound_ribosome	100.000000	0.000000	0.000000
199.999007	ecoli_genome	123.000000	0.000000	0.000000
199.999007	ecoli_transcript	14989.000000	0.000000	0.000000
199.999007	ecolipol	34.000000	0.000000	0.000000
199.999007	gene_A	117.000000	146.000000	0.095890
199.999007	gene_A*	75.000000	133.000000	0.075188
199.999007	gene_B	77.000000	136.000000	0.036765
199.999007	gene_C	67.000000	125.000000	0.024000
199.999007	gene_D	127.000000	141.000000	0.035461
199.999007	gene_E	77.000000	137.000000	0.036496
199.999007	gene_F	32.000000	89.000000	0.112360
199.999007	gene_G	14.000000	52.000000	0.038462
199.999007	gene_H	0.000000	34.000000	0.352941
199.999007	gene_J	39.000000	130.000000	0.261538
199.999007	gene_K	54.000000	127.000000	0.000000
199.999007	promoter_A	0.000000	0.000000	0.000000
199.999007	promoter_B1	0.000000	0.000000	0.000000
199.999007	promoter_D	0.000000	0.000000	0.000000
204.999083	__gene_A*_rbs	136.000000	0.000000	0.000000
204.999083	__gene_A_rbs	150.000000	0.000000	0.000000
204.999083	__gene_B_rbs	139.000000	0.000000	0.000000
204.999083	__gene_C_rbs	128.000000	0.000000	0.000000
204.999083	__gene_D_rbs	145.000000	0.000000	0.000000
204.999083	__gene_E_rbs	141.000000	0.000000	0.000000
204.999083	__gene_F_rbs	93.000000	0.000000	0.000000
204.999083	__gene_G_rbs	53.000000	0.000000	0.000000
204.999083	__gene_H_rbs	36.000000	0.000000	0.000000
204.999083	__gene_J_rbs	134.000000	0.000000	0.000000
204.999083	__gene_K_rbs	131.000000	0.000000	0.000000
204.999083	__ribosome	0.000000	0.000000	0.000000
204.999083	bound_ecolipol	1874.000000	0.000000	0.000000
204.999083	bound_ribosome	100.000000	0.000000	0.000000
204.999083	ecoli_genome	126.000000	0.000000	0.000000
204.999083	ecoli_transcript	15335.000000	0.000000	0.000000
204.999083	ecolipol	36.000000	0.000000	0.000000
204.999083	gene_A	117.000000	150.000000	0.106667
204.999083	gene_A*	78.000000	137.000000	0.051095
204.999083	gene_B	80.000000	140.000000	0.021429
204.999083	gene_C	69.000000	129.000000	0.015504
204.999083	gene_D	130.000000	145.000000	0.041379
204.999083	gene_E	78.000000	141.000000	0.028369
204.999083	gene_F	32.000000	93.000000	0.107527
204.999083	gene_G	14.000000	53.000000	0.056604
204.999083	gene_H	0.000000	36.000000	0.361111
204.999083	gene_J	41.000000	133.000000	0.248120
204.999083	gene_K	54.000000	131.000000	0.022901
204.999083	promoter_A	0.000000	0.000000	0.000000
204.999083	promoter_B1	0.000000	0.000000	0.000000
204.999083	promoter_D	0.000000	0.000000	0.000000
209.999452	__gene_A*_rbs	140.000000	0.000000	0.000000
209.999452	__gene_A_rbs	153.000000	0.000000	0.000000
209.999452	__gene_B_rbs	142.000000	0.000000	0.000000
209.999452	__gene_C_rbs	131.000000	0.000000	0.000000
209.999452	__gene_D_rbs	148.000000	0.000000	0.000000
209.999452	__gene_E_rbs	145.000000	0.000000	0.000000
209.999452	__gene_F_rbs	96.000000	0.000000	0.000000
209.999452	__gene_G_rbs	54.000000	0.000000	0.000000
209.999452	__gene_H_rbs	37.000000	0.000000	0.000000
209.999452	__gene_J_rbs	137.000000	0.000000	0.000000
209.999452	__gene_K_rbs	134.000000	0.000000	0.000000
209.999452	__ribosome	0.000000	0.000000	0.000000
209.999452	bound_ecolipol	1866.000000	0.000000	0.000000
209.999452	bound_ribosome	100.000000	0.000000	0.000000
209.999452	ecoli_genome	134.000000	0.000000	0.000000
209.999452	ecoli_transcript	15701.000000	0.000000	0.000000
209.999452	ecolipol	42.000000	0.000000	0.000000
209.999452	gene_A	119.000000	153.000000	0.091503
209.999452	gene_A*	78.000000	140.000000	0.064286
209.999452	gene_B	82.000000	143.000000	0.020979
209.999452	gene_C	71.000000	133.000000	0.037594
209.999452	gene_D	131.000000	148.000000	0.047297
209.999452	gene_E	82.000000	145.000000	0.006897
209.999452	gene_F	35.000000	96.000000	0.083333
209.999452	gene_G	14.000000	55.000000	0.072727
209.999452	gene_H	0.000000	37.000000	0.351351
209.999452	gene_J	42.000000	137.000000	0.248175
209.999452	gene_K	57.000000	134.000000	0.014925
209.999452	promoter_A	0.000000	0.000000	0.000000
209.999452	promoter_B1	0.000000	0.000000	0.000000
209.999452	promoter_D	0.000000	0.000000	0.000000
214.999077	__gene_A*_rbs	144.000000	0.000000	0.000000
214.999077	__gene_A_rbs	157.000000	0.000000	0.000000
214.999077	__gene_B_rbs	146.000000	0.000000	0.000000
214.999077	__gene_C_rbs	135.000000	0.000000	0.000000
214.999077	__gene_D_rbs	152.000000	0.000000	0.000000
214.999077	__gene_E_rbs	147.000000	0.000000	0.000000
214.999077	__gene_F_rbs	99.000000	0.000000	0.000000
214.999077	__gene_G_rbs	56.000000	0.000000	0.000000
214.999077	__gene_H_rbs	39.000000	0.000000	0.000000
214.999077	__gene_J_rbs	142.000000	0.000000	0.000000
214.999077	__gene_K_rbs	137.000000	0.000000	0.000000
214.999077	__ribosome	0.000000	0.000000	0.000000
214.999077	bound_ecolipol	1880.000000	0.000000	0.000000
214.999077	bound_ribosome	100.000000	0.000000	0.000000
214.999077	ecoli_genome	120.000000	0.000000	0.000000
214.999077	ecoli_transcript	16065.000000	0.000000	0.000000
214.999077	ecolipol	25.000000	0.000000	0.000000
214.999077	gene_A	121.000000	157.000000	0.076433
214.999077	gene_A*	78.000000	145.000000	0.068966
214.999077	gene_B	82.000000	147.000000	0.020408
214.999077	gene_C	71.000000	136.000000	0.044118
214.999077	gene_D	132.000000	152.000000	0.039474
214.999077	gene_E	82.000000	148.000000	0.006757
214.999077	gene_F	35.000000	99.000000	0.080808
214.999077	gene_G	14.000000	56.000000	0.071429
214.999077	gene_H	0.000000	39.000000	0.358974
214.999077	gene_J	43.000000	141.000000	0.248227
214.999077	gene_K	58.000000	138.000000	0.007246
214.999077	promoter_A	0.000000	0.000000	0.000000
214.999077	promoter_B1	0.000000	0.000000	0.000000
214.999077	promoter_D	0.000000	0.000000	0.000000
219.999080	__gene_A*_rbs	148.000000	0.000000	0.000000
219.999080	__gene_A_rbs	161.000000	0.000000	0.000000
219.999080	__gene_B_rbs	151.000000	0.000000	0.000000
219.999080	__gene_C_rbs	140.000000	0.000000	0.000000
219.999080	__gene_D_rbs	155.000000	0.000000	0.000000
219.999080	__gene_E_rbs	151.000000	0.000000	0.000000
219.999080	__gene_F_rbs	101.000000	0.000000	0.000000
219.999080	__gene_G_rbs	59.000000	0.000000	0.000000
219.999080	__gene_H_rbs	40.000000	0.000000	0.000000
219.999080	__gene_J_rbs	144.000000	0.000000	0.000000
219.999080	__gene_K_rbs	141.000000	0.000000	0.000000
219.999080	__ribosome	0.000000	0.000000	0.000000
219.999080	bound_ecolipol	1869.000000	0.000000	0.000000
219.999080	bound_ribosome	100.000000	0.000000	0.000000
219.999080	ecoli_genome	131.000000	0.000000	0.000000
219.999080	ecoli_transcript	16394.000000	0.000000	0.000000
219.999080	ecolipol	37.000000	0.000000	0.000000
219.999080	gene_A	122.000000	161.000000	0.068323
219.999080	gene_A*	80.000000	148.000000	0.060811
219.999080	gene_B	84.000000	151.000000	0.019868
219.999080	gene_C	76.000000	140.000000	0.042857
219.999080	gene_D	136.000000	155.000000	0.038710
219.999080	gene_E	83.000000	151.000000	0.000000
219.999080	gene_F	38.000000	101.000000	0.059406
219.999080	gene_G	14.000000	59.000000	0.067797
219.999080	gene_H	0.000000	40.000000	0.375000
219.999080	gene_J	45.000000	144.000000	0.270833
219.999080	gene_K	59.000000	142.000000	0.007042
219.999080	promoter_A	0.000000	0.000000	0.000000
219.999080	promoter_B1	0.000000	0.000000	0.000000
219.999080	promoter_D	0.000000	0.000000	0.000000
224.999028	__gene_A*_rbs	152.000000	0.000000	0.000000
224.999028	__gene_A_rbs	164.000000	0.000000	0.000000
224.999028	__gene_B_rbs	153.000000	0.000000	0.000000
224.999028	__gene_C_rbs	142.000000	0.000000	0.000000
224.999028	__gene_D_rbs	158.000000	0.000000	0.000000
224.999028	__gene_E_rbs	155.000000	0.000000	0.000000
224.999028	__gene_F_rbs	104.000000	0.000000	0.000000
224.999028	__gene_G_rbs	62.000000	0.000000	0.000000
224.999028	__gene_H_rbs	41.000000	0.000000	0.000000
224.999028	__gene_J_rbs	149.000000	0.000000	0.000000
224.999028	__gene_K_rbs	145.000000	0.000000	0.000000
224.999028	__ribosome	0.000000	0.000000	0.000000
224.999028	bound_ecolipol	1859.000000	0.000000	0.000000
224.999028	bound_ribosome	100.000000	0.000000	0.000000
224.999028	ecoli_genome	141.000000	0.000000	0.000000
224.999028	ecoli_transcript	16760.000000	0.000000	0.000000
224.999028	ecolipol	45.000000	0.000000	0.000000
224.999028	gene_A	122.000000	164.000000	0.085366
224.999028	gene_A*	82.000000	152.000000	0.059211
224.999028	gene_B	85.000000	154.000000	0.012987
224.999028	gene_C	78.000000	143.000000	0.041958
224.999028	gene_D	138.000000	158.000000	0.044304
224.999028	gene_E	83.000000	155.000000	0.006452
224.999028	gene_F	39.000000	104.000000	0.057692
224.999028	gene_G	15.000000	62.000000	0.064516
224.999028	gene_H	0.000000	41.000000	0.390244
224.999028	gene_J	50.000000	148.000000	0.229730
224.999028	gene_K	60.000000	146.000000	0.006849
224.999028	promoter_A	0.000000	0.000000	0.000000
224.999028	promoter_B1	0.000000	0.000000	0.000000
224.999028	promoter_D	0.000000	0.000000	0.000000
229.999426	__gene_A*_rbs	154.000000	0.000000	0.000000
229.999426	__gene_A_rbs	167.000000	0.000000	0.000000
229.999426	__gene_B_rbs	158.000000	0.000000	0.000000
229.999426	__gene_C_rbs	147.000000	0.000000	0.000000
229.999426	__gene_D_rbs	161.000000	0.000000	0.000000
229.999426	__gene_E_rbs	156.000000	0.000000	0.000000
229.999426	__gene_F_rbs	107.000000	0.000000	0.000000
229.999426	__gene_G_rbs	64.000000	0.000000	0.000000
229.999426	__gene_H_rbs	42.000000	0.000000	0.000000
229.999426	__gene_J_rbs	152.000000	0.000000	0.000000
229.999426	__gene_K_rbs	148.000000	0.000000	0.000000
229.999426	__ribosome	0.000000	0.000000	0.000000
229.999426	bound_ecolipol	1861.000000	0.000000	0.000000
229.999426	bound_ribosome	100.000000	0.000000	0.000000
229.999426	ecoli_genome	139.000000	0.000000	0.000000
229.999426	ecoli_transcript	17166.000000	0.000000	0.000000
229.999426	ecolipol	41.000000	0.000000	0.000000
229.999426	gene_A	124.000000	168.000000	0.083333
229.999426	gene_A*	84.000000	155.000000	0.051613
229.999426	gene_B	86.000000	158.000000	0.012658
229.999426	gene_C	83.000000	147.000000	0.027211
229.999426	gene_D	138.000000	161.000000	0.049689
229.999426	gene_E	83.000000	158.000000	0.025316
229.999426	gene_F	40.000000	107.000000	0.046729
229.999426	gene_G	16.000000	64.000000	0.046875
229.999426	gene_H	0.000000	42.000000	0.404762
229.999426	gene_J	50.000000	151.000000	0.225166
229.999426	gene_K	61.000000	149.000000	0.006711
229.999426	promoter_A	0.000000	0.000000	0.000000
229.999426	promoter_B1	0.000000	0.000000	0.000000
229.999426	promoter_D	0.000000	0.000000	0.000000
234.999120	__gene_A*_rbs	159.000000	0.000000	0.000000
234.999120	__gene_A_rbs	172.000000	0.000000	0.000000
234.999120	__gene_B_rbs	159.000000	0.000000	0.000000
234.999120	__gene_C_rbs	151.000000	0.000000	0.000000
234.999120	__gene_D_rbs	165.000000	0.000000	0.000000
234.999120	__gene_E_rbs	161.000000	0.000000	0.000000
234.999120	__gene_F_rbs	109.000000	0.000000	0.000000
234.999120	__gene_G_rbs	67.000000	0.000000	0.000000
234.999120	__gene_H_rbs	44.000000	0.000000	0.000000
234.999120	__gene_J_rbs	155.000000	0.000000	0.000000
234.999120	__gene_K_rbs	153.000000	0.000000	0.000000
234.999120	__ribosome	0.000000	0.000000	0.000000
234.999120	bound_ecolipol	1862.000000	0.000000	0.000000
234.999120	bound_ribosome	100.000000	0.000000	0.000000
234.999120	ecoli_genome	138.000000	0.000000	0.000000
234.999120	ecoli_transcript	17561.000000	0.000000	0.000000
234.999120	ecolipol	43.000000	0.000000	0.000000
234.999120	gene_A	125.000000	172.000000	0.081395
234.999120	gene_A*	85.000000	159.000000	0.044025
234.999120	gene_B	87.000000	162.000000	0.030864
234.999120	gene_C	85.000000	151.000000	0.019868
234.999120	gene_D	142.000000	165.000000	0.036364
234.999120	gene_E	84.000000	161.000000	0.018634
234.999120	gene_F	40.000000	109.000000	0.045872
234.999120	gene_G	16.000000	67.000000	0.044776
234.999120	gene_H	0.000000	44.000000	0.431818
234.999120	gene_J	50.000000	154.000000	0.220779
234.999120	gene_K	62.000000	153.000000	0.006536
234.999120	promoter_A	0.000000	0.000000	0.000000
234.999120	promoter_B1	0.000000	0.000000	0.000000
234.999120	promoter_D	0.000000	0.000000	0.000000
239.999311	__gene_A*_rbs	163.000000	0.000000	0.000000
239.999311	__gene_A_rbs	176.000000	0.000000	0.000000
239.999311	__gene_B_rbs	164.000000	0.000000	0.000000
239.999311	__gene_C_rbs	154.000000	0.000000	0.000000
239.999311	__gene_D_rbs	168.000000	0.000000	0.000000
239.999311	__gene_E_rbs	165.000000	0.000000	0.000000
239.999311	__gene_F_rbs	111.000000	0.000000	0.000000
239.999311	__gene_G_rbs	69.000000	0.000000	0.000000
239.999311	__gene_H_rbs	46.000000	0.000000	0.000000
239.999311	__gene_J_rbs	159.000000	0.000000	0.000000
239.999311	__gene_K_rbs	155.000000	0.000000	0.000000
239.999311	__ribosome	0.000000	0.000000	0.000000
239.999311	bound_ecolipol	1866.000000	0.000000	0.000000
239.999311	bound_ribosome	100.000000	0.000000	0.000000
239.999311	ecoli_genome	134.000000	0.000000	0.000000
239.999311	ecoli_transcript	17941.000000	0.000000	0.000000
239.999311	ecolipol	39.000000	0.000000	0.000000
239.999311	gene_A	127.000000	176.000000	0.079545
239.999311	gene_A*	85.000000	163.000000	0.042945
239.999311	gene_B	87.000000	165.000000	0.036364
239.999311	gene_C	87.000000	154.000000	0.019481
239.999311	gene_D	145.000000	169.000000	0.023669
239.999311	gene_E	87.000000	165.000000	0.012121
239.999311	gene_F	41.000000	111.000000	0.036036
239.999311	gene_G	17.000000	69.000000	0.043478
239.999311	gene_H	0.000000	46.000000	0.413043
239.999311	gene_J	50.000000	158.000000	0.221519
239.999311	gene_K	63.000000	156.000000	0.019231
239.999311	promoter_A	0.000000	0.000000	0.000000
239.999311	promoter_B1	0.000000	0.000000	0.000000
239.999311	promoter_D	0.000000	0.000000	0.000000
244.999686	__gene_A*_rbs	166.000000	0.000000	0.000000
244.999686	__gene_A_rbs	180.000000	0.000000	0.000000
244.999686	__gene_B_rbs	169.000000	0.000000	0.000000
244.999686	__gene_C_rbs	157.000000	0.000000	0.000000
244.999686	__gene_D_rbs	172.000000	0.000000	0.000000
244.999686	__gene_E_rbs	169.000000	0.000000	0.000000
244.999686	__gene_F_rbs	114.000000	0.000000	0.000000
244.999686	__gene_G_rbs	71.000000	0.000000	0.000000
244.999686	__gene_H_rbs	48.000000	0.000000	0.000000
244.999686	__gene_J_rbs	161.000000	0.000000	0.000000
244.999686	__gene_K_rbs	159.000000	0.000000	0.000000
244.999686	__ribosome	0.000000	0.000000	0.000000
244.999686	bound_ecolipol	1873.000000	0.000000	0.000000
244.999686	bound_ribosome	100.000000	0.000000	0.000000
244.999686	ecoli_genome	127.000000	0.000000	0.000000
244.999686	ecoli_transcript	18335.000000	0.000000	0.000000
244.999686	ecolipol	32.000000	0.000000	0.000000
244.999686	gene_A	127.000000	180.000000	0.088889
244.999686	gene_A*	88.000000	166.000000	0.030120
244.999686	gene_B	90.000000	169.000000	0.029586
244.999686	gene_C	89.000000	158.000000	0.012658
244.999686	gene_D	146.000000	172.000000	0.023256
244.999686	gene_E	88.000000	169.000000	0.017751
244.999686	gene_F	42.000000	114.000000	0.026316
244.999686	gene_G	17.000000	71.000000	0.042254
244.999686	gene_H	0.000000	48.000000	0.395833
244.999686	gene_J	51.000000	161.000000	0.229814
244.999686	gene_K	65.000000	160.000000	0.018750
244.999686	promoter_A	0.000000	0.000000	0.000000
244.999686	promoter_B1	0.000000	0.000000	0.000000
244.999686	promoter_D	0.000000	0.000000	0.000000
249.999091	__gene_A*_rbs	170.000000	0.000000	0.000000
249.999091	__gene_A_rbs	182.000000	0.000000	0.000000
249.999091	__gene_B_rbs	173.000000	0.000000	0.000000
249.999091	__gene_C_rbs	161.000000	0.000000	0.000000
249.999091	__gene_D_rbs	176.000000	0.000000	0.000000
249.999091	__gene_E_rbs	171.000000	0.000000	0.000000
249.999091	__gene_F_rbs	116.000000	0.000000	0.000000
249.999091	__gene_G_rbs	74.000000	0.000000	0.000000
249.999091	__gene_H_rbs	51.000000	0.000000	0.000000
249.999091	__gene_J_rbs	166.000000	0.000000	0.000000
249.999091	__gene_K_rbs	164.000000	0.000000	0.000000
249.999091	__ribosome	0.000000	0.000000	0.000000
249.999091	bound_ecolipol	1870.000000	0.000000	0.000000
249.999091	bound_ribosome	100.000000	0.000000	0.000000
249.999091	ecoli_genome	130.000000	0.000000	0.000000
249.999091	ecoli_transcript	18719.000000	0.000000	0.000000
249.999091	ecolipol	33.000000	0.000000	0.000000
249.999091	gene_A	131.000000	183.000000	0.081967
249.999091	gene_A*	89.000000	170.000000	0.047059
249.999091	gene_B	92.000000	173.000000	0.028902
249.999091	gene_C	91.000000	162.000000	0.012346
249.999091	gene_D	148.000000	176.000000	0.022727
249.999091	gene_E	89.000000	172.000000	0.023256
249.999091	gene_F	43.000000	116.000000	0.034483
249.999091	gene_G	17.000000	74.000000	0.054054
249.999091	gene_H	0.000000	51.000000	0.372549
249.999091	gene_J	54.000000	165.000000	0.206061
249.999091	gene_K	67.000000	164.000000	0.006098
249.999091	promoter_A	0.000000	0.000000	0.000000
249.999091	promoter_B1	0.000000	0.000000	0.000000
249.999091	promoter_D	0.000000	0.000000	0.000000
254.999117	__gene_A*_rbs	172.000000	0.000000	0.000000
254.999117	__gene_A_rbs	186.000000	0.000000	0.000000
254.999117	__gene_B_rbs	177.000000	0.000000	0.000000
254.999117	__gene_C_rbs	166.000000	0.000000	0.000000
254.999117	__gene_D_rbs	180.000000	0.000000	0.000000
254.999117	__gene_E_rbs	175.000000	0.000000	0.000000
254.999117	__gene_F_rbs	119.000000	0.000000	0.000000
254.999117	__gene_G_rbs	76.000000	0.000000	0.000000
254.999117	__gene_H_rbs	52.000000	0.000000	0.000000
254.999117	__gene_J_rbs	169.000000	0.000000	0.000000
254.999117	__gene_K_rbs	166.000000	0.000000	0.000000
254.999117	__ribosome	0.000000	0.000000	0.000000
254.999117	bound_ecolipol	1871.000000	0.000000	0.000000
254.999117	bound_ribosome	100.000000	0.000000	0.000000
254.999117	ecoli_genome	129.000000	0.000000	0.000000
254.999117	ecoli_transcript	19094.000000	0.000000	0.000000
254.999117	ecolipol	32.000000	0.000000	0.000000
254.999117	gene_A	133.000000	187.000000	0.074866
254.999117	gene_A*	89.000000	173.000000	0.057803
254.999117	gene_B	93.000000	177.000000	0.028249
254.999117	gene_C	91.000000	166.000000	0.012048
254.999117	gene_D	149.000000	180.000000	0.022222
254.999117	gene_E	92.000000	176.000000	0.011364
254.999117	gene_F	43.000000	119.000000	0.033613
254.999117	gene_G	17.000000	76.000000	0.052632
254.999117	gene_H	0.000000	52.000000	0.384615
254.999117	gene_J	54.000000	168.000000	0.208333
254.999117	gene_K	68.000000	168.000000	0.000000
254.999117	promoter_A	0.000000	0.000000	0.000000
254.999117	promoter_B1	0.000000	0.000000	0.000000
254.999117	promoter_D	0.000000	0.000000	0.000000
259.999157	__gene_A*_rbs	176.000000	0.000000	0.000000
259.999157	__gene_A_rbs	190.000000	0.000000	0.000000
259.999157	__gene_B_rbs	180.000000	0.000000	0.000000
259.999157	__gene_C_rbs	169.000000	0.000000	0.000000
259.999157	__gene_D_rbs	184.000000	0.000000	0.000000
259.999157	__gene_E_rbs	178.000000	0.000000	0.000000
259.999157	__gene_F_rbs	120.000000	0.000000	0.000000
259.999157	__gene_G_rbs	78.000000	0.000000	0.000000
259.999157	__gene_H_rbs	54.000000	0.000000	0.000000
259.999157	__gene_J_rbs	172.000000	0.000000	0.000000
259.999157	__gene_K_rbs	171.000000	0.000000	0.000000
259.999157	__ribosome	0.000000	0.000000	0.000000
259.999157	bound_ecolipol	1862.000000	0.000000	0.000000
259.999157	bound_ribosome	100.000000	0.000000	0.000000
259.999157	ecoli_genome	138.000000	0.000000	0.000000
259.999157	ecoli_transcript	19491.000000	0.000000	0.000000
259.999157	ecolipol	43.000000	0.000000	0.000000
259.999157	gene_A	133.000000	190.000000	0.078947
259.999157	gene_A*	91.000000	177.000000	0.056497
259.999157	gene_B	97.000000	180.000000	0.011111
259.999157	gene_C	93.000000	169.000000	0.000000
259.999157	gene_D	150.000000	184.000000	0.027174
259.999157	gene_E	93.000000	180.000000	0.016667
259.999157	gene_F	44.000000	120.000000	0.025000
259.999157	gene_G	17.000000	78.000000	0.051282
259.999157	gene_H	0.000000	54.000000	0.388889
259.999157	gene_J	55.000000	172.000000	0.209302
259.999157	gene_K	68.000000	171.000000	0.005848
259.999157	promoter_A	0.000000	0.000000	0.000000
259.999157	promoter_B1	0.000000	0.000000	0.000000
259.999157	promoter_D	0.000000	0.000000	0.000000
264.999015	__gene_A*_rbs	180.000000	0.000000	0.000000
264.999015	__gene_A_rbs	194.000000	0.000000	0.000000
264.999015	__gene_B_rbs	184.000000	0.000000	0.000000
264.999015	__gene_C_rbs	173.000000	0.000000	0.000000
264.999015	__gene_D_rbs	187.000000	0.000000	0.000000
264.999015	__gene_E_rbs	181.000000	0.000000	0.000000
264.999015	__gene_F_rbs	123.000000	0.000000	0.000000
264.999015	__gene_G_rbs	78.000000	0.000000	0.000000
264.999015	__gene_H_rbs	55.000000	0.000000	0.000000
264.999015	__gene_J_rbs	177.000000	0.000000	0.000000
264.999015	__gene_K_rbs	175.000000	0.000000	0.000000
264.999015	__ribosome	0.000000	0.000000	0.000000
264.999015	bound_ecolipol	1872.000000	0.000000	0.000000
264.999015	bound_ribosome	100.000000	0.000000	0.000000
264.999015	ecoli_genome	128.000000	0.000000	0.000000
264.999015	ecoli_transcript	19837.000000	0.000000	0.000000
264.999015	ecolipol	34.000000	0.000000	0.000000
264.999015	gene_A	133.000000	194.000000	0.077320
264.999015	gene_A*	92.000000	181.000000	0.060773
264.999015	gene_B	98.000000	184.000000	0.010870
264.999015	gene_C	93.000000	173.000000	0.000000
264.999015	gene_D	152.000000	187.000000	0.016043
264.999015	gene_E	94.000000	183.000000	0.010929
264.999015	gene_F	44.000000	123.000000	0.048780
264.999015	gene_G	18.000000	78.000000	0.038462
264.999015	gene_H	0.000000	55.000000	0.400000
264.999015	gene_J	56.000000	176.000000	0.198864
264.999015	gene_K	69.000000	175.000000	0.005714
264.999015	promoter_A	0.000000	0.000000	0.000000
264.999015	promoter_B1	0.000000	0.000000	0.000000
264.999015	promoter_D	0.000000	0.000000	0.000000
269.999017	__gene_A*_rbs	184.000000	0.000000	0.000000
269.999017	__gene_A_rbs	197.000000	0.000000	0.000000
269.999017	__gene_B_rbs	186.000000	0.000000	0.000000
269.999017	__gene_C_rbs	176.000000	0.000000	0.000000
269.999017	__gene_D_rbs	191.000000	0.000000	0.000000
269.999017	__gene_E_rbs	187.000000	0.000000	0.000000
269.999017	__gene_F_rbs	126.000000	0.000000	0.000000
269.999017	__gene_G_rbs	81.000000	0.000000	0.000000
269.999017	__gene_H_rbs	56.000000	0.000000	0.000000
269.999017	__gene_J_rbs	179.000000	0.000000	0.000000
269.999017	__gene_K_rbs	178.000000	0.000000	0.000000
269.999017	__ribosome	0.000000	0.000000	0.000000
269.999017	bound_ecolipol	1874.000000	0.000000	0.000000
269.999017	bound_ribosome	100.000000	0.000000	0.000000
269.999017	ecoli_genome	126.000000	0.000000	0.000000
269.999017	ecoli_transcript	20189.000000	0.000000	0.000000
269.999017	ecolipol	33.000000	0.000000	0.000000
269.999017	gene_A	133.000000	197.000000	0.076142
269.999017	gene_A*	92.000000	184.000000	0.065217
269.999017	gene_B	98.000000	187.000000	0.021390
269.999017	gene_C	93.000000	177.000000	0.000000
269.999017	gene_D	153.000000	191.000000	0.010471
269.999017	gene_E	96.000000	187.000000	0.000000
269.999017	gene_F	45.000000	126.000000	0.039683
269.999017	gene_G	18.000000	81.000000	0.037037
269.999017	gene_H	0.000000	56.000000	0.392857
269.999017	gene_J	56.000000	179.000000	0.201117
269.999017	gene_K	69.000000	179.000000	0.005587
269.999017	promoter_A	0.000000	0.000000	0.000000
269.999017	promoter_B1	0.000000	0.000000	0.000000
269.999017	promoter_D	0.000000	0.000000	0.000000
274.999029	__gene_A*_rbs	188.000000	0.000000	0.000000
274.999029	__gene_A_rbs	201.000000	0.000000	0.000000
274.999029	__gene_B_rbs	190.000000	0.000000	0.000000
274.999029	__gene_C_rbs	181.000000	0.000000	0.000000
274.999029	__gene_D_rbs	195.000000	0.000000	0.000000
274.999029	__gene_E_rbs	191.000000	0.000000	0.000000
274.999029	__gene_F_rbs	130.000000	0.000000	0.000000
274.999029	__gene_G_rbs	83.000000	0.000000	0.000000
274.999029	__gene_H_rbs	59.000000	0.000000	0.000000
274.999029	__gene_J_rbs	183.000000	0.000000	0.000000
274.999029	__gene_K_rbs	183.000000	0.000000	0.000000
274.999029	__ribosome	0.000000	0.000000	0.000000
274.999029	bound_ecolipol	1866.000000	0.000000	0.000000
274.999029	bound_ribosome	100.000000	0.000000	0.000000
274.999029	ecoli_genome	134.000000	0.000000	0.000000
274.999029	ecoli_transcript	20599.000000	0.000000	0.000000
274.999029	ecolipol	39.000000	0.000000	0.000000
274.999029	gene_A	136.000000	201.000000	0.059701
274.999029	gene_A*	92.000000	188.000000	0.063830
274.999029	gene_B	99.000000	191.000000	0.020942
274.999029	gene_C	93.000000	181.000000	0.000000
274.999029	gene_D	154.000000	195.000000	0.005128
274.999029	gene_E	96.000000	191.000000	0.005236
274.999029	gene_F	45.000000	130.000000	0.046154
274.999029	gene_G	18.000000	83.000000	0.048193
274.999029	gene_H	0.000000	59.000000	0.372881
274.999029	gene_J	56.000000	183.000000	0.202186
274.999029	gene_K	70.000000	183.000000	0.005464
274.999029	promoter_A	0.000000	0.000000	0.000000
274.999029	promoter_B1	0.000000	0.000000	0.000000
274.999029	promoter_D	0.000000	0.000000	0.000000
279.999005	__gene_A*_rbs	192.000000	0.000000	0.000000
279.999005	__gene_A_rbs	204.000000	0.000000	0.000000
279.999005	__gene_B_rbs	195.000000	0.000000	0.000000
279.999005	__gene_C_rbs	184.000000	0.000000	0.000000
279.999005	__gene_D_rbs	199.000000	0.000000	0.000000
279.999005	__gene_E_rbs	194.000000	0.000000	0.000000
279.999005	__gene_F_rbs	133.000000	0.000000	0.000000
279.999005	__gene_G_rbs	85.000000	0.000000	0.000000
279.999005	__gene_H_rbs	59.000000	0.000000	0.000000
279.999005	__gene_J_rbs	188.000000	0.000000	0.000000
279.999005	__gene_K_rbs	186.000000	0.000000	0.000000
279.999005	__ribosome	0.000000	0.000000	0.000000
279.999005	bound_ecolipol	1864.000000	0.000000	0.000000
279.999005	bound_ribosome	100.000000	0.000000	0.000000
279.999005	ecoli_genome	136.000000	0.000000	0.000000
279.999005	ecoli_transcript	20980.000000	0.000000	0.000000
279.999005	ecolipol	42.000000	0.000000	0.000000
279.999005	gene_A	137.000000	204.000000	0.053922
279.999005	gene_A*	93.000000	192.000000	0.057292
279.999005	gene_B	100.000000	195.000000	0.020513
279.999005	gene_C	93.000000	184.000000	0.005435
279.999005	gene_D	155.000000	199.000000	0.000000
279.999005	gene_E	96.000000	194.000000	0.020619
279.999005	gene_F	45.000000	133.000000	0.045113
279.999005	gene_G	18.000000	85.000000	0.047059
279.999005	gene_H	0.000000	59.000000	0.372881
279.999005	gene_J	57.000000	187.000000	0.197861
279.999005	gene_K	71.000000	186.000000	0.000000
279.999005	promoter_A	0.000000	0.000000	0.000000
279.999005	promoter_B1	0.000000	0.000000	0.000000
279.999005	promoter_D	0.000000	0.000000	0.000000
284.999055	__gene_A*_rbs	195.000000	0.000000	0.000000
284.999055	__gene_A_rbs	208.000000	0.000000	0.000000
284.999055	__gene_B_rbs	199.000000	0.000000	0.000000
284.999055	__gene_C_rbs	187.000000	0.000000	0.000000
284.999055	__gene_D_rbs	202.000000	0.000000	0.000000
284.999055	__gene_E_rbs	198.000000	0.000000	0.000000
284.999055	__gene_F_rbs	136.000000	0.000000	0.000000
284.999055	__gene_G_rbs	87.000000	0.000000	0.000000
284.999055	__gene_H_rbs	61.000000	0.000000	0.000000
284.999055	__gene_J_rbs	192.000000	0.000000	0.000000
284.999055	__gene_K_rbs	189.000000	0.000000	0.000000
284.999055	__ribosome	0.000000	0.000000	0.000000
284.999055	bound_ecolipol	1864.000000	0.000000	0.000000
284.999055	bound_ribosome	100.000000	0.000000	0.000000
284.999055	ecoli_genome	136.000000	0.000000	0.000000
284.999055	ecoli_transcript	21376.000000	0.000000	0.000000
284.999055	ecolipol	42.000000	0.000000	0.000000
284.999055	gene_A	138.000000	208.000000	0.048077
284.999055	gene_A*	98.000000	195.000000	0.041026
284.999055	gene_B	102.000000	199.000000	0.015075
284.999055	gene_C	94.000000	188.000000	0.005319
284.999055	gene_D	155.000000	202.000000	0.004950
284.999055	gene_E	97.000000	198.000000	0.020202
284.999055	gene_F	45.000000	136.000000	0.051471
284.999055	gene_G	18.000000	87.000000	0.057471
284.999055	gene_H	0.000000	61.000000	0.360656
284.999055	gene_J	59.000000	191.000000	0.188482
284.999055	gene_K	71.000000	190.000000	0.015789
284.999055	promoter_A	0.000000	0.000000	0.000000
284.999055	promoter_B1	0.000000	0.000000	0.000000
284.999055	promoter_D	0.000000	0.000000	0.000000
289.999081	__gene_A*_rbs	199.000000	0.000000	0.000000
289.999081	__gene_A_rbs	211.000000	0.000000	0.000000
289.999081	__gene_B_rbs	201.000000	0.000000	0.000000
289.999081	__gene_C_rbs	192.000000	0.000000	0.000000
289.999081	__gene_D_rbs	205.000000	0.000000	0.000000
289.999081	__gene_E_rbs	201.000000	0.000000	0.000000
289.999081	__gene_F_rbs	139.000000	0.000000	0.000000
289.999081	__gene_G_rbs	89.000000	0.000000	0.000000
289.999081	__gene_H_rbs	61.000000	0.000000	0.000000
289.999081	__gene_J_rbs	195.000000	0.000000	0.000000
289.999081	__gene_K_rbs	193.000000	0.000000	0.000000
289.999081	__ribosome	0.000000	0.000000	0.000000
289.999081	bound_ecolipol	1872.000000	0.000000	0.000000
289.999081	bound_ribosome	100.000000	0.000000	0.000000
289.999081	ecoli_genome	128.000000	0.000000	0.000000
289.999081	ecoli_transcript	21750.000000	0.000000	0.000000
289.999081	ecolipol	34.000000	0.000000	0.000000
289.999081	gene_A	141.000000	211.000000	0.033175
289.999081	gene_A*	100.000000	199.000000	0.040201
289.999081	gene_B	104.000000	202.000000	0.009901
289.999081	gene_C	94.000000	192.000000	0.020833
289.999081	gene_D	155.000000	206.000000	0.019417
289.999081	gene_E	100.000000	202.000000	0.009901
289.999081	gene_F	46.000000	139.000000	0.043165
289.999081	gene_G	18.000000	89.000000	0.067416
289.999081	gene_H	0.000000	61.000000	0.360656
289.999081	gene_J	59.000000	195.000000	0.194872
289.999081	gene_K	73.000000	193.000000	0.005181
289.999081	promoter_A	0.000000	0.000000	0.000000
289.999081	promoter_B1	0.000000	0.000000	0.000000
289.999081	promoter_D	0.000000	0.000000	0.000000
294.999006	__gene_A*_rbs	202.000000	0.000000	0.000000
294.999006	__gene_A_rbs	215.000000	0.000000	0.000000
294.999006	__gene_B_rbs	206.000000	0.000000	0.000000
294.999006	__gene_C_rbs	195.000000	0.000000	0.000000
294.999006	__gene_D_rbs	209.000000	0.000000	0.000000
294.999006	__gene_E_rbs	204.000000	0.000000	0.000000
294.999006	__gene_F_rbs	142.000000	0.000000	0.000000
294.999006	__gene_G_rbs	91.000000	0.000000	0.000000
294.999006	__gene_H_rbs	63.000000	0.000000	0.000000
294.999006	__gene_J_rbs	199.000000	0.000000	0.000000
294.999006	__gene_K_rbs	197.000000	0.000000	0.000000
294.999006	__ribosome	0.000000	0.000000	0.000000
294.999006	bound_ecolipol	1866.000000	0.000000	0.000000
294.999006	bound_ribosome	100.000000	0.000000	0.000000
294.999006	ecoli_genome	134.000000	0.000000	0.000000
294.999006	ecoli_transcript	22140.000000	0.000000	0.000000
294.999006	ecolipol	43.000000	0.000000	0.000000
294.999006	gene_A	143.000000	215.000000	0.023256
294.999006	gene_A*	101.000000	202.000000	0.034653
294.999006	gene_B	104.000000	206.000000	0.019417
294.999006	gene_C	95.000000	195.000000	0.025641
294.999006	gene_D	155.000000	210.000000	0.023810
294.999006	gene_E	102.000000	205.000000	0.000000
294.999006	gene_F	47.000000	142.000000	0.035211
294.999006	gene_G	19.000000	91.000000	0.065934
294.999006	gene_H	0.000000	63.000000	0.365079
294.999006	gene_J	60.000000	198.000000	0.191919
294.999006	gene_K	74.000000	198.000000	0.010101
294.999006	promoter_A	0.000000	0.000000	0.000000
294.999006	promoter_B1	0.000000	0.000000	0.000000
294.999006	promoter_D	0.000000	0.000000	0.000000
299.999079	__gene_A*_rbs	206.000000	0.000000	0.000000
299.999079	__gene_A_rbs	219.000000	0.000000	0.000000
299.999079	__gene_B_rbs	209.000000	0.000000	0.000000
299.999079	__gene_C_rbs	199.000000	0.000000	0.000000
299.999079	__gene_D_rbs	213.000000	0.000000	0.000000
299.999079	__gene_E_rbs	209.000000	0.000000	0.000000
299.999079	__gene_F_rbs	143.000000	0.000000	0.000000
299.999079	__gene_G_rbs	91.000000	0.000000	0.000000
299.999079	__gene_H_rbs	63.000000	0.000000	0.000000
299.999079	__gene_J_rbs	203.000000	0.000000	0.000000
299.999079	__gene_K_rbs	201.000000	0.000000	0.000000
299.999079	__ribosome	0.000000	0.000000	0.000000
299.999079	bound_ecolipol	1868.000000	0.000000	0.000000
299.999079	bound_ribosome	100.000000	0.000000	0.000000
299.999079	ecoli_genome	132.000000	0.000000	0.000000
299.999079	ecoli_transcript	22494.000000	0.000000	0.000000
299.999079	ecolipol	42.000000	0.000000	0.000000
299.999079	gene_A	144.000000	219.000000	0.027397
299.999079	gene_A*	103.000000	206.000000	0.029126
299.999079	gene_B	105.000000	209.000000	0.023923
299.999079	gene_C	99.000000	199.000000	0.010050
299.999079	gene_D	156.000000	214.000000	0.028037
299.999079	gene_E	102.000000	209.000000	0.000000
299.999079	gene_F	47.000000	143.000000	0.048951
299.999079	gene_G	20.000000	91.000000	0.054945
299.999079	gene_H	0.000000	63.000000	0.380952
299.999079	gene_J	61.000000	202.000000	0.188119
299.999079	gene_K	76.000000	201.000000	0.004975
299.999079	promoter_A	0.000000	0.000000	0.000000
299.999079	promoter_B1	0.000000	0.000000	0.000000
299.999079	promoter_D	0.000000	0.000000	0.000000
304.999130	__gene_A*_rbs	209.000000	0.000000	0.000000
304.999130	__gene_A_rbs	222.000000	0.000000	0.000000
304.999130	__gene_B_rbs	213.000000	0.000000	0.000000
304.999130	__gene_C_rbs	203.000000	0.000000	0.000000
304.999130	__gene_D_rbs	217.000000	0.000000	0.000000
304.999130	__gene_E_rbs	213.000000	0.000000	0.000000
304.999130	__gene_F_rbs	146.000000	0.000000	0.000000
304.999130	__gene_G_rbs	93.000000	0.000000	0.000000
304.999130	__gene_H_rbs	65.000000	0.000000	0.000000
304.999130	__gene_J_rbs	205.000000	0.000000	0.000000
304.999130	__gene_K_rbs	204.000000	0.000000	0.000000
304.999130	__ribosome	0.000000	0.000000	0.000000
304.999130	bound_ecolipol	1875.000000	0.000000	0.000000
304.999130	bound_ribosome	100.000000	0.000000	0.000000
304.999130	ecoli_genome	125.000000	0.000000	0.000000
304.999130	ecoli_transcript	22880.000000	0.000000	0.000000
304.999130	ecolipol	34.000000	0.000000	0.000000
304.999130	gene_A	146.000000	222.000000	0.027027
304.999130	gene_A*	104.000000	209.000000	0.028708
304.999130	gene_B	107.000000	213.000000	0.014085
304.999130	gene_C	100.000000	203.000000	0.019704
304.999130	gene_D	158.000000	218.000000	0.022936
304.999130	gene_E	102.000000	213.000000	0.009390
304.999130	gene_F	47.000000	146.000000	0.054795
304.999130	gene_G	21.000000	93.000000	0.043011
304.999130	gene_H	0.000000	65.000000	0.369231
304.999130	gene_J	62.000000	205.000000	0.185366
304.999130	gene_K	77.000000	205.000000	0.000000
304.999130	promoter_A	0.000000	0.000000	0.000000
304.999130	promoter_B1	0.000000	0.000000	0.000000
304.999130	promoter_D	0.000000	0.000000	0.000000
309.999174	__gene_A*_rbs	213.000000	0.000000	0.000000
309.999174	__gene_A_rbs	226.000000	0.000000	0.000000
309.999174	__gene_B_rbs	217.000000	0.000000	0.000000
309.999174	__gene_C_rbs	206.000000	0.000000	0.000000
309.999174	__gene_D_rbs	221.000000	0.000000	0.000000
309.999174	__gene_E_rbs	217.000000	0.000000	0.000000
309.999174	__gene_F_rbs	149.000000	0.000000	0.000000
309.999174	__gene_G_rbs	95.000000	0.000000	0.000000
309.999174	__gene_H_rbs	66.000000	0.000000	0.000000
309.999174	__gene_J_rbs	210.000000	0.000000	0.000000
309.999174	__gene_K_rbs	209.000000	0.000000	0.000000
309.999174	__ribosome	0.000000	0.000000	0.000000
309.999174	bound_ecolipol	1873.000000	0.000000	0.000000
309.999174	bound_ribosome	100.000000	0.000000	0.000000
309.999174	ecoli_genome	127.000000	0.000000	0.000000
309.999174	ecoli_transcript	23229.000000	0.000000	0.000000
309.999174	ecolipol	37.000000	0.000000	0.000000
309.999174	gene_A	147.000000	226.000000	0.030973
309.999174	gene_A*	104.000000	213.000000	0.042254
309.999174	gene_B	108.000000	217.000000	0.009217
309.999174	gene_C	101.000000	207.000000	0.019324
309.999174	gene_D	160.000000	221.000000	0.013575
309.999174	gene_E	102.000000	217.000000	0.018433
309.999174	gene_F	50.000000	149.000000	0.040268
309.999174	gene_G	21.000000	95.000000	0.042105
309.999174	gene_H	0.000000	66.000000	0.363636
309.999174	gene_J	63.000000	209.000000	0.177033
309.999174	gene_K	77.000000	209.000000	0.000000
309.999174	promoter_A	0.000000	0.000000	0.000000
309.999174	promoter_B1	0.000000	0.000000	0.000000
309.999174	promoter_D	0.000000	0.000000	0.000000
314.999306	__gene_A*_rbs	216.000000	0.000000	0.000000
314.999306	__gene_A_rbs	230.000000	0.000000	0.000000
314.999306	__gene_B_rbs	220.000000	0.000000	0.000000
314.999306	__gene_C_rbs	211.000000	0.000000	0.000000
314.999306	__gene_D_rbs	225.000000	0.000000	0.000000
314.999306	__gene_E_rbs	221.000000	0.000000	0.000000
314.999306	__gene_F_rbs	152.000000	0.000000	0.000000
314.999306	__gene_G_rbs	96.000000	0.000000	0.000000
314.999306	__gene_H_rbs	66.000000	0.000000	0.000000
314.999306	__gene_J_rbs	213.000000	0.000000	0.000000
314.999306	__gene_K_rbs	210.000000	0.000000	0.000000
314.999306	__ribosome	0.000000	0.000000	0.000000
314.999306	bound_ecolipol	1870.000000	0.000000	0.000000
314.999306	bound_ribosome	100.000000	0.000000	0.000000
314.999306	ecoli_genome	130.000000	0.000000	0.000000
314.999306	ecoli_transcript	23593.000000	0.000000	0.000000
314.999306	ecolipol	38.000000	0.000000	0.000000
314.999306	gene_A	148.000000	230.000000	0.039130
314.999306	gene_A*	104.000000	217.000000	0.041475
314.999306	gene_B	110.000000	220.000000	0.000000
314.999306	gene_C	104.000000	211.000000	0.004739
314.999306	gene_D	161.000000	225.000000	0.022222
314.999306	gene_E	104.000000	221.000000	0.018100
314.999306	gene_F	51.000000	152.000000	0.032895
314.999306	gene_G	21.000000	96.000000	0.041667
314.999306	gene_H	0.000000	66.000000	0.363636
314.999306	gene_J	63.000000	213.000000	0.183099
314.999306	gene_K	77.000000	212.000000	0.000000
314.999306	promoter_A	0.000000	0.000000	0.000000
314.999306	promoter_B1	0.000000	0.000000	0.000000
314.999306	promoter_D	0.000000	0.000000	0.000000
319.999037	__gene_A*_rbs	220.000000	0.000000	0.000000
319.999037	__gene_A_rbs	233.000000	0.000000	0.000000
319.999037	__gene_B_rbs	224.000000	0.000000	0.000000
319.999037	__gene_C_rbs	214.000000	0.000000	0.000000
319.999037	__gene_D_rbs	229.000000	0.000000	0.000000
319.999037	__gene_E_rbs	224.000000	0.000000	0.000000
319.999037	__gene_F_rbs	156.000000	0.000000	0.000000
319.999037	__gene_G_rbs	100.000000	0.000000	0.000000
319.999037	__gene_H_rbs	66.000000	0.000000	0.000000
319.999037	__gene_J_rbs	217.000000	0.000000	0.000000
319.999037	__gene_K_rbs	215.000000	0.000000	0.000000
319.999037	__ribosome	0.000000	0.000000	0.000000
319.999037	bound_ecolipol	1863.000000	0.000000	0.000000
319.999037	bound_ribosome	100.000000	0.000000	0.000000
319.999037	ecoli_genome	137.000000	0.000000	0.000000
319.999037	ecoli_transcript	23986.000000	0.000000	0.000000
319.999037	ecolipol	43.000000	0.000000	0.000000
319.999037	gene_A	148.000000	233.000000	0.042918
319.999037	gene_A*	106.000000	221.000000	0.031674
319.999037	gene_B	110.000000	224.000000	0.013393
319.999037	gene_C	105.000000	214.000000	0.004673
319.999037	gene_D	163.000000	229.000000	0.017467
319.999037	gene_E	106.000000	224.000000	0.013393
319.999037	gene_F	51.000000	156.000000	0.038462
319.999037	gene_G	21.000000	100.000000	0.040000
319.999037	gene_H	0.000000	66.000000	0.363636
319.999037	gene_J	64.000000	217.000000	0.175115
319.999037	gene_K	77.000000	215.000000	0.000000
319.999037	promoter_A	0.000000	0.000000	0.000000
319.999037	promoter_B1	0.000000	0.000000	0.000000
319.999037	promoter_D	0.000000	0.000000	0.000000
324.999741	__gene_A*_rbs	224.000000	0.000000	0.000000
324.999741	__gene_A_rbs	237.000000	0.000000	0.000000
324.999741	__gene_B_rbs	226.000000	0.000000	0.000000
324.999741	__gene_C_rbs	217.000000	0.000000	0.000000
324.999741	__gene_D_rbs	232.000000	0.000000	0.000000
324.999741	__gene_E_rbs	228.000000	0.000000	0.000000
324.999741	__gene_F_rbs	159.000000	0.000000	0.000000
324.999741	__gene_G_rbs	102.000000	0.000000	0.000000
324.999741	__gene_H_rbs	67.000000	0.000000	0.000000
324.999741	__gene_J_rbs	222.000000	0.000000	0.000000
324.999741	__gene_K_rbs	219.000000	0.000000	0.000000
324.999741	__ribosome	0.000000	0.000000	0.000000
324.999741	bound_ecolipol	1878.000000	0.000000	0.000000
324.999741	bound_ribosome	100.000000	0.000000	0.000000
324.999741	ecoli_genome	122.000000	0.000000	0.000000
324.999741	ecoli_transcript	24383.000000	0.000000	0.000000
324.999741	ecolipol	29.000000	0.000000	0.000000
324.999741	gene_A	148.000000	237.000000	0.042194
324.999741	gene_A*	108.000000	224.000000	0.026786
324.999741	gene_B	110.000000	227.000000	0.022026
324.999741	gene_C	105.000000	217.000000	0.009217
324.999741	gene_D	163.000000	233.000000	0.017167
324.999741	gene_E	108.000000	228.000000	0.004386
324.999741	gene_F	51.000000	159.000000	0.037736
324.999741	gene_G	21.000000	102.000000	0.039216
324.999741	gene_H	0.000000	67.000000	0.358209
324.999741	gene_J	64.000000	221.000000	0.171946
324.999741	gene_K	77.000000	219.000000	0.000000
324.999741	promoter_A	0.000000	0.000000	0.000000
324.999741	promoter_B1	0.000000	0.000000	0.000000
324.999741	promoter_D	0.000000	0.000000	0.000000
329.999159	__gene_A*_rbs	228.000000	0.000000	0.000000
329.999159	__gene_A_rbs	240.000000	0.000000	0.000000
329.999159	__gene_B_rbs	231.000000	0.000000	0.000000
329.999159	__gene_C_rbs	221.000000	0.000000	0.000000
329.999159	__gene_D_rbs	236.000000	0.000000	0.000000
329.999159	__gene_E_rbs	232.000000	0.000000	0.000000
329.999159	__gene_F_rbs	162.000000	0.000000	0.000000
329.999159	__gene_G_rbs	105.000000	0.000000	0.000000
329.999159	__gene_H_rbs	69.000000	0.000000	0.000000
329.999159	__gene_J_rbs	224.000000	0.000000	0.000000
329.999159	__gene_K_rbs	223.000000	0.000000	0.000000
329.999159	__ribosome	0.000000	0.000000	0.000000
329.999159	bound_ecolipol	1869.000000	0.000000	0.000000
329.999159	bound_ribosome	100.000000	0.000000	0.000000
329.999159	ecoli_genome	131.000000	0.000000	0.000000
329.999159	ecoli_transcript	24744.000000	0.000000	0.000000
329.999159	ecolipol	37.000000	0.000000	0.000000
329.999159	gene_A	148.000000	241.000000	0.045643
329.999159	gene_A*	109.000000	228.000000	0.035088
329.999159	gene_B	113.000000	231.000000	0.012987
329.999159	gene_C	107.000000	221.000000	0.009050
329.999159	gene_D	166.000000	236.000000	0.012712
329.999159	gene_E	109.000000	232.000000	0.000000
329.999159	gene_F	52.000000	162.000000	0.030864
329.999159	gene_G	21.000000	105.000000	0.038095
329.999159	gene_H	0.000000	69.000000	0.347826
329.999159	gene_J	64.000000	224.000000	0.174107
329.999159	gene_K	77.000000	223.000000	0.004484
329.999159	promoter_A	0.000000	0.000000	0.000000
329.999159	promoter_B1	0.000000	0.000000	0.000000
329.999159	promoter_D	0.000000	0.000000	0.000000
334.999228	__gene_A*_rbs	231.000000	0.000000	0.000000
334.999228	__gene_A_rbs	245.000000	0.000000	0.000000
334.999228	__gene_B_rbs	234.000000	0.000000	0.000000
334.999228	__gene_C_rbs	225.000000	0.000000	0.000000
334.999228	__gene_D_rbs	239.000000	0.000000	0.000000
334.999228	__gene_E_rbs	235.000000	0.000000	0.000000
334.999228	__gene_F_rbs	166.000000	0.000000	0.000000
334.999228	__gene_G_rbs	109.000000	0.000000	0.000000
334.999228	__gene_H_rbs	71.000000	0.000000	0.000000
334.999228	__gene_J_rbs	229.000000	0.000000	0.000000
334.999228	__gene_K_rbs	226.000000	0.000000	0.000000
334.999228	__ribosome	0.000000	0.000000	0.000000
334.999228	bound_ecolipol	1866.000000	0.000000	0.000000
334.999228	bound_ribosome	100.000000	0.000000	0.000000
334.999228	ecoli_genome	134.000000	0.000000	0.000000
334.999228	ecoli_transcript	25113.000000	0.000000	0.000000
334.999228	ecolipol	38.000000	0.000000	0.000000
334.999228	gene_A	148.000000	245.000000	0.048980
334.999228	gene_A*	109.000000	231.000000	0.034632
334.999228	gene_B	115.000000	235.000000	0.004255
334.999228	gene_C	107.000000	225.000000	0.008889
334.999228	gene_D	167.000000	240.000000	0.008333
334.999228	gene_E	109.000000	235.000000	0.004255
334.999228	gene_F	52.000000	166.000000	0.030120
334.999228	gene_G	21.000000	109.000000	0.045872
334.999228	gene_H	0.000000	71.000000	0.338028
334.999228	gene_J	64.000000	228.000000	0.175439
334.999228	gene_K	78.000000	226.000000	0.000000
334.999228	promoter_A	0.000000	0.000000	0.000000
334.999228	promoter_B1	0.000000	0.000000	0.000000
334.999228	promoter_D	0.000000	0.000000	0.000000
339.999141	__gene_A*_rbs	236.000000	0.000000	0.000000
339.999141	__gene_A_rbs	248.000000	0.000000	0.000000
339.999141	__gene_B_rbs	239.000000	0.000000	0.000000
339.999141	__gene_C_rbs	227.000000	0.000000	0.000000
339.999141	__gene_D_rbs	243.000000	0.000000	0.000000
339.999141	__gene_E_rbs	238.000000	0.000000	0.000000
339.999141	__gene_F_rbs	168.000000	0.000000	0.000000
339.999141	__gene_G_rbs	111.000000	0.000000	0.000000
339.999141	__gene_H_rbs	72.000000	0.000000	0.000000
339.999141	__gene_J_rbs	232.000000	0.000000	0.000000
339.999141	__gene_K_rbs	230.000000	0.000000	0.000000
339.999141	__ribosome	0.000000	0.000000	0.000000
339.999141	bound_ecolipol	1863.000000	0.000000	0.000000
339.999141	bound_ribosome	100.000000	0.000000	0.000000
339.999141	ecoli_genome	137.000000	0.000000	0.000000
339.999141	ecoli_transcript	25474.000000	0.000000	0.000000
339.999141	ecolipol	39.000000	0.000000	0.000000
339.999141	gene_A	148.000000	248.000000	0.048387
339.999141	gene_A*	110.000000	236.000000	0.029661
339.999141	gene_B	116.000000	239.000000	0.000000
339.999141	gene_C	109.000000	228.000000	0.000000
339.999141	gene_D	167.000000	243.000000	0.012346
339.999141	gene_E	109.000000	239.000000	0.016736
339.999141	gene_F	53.000000	168.000000	0.029762
339.999141	gene_G	21.000000	111.000000	0.045045
339.999141	gene_H	0.000000	72.000000	0.333333
339.999141	gene_J	66.000000	231.000000	0.168831
339.999141	gene_K	78.000000	230.000000	0.004348
339.999141	promoter_A	0.000000	0.000000	0.000000
339.999141	promoter_B1	0.000000	0.000000	0.000000
339.999141	promoter_D	0.000000	0.000000	0.000000
344.999121	__gene_A*_rbs	240.000000	0.000000	0.000000
344.999121	__gene_A_rbs	252.000000	0.000000	0.000000
344.999121	__gene_B_rbs	241.000000	0.000000	0.000000
344.999121	__gene_C_rbs	232.000000	0.000000	0.000000
344.999121	__gene_D_rbs	247.000000	0.000000	0.000000
344.999121	__gene_E_rbs	242.000000	0.000000	0.000000
344.999121	__gene_F_rbs	170.000000	0.000000	0.000000
344.999121	__gene_G_rbs	113.000000	0.000000	0.000000
344.999121	__gene_H_rbs	75.000000	0.000000	0.000000
344.999121	__gene_J_rbs	236.000000	0.000000	0.000000
344.999121	__gene_K_rbs	233.000000	0.000000	0.000000
344.999121	__ribosome	1.000000	0.000000	0.000000
344.999121	bound_ecolipol	1865.000000	0.000000	0.000000
344.999121	bound_ribosome	100.000000	0.000000	0.000000
344.999121	ecoli_genome	135.000000	0.000000	0.000000
344.999121	ecoli_transcript	25847.000000	0.000000	0.000000
344.999121	ecolipol	36.000000	0.000000	0.000000
344.999121	gene_A	149.000000	252.000000	0.043651
344.999121	gene_A*	113.000000	240.000000	0.025000
344.999121	gene_B	116.000000	242.000000	0.004132
344.999121	gene_C	109.000000	232.000000	0.004310
344.999121	gene_D	169.000000	247.000000	0.004049
344.999121	gene_E	110.000000	242.000000	0.020661
344.999121	gene_F	54.000000	170.000000	0.023529
344.999121	gene_G	21.000000	113.000000	0.053097
344.999121	gene_H	0.000000	75.000000	0.320000
344.999121	gene_J	66.000000	235.000000	0.170213
344.999121	gene_K	79.000000	233.000000	0.000000
344.999121	promoter_A	0.000000	0.000000	0.000000
344.999121	promoter_B1	0.000000	0.000000	0.000000
344.999121	promoter_D	0.000000	0.000000	0.000000
349.999028	__gene_A*_rbs	243.000000	0.000000	0.000000
349.999028	__gene_A_rbs	255.000000	0.000000	0.000000
349.999028	__gene_B_rbs	246.000000	0.000000	0.000000
349.999028	__gene_C_rbs	234.000000	0.000000	0.000000
349.999028	__gene_D_rbs	250.000000	0.000000	0.000000
349.999028	__gene_E_rbs	246.000000	0.000000	0.000000
349.999028	__gene_F_rbs	173.000000	0.000000	0.000000
349.999028	__gene_G_rbs	116.000000	0.000000	0.000000
349.999028	__gene_H_rbs	76.000000	0.000000	0.000000
349.999028	__gene_J_rbs	239.000000	0.000000	0.000000
349.999028	__gene_K_rbs	237.000000	0.000000	0.000000
349.999028	__ribosome	0.000000	0.000000	0.000000
349.999028	bound_ecolipol	1867.000000	0.000000	0.000000
349.999028	bound_ribosome	100.000000	0.000000	0.000000
349.999028	ecoli_genome	133.000000	0.000000	0.000000
349.999028	ecoli_transcript	26234.000000	0.000000	0.000000
349.999028	ecolipol	35.000000	0.000000	0.000000
349.999028	gene_A	149.000000	256.000000	0.050781
349.999028	gene_A*	113.000000	243.000000	0.024691
349.999028	gene_B	116.000000	246.000000	0.004065
349.999028	gene_C	110.000000	235.000000	0.008511
349.999028	gene_D	169.000000	250.000000	0.004000
349.999028	gene_E	112.000000	246.000000	0.012195
349.999028	gene_F	56.000000	173.000000	0.017341
349.999028	gene_G	21.000000	116.000000	0.051724
349.999028	gene_H	0.000000	76.000000	0.315789
349.999028	gene_J	67.000000	239.000000	0.167364
349.999028	gene_K	79.000000	237.000000	0.004219
349.999028	promoter_A	0.000000	0.000000	0.000000
349.999028	promoter_B1	0.000000	0.000000	0.000000
349.999028	promoter_D	0.000000	0.000000	0.000000
354.999102	__gene_A*_rbs	247.000000	0.000000	0.000000
354.999102	__gene_A_rbs	260.000000	0.000000	0.000000
354.999102	__gene_B_rbs	250.000000	0.000000	0.000000
354.999102	__gene_C_rbs	238.000000	0.000000	0.000000
354.999102	__gene_D_rbs	252.000000	0.000000	0.000000
354.999102	__gene_E_rbs	250.000000	0.000000	0.000000
354.999102	__gene_F_rbs	176.000000	0.000000	0.000000
354.999102	__gene_G_rbs	119.000000	0.000000	0.000000
354.999102	__gene_H_rbs	79.000000	0.000000	0.000000
354.999102	__gene_J_rbs	243.000000	0.000000	0.000000
354.999102	__gene_K_rbs	240.000000	0.000000	0.000000
354.999102	__ribosome	0.000000	0.000000	0.000000
354.999102	bound_ecolipol	1859.000000	0.000000	0.000000
354.999102	bound_ribosome	100.000000	0.000000	0.000000
354.999102	ecoli_genome	141.000000	0.000000	0.000000
354.999102	ecoli_transcript	26621.000000	0.000000	0.000000
354.999102	ecolipol	40.000000	0.000000	0.000000
354.999102	gene_A	152.000000	260.000000	0.046154
354.999102	gene_A*	113.000000	247.000000	0.032389
354.999102	gene_B	117.000000	250.000000	0.000000
354.999102	gene_C	110.000000	239.000000	0.008368
354.999102	gene_D	170.000000	254.000000	0.000000
354.999102	gene_E	115.000000	250.000000	0.004000
354.999102	gene_F	56.000000	176.000000	0.028409
354.999102	gene_G	21.000000	119.000000	0.050420
354.999102	gene_H	0.000000	79.000000	0.303797
354.999102	gene_J	67.000000	242.000000	0.165289
354.999102	gene_K	80.000000	241.000000	0.008299
354.999102	promoter_A	0.000000	0.000000	0.000000
354.999102	promoter_B1	0.000000	0.000000	0.000000
354.999102	promoter_D	0.000000	0.000000	0.000000
359.999044	__gene_A*_rbs	251.000000	0.000000	0.000000
359.999044	__gene_A_rbs	263.000000	0.000000	0.000000
359.999044	__gene_B_rbs	252.000000	0.000000	0.000000
359.999044	__gene_C_rbs	243.000000	0.000000	0.000000
359.999044	__gene_D_rbs	257.000000	0.000000	0.000000
359.999044	__gene_E_rbs	254.000000	0.000000	0.000000
359.999044	__gene_F_rbs	178.000000	0.000000	0.000000
359.999044	__gene_G_rbs	122.000000	0.000000	0.000000
359.999044	__gene_H_rbs	81.000000	0.000000	0.000000
359.999044	__gene_J_rbs	246.000000	0.000000	0.000000
359.999044	__gene_K_rbs	242.000000	0.000000	0.000000
359.999044	__ribosome	0.000000	0.000000	0.000000
359.999044	bound_ecolipol	1869.000000	0.000000	0.000000
359.999044	bound_ribosome	100.000000	0.000000	0.000000
359.999044	ecoli_genome	131.000000	0.000000	0.000000
359.999044	ecoli_transcript	26979.000000	0.000000	0.000000
359.999044	ecolipol	30.000000	0.000000	0.000000
359.999044	gene_A	154.000000	263.000000	0.038023
359.999044	gene_A*	114.000000	251.000000	0.031873
359.999044	gene_B	117.000000	253.000000	0.003953
359.999044	gene_C	112.000000	243.000000	0.012346
359.999044	gene_D	170.000000	257.000000	0.000000
359.999044	gene_E	115.000000	254.000000	0.007874
359.999044	gene_F	57.000000	178.000000	0.028090
359.999044	gene_G	22.000000	122.000000	0.040984
359.999044	gene_H	0.000000	81.000000	0.296296
359.999044	gene_J	67.000000	245.000000	0.163265
359.999044	gene_K	82.000000	245.000000	0.008163
359.999044	promoter_A	0.000000	0.000000	0.000000
359.999044	promoter_B1	0.000000	0.000000	0.000000
359.999044	promoter_D	0.000000	0.000000	0.000000
364.999003	__gene_A*_rbs	254.000000	0.000000	0.000000
364.999003	__gene_A_rbs	267.000000	0.000000	0.000000
364.999003	__gene_B_rbs	257.000000	0.000000	0.000000
364.999003	__gene_C_rbs	245.000000	0.000000	0.000000
364.999003	__gene_D_rbs	262.000000	0.000000	0.000000
364.999003	__gene_E_rbs	257.000000	0.000000	0.000000
364.999003	__gene_F_rbs	180.000000	0.000000	0.000000
364.999003	__gene_G_rbs	125.000000	0.000000	0.000000
364.999003	__gene_H_rbs	82.000000	0.000000	0.000000
364.999003	__gene_J_rbs	250.000000	0.000000	0.000000
364.999003	__gene_K_rbs	248.000000	0.000000	0.000000
364.999003	__ribosome	1.000000	0.000000	0.000000
364.999003	bound_ecolipol	1857.000000	0.000000	0.000000
364.999003	bound_ribosome	100.000000	0.000000	0.000000
364.999003	ecoli_genome	143.000000	0.000000	0.000000
364.999003	ecoli_transcript	27353.000000	0.000000	0.000000
364.999003	ecolipol	41.000000	0.000000	0.000000
364.999003	gene_A	156.000000	267.000000	0.029963
364.999003	gene_A*	117.000000	254.000000	0.023622
364.999003	gene_B	117.000000	257.000000	0.003891
364.999003	gene_C	113.000000	246.000000	0.012195
364.999003	gene_D	170.000000	262.000000	0.003817
364.999003	gene_E	116.000000	257.000000	0.011673
364.999003	gene_F	57.000000	180.000000	0.027778
364.999003	gene_G	22.000000	125.000000	0.040000
364.999003	gene_H	0.000000	82.000000	0.292683
364.999003	gene_J	68.000000	249.000000	0.164659
364.999003	gene_K	83.000000	248.000000	0.008065
364.999003	promoter_A	0.000000	0.000000	0.000000
364.999003	promoter_B1	0.000000	0.000000	0.000000
364.999003	promoter_D	0.000000	0.000000	0.000000
369.999131	__gene_A*_rbs	257.000000	0.000000	0.000000
369.999131	__gene_A_rbs	270.000000	0.000000	0.000000
369.999131	__gene_B_rbs	260.000000	0.000000	0.000000
369.999131	__gene_C_rbs	250.000000	0.000000	0.000000
369.999131	__gene_D_rbs	265.000000	0.000000	0.000000
369.999131	__gene_E_rbs	261.000000	0.000000	0.000000
369.999131	__gene_F_rbs	183.000000	0.000000	0.000000
369.999131	__gene_G_rbs	128.000000	0.000000	0.000000
369.999131	__gene_H_rbs	85.000000	0.000000	0.000000
369.999131	__gene_J_rbs	254.000000	0.000000	0.000000
369.999131	__gene_K_rbs	251.000000	0.000000	0.000000
369.999131	__ribosome	0.000000	0.000000	0.000000
369.999131	bound_ecolipol	1856.000000	0.000000	0.000000
369.999131	bound_ribosome	100.000000	0.000000	0.000000
369.999131	ecoli_genome	144.000000	0.000000	0.000000
369.999131	ecoli_transcript	27721.000000	0.000000	0.000000
369.999131	ecolipol	41.000000	0.000000	0.000000
369.999131	gene_A	158.000000	270.000000	0.029630
369.999131	gene_A*	117.000000	258.000000	0.027132
369.999131	gene_B	117.000000	260.000000	0.003846
369.999131	gene_C	115.000000	250.000000	0.004000
369.999131	gene_D	170.000000	265.000000	0.003774
369.999131	gene_E	117.000000	261.000000	0.011494
369.999131	gene_F	57.000000	183.000000	0.027322
369.999131	gene_G	22.000000	128.000000	0.046875
369.999131	gene_H	0.000000	85.000000	0.282353
369.999131	gene_J	69.000000	253.000000	0.166008
369.999131	gene_K	85.000000	251.000000	0.007968
369.999131	promoter_A	0.000000	0.000000	0.000000
369.999131	promoter_B1	0.000000	0.000000	0.000000
369.999131	promoter_D	0.000000	0.000000	0.000000
374.999067	__gene_A*_rbs	262.000000	0.000000	0.000000
374.999067	__gene_A_rbs	274.000000	0.000000	0.000000
374.999067	__gene_B_rbs	263.000000	0.000000	0.000000
374.999067	__gene_C_rbs	253.000000	0.000000	0.000000
374.999067	__gene_D_rbs	269.000000	0.000000	0.000000
374.999067	__gene_E_rbs	264.000000	0.000000	0.000000
374.999067	__gene_F_rbs	185.000000	0.000000	0.000000
374.999067	__gene_G_rbs	131.000000	0.000000	0.000000
374.999067	__gene_H_rbs	87.000000	0.000000	0.000000
374.999067	__gene_J_rbs	258.000000	0.000000	0.000000
374.999067	__gene_K_rbs	254.000000	0.000000	0.000000
374.999067	__ribosome	0.000000	0.000000	0.000000
374.999067	bound_ecolipol	1866.000000	0.000000	0.000000
374.999067	bound_ribosome	100.000000	0.000000	0.000000
374.999067	ecoli_genome	134.000000	0.000000	0.000000
374.999067	ecoli_transcript	28075.000000	0.000000	0.000000
374.999067	ecolipol	33.000000	0.000000	0.000000
374.999067	gene_A	158.000000	274.000000	0.032847
374.999067	gene_A*	117.000000	262.000000	0.026718
374.999067	gene_B	118.000000	264.000000	0.000000
374.999067	gene_C	116.000000	253.000000	0.007905
374.999067	gene_D	170.000000	269.000000	0.003717
374.999067	gene_E	119.000000	264.000000	0.011364
374.999067	gene_F	57.000000	185.000000	0.037838
374.999067	gene_G	22.000000	131.000000	0.045802
374.999067	gene_H	0.000000	87.000000	0.275862
374.999067	gene_J	71.000000	257.000000	0.159533
374.999067	gene_K	87.000000	255.000000	0.000000
374.999067	promoter_A	0.000000	0.000000	0.000000
374.999067	promoter_B1	0.000000	0.000000	0.000000
374.999067	promoter_D	0.000000	0.000000	0.000000
379.999142	__gene_A*_rbs	265.000000	0.000000	0.000000
379.999142	__gene_A_rbs	278.000000	0.000000	0.000000
379.999142	__gene_B_rbs	268.000000	0.000000	0.000000
379.999142	__gene_C_rbs	256.000000	0.000000	0.000000
379.999142	__gene_D_rbs	273.000000	0.000000	0.000000
379.999142	__gene_E_rbs	269.000000	0.000000	0.000000
379.999142	__gene_F_rbs	188.000000	0.000000	0.000000
379.999142	__gene_G_rbs	133.000000	0.000000	0.000000
379.999142	__gene_H_rbs	90.000000	0.000000	0.000000
379.999142	__gene_J_rbs	261.000000	0.000000	0.000000
379.999142	__gene_K_rbs	259.000000	0.000000	0.000000
379.999142	__ribosome	0.000000	0.000000	0.000000
379.999142	bound_ecolipol	1863.000000	0.000000	0.000000
379.999142	bound_ribosome	100.000000	0.000000	0.000000
379.999142	ecoli_genome	137.000000	0.000000	0.000000
379.999142	ecoli_transcript	28471.000000	0.000000	0.000000
379.999142	ecolipol	37.000000	0.000000	0.000000
379.999142	gene_A	158.000000	278.000000	0.039568
379.999142	gene_A*	119.000000	265.000000	0.018868
379.999142	gene_B	118.000000	268.000000	0.003731
379.999142	gene_C	117.000000	257.000000	0.003891
379.999142	gene_D	171.000000	273.000000	0.000000
379.999142	gene_E	120.000000	269.000000	0.011152
379.999142	gene_F	57.000000	188.000000	0.042553
379.999142	gene_G	22.000000	133.000000	0.045113
379.999142	gene_H	0.000000	90.000000	0.266667
379.999142	gene_J	72.000000	260.000000	0.153846
379.999142	gene_K	87.000000	259.000000	0.003861
379.999142	promoter_A	0.000000	0.000000	0.000000
379.999142	promoter_B1	0.000000	0.000000	0.000000
379.999142	promoter_D	0.000000	0.000000	0.000000
384.999184	__gene_A*_rbs	269.000000	0.000000	0.000000
384.999184	__gene_A_rbs	281.000000	0.000000	0.000000
384.999184	__gene_B_rbs	272.000000	0.000000	0.000000
384.999184	__gene_C_rbs	261.000000	0.000000	0.000000
384.999184	__gene_D_rbs	276.000000	0.000000	0.000000
384.999184	__gene_E_rbs	272.000000	0.000000	0.000000
384.999184	__gene_F_rbs	192.000000	0.000000	0.000000
384.999184	__gene_G_rbs	136.000000	0.000000	0.000000
384.999184	__gene_H_rbs	93.000000	0.000000	0.000000
384.999184	__gene_J_rbs	265.000000	0.000000	0.000000
384.999184	__gene_K_rbs	262.000000	0.000000	0.000000
384.999184	__ribosome	0.000000	0.000000	0.000000
384.999184	bound_ecolipol	1868.000000	0.000000	0.000000
384.999184	bound_ribosome	100.000000	0.000000	0.000000
384.999184	ecoli_genome	132.000000	0.000000	0.000000
384.999184	ecoli_transcript	28831.000000	0.000000	0.000000
384.999184	ecolipol	34.000000	0.000000	0.000000
384.999184	gene_A	159.000000	281.000000	0.035587
384.999184	gene_A*	120.000000	269.000000	0.014870
384.999184	gene_B	118.000000	272.000000	0.011029
384.999184	gene_C	118.000000	261.000000	0.000000
384.999184	gene_D	171.000000	276.000000	0.000000
384.999184	gene_E	122.000000	272.000000	0.003676
384.999184	gene_F	58.000000	192.000000	0.036458
384.999184	gene_G	22.000000	136.000000	0.044118
384.999184	gene_H	0.000000	93.000000	0.258065
384.999184	gene_J	72.000000	264.000000	0.159091
384.999184	gene_K	88.000000	263.000000	0.011407
384.999184	promoter_A	0.000000	0.000000	0.000000
384.999184	promoter_B1	0.000000	0.000000	0.000000
384.999184	promoter_D	0.000000	0.000000	0.000000
389.999268	__gene_A*_rbs	272.000000	0.000000	0.000000
389.999268	__gene_A_rbs	285.000000	0.000000	0.000000
389.999268	__gene_B_rbs	275.000000	0.000000	0.000000
389.999268	__gene_C_rbs	264.000000	0.000000	0.000000
389.999268	__gene_D_rbs	279.000000	0.000000	0.000000
389.999268	__gene_E_rbs	275.000000	0.000000	0.000000
389.999268	__gene_F_rbs	193.000000	0.000000	0.000000
389.999268	__gene_G_rbs	138.000000	0.000000	0.000000
389.999268	__gene_H_rbs	96.000000	0.000000	0.000000
389.999268	__gene_J_rbs	269.000000	0.000000	0.000000
389.999268	__gene_K_rbs	266.000000	0.000000	0.000000
389.999268	__ribosome	0.000000	0.000000	0.000000
389.999268	bound_ecolipol	1854.000000	0.000000	0.000000
389.999268	bound_ribosome	100.000000	0.000000	0.000000
389.999268	ecoli_genome	146.000000	0.000000	0.000000
389.999268	ecoli_transcript	29222.000000	0.000000	0.000000
389.999268	ecolipol	45.000000	0.000000	0.000000
389.999268	gene_A	160.000000	285.000000	0.031579
389.999268	gene_A*	121.000000	273.000000	0.010989
389.999268	gene_B	119.000000	275.000000	0.007273
389.999268	gene_C	118.000000	264.000000	0.000000
389.999268	gene_D	171.000000	279.000000	0.003584
389.999268	gene_E	123.000000	275.000000	0.007273
389.999268	gene_F	59.000000	193.000000	0.046632
389.999268	gene_G	23.000000	138.000000	0.036232
389.999268	gene_H	0.000000	96.000000	0.250000
389.999268	gene_J	74.000000	268.000000	0.156716
389.999268	gene_K	89.000000	266.000000	0.011278
389.999268	promoter_A	0.000000	0.000000	0.000000
389.999268	promoter_B1	0.000000	0.000000	0.000000
389.999268	promoter_D	0.000000	0.000000	0.000000
394.999263	__gene_A*_rbs	276.000000	0.000000	0.000000
394.999263	__gene_A_rbs	288.000000	0.000000	0.000000
394.999263	__gene_B_rbs	279.000000	0.000000	0.000000
394.999263	__gene_C_rbs	268.000000	0.000000	0.000000
394.999263	__gene_D_rbs	283.000000	0.000000	0.000000
394.999263	__gene_E_rbs	278.000000	0.000000	0.000000
394.999263	__gene_F_rbs	196.000000	0.000000	0.000000
394.999263	__gene_G_rbs	141.000000	0.000000	0.000000
394.999263	__gene_H_rbs	98.000000	0.000000	0.000000
394.999263	__gene_J_rbs	273.000000	0.000000	0.000000
394.999263	__gene_K_rbs	270.000000	0.000000	0.000000
394.999263	__ribosome	0.000000	0.000000	0.000000
394.999263	bound_ecolipol	1863.000000	0.000000	0.000000
394.999263	bound_ribosome	100.000000	0.000000	0.000000
394.999263	ecoli_genome	137.000000	0.000000	0.000000
394.999263	ecoli_transcript	29604.000000	0.000000	0.000000
394.999263	ecolipol	36.000000	0.000000	0.000000
394.999263	gene_A	160.000000	288.000000	0.034722
394.999263	gene_A*	122.000000	277.000000	0.014440
394.999263	gene_B	121.000000	279.000000	0.000000
394.999263	gene_C	118.000000	268.000000	0.000000
394.999263	gene_D	171.000000	283.000000	0.014134
394.999263	gene_E	124.000000	279.000000	0.003584
394.999263	gene_F	60.000000	196.000000	0.040816
394.999263	gene_G	23.000000	141.000000	0.035461
394.999263	gene_H	0.000000	98.000000	0.255102
394.999263	gene_J	75.000000	272.000000	0.158088
394.999263	gene_K	92.000000	270.000000	0.000000
394.999263	promoter_A	0.000000	0.000000	0.000000
394.999263	promoter_B1	0.000000	0.000000	0.000000
394.999263	promoter_D	0.000000	0.000000	0.000000
399.999212	__gene_A*_rbs	280.000000	0.000000	0.000000
399.999212	__gene_A_rbs	292.000000	0.000000	0.000000
399.999212	__gene_B_rbs	282.000000	0.000000	0.000000
399.999212	__gene_C_rbs	272.000000	0.000000	0.000000
399.999212	__gene_D_rbs	287.000000	0.000000	0.000000
399.999212	__gene_E_rbs	283.000000	0.000000	0.000000
399.999212	__gene_F_rbs	199.000000	0.000000	0.000000
399.999212	__gene_G_rbs	141.000000	0.000000	0.000000
399.999212	__gene_H_rbs	100.000000	0.000000	0.000000
399.999212	__gene_J_rbs	276.000000	0.000000	0.000000
399.999212	__gene_K_rbs	271.000000	0.000000	0.000000
399.999212	__ribosome	0.000000	0.000000	0.000000
399.999212	bound_ecolipol	1875.000000	0.000000	0.000000
399.999212	bound_ribosome	100.000000	0.000000	0.000000
399.999212	ecoli_genome	125.000000	0.000000	0.000000
399.999212	ecoli_transcript	29912.000000	0.000000	0.000000
399.999212	ecolipol	29.000000	0.000000	0.000000
399.999212	gene_A	161.000000	292.000000	0.034247
399.999212	gene_A*	124.000000	280.000000	0.010714
399.999212	gene_B	121.000000	282.000000	0.000000
399.999212	gene_C	118.000000	272.000000	0.003676
399.999212	gene_D	171.000000	287.000000	0.017422
399.999212	gene_E	125.000000	283.000000	0.007067
399.999212	gene_F	62.000000	199.000000	0.035176
399.999212	gene_G	23.000000	141.000000	0.035461
399.999212	gene_H	0.000000	100.000000	0.250000
399.999212	gene_J	77.000000	275.000000	0.149091
399.999212	gene_K	92.000000	273.000000	0.003663
399.999212	promoter_A	0.000000	0.000000	0.000000
399.999212	promoter_B1	0.000000	0.000000	0.000000
399.999212	promoter_D	0.000000	0.000000	0.000000
404.999029	__gene_A*_rbs	284.000000	0.000000	0.000000
404.999029	__gene_A_rbs	296.000000	0.000000	0.000000
404.999029	__gene_B_rbs	286.000000	0.000000	0.000000
404.999029	__gene_C_rbs	274.000000	0.000000	0.000000
404.999029	__gene_D_rbs	290.000000	0.000000	0.000000
404.999029	__gene_E_rbs	286.000000	0.000000	0.000000
404.999029	__gene_F_rbs	201.000000	0.000000	0.000000
404.999029	__gene_G_rbs	144.000000	0.000000	0.000000
404.999029	__gene_H_rbs	102.000000	0.000000	0.000000
404.999029	__gene_J_rbs	279.000000	0.000000	0.000000
404.999029	__gene_K_rbs	277.000000	0.000000	0.000000
404.999029	__ribosome	0.000000	0.000000	0.000000
404.999029	bound_ecolipol	1857.000000	0.000000	0.000000
404.999029	bound_ribosome	100.000000	0.000000	0.000000
404.999029	ecoli_genome	143.000000	0.000000	0.000000
404.999029	ecoli_transcript	30292.000000	0.000000	0.000000
404.999029	ecolipol	43.000000	0.000000	0.000000
404.999029	gene_A	163.000000	296.000000	0.033784
404.999029	gene_A*	124.000000	284.000000	0.010563
404.999029	gene_B	121.000000	286.000000	0.000000
404.999029	gene_C	119.000000	275.000000	0.000000
404.999029	gene_D	172.000000	290.000000	0.017241
404.999029	gene_E	126.000000	286.000000	0.006993
404.999029	gene_F	62.000000	201.000000	0.034826
404.999029	gene_G	23.000000	144.000000	0.034722
404.999029	gene_H	0.000000	102.000000	0.245098
404.999029	gene_J	77.000000	279.000000	0.150538
404.999029	gene_K	92.000000	277.000000	0.003610
404.999029	promoter_A	0.000000	0.000000	0.000000
404.999029	promoter_B1	0.000000	0.000000	0.000000
404.999029	promoter_D	0.000000	0.000000	0.000000
409.999107	__gene_A*_rbs	287.000000	0.000000	0.000000
409.999107	__gene_A_rbs	299.000000	0.000000	0.000000
409.999107	__gene_B_rbs	288.000000	0.000000	0.000000
409.999107	__gene_C_rbs	279.000000	0.000000	0.000000
409.999107	__gene_D_rbs	294.000000	0.000000	0.000000
409.999107	__gene_E_rbs	290.000000	0.000000	0.000000
409.999107	__gene_F_rbs	204.000000	0.000000	0.000000
409.999107	__gene_G_rbs	145.000000	0.000000	0.000000
409.999107	__gene_H_rbs	103.000000	0.000000	0.000000
409.999107	__gene_J_rbs	283.000000	0.000000	0.000000
409.999107	__gene_K_rbs	281.000000	0.000000	0.000000
409.999107	__ribosome	0.000000	0.000000	0.000000
409.999107	bound_ecolipol	1869.000000	0.000000	0.000000
409.999107	bound_ribosome	100.000000	0.000000	0.000000
409.999107	ecoli_genome	131.000000	0.000000	0.000000
409.999107	ecoli_transcript	30657.000000	0.000000	0.000000
409.999107	ecolipol	36.000000	0.000000	0.000000
409.999107	gene_A	164.000000	299.000000	0.033445
409.999107	gene_A*	124.000000	287.000000	0.010453
409.999107	gene_B	121.000000	289.000000	0.000000
409.999107	gene_C	119.000000	279.000000	0.007168
409.999107	gene_D	175.000000	294.000000	0.010204
409.999107	gene_E	127.000000	290.000000	0.006897
409.999107	gene_F	62.000000	204.000000	0.039216
409.999107	gene_G	23.000000	145.000000	0.034483
409.999107	gene_H	0.000000	103.000000	0.242718
409.999107	gene_J	78.000000	282.000000	0.148936
409.999107	gene_K	93.000000	281.000000	0.000000
409.999107	promoter_A	0.000000	0.000000	0.000000
409.999107	promoter_B1	0.000000	0.000000	0.000000
409.999107	promoter_D	0.000000	0.000000	0.000000
414.999064	__gene_A*_rbs	290.000000	0.000000	0.000000
414.999064	__gene_A_rbs	303.000000	0.000000	0.000000
414.999064	__gene_B_rbs	293.000000	0.000000	0.000000
414.999064	__gene_C_rbs	281.000000	0.000000	0.000000
414.999064	__gene_D_rbs	298.000000	0.000000	0.000000
414.999064	__gene_E_rbs	293.000000	0.000000	0.000000
414.999064	__gene_F_rbs	205.000000	0.000000	0.000000
414.999064	__gene_G_rbs	148.000000	0.000000	0.000000
414.999064	__gene_H_rbs	102.000000	0.000000	0.000000
414.999064	__gene_J_rbs	286.000000	0.000000	0.000000
414.999064	__gene_K_rbs	285.000000	0.000000	0.000000
414.999064	__ribosome	0.000000	0.000000	0.000000
414.999064	bound_ecolipol	1868.000000	0.000000	0.000000
414.999064	bound_ribosome	100.000000	0.000000	0.000000
414.999064	ecoli_genome	132.000000	0.000000	0.000000
414.999064	ecoli_transcript	31028.000000	0.000000	0.000000
414.999064	ecolipol	38.000000	0.000000	0.000000
414.999064	gene_A	164.000000	303.000000	0.033003
414.999064	gene_A*	124.000000	290.000000	0.010345
414.999064	gene_B	121.000000	293.000000	0.006826
414.999064	gene_C	120.000000	283.000000	0.003534
414.999064	gene_D	176.000000	298.000000	0.006711
414.999064	gene_E	128.000000	293.000000	0.003413
414.999064	gene_F	63.000000	205.000000	0.034146
414.999064	gene_G	23.000000	148.000000	0.033784
414.999064	gene_H	0.000000	103.000000	0.252427
414.999064	gene_J	79.000000	286.000000	0.143357
414.999064	gene_K	93.000000	285.000000	0.007018
414.999064	promoter_A	0.000000	0.000000	0.000000
414.999064	promoter_B1	0.000000	0.000000	0.000000
414.999064	promoter_D	0.000000	0.000000	0.000000
419.999030	__gene_A*_rbs	294.000000	0.000000	0.000000
419.999030	__gene_A_rbs	306.000000	0.000000	0.000000
419.999030	__gene_B_rbs	297.000000	0.000000	0.000000
419.999030	__gene_C_rbs	287.000000	0.000000	0.000000
419.999030	__gene_D_rbs	302.000000	0.000000	0.000000
419.999030	__gene_E_rbs	297.000000	0.000000	0.000000
419.999030	__gene_F_rbs	207.000000	0.000000	0.000000
419.999030	__gene_G_rbs	151.000000	0.000000	0.000000
419.999030	__gene_H_rbs	106.000000	0.000000	0.000000
419.999030	__gene_J_rbs	291.000000	0.000000	0.000000
419.999030	__gene_K_rbs	289.000000	0.000000	0.000000
419.999030	__ribosome	0.000000	0.000000	0.000000
419.999030	bound_ecolipol	1860.000000	0.000000	0.000000
419.999030	bound_ribosome	100.000000	0.000000	0.000000
419.999030	ecoli_genome	140.000000	0.000000	0.000000
419.999030	ecoli_transcript	31410.000000	0.000000	0.000000
419.999030	ecolipol	45.000000	0.000000	0.000000
419.999030	gene_A	166.000000	306.000000	0.039216
419.999030	gene_A*	124.000000	294.000000	0.013605
419.999030	gene_B	121.000000	297.000000	0.010101
419.999030	gene_C	121.000000	287.000000	0.000000
419.999030	gene_D	178.000000	302.000000	0.003311
419.999030	gene_E	129.000000	297.000000	0.000000
419.999030	gene_F	65.000000	208.000000	0.033654
419.999030	gene_G	23.000000	151.000000	0.033113
419.999030	gene_H	0.000000	106.000000	0.245283
419.999030	gene_J	79.000000	290.000000	0.144828
419.999030	gene_K	95.000000	289.000000	0.000000
419.999030	promoter_A	0.000000	0.000000	0.000000
419.999030	promoter_B1	0.000000	0.000000	0.000000
419.999030	promoter_D	0.000000	0.000000	0.000000
424.999364	__gene_A*_rbs	297.000000	0.000000	0.000000
424.999364	__gene_A_rbs	310.000000	0.000000	0.000000
424.999364	__gene_B_rbs	300.000000	0.000000	0.000000
424.999364	__gene_C_rbs	290.000000	0.000000	0.000000
424.999364	__gene_D_rbs	305.000000	0.000000	0.000000
424.999364	__gene_E_rbs	300.000000	0.000000	0.000000
424.999364	__gene_F_rbs	212.000000	0.000000	0.000000
424.999364	__gene_G_rbs	153.000000	0.000000	0.000000
424.999364	__gene_H_rbs	106.000000	0.000000	0.000000
424.999364	__gene_J_rbs	295.000000	0.000000	0.000000
424.999364	__gene_K_rbs	292.000000	0.000000	0.000000
424.999364	__ribosome	0.000000	0.000000	0.000000
424.999364	bound_ecolipol	1876.000000	0.000000	0.000000
424.999364	bound_ribosome	100.000000	0.000000	0.000000
424.999364	ecoli_genome	124.000000	0.000000	0.000000
424.999364	ecoli_transcript	31811.000000	0.000000	0.000000
424.999364	ecolipol	28.000000	0.000000	0.000000
424.999364	gene_A	167.000000	310.000000	0.035484
424.999364	gene_A*	124.000000	298.000000	0.013423
424.999364	gene_B	122.000000	300.000000	0.006667
424.999364	gene_C	121.000000	291.000000	0.003436
424.999364	gene_D	178.000000	305.000000	0.006557
424.999364	gene_E	129.000000	301.000000	0.000000
424.999364	gene_F	65.000000	212.000000	0.033019
424.999364	gene_G	23.000000	153.000000	0.032680
424.999364	gene_H	0.000000	106.000000	0.245283
424.999364	gene_J	80.000000	294.000000	0.139456
424.999364	gene_K	95.000000	292.000000	0.003425
424.999364	promoter_A	0.000000	0.000000	0.000000
424.999364	promoter_B1	0.000000	0.000000	0.000000
424.999364	promoter_D	0.000000	0.000000	0.000000
429.999019	__gene_A*_rbs	301.000000	0.000000	0.000000
429.999019	__gene_A_rbs	314.000000	0.000000	0.000000
429.999019	__gene_B_rbs	303.000000	0.000000	0.000000
429.999019	__gene_C_rbs	293.000000	0.000000	0.000000
429.999019	__gene_D_rbs	309.000000	0.000000	0.000000
429.999019	__gene_E_rbs	304.000000	0.000000	0.000000
429.999019	__gene_F_rbs	216.000000	0.000000	0.000000
429.999019	__gene_G_rbs	155.000000	0.000000	0.000000
429.999019	__gene_H_rbs	108.000000	0.000000	0.000000
429.999019	__gene_J_rbs	298.000000	0.000000	0.000000
429.999019	__gene_K_rbs	295.000000	0.000000	0.000000
429.999019	__ribosome	0.000000	0.000000	0.000000
429.999019	bound_ecolipol	1862.000000	0.000000	0.000000
429.999019	bound_ribosome	100.000000	0.000000	0.000000
429.999019	ecoli_genome	138.000000	0.000000	0.000000
429.999019	ecoli_transcript	32166.000000	0.000000	0.000000
429.999019	ecolipol	43.000000	0.000000	0.000000
429.999019	gene_A	168.000000	314.000000	0.035032
429.999019	gene_A*	126.000000	301.000000	0.009967
429.999019	gene_B	124.000000	304.000000	0.003289
429.999019	gene_C	121.000000	293.000000	0.003413
429.999019	gene_D	178.000000	309.000000	0.009709
429.999019	gene_E	129.000000	305.000000	0.000000
429.999019	gene_F	67.000000	216.000000	0.023148
429.999019	gene_G	23.000000	155.000000	0.038710
429.999019	gene_H	0.000000	108.000000	0.240741
429.999019	gene_J	80.000000	297.000000	0.141414
429.999019	gene_K	95.000000	295.000000	0.006780
429.999019	promoter_A	0.000000	0.000000	0.000000
429.999019	promoter_B1	0.000000	0.000000	0.000000
429.999019	promoter_D	0.000000	0.000000	0.000000
434.999547	__gene_A*_rbs	305.000000	0.000000	0.000000
434.999547	__gene_A_rbs	317.000000	0.000000	0.000000
434.999547	__gene_B_rbs	308.000000	0.000000	0.000000
434.999547	__gene_C_rbs	297.000000	0.000000	0.000000
434.999547	__gene_D_rbs	313.000000	0.000000	0.000000
434.999547	__gene_E_rbs	308.000000	0.000000	0.000000
434.999547	__gene_F_rbs	220.000000	0.000000	0.000000
434.999547	__gene_G_rbs	157.000000	0.000000	0.000000
434.999547	__gene_H_rbs	110.000000	0.000000	0.000000
434.999547	__gene_J_rbs	302.000000	0.000000	0.000000
434.999547	__gene_K_rbs	299.000000	0.000000	0.000000
434.999547	__ribosome	0.000000	0.000000	0.000000
434.999547	bound_ecolipol	1871.000000	0.000000	0.000000
434.999547	bound_ribosome	100.000000	0.000000	0.000000
434.999547	ecoli_genome	129.000000	0.000000	0.000000
434.999547	ecoli_transcript	32521.000000	0.000000	0.000000
434.999547	ecolipol	34.000000	0.000000	0.000000
434.999547	gene_A	169.000000	317.000000	0.031546
434.999547	gene_A*	127.000000	305.000000	0.006557
434.999547	gene_B	124.000000	308.000000	0.006494
434.999547	gene_C	122.000000	297.000000	0.010101
434.999547	gene_D	179.000000	313.000000	0.006390
434.999547	gene_E	129.000000	308.000000	0.006494
434.999547	gene_F	68.000000	220.000000	0.018182
434.999547	gene_G	23.000000	157.000000	0.044586
434.999547	gene_H	0.000000	110.000000	0.236364
434.999547	gene_J	81.000000	301.000000	0.139535
434.999547	gene_K	97.000000	299.000000	0.000000
434.999547	promoter_A	0.000000	0.000000	0.000000
434.999547	promoter_B1	0.000000	0.000000	0.000000
434.999547	promoter_D	0.000000	0.000000	0.000000
439.999039	__gene_A*_rbs	309.000000	0.000000	0.000000
439.999039	__gene_A_rbs	319.000000	0.000000	0.000000
439.999039	__gene_B_rbs	311.000000	0.000000	0.000000
439.999039	__gene_C_rbs	301.000000	0.000000	0.000000
439.999039	__gene_D_rbs	316.000000	0.000000	0.000000
439.999039	__gene_E_rbs	312.000000	0.000000	0.000000
439.999039	__gene_F_rbs	222.000000	0.000000	0.000000
439.999039	__gene_G_rbs	159.000000	0.000000	0.000000
439.999039	__gene_H_rbs	112.000000	0.000000	0.000000
439.999039	__gene_J_rbs	305.000000	0.000000	0.000000
439.999039	__gene_K_rbs	303.000000	0.000000	0.000000
439.999039	__ribosome	0.000000	0.000000	0.000000
439.999039	bound_ecolipol	1874.000000	0.000000	0.000000
439.999039	bound_ribosome	100.000000	0.000000	0.000000
439.999039	ecoli_genome	126.000000	0.000000	0.000000
439.999039	ecoli_transcript	32904.000000	0.000000	0.000000
439.999039	ecolipol	29.000000	0.000000	0.000000
439.999039	gene_A	170.000000	321.000000	0.034268
439.999039	gene_A*	127.000000	309.000000	0.006472
439.999039	gene_B	125.000000	311.000000	0.003215
439.999039	gene_C	123.000000	301.000000	0.006645
439.999039	gene_D	179.000000	316.000000	0.009494
439.999039	gene_E	129.000000	312.000000	0.006410
439.999039	gene_F	68.000000	222.000000	0.018018
439.999039	gene_G	23.000000	159.000000	0.044025
439.999039	gene_H	0.000000	112.000000	0.232143
439.999039	gene_J	81.000000	304.000000	0.138158
439.999039	gene_K	97.000000	303.000000	0.000000
439.999039	promoter_A	0.000000	0.000000	0.000000
439.999039	promoter_B1	0.000000	0.000000	0.000000
439.999039	promoter_D	0.000000	0.000000	0.000000
444.999014	__gene_A*_rbs	313.000000	0.000000	0.000000
444.999014	__gene_A_rbs	325.000000	0.000000	0.000000
444.999014	__gene_B_rbs	314.000000	0.000000	0.000000
444.999014	__gene_C_rbs	305.000000	0.000000	0.000000
444.999014	__gene_D_rbs	320.000000	0.000000	0.000000
444.999014	__gene_E_rbs	315.000000	0.000000	0.000000
444.999014	__gene_F_rbs	224.000000	0.000000	0.000000
444.999014	__gene_G_rbs	161.000000	0.000000	0.000000
444.999014	__gene_H_rbs	114.000000	0.000000	0.000000
444.999014	__gene_J_rbs	308.000000	0.000000	0.000000
444.999014	__gene_K_rbs	307.000000	0.000000	0.000000
444.999014	__ribosome	0.000000	0.000000	0.000000
444.999014	bound_ecolipol	1870.000000	0.000000	0.000000
444.999014	bound_ribosome	100.000000	0.000000	0.000000
444.999014	ecoli_genome	130.000000	0.000000	0.000000
444.999014	ecoli_transcript	33271.000000	0.000000	0.000000
444.999014	ecolipol	35.000000	0.000000	0.000000
444.999014	gene_A	170.000000	325.000000	0.033846
444.999014	gene_A*	127.000000	313.000000	0.009585
444.999014	gene_B	126.000000	315.000000	0.006349
444.999014	gene_C	125.000000	305.000000	0.000000
444.999014	gene_D	181.000000	320.000000	0.006250
444.999014	gene_E	131.000000	316.000000	0.006329
444.999014	gene_F	69.000000	224.000000	0.013393
444.999014	gene_G	24.000000	161.000000	0.037267
444.999014	gene_H	0.000000	114.000000	0.228070
444.999014	gene_J	81.000000	307.000000	0.143322
444.999014	gene_K	97.000000	307.000000	0.003257
444.999014	promoter_A	0.000000	0.000000	0.000000
444.999014	promoter_B1	0.000000	0.000000	0.000000
444.999014	promoter_D	0.000000	0.000000	0.000000
449.999194	__gene_A*_rbs	317.000000	0.000000	0.000000
449.999194	__gene_A_rbs	329.000000	0.000000	0.000000
449.999194	__gene_B_rbs	319.000000	0.000000	0.000000
449.999194	__gene_C_rbs	308.000000	0.000000	0.000000
449.999194	__gene_D_rbs	323.000000	0.000000	0.000000
449.999194	__gene_E_rbs	319.000000	0.000000	0.000000
449.999194	__gene_F_rbs	227.000000	0.000000	0.000000
449.999194	__gene_G_rbs	164.000000	0.000000	0.000000
449.999194	__gene_H_rbs	115.000000	0.000000	0.000000
449.999194	__gene_J_rbs	312.000000	0.000000	0.000000
449.999194	__gene_K_rbs	310.000000	0.000000	0.000000
449.999194	__ribosome	0.000000	0.000000	0.000000
449.999194	bound_ecolipol	1864.000000	0.000000	0.000000
449.999194	bound_ribosome	100.000000	0.000000	0.000000
449.999194	ecoli_genome	136.000000	0.000000	0.000000
449.999194	ecoli_transcript	33645.000000	0.000000	0.000000
449.999194	ecolipol	39.000000	0.000000	0.000000
449.999194	gene_A	171.000000	329.000000	0.036474
449.999194	gene_A*	128.000000	317.000000	0.009464
449.999194	gene_B	126.000000	319.000000	0.006270
449.999194	gene_C	125.000000	308.000000	0.003247
449.999194	gene_D	181.000000	323.000000	0.006192
449.999194	gene_E	131.000000	319.000000	0.012539
449.999194	gene_F	70.000000	227.000000	0.008811
449.999194	gene_G	25.000000	164.000000	0.030488
449.999194	gene_H	0.000000	115.000000	0.226087
449.999194	gene_J	83.000000	311.000000	0.138264
449.999194	gene_K	98.000000	310.000000	0.000000
449.999194	promoter_A	0.000000	0.000000	0.000000
449.999194	promoter_B1	0.000000	0.000000	0.000000
449.999194	promoter_D	0.000000	0.000000	0.000000
454.999191	__gene_A*_rbs	320.000000	0.000000	0.000000
454.999191	__gene_A_rbs	332.000000	0.000000	0.000000
454.999191	__gene_B_rbs	321.000000	0.000000	0.000000
454.999191	__gene_C_rbs	312.000000	0.000000	0.000000
454.999191	__gene_D_rbs	327.000000	0.000000	0.000000
454.999191	__gene_E_rbs	322.000000	0.000000	0.000000
454.999191	__gene_F_rbs	229.000000	0.000000	0.000000
454.999191	__gene_G_rbs	166.000000	0.000000	0.000000
454.999191	__gene_H_rbs	116.000000	0.000000	0.000000
454.999191	__gene_J_rbs	315.000000	0.000000	0.000000
454.999191	__gene_K_rbs	312.000000	0.000000	0.000000
454.999191	__ribosome	0.000000	0.000000	0.000000
454.999191	bound_ecolipol	1866.000000	0.000000	0.000000
454.999191	bound_ribosome	100.000000	0.000000	0.000000
454.999191	ecoli_genome	134.000000	0.000000	0.000000
454.999191	ecoli_transcript	34010.000000	0.000000	0.000000
454.999191	ecolipol	40.000000	0.000000	0.000000
454.999191	gene_A	173.000000	332.000000	0.030120
454.999191	gene_A*	128.000000	320.000000	0.009375
454.999191	gene_B	126.000000	323.000000	0.006192
454.999191	gene_C	125.000000	312.000000	0.006410
454.999191	gene_D	181.000000	327.000000	0.009174
454.999191	gene_E	134.000000	323.000000	0.009288
454.999191	gene_F	70.000000	229.000000	0.008734
454.999191	gene_G	25.000000	166.000000	0.030120
454.999191	gene_H	0.000000	116.000000	0.224138
454.999191	gene_J	84.000000	315.000000	0.136508
454.999191	gene_K	98.000000	314.000000	0.003185
454.999191	promoter_A	0.000000	0.000000	0.000000
454.999191	promoter_B1	0.000000	0.000000	0.000000
454.999191	promoter_D	0.000000	0.000000	0.000000
459.999091	__gene_A*_rbs	324.000000	0.000000	0.000000
459.999091	__gene_A_rbs	335.000000	0.000000	0.000000
459.999091	__gene_B_rbs	327.000000	0.000000	0.000000
459.999091	__gene_C_rbs	316.000000	0.000000	0.000000
459.999091	__gene_D_rbs	331.000000	0.000000	0.000000
459.999091	__gene_E_rbs	324.000000	0.000000	0.000000
459.999091	__gene_F_rbs	231.000000	0.000000	0.000000
459.999091	__gene_G_rbs	167.000000	0.000000	0.000000
459.999091	__gene_H_rbs	116.000000	0.000000	0.000000
459.999091	__gene_J_rbs	319.000000	0.000000	0.000000
459.999091	__gene_K_rbs	318.000000	0.000000	0.000000
459.999091	__ribosome	0.000000	0.000000	0.000000
459.999091	bound_ecolipol	1870.000000	0.000000	0.000000
459.999091	bound_ribosome	100.000000	0.000000	0.000000
459.999091	ecoli_genome	130.000000	0.000000	0.000000
459.999091	ecoli_transcript	34405.000000	0.000000	0.000000
459.999091	ecolipol	36.000000	0.000000	0.000000
459.999091	gene_A	174.000000	336.000000	0.032738
459.999091	gene_A*	128.000000	324.000000	0.012346
459.999091	gene_B	128.000000	327.000000	0.003058
459.999091	gene_C	127.000000	316.000000	0.009494
459.999091	gene_D	183.000000	331.000000	0.006042
459.999091	gene_E	135.000000	326.000000	0.009202
459.999091	gene_F	71.000000	231.000000	0.004329
459.999091	gene_G	25.000000	167.000000	0.035928
459.999091	gene_H	0.000000	116.000000	0.224138
459.999091	gene_J	85.000000	318.000000	0.135220
459.999091	gene_K	99.000000	318.000000	0.000000
459.999091	promoter_A	0.000000	0.000000	0.000000
459.999091	promoter_B1	0.000000	0.000000	0.000000
459.999091	promoter_D	0.000000	0.000000	0.000000
464.999065	__gene_A*_rbs	327.000000	0.000000	0.000000
464.999065	__gene_A_rbs	339.000000	0.000000	0.000000
464.999065	__gene_B_rbs	330.000000	0.000000	0.000000
464.999065	__gene_C_rbs	319.000000	0.000000	0.000000
464.999065	__gene_D_rbs	334.000000	0.000000	0.000000
464.999065	__gene_E_rbs	330.000000	0.000000	0.000000
464.999065	__gene_F_rbs	235.000000	0.000000	0.000000
464.999065	__gene_G_rbs	170.000000	0.000000	0.000000
464.999065	__gene_H_rbs	118.000000	0.000000	0.000000
464.999065	__gene_J_rbs	323.000000	0.000000	0.000000
464.999065	__gene_K_rbs	321.000000	0.000000	0.000000
464.999065	__ribosome	0.000000	0.000000	0.000000
464.999065	bound_ecolipol	1864.000000	0.000000	0.000000
464.999065	bound_ribosome	100.000000	0.000000	0.000000
464.999065	ecoli_genome	136.000000	0.000000	0.000000
464.999065	ecoli_transcript	34767.000000	0.000000	0.000000
464.999065	ecolipol	42.000000	0.000000	0.000000
464.999065	gene_A	174.000000	339.000000	0.035398
464.999065	gene_A*	129.000000	328.000000	0.009146
464.999065	gene_B	128.000000	330.000000	0.006061
464.999065	gene_C	129.000000	319.000000	0.006270
464.999065	gene_D	183.000000	334.000000	0.008982
464.999065	gene_E	137.000000	330.000000	0.003030
464.999065	gene_F	72.000000	235.000000	0.000000
464.999065	gene_G	25.000000	170.000000	0.035294
464.999065	gene_H	0.000000	119.000000	0.226891
464.999065	gene_J	85.000000	322.000000	0.133540
464.999065	gene_K	99.000000	321.000000	0.003115
464.999065	promoter_A	0.000000	0.000000	0.000000
464.999065	promoter_B1	0.000000	0.000000	0.000000
464.999065	promoter_D	0.000000	0.000000	0.000000
469.999215	__gene_A*_rbs	331.000000	0.000000	0.000000
469.999215	__gene_A_rbs	342.000000	0.000000	0.000000
469.999215	__gene_B_rbs	333.000000	0.000000	0.000000
469.999215	__gene_C_rbs	322.000000	0.000000	0.000000
469.999215	__gene_D_rbs	338.000000	0.000000	0.000000
469.999215	__gene_E_rbs	334.000000	0.000000	0.000000
469.999215	__gene_F_rbs	237.000000	0.000000	0.000000
469.999215	__gene_G_rbs	173.000000	0.000000	0.000000
469.999215	__gene_H_rbs	119.000000	0.000000	0.000000
469.999215	__gene_J_rbs	327.000000	0.000000	0.000000
469.999215	__gene_K_rbs	325.000000	0.000000	0.000000
469.999215	__ribosome	0.000000	0.000000	0.000000
469.999215	bound_ecolipol	1875.000000	0.000000	0.000000
469.999215	bound_ribosome	100.000000	0.000000	0.000000
469.999215	ecoli_genome	125.000000	0.000000	0.000000
469.999215	ecoli_transcript	35135.000000	0.000000	0.000000
469.999215	ecolipol	32.000000	0.000000	0.000000
469.999215	gene_A	178.000000	343.000000	0.029155
469.999215	gene_A*	129.000000	331.000000	0.009063
469.999215	gene_B	128.000000	334.000000	0.014970
469.999215	gene_C	130.000000	323.000000	0.009288
469.999215	gene_D	184.000000	338.000000	0.005917
469.999215	gene_E	138.000000	334.000000	0.000000
469.999215	gene_F	72.000000	237.000000	0.000000
469.999215	gene_G	25.000000	173.000000	0.034682
469.999215	gene_H	0.000000	119.000000	0.226891
469.999215	gene_J	85.000000	326.000000	0.134969
469.999215	gene_K	100.000000	325.000000	0.000000
469.999215	promoter_A	0.000000	0.000000	0.000000
469.999215	promoter_B1	0.000000	0.000000	0.000000
469.999215	promoter_D	0.000000	0.000000	0.000000
474.999001	__gene_A*_rbs	335.000000	0.000000	0.000000
474.999001	__gene_A_rbs	347.000000	0.000000	0.000000
474.999001	__gene_B_rbs	337.000000	0.000000	0.000000
474.999001	__gene_C_rbs	325.000000	0.000000	0.000000
474.999001	__gene_D_rbs	342.000000	0.000000	0.000000
474.999001	__gene_E_rbs	337.000000	0.000000	0.000000
474.999001	__gene_F_rbs	240.000000	0.000000	0.000000
474.999001	__gene_G_rbs	175.000000	0.000000	0.000000
474.999001	__gene_H_rbs	119.000000	0.000000	0.000000
474.999001	__gene_J_rbs	330.000000	0.000000	0.000000
474.999001	__gene_K_rbs	328.000000	0.000000	0.000000
474.999001	__ribosome	0.000000	0.000000	0.000000
474.999001	bound_ecolipol	1872.000000	0.000000	0.000000
474.999001	bound_ribosome	100.000000	0.000000	0.000000
474.999001	ecoli_genome	128.000000	0.000000	0.000000
474.999001	ecoli_transcript	35496.000000	0.000000	0.000000
474.999001	ecolipol	37.000000	0.000000	0.000000
474.999001	gene_A	178.000000	347.000000	0.034582
474.999001	gene_A*	129.000000	335.000000	0.008955
474.999001	gene_B	129.000000	338.000000	0.014793
474.999001	gene_C	131.000000	327.000000	0.006116
474.999001	gene_D	185.000000	342.000000	0.002924
474.999001	gene_E	138.000000	337.000000	0.000000
474.999001	gene_F	72.000000	240.000000	0.000000
474.999001	gene_G	26.000000	175.000000	0.034286
474.999001	gene_H	0.000000	119.000000	0.226891
474.999001	gene_J	86.000000	329.000000	0.130699
474.999001	gene_K	100.000000	329.000000	0.003040
474.999001	promoter_A	0.000000	0.000000	0.000000
474.999001	promoter_B1	0.000000	0.000000	0.000000
474.999001	promoter_D	0.000000	0.000000	0.000000
479.999145	__gene_A*_rbs	338.000000	0.000000	0.000000
479.999145	__gene_A_rbs	350.000000	0.000000	0.000000
479.999145	__gene_B_rbs	342.000000	0.000000	0.000000
479.999145	__gene_C_rbs	330.000000	0.000000	0.000000
479.999145	__gene_D_rbs	346.000000	0.000000	0.000000
479.999145	__gene_E_rbs	340.000000	0.000000	0.000000
479.999145	__gene_F_rbs	242.000000	0.000000	0.000000
479.999145	__gene_G_rbs	179.000000	0.000000	0.000000
479.999145	__gene_H_rbs	121.000000	0.000000	0.000000
479.999145	__gene_J_rbs	334.000000	0.000000	0.000000
479.999145	__gene_K_rbs	331.000000	0.000000	0.000000
479.999145	__ribosome	0.000000	0.000000	0.000000
479.999145	bound_ecolipol	1880.000000	0.000000	0.000000
479.999145	bound_ribosome	100.000000	0.000000	0.000000
479.999145	ecoli_genome	120.000000	0.000000	0.000000
479.999145	ecoli_transcript	35884.000000	0.000000	0.000000
479.999145	ecolipol	29.000000	0.000000	0.000000
479.999145	gene_A	179.000000	350.000000	0.037143
479.999145	gene_A*	130.000000	338.000000	0.005917
479.999145	gene_B	131.000000	342.000000	0.008772
479.999145	gene_C	133.000000	330.000000	0.000000
479.999145	gene_D	186.000000	346.000000	0.000000
479.999145	gene_E	138.000000	341.000000	0.002933
479.999145	gene_F	72.000000	242.000000	0.000000
479.999145	gene_G	26.000000	179.000000	0.044693
479.999145	gene_H	0.000000	121.000000	0.231405
479.999145	gene_J	86.000000	333.000000	0.132132
479.999145	gene_K	101.000000	332.000000	0.003012
479.999145	promoter_A	0.000000	0.000000	0.000000
479.999145	promoter_B1	0.000000	0.000000	0.000000
479.999145	promoter_D	0.000000	0.000000	0.000000
484.999112	__gene_A*_rbs	342.000000	0.000000	0.000000
484.999112	__gene_A_rbs	354.000000	0.000000	0.000000
484.999112	__gene_B_rbs	345.000000	0.000000	0.000000
484.999112	__gene_C_rbs	333.000000	0.000000	0.000000
484.999112	__gene_D_rbs	349.000000	0.000000	0.000000
484.999112	__gene_E_rbs	345.000000	0.000000	0.000000
484.999112	__gene_F_rbs	245.000000	0.000000	0.000000
484.999112	__gene_G_rbs	181.000000	0.000000	0.000000
484.999112	__gene_H_rbs	122.000000	0.000000	0.000000
484.999112	__gene_J_rbs	338.000000	0.000000	0.000000
484.999112	__gene_K_rbs	335.000000	0.000000	0.000000
484.999112	__ribosome	0.000000	0.000000	0.000000
484.999112	bound_ecolipol	1870.000000	0.000000	0.000000
484.999112	bound_ribosome	100.000000	0.000000	0.000000
484.999112	ecoli_genome	130.000000	0.000000	0.000000
484.999112	ecoli_transcript	36240.000000	0.000000	0.000000
484.999112	ecolipol	37.000000	0.000000	0.000000
484.999112	gene_A	179.000000	354.000000	0.036723
484.999112	gene_A*	130.000000	342.000000	0.005848
484.999112	gene_B	133.000000	346.000000	0.002890
484.999112	gene_C	133.000000	334.000000	0.000000
484.999112	gene_D	186.000000	349.000000	0.000000
484.999112	gene_E	138.000000	345.000000	0.011594
484.999112	gene_F	72.000000	245.000000	0.000000
484.999112	gene_G	26.000000	181.000000	0.044199
484.999112	gene_H	0.000000	122.000000	0.229508
484.999112	gene_J	87.000000	337.000000	0.130564
484.999112	gene_K	102.000000	336.000000	0.000000
484.999112	promoter_A	0.000000	0.000000	0.000000
484.999112	promoter_B1	0.000000	0.000000	0.000000
484.999112	promoter_D	0.000000	0.000000	0.000000
489.999238	__gene_A*_rbs	346.000000	0.000000	0.000000
489.999238	__gene_A_rbs	358.000000	0.000000	0.000000
489.999238	__gene_B_rbs	349.000000	0.000000	0.000000
489.999238	__gene_C_rbs	338.000000	0.000000	0.000000
489.999238	__gene_D_rbs	353.000000	0.000000	0.000000
489.999238	__gene_E_rbs	349.000000	0.000000	0.000000
489.999238	__gene_F_rbs	247.000000	0.000000	0.000000
489.999238	__gene_G_rbs	182.000000	0.000000	0.000000
489.999238	__gene_H_rbs	124.000000	0.000000	0.000000
489.999238	__gene_J_rbs	342.000000	0.000000	0.000000
489.999238	__gene_K_rbs	340.000000	0.000000	0.000000
489.999238	__ribosome	0.000000	0.000000	0.000000
489.999238	bound_ecolipol	1875.000000	0.000000	0.000000
489.999238	bound_ribosome	100.000000	0.000000	0.000000
489.999238	ecoli_genome	125.000000	0.000000	0.000000
489.999238	ecoli_transcript	36627.000000	0.000000	0.000000
489.999238	ecolipol	31.000000	0.000000	0.000000
489.999238	gene_A	179.000000	358.000000	0.041899
489.999238	gene_A*	131.000000	346.000000	0.005780
489.999238	gene_B	134.000000	349.000000	0.000000
489.999238	gene_C	133.000000	338.000000	0.000000
489.999238	gene_D	186.000000	353.000000	0.000000
489.999238	gene_E	140.000000	349.000000	0.005731
489.999238	gene_F	72.000000	247.000000	0.004049
489.999238	gene_G	27.000000	182.000000	0.038462
489.999238	gene_H	0.000000	124.000000	0.233871
489.999238	gene_J	88.000000	341.000000	0.129032
489.999238	gene_K	102.000000	340.000000	0.000000
489.999238	promoter_A	0.000000	0.000000	0.000000
489.999238	promoter_B1	0.000000	0.000000	0.000000
489.999238	promoter_D	0.000000	0.000000	0.000000
494.999274	__gene_A*_rbs	347.000000	0.000000	0.000000
494.999274	__gene_A_rbs	362.000000	0.000000	0.000000
494.999274	__gene_B_rbs	352.000000	0.000000	0.000000
494.999274	__gene_C_rbs	340.000000	0.000000	0.000000
494.999274	__gene_D_rbs	356.000000	0.000000	0.000000
494.999274	__gene_E_rbs	352.000000	0.000000	0.000000
494.999274	__gene_F_rbs	248.000000	0.000000	0.000000
494.999274	__gene_G_rbs	185.000000	0.000000	0.000000
494.999274	__gene_H_rbs	127.000000	0.000000	0.000000
494.999274	__gene_J_rbs	346.000000	0.000000	0.000000
494.999274	__gene_K_rbs	344.000000	0.000000	0.000000
494.999274	__ribosome	0.000000	0.000000	0.000000
494.999274	bound_ecolipol	1874.000000	0.000000	0.000000
494.999274	bound_ribosome	100.000000	0.000000	0.000000
494.999274	ecoli_genome	126.000000	0.000000	0.000000
494.999274	ecoli_transcript	36993.000000	0.000000	0.000000
494.999274	ecolipol	36.000000	0.000000	0.000000
494.999274	gene_A	181.000000	362.000000	0.035912
494.999274	gene_A*	132.000000	349.000000	0.002865
494.999274	gene_B	134.000000	352.000000	0.000000
494.999274	gene_C	133.000000	342.000000	0.002924
494.999274	gene_D	186.000000	356.000000	0.002809
494.999274	gene_E	142.000000	352.000000	0.002841
494.999274	gene_F	72.000000	248.000000	0.004032
494.999274	gene_G	28.000000	185.000000	0.037838
494.999274	gene_H	0.000000	127.000000	0.228346
494.999274	gene_J	89.000000	345.000000	0.127536
494.999274	gene_K	102.000000	344.000000	0.005814
494.999274	promoter_A	0.000000	0.000000	0.000000
494.999274	promoter_B1	0.000000	0.000000	0.000000
494.999274	promoter_D	0.000000	0.000000	0.000000
499.999077	__gene_A*_rbs	353.000000	0.000000	0.000000
499.999077	__gene_A_rbs	365.000000	0.000000	0.000000
499.999077	__gene_B_rbs	356.000000	0.000000	0.000000
499.999077	__gene_C_rbs	346.000000	0.000000	0.000000
499.999077	__gene_D_rbs	360.000000	0.000000	0.000000
499.999077	__gene_E_rbs	355.000000	0.000000	0.000000
499.999077	__gene_F_rbs	251.000000	0.000000	0.000000
499.999077	__gene_G_rbs	187.000000	0.000000	0.000000
499.999077	__gene_H_rbs	129.000000	0.000000	0.000000
499.999077	__gene_J_rbs	349.000000	0.000000	0.000000
499.999077	__gene_K_rbs	348.000000	0.000000	0.000000
499.999077	__ribosome	0.000000	0.000000	0.000000
499.999077	bound_ecolipol	1871.000000	0.000000	0.000000
499.999077	bound_ribosome	100.000000	0.000000	0.000000
499.999077	ecoli_genome	129.000000	0.000000	0.000000
499.999077	ecoli_transcript	37365.000000	0.000000	0.000000
499.999077	ecolipol	36.000000	0.000000	0.000000
499.999077	gene_A	182.000000	365.000000	0.032877
499.999077	gene_A*	132.000000	353.000000	0.002833
499.999077	gene_B	134.000000	356.000000	0.005618
499.999077	gene_C	133.000000	346.000000	0.002890
499.999077	gene_D	186.000000	360.000000	0.005556
499.999077	gene_E	142.000000	355.000000	0.002817
499.999077	gene_F	72.000000	251.000000	0.003984
499.999077	gene_G	28.000000	187.000000	0.037433
499.999077	gene_H	0.000000	129.000000	0.224806
499.999077	gene_J	90.000000	348.000000	0.126437
499.999077	gene_K	104.000000	348.000000	0.000000
499.999077	promoter_A	0.000000	0.000000	0.000000
499.999077	promoter_B1	0.000000	0.000000	0.000000
499.999077	promoter_D	0.000000	0.000000	0.000000
504.999064	__gene_A*_rbs	356.000000	0.000000	0.000000
504.999064	__gene_A_rbs	369.000000	0.000000	0.000000
504.999064	__gene_B_rbs	360.000000	0.000000	0.000000
504.999064	__gene_C_rbs	349.000000	0.000000	0.000000
504.999064	__gene_D_rbs	364.000000	0.000000	0.000000
504.999064	__gene_E_rbs	359.000000	0.000000	0.000000
504.999064	__gene_F_rbs	253.000000	0.000000	0.000000
504.999064	__gene_G_rbs	189.000000	0.000000	0.000000
504.999064	__gene_H_rbs	129.000000	0.000000	0.000000
504.999064	__gene_J_rbs	353.000000	0.000000	0.000000
504.999064	__gene_K_rbs	350.000000	0.000000	0.000000
504.999064	__ribosome	0.000000	0.000000	0.000000
504.999064	bound_ecolipol	1885.000000	0.000000	0.000000
504.999064	bound_ribosome	100.000000	0.000000	0.000000
504.999064	ecoli_genome	115.000000	0.000000	0.000000
504.999064	ecoli_transcript	37717.000000	0.000000	0.000000
504.999064	ecolipol	22.000000	0.000000	0.000000
504.999064	gene_A	183.000000	369.000000	0.029810
504.999064	gene_A*	132.000000	357.000000	0.005602
504.999064	gene_B	134.000000	360.000000	0.008333
504.999064	gene_C	134.000000	349.000000	0.000000
504.999064	gene_D	186.000000	364.000000	0.008242
504.999064	gene_E	143.000000	359.000000	0.000000
504.999064	gene_F	72.000000	253.000000	0.003953
504.999064	gene_G	28.000000	189.000000	0.037037
504.999064	gene_H	0.000000	129.000000	0.224806
504.999064	gene_J	90.000000	352.000000	0.125000
504.999064	gene_K	104.000000	351.000000	0.000000
504.999064	promoter_A	0.000000	0.000000	0.000000
504.999064	promoter_B1	0.000000	0.000000	0.000000
504.999064	promoter_D	0.000000	0.000000	0.000000
509.999072	__gene_A*_rbs	361.000000	0.000000	0.000000
509.999072	__gene_A_rbs	372.000000	0.000000	0.000000
509.999072	__gene_B_rbs	364.000000	0.000000	0.000000
509.999072	__gene_C_rbs	353.000000	0.000000	0.000000
509.999072	__gene_D_rbs	368.000000	0.000000	0.000000
509.999072	__gene_E_rbs	363.000000	0.000000	0.000000
509.999072	__gene_F_rbs	256.000000	0.000000	0.000000
509.999072	__gene_G_rbs	190.000000	0.000000	0.000000
509.999072	__gene_H_rbs	130.000000	0.000000	0.000000
509.999072	__gene_J_rbs	356.000000	0.000000	0.000000
509.999072	__gene_K_rbs	355.000000	0.000000	0.000000
509.999072	__ribosome	0.000000	0.000000	0.000000
509.999072	bound_ecolipol	1870.000000	0.000000	0.000000
509.999072	bound_ribosome	100.000000	0.000000	0.000000
509.999072	ecoli_genome	130.000000	0.000000	0.000000
509.999072	ecoli_transcript	38052.000000	0.000000	0.000000
509.999072	ecolipol	39.000000	0.000000	0.000000
509.999072	gene_A	184.000000	372.000000	0.026882
509.999072	gene_A*	132.000000	361.000000	0.005540
509.999072	gene_B	135.000000	364.000000	0.005495
509.999072	gene_C	134.000000	353.000000	0.002833
509.999072	gene_D	187.000000	368.000000	0.005435
509.999072	gene_E	143.000000	363.000000	0.000000
509.999072	gene_F	72.000000	256.000000	0.003906
509.999072	gene_G	29.000000	190.000000	0.042105
509.999072	gene_H	0.000000	130.000000	0.223077
509.999072	gene_J	90.000000	355.000000	0.123944
509.999072	gene_K	104.000000	355.000000	0.002817
509.999072	promoter_A	0.000000	0.000000	0.000000
509.999072	promoter_B1	0.000000	0.000000	0.000000
509.999072	promoter_D	0.000000	0.000000	0.000000
514.999123	__gene_A*_rbs	365.000000	0.000000	0.000000
514.999123	__gene_A_rbs	376.000000	0.000000	0.000000
514.999123	__gene_B_rbs	367.000000	0.000000	0.000000
514.999123	__gene_C_rbs	357.000000	0.000000	0.000000
514.999123	__gene_D_rbs	371.000000	0.000000	0.000000
514.999123	__gene_E_rbs	367.000000	0.000000	0.000000
514.999123	__gene_F_rbs	259.000000	0.000000	0.000000
514.999123	__gene_G_rbs	192.000000	0.000000	0.000000
514.999123	__gene_H_rbs	130.000000	0.000000	0.000000
514.999123	__gene_J_rbs	360.000000	0.000000	0.000000
514.999123	__gene_K_rbs	357.000000	0.000000	0.000000
514.999123	__ribosome	0.000000	0.000000	0.000000
514.999123	bound_ecolipol	1872.000000	0.000000	0.000000
514.999123	bound_ribosome	100.000000	0.000000	0.000000
514.999123	ecoli_genome	128.000000	0.000000	0.000000
514.999123	ecoli_transcript	38445.000000	0.000000	0.000000
514.999123	ecolipol	38.000000	0.000000	0.000000
514.999123	gene_A	185.000000	376.000000	0.023936
514.999123	gene_A*	132.000000	365.000000	0.008219
514.999123	gene_B	137.000000	367.000000	0.000000
514.999123	gene_C	134.000000	357.000000	0.002801
514.999123	gene_D	188.000000	371.000000	0.002695
514.999123	gene_E	143.000000	367.000000	0.000000
514.999123	gene_F	72.000000	259.000000	0.003861
514.999123	gene_G	29.000000	192.000000	0.046875
514.999123	gene_H	0.000000	131.000000	0.229008
514.999123	gene_J	90.000000	359.000000	0.122563
514.999123	gene_K	105.000000	358.000000	0.005587
514.999123	promoter_A	0.000000	0.000000	0.000000
514.999123	promoter_B1	0.000000	0.000000	0.000000
514.999123	promoter_D	0.000000	0.000000	0.000000
519.999026	__gene_A*_rbs	368.000000	0.000000	0.000000
519.999026	__gene_A_rbs	379.000000	0.000000	0.000000
519.999026	__gene_B_rbs	371.000000	0.000000	0.000000
519.999026	__gene_C_rbs	360.000000	0.000000	0.000000
519.999026	__gene_D_rbs	375.000000	0.000000	0.000000
519.999026	__gene_E_rbs	371.000000	0.000000	0.000000
519.999026	__gene_F_rbs	263.000000	0.000000	0.000000
519.999026	__gene_G_rbs	192.000000	0.000000	0.000000
519.999026	__gene_H_rbs	132.000000	0.000000	0.000000
519.999026	__gene_J_rbs	364.000000	0.000000	0.000000
519.999026	__gene_K_rbs	360.000000	0.000000	0.000000
519.999026	__ribosome	0.000000	0.000000	0.000000
519.999026	bound_ecolipol	1876.000000	0.000000	0.000000
519.999026	bound_ribosome	100.000000	0.000000	0.000000
519.999026	ecoli_genome	124.000000	0.000000	0.000000
519.999026	ecoli_transcript	38800.000000	0.000000	0.000000
519.999026	ecolipol	38.000000	0.000000	0.000000
519.999026	gene_A	187.000000	379.000000	0.018470
519.999026	gene_A*	132.000000	368.000000	0.010870
519.999026	gene_B	137.000000	371.000000	0.005391
519.999026	gene_C	135.000000	360.000000	0.000000
519.999026	gene_D	189.000000	375.000000	0.000000
519.999026	gene_E	143.000000	371.000000	0.000000
519.999026	gene_F	72.000000	263.000000	0.003802
519.999026	gene_G	29.000000	192.000000	0.046875
519.999026	gene_H	0.000000	132.000000	0.227273
519.999026	gene_J	90.000000	363.000000	0.123967
519.999026	gene_K	107.000000	362.000000	0.005525
519.999026	promoter_A	0.000000	0.000000	0.000000
519.999026	promoter_B1	0.000000	0.000000	0.000000
519.999026	promoter_D	0.000000	0.000000	0.000000
524.999096	__gene_A*_rbs	372.000000	0.000000	0.000000
524.999096	__gene_A_rbs	383.000000	0.000000	0.000000
524.999096	__gene_B_rbs	375.000000	0.000000	0.000000
524.999096	__gene_C_rbs	363.000000	0.000000	0.000000
524.999096	__gene_D_rbs	378.000000	0.000000	0.000000
524.999096	__gene_E_rbs	374.000000	0.000000	0.000000
524.999096	__gene_F_rbs	266.000000	0.000000	0.000000
524.999096	__gene_G_rbs	194.000000	0.000000	0.000000
524.999096	__gene_H_rbs	132.000000	0.000000	0.000000
524.999096	__gene_J_rbs	368.000000	0.000000	0.000000
524.999096	__gene_K_rbs	365.000000	0.000000	0.000000
524.999096	__ribosome	0.000000	0.000000	0.000000
524.999096	bound_ecolipol	1869.000000	0.000000	0.000000
524.999096	bound_ribosome	100.000000	0.000000	0.000000
524.999096	ecoli_genome	131.000000	0.000000	0.000000
524.999096	ecoli_transcript	39155.000000	0.000000	0.000000
524.999096	ecolipol	45.000000	0.000000	0.000000
524.999096	gene_A	189.000000	383.000000	0.018277
524.999096	gene_A*	133.000000	372.000000	0.008065
524.999096	gene_B	137.000000	375.000000	0.008000
524.999096	gene_C	135.000000	364.000000	0.000000
524.999096	gene_D	189.000000	378.000000	0.000000
524.999096	gene_E	143.000000	374.000000	0.000000
524.999096	gene_F	72.000000	266.000000	0.007519
524.999096	gene_G	30.000000	194.000000	0.046392
524.999096	gene_H	0.000000	132.000000	0.234848
524.999096	gene_J	91.000000	367.000000	0.119891
524.999096	gene_K	109.000000	366.000000	0.002732
524.999096	promoter_A	0.000000	0.000000	0.000000
524.999096	promoter_B1	0.000000	0.000000	0.000000
524.999096	promoter_D	0.000000	0.000000	0.000000
529.999209	__gene_A*_rbs	375.000000	0.000000	0.000000
529.999209	__gene_A_rbs	386.000000	0.000000	0.000000
529.999209	__gene_B_rbs	378.000000	0.000000	0.000000
529.999209	__gene_C_rbs	366.000000	0.000000	0.000000
529.999209	__gene_D_rbs	382.000000	0.000000	0.000000
529.999209	__gene_E_rbs	378.000000	0.000000	0.000000
529.999209	__gene_F_rbs	269.000000	0.000000	0.000000
529.999209	__gene_G_rbs	195.000000	0.000000	0.000000
529.999209	__gene_H_rbs	133.000000	0.000000	0.000000
529.999209	__gene_J_rbs	371.000000	0.000000	0.000000
529.999209	__gene_K_rbs	367.000000	0.000000	0.000000
529.999209	__ribosome	0.000000	0.000000	0.000000
529.999209	bound_ecolipol	1867.000000	0.000000	0.000000
529.999209	bound_ribosome	100.000000	0.000000	0.000000
529.999209	ecoli_genome	133.000000	0.000000	0.000000
529.999209	ecoli_transcript	39552.000000	0.000000	0.000000
529.999209	ecolipol	47.000000	0.000000	0.000000
529.999209	gene_A	191.000000	387.000000	0.015504
529.999209	gene_A*	133.000000	375.000000	0.010667
529.999209	gene_B	138.000000	378.000000	0.007937
529.999209	gene_C	135.000000	367.000000	0.002725
529.999209	gene_D	189.000000	382.000000	0.000000
529.999209	gene_E	143.000000	378.000000	0.002646
529.999209	gene_F	73.000000	269.000000	0.003717
529.999209	gene_G	30.000000	195.000000	0.046154
529.999209	gene_H	0.000000	133.000000	0.233083
529.999209	gene_J	91.000000	370.000000	0.118919
529.999209	gene_K	110.000000	369.000000	0.000000
529.999209	promoter_A	0.000000	0.000000	0.000000
529.999209	promoter_B1	0.000000	0.000000	0.000000
529.999209	promoter_D	0.000000	0.000000	0.000000
534.999048	__gene_A*_rbs	378.000000	0.000000	0.000000
534.999048	__gene_A_rbs	390.000000	0.000000	0.000000
534.999048	__gene_B_rbs	381.000000	0.000000	0.000000
534.999048	__gene_C_rbs	371.000000	0.000000	0.000000
534.999048	__gene_D_rbs	386.000000	0.000000	0.000000
534.999048	__gene_E_rbs	382.000000	0.000000	0.000000
534.999048	__gene_F_rbs	271.000000	0.000000	0.000000
534.999048	__gene_G_rbs	197.000000	0.000000	0.000000
534.999048	__gene_H_rbs	133.000000	0.000000	0.000000
534.999048	__gene_J_rbs	375.000000	0.000000	0.000000
534.999048	__gene_K_rbs	373.000000	0.000000	0.000000
534.999048	__ribosome	0.000000	0.000000	0.000000
534.999048	bound_ecolipol	1875.000000	0.000000	0.000000
534.999048	bound_ribosome	100.000000	0.000000	0.000000
534.999048	ecoli_genome	125.000000	0.000000	0.000000
534.999048	ecoli_transcript	39936.000000	0.000000	0.000000
534.999048	ecolipol	37.000000	0.000000	0.000000
534.999048	gene_A	192.000000	390.000000	0.015385
534.999048	gene_A*	133.000000	378.000000	0.010582
534.999048	gene_B	140.000000	381.000000	0.002625
534.999048	gene_C	135.000000	371.000000	0.002695
534.999048	gene_D	189.000000	386.000000	0.002591
534.999048	gene_E	143.000000	382.000000	0.005236
534.999048	gene_F	73.000000	271.000000	0.003690
534.999048	gene_G	31.000000	197.000000	0.045685
534.999048	gene_H	0.000000	133.000000	0.233083
534.999048	gene_J	91.000000	374.000000	0.117647
534.999048	gene_K	110.000000	374.000000	0.000000
534.999048	promoter_A	0.000000	0.000000	0.000000
534.999048	promoter_B1	0.000000	0.000000	0.000000
534.999048	promoter_D	0.000000	0.000000	0.000000
539.999063	__gene_A*_rbs	381.000000	0.000000	0.000000
539.999063	__gene_A_rbs	394.000000	0.000000	0.000000
539.999063	__gene_B_rbs	385.000000	0.000000	0.000000
539.999063	__gene_C_rbs	375.000000	0.000000	0.000000
539.999063	__gene_D_rbs	390.000000	0.000000	0.000000
539.999063	__gene_E_rbs	386.000000	0.000000	0.000000
539.999063	__gene_F_rbs	273.000000	0.000000	0.000000
539.999063	__gene_G_rbs	199.000000	0.000000	0.000000
539.999063	__gene_H_rbs	134.000000	0.000000	0.000000
539.999063	__gene_J_rbs	378.000000	0.000000	0.000000
539.999063	__gene_K_rbs	378.000000	0.000000	0.000000
539.999063	__ribosome	0.000000	0.000000	0.000000
539.999063	bound_ecolipol	1870.000000	0.000000	0.000000
539.999063	bound_ribosome	100.000000	0.000000	0.000000
539.999063	ecoli_genome	130.000000	0.000000	0.000000
539.999063	ecoli_transcript	40306.000000	0.000000	0.000000
539.999063	ecolipol	41.000000	0.000000	0.000000
539.999063	gene_A	193.000000	394.000000	0.015228
539.999063	gene_A*	134.000000	382.000000	0.007853
539.999063	gene_B	141.000000	385.000000	0.000000
539.999063	gene_C	136.000000	375.000000	0.000000
539.999063	gene_D	189.000000	390.000000	0.010256
539.999063	gene_E	144.000000	386.000000	0.002591
539.999063	gene_F	73.000000	273.000000	0.003663
539.999063	gene_G	31.000000	199.000000	0.045226
539.999063	gene_H	0.000000	134.000000	0.231343
539.999063	gene_J	91.000000	377.000000	0.119363
539.999063	gene_K	110.000000	378.000000	0.000000
539.999063	promoter_A	0.000000	0.000000	0.000000
539.999063	promoter_B1	0.000000	0.000000	0.000000
539.999063	promoter_D	0.000000	0.000000	0.000000
544.999028	__gene_A*_rbs	385.000000	0.000000	0.000000
544.999028	__gene_A_rbs	397.000000	0.000000	0.000000
544.999028	__gene_B_rbs	389.000000	0.000000	0.000000
544.999028	__gene_C_rbs	379.000000	0.000000	0.000000
544.999028	__gene_D_rbs	394.000000	0.000000	0.000000
544.999028	__gene_E_rbs	388.000000	0.000000	0.000000
544.999028	__gene_F_rbs	276.000000	0.000000	0.000000
544.999028	__gene_G_rbs	201.000000	0.000000	0.000000
544.999028	__gene_H_rbs	134.000000	0.000000	0.000000
544.999028	__gene_J_rbs	382.000000	0.000000	0.000000
544.999028	__gene_K_rbs	380.000000	0.000000	0.000000
544.999028	__ribosome	0.000000	0.000000	0.000000
544.999028	bound_ecolipol	1878.000000	0.000000	0.000000
544.999028	bound_ribosome	100.000000	0.000000	0.000000
544.999028	ecoli_genome	122.000000	0.000000	0.000000
544.999028	ecoli_transcript	40656.000000	0.000000	0.000000
544.999028	ecolipol	33.000000	0.000000	0.000000
544.999028	gene_A	194.000000	397.000000	0.012594
544.999028	gene_A*	134.000000	385.000000	0.010390
544.999028	gene_B	141.000000	389.000000	0.000000
544.999028	gene_C	136.000000	379.000000	0.000000
544.999028	gene_D	189.000000	394.000000	0.010152
544.999028	gene_E	145.000000	389.000000	0.002571
544.999028	gene_F	73.000000	276.000000	0.003623
544.999028	gene_G	32.000000	201.000000	0.039801
544.999028	gene_H	0.000000	134.000000	0.231343
544.999028	gene_J	91.000000	381.000000	0.120735
544.999028	gene_K	110.000000	381.000000	0.000000
544.999028	promoter_A	0.000000	0.000000	0.000000
544.999028	promoter_B1	0.000000	0.000000	0.000000
544.999028	promoter_D	0.000000	0.000000	0.000000
549.999114	__gene_A*_rbs	389.000000	0.000000	0.000000
549.999114	__gene_A_rbs	401.000000	0.000000	0.000000
549.999114	__gene_B_rbs	393.000000	0.000000	0.000000
549.999114	__gene_C_rbs	383.000000	0.000000	0.000000
549.999114	__gene_D_rbs	398.000000	0.000000	0.000000
549.999114	__gene_E_rbs	393.000000	0.000000	0.000000
549.999114	__gene_F_rbs	280.000000	0.000000	0.000000
549.999114	__gene_G_rbs	204.000000	0.000000	0.000000
549.999114	__gene_H_rbs	136.000000	0.000000	0.000000
549.999114	__gene_J_rbs	386.000000	0.000000	0.000000
549.999114	__gene_K_rbs	385.000000	0.000000	0.000000
549.999114	__ribosome	0.000000	0.000000	0.000000
549.999114	bound_ecolipol	1876.000000	0.000000	0.000000
549.999114	bound_ribosome	100.000000	0.000000	0.000000
549.999114	ecoli_genome	124.000000	0.000000	0.000000
549.999114	ecoli_transcript	41049.000000	0.000000	0.000000
549.999114	ecolipol	33.000000	0.000000	0.000000
549.999114	gene_A	194.000000	401.000000	0.012469
549.999114	gene_A*	135.000000	389.000000	0.007712
549.999114	gene_B	141.000000	393.000000	0.002545
549.999114	gene_C	136.000000	383.000000	0.000000
549.999114	gene_D	190.000000	398.000000	0.010050
549.999114	gene_E	145.000000	393.000000	0.002545
549.999114	gene_F	73.000000	280.000000	0.007143
549.999114	gene_G	32.000000	204.000000	0.039216
549.999114	gene_H	0.000000	136.000000	0.227941
549.999114	gene_J	92.000000	385.000000	0.116883
549.999114	gene_K	110.000000	385.000000	0.000000
549.999114	promoter_A	0.000000	0.000000	0.000000
549.999114	promoter_B1	0.000000	0.000000	0.000000
549.999114	promoter_D	0.000000	0.000000	0.000000
554.999148	__gene_A*_rbs	392.000000	0.000000	0.000000
554.999148	__gene_A_rbs	405.000000	0.000000	0.000000
554.999148	__gene_B_rbs	397.000000	0.000000	0.000000
554.999148	__gene_C_rbs	386.000000	0.000000	0.000000
554.999148	__gene_D_rbs	401.000000	0.000000	0.000000
554.999148	__gene_E_rbs	397.000000	0.000000	0.000000
554.999148	__gene_F_rbs	282.000000	0.000000	0.000000
554.999148	__gene_G_rbs	206.000000	0.000000	0.000000
554.999148	__gene_H_rbs	137.000000	0.000000	0.000000
554.999148	__gene_J_rbs	390.000000	0.000000	0.000000
554.999148	__gene_K_rbs	386.000000	0.000000	0.000000
554.999148	__ribosome	0.000000	0.000000	0.000000
554.999148	bound_ecolipol	1871.000000	0.000000	0.000000
554.999148	bound_ribosome	100.000000	0.000000	0.000000
554.999148	ecoli_genome	129.000000	0.000000	0.000000
554.999148	ecoli_transcript	41439.000000	0.000000	0.000000
554.999148	ecolipol	37.000000	0.000000	0.000000
554.999148	gene_A	194.000000	405.000000	0.014815
554.999148	gene_A*	136.000000	392.000000	0.005102
554.999148	gene_B	141.000000	397.000000	0.002519
554.999148	gene_C	136.000000	386.000000	0.000000
554.999148	gene_D	193.000000	401.000000	0.004988
554.999148	gene_E	146.000000	397.000000	0.000000
554.999148	gene_F	73.000000	282.000000	0.007092
554.999148	gene_G	32.000000	206.000000	0.038835
554.999148	gene_H	0.000000	137.000000	0.226277
554.999148	gene_J	92.000000	389.000000	0.120823
554.999148	gene_K	110.000000	387.000000	0.002584
554.999148	promoter_A	0.000000	0.000000	0.000000
554.999148	promoter_B1	0.000000	0.000000	0.000000
554.999148	promoter_D	0.000000	0.000000	0.000000
559.999005	__gene_A*_rbs	396.000000	0.000000	0.000000
559.999005	__gene_A_rbs	408.000000	0.000000	0.000000
559.999005	__gene_B_rbs	399.000000	0.000000	0.000000
559.999005	__gene_C_rbs	388.000000	0.000000	0.000000
559.999005	__gene_D_rbs	405.000000	0.000000	0.000000
559.999005	__gene_E_rbs	400.000000	0.000000	0.000000
559.999005	__gene_F_rbs	284.000000	0.000000	0.000000
559.999005	__gene_G_rbs	208.000000	0.000000	0.000000
559.999005	__gene_H_rbs	140.000000	0.000000	0.000000
559.999005	__gene_J_rbs	393.000000	0.000000	0.000000
559.999005	__gene_K_rbs	391.000000	0.000000	0.000000
559.999005	__ribosome	0.000000	0.000000	0.000000
559.999005	bound_ecolipol	1869.000000	0.000000	0.000000
559.999005	bound_ribosome	100.000000	0.000000	0.000000
559.999005	ecoli_genome	131.000000	0.000000	0.000000
559.999005	ecoli_transcript	41849.000000	0.000000	0.000000
559.999005	ecolipol	39.000000	0.000000	0.000000
559.999005	gene_A	194.000000	408.000000	0.014706
559.999005	gene_A*	137.000000	396.000000	0.005051
559.999005	gene_B	142.000000	400.000000	0.000000
559.999005	gene_C	136.000000	389.000000	0.000000
559.999005	gene_D	193.000000	405.000000	0.007407
559.999005	gene_E	146.000000	400.000000	0.000000
559.999005	gene_F	73.000000	284.000000	0.007042
559.999005	gene_G	32.000000	208.000000	0.038462
559.999005	gene_H	0.000000	140.000000	0.228571
559.999005	gene_J	94.000000	392.000000	0.117347
559.999005	gene_K	111.000000	391.000000	0.002558
559.999005	promoter_A	0.000000	0.000000	0.000000
559.999005	promoter_B1	0.000000	0.000000	0.000000
559.999005	promoter_D	0.000000	0.000000	0.000000
564.999347	__gene_A*_rbs	400.000000	0.000000	0.000000
564.999347	__gene_A_rbs	412.000000	0.000000	0.000000
564.999347	__gene_B_rbs	403.000000	0.000000	0.000000
564.999347	__gene_C_rbs	393.000000	0.000000	0.000000
564.999347	__gene_D_rbs	408.000000	0.000000	0.000000
564.999347	__gene_E_rbs	403.000000	0.000000	0.000000
564.999347	__gene_F_rbs	287.000000	0.000000	0.000000
564.999347	__gene_G_rbs	209.000000	0.000000	0.000000
564.999347	__gene_H_rbs	142.000000	0.000000	0.000000
564.999347	__gene_J_rbs	397.000000	0.000000	0.000000
564.999347	__gene_K_rbs	395.000000	0.000000	0.000000
564.999347	__ribosome	0.000000	0.000000	0.000000
564.999347	bound_ecolipol	1879.000000	0.000000	0.000000
564.999347	bound_ribosome	100.000000	0.000000	0.000000
564.999347	ecoli_genome	121.000000	0.000000	0.000000
564.999347	ecoli_transcript	42172.000000	0.000000	0.000000
564.999347	ecolipol	29.000000	0.000000	0.000000
564.999347	gene_A	194.000000	412.000000	0.014563
564.999347	gene_A*	137.000000	400.000000	0.010000
564.999347	gene_B	142.000000	403.000000	0.000000
564.999347	gene_C	136.000000	393.000000	0.002545
564.999347	gene_D	194.000000	408.000000	0.004902
564.999347	gene_E	146.000000	404.000000	0.000000
564.999347	gene_F	74.000000	287.000000	0.003484
564.999347	gene_G	32.000000	209.000000	0.038278
564.999347	gene_H	0.000000	142.000000	0.225352
564.999347	gene_J	94.000000	396.000000	0.116162
564.999347	gene_K	112.000000	395.000000	0.000000
564.999347	promoter_A	0.000000	0.000000	0.000000
564.999347	promoter_B1	0.000000	0.000000	0.000000
564.999347	promoter_D	0.000000	0.000000	0.000000
569.999104	__gene_A*_rbs	403.000000	0.000000	0.000000
569.999104	__gene_A_rbs	416.000000	0.000000	0.000000
569.999104	__gene_B_rbs	406.000000	0.000000	0.000000
569.999104	__gene_C_rbs	397.000000	0.000000	0.000000
569.999104	__gene_D_rbs	412.000000	0.000000	0.000000
569.999104	__gene_E_rbs	408.000000	0.000000	0.000000
569.999104	__gene_F_rbs	289.000000	0.000000	0.000000
569.999104	__gene_G_rbs	212.000000	0.000000	0.000000
569.999104	__gene_H_rbs	142.000000	0.000000	0.000000
569.999104	__gene_J_rbs	400.000000	0.000000	0.000000
569.999104	__gene_K_rbs	397.000000	0.000000	0.000000
569.999104	__ribosome	0.000000	0.000000	0.000000
569.999104	bound_ecolipol	1866.000000	0.000000	0.000000
569.999104	bound_ribosome	100.000000	0.000000	0.000000
569.999104	ecoli_genome	134.000000	0.000000	0.000000
569.999104	ecoli_transcript	42574.000000	0.000000	0.000000
569.999104	ecolipol	42.000000	0.000000	0.000000
569.999104	gene_A	194.000000	416.000000	0.014423
569.999104	gene_A*	137.000000	403.000000	0.009926
569.999104	gene_B	142.000000	406.000000	0.000000
569.999104	gene_C	136.000000	397.000000	0.002519
569.999104	gene_D	195.000000	412.000000	0.002427
569.999104	gene_E	146.000000	408.000000	0.000000
569.999104	gene_F	74.000000	289.000000	0.003460
569.999104	gene_G	32.000000	212.000000	0.037736
569.999104	gene_H	0.000000	143.000000	0.230769
569.999104	gene_J	94.000000	399.000000	0.115288
569.999104	gene_K	112.000000	399.000000	0.000000
569.999104	promoter_A	0.000000	0.000000	0.000000
569.999104	promoter_B1	0.000000	0.000000	0.000000
569.999104	promoter_D	0.000000	0.000000	0.000000
574.999675	__gene_A*_rbs	407.000000	0.000000	0.000000
574.999675	__gene_A_rbs	419.000000	0.000000	0.000000
574.999675	__gene_B_rbs	410.000000	0.000000	0.000000
574.999675	__gene_C_rbs	401.000000	0.000000	0.000000
574.999675	__gene_D_rbs	415.000000	0.000000	0.000000
574.999675	__gene_E_rbs	411.000000	0.000000	0.000000
574.999675	__gene_F_rbs	290.000000	0.000000	0.000000
574.999675	__gene_G_rbs	215.000000	0.000000	0.000000
574.999675	__gene_H_rbs	142.000000	0.000000	0.000000
574.999675	__gene_J_rbs	404.000000	0.000000	0.000000
574.999675	__gene_K_rbs	402.000000	0.000000	0.000000
574.999675	__ribosome	1.000000	0.000000	0.000000
574.999675	bound_ecolipol	1872.000000	0.000000	0.000000
574.999675	bound_ribosome	100.000000	0.000000	0.000000
574.999675	ecoli_genome	128.000000	0.000000	0.000000
574.999675	ecoli_transcript	42965.000000	0.000000	0.000000
574.999675	ecolipol	36.000000	0.000000	0.000000
574.999675	gene_A	196.000000	420.000000	0.011905
574.999675	gene_A*	138.000000	407.000000	0.007371
574.999675	gene_B	142.000000	411.000000	0.000000
574.999675	gene_C	137.000000	401.000000	0.000000
574.999675	gene_D	196.000000	415.000000	0.002410
574.999675	gene_E	146.000000	411.000000	0.000000
574.999675	gene_F	74.000000	290.000000	0.003448
574.999675	gene_G	32.000000	215.000000	0.037209
574.999675	gene_H	0.000000	143.000000	0.237762
574.999675	gene_J	94.000000	403.000000	0.116625
574.999675	gene_K	112.000000	402.000000	0.000000
574.999675	promoter_A	0.000000	0.000000	0.000000
574.999675	promoter_B1	0.000000	0.000000	0.000000
574.999675	promoter_D	0.000000	0.000000	0.000000
579.999000	__gene_A*_rbs	411.000000	0.000000	0.000000
579.999000	__gene_A_rbs	424.000000	0.000000	0.000000
579.999000	__gene_B_rbs	414.000000	0.000000	0.000000
579.999000	__gene_C_rbs	404.000000	0.000000	0.000000
579.999000	__gene_D_rbs	419.000000	0.000000	0.000000
579.999000	__gene_E_rbs	415.000000	0.000000	0.000000
579.999000	__gene_F_rbs	293.000000	0.000000	0.000000
579.999000	__gene_G_rbs	216.000000	0.000000	0.000000
579.999000	__gene_H_rbs	144.000000	0.000000	0.000000
579.999000	__gene_J_rbs	407.000000	0.000000	0.000000
579.999000	__gene_K_rbs	406.000000	0.000000	0.000000
579.999000	__ribosome	0.000000	0.000000	0.000000
579.999000	bound_ecolipol	1861.000000	0.000000	0.000000
579.999000	bound_ribosome	100.000000	0.000000	0.000000
579.999000	ecoli_genome	139.000000	0.000000	0.000000
579.999000	ecoli_transcript	43373.000000	0.000000	0.000000
579.999000	ecolipol	47.000000	0.000000	0.000000
579.999000	gene_A	196.000000	424.000000	0.011792
579.999000	gene_A*	138.000000	411.000000	0.007299
579.999000	gene_B	142.000000	414.000000	0.002415
579.999000	gene_C	137.000000	404.000000	0.002475
579.999000	gene_D	196.000000	419.000000	0.002387
579.999000	gene_E	146.000000	415.000000	0.000000
579.999000	gene_F	74.000000	293.000000	0.003413
579.999000	gene_G	32.000000	216.000000	0.037037
579.999000	gene_H	0.000000	144.000000	0.236111
579.999000	gene_J	95.000000	406.000000	0.113300
579.999000	gene_K	112.000000	406.000000	0.000000
579.999000	promoter_A	0.000000	0.000000	0.000000
579.999000	promoter_B1	0.000000	0.000000	0.000000
579.999000	promoter_D	0.000000	0.000000	0.000000
584.999012	__gene_A*_rbs	415.000000	0.000000	0.000000
584.999012	__gene_A_rbs	427.000000	0.000000	0.000000
584.999012	__gene_B_rbs	418.000000	0.000000	0.000000
584.999012	__gene_C_rbs	407.000000	0.000000	0.000000
584.999012	__gene_D_rbs	423.000000	0.000000	0.000000
584.999012	__gene_E_rbs	418.000000	0.000000	0.000000
584.999012	__gene_F_rbs	296.000000	0.000000	0.000000
584.999012	__gene_G_rbs	218.000000	0.000000	0.000000
584.999012	__gene_H_rbs	145.000000	0.000000	0.000000
584.999012	__gene_J_rbs	411.000000	0.000000	0.000000
584.999012	__gene_K_rbs	409.000000	0.000000	0.000000
584.999012	__ribosome	0.000000	0.000000	0.000000
584.999012	bound_ecolipol	1867.000000	0.000000	0.000000
584.999012	bound_ribosome	100.000000	0.000000	0.000000
584.999012	ecoli_genome	133.000000	0.000000	0.000000
584.999012	ecoli_transcript	43756.000000	0.000000	0.000000
584.999012	ecolipol	43.000000	0.000000	0.000000
584.999012	gene_A	198.000000	427.000000	0.007026
584.999012	gene_A*	138.000000	415.000000	0.007229
584.999012	gene_B	142.000000	418.000000	0.002392
584.999012	gene_C	137.000000	407.000000	0.007371
584.999012	gene_D	196.000000	423.000000	0.002364
584.999012	gene_E	146.000000	418.000000	0.000000
584.999012	gene_F	74.000000	296.000000	0.003378
584.999012	gene_G	32.000000	218.000000	0.036697
584.999012	gene_H	0.000000	145.000000	0.234483
584.999012	gene_J	95.000000	410.000000	0.112195
584.999012	gene_K	112.000000	409.000000	0.000000
584.999012	promoter_A	0.000000	0.000000	0.000000
584.999012	promoter_B1	0.000000	0.000000	0.000000
584.999012	promoter_D	0.000000	0.000000	0.000000
589.999006	__gene_A*_rbs	418.000000	0.000000	0.000000
589.999006	__gene_A_rbs	431.000000	0.000000	0.000000
589.999006	__gene_B_rbs	422.000000	0.000000	0.000000
589.999006	__gene_C_rbs	411.000000	0.000000	0.000000
589.999006	__gene_D_rbs	426.000000	0.000000	0.000000
589.999006	__gene_E_rbs	422.000000	0.000000	0.000000
589.999006	__gene_F_rbs	300.000000	0.000000	0.000000
589.999006	__gene_G_rbs	220.000000	0.000000	0.000000
589.999006	__gene_H_rbs	146.000000	0.000000	0.000000
589.999006	__gene_J_rbs	415.000000	0.000000	0.000000
589.999006	__gene_K_rbs	413.000000	0.000000	0.000000
589.999006	__ribosome	0.000000	0.000000	0.000000
589.999006	bound_ecolipol	1877.000000	0.000000	0.000000
589.999006	bound_ribosome	100.000000	0.000000	0.000000
589.999006	ecoli_genome	123.000000	0.000000	0.000000
589.999006	ecoli_transcript	44118.000000	0.000000	0.000000
589.999006	ecolipol	33.000000	0.000000	0.000000
589.999006	gene_A	198.000000	431.000000	0.006961
589.999006	gene_A*	138.000000	418.000000	0.007177
589.999006	gene_B	143.000000	422.000000	0.000000
589.999006	gene_C	138.000000	411.000000	0.004866
589.999006	gene_D	197.000000	426.000000	0.000000
589.999006	gene_E	146.000000	422.000000	0.002370
589.999006	gene_F	74.000000	300.000000	0.006667
589.999006	gene_G	32.000000	220.000000	0.036364
589.999006	gene_H	0.000000	146.000000	0.232877
589.999006	gene_J	95.000000	414.000000	0.113527
589.999006	gene_K	112.000000	413.000000	0.000000
589.999006	promoter_A	0.000000	0.000000	0.000000
589.999006	promoter_B1	0.000000	0.000000	0.000000
589.999006	promoter_D	0.000000	0.000000	0.000000
594.999174	__gene_A*_rbs	422.000000	0.000000	0.000000
594.999174	__gene_A_rbs	435.000000	0.000000	0.000000
594.999174	__gene_B_rbs	426.000000	0.000000	0.000000
594.999174	__gene_C_rbs	414.000000	0.000000	0.000000
594.999174	__gene_D_rbs	430.000000	0.000000	0.000000
594.999174	__gene_E_rbs	426.000000	0.000000	0.000000
594.999174	__gene_F_rbs	303.000000	0.000000	0.000000
594.999174	__gene_G_rbs	222.000000	0.000000	0.000000
594.999174	__gene_H_rbs	147.000000	0.000000	0.000000
594.999174	__gene_J_rbs	419.000000	0.000000	0.000000
594.999174	__gene_K_rbs	416.000000	0.000000	0.000000
594.999174	__ribosome	0.000000	0.000000	0.000000
594.999174	bound_ecolipol	1878.000000	0.000000	0.000000
594.999174	bound_ribosome	100.000000	0.000000	0.000000
594.999174	ecoli_genome	122.000000	0.000000	0.000000
594.999174	ecoli_transcript	44503.000000	0.000000	0.000000
594.999174	ecolipol	30.000000	0.000000	0.000000
594.999174	gene_A	199.000000	435.000000	0.006897
594.999174	gene_A*	139.000000	422.000000	0.004739
594.999174	gene_B	143.000000	426.000000	0.004695
594.999174	gene_C	140.000000	415.000000	0.004819
594.999174	gene_D	197.000000	430.000000	0.000000
594.999174	gene_E	146.000000	426.000000	0.002347
594.999174	gene_F	75.000000	303.000000	0.003300
594.999174	gene_G	32.000000	222.000000	0.036036
594.999174	gene_H	0.000000	147.000000	0.231293
594.999174	gene_J	96.000000	418.000000	0.110048
594.999174	gene_K	112.000000	417.000000	0.002398
594.999174	promoter_A	0.000000	0.000000	0.000000
594.999174	promoter_B1	0.000000	0.000000	0.000000
594.999174	promoter_D	0.000000	0.000000	0.000000
599.999413	__gene_A*_rbs	426.000000	0.000000	0.000000
599.999413	__gene_A_rbs	439.000000	0.000000	0.000000
599.999413	__gene_B_rbs	429.000000	0.000000	0.000000
599.999413	__gene_C_rbs	417.000000	0.000000	0.000000
599.999413	__gene_D_rbs	432.000000	0.000000	0.000000
599.999413	__gene_E_rbs	430.000000	0.000000	0.000000
599.999413	__gene_F_rbs	307.000000	0.000000	0.000000
599.999413	__gene_G_rbs	223.000000	0.000000	0.000000
599.999413	__gene_H_rbs	149.000000	0.000000	0.000000
599.999413	__gene_J_rbs	423.000000	0.000000	0.000000
599.999413	__gene_K_rbs	421.000000	0.000000	0.000000
599.999413	__ribosome	0.000000	0.000000	0.000000
599.999413	bound_ecolipol	1877.000000	0.000000	0.000000
599.999413	bound_ribosome	100.000000	0.000000	0.000000
599.999413	ecoli_genome	123.000000	0.000000	0.000000
599.999413	ecoli_transcript	44858.000000	0.000000	0.000000
599.999413	ecolipol	31.000000	0.000000	0.000000
599.999413	gene_A	199.000000	439.000000	0.009112
599.999413	gene_A*	141.000000	426.000000	0.000000
599.999413	gene_B	143.000000	429.000000	0.004662
599.999413	gene_C	141.000000	418.000000	0.007177
599.999413	gene_D	197.000000	433.000000	0.002309
599.999413	gene_E	147.000000	430.000000	0.000000
599.999413	gene_F	75.000000	307.000000	0.003257
599.999413	gene_G	32.000000	223.000000	0.035874
599.999413	gene_H	0.000000	149.000000	0.228188
599.999413	gene_J	96.000000	422.000000	0.111374
599.999413	gene_K	113.000000	421.000000	0.000000
599.999413	promoter_A	0.000000	0.000000	0.000000
599.999413	promoter_B1	0.000000	0.000000	0.000000
599.999413	promoter_D	0.000000	0.000000	0.000000
604.999010	__gene_A*_rbs	429.000000	0.000000	0.000000
604.999010	__gene_A_rbs	443.000000	0.000000	0.000000
604.999010	__gene_B_rbs	433.000000	0.000000	0.000000
604.999010	__gene_C_rbs	421.000000	0.000000	0.000000
604.999010	__gene_D_rbs	435.000000	0.000000	0.000000
604.999010	__gene_E_rbs	433.000000	0.000000	0.000000
604.999010	__gene_F_rbs	308.000000	0.000000	0.000000
604.999010	__gene_G_rbs	226.000000	0.000000	0.000000
604.999010	__gene_H_rbs	149.000000	0.000000	0.000000
604.999010	__gene_J_rbs	426.000000	0.000000	0.000000
604.999010	__gene_K_rbs	424.000000	0.000000	0.000000
604.999010	__ribosome	0.000000	0.000000	0.000000
604.999010	bound_ecolipol	1872.000000	0.000000	0.000000
604.999010	bound_ribosome	100.000000	0.000000	0.000000
604.999010	ecoli_genome	128.000000	0.000000	0.000000
604.999010	ecoli_transcript	45240.000000	0.000000	0.000000
604.999010	ecolipol	37.000000	0.000000	0.000000
604.999010	gene_A	199.000000	443.000000	0.009029
604.999010	gene_A*	141.000000	429.000000	0.002331
604.999010	gene_B	145.000000	433.000000	0.000000
604.999010	gene_C	142.000000	422.000000	0.004739
604.999010	gene_D	197.000000	437.000000	0.004577
604.999010	gene_E	147.000000	433.000000	0.002309
604.999010	gene_F	75.000000	308.000000	0.003247
604.999010	gene_G	32.000000	226.000000	0.035398
604.999010	gene_H	0.000000	149.000000	0.228188
604.999010	gene_J	96.000000	425.000000	0.110588
604.999010	gene_K	113.000000	424.000000	0.000000
604.999010	promoter_A	0.000000	0.000000	0.000000
604.999010	promoter_B1	0.000000	0.000000	0.000000
604.999010	promoter_D	0.000000	0.000000	0.000000
609.999126	__gene_A*_rbs	433.000000	0.000000	0.000000
609.999126	__gene_A_rbs	446.000000	0.000000	0.000000
609.999126	__gene_B_rbs	436.000000	0.000000	0.000000
609.999126	__gene_C_rbs	426.000000	0.000000	0.000000
609.999126	__gene_D_rbs	441.000000	0.000000	0.000000
609.999126	__gene_E_rbs	437.000000	0.000000	0.000000
609.999126	__gene_F_rbs	311.000000	0.000000	0.000000
609.999126	__gene_G_rbs	229.000000	0.000000	0.000000
609.999126	__gene_H_rbs	150.000000	0.000000	0.000000
609.999126	__gene_J_rbs	430.000000	0.000000	0.000000
609.999126	__gene_K_rbs	428.000000	0.000000	0.000000
609.999126	__ribosome	0.000000	0.000000	0.000000
609.999126	bound_ecolipol	1870.000000	0.000000	0.000000
609.999126	bound_ribosome	100.000000	0.000000	0.000000
609.999126	ecoli_genome	130.000000	0.000000	0.000000
609.999126	ecoli_transcript	45641.000000	0.000000	0.000000
609.999126	ecolipol	38.000000	0.000000	0.000000
609.999126	gene_A	200.000000	446.000000	0.008969
609.999126	gene_A*	141.000000	433.000000	0.002309
609.999126	gene_B	145.000000	436.000000	0.000000
609.999126	gene_C	144.000000	426.000000	0.000000
609.999126	gene_D	197.000000	441.000000	0.006803
609.999126	gene_E	147.000000	437.000000	0.002288
609.999126	gene_F	75.000000	311.000000	0.006431
609.999126	gene_G	32.000000	229.000000	0.034934
609.999126	gene_H	0.000000	150.000000	0.226667
609.999126	gene_J	96.000000	429.000000	0.109557
609.999126	gene_K	113.000000	428.000000	0.000000
609.999126	promoter_A	0.000000	0.000000	0.000000
609.999126	promoter_B1	0.000000	0.000000	0.000000
609.999126	promoter_D	0.000000	0.000000	0.000000
614.999115	__gene_A*_rbs	436.000000	0.000000	0.000000
614.999115	__gene_A_rbs	450.000000	0.000000	0.000000
614.999115	__gene_B_rbs	440.000000	0.000000	0.000000
614.999115	__gene_C_rbs	430.000000	0.000000	0.000000
614.999115	__gene_D_rbs	444.000000	0.000000	0.000000
614.999115	__gene_E_rbs	440.000000	0.000000	0.000000
614.999115	__gene_F_rbs	315.000000	0.000000	0.000000
614.999115	__gene_G_rbs	229.000000	0.000000	0.000000
614.999115	__gene_H_rbs	150.000000	0.000000	0.000000
614.999115	__gene_J_rbs	434.000000	0.000000	0.000000
614.999115	__gene_K_rbs	432.000000	0.000000	0.000000
614.999115	__ribosome	0.000000	0.000000	0.000000
614.999115	bound_ecolipol	1869.000000	0.000000	0.000000
614.999115	bound_ribosome	100.000000	0.000000	0.000000
614.999115	ecoli_genome	131.000000	0.000000	0.000000
614.999115	ecoli_transcript	46015.000000	0.000000	0.000000
614.999115	ecolipol	39.000000	0.000000	0.000000
614.999115	gene_A	200.000000	450.000000	0.008889
614.999115	gene_A*	141.000000	437.000000	0.002288
614.999115	gene_B	145.000000	440.000000	0.000000
614.999115	gene_C	144.000000	430.000000	0.000000
614.999115	gene_D	198.000000	444.000000	0.006757
614.999115	gene_E	148.000000	440.000000	0.000000
614.999115	gene_F	75.000000	315.000000	0.006349
614.999115	gene_G	32.000000	229.000000	0.034934
614.999115	gene_H	0.000000	150.000000	0.233333
614.999115	gene_J	96.000000	433.000000	0.108545
614.999115	gene_K	113.000000	432.000000	0.000000
614.999115	promoter_A	0.000000	0.000000	0.000000
614.999115	promoter_B1	0.000000	0.000000	0.000000
614.999115	promoter_D	0.000000	0.000000	0.000000
619.999108	__gene_A*_rbs	441.000000	0.000000	0.000000
619.999108	__gene_A_rbs	453.000000	0.000000	0.000000
619.999108	__gene_B_rbs	444.000000	0.000000	0.000000
619.999108	__gene_C_rbs	433.000000	0.000000	0.000000
619.999108	__gene_D_rbs	448.000000	0.000000	0.000000
619.999108	__gene_E_rbs	444.000000	0.000000	0.000000
619.999108	__gene_F_rbs	316.000000	0.000000	0.000000
619.999108	__gene_G_rbs	231.000000	0.000000	0.000000
619.999108	__gene_H_rbs	152.000000	0.000000	0.000000
619.999108	__gene_J_rbs	437.000000	0.000000	0.000000
619.999108	__gene_K_rbs	435.000000	0.000000	0.000000
619.999108	__ribosome	0.000000	0.000000	0.000000
619.999108	bound_ecolipol	1862.000000	0.000000	0.000000
619.999108	bound_ribosome	100.000000	0.000000	0.000000
619.999108	ecoli_genome	138.000000	0.000000	0.000000
619.999108	ecoli_transcript	46404.000000	0.000000	0.000000
619.999108	ecolipol	46.000000	0.000000	0.000000
619.999108	gene_A	200.000000	453.000000	0.008830
619.999108	gene_A*	141.000000	441.000000	0.002268
619.999108	gene_B	145.000000	444.000000	0.000000
619.999108	gene_C	144.000000	433.000000	0.000000
619.999108	gene_D	198.000000	448.000000	0.006696
619.999108	gene_E	148.000000	444.000000	0.000000
619.999108	gene_F	75.000000	316.000000	0.006329
619.999108	gene_G	32.000000	231.000000	0.034632
619.999108	gene_H	0.000000	152.000000	0.230263
619.999108	gene_J	96.000000	436.000000	0.107798
619.999108	gene_K	113.000000	435.000000	0.000000
619.999108	promoter_A	0.000000	0.000000	0.000000
619.999108	promoter_B1	0.000000	0.000000	0.000000
619.999108	promoter_D	0.000000	0.000000	0.000000
624.999124	__gene_A*_rbs	444.000000	0.000000	0.000000
624.999124	__gene_A_rbs	457.000000	0.000000	0.000000
624.999124	__gene_B_rbs	447.000000	0.000000	0.000000
624.999124	__gene_C_rbs	437.000000	0.000000	0.000000
624.999124	__gene_D_rbs	452.000000	0.000000	0.000000
624.999124	__gene_E_rbs	447.000000	0.000000	0.000000
624.999124	__gene_F_rbs	319.000000	0.000000	0.000000
624.999124	__gene_G_rbs	233.000000	0.000000	0.000000
624.999124	__gene_H_rbs	155.000000	0.000000	0.000000
624.999124	__gene_J_rbs	440.000000	0.000000	0.000000
624.999124	__gene_K_rbs	439.000000	0.000000	0.000000
624.999124	__ribosome	0.000000	0.000000	0.000000
624.999124	bound_ecolipol	1872.000000	0.000000	0.000000
624.999124	bound_ribosome	100.000000	0.000000	0.000000
624.999124	ecoli_genome	128.000000	0.000000	0.000000
624.999124	ecoli_transcript	46782.000000	0.000000	0.000000
624.999124	ecolipol	34.000000	0.000000	0.000000
624.999124	gene_A	201.000000	457.000000	0.006565
624.999124	gene_A*	141.000000	444.000000	0.004505
624.999124	gene_B	145.000000	448.000000	0.002232
624.999124	gene_C	144.000000	437.000000	0.000000
624.999124	gene_D	200.000000	452.000000	0.002212
624.999124	gene_E	148.000000	447.000000	0.002237
624.999124	gene_F	75.000000	319.000000	0.006270
624.999124	gene_G	32.000000	233.000000	0.034335
624.999124	gene_H	0.000000	155.000000	0.225806
624.999124	gene_J	96.000000	439.000000	0.107062
624.999124	gene_K	113.000000	439.000000	0.000000
624.999124	promoter_A	0.000000	0.000000	0.000000
624.999124	promoter_B1	0.000000	0.000000	0.000000
624.999124	promoter_D	0.000000	0.000000	0.000000
629.999093	__gene_A*_rbs	447.000000	0.000000	0.000000
629.999093	__gene_A_rbs	460.000000	0.000000	0.000000
629.999093	__gene_B_rbs	451.000000	0.000000	0.000000
629.999093	__gene_C_rbs	441.000000	0.000000	0.000000
629.999093	__gene_D_rbs	455.000000	0.000000	0.000000
629.999093	__gene_E_rbs	451.000000	0.000000	0.000000
629.999093	__gene_F_rbs	321.000000	0.000000	0.000000
629.999093	__gene_G_rbs	235.000000	0.000000	0.000000
629.999093	__gene_H_rbs	156.000000	0.000000	0.000000
629.999093	__gene_J_rbs	443.000000	0.000000	0.000000
629.999093	__gene_K_rbs	443.000000	0.000000	0.000000
629.999093	__ribosome	0.000000	0.000000	0.000000
629.999093	bound_ecolipol	1869.000000	0.000000	0.000000
629.999093	bound_ribosome	100.000000	0.000000	0.000000
629.999093	ecoli_genome	131.000000	0.000000	0.000000
629.999093	ecoli_transcript	47186.000000	0.000000	0.000000
629.999093	ecolipol	37.000000	0.000000	0.000000
629.999093	gene_A	201.000000	460.000000	0.006522
629.999093	gene_A*	141.000000	447.000000	0.004474
629.999093	gene_B	145.000000	451.000000	0.002217
629.999093	gene_C	144.000000	441.000000	0.000000
629.999093	gene_D	201.000000	455.000000	0.002198
629.999093	gene_E	148.000000	451.000000	0.002217
629.999093	gene_F	76.000000	321.000000	0.006231
629.999093	gene_G	32.000000	235.000000	0.034043
629.999093	gene_H	0.000000	156.000000	0.224359
629.999093	gene_J	96.000000	443.000000	0.106095
629.999093	gene_K	113.000000	443.000000	0.000000
629.999093	promoter_A	0.000000	0.000000	0.000000
629.999093	promoter_B1	0.000000	0.000000	0.000000
629.999093	promoter_D	0.000000	0.000000	0.000000
634.999043	__gene_A*_rbs	451.000000	0.000000	0.000000
634.999043	__gene_A_rbs	464.000000	0.000000	0.000000
634.999043	__gene_B_rbs	455.000000	0.000000	0.000000
634.999043	__gene_C_rbs	444.000000	0.000000	0.000000
634.999043	__gene_D_rbs	459.000000	0.000000	0.000000
634.999043	__gene_E_rbs	454.000000	0.000000	0.000000
634.999043	__gene_F_rbs	324.000000	0.000000	0.000000
634.999043	__gene_G_rbs	238.000000	0.000000	0.000000
634.999043	__gene_H_rbs	157.000000	0.000000	0.000000
634.999043	__gene_J_rbs	448.000000	0.000000	0.000000
634.999043	__gene_K_rbs	447.000000	0.000000	0.000000
634.999043	__ribosome	0.000000	0.000000	0.000000
634.999043	bound_ecolipol	1865.000000	0.000000	0.000000
634.999043	bound_ribosome	100.000000	0.000000	0.000000
634.999043	ecoli_genome	135.000000	0.000000	0.000000
634.999043	ecoli_transcript	47555.000000	0.000000	0.000000
634.999043	ecolipol	42.000000	0.000000	0.000000
634.999043	gene_A	201.000000	464.000000	0.006466
634.999043	gene_A*	141.000000	451.000000	0.004435
634.999043	gene_B	145.000000	455.000000	0.002198
634.999043	gene_C	144.000000	444.000000	0.000000
634.999043	gene_D	201.000000	459.000000	0.002179
634.999043	gene_E	149.000000	455.000000	0.000000
634.999043	gene_F	76.000000	324.000000	0.006173
634.999043	gene_G	32.000000	238.000000	0.037815
634.999043	gene_H	0.000000	157.000000	0.222930
634.999043	gene_J	96.000000	447.000000	0.105145
634.999043	gene_K	113.000000	447.000000	0.000000
634.999043	promoter_A	0.000000	0.000000	0.000000
634.999043	promoter_B1	0.000000	0.000000	0.000000
634.999043	promoter_D	0.000000	0.000000	0.000000
639.999136	__gene_A*_rbs	454.000000	0.000000	0.000000
639.999136	__gene_A_rbs	467.000000	0.000000	0.000000
639.999136	__gene_B_rbs	459.000000	0.000000	0.000000
639.999136	__gene_C_rbs	448.000000	0.000000	0.000000
639.999136	__gene_D_rbs	463.000000	0.000000	0.000000
639.999136	__gene_E_rbs	459.000000	0.000000	0.000000
639.999136	__gene_F_rbs	325.000000	0.000000	0.000000
639.999136	__gene_G_rbs	242.000000	0.000000	0.000000
639.999136	__gene_H_rbs	159.000000	0.000000	0.000000
639.999136	__gene_J_rbs	452.000000	0.000000	0.000000
639.999136	__gene_K_rbs	450.000000	0.000000	0.000000
639.999136	__ribosome	0.000000	0.000000	0.000000
639.999136	bound_ecolipol	1875.000000	0.000000	0.000000
639.999136	bound_ribosome	100.000000	0.000000	0.000000
639.999136	ecoli_genome	125.000000	0.000000	0.000000
639.999136	ecoli_transcript	47909.000000	0.000000	0.000000
639.999136	ecolipol	31.000000	0.000000	0.000000
639.999136	gene_A	201.000000	467.000000	0.008565
639.999136	gene_A*	142.000000	454.000000	0.002203
639.999136	gene_B	146.000000	459.000000	0.000000
639.999136	gene_C	144.000000	448.000000	0.000000
639.999136	gene_D	201.000000	463.000000	0.002160
639.999136	gene_E	149.000000	459.000000	0.000000
639.999136	gene_F	76.000000	325.000000	0.006154
639.999136	gene_G	32.000000	242.000000	0.041322
639.999136	gene_H	0.000000	159.000000	0.220126
639.999136	gene_J	96.000000	451.000000	0.104213
639.999136	gene_K	113.000000	450.000000	0.000000
639.999136	promoter_A	0.000000	0.000000	0.000000
639.999136	promoter_B1	0.000000	0.000000	0.000000
639.999136	promoter_D	0.000000	0.000000	0.000000
644.999144	__gene_A*_rbs	458.000000	0.000000	0.000000
644.999144	__gene_A_rbs	471.000000	0.000000	0.000000
644.999144	__gene_B_rbs	462.000000	0.000000	0.000000
644.999144	__gene_C_rbs	452.000000	0.000000	0.000000
644.999144	__gene_D_rbs	467.000000	0.000000	0.000000
644.999144	__gene_E_rbs	462.000000	0.000000	0.000000
644.999144	__gene_F_rbs	327.000000	0.000000	0.000000
644.999144	__gene_G_rbs	244.000000	0.000000	0.000000
644.999144	__gene_H_rbs	159.000000	0.000000	0.000000
644.999144	__gene_J_rbs	456.000000	0.000000	0.000000
644.999144	__gene_K_rbs	454.000000	0.000000	0.000000
644.999144	__ribosome	0.000000	0.000000	0.000000
644.999144	bound_ecolipol	1864.000000	0.000000	0.000000
644.999144	bound_ribosome	100.000000	0.000000	0.000000
644.999144	ecoli_genome	136.000000	0.000000	0.000000
644.999144	ecoli_transcript	48287.000000	0.000000	0.000000
644.999144	ecolipol	43.000000	0.000000	0.000000
644.999144	gene_A	202.000000	471.000000	0.006369
644.999144	gene_A*	142.000000	458.000000	0.002183
644.999144	gene_B	146.000000	462.000000	0.000000
644.999144	gene_C	144.000000	452.000000	0.000000
644.999144	gene_D	202.000000	467.000000	0.002141
644.999144	gene_E	149.000000	462.000000	0.000000
644.999144	gene_F	76.000000	327.000000	0.006116
644.999144	gene_G	32.000000	245.000000	0.044898
644.999144	gene_H	0.000000	159.000000	0.220126
644.999144	gene_J	96.000000	455.000000	0.103297
644.999144	gene_K	113.000000	454.000000	0.000000
644.999144	promoter_A	0.000000	0.000000	0.000000
644.999144	promoter_B1	0.000000	0.000000	0.000000
644.999144	promoter_D	0.000000	0.000000	0.000000
649.999039	__gene_A*_rbs	462.000000	0.000000	0.000000
649.999039	__gene_A_rbs	475.000000	0.000000	0.000000
649.999039	__gene_B_rbs	466.000000	0.000000	0.000000
649.999039	__gene_C_rbs	454.000000	0.000000	0.000000
649.999039	__gene_D_rbs	470.000000	0.000000	0.000000
649.999039	__gene_E_rbs	466.000000	0.000000	0.000000
649.999039	__gene_F_rbs	328.000000	0.000000	0.000000
649.999039	__gene_G_rbs	246.000000	0.000000	0.000000
649.999039	__gene_H_rbs	161.000000	0.000000	0.000000
649.999039	__gene_J_rbs	459.000000	0.000000	0.000000
649.999039	__gene_K_rbs	457.000000	0.000000	0.000000
649.999039	__ribosome	0.000000	0.000000	0.000000
649.999039	bound_ecolipol	1864.000000	0.000000	0.000000
649.999039	bound_ribosome	100.000000	0.000000	0.000000
649.999039	ecoli_genome	136.000000	0.000000	0.000000
649.999039	ecoli_transcript	48661.000000	0.000000	0.000000
649.999039	ecolipol	45.000000	0.000000	0.000000
649.999039	gene_A	202.000000	475.000000	0.006316
649.999039	gene_A*	142.000000	462.000000	0.002165
649.999039	gene_B	146.000000	466.000000	0.000000
649.999039	gene_C	144.000000	455.000000	0.000000
649.999039	gene_D	202.000000	470.000000	0.002128
649.999039	gene_E	149.000000	466.000000	0.002146
649.999039	gene_F	76.000000	328.000000	0.006098
649.999039	gene_G	33.000000	246.000000	0.040650
649.999039	gene_H	0.000000	161.000000	0.217391
649.999039	gene_J	96.000000	458.000000	0.102620
649.999039	gene_K	113.000000	457.000000	0.000000
649.999039	promoter_A	0.000000	0.000000	0.000000
649.999039	promoter_B1	0.000000	0.000000	0.000000
649.999039	promoter_D	0.000000	0.000000	0.000000
654.999135	__gene_A*_rbs	466.000000	0.000000	0.000000
654.999135	__gene_A_rbs	478.000000	0.000000	0.000000
654.999135	__gene_B_rbs	470.000000	0.000000	0.000000
654.999135	__gene_C_rbs	458.000000	0.000000	0.000000
654.999135	__gene_D_rbs	474.000000	0.000000	0.000000
654.999135	__gene_E_rbs	469.000000	0.000000	0.000000
654.999135	__gene_F_rbs	330.000000	0.000000	0.000000
654.999135	__gene_G_rbs	249.000000	0.000000	0.000000
654.999135	__gene_H_rbs	163.000000	0.000000	0.000000
654.999135	__gene_J_rbs	463.000000	0.000000	0.000000
654.999135	__gene_K_rbs	461.000000	0.000000	0.000000
654.999135	__ribosome	0.000000	0.000000	0.000000
654.999135	bound_ecolipol	1869.000000	0.000000	0.000000
654.999135	bound_ribosome	100.000000	0.000000	0.000000
654.999135	ecoli_genome	131.000000	0.000000	0.000000
654.999135	ecoli_transcript	49057.000000	0.000000	0.000000
654.999135	ecolipol	45.000000	0.000000	0.000000
654.999135	gene_A	203.000000	478.000000	0.004184
654.999135	gene_A*	143.000000	466.000000	0.000000
654.999135	gene_B	146.000000	470.000000	0.000000
654.999135	gene_C	144.000000	459.000000	0.002179
654.999135	gene_D	202.000000	474.000000	0.002110
654.999135	gene_E	149.000000	469.000000	0.006397
654.999135	gene_F	77.000000	330.000000	0.003030
654.999135	gene_G	33.000000	249.000000	0.040161
654.999135	gene_H	0.000000	163.000000	0.214724
654.999135	gene_J	96.000000	462.000000	0.101732
654.999135	gene_K	113.000000	461.000000	0.000000
654.999135	promoter_A	0.000000	0.000000	0.000000
654.999135	promoter_B1	0.000000	0.000000	0.000000
654.999135	promoter_D	0.000000	0.000000	0.000000
659.999078	__gene_A*_rbs	470.000000	0.000000	0.000000
659.999078	__gene_A_rbs	482.000000	0.000000	0.000000
659.999078	__gene_B_rbs	472.000000	0.000000	0.000000
659.999078	__gene_C_rbs	462.000000	0.000000	0.000000
659.999078	__gene_D_rbs	478.000000	0.000000	0.000000
659.999078	__gene_E_rbs	473.000000	0.000000	0.000000
659.999078	__gene_F_rbs	332.000000	0.000000	0.000000
659.999078	__gene_G_rbs	250.000000	0.000000	0.000000
659.999078	__gene_H_rbs	166.000000	0.000000	0.000000
659.999078	__gene_J_rbs	466.000000	0.000000	0.000000
659.999078	__gene_K_rbs	463.000000	0.000000	0.000000
659.999078	__ribosome	0.000000	0.000000	0.000000
659.999078	bound_ecolipol	1881.000000	0.000000	0.000000
659.999078	bound_ribosome	100.000000	0.000000	0.000000
659.999078	ecoli_genome	119.000000	0.000000	0.000000
659.999078	ecoli_transcript	49439.000000	0.000000	0.000000
659.999078	ecolipol	34.000000	0.000000	0.000000
659.999078	gene_A	204.000000	482.000000	0.002075
659.999078	gene_A*	143.000000	470.000000	0.000000
659.999078	gene_B	146.000000	472.000000	0.002119
659.999078	gene_C	144.000000	462.000000	0.004329
659.999078	gene_D	203.000000	478.000000	0.002092
659.999078	gene_E	151.000000	473.000000	0.002114
659.999078	gene_F	77.000000	332.000000	0.003012
659.999078	gene_G	33.000000	250.000000	0.040000
659.999078	gene_H	0.000000	166.000000	0.210843
659.999078	gene_J	96.000000	465.000000	0.101075
659.999078	gene_K	113.000000	464.000000	0.002155
659.999078	promoter_A	0.000000	0.000000	0.000000
659.999078	promoter_B1	0.000000	0.000000	0.000000
659.999078	promoter_D	0.000000	0.000000	0.000000
664.999096	__gene_A*_rbs	473.000000	0.000000	0.000000
664.999096	__gene_A_rbs	485.000000	0.000000	0.000000
664.999096	__gene_B_rbs	475.000000	0.000000	0.000000
664.999096	__gene_C_rbs	465.000000	0.000000	0.000000
664.999096	__gene_D_rbs	480.000000	0.000000	0.000000
664.999096	__gene_E_rbs	477.000000	0.000000	0.000000
664.999096	__gene_F_rbs	333.000000	0.000000	0.000000
664.999096	__gene_G_rbs	252.000000	0.000000	0.000000
664.999096	__gene_H_rbs	166.000000	0.000000	0.000000
664.999096	__gene_J_rbs	470.000000	0.000000	0.000000
664.999096	__gene_K_rbs	468.000000	0.000000	0.000000
664.999096	__ribosome	0.000000	0.000000	0.000000
664.999096	bound_ecolipol	1876.000000	0.000000	0.000000
664.999096	bound_ribosome	100.000000	0.000000	0.000000
664.999096	ecoli_genome	124.000000	0.000000	0.000000
664.999096	ecoli_transcript	49849.000000	0.000000	0.000000
664.999096	ecolipol	40.000000	0.000000	0.000000
664.999096	gene_A	204.000000	485.000000	0.002062
664.999096	gene_A*	143.000000	473.000000	0.000000
664.999096	gene_B	146.000000	476.000000	0.004202
664.999096	gene_C	145.000000	466.000000	0.004292
664.999096	gene_D	203.000000	481.000000	0.002079
664.999096	gene_E	152.000000	477.000000	0.002096
664.999096	gene_F	77.000000	333.000000	0.003003
664.999096	gene_G	33.000000	252.000000	0.039683
664.999096	gene_H	0.000000	166.000000	0.210843
664.999096	gene_J	96.000000	469.000000	0.100213
664.999096	gene_K	114.000000	468.000000	0.000000
664.999096	promoter_A	0.000000	0.000000	0.000000
664.999096	promoter_B1	0.000000	0.000000	0.000000
664.999096	promoter_D	0.000000	0.000000	0.000000
669.999021	__gene_A*_rbs	476.000000	0.000000	0.000000
669.999021	__gene_A_rbs	489.000000	0.000000	0.000000
669.999021	__gene_B_rbs	480.000000	0.000000	0.000000
669.999021	__gene_C_rbs	470.000000	0.000000	0.000000
669.999021	__gene_D_rbs	485.000000	0.000000	0.000000
669.999021	__gene_E_rbs	481.000000	0.000000	0.000000
669.999021	__gene_F_rbs	335.000000	0.000000	0.000000
669.999021	__gene_G_rbs	254.000000	0.000000	0.000000
669.999021	__gene_H_rbs	168.000000	0.000000	0.000000
669.999021	__gene_J_rbs	474.000000	0.000000	0.000000
669.999021	__gene_K_rbs	472.000000	0.000000	0.000000
669.999021	__ribosome	0.000000	0.000000	0.000000
669.999021	bound_ecolipol	1868.000000	0.000000	0.000000
669.999021	bound_ribosome	100.000000	0.000000	0.000000
669.999021	ecoli_genome	132.000000	0.000000	0.000000
669.999021	ecoli_transcript	50211.000000	0.000000	0.000000
669.999021	ecolipol	48.000000	0.000000	0.000000
669.999021	gene_A	204.000000	489.000000	0.002045
669.999021	gene_A*	143.000000	476.000000	0.000000
669.999021	gene_B	146.000000	480.000000	0.004167
669.999021	gene_C	146.000000	470.000000	0.004255
669.999021	gene_D	203.000000	485.000000	0.002062
669.999021	gene_E	152.000000	481.000000	0.002079
669.999021	gene_F	77.000000	335.000000	0.002985
669.999021	gene_G	33.000000	254.000000	0.039370
669.999021	gene_H	0.000000	168.000000	0.208333
669.999021	gene_J	96.000000	473.000000	0.099366
669.999021	gene_K	114.000000	472.000000	0.000000
669.999021	promoter_A	0.000000	0.000000	0.000000
669.999021	promoter_B1	0.000000	0.000000	0.000000
669.999021	promoter_D	0.000000	0.000000	0.000000
674.999147	__gene_A*_rbs	480.000000	0.000000	0.000000
674.999147	__gene_A_rbs	492.000000	0.000000	0.000000
674.999147	__gene_B_rbs	483.000000	0.000000	0.000000
674.999147	__gene_C_rbs	474.000000	0.000000	0.000000
674.999147	__gene_D_rbs	489.000000	0.000000	0.000000
674.999147	__gene_E_rbs	485.000000	0.000000	0.000000
674.999147	__gene_F_rbs	338.000000	0.000000	0.000000
674.999147	__gene_G_rbs	255.000000	0.000000	0.000000
674.999147	__gene_H_rbs	169.000000	0.000000	0.000000
674.999147	__gene_J_rbs	478.000000	0.000000	0.000000
674.999147	__gene_K_rbs	475.000000	0.000000	0.000000
674.999147	__ribosome	0.000000	0.000000	0.000000
674.999147	bound_ecolipol	1868.000000	0.000000	0.000000
674.999147	bound_ribosome	100.000000	0.000000	0.000000
674.999147	ecoli_genome	132.000000	0.000000	0.000000
674.999147	ecoli_transcript	50571.000000	0.000000	0.000000
674.999147	ecolipol	46.000000	0.000000	0.000000
674.999147	gene_A	204.000000	492.000000	0.002033
674.999147	gene_A*	143.000000	480.000000	0.000000
674.999147	gene_B	147.000000	483.000000	0.002070
674.999147	gene_C	148.000000	474.000000	0.002110
674.999147	gene_D	203.000000	489.000000	0.002045
674.999147	gene_E	153.000000	485.000000	0.000000
674.999147	gene_F	78.000000	338.000000	0.002959
674.999147	gene_G	33.000000	255.000000	0.047059
674.999147	gene_H	0.000000	169.000000	0.207101
674.999147	gene_J	96.000000	477.000000	0.100629
674.999147	gene_K	114.000000	475.000000	0.000000
674.999147	promoter_A	0.000000	0.000000	0.000000
674.999147	promoter_B1	0.000000	0.000000	0.000000
674.999147	promoter_D	0.000000	0.000000	0.000000
679.999141	__gene_A*_rbs	483.000000	0.000000	0.000000
679.999141	__gene_A_rbs	496.000000	0.000000	0.000000
679.999141	__gene_B_rbs	487.000000	0.000000	0.000000
679.999141	__gene_C_rbs	477.000000	0.000000	0.000000
679.999141	__gene_D_rbs	493.000000	0.000000	0.000000
679.999141	__gene_E_rbs	488.000000	0.000000	0.000000
679.999141	__gene_F_rbs	340.000000	0.000000	0.000000
679.999141	__gene_G_rbs	256.000000	0.000000	0.000000
679.999141	__gene_H_rbs	171.000000	0.000000	0.000000
679.999141	__gene_J_rbs	481.000000	0.000000	0.000000
679.999141	__gene_K_rbs	479.000000	0.000000	0.000000
679.999141	__ribosome	0.000000	0.000000	0.000000
679.999141	bound_ecolipol	1875.000000	0.000000	0.000000
679.999141	bound_ribosome	100.000000	0.000000	0.000000
679.999141	ecoli_genome	125.000000	0.000000	0.000000
679.999141	ecoli_transcript	50948.000000	0.000000	0.000000
679.999141	ecolipol	41.000000	0.000000	0.000000
679.999141	gene_A	204.000000	496.000000	0.004032
679.999141	gene_A*	143.000000	483.000000	0.000000
679.999141	gene_B	148.000000	487.000000	0.000000
679.999141	gene_C	148.000000	477.000000	0.002096
679.999141	gene_D	204.000000	493.000000	0.002028
679.999141	gene_E	153.000000	488.000000	0.000000
679.999141	gene_F	78.000000	340.000000	0.002941
679.999141	gene_G	33.000000	256.000000	0.046875
679.999141	gene_H	0.000000	171.000000	0.204678
679.999141	gene_J	96.000000	480.000000	0.100000
679.999141	gene_K	114.000000	479.000000	0.000000
679.999141	promoter_A	0.000000	0.000000	0.000000
679.999141	promoter_B1	0.000000	0.000000	0.000000
679.999141	promoter_D	0.000000	0.000000	0.000000
684.999206	__gene_A*_rbs	487.000000	0.000000	0.000000
684.999206	__gene_A_rbs	500.000000	0.000000	0.000000
684.999206	__gene_B_rbs	491.000000	0.000000	0.000000
684.999206	__gene_C_rbs	481.000000	0.000000	0.000000
684.999206	__gene_D_rbs	496.000000	0.000000	0.000000
684.999206	__gene_E_rbs	492.000000	0.000000	0.000000
684.999206	__gene_F_rbs	343.000000	0.000000	0.000000
684.999206	__gene_G_rbs	258.000000	0.000000	0.000000
684.999206	__gene_H_rbs	172.000000	0.000000	0.000000
684.999206	__gene_J_rbs	485.000000	0.000000	0.000000
684.999206	__gene_K_rbs	482.000000	0.000000	0.000000
684.999206	__ribosome	0.000000	0.000000	0.000000
684.999206	bound_ecolipol	1869.000000	0.000000	0.000000
684.999206	bound_ribosome	100.000000	0.000000	0.000000
684.999206	ecoli_genome	131.000000	0.000000	0.000000
684.999206	ecoli_transcript	51315.000000	0.000000	0.000000
684.999206	ecolipol	46.000000	0.000000	0.000000
684.999206	gene_A	204.000000	500.000000	0.004000
684.999206	gene_A*	143.000000	487.000000	0.000000
684.999206	gene_B	148.000000	491.000000	0.000000
684.999206	gene_C	149.000000	481.000000	0.000000
684.999206	gene_D	204.000000	496.000000	0.002016
684.999206	gene_E	153.000000	492.000000	0.002033
684.999206	gene_F	78.000000	343.000000	0.002915
684.999206	gene_G	33.000000	258.000000	0.046512
684.999206	gene_H	0.000000	172.000000	0.203488
684.999206	gene_J	96.000000	484.000000	0.099174
684.999206	gene_K	114.000000	483.000000	0.000000
684.999206	promoter_A	0.000000	0.000000	0.000000
684.999206	promoter_B1	0.000000	0.000000	0.000000
684.999206	promoter_D	0.000000	0.000000	0.000000
689.999114	__gene_A*_rbs	491.000000	0.000000	0.000000
689.999114	__gene_A_rbs	503.000000	0.000000	0.000000
689.999114	__gene_B_rbs	495.000000	0.000000	0.000000
689.999114	__gene_C_rbs	483.000000	0.000000	0.000000
689.999114	__gene_D_rbs	499.000000	0.000000	0.000000
689.999114	__gene_E_rbs	496.000000	0.000000	0.000000
689.999114	__gene_F_rbs	347.000000	0.000000	0.000000
689.999114	__gene_G_rbs	258.000000	0.000000	0.000000
689.999114	__gene_H_rbs	173.000000	0.000000	0.000000
689.999114	__gene_J_rbs	489.000000	0.000000	0.000000
689.999114	__gene_K_rbs	485.000000	0.000000	0.000000
689.999114	__ribosome	0.000000	0.000000	0.000000
689.999114	bound_ecolipol	1885.000000	0.000000	0.000000
689.999114	bound_ribosome	100.000000	0.000000	0.000000
689.999114	ecoli_genome	115.000000	0.000000	0.000000
689.999114	ecoli_transcript	51711.000000	0.000000	0.000000
689.999114	ecolipol	31.000000	0.000000	0.000000
689.999114	gene_A	205.000000	503.000000	0.001988
689.999114	gene_A*	143.000000	491.000000	0.000000
689.999114	gene_B	148.000000	495.000000	0.002020
689.999114	gene_C	149.000000	484.000000	0.000000
689.999114	gene_D	204.000000	499.000000	0.002004
689.999114	gene_E	153.000000	496.000000	0.002016
689.999114	gene_F	78.000000	347.000000	0.002882
689.999114	gene_G	34.000000	258.000000	0.042636
689.999114	gene_H	0.000000	173.000000	0.202312
689.999114	gene_J	96.000000	488.000000	0.098361
689.999114	gene_K	114.000000	485.000000	0.002062
689.999114	promoter_A	0.000000	0.000000	0.000000
689.999114	promoter_B1	0.000000	0.000000	0.000000
689.999114	promoter_D	0.000000	0.000000	0.000000
694.999276	__gene_A*_rbs	495.000000	0.000000	0.000000
694.999276	__gene_A_rbs	507.000000	0.000000	0.000000
694.999276	__gene_B_rbs	498.000000	0.000000	0.000000
694.999276	__gene_C_rbs	487.000000	0.000000	0.000000
694.999276	__gene_D_rbs	503.000000	0.000000	0.000000
694.999276	__gene_E_rbs	499.000000	0.000000	0.000000
694.999276	__gene_F_rbs	349.000000	0.000000	0.000000
694.999276	__gene_G_rbs	259.000000	0.000000	0.000000
694.999276	__gene_H_rbs	173.000000	0.000000	0.000000
694.999276	__gene_J_rbs	492.000000	0.000000	0.000000
694.999276	__gene_K_rbs	489.000000	0.000000	0.000000
694.999276	__ribosome	0.000000	0.000000	0.000000
694.999276	bound_ecolipol	1880.000000	0.000000	0.000000
694.999276	bound_ribosome	100.000000	0.000000	0.000000
694.999276	ecoli_genome	120.000000	0.000000	0.000000
694.999276	ecoli_transcript	52100.000000	0.000000	0.000000
694.999276	ecolipol	36.000000	0.000000	0.000000
694.999276	gene_A	205.000000	507.000000	0.003945
694.999276	gene_A*	143.000000	495.000000	0.000000
694.999276	gene_B	148.000000	498.000000	0.002008
694.999276	gene_C	149.000000	487.000000	0.000000
694.999276	gene_D	205.000000	503.000000	0.000000
694.999276	gene_E	154.000000	499.000000	0.000000
694.999276	gene_F	78.000000	349.000000	0.002865
694.999276	gene_G	34.000000	259.000000	0.046332
694.999276	gene_H	0.000000	173.000000	0.202312
694.999276	gene_J	96.000000	491.000000	0.099796
694.999276	gene_K	115.000000	489.000000	0.000000
694.999276	promoter_A	0.000000	0.000000	0.000000
694.999276	promoter_B1	0.000000	0.000000	0.000000
694.999276	promoter_D	0.000000	0.000000	0.000000
699.999135	__gene_A*_rbs	498.000000	0.000000	0.000000
699.999135	__gene_A_rbs	511.000000	0.000000	0.000000
699.999135	__gene_B_rbs	501.000000	0.000000	0.000000
699.999135	__gene_C_rbs	491.000000	0.000000	0.000000
699.999135	__gene_D_rbs	506.000000	0.000000	0.000000
699.999135	__gene_E_rbs	502.000000	0.000000	0.000000
699.999135	__gene_F_rbs	353.000000	0.000000	0.000000
699.999135	__gene_G_rbs	260.000000	0.000000	0.000000
699.999135	__gene_H_rbs	174.000000	0.000000	0.000000
699.999135	__gene_J_rbs	497.000000	0.000000	0.000000
699.999135	__gene_K_rbs	493.000000	0.000000	0.000000
699.999135	__ribosome	0.000000	0.000000	0.000000
699.999135	bound_ecolipol	1878.000000	0.000000	0.000000
699.999135	bound_ribosome	100.000000	0.000000	0.000000
699.999135	ecoli_genome	122.000000	0.000000	0.000000
699.999135	ecoli_transcript	52436.000000	0.000000	0.000000
699.999135	ecolipol	38.000000	0.000000	0.000000
699.999135	gene_A	205.000000	511.000000	0.003914
699.999135	gene_A*	143.000000	498.000000	0.000000
699.999135	gene_B	148.000000	501.000000	0.001996
699.999135	gene_C	149.000000	491.000000	0.000000
699.999135	gene_D	205.000000	506.000000	0.000000
699.999135	gene_E	154.000000	502.000000	0.000000
699.999135	gene_F	78.000000	353.000000	0.002833
699.999135	gene_G	34.000000	260.000000	0.046154
699.999135	gene_H	0.000000	174.000000	0.201149
699.999135	gene_J	96.000000	496.000000	0.098790
699.999135	gene_K	115.000000	493.000000	0.000000
699.999135	promoter_A	0.000000	0.000000	0.000000
699.999135	promoter_B1	0.000000	0.000000	0.000000
699.999135	promoter_D	0.000000	0.000000	0.000000
704.999177	__gene_A*_rbs	502.000000	0.000000	0.000000
704.999177	__gene_A_rbs	514.000000	0.000000	0.000000
704.999177	__gene_B_rbs	505.000000	0.000000	0.000000
704.999177	__gene_C_rbs	494.000000	0.000000	0.000000
704.999177	__gene_D_rbs	510.000000	0.000000	0.000000
704.999177	__gene_E_rbs	506.000000	0.000000	0.000000
704.999177	__gene_F_rbs	355.000000	0.000000	0.000000
704.999177	__gene_G_rbs	260.000000	0.000000	0.000000
704.999177	__gene_H_rbs	174.000000	0.000000	0.000000
704.999177	__gene_J_rbs	500.000000	0.000000	0.000000
704.999177	__gene_K_rbs	497.000000	0.000000	0.000000
704.999177	__ribosome	0.000000	0.000000	0.000000
704.999177	bound_ecolipol	1880.000000	0.000000	0.000000
704.999177	bound_ribosome	100.000000	0.000000	0.000000
704.999177	ecoli_genome	120.000000	0.000000	0.000000
704.999177	ecoli_transcript	52805.000000	0.000000	0.000000
704.999177	ecolipol	36.000000	0.000000	0.000000
704.999177	gene_A	205.000000	514.000000	0.003891
704.999177	gene_A*	143.000000	502.000000	0.000000
704.999177	gene_B	149.000000	505.000000	0.000000
704.999177	gene_C	149.000000	494.000000	0.000000
704.999177	gene_D	205.000000	510.000000	0.000000
704.999177	gene_E	154.000000	506.000000	0.000000
704.999177	gene_F	78.000000	355.000000	0.002817
704.999177	gene_G	34.000000	260.000000	0.046154
704.999177	gene_H	0.000000	174.000000	0.201149
704.999177	gene_J	96.000000	499.000000	0.098196
704.999177	gene_K	115.000000	497.000000	0.002012
704.999177	promoter_A	0.000000	0.000000	0.000000
704.999177	promoter_B1	0.000000	0.000000	0.000000
704.999177	promoter_D	0.000000	0.000000	0.000000
709.999252	__gene_A*_rbs	506.000000	0.000000	0.000000
709.999252	__gene_A_rbs	518.000000	0.000000	0.000000
709.999252	__gene_B_rbs	509.000000	0.000000	0.000000
709.999252	__gene_C_rbs	499.000000	0.000000	0.000000
709.999252	__gene_D_rbs	513.000000	0.000000	0.000000
709.999252	__gene_E_rbs	509.000000	0.000000	0.000000
709.999252	__gene_F_rbs	356.000000	0.000000	0.000000
709.999252	__gene_G_rbs	261.000000	0.000000	0.000000
709.999252	__gene_H_rbs	175.000000	0.000000	0.000000
709.999252	__gene_J_rbs	504.000000	0.000000	0.000000
709.999252	__gene_K_rbs	501.000000	0.000000	0.000000
709.999252	__ribosome	0.000000	0.000000	0.000000
709.999252	bound_ecolipol	1882.000000	0.000000	0.000000
709.999252	bound_ribosome	100.000000	0.000000	0.000000
709.999252	ecoli_genome	118.000000	0.000000	0.000000
709.999252	ecoli_transcript	53166.000000	0.000000	0.000000
709.999252	ecolipol	36.000000	0.000000	0.000000
709.999252	gene_A	205.000000	518.000000	0.003861
709.999252	gene_A*	143.000000	506.000000	0.001976
709.999252	gene_B	149.000000	509.000000	0.000000
709.999252	gene_C	149.000000	499.000000	0.000000
709.999252	gene_D	205.000000	513.000000	0.000000
709.999252	gene_E	154.000000	509.000000	0.000000
709.999252	gene_F	78.000000	356.000000	0.002809
709.999252	gene_G	34.000000	261.000000	0.045977
709.999252	gene_H	0.000000	175.000000	0.200000
709.999252	gene_J	96.000000	503.000000	0.097416
709.999252	gene_K	116.000000	501.000000	0.000000
709.999252	promoter_A	0.000000	0.000000	0.000000
709.999252	promoter_B1	0.000000	0.000000	0.000000
709.999252	promoter_D	0.000000	0.000000	0.000000
714.999288	__gene_A*_rbs	509.000000	0.000000	0.000000
714.999288	__gene_A_rbs	522.000000	0.000000	0.000000
714.999288	__gene_B_rbs	511.000000	0.000000	0.000000
714.999288	__gene_C_rbs	502.000000	0.000000	0.000000
714.999288	__gene_D_rbs	517.000000	0.000000	0.000000
714.999288	__gene_E_rbs	513.000000	0.000000	0.000000
714.999288	__gene_F_rbs	358.000000	0.000000	0.000000
714.999288	__gene_G_rbs	263.000000	0.000000	0.000000
714.999288	__gene_H_rbs	176.000000	0.000000	0.000000
714.999288	__gene_J_rbs	507.000000	0.000000	0.000000
714.999288	__gene_K_rbs	504.000000	0.000000	0.000000
714.999288	__ribosome	0.000000	0.000000	0.000000
714.999288	bound_ecolipol	1884.000000	0.000000	0.000000
714.999288	bound_ribosome	100.000000	0.000000	0.000000
714.999288	ecoli_genome	116.000000	0.000000	0.000000
714.999288	ecoli_transcript	53557.000000	0.000000	0.000000
714.999288	ecolipol	35.000000	0.000000	0.000000
714.999288	gene_A	205.000000	522.000000	0.003831
714.999288	gene_A*	143.000000	509.000000	0.001965
714.999288	gene_B	149.000000	511.000000	0.000000
714.999288	gene_C	149.000000	502.000000	0.000000
714.999288	gene_D	205.000000	517.000000	0.000000
714.999288	gene_E	154.000000	513.000000	0.000000
714.999288	gene_F	78.000000	358.000000	0.002793
714.999288	gene_G	34.000000	263.000000	0.045627
714.999288	gene_H	0.000000	176.000000	0.198864
714.999288	gene_J	96.000000	506.000000	0.096838
714.999288	gene_K	116.000000	504.000000	0.000000
714.999288	promoter_A	0.000000	0.000000	0.000000
714.999288	promoter_B1	0.000000	0.000000	0.000000
714.999288	promoter_D	0.000000	0.000000	0.000000
719.999117	__gene_A*_rbs	513.000000	0.000000	0.000000
719.999117	__gene_A_rbs	525.000000	0.000000	0.000000
719.999117	__gene_B_rbs	516.000000	0.000000	0.000000
719.999117	__gene_C_rbs	506.000000	0.000000	0.000000
719.999117	__gene_D_rbs	521.000000	0.000000	0.000000
719.999117	__gene_E_rbs	517.000000	0.000000	0.000000
719.999117	__gene_F_rbs	360.000000	0.000000	0.000000
719.999117	__gene_G_rbs	264.000000	0.000000	0.000000
719.999117	__gene_H_rbs	176.000000	0.000000	0.000000
719.999117	__gene_J_rbs	510.000000	0.000000	0.000000
719.999117	__gene_K_rbs	508.000000	0.000000	0.000000
719.999117	__ribosome	0.000000	0.000000	0.000000
719.999117	bound_ecolipol	1881.000000	0.000000	0.000000
719.999117	bound_ribosome	100.000000	0.000000	0.000000
719.999117	ecoli_genome	119.000000	0.000000	0.000000
719.999117	ecoli_transcript	53918.000000	0.000000	0.000000
719.999117	ecolipol	35.000000	0.000000	0.000000
719.999117	gene_A	205.000000	525.000000	0.003810
719.999117	gene_A*	143.000000	513.000000	0.001949
719.999117	gene_B	149.000000	516.000000	0.000000
719.999117	gene_C	149.000000	506.000000	0.000000
719.999117	gene_D	205.000000	521.000000	0.000000
719.999117	gene_E	154.000000	517.000000	0.000000
719.999117	gene_F	79.000000	360.000000	0.000000
719.999117	gene_G	34.000000	264.000000	0.045455
719.999117	gene_H	0.000000	176.000000	0.198864
719.999117	gene_J	96.000000	509.000000	0.096267
719.999117	gene_K	116.000000	508.000000	0.001969
719.999117	promoter_A	0.000000	0.000000	0.000000
719.999117	promoter_B1	0.000000	0.000000	0.000000
719.999117	promoter_D	0.000000	0.000000	0.000000
724.999052	__gene_A*_rbs	517.000000	0.000000	0.000000
724.999052	__gene_A_rbs	529.000000	0.000000	0.000000
724.999052	__gene_B_rbs	519.000000	0.000000	0.000000
724.999052	__gene_C_rbs	510.000000	0.000000	0.000000
724.999052	__gene_D_rbs	525.000000	0.000000	0.000000
724.999052	__gene_E_rbs	520.000000	0.000000	0.000000
724.999052	__gene_F_rbs	363.000000	0.000000	0.000000
724.999052	__gene_G_rbs	266.000000	0.000000	0.000000
724.999052	__gene_H_rbs	177.000000	0.000000	0.000000
724.999052	__gene_J_rbs	514.000000	0.000000	0.000000
724.999052	__gene_K_rbs	511.000000	0.000000	0.000000
724.999052	__ribosome	0.000000	0.000000	0.000000
724.999052	bound_ecolipol	1877.000000	0.000000	0.000000
724.999052	bound_ribosome	100.000000	0.000000	0.000000
724.999052	ecoli_genome	123.000000	0.000000	0.000000
724.999052	ecoli_transcript	54284.000000	0.000000	0.000000
724.999052	ecolipol	40.000000	0.000000	0.000000
724.999052	gene_A	205.000000	529.000000	0.003781
724.999052	gene_A*	143.000000	517.000000	0.003868
724.999052	gene_B	149.000000	519.000000	0.000000
724.999052	gene_C	149.000000	510.000000	0.000000
724.999052	gene_D	205.000000	525.000000	0.000000
724.999052	gene_E	154.000000	520.000000	0.000000
724.999052	gene_F	79.000000	363.000000	0.000000
724.999052	gene_G	34.000000	266.000000	0.045113
724.999052	gene_H	0.000000	177.000000	0.197740
724.999052	gene_J	96.000000	513.000000	0.095517
724.999052	gene_K	117.000000	511.000000	0.000000
724.999052	promoter_A	0.000000	0.000000	0.000000
724.999052	promoter_B1	0.000000	0.000000	0.000000
724.999052	promoter_D	0.000000	0.000000	0.000000
729.999524	__gene_A*_rbs	520.000000	0.000000	0.000000
729.999524	__gene_A_rbs	533.000000	0.000000	0.000000
729.999524	__gene_B_rbs	523.000000	0.000000	0.000000
729.999524	__gene_C_rbs	512.000000	0.000000	0.000000
729.999524	__gene_D_rbs	528.000000	0.000000	0.000000
729.999524	__gene_E_rbs	524.000000	0.000000	0.000000
729.999524	__gene_F_rbs	364.000000	0.000000	0.000000
729.999524	__gene_G_rbs	267.000000	0.000000	0.000000
729.999524	__gene_H_rbs	178.000000	0.000000	0.000000
729.999524	__gene_J_rbs	517.000000	0.000000	0.000000
729.999524	__gene_K_rbs	514.000000	0.000000	0.000000
729.999524	__ribosome	0.000000	0.000000	0.000000
729.999524	bound_ecolipol	1875.000000	0.000000	0.000000
729.999524	bound_ribosome	100.000000	0.000000	0.000000
729.999524	ecoli_genome	125.000000	0.000000	0.000000
729.999524	ecoli_transcript	54664.000000	0.000000	0.000000
729.999524	ecolipol	41.000000	0.000000	0.000000
729.999524	gene_A	206.000000	533.000000	0.001876
729.999524	gene_A*	143.000000	520.000000	0.003846
729.999524	gene_B	149.000000	523.000000	0.000000
729.999524	gene_C	149.000000	512.000000	0.000000
729.999524	gene_D	205.000000	528.000000	0.000000
729.999524	gene_E	154.000000	524.000000	0.000000
729.999524	gene_F	79.000000	364.000000	0.000000
729.999524	gene_G	34.000000	267.000000	0.044944
729.999524	gene_H	0.000000	178.000000	0.196629
729.999524	gene_J	96.000000	517.000000	0.096712
729.999524	gene_K	117.000000	514.000000	0.000000
729.999524	promoter_A	0.000000	0.000000	0.000000
729.999524	promoter_B1	0.000000	0.000000	0.000000
729.999524	promoter_D	0.000000	0.000000	0.000000
734.999406	__gene_A*_rbs	523.000000	0.000000	0.000000
734.999406	__gene_A_rbs	536.000000	0.000000	0.000000
734.999406	__gene_B_rbs	527.000000	0.000000	0.000000
734.999406	__gene_C_rbs	516.000000	0.000000	0.000000
734.999406	__gene_D_rbs	532.000000	0.000000	0.000000
734.999406	__gene_E_rbs	528.000000	0.000000	0.000000
734.999406	__gene_F_rbs	366.000000	0.000000	0.000000
734.999406	__gene_G_rbs	269.000000	0.000000	0.000000
734.999406	__gene_H_rbs	179.000000	0.000000	0.000000
734.999406	__gene_J_rbs	522.000000	0.000000	0.000000
734.999406	__gene_K_rbs	518.000000	0.000000	0.000000
734.999406	__ribosome	0.000000	0.000000	0.000000
734.999406	bound_ecolipol	1875.000000	0.000000	0.000000
734.999406	bound_ribosome	100.000000	0.000000	0.000000
734.999406	ecoli_genome	125.000000	0.000000	0.000000
734.999406	ecoli_transcript	55036.000000	0.000000	0.000000
734.999406	ecolipol	41.000000	0.000000	0.000000
734.999406	gene_A	206.000000	536.000000	0.001866
734.999406	gene_A*	143.000000	523.000000	0.003824
734.999406	gene_B	149.000000	527.000000	0.000000
734.999406	gene_C	149.000000	516.000000	0.000000
734.999406	gene_D	205.000000	532.000000	0.000000
734.999406	gene_E	154.000000	528.000000	0.000000
734.999406	gene_F	79.000000	366.000000	0.000000
734.999406	gene_G	34.000000	269.000000	0.044610
734.999406	gene_H	0.000000	179.000000	0.201117
734.999406	gene_J	97.000000	521.000000	0.094050
734.999406	gene_K	117.000000	518.000000	0.000000
734.999406	promoter_A	0.000000	0.000000	0.000000
734.999406	promoter_B1	0.000000	0.000000	0.000000
734.999406	promoter_D	0.000000	0.000000	0.000000
739.999331	__gene_A*_rbs	527.000000	0.000000	0.000000
739.999331	__gene_A_rbs	539.000000	0.000000	0.000000
739.999331	__gene_B_rbs	530.000000	0.000000	0.000000
739.999331	__gene_C_rbs	519.000000	0.000000	0.000000
739.999331	__gene_D_rbs	535.000000	0.000000	0.000000
739.999331	__gene_E_rbs	531.000000	0.000000	0.000000
739.999331	__gene_F_rbs	369.000000	0.000000	0.000000
739.999331	__gene_G_rbs	272.000000	0.000000	0.000000
739.999331	__gene_H_rbs	180.000000	0.000000	0.000000
739.999331	__gene_J_rbs	525.000000	0.000000	0.000000
739.999331	__gene_K_rbs	521.000000	0.000000	0.000000
739.999331	__ribosome	0.000000	0.000000	0.000000
739.999331	bound_ecolipol	1883.000000	0.000000	0.000000
739.999331	bound_ribosome	100.000000	0.000000	0.000000
739.999331	ecoli_genome	117.000000	0.000000	0.000000
739.999331	ecoli_transcript	55395.000000	0.000000	0.000000
739.999331	ecolipol	33.000000	0.000000	0.000000
739.999331	gene_A	206.000000	539.000000	0.001855
739.999331	gene_A*	143.000000	527.000000	0.003795
739.999331	gene_B	149.000000	530.000000	0.000000
739.999331	gene_C	149.000000	519.000000	0.000000
739.999331	gene_D	205.000000	535.000000	0.000000
739.999331	gene_E	154.000000	531.000000	0.000000
739.999331	gene_F	79.000000	369.000000	0.000000
739.999331	gene_G	34.000000	272.000000	0.044118
739.999331	gene_H	0.000000	180.000000	0.200000
739.999331	gene_J	97.000000	524.000000	0.093511
739.999331	gene_K	117.000000	521.000000	0.000000
739.999331	promoter_A	0.000000	0.000000	0.000000
739.999331	promoter_B1	0.000000	0.000000	0.000000
739.999331	promoter_D	0.000000	0.000000	0.000000
744.999020	__gene_A*_rbs	530.000000	0.000000	0.000000
744.999020	__gene_A_rbs	542.000000	0.000000	0.000000
744.999020	__gene_B_rbs	534.000000	0.000000	0.000000
744.999020	__gene_C_rbs	523.000000	0.000000	0.000000
744.999020	__gene_D_rbs	538.000000	0.000000	0.000000
744.999020	__gene_E_rbs	535.000000	0.000000	0.000000
744.999020	__gene_F_rbs	371.000000	0.000000	0.000000
744.999020	__gene_G_rbs	276.000000	0.000000	0.000000
744.999020	__gene_H_rbs	180.000000	0.000000	0.000000
744.999020	__gene_J_rbs	529.000000	0.000000	0.000000
744.999020	__gene_K_rbs	525.000000	0.000000	0.000000
744.999020	__ribosome	0.000000	0.000000	0.000000
744.999020	bound_ecolipol	1872.000000	0.000000	0.000000
744.999020	bound_ribosome	100.000000	0.000000	0.000000
744.999020	ecoli_genome	128.000000	0.000000	0.000000
744.999020	ecoli_transcript	55768.000000	0.000000	0.000000
744.999020	ecolipol	43.000000	0.000000	0.000000
744.999020	gene_A	207.000000	543.000000	0.001842
744.999020	gene_A*	144.000000	530.000000	0.001887
744.999020	gene_B	149.000000	534.000000	0.000000
744.999020	gene_C	149.000000	523.000000	0.000000
744.999020	gene_D	205.000000	538.000000	0.000000
744.999020	gene_E	154.000000	535.000000	0.000000
744.999020	gene_F	79.000000	371.000000	0.000000
744.999020	gene_G	34.000000	276.000000	0.043478
744.999020	gene_H	0.000000	180.000000	0.200000
744.999020	gene_J	97.000000	528.000000	0.094697
744.999020	gene_K	117.000000	525.000000	0.000000
744.999020	promoter_A	0.000000	0.000000	0.000000
744.999020	promoter_B1	0.000000	0.000000	0.000000
744.999020	promoter_D	0.000000	0.000000	0.000000
749.999360	__gene_A*_rbs	534.000000	0.000000	0.000000
749.999360	__gene_A_rbs	547.000000	0.000000	0.000000
749.999360	__gene_B_rbs	538.000000	0.000000	0.000000
749.999360	__gene_C_rbs	527.000000	0.000000	0.000000
749.999360	__gene_D_rbs	541.000000	0.000000	0.000000
749.999360	__gene_E_rbs	538.000000	0.000000	0.000000
749.999360	__gene_F_rbs	372.000000	0.000000	0.000000
749.999360	__gene_G_rbs	277.000000	0.000000	0.000000
749.999360	__gene_H_rbs	182.000000	0.000000	0.000000
749.999360	__gene_J_rbs	532.000000	0.000000	0.000000
749.999360	__gene_K_rbs	529.000000	0.000000	0.000000
749.999360	__ribosome	0.000000	0.000000	0.000000
749.999360	bound_ecolipol	1877.000000	0.000000	0.000000
749.999360	bound_ribosome	100.000000	0.000000	0.000000
749.999360	ecoli_genome	123.000000	0.000000	0.000000
749.999360	ecoli_transcript	56111.000000	0.000000	0.000000
749.999360	ecolipol	39.000000	0.000000	0.000000
749.999360	gene_A	207.000000	547.000000	0.001828
749.999360	gene_A*	144.000000	534.000000	0.003745
749.999360	gene_B	149.000000	538.000000	0.000000
749.999360	gene_C	149.000000	527.000000	0.000000
749.999360	gene_D	205.000000	541.000000	0.000000
749.999360	gene_E	154.000000	538.000000	0.000000
749.999360	gene_F	79.000000	372.000000	0.000000
749.999360	gene_G	34.000000	277.000000	0.043321
749.999360	gene_H	0.000000	182.000000	0.197802
749.999360	gene_J	98.000000	531.000000	0.092279
749.999360	gene_K	117.000000	529.000000	0.000000
749.999360	promoter_A	0.000000	0.000000	0.000000
749.999360	promoter_B1	0.000000	0.000000	0.000000
749.999360	promoter_D	0.000000	0.000000	0.000000
754.999045	__gene_A*_rbs	538.000000	0.000000	0.000000
754.999045	__gene_A_rbs	551.000000	0.000000	0.000000
754.999045	__gene_B_rbs	541.000000	0.000000	0.000000
754.999045	__gene_C_rbs	530.000000	0.000000	0.000000
754.999045	__gene_D_rbs	545.000000	0.000000	0.000000
754.999045	__gene_E_rbs	541.000000	0.000000	0.000000
754.999045	__gene_F_rbs	375.000000	0.000000	0.000000
754.999045	__gene_G_rbs	279.000000	0.000000	0.000000
754.999045	__gene_H_rbs	183.000000	0.000000	0.000000
754.999045	__gene_J_rbs	535.000000	0.000000	0.000000
754.999045	__gene_K_rbs	533.000000	0.000000	0.000000
754.999045	__ribosome	0.000000	0.000000	0.000000
754.999045	bound_ecolipol	1872.000000	0.000000	0.000000
754.999045	bound_ribosome	100.000000	0.000000	0.000000
754.999045	ecoli_genome	128.000000	0.000000	0.000000
754.999045	ecoli_transcript	56502.000000	0.000000	0.000000
754.999045	ecolipol	41.000000	0.000000	0.000000
754.999045	gene_A	207.000000	551.000000	0.001815
754.999045	gene_A*	144.000000	538.000000	0.003717
754.999045	gene_B	149.000000	541.000000	0.000000
754.999045	gene_C	149.000000	530.000000	0.000000
754.999045	gene_D	205.000000	545.000000	0.000000
754.999045	gene_E	154.000000	541.000000	0.000000
754.999045	gene_F	79.000000	375.000000	0.000000
754.999045	gene_G	34.000000	279.000000	0.043011
754.999045	gene_H	0.000000	183.000000	0.196721
754.999045	gene_J	98.000000	534.000000	0.091760
754.999045	gene_K	117.000000	533.000000	0.000000
754.999045	promoter_A	0.000000	0.000000	0.000000
754.999045	promoter_B1	0.000000	0.000000	0.000000
754.999045	promoter_D	0.000000	0.000000	0.000000
759.999067	__gene_A*_rbs	542.000000	0.000000	0.000000
759.999067	__gene_A_rbs	554.000000	0.000000	0.000000
759.999067	__gene_B_rbs	545.000000	0.000000	0.000000
759.999067	__gene_C_rbs	534.000000	0.000000	0.000000
759.999067	__gene_D_rbs	549.000000	0.000000	0.000000
759.999067	__gene_E_rbs	545.000000	0.000000	0.000000
759.999067	__gene_F_rbs	378.000000	0.000000	0.000000
759.999067	__gene_G_rbs	282.000000	0.000000	0.000000
759.999067	__gene_H_rbs	186.000000	0.000000	0.000000
759.999067	__gene_J_rbs	539.000000	0.000000	0.000000
759.999067	__gene_K_rbs	536.000000	0.000000	0.000000
759.999067	__ribosome	0.000000	0.000000	0.000000
759.999067	bound_ecolipol	1878.000000	0.000000	0.000000
759.999067	bound_ribosome	100.000000	0.000000	0.000000
759.999067	ecoli_genome	122.000000	0.000000	0.000000
759.999067	ecoli_transcript	56855.000000	0.000000	0.000000
759.999067	ecolipol	35.000000	0.000000	0.000000
759.999067	gene_A	207.000000	554.000000	0.001805
759.999067	gene_A*	145.000000	542.000000	0.001845
759.999067	gene_B	149.000000	545.000000	0.000000
759.999067	gene_C	149.000000	534.000000	0.000000
759.999067	gene_D	205.000000	549.000000	0.001821
759.999067	gene_E	154.000000	545.000000	0.000000
759.999067	gene_F	79.000000	378.000000	0.000000
759.999067	gene_G	34.000000	282.000000	0.042553
759.999067	gene_H	0.000000	186.000000	0.193548
759.999067	gene_J	98.000000	538.000000	0.091078
759.999067	gene_K	117.000000	536.000000	0.000000
759.999067	promoter_A	0.000000	0.000000	0.000000
759.999067	promoter_B1	0.000000	0.000000	0.000000
759.999067	promoter_D	0.000000	0.000000	0.000000
764.999106	__gene_A*_rbs	545.000000	0.000000	0.000000
764.999106	__gene_A_rbs	558.000000	0.000000	0.000000
764.999106	__gene_B_rbs	549.000000	0.000000	0.000000
764.999106	__gene_C_rbs	538.000000	0.000000	0.000000
764.999106	__gene_D_rbs	552.000000	0.000000	0.000000
764.999106	__gene_E_rbs	548.000000	0.000000	0.000000
764.999106	__gene_F_rbs	381.000000	0.000000	0.000000
764.999106	__gene_G_rbs	283.000000	0.000000	0.000000
764.999106	__gene_H_rbs	187.000000	0.000000	0.000000
764.999106	__gene_J_rbs	542.000000	0.000000	0.000000
764.999106	__gene_K_rbs	540.000000	0.000000	0.000000
764.999106	__ribosome	0.000000	0.000000	0.000000
764.999106	bound_ecolipol	1866.000000	0.000000	0.000000
764.999106	bound_ribosome	100.000000	0.000000	0.000000
764.999106	ecoli_genome	134.000000	0.000000	0.000000
764.999106	ecoli_transcript	57255.000000	0.000000	0.000000
764.999106	ecolipol	46.000000	0.000000	0.000000
764.999106	gene_A	207.000000	558.000000	0.001792
764.999106	gene_A*	145.000000	545.000000	0.001835
764.999106	gene_B	149.000000	549.000000	0.000000
764.999106	gene_C	149.000000	538.000000	0.000000
764.999106	gene_D	205.000000	552.000000	0.001812
764.999106	gene_E	154.000000	548.000000	0.000000
764.999106	gene_F	79.000000	381.000000	0.000000
764.999106	gene_G	34.000000	283.000000	0.042403
764.999106	gene_H	0.000000	187.000000	0.192513
764.999106	gene_J	98.000000	541.000000	0.090573
764.999106	gene_K	117.000000	540.000000	0.000000
764.999106	promoter_A	0.000000	0.000000	0.000000
764.999106	promoter_B1	0.000000	0.000000	0.000000
764.999106	promoter_D	0.000000	0.000000	0.000000
769.999152	__gene_A*_rbs	549.000000	0.000000	0.000000
769.999152	__gene_A_rbs	562.000000	0.000000	0.000000
769.999152	__gene_B_rbs	552.000000	0.000000	0.000000
769.999152	__gene_C_rbs	541.000000	0.000000	0.000000
769.999152	__gene_D_rbs	556.000000	0.000000	0.000000
769.999152	__gene_E_rbs	552.000000	0.000000	0.000000
769.999152	__gene_F_rbs	381.000000	0.000000	0.000000
769.999152	__gene_G_rbs	283.000000	0.000000	0.000000
769.999152	__gene_H_rbs	188.000000	0.000000	0.000000
769.999152	__gene_J_rbs	545.000000	0.000000	0.000000
769.999152	__gene_K_rbs	543.000000	0.000000	0.000000
769.999152	__ribosome	0.000000	0.000000	0.000000
769.999152	bound_ecolipol	1877.000000	0.000000	0.000000
769.999152	bound_ribosome	100.000000	0.000000	0.000000
769.999152	ecoli_genome	123.000000	0.000000	0.000000
769.999152	ecoli_transcript	57611.000000	0.000000	0.000000
769.999152	ecolipol	35.000000	0.000000	0.000000
769.999152	gene_A	207.000000	562.000000	0.001779
769.999152	gene_A*	145.000000	549.000000	0.001821
769.999152	gene_B	149.000000	552.000000	0.000000
769.999152	gene_C	149.000000	541.000000	0.000000
769.999152	gene_D	205.000000	556.000000	0.001799
769.999152	gene_E	154.000000	552.000000	0.000000
769.999152	gene_F	79.000000	381.000000	0.000000
769.999152	gene_G	34.000000	283.000000	0.042403
769.999152	gene_H	0.000000	188.000000	0.191489
769.999152	gene_J	98.000000	544.000000	0.090074
769.999152	gene_K	117.000000	543.000000	0.000000
769.999152	promoter_A	0.000000	0.000000	0.000000
769.999152	promoter_B1	0.000000	0.000000	0.000000
769.999152	promoter_D	0.000000	0.000000	0.000000
774.999340	__gene_A*_rbs	553.000000	0.000000	0.000000
774.999340	__gene_A_rbs	566.000000	0.000000	0.000000
774.999340	__gene_B_rbs	556.000000	0.000000	0.000000
774.999340	__gene_C_rbs	545.000000	0.000000	0.000000
774.999340	__gene_D_rbs	560.000000	0.000000	0.000000
774.999340	__gene_E_rbs	555.000000	0.000000	0.000000
774.999340	__gene_F_rbs	384.000000	0.000000	0.000000
774.999340	__gene_G_rbs	285.000000	0.000000	0.000000
774.999340	__gene_H_rbs	189.000000	0.000000	0.000000
774.999340	__gene_J_rbs	549.000000	0.000000	0.000000
774.999340	__gene_K_rbs	547.000000	0.000000	0.000000
774.999340	__ribosome	0.000000	0.000000	0.000000
774.999340	bound_ecolipol	1870.000000	0.000000	0.000000
774.999340	bound_ribosome	100.000000	0.000000	0.000000
774.999340	ecoli_genome	130.000000	0.000000	0.000000
774.999340	ecoli_transcript	58014.000000	0.000000	0.000000
774.999340	ecolipol	41.000000	0.000000	0.000000
774.999340	gene_A	207.000000	566.000000	0.001767
774.999340	gene_A*	145.000000	553.000000	0.001808
774.999340	gene_B	149.000000	556.000000	0.000000
774.999340	gene_C	149.000000	545.000000	0.000000
774.999340	gene_D	206.000000	560.000000	0.000000
774.999340	gene_E	154.000000	555.000000	0.000000
774.999340	gene_F	79.000000	384.000000	0.002604
774.999340	gene_G	34.000000	285.000000	0.042105
774.999340	gene_H	0.000000	189.000000	0.190476
774.999340	gene_J	98.000000	548.000000	0.089416
774.999340	gene_K	117.000000	547.000000	0.000000
774.999340	promoter_A	0.000000	0.000000	0.000000
774.999340	promoter_B1	0.000000	0.000000	0.000000
774.999340	promoter_D	0.000000	0.000000	0.000000
779.999110	__gene_A*_rbs	556.000000	0.000000	0.000000
779.999110	__gene_A_rbs	570.000000	0.000000	0.000000
779.999110	__gene_B_rbs	559.000000	0.000000	0.000000
779.999110	__gene_C_rbs	549.000000	0.000000	0.000000
779.999110	__gene_D_rbs	563.000000	0.000000	0.000000
779.999110	__gene_E_rbs	559.000000	0.000000	0.000000
779.999110	__gene_F_rbs	386.000000	0.000000	0.000000
779.999110	__gene_G_rbs	287.000000	0.000000	0.000000
779.999110	__gene_H_rbs	191.000000	0.000000	0.000000
779.999110	__gene_J_rbs	553.000000	0.000000	0.000000
779.999110	__gene_K_rbs	551.000000	0.000000	0.000000
779.999110	__ribosome	0.000000	0.000000	0.000000
779.999110	bound_ecolipol	1872.000000	0.000000	0.000000
779.999110	bound_ribosome	100.000000	0.000000	0.000000
779.999110	ecoli_genome	128.000000	0.000000	0.000000
779.999110	ecoli_transcript	58423.000000	0.000000	0.000000
779.999110	ecolipol	38.000000	0.000000	0.000000
779.999110	gene_A	207.000000	570.000000	0.001754
779.999110	gene_A*	146.000000	556.000000	0.000000
779.999110	gene_B	149.000000	559.000000	0.000000
779.999110	gene_C	149.000000	549.000000	0.000000
779.999110	gene_D	206.000000	563.000000	0.000000
779.999110	gene_E	154.000000	559.000000	0.000000
779.999110	gene_F	79.000000	386.000000	0.002591
779.999110	gene_G	34.000000	287.000000	0.041812
779.999110	gene_H	0.000000	191.000000	0.188482
779.999110	gene_J	98.000000	552.000000	0.090580
779.999110	gene_K	117.000000	551.000000	0.000000
779.999110	promoter_A	0.000000	0.000000	0.000000
779.999110	promoter_B1	0.000000	0.000000	0.000000
779.999110	promoter_D	0.000000	0.000000	0.000000
784.999210	__gene_A*_rbs	560.000000	0.000000	0.000000
784.999210	__gene_A_rbs	573.000000	0.000000	0.000000
784.999210	__gene_B_rbs	563.000000	0.000000	0.000000
784.999210	__gene_C_rbs	552.000000	0.000000	0.000000
784.999210	__gene_D_rbs	567.000000	0.000000	0.000000
784.999210	__gene_E_rbs	563.000000	0.000000	0.000000
784.999210	__gene_F_rbs	389.000000	0.000000	0.000000
784.999210	__gene_G_rbs	289.000000	0.000000	0.000000
784.999210	__gene_H_rbs	191.000000	0.000000	0.000000
784.999210	__gene_J_rbs	556.000000	0.000000	0.000000
784.999210	__gene_K_rbs	554.000000	0.000000	0.000000
784.999210	__ribosome	0.000000	0.000000	0.000000
784.999210	bound_ecolipol	1871.000000	0.000000	0.000000
784.999210	bound_ribosome	100.000000	0.000000	0.000000
784.999210	ecoli_genome	129.000000	0.000000	0.000000
784.999210	ecoli_transcript	58784.000000	0.000000	0.000000
784.999210	ecolipol	39.000000	0.000000	0.000000
784.999210	gene_A	207.000000	573.000000	0.001745
784.999210	gene_A*	146.000000	560.000000	0.000000
784.999210	gene_B	149.000000	563.000000	0.000000
784.999210	gene_C	149.000000	552.000000	0.000000
784.999210	gene_D	206.000000	567.000000	0.000000
784.999210	gene_E	154.000000	563.000000	0.000000
784.999210	gene_F	79.000000	389.000000	0.002571
784.999210	gene_G	34.000000	289.000000	0.041522
784.999210	gene_H	0.000000	191.000000	0.188482
784.999210	gene_J	99.000000	555.000000	0.088288
784.999210	gene_K	117.000000	554.000000	0.001805
784.999210	promoter_A	0.000000	0.000000	0.000000
784.999210	promoter_B1	0.000000	0.000000	0.000000
784.999210	promoter_D	0.000000	0.000000	0.000000
789.999237	__gene_A*_rbs	564.000000	0.000000	0.000000
789.999237	__gene_A_rbs	577.000000	0.000000	0.000000
789.999237	__gene_B_rbs	567.000000	0.000000	0.000000
789.999237	__gene_C_rbs	556.000000	0.000000	0.000000
789.999237	__gene_D_rbs	571.000000	0.000000	0.000000
789.999237	__gene_E_rbs	566.000000	0.000000	0.000000
789.999237	__gene_F_rbs	392.000000	0.000000	0.000000
789.999237	__gene_G_rbs	290.000000	0.000000	0.000000
789.999237	__gene_H_rbs	193.000000	0.000000	0.000000
789.999237	__gene_J_rbs	560.000000	0.000000	0.000000
789.999237	__gene_K_rbs	558.000000	0.000000	0.000000
789.999237	__ribosome	0.000000	0.000000	0.000000
789.999237	bound_ecolipol	1859.000000	0.000000	0.000000
789.999237	bound_ribosome	100.000000	0.000000	0.000000
789.999237	ecoli_genome	141.000000	0.000000	0.000000
789.999237	ecoli_transcript	59177.000000	0.000000	0.000000
789.999237	ecolipol	51.000000	0.000000	0.000000
789.999237	gene_A	207.000000	577.000000	0.001733
789.999237	gene_A*	146.000000	564.000000	0.000000
789.999237	gene_B	149.000000	567.000000	0.000000
789.999237	gene_C	149.000000	556.000000	0.000000
789.999237	gene_D	206.000000	571.000000	0.000000
789.999237	gene_E	154.000000	566.000000	0.000000
789.999237	gene_F	79.000000	392.000000	0.002551
789.999237	gene_G	34.000000	290.000000	0.041379
789.999237	gene_H	0.000000	193.000000	0.186528
789.999237	gene_J	99.000000	559.000000	0.087657
789.999237	gene_K	117.000000	558.000000	0.001792
789.999237	promoter_A	0.000000	0.000000	0.000000
789.999237	promoter_B1	0.000000	0.000000	0.000000
789.999237	promoter_D	0.000000	0.000000	0.000000
794.999105	__gene_A*_rbs	568.000000	0.000000	0.000000
794.999105	__gene_A_rbs	581.000000	0.000000	0.000000
794.999105	__gene_B_rbs	571.000000	0.000000	0.000000
794.999105	__gene_C_rbs	560.000000	0.000000	0.000000
794.999105	__gene_D_rbs	574.000000	0.000000	0.000000
794.999105	__gene_E_rbs	570.000000	0.000000	0.000000
794.999105	__gene_F_rbs	395.000000	0.000000	0.000000
794.999105	__gene_G_rbs	292.000000	0.000000	0.000000
794.999105	__gene_H_rbs	193.000000	0.000000	0.000000
794.999105	__gene_J_rbs	564.000000	0.000000	0.000000
794.999105	__gene_K_rbs	561.000000	0.000000	0.000000
794.999105	__ribosome	0.000000	0.000000	0.000000
794.999105	bound_ecolipol	1868.000000	0.000000	0.000000
794.999105	bound_ribosome	100.000000	0.000000	0.000000
794.999105	ecoli_genome	132.000000	0.000000	0.000000
794.999105	ecoli_transcript	59578.000000	0.000000	0.000000
794.999105	ecolipol	44.000000	0.000000	0.000000
794.999105	gene_A	207.000000	581.000000	0.001721
794.999105	gene_A*	146.000000	568.000000	0.000000
794.999105	gene_B	149.000000	571.000000	0.000000
794.999105	gene_C	149.000000	560.000000	0.001786
794.999105	gene_D	206.000000	574.000000	0.000000
794.999105	gene_E	154.000000	570.000000	0.000000
794.999105	gene_F	79.000000	395.000000	0.002532
794.999105	gene_G	34.000000	292.000000	0.041096
794.999105	gene_H	0.000000	193.000000	0.186528
794.999105	gene_J	100.000000	563.000000	0.087034
794.999105	gene_K	118.000000	562.000000	0.000000
794.999105	promoter_A	0.000000	0.000000	0.000000
794.999105	promoter_B1	0.000000	0.000000	0.000000
794.999105	promoter_D	0.000000	0.000000	0.000000
799.999038	__gene_A*_rbs	571.000000	0.000000	0.000000
799.999038	__gene_A_rbs	584.000000	0.000000	0.000000
799.999038	__gene_B_rbs	574.000000	0.000000	0.000000
799.999038	__gene_C_rbs	563.000000	0.000000	0.000000
799.999038	__gene_D_rbs	579.000000	0.000000	0.000000
799.999038	__gene_E_rbs	574.000000	0.000000	0.000000
799.999038	__gene_F_rbs	397.000000	0.000000	0.000000
799.999038	__gene_G_rbs	294.000000	0.000000	0.000000
799.999038	__gene_H_rbs	193.000000	0.000000	0.000000
799.999038	__gene_J_rbs	567.000000	0.000000	0.000000
799.999038	__gene_K_rbs	566.000000	0.000000	0.000000
799.999038	__ribosome	0.000000	0.000000	0.000000
799.999038	bound_ecolipol	1861.000000	0.000000	0.000000
799.999038	bound_ribosome	100.000000	0.000000	0.000000
799.999038	ecoli_genome	139.000000	0.000000	0.000000
799.999038	ecoli_transcript	59984.000000	0.000000	0.000000
799.999038	ecolipol	51.000000	0.000000	0.000000
799.999038	gene_A	208.000000	584.000000	0.000000
799.999038	gene_A*	146.000000	571.000000	0.001751
799.999038	gene_B	149.000000	574.000000	0.000000
799.999038	gene_C	149.000000	563.000000	0.001776
799.999038	gene_D	206.000000	579.000000	0.000000
799.999038	gene_E	154.000000	574.000000	0.000000
799.999038	gene_F	79.000000	397.000000	0.002519
799.999038	gene_G	34.000000	294.000000	0.040816
799.999038	gene_H	0.000000	193.000000	0.186528
799.999038	gene_J	100.000000	566.000000	0.086572
799.999038	gene_K	118.000000	566.000000	0.000000
799.999038	promoter_A	0.000000	0.000000	0.000000
799.999038	promoter_B1	0.000000	0.000000	0.000000
799.999038	promoter_D	0.000000	0.000000	0.000000
804.999004	__gene_A*_rbs	575.000000	0.000000	0.000000
804.999004	__gene_A_rbs	588.000000	0.000000	0.000000
804.999004	__gene_B_rbs	578.000000	0.000000	0.000000
804.999004	__gene_C_rbs	568.000000	0.000000	0.000000
804.999004	__gene_D_rbs	582.000000	0.000000	0.000000
804.999004	__gene_E_rbs	578.000000	0.000000	0.000000
804.999004	__gene_F_rbs	400.000000	0.000000	0.000000
804.999004	__gene_G_rbs	296.000000	0.000000	0.000000
804.999004	__gene_H_rbs	194.000000	0.000000	0.000000
804.999004	__gene_J_rbs	571.000000	0.000000	0.000000
804.999004	__gene_K_rbs	570.000000	0.000000	0.000000
804.999004	__ribosome	0.000000	0.000000	0.000000
804.999004	bound_ecolipol	1877.000000	0.000000	0.000000
804.999004	bound_ribosome	100.000000	0.000000	0.000000
804.999004	ecoli_genome	123.000000	0.000000	0.000000
804.999004	ecoli_transcript	60349.000000	0.000000	0.000000
804.999004	ecolipol	35.000000	0.000000	0.000000
804.999004	gene_A	208.000000	588.000000	0.000000
804.999004	gene_A*	146.000000	575.000000	0.001739
804.999004	gene_B	149.000000	578.000000	0.000000
804.999004	gene_C	150.000000	568.000000	0.000000
804.999004	gene_D	206.000000	582.000000	0.001718
804.999004	gene_E	154.000000	578.000000	0.000000
804.999004	gene_F	79.000000	400.000000	0.002500
804.999004	gene_G	34.000000	296.000000	0.040541
804.999004	gene_H	0.000000	194.000000	0.185567
804.999004	gene_J	100.000000	570.000000	0.085965
804.999004	gene_K	118.000000	570.000000	0.000000
804.999004	promoter_A	0.000000	0.000000	0.000000
804.999004	promoter_B1	0.000000	0.000000	0.000000
804.999004	promoter_D	0.000000	0.000000	0.000000
809.999137	__gene_A*_rbs	579.000000	0.000000	0.000000
809.999137	__gene_A_rbs	592.000000	0.000000	0.000000
809.999137	__gene_B_rbs	581.000000	0.000000	0.000000
809.999137	__gene_C_rbs	571.000000	0.000000	0.000000
809.999137	__gene_D_rbs	586.000000	0.000000	0.000000
809.999137	__gene_E_rbs	582.000000	0.000000	0.000000
809.999137	__gene_F_rbs	403.000000	0.000000	0.000000
809.999137	__gene_G_rbs	297.000000	0.000000	0.000000
809.999137	__gene_H_rbs	195.000000	0.000000	0.000000
809.999137	__gene_J_rbs	574.000000	0.000000	0.000000
809.999137	__gene_K_rbs	573.000000	0.000000	0.000000
809.999137	__ribosome	0.000000	0.000000	0.000000
809.999137	bound_ecolipol	1862.000000	0.000000	0.000000
809.999137	bound_ribosome	100.000000	0.000000	0.000000
809.999137	ecoli_genome	138.000000	0.000000	0.000000
809.999137	ecoli_transcript	60715.000000	0.000000	0.000000
809.999137	ecolipol	48.000000	0.000000	0.000000
809.999137	gene_A	208.000000	592.000000	0.000000
809.999137	gene_A*	146.000000	579.000000	0.001727
809.999137	gene_B	149.000000	581.000000	0.000000
809.999137	gene_C	150.000000	571.000000	0.000000
809.999137	gene_D	206.000000	586.000000	0.001706
809.999137	gene_E	154.000000	582.000000	0.000000
809.999137	gene_F	79.000000	403.000000	0.002481
809.999137	gene_G	34.000000	297.000000	0.040404
809.999137	gene_H	0.000000	195.000000	0.184615
809.999137	gene_J	100.000000	573.000000	0.085515
809.999137	gene_K	118.000000	573.000000	0.000000
809.999137	promoter_A	0.000000	0.000000	0.000000
809.999137	promoter_B1	0.000000	0.000000	0.000000
809.999137	promoter_D	0.000000	0.000000	0.000000
814.999308	__gene_A*_rbs	582.000000	0.000000	0.000000
814.999308	__gene_A_rbs	595.000000	0.000000	0.000000
814.999308	__gene_B_rbs	584.000000	0.000000	0.000000
814.999308	__gene_C_rbs	575.000000	0.000000	0.000000
814.999308	__gene_D_rbs	590.000000	0.000000	0.000000
814.999308	__gene_E_rbs	585.000000	0.000000	0.000000
814.999308	__gene_F_rbs	407.000000	0.000000	0.000000
814.999308	__gene_G_rbs	300.000000	0.000000	0.000000
814.999308	__gene_H_rbs	197.000000	0.000000	0.000000
814.999308	__gene_J_rbs	578.000000	0.000000	0.000000
814.999308	__gene_K_rbs	577.000000	0.000000	0.000000
814.999308	__ribosome	0.000000	0.000000	0.000000
814.999308	bound_ecolipol	1878.000000	0.000000	0.000000
814.999308	bound_ribosome	100.000000	0.000000	0.000000
814.999308	ecoli_genome	122.000000	0.000000	0.000000
814.999308	ecoli_transcript	61127.000000	0.000000	0.000000
814.999308	ecolipol	30.000000	0.000000	0.000000
814.999308	gene_A	208.000000	595.000000	0.000000
814.999308	gene_A*	146.000000	582.000000	0.001718
814.999308	gene_B	149.000000	585.000000	0.001709
814.999308	gene_C	150.000000	575.000000	0.000000
814.999308	gene_D	206.000000	590.000000	0.001695
814.999308	gene_E	154.000000	585.000000	0.000000
814.999308	gene_F	80.000000	407.000000	0.000000
814.999308	gene_G	34.000000	300.000000	0.040000
814.999308	gene_H	0.000000	197.000000	0.182741
814.999308	gene_J	100.000000	577.000000	0.084922
814.999308	gene_K	118.000000	577.000000	0.000000
814.999308	promoter_A	0.000000	0.000000	0.000000
814.999308	promoter_B1	0.000000	0.000000	0.000000
814.999308	promoter_D	0.000000	0.000000	0.000000
819.999082	__gene_A*_rbs	586.000000	0.000000	0.000000
819.999082	__gene_A_rbs	599.000000	0.000000	0.000000
819.999082	__gene_B_rbs	589.000000	0.000000	0.000000
819.999082	__gene_C_rbs	578.000000	0.000000	0.000000
819.999082	__gene_D_rbs	593.000000	0.000000	0.000000
819.999082	__gene_E_rbs	589.000000	0.000000	0.000000
819.999082	__gene_F_rbs	409.000000	0.000000	0.000000
819.999082	__gene_G_rbs	302.000000	0.000000	0.000000
819.999082	__gene_H_rbs	199.000000	0.000000	0.000000
819.999082	__gene_J_rbs	582.000000	0.000000	0.000000
819.999082	__gene_K_rbs	580.000000	0.000000	0.000000
819.999082	__ribosome	0.000000	0.000000	0.000000
819.999082	bound_ecolipol	1863.000000	0.000000	0.000000
819.999082	bound_ribosome	100.000000	0.000000	0.000000
819.999082	ecoli_genome	137.000000	0.000000	0.000000
819.999082	ecoli_transcript	61489.000000	0.000000	0.000000
819.999082	ecolipol	42.000000	0.000000	0.000000
819.999082	gene_A	208.000000	599.000000	0.000000
819.999082	gene_A*	146.000000	586.000000	0.001706
819.999082	gene_B	149.000000	589.000000	0.001698
819.999082	gene_C	150.000000	578.000000	0.001730
819.999082	gene_D	207.000000	593.000000	0.000000
819.999082	gene_E	154.000000	589.000000	0.000000
819.999082	gene_F	80.000000	409.000000	0.000000
819.999082	gene_G	34.000000	302.000000	0.039735
819.999082	gene_H	0.000000	199.000000	0.180905
819.999082	gene_J	100.000000	581.000000	0.084337
819.999082	gene_K	118.000000	580.000000	0.000000
819.999082	promoter_A	0.000000	0.000000	0.000000
819.999082	promoter_B1	0.000000	0.000000	0.000000
819.999082	promoter_D	0.000000	0.000000	0.000000
824.999197	__gene_A*_rbs	590.000000	0.000000	0.000000
824.999197	__gene_A_rbs	603.000000	0.000000	0.000000
824.999197	__gene_B_rbs	592.000000	0.000000	0.000000
824.999197	__gene_C_rbs	582.000000	0.000000	0.000000
824.999197	__gene_D_rbs	597.000000	0.000000	0.000000
824.999197	__gene_E_rbs	592.000000	0.000000	0.000000
824.999197	__gene_F_rbs	412.000000	0.000000	0.000000
824.999197	__gene_G_rbs	304.000000	0.000000	0.000000
824.999197	__gene_H_rbs	200.000000	0.000000	0.000000
824.999197	__gene_J_rbs	585.000000	0.000000	0.000000
824.999197	__gene_K_rbs	584.000000	0.000000	0.000000
824.999197	__ribosome	0.000000	0.000000	0.000000
824.999197	bound_ecolipol	1870.000000	0.000000	0.000000
824.999197	bound_ribosome	100.000000	0.000000	0.000000
824.999197	ecoli_genome	130.000000	0.000000	0.000000
824.999197	ecoli_transcript	61856.000000	0.000000	0.000000
824.999197	ecolipol	34.000000	0.000000	0.000000
824.999197	gene_A	208.000000	603.000000	0.000000
824.999197	gene_A*	146.000000	590.000000	0.001695
824.999197	gene_B	149.000000	592.000000	0.001689
824.999197	gene_C	150.000000	582.000000	0.001718
824.999197	gene_D	207.000000	597.000000	0.000000
824.999197	gene_E	154.000000	592.000000	0.000000
824.999197	gene_F	80.000000	412.000000	0.000000
824.999197	gene_G	34.000000	304.000000	0.039474
824.999197	gene_H	0.000000	200.000000	0.180000
824.999197	gene_J	100.000000	584.000000	0.083904
824.999197	gene_K	118.000000	584.000000	0.000000
824.999197	promoter_A	0.000000	0.000000	0.000000
824.999197	promoter_B1	0.000000	0.000000	0.000000
824.999197	promoter_D	0.000000	0.000000	0.000000
829.999389	__gene_A*_rbs	594.000000	0.000000	0.000000
829.999389	__gene_A_rbs	606.000000	0.000000	0.000000
829.999389	__gene_B_rbs	596.000000	0.000000	0.000000
829.999389	__gene_C_rbs	585.000000	0.000000	0.000000
829.999389	__gene_D_rbs	600.000000	0.000000	0.000000
829.999389	__gene_E_rbs	596.000000	0.000000	0.000000
829.999389	__gene_F_rbs	413.000000	0.000000	0.000000
829.999389	__gene_G_rbs	308.000000	0.000000	0.000000
829.999389	__gene_H_rbs	202.000000	0.000000	0.000000
829.999389	__gene_J_rbs	589.000000	0.000000	0.000000
829.999389	__gene_K_rbs	587.000000	0.000000	0.000000
829.999389	__ribosome	0.000000	0.000000	0.000000
829.999389	bound_ecolipol	1868.000000	0.000000	0.000000
829.999389	bound_ribosome	100.000000	0.000000	0.000000
829.999389	ecoli_genome	132.000000	0.000000	0.000000
829.999389	ecoli_transcript	62223.000000	0.000000	0.000000
829.999389	ecolipol	34.000000	0.000000	0.000000
829.999389	gene_A	208.000000	606.000000	0.000000
829.999389	gene_A*	146.000000	594.000000	0.001684
829.999389	gene_B	150.000000	596.000000	0.000000
829.999389	gene_C	151.000000	585.000000	0.000000
829.999389	gene_D	207.000000	600.000000	0.000000
829.999389	gene_E	154.000000	596.000000	0.001678
829.999389	gene_F	80.000000	413.000000	0.000000
829.999389	gene_G	34.000000	308.000000	0.038961
829.999389	gene_H	0.000000	202.000000	0.183168
829.999389	gene_J	100.000000	588.000000	0.083333
829.999389	gene_K	118.000000	588.000000	0.000000
829.999389	promoter_A	0.000000	0.000000	0.000000
829.999389	promoter_B1	0.000000	0.000000	0.000000
829.999389	promoter_D	0.000000	0.000000	0.000000
834.999206	__gene_A*_rbs	597.000000	0.000000	0.000000
834.999206	__gene_A_rbs	610.000000	0.000000	0.000000
834.999206	__gene_B_rbs	600.000000	0.000000	0.000000
834.999206	__gene_C_rbs	589.000000	0.000000	0.000000
834.999206	__gene_D_rbs	604.000000	0.000000	0.000000
834.999206	__gene_E_rbs	600.000000	0.000000	0.000000
834.999206	__gene_F_rbs	415.000000	0.000000	0.000000
834.999206	__gene_G_rbs	310.000000	0.000000	0.000000
834.999206	__gene_H_rbs	205.000000	0.000000	0.000000
834.999206	__gene_J_rbs	593.000000	0.000000	0.000000
834.999206	__gene_K_rbs	591.000000	0.000000	0.000000
834.999206	__ribosome	0.000000	0.000000	0.000000
834.999206	bound_ecolipol	1858.000000	0.000000	0.000000
834.999206	bound_ribosome	100.000000	0.000000	0.000000
834.999206	ecoli_genome	142.000000	0.000000	0.000000
834.999206	ecoli_transcript	62647.000000	0.000000	0.000000
834.999206	ecolipol	45.000000	0.000000	0.000000
834.999206	gene_A	208.000000	610.000000	0.001639
834.999206	gene_A*	147.000000	597.000000	0.000000
834.999206	gene_B	150.000000	600.000000	0.000000
834.999206	gene_C	151.000000	589.000000	0.000000
834.999206	gene_D	207.000000	604.000000	0.000000
834.999206	gene_E	154.000000	600.000000	0.001667
834.999206	gene_F	80.000000	415.000000	0.000000
834.999206	gene_G	34.000000	310.000000	0.038710
834.999206	gene_H	0.000000	205.000000	0.180488
834.999206	gene_J	100.000000	592.000000	0.082770
834.999206	gene_K	118.000000	591.000000	0.000000
834.999206	promoter_A	0.000000	0.000000	0.000000
834.999206	promoter_B1	0.000000	0.000000	0.000000
834.999206	promoter_D	0.000000	0.000000	0.000000
839.999116	__gene_A*_rbs	601.000000	0.000000	0.000000
839.999116	__gene_A_rbs	613.000000	0.000000	0.000000
839.999116	__gene_B_rbs	604.000000	0.000000	0.000000
839.999116	__gene_C_rbs	593.000000	0.000000	0.000000
839.999116	__gene_D_rbs	608.000000	0.000000	0.000000
839.999116	__gene_E_rbs	603.000000	0.000000	0.000000
839.999116	__gene_F_rbs	417.000000	0.000000	0.000000
839.999116	__gene_G_rbs	313.000000	0.000000	0.000000
839.999116	__gene_H_rbs	205.000000	0.000000	0.000000
839.999116	__gene_J_rbs	597.000000	0.000000	0.000000
839.999116	__gene_K_rbs	595.000000	0.000000	0.000000
839.999116	__ribosome	0.000000	0.000000	0.000000
839.999116	bound_ecolipol	1869.000000	0.000000	0.000000
839.999116	bound_ribosome	100.000000	0.000000	0.000000
839.999116	ecoli_genome	131.000000	0.000000	0.000000
839.999116	ecoli_transcript	62985.000000	0.000000	0.000000
839.999116	ecolipol	36.000000	0.000000	0.000000
839.999116	gene_A	208.000000	613.000000	0.001631
839.999116	gene_A*	147.000000	601.000000	0.001664
839.999116	gene_B	150.000000	604.000000	0.000000
839.999116	gene_C	151.000000	593.000000	0.000000
839.999116	gene_D	207.000000	608.000000	0.000000
839.999116	gene_E	155.000000	603.000000	0.000000
839.999116	gene_F	80.000000	417.000000	0.000000
839.999116	gene_G	34.000000	313.000000	0.038339
839.999116	gene_H	0.000000	205.000000	0.180488
839.999116	gene_J	100.000000	596.000000	0.082215
839.999116	gene_K	118.000000	595.000000	0.000000
839.999116	promoter_A	0.000000	0.000000	0.000000
839.999116	promoter_B1	0.000000	0.000000	0.000000
839.999116	promoter_D	0.000000	0.000000	0.000000
844.999169	__gene_A*_rbs	604.000000	0.000000	0.000000
844.999169	__gene_A_rbs	617.000000	0.000000	0.000000
844.999169	__gene_B_rbs	608.000000	0.000000	0.000000
844.999169	__gene_C_rbs	597.000000	0.000000	0.000000
844.999169	__gene_D_rbs	612.000000	0.000000	0.000000
844.999169	__gene_E_rbs	607.000000	0.000000	0.000000
844.999169	__gene_F_rbs	419.000000	0.000000	0.000000
844.999169	__gene_G_rbs	316.000000	0.000000	0.000000
844.999169	__gene_H_rbs	207.000000	0.000000	0.000000
844.999169	__gene_J_rbs	600.000000	0.000000	0.000000
844.999169	__gene_K_rbs	599.000000	0.000000	0.000000
844.999169	__ribosome	0.000000	0.000000	0.000000
844.999169	bound_ecolipol	1871.000000	0.000000	0.000000
844.999169	bound_ribosome	100.000000	0.000000	0.000000
844.999169	ecoli_genome	129.000000	0.000000	0.000000
844.999169	ecoli_transcript	63336.000000	0.000000	0.000000
844.999169	ecolipol	34.000000	0.000000	0.000000
844.999169	gene_A	208.000000	617.000000	0.001621
844.999169	gene_A*	147.000000	604.000000	0.001656
844.999169	gene_B	150.000000	608.000000	0.000000
844.999169	gene_C	151.000000	597.000000	0.000000
844.999169	gene_D	207.000000	612.000000	0.000000
844.999169	gene_E	155.000000	607.000000	0.000000
844.999169	gene_F	80.000000	419.000000	0.000000
844.999169	gene_G	34.000000	316.000000	0.037975
844.999169	gene_H	0.000000	207.000000	0.178744
844.999169	gene_J	100.000000	599.000000	0.081803
844.999169	gene_K	118.000000	599.000000	0.000000
844.999169	promoter_A	0.000000	0.000000	0.000000
844.999169	promoter_B1	0.000000	0.000000	0.000000
844.999169	promoter_D	0.000000	0.000000	0.000000
849.999108	__gene_A*_rbs	608.000000	0.000000	0.000000
849.999108	__gene_A_rbs	621.000000	0.000000	0.000000
849.999108	__gene_B_rbs	611.000000	0.000000	0.000000
849.999108	__gene_C_rbs	601.000000	0.000000	0.000000
849.999108	__gene_D_rbs	615.000000	0.000000	0.000000
849.999108	__gene_E_rbs	611.000000	0.000000	0.000000
849.999108	__gene_F_rbs	421.000000	0.000000	0.000000
849.999108	__gene_G_rbs	318.000000	0.000000	0.000000
849.999108	__gene_H_rbs	209.000000	0.000000	0.000000
849.999108	__gene_J_rbs	604.000000	0.000000	0.000000
849.999108	__gene_K_rbs	603.000000	0.000000	0.000000
849.999108	__ribosome	0.000000	0.000000	0.000000
849.999108	bound_ecolipol	1871.000000	0.000000	0.000000
849.999108	bound_ribosome	100.000000	0.000000	0.000000
849.999108	ecoli_genome	129.000000	0.000000	0.000000
849.999108	ecoli_transcript	63664.000000	0.000000	0.000000
849.999108	ecolipol	35.000000	0.000000	0.000000
849.999108	gene_A	208.000000	621.000000	0.001610
849.999108	gene_A*	147.000000	608.000000	0.001645
849.999108	gene_B	150.000000	611.000000	0.000000
849.999108	gene_C	151.000000	601.000000	0.000000
849.999108	gene_D	207.000000	615.000000	0.000000
849.999108	gene_E	155.000000	611.000000	0.000000
849.999108	gene_F	80.000000	421.000000	0.000000
849.999108	gene_G	34.000000	318.000000	0.037736
849.999108	gene_H	0.000000	209.000000	0.177033
849.999108	gene_J	100.000000	603.000000	0.081260
849.999108	gene_K	118.000000	603.000000	0.000000
849.999108	promoter_A	0.000000	0.000000	0.000000
849.999108	promoter_B1	0.000000	0.000000	0.000000
849.999108	promoter_D	0.000000	0.000000	0.000000
854.999265	__gene_A*_rbs	612.000000	0.000000	0.000000
854.999265	__gene_A_rbs	625.000000	0.000000	0.000000
854.999265	__gene_B_rbs	614.000000	0.000000	0.000000
854.999265	__gene_C_rbs	604.000000	0.000000	0.000000
854.999265	__gene_D_rbs	619.000000	0.000000	0.000000
854.999265	__gene_E_rbs	614.000000	0.000000	0.000000
854.999265	__gene_F_rbs	424.000000	0.000000	0.000000
854.999265	__gene_G_rbs	321.000000	0.000000	0.000000
854.999265	__gene_H_rbs	211.000000	0.000000	0.000000
854.999265	__gene_J_rbs	608.000000	0.000000	0.000000
854.999265	__gene_K_rbs	606.000000	0.000000	0.000000
854.999265	__ribosome	0.000000	0.000000	0.000000
854.999265	bound_ecolipol	1860.000000	0.000000	0.000000
854.999265	bound_ribosome	100.000000	0.000000	0.000000
854.999265	ecoli_genome	140.000000	0.000000	0.000000
854.999265	ecoli_transcript	64056.000000	0.000000	0.000000
854.999265	ecolipol	44.000000	0.000000	0.000000
854.999265	gene_A	208.000000	625.000000	0.001600
854.999265	gene_A*	147.000000	612.000000	0.001634
854.999265	gene_B	150.000000	615.000000	0.000000
854.999265	gene_C	151.000000	604.000000	0.000000
854.999265	gene_D	207.000000	619.000000	0.000000
854.999265	gene_E	155.000000	614.000000	0.000000
854.999265	gene_F	80.000000	424.000000	0.000000
854.999265	gene_G	34.000000	321.000000	0.037383
854.999265	gene_H	0.000000	211.000000	0.175355
854.999265	gene_J	100.000000	607.000000	0.080725
854.999265	gene_K	118.000000	606.000000	0.000000
854.999265	promoter_A	0.000000	0.000000	0.000000
854.999265	promoter_B1	0.000000	0.000000	0.000000
854.999265	promoter_D	0.000000	0.000000	0.000000
859.999163	__gene_A*_rbs	615.000000	0.000000	0.000000
859.999163	__gene_A_rbs	629.000000	0.000000	0.000000
859.999163	__gene_B_rbs	619.000000	0.000000	0.000000
859.999163	__gene_C_rbs	608.000000	0.000000	0.000000
859.999163	__gene_D_rbs	623.000000	0.000000	0.000000
859.999163	__gene_E_rbs	618.000000	0.000000	0.000000
859.999163	__gene_F_rbs	427.000000	0.000000	0.000000
859.999163	__gene_G_rbs	324.000000	0.000000	0.000000
859.999163	__gene_H_rbs	214.000000	0.000000	0.000000
859.999163	__gene_J_rbs	612.000000	0.000000	0.000000
859.999163	__gene_K_rbs	610.000000	0.000000	0.000000
859.999163	__ribosome	0.000000	0.000000	0.000000
859.999163	bound_ecolipol	1866.000000	0.000000	0.000000
859.999163	bound_ribosome	100.000000	0.000000	0.000000
859.999163	ecoli_genome	134.000000	0.000000	0.000000
859.999163	ecoli_transcript	64429.000000	0.000000	0.000000
859.999163	ecolipol	37.000000	0.000000	0.000000
859.999163	gene_A	208.000000	629.000000	0.001590
859.999163	gene_A*	147.000000	615.000000	0.001626
859.999163	gene_B	150.000000	619.000000	0.000000
859.999163	gene_C	151.000000	608.000000	0.000000
859.999163	gene_D	207.000000	623.000000	0.000000
859.999163	gene_E	155.000000	618.000000	0.000000
859.999163	gene_F	80.000000	427.000000	0.000000
859.999163	gene_G	34.000000	324.000000	0.037037
859.999163	gene_H	0.000000	214.000000	0.172897
859.999163	gene_J	100.000000	611.000000	0.080196
859.999163	gene_K	118.000000	610.000000	0.000000
859.999163	promoter_A	0.000000	0.000000	0.000000
859.999163	promoter_B1	0.000000	0.000000	0.000000
859.999163	promoter_D	0.000000	0.000000	0.000000
864.999210	__gene_A*_rbs	619.000000	0.000000	0.000000
864.999210	__gene_A_rbs	632.000000	0.000000	0.000000
864.999210	__gene_B_rbs	623.000000	0.000000	0.000000
864.999210	__gene_C_rbs	612.000000	0.000000	0.000000
864.999210	__gene_D_rbs	627.000000	0.000000	0.000000
864.999210	__gene_E_rbs	622.000000	0.000000	0.000000
864.999210	__gene_F_rbs	430.000000	0.000000	0.000000
864.999210	__gene_G_rbs	326.000000	0.000000	0.000000
864.999210	__gene_H_rbs	216.000000	0.000000	0.000000
864.999210	__gene_J_rbs	615.000000	0.000000	0.000000
864.999210	__gene_K_rbs	614.000000	0.000000	0.000000
864.999210	__ribosome	0.000000	0.000000	0.000000
864.999210	bound_ecolipol	1868.000000	0.000000	0.000000
864.999210	bound_ribosome	100.000000	0.000000	0.000000
864.999210	ecoli_genome	132.000000	0.000000	0.000000
864.999210	ecoli_transcript	64770.000000	0.000000	0.000000
864.999210	ecolipol	36.000000	0.000000	0.000000
864.999210	gene_A	208.000000	632.000000	0.001582
864.999210	gene_A*	147.000000	619.000000	0.001616
864.999210	gene_B	150.000000	623.000000	0.000000
864.999210	gene_C	151.000000	612.000000	0.000000
864.999210	gene_D	207.000000	627.000000	0.000000
864.999210	gene_E	155.000000	622.000000	0.000000
864.999210	gene_F	80.000000	430.000000	0.000000
864.999210	gene_G	34.000000	326.000000	0.036810
864.999210	gene_H	0.000000	216.000000	0.171296
864.999210	gene_J	100.000000	614.000000	0.079805
864.999210	gene_K	118.000000	614.000000	0.000000
864.999210	promoter_A	0.000000	0.000000	0.000000
864.999210	promoter_B1	0.000000	0.000000	0.000000
864.999210	promoter_D	0.000000	0.000000	0.000000
869.999338	__gene_A*_rbs	622.000000	0.000000	0.000000
869.999338	__gene_A_rbs	636.000000	0.000000	0.000000
869.999338	__gene_B_rbs	626.000000	0.000000	0.000000
869.999338	__gene_C_rbs	615.000000	0.000000	0.000000
869.999338	__gene_D_rbs	630.000000	0.000000	0.000000
869.999338	__gene_E_rbs	626.000000	0.000000	0.000000
869.999338	__gene_F_rbs	433.000000	0.000000	0.000000
869.999338	__gene_G_rbs	326.000000	0.000000	0.000000
869.999338	__gene_H_rbs	217.000000	0.000000	0.000000
869.999338	__gene_J_rbs	619.000000	0.000000	0.000000
869.999338	__gene_K_rbs	618.000000	0.000000	0.000000
869.999338	__ribosome	0.000000	0.000000	0.000000
869.999338	bound_ecolipol	1865.000000	0.000000	0.000000
869.999338	bound_ribosome	100.000000	0.000000	0.000000
869.999338	ecoli_genome	135.000000	0.000000	0.000000
869.999338	ecoli_transcript	65147.000000	0.000000	0.000000
869.999338	ecolipol	40.000000	0.000000	0.000000
869.999338	gene_A	208.000000	636.000000	0.001572
869.999338	gene_A*	147.000000	622.000000	0.001608
869.999338	gene_B	150.000000	626.000000	0.000000
869.999338	gene_C	151.000000	615.000000	0.000000
869.999338	gene_D	207.000000	630.000000	0.000000
869.999338	gene_E	155.000000	626.000000	0.000000
869.999338	gene_F	80.000000	433.000000	0.000000
869.999338	gene_G	34.000000	326.000000	0.036810
869.999338	gene_H	0.000000	217.000000	0.170507
869.999338	gene_J	100.000000	618.000000	0.079288
869.999338	gene_K	118.000000	618.000000	0.000000
869.999338	promoter_A	0.000000	0.000000	0.000000
869.999338	promoter_B1	0.000000	0.000000	0.000000
869.999338	promoter_D	0.000000	0.000000	0.000000
874.999070	__gene_A*_rbs	626.000000	0.000000	0.000000
874.999070	__gene_A_rbs	640.000000	0.000000	0.000000
874.999070	__gene_B_rbs	630.000000	0.000000	0.000000
874.999070	__gene_C_rbs	619.000000	0.000000	0.000000
874.999070	__gene_D_rbs	634.000000	0.000000	0.000000
874.999070	__gene_E_rbs	630.000000	0.000000	0.000000
874.999070	__gene_F_rbs	436.000000	0.000000	0.000000
874.999070	__gene_G_rbs	328.000000	0.000000	0.000000
874.999070	__gene_H_rbs	218.000000	0.000000	0.000000
874.999070	__gene_J_rbs	623.000000	0.000000	0.000000
874.999070	__gene_K_rbs	621.000000	0.000000	0.000000
874.999070	__ribosome	0.000000	0.000000	0.000000
874.999070	bound_ecolipol	1882.000000	0.000000	0.000000
874.999070	bound_ribosome	100.000000	0.000000	0.000000
874.999070	ecoli_genome	118.000000	0.000000	0.000000
874.999070	ecoli_transcript	65524.000000	0.000000	0.000000
874.999070	ecolipol	25.000000	0.000000	0.000000
874.999070	gene_A	208.000000	640.000000	0.001563
874.999070	gene_A*	148.000000	626.000000	0.000000
874.999070	gene_B	150.000000	630.000000	0.000000
874.999070	gene_C	151.000000	619.000000	0.000000
874.999070	gene_D	207.000000	634.000000	0.000000
874.999070	gene_E	155.000000	630.000000	0.001587
874.999070	gene_F	80.000000	436.000000	0.000000
874.999070	gene_G	34.000000	328.000000	0.036585
874.999070	gene_H	0.000000	218.000000	0.169725
874.999070	gene_J	100.000000	622.000000	0.078778
874.999070	gene_K	118.000000	621.000000	0.000000
874.999070	promoter_A	0.000000	0.000000	0.000000
874.999070	promoter_B1	0.000000	0.000000	0.000000
874.999070	promoter_D	0.000000	0.000000	0.000000
879.999007	__gene_A*_rbs	630.000000	0.000000	0.000000
879.999007	__gene_A_rbs	643.000000	0.000000	0.000000
879.999007	__gene_B_rbs	633.000000	0.000000	0.000000
879.999007	__gene_C_rbs	623.000000	0.000000	0.000000
879.999007	__gene_D_rbs	637.000000	0.000000	0.000000
879.999007	__gene_E_rbs	634.000000	0.000000	0.000000
879.999007	__gene_F_rbs	439.000000	0.000000	0.000000
879.999007	__gene_G_rbs	330.000000	0.000000	0.000000
879.999007	__gene_H_rbs	220.000000	0.000000	0.000000
879.999007	__gene_J_rbs	627.000000	0.000000	0.000000
879.999007	__gene_K_rbs	625.000000	0.000000	0.000000
879.999007	__ribosome	0.000000	0.000000	0.000000
879.999007	bound_ecolipol	1875.000000	0.000000	0.000000
879.999007	bound_ribosome	100.000000	0.000000	0.000000
879.999007	ecoli_genome	125.000000	0.000000	0.000000
879.999007	ecoli_transcript	65870.000000	0.000000	0.000000
879.999007	ecolipol	33.000000	0.000000	0.000000
879.999007	gene_A	208.000000	643.000000	0.001555
879.999007	gene_A*	148.000000	630.000000	0.000000
879.999007	gene_B	150.000000	633.000000	0.000000
879.999007	gene_C	151.000000	623.000000	0.000000
879.999007	gene_D	207.000000	637.000000	0.000000
879.999007	gene_E	155.000000	634.000000	0.001577
879.999007	gene_F	80.000000	439.000000	0.000000
879.999007	gene_G	34.000000	330.000000	0.036364
879.999007	gene_H	0.000000	220.000000	0.168182
879.999007	gene_J	100.000000	626.000000	0.078275
879.999007	gene_K	118.000000	625.000000	0.000000
879.999007	promoter_A	0.000000	0.000000	0.000000
879.999007	promoter_B1	0.000000	0.000000	0.000000
879.999007	promoter_D	0.000000	0.000000	0.000000
884.999006	__gene_A*_rbs	634.000000	0.000000	0.000000
884.999006	__gene_A_rbs	647.000000	0.000000	0.000000
884.999006	__gene_B_rbs	637.000000	0.000000	0.000000
884.999006	__gene_C_rbs	626.000000	0.000000	0.000000
884.999006	__gene_D_rbs	641.000000	0.000000	0.000000
884.999006	__gene_E_rbs	637.000000	0.000000	0.000000
884.999006	__gene_F_rbs	440.000000	0.000000	0.000000
884.999006	__gene_G_rbs	331.000000	0.000000	0.000000
884.999006	__gene_H_rbs	220.000000	0.000000	0.000000
884.999006	__gene_J_rbs	631.000000	0.000000	0.000000
884.999006	__gene_K_rbs	629.000000	0.000000	0.000000
884.999006	__ribosome	0.000000	0.000000	0.000000
884.999006	bound_ecolipol	1873.000000	0.000000	0.000000
884.999006	bound_ribosome	100.000000	0.000000	0.000000
884.999006	ecoli_genome	127.000000	0.000000	0.000000
884.999006	ecoli_transcript	66242.000000	0.000000	0.000000
884.999006	ecolipol	34.000000	0.000000	0.000000
884.999006	gene_A	208.000000	647.000000	0.001546
884.999006	gene_A*	148.000000	634.000000	0.000000
884.999006	gene_B	150.000000	637.000000	0.000000
884.999006	gene_C	151.000000	626.000000	0.000000
884.999006	gene_D	207.000000	641.000000	0.000000
884.999006	gene_E	156.000000	637.000000	0.000000
884.999006	gene_F	80.000000	440.000000	0.002273
884.999006	gene_G	34.000000	331.000000	0.036254
884.999006	gene_H	0.000000	220.000000	0.168182
884.999006	gene_J	100.000000	630.000000	0.077778
884.999006	gene_K	118.000000	629.000000	0.000000
884.999006	promoter_A	0.000000	0.000000	0.000000
884.999006	promoter_B1	0.000000	0.000000	0.000000
884.999006	promoter_D	0.000000	0.000000	0.000000
889.999250	__gene_A*_rbs	638.000000	0.000000	0.000000
889.999250	__gene_A_rbs	650.000000	0.000000	0.000000
889.999250	__gene_B_rbs	641.000000	0.000000	0.000000
889.999250	__gene_C_rbs	630.000000	0.000000	0.000000
889.999250	__gene_D_rbs	645.000000	0.000000	0.000000
889.999250	__gene_E_rbs	641.000000	0.000000	0.000000
889.999250	__gene_F_rbs	444.000000	0.000000	0.000000
889.999250	__gene_G_rbs	334.000000	0.000000	0.000000
889.999250	__gene_H_rbs	222.000000	0.000000	0.000000
889.999250	__gene_J_rbs	634.000000	0.000000	0.000000
889.999250	__gene_K_rbs	633.000000	0.000000	0.000000
889.999250	__ribosome	0.000000	0.000000	0.000000
889.999250	bound_ecolipol	1873.000000	0.000000	0.000000
889.999250	bound_ribosome	100.000000	0.000000	0.000000
889.999250	ecoli_genome	127.000000	0.000000	0.000000
889.999250	ecoli_transcript	66619.000000	0.000000	0.000000
889.999250	ecolipol	34.000000	0.000000	0.000000
889.999250	gene_A	209.000000	650.000000	0.000000
889.999250	gene_A*	148.000000	638.000000	0.000000
889.999250	gene_B	150.000000	641.000000	0.001560
889.999250	gene_C	151.000000	630.000000	0.000000
889.999250	gene_D	207.000000	645.000000	0.000000
889.999250	gene_E	156.000000	641.000000	0.000000
889.999250	gene_F	80.000000	444.000000	0.002252
889.999250	gene_G	34.000000	334.000000	0.035928
889.999250	gene_H	0.000000	222.000000	0.166667
889.999250	gene_J	100.000000	633.000000	0.077409
889.999250	gene_K	118.000000	633.000000	0.000000
889.999250	promoter_A	0.000000	0.000000	0.000000
889.999250	promoter_B1	0.000000	0.000000	0.000000
889.999250	promoter_D	0.000000	0.000000	0.000000
894.999076	__gene_A*_rbs	641.000000	0.000000	0.000000
894.999076	__gene_A_rbs	654.000000	0.000000	0.000000
894.999076	__gene_B_rbs	645.000000	0.000000	0.000000
894.999076	__gene_C_rbs	634.000000	0.000000	0.000000
894.999076	__gene_D_rbs	648.000000	0.000000	0.000000
894.999076	__gene_E_rbs	644.000000	0.000000	0.000000
894.999076	__gene_F_rbs	445.000000	0.000000	0.000000
894.999076	__gene_G_rbs	334.000000	0.000000	0.000000
894.999076	__gene_H_rbs	223.000000	0.000000	0.000000
894.999076	__gene_J_rbs	638.000000	0.000000	0.000000
894.999076	__gene_K_rbs	636.000000	0.000000	0.000000
894.999076	__ribosome	0.000000	0.000000	0.000000
894.999076	bound_ecolipol	1866.000000	0.000000	0.000000
894.999076	bound_ribosome	100.000000	0.000000	0.000000
894.999076	ecoli_genome	134.000000	0.000000	0.000000
894.999076	ecoli_transcript	67001.000000	0.000000	0.000000
894.999076	ecolipol	41.000000	0.000000	0.000000
894.999076	gene_A	209.000000	654.000000	0.000000
894.999076	gene_A*	148.000000	641.000000	0.000000
894.999076	gene_B	150.000000	645.000000	0.001550
894.999076	gene_C	151.000000	634.000000	0.000000
894.999076	gene_D	207.000000	648.000000	0.000000
894.999076	gene_E	156.000000	644.000000	0.000000
894.999076	gene_F	80.000000	445.000000	0.002247
894.999076	gene_G	34.000000	334.000000	0.035928
894.999076	gene_H	0.000000	223.000000	0.165919
894.999076	gene_J	100.000000	637.000000	0.076923
894.999076	gene_K	118.000000	636.000000	0.000000
894.999076	promoter_A	0.000000	0.000000	0.000000
894.999076	promoter_B1	0.000000	0.000000	0.000000
894.999076	promoter_D	0.000000	0.000000	0.000000
899.999078	__gene_A*_rbs	645.000000	0.000000	0.000000
899.999078	__gene_A_rbs	658.000000	0.000000	0.000000
899.999078	__gene_B_rbs	649.000000	0.000000	0.000000
899.999078	__gene_C_rbs	638.000000	0.000000	0.000000
899.999078	__gene_D_rbs	652.000000	0.000000	0.000000
899.999078	__gene_E_rbs	648.000000	0.000000	0.000000
899.999078	__gene_F_rbs	448.000000	0.000000	0.000000
899.999078	__gene_G_rbs	338.000000	0.000000	0.000000
899.999078	__gene_H_rbs	223.000000	0.000000	0.000000
899.999078	__gene_J_rbs	642.000000	0.000000	0.000000
899.999078	__gene_K_rbs	640.000000	0.000000	0.000000
899.999078	__ribosome	0.000000	0.000000	0.000000
899.999078	bound_ecolipol	1877.000000	0.000000	0.000000
899.999078	bound_ribosome	100.000000	0.000000	0.000000
899.999078	ecoli_genome	123.000000	0.000000	0.000000
899.999078	ecoli_transcript	67378.000000	0.000000	0.000000
899.999078	ecolipol	32.000000	0.000000	0.000000
899.999078	gene_A	209.000000	658.000000	0.000000
899.999078	gene_A*	148.000000	645.000000	0.000000
899.999078	gene_B	151.000000	649.000000	0.000000
899.999078	gene_C	151.000000	638.000000	0.000000
899.999078	gene_D	207.000000	652.000000	0.000000
899.999078	gene_E	156.000000	648.000000	0.000000
899.999078	gene_F	80.000000	448.000000	0.002232
899.999078	gene_G	34.000000	338.000000	0.035503
899.999078	gene_H	0.000000	223.000000	0.165919
899.999078	gene_J	100.000000	641.000000	0.078003
899.999078	gene_K	118.000000	640.000000	0.000000
899.999078	promoter_A	0.000000	0.000000	0.000000
899.999078	promoter_B1	0.000000	0.000000	0.000000
899.999078	promoter_D	0.000000	0.000000	0.000000
904.999013	__gene_A*_rbs	649.000000	0.000000	0.000000
904.999013	__gene_A_rbs	661.000000	0.000000	0.000000
904.999013	__gene_B_rbs	652.000000	0.000000	0.000000
904.999013	__gene_C_rbs	641.000000	0.000000	0.000000
904.999013	__gene_D_rbs	656.000000	0.000000	0.000000
904.999013	__gene_E_rbs	651.000000	0.000000	0.000000
904.999013	__gene_F_rbs	452.000000	0.000000	0.000000
904.999013	__gene_G_rbs	340.000000	0.000000	0.000000
904.999013	__gene_H_rbs	225.000000	0.000000	0.000000
904.999013	__gene_J_rbs	645.000000	0.000000	0.000000
904.999013	__gene_K_rbs	644.000000	0.000000	0.000000
904.999013	__ribosome	0.000000	0.000000	0.000000
904.999013	bound_ecolipol	1868.000000	0.000000	0.000000
904.999013	bound_ribosome	100.000000	0.000000	0.000000
904.999013	ecoli_genome	132.000000	0.000000	0.000000
904.999013	ecoli_transcript	67786.000000	0.000000	0.000000
904.999013	ecolipol	40.000000	0.000000	0.000000
904.999013	gene_A	209.000000	661.000000	0.000000
904.999013	gene_A*	148.000000	649.000000	0.000000
904.999013	gene_B	151.000000	652.000000	0.000000
904.999013	gene_C	151.000000	641.000000	0.000000
904.999013	gene_D	207.000000	656.000000	0.000000
904.999013	gene_E	156.000000	651.000000	0.000000
904.999013	gene_F	80.000000	452.000000	0.004425
904.999013	gene_G	34.000000	340.000000	0.035294
904.999013	gene_H	0.000000	225.000000	0.164444
904.999013	gene_J	101.000000	644.000000	0.076087
904.999013	gene_K	118.000000	644.000000	0.000000
904.999013	promoter_A	0.000000	0.000000	0.000000
904.999013	promoter_B1	0.000000	0.000000	0.000000
904.999013	promoter_D	0.000000	0.000000	0.000000
909.999054	__gene_A*_rbs	653.000000	0.000000	0.000000
909.999054	__gene_A_rbs	665.000000	0.000000	0.000000
909.999054	__gene_B_rbs	655.000000	0.000000	0.000000
909.999054	__gene_C_rbs	645.000000	0.000000	0.000000
909.999054	__gene_D_rbs	659.000000	0.000000	0.000000
909.999054	__gene_E_rbs	655.000000	0.000000	0.000000
909.999054	__gene_F_rbs	453.000000	0.000000	0.000000
909.999054	__gene_G_rbs	343.000000	0.000000	0.000000
909.999054	__gene_H_rbs	225.000000	0.000000	0.000000
909.999054	__gene_J_rbs	649.000000	0.000000	0.000000
909.999054	__gene_K_rbs	647.000000	0.000000	0.000000
909.999054	__ribosome	0.000000	0.000000	0.000000
909.999054	bound_ecolipol	1877.000000	0.000000	0.000000
909.999054	bound_ribosome	100.000000	0.000000	0.000000
909.999054	ecoli_genome	123.000000	0.000000	0.000000
909.999054	ecoli_transcript	68126.000000	0.000000	0.000000
909.999054	ecolipol	29.000000	0.000000	0.000000
909.999054	gene_A	209.000000	665.000000	0.000000
909.999054	gene_A*	148.000000	653.000000	0.000000
909.999054	gene_B	151.000000	655.000000	0.000000
909.999054	gene_C	151.000000	645.000000	0.000000
909.999054	gene_D	207.000000	659.000000	0.000000
909.999054	gene_E	156.000000	655.000000	0.000000
909.999054	gene_F	80.000000	453.000000	0.004415
909.999054	gene_G	34.000000	343.000000	0.034985
909.999054	gene_H	0.000000	225.000000	0.164444
909.999054	gene_J	101.000000	648.000000	0.075617
909.999054	gene_K	118.000000	647.000000	0.000000
909.999054	promoter_A	0.000000	0.000000	0.000000
909.999054	promoter_B1	0.000000	0.000000	0.000000
909.999054	promoter_D	0.000000	0.000000	0.000000
914.999098	__gene_A*_rbs	657.000000	0.000000	0.000000
914.999098	__gene_A_rbs	669.000000	0.000000	0.000000
914.999098	__gene_B_rbs	659.000000	0.000000	0.000000
914.999098	__gene_C_rbs	649.000000	0.000000	0.000000
914.999098	__gene_D_rbs	663.000000	0.000000	0.000000
914.999098	__gene_E_rbs	659.000000	0.000000	0.000000
914.999098	__gene_F_rbs	456.000000	0.000000	0.000000
914.999098	__gene_G_rbs	346.000000	0.000000	0.000000
914.999098	__gene_H_rbs	227.000000	0.000000	0.000000
914.999098	__gene_J_rbs	652.000000	0.000000	0.000000
914.999098	__gene_K_rbs	651.000000	0.000000	0.000000
914.999098	__ribosome	0.000000	0.000000	0.000000
914.999098	bound_ecolipol	1870.000000	0.000000	0.000000
914.999098	bound_ribosome	100.000000	0.000000	0.000000
914.999098	ecoli_genome	130.000000	0.000000	0.000000
914.999098	ecoli_transcript	68509.000000	0.000000	0.000000
914.999098	ecolipol	35.000000	0.000000	0.000000
914.999098	gene_A	209.000000	669.000000	0.000000
914.999098	gene_A*	148.000000	657.000000	0.000000
914.999098	gene_B	151.000000	659.000000	0.000000
914.999098	gene_C	151.000000	649.000000	0.000000
914.999098	gene_D	207.000000	663.000000	0.000000
914.999098	gene_E	156.000000	659.000000	0.000000
914.999098	gene_F	80.000000	456.000000	0.004386
914.999098	gene_G	34.000000	346.000000	0.034682
914.999098	gene_H	0.000000	227.000000	0.162996
914.999098	gene_J	101.000000	651.000000	0.075269
914.999098	gene_K	118.000000	651.000000	0.000000
914.999098	promoter_A	0.000000	0.000000	0.000000
914.999098	promoter_B1	0.000000	0.000000	0.000000
914.999098	promoter_D	0.000000	0.000000	0.000000
919.999088	__gene_A*_rbs	660.000000	0.000000	0.000000
919.999088	__gene_A_rbs	673.000000	0.000000	0.000000
919.999088	__gene_B_rbs	663.000000	0.000000	0.000000
919.999088	__gene_C_rbs	652.000000	0.000000	0.000000
919.999088	__gene_D_rbs	667.000000	0.000000	0.000000
919.999088	__gene_E_rbs	663.000000	0.000000	0.000000
919.999088	__gene_F_rbs	459.000000	0.000000	0.000000
919.999088	__gene_G_rbs	349.000000	0.000000	0.000000
919.999088	__gene_H_rbs	228.000000	0.000000	0.000000
919.999088	__gene_J_rbs	656.000000	0.000000	0.000000
919.999088	__gene_K_rbs	654.000000	0.000000	0.000000
919.999088	__ribosome	0.000000	0.000000	0.000000
919.999088	bound_ecolipol	1867.000000	0.000000	0.000000
919.999088	bound_ribosome	100.000000	0.000000	0.000000
919.999088	ecoli_genome	133.000000	0.000000	0.000000
919.999088	ecoli_transcript	68888.000000	0.000000	0.000000
919.999088	ecolipol	39.000000	0.000000	0.000000
919.999088	gene_A	209.000000	673.000000	0.000000
919.999088	gene_A*	148.000000	660.000000	0.000000
919.999088	gene_B	151.000000	663.000000	0.000000
919.999088	gene_C	151.000000	652.000000	0.000000
919.999088	gene_D	207.000000	667.000000	0.000000
919.999088	gene_E	156.000000	663.000000	0.000000
919.999088	gene_F	80.000000	459.000000	0.004357
919.999088	gene_G	34.000000	349.000000	0.034384
919.999088	gene_H	0.000000	228.000000	0.162281
919.999088	gene_J	101.000000	655.000000	0.074809
919.999088	gene_K	118.000000	654.000000	0.000000
919.999088	promoter_A	0.000000	0.000000	0.000000
919.999088	promoter_B1	0.000000	0.000000	0.000000
919.999088	promoter_D	0.000000	0.000000	0.000000
924.999135	__gene_A*_rbs	664.000000	0.000000	0.000000
924.999135	__gene_A_rbs	676.000000	0.000000	0.000000
924.999135	__gene_B_rbs	667.000000	0.000000	0.000000
924.999135	__gene_C_rbs	656.000000	0.000000	0.000000
924.999135	__gene_D_rbs	671.000000	0.000000	0.000000
924.999135	__gene_E_rbs	666.000000	0.000000	0.000000
924.999135	__gene_F_rbs	463.000000	0.000000	0.000000
924.999135	__gene_G_rbs	351.000000	0.000000	0.000000
924.999135	__gene_H_rbs	230.000000	0.000000	0.000000
924.999135	__gene_J_rbs	660.000000	0.000000	0.000000
924.999135	__gene_K_rbs	658.000000	0.000000	0.000000
924.999135	__ribosome	0.000000	0.000000	0.000000
924.999135	bound_ecolipol	1872.000000	0.000000	0.000000
924.999135	bound_ribosome	100.000000	0.000000	0.000000
924.999135	ecoli_genome	128.000000	0.000000	0.000000
924.999135	ecoli_transcript	69253.000000	0.000000	0.000000
924.999135	ecolipol	32.000000	0.000000	0.000000
924.999135	gene_A	209.000000	676.000000	0.000000
924.999135	gene_A*	148.000000	664.000000	0.000000
924.999135	gene_B	151.000000	667.000000	0.000000
924.999135	gene_C	151.000000	656.000000	0.000000
924.999135	gene_D	207.000000	671.000000	0.000000
924.999135	gene_E	156.000000	666.000000	0.000000
924.999135	gene_F	81.000000	463.000000	0.002160
924.999135	gene_G	34.000000	351.000000	0.034188
924.999135	gene_H	0.000000	230.000000	0.165217
924.999135	gene_J	101.000000	659.000000	0.074355
924.999135	gene_K	118.000000	658.000000	0.000000
924.999135	promoter_A	0.000000	0.000000	0.000000
924.999135	promoter_B1	0.000000	0.000000	0.000000
924.999135	promoter_D	0.000000	0.000000	0.000000
929.999116	__gene_A*_rbs	668.000000	0.000000	0.000000
929.999116	__gene_A_rbs	680.000000	0.000000	0.000000
929.999116	__gene_B_rbs	671.000000	0.000000	0.000000
929.999116	__gene_C_rbs	660.000000	0.000000	0.000000
929.999116	__gene_D_rbs	675.000000	0.000000	0.000000
929.999116	__gene_E_rbs	670.000000	0.000000	0.000000
929.999116	__gene_F_rbs	465.000000	0.000000	0.000000
929.999116	__gene_G_rbs	353.000000	0.000000	0.000000
929.999116	__gene_H_rbs	232.000000	0.000000	0.000000
929.999116	__gene_J_rbs	664.000000	0.000000	0.000000
929.999116	__gene_K_rbs	662.000000	0.000000	0.000000
929.999116	__ribosome	0.000000	0.000000	0.000000
929.999116	bound_ecolipol	1871.000000	0.000000	0.000000
929.999116	bound_ribosome	100.000000	0.000000	0.000000
929.999116	ecoli_genome	129.000000	0.000000	0.000000
929.999116	ecoli_transcript	69634.000000	0.000000	0.000000
929.999116	ecolipol	34.000000	0.000000	0.000000
929.999116	gene_A	209.000000	680.000000	0.000000
929.999116	gene_A*	148.000000	668.000000	0.000000
929.999116	gene_B	151.000000	671.000000	0.000000
929.999116	gene_C	151.000000	660.000000	0.000000
929.999116	gene_D	207.000000	675.000000	0.000000
929.999116	gene_E	156.000000	670.000000	0.000000
929.999116	gene_F	81.000000	465.000000	0.002151
929.999116	gene_G	34.000000	353.000000	0.033994
929.999116	gene_H	0.000000	232.000000	0.163793
929.999116	gene_J	101.000000	663.000000	0.073906
929.999116	gene_K	118.000000	662.000000	0.000000
929.999116	promoter_A	0.000000	0.000000	0.000000
929.999116	promoter_B1	0.000000	0.000000	0.000000
929.999116	promoter_D	0.000000	0.000000	0.000000
934.999079	__gene_A*_rbs	671.000000	0.000000	0.000000
934.999079	__gene_A_rbs	684.000000	0.000000	0.000000
934.999079	__gene_B_rbs	674.000000	0.000000	0.000000
934.999079	__gene_C_rbs	663.000000	0.000000	0.000000
934.999079	__gene_D_rbs	678.000000	0.000000	0.000000
934.999079	__gene_E_rbs	674.000000	0.000000	0.000000
934.999079	__gene_F_rbs	467.000000	0.000000	0.000000
934.999079	__gene_G_rbs	355.000000	0.000000	0.000000
934.999079	__gene_H_rbs	234.000000	0.000000	0.000000
934.999079	__gene_J_rbs	667.000000	0.000000	0.000000
934.999079	__gene_K_rbs	665.000000	0.000000	0.000000
934.999079	__ribosome	0.000000	0.000000	0.000000
934.999079	bound_ecolipol	1870.000000	0.000000	0.000000
934.999079	bound_ribosome	100.000000	0.000000	0.000000
934.999079	ecoli_genome	130.000000	0.000000	0.000000
934.999079	ecoli_transcript	70016.000000	0.000000	0.000000
934.999079	ecolipol	36.000000	0.000000	0.000000
934.999079	gene_A	209.000000	684.000000	0.000000
934.999079	gene_A*	148.000000	671.000000	0.000000
934.999079	gene_B	151.000000	674.000000	0.000000
934.999079	gene_C	151.000000	663.000000	0.000000
934.999079	gene_D	207.000000	678.000000	0.000000
934.999079	gene_E	156.000000	674.000000	0.000000
934.999079	gene_F	81.000000	467.000000	0.002141
934.999079	gene_G	34.000000	355.000000	0.033803
934.999079	gene_H	0.000000	234.000000	0.162393
934.999079	gene_J	101.000000	666.000000	0.073574
934.999079	gene_K	118.000000	665.000000	0.000000
934.999079	promoter_A	0.000000	0.000000	0.000000
934.999079	promoter_B1	0.000000	0.000000	0.000000
934.999079	promoter_D	0.000000	0.000000	0.000000
939.999404	__gene_A*_rbs	675.000000	0.000000	0.000000
939.999404	__gene_A_rbs	687.000000	0.000000	0.000000
939.999404	__gene_B_rbs	677.000000	0.000000	0.000000
939.999404	__gene_C_rbs	667.000000	0.000000	0.000000
939.999404	__gene_D_rbs	682.000000	0.000000	0.000000
939.999404	__gene_E_rbs	677.000000	0.000000	0.000000
939.999404	__gene_F_rbs	470.000000	0.000000	0.000000
939.999404	__gene_G_rbs	357.000000	0.000000	0.000000
939.999404	__gene_H_rbs	236.000000	0.000000	0.000000
939.999404	__gene_J_rbs	671.000000	0.000000	0.000000
939.999404	__gene_K_rbs	669.000000	0.000000	0.000000
939.999404	__ribosome	0.000000	0.000000	0.000000
939.999404	bound_ecolipol	1867.000000	0.000000	0.000000
939.999404	bound_ribosome	100.000000	0.000000	0.000000
939.999404	ecoli_genome	133.000000	0.000000	0.000000
939.999404	ecoli_transcript	70431.000000	0.000000	0.000000
939.999404	ecolipol	38.000000	0.000000	0.000000
939.999404	gene_A	209.000000	687.000000	0.000000
939.999404	gene_A*	148.000000	675.000000	0.000000
939.999404	gene_B	151.000000	677.000000	0.000000
939.999404	gene_C	151.000000	667.000000	0.000000
939.999404	gene_D	207.000000	682.000000	0.000000
939.999404	gene_E	156.000000	677.000000	0.000000
939.999404	gene_F	81.000000	470.000000	0.002128
939.999404	gene_G	34.000000	357.000000	0.033613
939.999404	gene_H	0.000000	236.000000	0.161017
939.999404	gene_J	101.000000	670.000000	0.073134
939.999404	gene_K	118.000000	669.000000	0.000000
939.999404	promoter_A	0.000000	0.000000	0.000000
939.999404	promoter_B1	0.000000	0.000000	0.000000
939.999404	promoter_D	0.000000	0.000000	0.000000
944.999025	__gene_A*_rbs	678.000000	0.000000	0.000000
944.999025	__gene_A_rbs	691.000000	0.000000	0.000000
944.999025	__gene_B_rbs	681.000000	0.000000	0.000000
944.999025	__gene_C_rbs	671.000000	0.000000	0.000000
944.999025	__gene_D_rbs	686.000000	0.000000	0.000000
944.999025	__gene_E_rbs	681.000000	0.000000	0.000000
944.999025	__gene_F_rbs	473.000000	0.000000	0.000000
944.999025	__gene_G_rbs	361.000000	0.000000	0.000000
944.999025	__gene_H_rbs	238.000000	0.000000	0.000000
944.999025	__gene_J_rbs	674.000000	0.000000	0.000000
944.999025	__gene_K_rbs	673.000000	0.000000	0.000000
944.999025	__ribosome	0.000000	0.000000	0.000000
944.999025	bound_ecolipol	1867.000000	0.000000	0.000000
944.999025	bound_ribosome	100.000000	0.000000	0.000000
944.999025	ecoli_genome	133.000000	0.000000	0.000000
944.999025	ecoli_transcript	70805.000000	0.000000	0.000000
944.999025	ecolipol	36.000000	0.000000	0.000000
944.999025	gene_A	209.000000	691.000000	0.000000
944.999025	gene_A*	148.000000	678.000000	0.000000
944.999025	gene_B	151.000000	681.000000	0.000000
944.999025	gene_C	151.000000	671.000000	0.000000
944.999025	gene_D	207.000000	686.000000	0.000000
944.999025	gene_E	156.000000	681.000000	0.000000
944.999025	gene_F	81.000000	473.000000	0.002114
944.999025	gene_G	34.000000	361.000000	0.033241
944.999025	gene_H	0.000000	238.000000	0.159664
944.999025	gene_J	101.000000	673.000000	0.072808
944.999025	gene_K	118.000000	673.000000	0.000000
944.999025	promoter_A	0.000000	0.000000	0.000000
944.999025	promoter_B1	0.000000	0.000000	0.000000
944.999025	promoter_D	0.000000	0.000000	0.000000
949.999112	__gene_A*_rbs	682.000000	0.000000	0.000000
949.999112	__gene_A_rbs	695.000000	0.000000	0.000000
949.999112	__gene_B_rbs	685.000000	0.000000	0.000000
949.999112	__gene_C_rbs	675.000000	0.000000	0.000000
949.999112	__gene_D_rbs	689.000000	0.000000	0.000000
949.999112	__gene_E_rbs	685.000000	0.000000	0.000000
949.999112	__gene_F_rbs	475.000000	0.000000	0.000000
949.999112	__gene_G_rbs	362.000000	0.000000	0.000000
949.999112	__gene_H_rbs	239.000000	0.000000	0.000000
949.999112	__gene_J_rbs	678.000000	0.000000	0.000000
949.999112	__gene_K_rbs	677.000000	0.000000	0.000000
949.999112	__ribosome	0.000000	0.000000	0.000000
949.999112	bound_ecolipol	1860.000000	0.000000	0.000000
949.999112	bound_ribosome	100.000000	0.000000	0.000000
949.999112	ecoli_genome	140.000000	0.000000	0.000000
949.999112	ecoli_transcript	71208.000000	0.000000	0.000000
949.999112	ecolipol	42.000000	0.000000	0.000000
949.999112	gene_A	209.000000	695.000000	0.001439
949.999112	gene_A*	148.000000	682.000000	0.000000
949.999112	gene_B	151.000000	685.000000	0.000000
949.999112	gene_C	151.000000	675.000000	0.000000
949.999112	gene_D	207.000000	689.000000	0.000000
949.999112	gene_E	156.000000	685.000000	0.000000
949.999112	gene_F	82.000000	475.000000	0.000000
949.999112	gene_G	34.000000	362.000000	0.033149
949.999112	gene_H	0.000000	239.000000	0.158996
949.999112	gene_J	101.000000	677.000000	0.072378
949.999112	gene_K	118.000000	677.000000	0.000000
949.999112	promoter_A	0.000000	0.000000	0.000000
949.999112	promoter_B1	0.000000	0.000000	0.000000
949.999112	promoter_D	0.000000	0.000000	0.000000
954.999145	__gene_A*_rbs	686.000000	0.000000	0.000000
954.999145	__gene_A_rbs	698.000000	0.000000	0.000000
954.999145	__gene_B_rbs	688.000000	0.000000	0.000000
954.999145	__gene_C_rbs	678.000000	0.000000	0.000000
954.999145	__gene_D_rbs	693.000000	0.000000	0.000000
954.999145	__gene_E_rbs	688.000000	0.000000	0.000000
954.999145	__gene_F_rbs	478.000000	0.000000	0.000000
954.999145	__gene_G_rbs	364.000000	0.000000	0.000000
954.999145	__gene_H_rbs	242.000000	0.000000	0.000000
954.999145	__gene_J_rbs	682.000000	0.000000	0.000000
954.999145	__gene_K_rbs	680.000000	0.000000	0.000000
954.999145	__ribosome	0.000000	0.000000	0.000000
954.999145	bound_ecolipol	1864.000000	0.000000	0.000000
954.999145	bound_ribosome	100.000000	0.000000	0.000000
954.999145	ecoli_genome	136.000000	0.000000	0.000000
954.999145	ecoli_transcript	71606.000000	0.000000	0.000000
954.999145	ecolipol	40.000000	0.000000	0.000000
954.999145	gene_A	209.000000	698.000000	0.001433
954.999145	gene_A*	148.000000	686.000000	0.000000
954.999145	gene_B	151.000000	688.000000	0.000000
954.999145	gene_C	151.000000	678.000000	0.000000
954.999145	gene_D	207.000000	693.000000	0.000000
954.999145	gene_E	156.000000	688.000000	0.000000
954.999145	gene_F	82.000000	478.000000	0.000000
954.999145	gene_G	34.000000	364.000000	0.032967
954.999145	gene_H	0.000000	242.000000	0.157025
954.999145	gene_J	101.000000	681.000000	0.071953
954.999145	gene_K	118.000000	680.000000	0.000000
954.999145	promoter_A	0.000000	0.000000	0.000000
954.999145	promoter_B1	0.000000	0.000000	0.000000
954.999145	promoter_D	0.000000	0.000000	0.000000
959.999263	__gene_A*_rbs	690.000000	0.000000	0.000000
959.999263	__gene_A_rbs	702.000000	0.000000	0.000000
959.999263	__gene_B_rbs	692.000000	0.000000	0.000000
959.999263	__gene_C_rbs	682.000000	0.000000	0.000000
959.999263	__gene_D_rbs	697.000000	0.000000	0.000000
959.999263	__gene_E_rbs	693.000000	0.000000	0.000000
959.999263	__gene_F_rbs	481.000000	0.000000	0.000000
959.999263	__gene_G_rbs	365.000000	0.000000	0.000000
959.999263	__gene_H_rbs	244.000000	0.000000	0.000000
959.999263	__gene_J_rbs	686.000000	0.000000	0.000000
959.999263	__gene_K_rbs	684.000000	0.000000	0.000000
959.999263	__ribosome	0.000000	0.000000	0.000000
959.999263	bound_ecolipol	1873.000000	0.000000	0.000000
959.999263	bound_ribosome	100.000000	0.000000	0.000000
959.999263	ecoli_genome	127.000000	0.000000	0.000000
959.999263	ecoli_transcript	71968.000000	0.000000	0.000000
959.999263	ecolipol	32.000000	0.000000	0.000000
959.999263	gene_A	209.000000	702.000000	0.001425
959.999263	gene_A*	148.000000	690.000000	0.000000
959.999263	gene_B	151.000000	692.000000	0.000000
959.999263	gene_C	151.000000	682.000000	0.000000
959.999263	gene_D	207.000000	697.000000	0.000000
959.999263	gene_E	156.000000	693.000000	0.000000
959.999263	gene_F	82.000000	481.000000	0.000000
959.999263	gene_G	34.000000	365.000000	0.032877
959.999263	gene_H	0.000000	244.000000	0.155738
959.999263	gene_J	101.000000	685.000000	0.071533
959.999263	gene_K	118.000000	684.000000	0.000000
959.999263	promoter_A	0.000000	0.000000	0.000000
959.999263	promoter_B1	0.000000	0.000000	0.000000
959.999263	promoter_D	0.000000	0.000000	0.000000
964.999198	__gene_A*_rbs	692.000000	0.000000	0.000000
964.999198	__gene_A_rbs	706.000000	0.000000	0.000000
964.999198	__gene_B_rbs	696.000000	0.000000	0.000000
964.999198	__gene_C_rbs	685.000000	0.000000	0.000000
964.999198	__gene_D_rbs	701.000000	0.000000	0.000000
964.999198	__gene_E_rbs	696.000000	0.000000	0.000000
964.999198	__gene_F_rbs	483.000000	0.000000	0.000000
964.999198	__gene_G_rbs	369.000000	0.000000	0.000000
964.999198	__gene_H_rbs	245.000000	0.000000	0.000000
964.999198	__gene_J_rbs	690.000000	0.000000	0.000000
964.999198	__gene_K_rbs	687.000000	0.000000	0.000000
964.999198	__ribosome	0.000000	0.000000	0.000000
964.999198	bound_ecolipol	1863.000000	0.000000	0.000000
964.999198	bound_ribosome	100.000000	0.000000	0.000000
964.999198	ecoli_genome	137.000000	0.000000	0.000000
964.999198	ecoli_transcript	72320.000000	0.000000	0.000000
964.999198	ecolipol	42.000000	0.000000	0.000000
964.999198	gene_A	209.000000	706.000000	0.001416
964.999198	gene_A*	148.000000	693.000000	0.000000
964.999198	gene_B	151.000000	696.000000	0.000000
964.999198	gene_C	151.000000	685.000000	0.000000
964.999198	gene_D	207.000000	701.000000	0.000000
964.999198	gene_E	156.000000	696.000000	0.000000
964.999198	gene_F	82.000000	483.000000	0.000000
964.999198	gene_G	34.000000	369.000000	0.032520
964.999198	gene_H	0.000000	245.000000	0.155102
964.999198	gene_J	101.000000	689.000000	0.071118
964.999198	gene_K	118.000000	687.000000	0.000000
964.999198	promoter_A	0.000000	0.000000	0.000000
964.999198	promoter_B1	0.000000	0.000000	0.000000
964.999198	promoter_D	0.000000	0.000000	0.000000
969.999211	__gene_A*_rbs	697.000000	0.000000	0.000000
969.999211	__gene_A_rbs	709.000000	0.000000	0.000000
969.999211	__gene_B_rbs	700.000000	0.000000	0.000000
969.999211	__gene_C_rbs	689.000000	0.000000	0.000000
969.999211	__gene_D_rbs	704.000000	0.000000	0.000000
969.999211	__gene_E_rbs	700.000000	0.000000	0.000000
969.999211	__gene_F_rbs	486.000000	0.000000	0.000000
969.999211	__gene_G_rbs	370.000000	0.000000	0.000000
969.999211	__gene_H_rbs	247.000000	0.000000	0.000000
969.999211	__gene_J_rbs	693.000000	0.000000	0.000000
969.999211	__gene_K_rbs	691.000000	0.000000	0.000000
969.999211	__ribosome	0.000000	0.000000	0.000000
969.999211	bound_ecolipol	1870.000000	0.000000	0.000000
969.999211	bound_ribosome	100.000000	0.000000	0.000000
969.999211	ecoli_genome	130.000000	0.000000	0.000000
969.999211	ecoli_transcript	72668.000000	0.000000	0.000000
969.999211	ecolipol	36.000000	0.000000	0.000000
969.999211	gene_A	209.000000	709.000000	0.001410
969.999211	gene_A*	148.000000	697.000000	0.000000
969.999211	gene_B	151.000000	700.000000	0.000000
969.999211	gene_C	151.000000	689.000000	0.000000
969.999211	gene_D	207.000000	704.000000	0.000000
969.999211	gene_E	156.000000	700.000000	0.000000
969.999211	gene_F	82.000000	486.000000	0.000000
969.999211	gene_G	34.000000	370.000000	0.032432
969.999211	gene_H	0.000000	247.000000	0.153846
969.999211	gene_J	101.000000	692.000000	0.070809
969.999211	gene_K	118.000000	691.000000	0.000000
969.999211	promoter_A	0.000000	0.000000	0.000000
969.999211	promoter_B1	0.000000	0.000000	0.000000
969.999211	promoter_D	0.000000	0.000000	0.000000
974.999056	__gene_A*_rbs	701.000000	0.000000	0.000000
974.999056	__gene_A_rbs	713.000000	0.000000	0.000000
974.999056	__gene_B_rbs	704.000000	0.000000	0.000000
974.999056	__gene_C_rbs	692.000000	0.000000	0.000000
974.999056	__gene_D_rbs	708.000000	0.000000	0.000000
974.999056	__gene_E_rbs	704.000000	0.000000	0.000000
974.999056	__gene_F_rbs	486.000000	0.000000	0.000000
974.999056	__gene_G_rbs	373.000000	0.000000	0.000000
974.999056	__gene_H_rbs	247.000000	0.000000	0.000000
974.999056	__gene_J_rbs	697.000000	0.000000	0.000000
974.999056	__gene_K_rbs	694.000000	0.000000	0.000000
974.999056	__ribosome	0.000000	0.000000	0.000000
974.999056	bound_ecolipol	1876.000000	0.000000	0.000000
974.999056	bound_ribosome	100.000000	0.000000	0.000000
974.999056	ecoli_genome	124.000000	0.000000	0.000000
974.999056	ecoli_transcript	73056.000000	0.000000	0.000000
974.999056	ecolipol	31.000000	0.000000	0.000000
974.999056	gene_A	209.000000	713.000000	0.001403
974.999056	gene_A*	148.000000	701.000000	0.000000
974.999056	gene_B	151.000000	704.000000	0.000000
974.999056	gene_C	151.000000	692.000000	0.000000
974.999056	gene_D	207.000000	708.000000	0.000000
974.999056	gene_E	156.000000	704.000000	0.000000
974.999056	gene_F	82.000000	486.000000	0.000000
974.999056	gene_G	34.000000	373.000000	0.032172
974.999056	gene_H	0.000000	247.000000	0.153846
974.999056	gene_J	101.000000	696.000000	0.070402
974.999056	gene_K	118.000000	694.000000	0.000000
974.999056	promoter_A	0.000000	0.000000	0.000000
974.999056	promoter_B1	0.000000	0.000000	0.000000
974.999056	promoter_D	0.000000	0.000000	0.000000
979.999041	__gene_A*_rbs	704.000000	0.000000	0.000000
979.999041	__gene_A_rbs	716.000000	0.000000	0.000000
979.999041	__gene_B_rbs	707.000000	0.000000	0.000000
979.999041	__gene_C_rbs	696.000000	0.000000	0.000000
979.999041	__gene_D_rbs	711.000000	0.000000	0.000000
979.999041	__gene_E_rbs	708.000000	0.000000	0.000000
979.999041	__gene_F_rbs	489.000000	0.000000	0.000000
979.999041	__gene_G_rbs	376.000000	0.000000	0.000000
979.999041	__gene_H_rbs	250.000000	0.000000	0.000000
979.999041	__gene_J_rbs	700.000000	0.000000	0.000000
979.999041	__gene_K_rbs	698.000000	0.000000	0.000000
979.999041	__ribosome	0.000000	0.000000	0.000000
979.999041	bound_ecolipol	1865.000000	0.000000	0.000000
979.999041	bound_ribosome	100.000000	0.000000	0.000000
979.999041	ecoli_genome	135.000000	0.000000	0.000000
979.999041	ecoli_transcript	73458.000000	0.000000	0.000000
979.999041	ecolipol	43.000000	0.000000	0.000000
979.999041	gene_A	209.000000	716.000000	0.001397
979.999041	gene_A*	148.000000	704.000000	0.000000
979.999041	gene_B	151.000000	707.000000	0.000000
979.999041	gene_C	151.000000	696.000000	0.000000
979.999041	gene_D	207.000000	711.000000	0.000000
979.999041	gene_E	156.000000	708.000000	0.000000
979.999041	gene_F	82.000000	489.000000	0.000000
979.999041	gene_G	34.000000	376.000000	0.031915
979.999041	gene_H	0.000000	250.000000	0.152000
979.999041	gene_J	101.000000	699.000000	0.070100
979.999041	gene_K	118.000000	698.000000	0.000000
979.999041	promoter_A	0.000000	0.000000	0.000000
979.999041	promoter_B1	0.000000	0.000000	0.000000
979.999041	promoter_D	0.000000	0.000000	0.000000
984.999046	__gene_A*_rbs	708.000000	0.000000	0.000000
984.999046	__gene_A_rbs	720.000000	0.000000	0.000000
984.999046	__gene_B_rbs	710.000000	0.000000	0.000000
984.999046	__gene_C_rbs	700.000000	0.000000	0.000000
984.999046	__gene_D_rbs	714.000000	0.000000	0.000000
984.999046	__gene_E_rbs	711.000000	0.000000	0.000000
984.999046	__gene_F_rbs	491.000000	0.000000	0.000000
984.999046	__gene_G_rbs	378.000000	0.000000	0.000000
984.999046	__gene_H_rbs	251.000000	0.000000	0.000000
984.999046	__gene_J_rbs	704.000000	0.000000	0.000000
984.999046	__gene_K_rbs	702.000000	0.000000	0.000000
984.999046	__ribosome	0.000000	0.000000	0.000000
984.999046	bound_ecolipol	1869.000000	0.000000	0.000000
984.999046	bound_ribosome	100.000000	0.000000	0.000000
984.999046	ecoli_genome	131.000000	0.000000	0.000000
984.999046	ecoli_transcript	73815.000000	0.000000	0.000000
984.999046	ecolipol	38.000000	0.000000	0.000000
984.999046	gene_A	209.000000	720.000000	0.001389
984.999046	gene_A*	148.000000	708.000000	0.000000
984.999046	gene_B	151.000000	711.000000	0.000000
984.999046	gene_C	151.000000	700.000000	0.000000
984.999046	gene_D	207.000000	714.000000	0.000000
984.999046	gene_E	156.000000	711.000000	0.000000
984.999046	gene_F	82.000000	491.000000	0.000000
984.999046	gene_G	34.000000	378.000000	0.031746
984.999046	gene_H	0.000000	251.000000	0.151394
984.999046	gene_J	101.000000	703.000000	0.069701
984.999046	gene_K	118.000000	702.000000	0.000000
984.999046	promoter_A	0.000000	0.000000	0.000000
984.999046	promoter_B1	0.000000	0.000000	0.000000
984.999046	promoter_D	0.000000	0.000000	0.000000
989.999090	__gene_A*_rbs	712.000000	0.000000	0.000000
989.999090	__gene_A_rbs	724.000000	0.000000	0.000000
989.999090	__gene_B_rbs	714.000000	0.000000	0.000000
989.999090	__gene_C_rbs	704.000000	0.000000	0.000000
989.999090	__gene_D_rbs	718.000000	0.000000	0.000000
989.999090	__gene_E_rbs	714.000000	0.000000	0.000000
989.999090	__gene_F_rbs	493.000000	0.000000	0.000000
989.999090	__gene_G_rbs	380.000000	0.000000	0.000000
989.999090	__gene_H_rbs	253.000000	0.000000	0.000000
989.999090	__gene_J_rbs	708.000000	0.000000	0.000000
989.999090	__gene_K_rbs	706.000000	0.000000	0.000000
989.999090	__ribosome	0.000000	0.000000	0.000000
989.999090	bound_ecolipol	1872.000000	0.000000	0.000000
989.999090	bound_ribosome	100.000000	0.000000	0.000000
989.999090	ecoli_genome	128.000000	0.000000	0.000000
989.999090	ecoli_transcript	74213.000000	0.000000	0.000000
989.999090	ecolipol	36.000000	0.000000	0.000000
989.999090	gene_A	209.000000	724.000000	0.001381
989.999090	gene_A*	148.000000	712.000000	0.000000
989.999090	gene_B	151.000000	714.000000	0.000000
989.999090	gene_C	151.000000	704.000000	0.000000
989.999090	gene_D	207.000000	718.000000	0.000000
989.999090	gene_E	156.000000	714.000000	0.000000
989.999090	gene_F	82.000000	493.000000	0.000000
989.999090	gene_G	34.000000	380.000000	0.031579
989.999090	gene_H	0.000000	253.000000	0.150198
989.999090	gene_J	101.000000	707.000000	0.069307
989.999090	gene_K	118.000000	706.000000	0.000000
989.999090	promoter_A	0.000000	0.000000	0.000000
989.999090	promoter_B1	0.000000	0.000000	0.000000
989.999090	promoter_D	0.000000	0.000000	0.000000
994.999034	__gene_A*_rbs	716.000000	0.000000	0.000000
994.999034	__gene_A_rbs	728.000000	0.000000	0.000000
994.999034	__gene_B_rbs	718.000000	0.000000	0.000000
994.999034	__gene_C_rbs	707.000000	0.000000	0.000000
994.999034	__gene_D_rbs	722.000000	0.000000	0.000000
994.999034	__gene_E_rbs	718.000000	0.000000	0.000000
994.999034	__gene_F_rbs	497.000000	0.000000	0.000000
994.999034	__gene_G_rbs	382.000000	0.000000	0.000000
994.999034	__gene_H_rbs	256.000000	0.000000	0.000000
994.999034	__gene_J_rbs	712.000000	0.000000	0.000000
994.999034	__gene_K_rbs	709.000000	0.000000	0.000000
994.999034	__ribosome	0.000000	0.000000	0.000000
994.999034	bound_ecolipol	1865.000000	0.000000	0.000000
994.999034	bound_ribosome	100.000000	0.000000	0.000000
994.999034	ecoli_genome	135.000000	0.000000	0.000000
994.999034	ecoli_transcript	74617.000000	0.000000	0.000000
994.999034	ecolipol	41.000000	0.000000	0.000000
994.999034	gene_A	209.000000	728.000000	0.001374
994.999034	gene_A*	148.000000	716.000000	0.000000
994.999034	gene_B	151.000000	718.000000	0.000000
994.999034	gene_C	151.000000	707.000000	0.000000
994.999034	gene_D	207.000000	722.000000	0.000000
994.999034	gene_E	156.000000	718.000000	0.000000
994.999034	gene_F	82.000000	497.000000	0.000000
994.999034	gene_G	34.000000	382.000000	0.031414
994.999034	gene_H	0.000000	256.000000	0.148438
994.999034	gene_J	101.000000	711.000000	0.068917
994.999034	gene_K	118.000000	709.000000	0.000000
994.999034	promoter_A	0.000000	0.000000	0.000000
994.999034	promoter_B1	0.000000	0.000000	0.000000
994.999034	promoter_D	0.000000	0.000000	0.000000
999.999022	__gene_A*_rbs	719.000000	0.000000	0.000000
999.999022	__gene_A_rbs	732.000000	0.000000	0.000000
999.999022	__gene_B_rbs	722.000000	0.000000	0.000000
999.999022	__gene_C_rbs	710.000000	0.000000	0.000000
999.999022	__gene_D_rbs	726.000000	0.000000	0.000000
999.999022	__gene_E_rbs	721.000000	0.000000	0.000000
999.999022	__gene_F_rbs	500.000000	0.000000	0.000000
999.999022	__gene_G_rbs	385.000000	0.000000	0.000000
999.999022	__gene_H_rbs	257.000000	0.000000	0.000000
999.999022	__gene_J_rbs	715.000000	0.000000	0.000000
999.999022	__gene_K_rbs	713.000000	0.000000	0.000000
999.999022	__ribosome	0.000000	0.000000	0.000000
999.999022	bound_ecolipol	1855.000000	0.000000	0.000000
999.999022	bound_ribosome	100.000000	0.000000	0.000000
999.999022	ecoli_genome	145.000000	0.000000	0.000000
999.999022	ecoli_transcript	75007.000000	0.000000	0.000000
999.999022	ecolipol	51.000000	0.000000	0.000000
999.999022	gene_A	209.000000	732.000000	0.001366
999.999022	gene_A*	148.000000	719.000000	0.000000
999.999022	gene_B	151.000000	722.000000	0.000000
999.999022	gene_C	151.000000	711.000000	0.000000
999.999022	gene_D	207.000000	726.000000	0.000000
999.999022	gene_E	156.000000	721.000000	0.000000
999.999022	gene_F	82.000000	500.000000	0.000000
999.999022	gene_G	34.000000	385.000000	0.031169
999.999022	gene_H	0.000000	257.000000	0.147860
999.999022	gene_J	101.000000	714.000000	0.068627
999.999022	gene_K	118.000000	713.000000	0.000000
999.999022	promoter_A	0.000000	0.000000	0.000000
999.999022	promoter_B1	0.000000	0.000000	0.000000
999.999022	promoter_D	0.000000	0.000000	0.000000
1004.999033	__gene_A*_rbs	723.000000	0.000000	0.000000
1004.999033	__gene_A_rbs	735.000000	0.000000	0.000000
1004.999033	__gene_B_rbs	725.000000	0.000000	0.000000
1004.999033	__gene_C_rbs	714.000000	0.000000	0.000000
1004.999033	__gene_D_rbs	729.000000	0.000000	0.000000
1004.999033	__gene_E_rbs	725.000000	0.000000	0.000000
1004.999033	__gene_F_rbs	503.000000	0.000000	0.000000
1004.999033	__gene_G_rbs	388.000000	0.000000	0.000000
1004.999033	__gene_H_rbs	259.000000	0.000000	0.000000
1004.999033	__gene_J_rbs	719.000000	0.000000	0.000000
1004.999033	__gene_K_rbs	716.000000	0.000000	0.000000
1004.999033	__ribosome	0.000000	0.000000	0.000000
1004.999033	bound_ecolipol	1867.000000	0.000000	0.000000
1004.999033	bound_ribosome	100.000000	0.000000	0.000000
1004.999033	ecoli_genome	133.000000	0.000000	0.000000
1004.999033	ecoli_transcript	75366.000000	0.000000	0.000000
1004.999033	ecolipol	38.000000	0.000000	0.000000
1004.999033	gene_A	210.000000	735.000000	0.000000
1004.999033	gene_A*	148.000000	723.000000	0.000000
1004.999033	gene_B	151.000000	725.000000	0.000000
1004.999033	gene_C	151.000000	714.000000	0.000000
1004.999033	gene_D	207.000000	729.000000	0.000000
1004.999033	gene_E	156.000000	725.000000	0.001379
1004.999033	gene_F	82.000000	503.000000	0.000000
1004.999033	gene_G	34.000000	388.000000	0.030928
1004.999033	gene_H	0.000000	259.000000	0.146718
1004.999033	gene_J	101.000000	718.000000	0.068245
1004.999033	gene_K	118.000000	716.000000	0.000000
1004.999033	promoter_A	0.000000	0.000000	0.000000
1004.999033	promoter_B1	0.000000	0.000000	0.000000
1004.999033	promoter_D	0.000000	0.000000	0.000000
1009.999308	__gene_A*_rbs	727.000000	0.000000	0.000000
1009.999308	__gene_A_rbs	739.000000	0.000000	0.000000
1009.999308	__gene_B_rbs	729.000000	0.000000	0.000000
1009.999308	__gene_C_rbs	718.000000	0.000000	0.000000
1009.999308	__gene_D_rbs	733.000000	0.000000	0.000000
1009.999308	__gene_E_rbs	729.000000	0.000000	0.000000
1009.999308	__gene_F_rbs	506.000000	0.000000	0.000000
1009.999308	__gene_G_rbs	390.000000	0.000000	0.000000
1009.999308	__gene_H_rbs	261.000000	0.000000	0.000000
1009.999308	__gene_J_rbs	721.000000	0.000000	0.000000
1009.999308	__gene_K_rbs	720.000000	0.000000	0.000000
1009.999308	__ribosome	0.000000	0.000000	0.000000
1009.999308	bound_ecolipol	1880.000000	0.000000	0.000000
1009.999308	bound_ribosome	100.000000	0.000000	0.000000
1009.999308	ecoli_genome	120.000000	0.000000	0.000000
1009.999308	ecoli_transcript	75714.000000	0.000000	0.000000
1009.999308	ecolipol	23.000000	0.000000	0.000000
1009.999308	gene_A	210.000000	739.000000	0.000000
1009.999308	gene_A*	148.000000	727.000000	0.000000
1009.999308	gene_B	151.000000	729.000000	0.000000
1009.999308	gene_C	151.000000	718.000000	0.000000
1009.999308	gene_D	207.000000	733.000000	0.000000
1009.999308	gene_E	156.000000	729.000000	0.001372
1009.999308	gene_F	82.000000	506.000000	0.000000
1009.999308	gene_G	34.000000	390.000000	0.030769
1009.999308	gene_H	0.000000	261.000000	0.145594
1009.999308	gene_J	101.000000	721.000000	0.067961
1009.999308	gene_K	118.000000	720.000000	0.000000
1009.999308	promoter_A	0.000000	0.000000	0.000000
1009.999308	promoter_B1	0.000000	0.000000	0.000000
1009.999308	promoter_D	0.000000	0.000000	0.000000
1014.999006	__gene_A*_rbs	730.000000	0.000000	0.000000
1014.999006	__gene_A_rbs	743.000000	0.000000	0.000000
1014.999006	__gene_B_rbs	732.000000	0.000000	0.000000
1014.999006	__gene_C_rbs	722.000000	0.000000	0.000000
1014.999006	__gene_D_rbs	737.000000	0.000000	0.000000
1014.999006	__gene_E_rbs	733.000000	0.000000	0.000000
1014.999006	__gene_F_rbs	508.000000	0.000000	0.000000
1014.999006	__gene_G_rbs	390.000000	0.000000	0.000000
1014.999006	__gene_H_rbs	263.000000	0.000000	0.000000
1014.999006	__gene_J_rbs	726.000000	0.000000	0.000000
1014.999006	__gene_K_rbs	724.000000	0.000000	0.000000
1014.999006	__ribosome	0.000000	0.000000	0.000000
1014.999006	bound_ecolipol	1862.000000	0.000000	0.000000
1014.999006	bound_ribosome	100.000000	0.000000	0.000000
1014.999006	ecoli_genome	138.000000	0.000000	0.000000
1014.999006	ecoli_transcript	76116.000000	0.000000	0.000000
1014.999006	ecolipol	41.000000	0.000000	0.000000
1014.999006	gene_A	210.000000	743.000000	0.000000
1014.999006	gene_A*	148.000000	730.000000	0.000000
1014.999006	gene_B	151.000000	732.000000	0.000000
1014.999006	gene_C	151.000000	722.000000	0.000000
1014.999006	gene_D	207.000000	737.000000	0.000000
1014.999006	gene_E	157.000000	733.000000	0.000000
1014.999006	gene_F	82.000000	508.000000	0.000000
1014.999006	gene_G	34.000000	390.000000	0.030769
1014.999006	gene_H	0.000000	263.000000	0.144487
1014.999006	gene_J	101.000000	725.000000	0.067586
1014.999006	gene_K	118.000000	724.000000	0.001381
1014.999006	promoter_A	0.000000	0.000000	0.000000
1014.999006	promoter_B1	0.000000	0.000000	0.000000
1014.999006	promoter_D	0.000000	0.000000	0.000000
1019.999053	__gene_A*_rbs	734.000000	0.000000	0.000000
1019.999053	__gene_A_rbs	746.000000	0.000000	0.000000
1019.999053	__gene_B_rbs	737.000000	0.000000	0.000000
1019.999053	__gene_C_rbs	725.000000	0.000000	0.000000
1019.999053	__gene_D_rbs	741.000000	0.000000	0.000000
1019.999053	__gene_E_rbs	736.000000	0.000000	0.000000
1019.999053	__gene_F_rbs	510.000000	0.000000	0.000000
1019.999053	__gene_G_rbs	391.000000	0.000000	0.000000
1019.999053	__gene_H_rbs	267.000000	0.000000	0.000000
1019.999053	__gene_J_rbs	729.000000	0.000000	0.000000
1019.999053	__gene_K_rbs	728.000000	0.000000	0.000000
1019.999053	__ribosome	0.000000	0.000000	0.000000
1019.999053	bound_ecolipol	1861.000000	0.000000	0.000000
1019.999053	bound_ribosome	100.000000	0.000000	0.000000
1019.999053	ecoli_genome	139.000000	0.000000	0.000000
1019.999053	ecoli_transcript	76501.000000	0.000000	0.000000
1019.999053	ecolipol	42.000000	0.000000	0.000000
1019.999053	gene_A	210.000000	746.000000	0.001340
1019.999053	gene_A*	148.000000	734.000000	0.000000
1019.999053	gene_B	151.000000	737.000000	0.000000
1019.999053	gene_C	151.000000	725.000000	0.000000
1019.999053	gene_D	207.000000	741.000000	0.000000
1019.999053	gene_E	157.000000	736.000000	0.000000
1019.999053	gene_F	82.000000	510.000000	0.000000
1019.999053	gene_G	34.000000	391.000000	0.030691
1019.999053	gene_H	0.000000	267.000000	0.142322
1019.999053	gene_J	101.000000	728.000000	0.067308
1019.999053	gene_K	119.000000	728.000000	0.000000
1019.999053	promoter_A	0.000000	0.000000	0.000000
1019.999053	promoter_B1	0.000000	0.000000	0.000000
1019.999053	promoter_D	0.000000	0.000000	0.000000
1024.999337	__gene_A*_rbs	738.000000	0.000000	0.000000
1024.999337	__gene_A_rbs	750.000000	0.000000	0.000000
1024.999337	__gene_B_rbs	740.000000	0.000000	0.000000
1024.999337	__gene_C_rbs	730.000000	0.000000	0.000000
1024.999337	__gene_D_rbs	745.000000	0.000000	0.000000
1024.999337	__gene_E_rbs	740.000000	0.000000	0.000000
1024.999337	__gene_F_rbs	512.000000	0.000000	0.000000
1024.999337	__gene_G_rbs	394.000000	0.000000	0.000000
1024.999337	__gene_H_rbs	269.000000	0.000000	0.000000
1024.999337	__gene_J_rbs	733.000000	0.000000	0.000000
1024.999337	__gene_K_rbs	732.000000	0.000000	0.000000
1024.999337	__ribosome	0.000000	0.000000	0.000000
1024.999337	bound_ecolipol	1872.000000	0.000000	0.000000
1024.999337	bound_ribosome	100.000000	0.000000	0.000000
1024.999337	ecoli_genome	128.000000	0.000000	0.000000
1024.999337	ecoli_transcript	76863.000000	0.000000	0.000000
1024.999337	ecolipol	34.000000	0.000000	0.000000
1024.999337	gene_A	210.000000	750.000000	0.001333
1024.999337	gene_A*	148.000000	738.000000	0.000000
1024.999337	gene_B	151.000000	740.000000	0.000000
1024.999337	gene_C	151.000000	730.000000	0.000000
1024.999337	gene_D	207.000000	745.000000	0.000000
1024.999337	gene_E	157.000000	740.000000	0.000000
1024.999337	gene_F	82.000000	512.000000	0.000000
1024.999337	gene_G	34.000000	394.000000	0.030457
1024.999337	gene_H	0.000000	269.000000	0.141264
1024.999337	gene_J	101.000000	732.000000	0.066940
1024.999337	gene_K	119.000000	732.000000	0.000000
1024.999337	promoter_A	0.000000	0.000000	0.000000
1024.999337	promoter_B1	0.000000	0.000000	0.000000
1024.999337	promoter_D	0.000000	0.000000	0.000000
1029.999013	__gene_A*_rbs	741.000000	0.000000	0.000000
1029.999013	__gene_A_rbs	754.000000	0.000000	0.000000
1029.999013	__gene_B_rbs	744.000000	0.000000	0.000000
1029.999013	__gene_C_rbs	733.000000	0.000000	0.000000
1029.999013	__gene_D_rbs	749.000000	0.000000	0.000000
1029.999013	__gene_E_rbs	744.000000	0.000000	0.000000
1029.999013	__gene_F_rbs	513.000000	0.000000	0.000000
1029.999013	__gene_G_rbs	394.000000	0.000000	0.000000
1029.999013	__gene_H_rbs	269.000000	0.000000	0.000000
1029.999013	__gene_J_rbs	738.000000	0.000000	0.000000
1029.999013	__gene_K_rbs	735.000000	0.000000	0.000000
1029.999013	__ribosome	0.000000	0.000000	0.000000
1029.999013	bound_ecolipol	1864.000000	0.000000	0.000000
1029.999013	bound_ribosome	100.000000	0.000000	0.000000
1029.999013	ecoli_genome	136.000000	0.000000	0.000000
1029.999013	ecoli_transcript	77227.000000	0.000000	0.000000
1029.999013	ecolipol	43.000000	0.000000	0.000000
1029.999013	gene_A	210.000000	754.000000	0.001326
1029.999013	gene_A*	148.000000	741.000000	0.000000
1029.999013	gene_B	151.000000	744.000000	0.000000
1029.999013	gene_C	151.000000	733.000000	0.000000
1029.999013	gene_D	207.000000	749.000000	0.000000
1029.999013	gene_E	157.000000	744.000000	0.000000
1029.999013	gene_F	82.000000	513.000000	0.000000
1029.999013	gene_G	34.000000	394.000000	0.030457
1029.999013	gene_H	0.000000	269.000000	0.141264
1029.999013	gene_J	101.000000	737.000000	0.066486
1029.999013	gene_K	119.000000	735.000000	0.000000
1029.999013	promoter_A	0.000000	0.000000	0.000000
1029.999013	promoter_B1	0.000000	0.000000	0.000000
1029.999013	promoter_D	0.000000	0.000000	0.000000
1034.999034	__gene_A*_rbs	745.000000	0.000000	0.000000
1034.999034	__gene_A_rbs	757.000000	0.000000	0.000000
1034.999034	__gene_B_rbs	748.000000	0.000000	0.000000
1034.999034	__gene_C_rbs	737.000000	0.000000	0.000000
1034.999034	__gene_D_rbs	752.000000	0.000000	0.000000
1034.999034	__gene_E_rbs	747.000000	0.000000	0.000000
1034.999034	__gene_F_rbs	516.000000	0.000000	0.000000
1034.999034	__gene_G_rbs	396.000000	0.000000	0.000000
1034.999034	__gene_H_rbs	270.000000	0.000000	0.000000
1034.999034	__gene_J_rbs	741.000000	0.000000	0.000000
1034.999034	__gene_K_rbs	739.000000	0.000000	0.000000
1034.999034	__ribosome	0.000000	0.000000	0.000000
1034.999034	bound_ecolipol	1871.000000	0.000000	0.000000
1034.999034	bound_ribosome	100.000000	0.000000	0.000000
1034.999034	ecoli_genome	129.000000	0.000000	0.000000
1034.999034	ecoli_transcript	77628.000000	0.000000	0.000000
1034.999034	ecolipol	37.000000	0.000000	0.000000
1034.999034	gene_A	210.000000	757.000000	0.001321
1034.999034	gene_A*	148.000000	745.000000	0.000000
1034.999034	gene_B	151.000000	748.000000	0.000000
1034.999034	gene_C	151.000000	737.000000	0.000000
1034.999034	gene_D	207.000000	752.000000	0.000000
1034.999034	gene_E	157.000000	747.000000	0.000000
1034.999034	gene_F	82.000000	516.000000	0.000000
1034.999034	gene_G	34.000000	396.000000	0.030303
1034.999034	gene_H	0.000000	270.000000	0.140741
1034.999034	gene_J	101.000000	740.000000	0.066216
1034.999034	gene_K	119.000000	739.000000	0.000000
1034.999034	promoter_A	0.000000	0.000000	0.000000
1034.999034	promoter_B1	0.000000	0.000000	0.000000
1034.999034	promoter_D	0.000000	0.000000	0.000000
1039.999279	__gene_A*_rbs	749.000000	0.000000	0.000000
1039.999279	__gene_A_rbs	761.000000	0.000000	0.000000
1039.999279	__gene_B_rbs	751.000000	0.000000	0.000000
1039.999279	__gene_C_rbs	741.000000	0.000000	0.000000
1039.999279	__gene_D_rbs	755.000000	0.000000	0.000000
1039.999279	__gene_E_rbs	751.000000	0.000000	0.000000
1039.999279	__gene_F_rbs	519.000000	0.000000	0.000000
1039.999279	__gene_G_rbs	398.000000	0.000000	0.000000
1039.999279	__gene_H_rbs	270.000000	0.000000	0.000000
1039.999279	__gene_J_rbs	744.000000	0.000000	0.000000
1039.999279	__gene_K_rbs	743.000000	0.000000	0.000000
1039.999279	__ribosome	0.000000	0.000000	0.000000
1039.999279	bound_ecolipol	1880.000000	0.000000	0.000000
1039.999279	bound_ribosome	100.000000	0.000000	0.000000
1039.999279	ecoli_genome	120.000000	0.000000	0.000000
1039.999279	ecoli_transcript	77959.000000	0.000000	0.000000
1039.999279	ecolipol	30.000000	0.000000	0.000000
1039.999279	gene_A	210.000000	761.000000	0.001314
1039.999279	gene_A*	148.000000	749.000000	0.000000
1039.999279	gene_B	151.000000	751.000000	0.000000
1039.999279	gene_C	151.000000	741.000000	0.000000
1039.999279	gene_D	207.000000	755.000000	0.000000
1039.999279	gene_E	157.000000	751.000000	0.000000
1039.999279	gene_F	82.000000	519.000000	0.000000
1039.999279	gene_G	34.000000	398.000000	0.030151
1039.999279	gene_H	0.000000	270.000000	0.140741
1039.999279	gene_J	101.000000	743.000000	0.065949
1039.999279	gene_K	119.000000	743.000000	0.000000
1039.999279	promoter_A	0.000000	0.000000	0.000000
1039.999279	promoter_B1	0.000000	0.000000	0.000000
1039.999279	promoter_D	0.000000	0.000000	0.000000
1044.999225	__gene_A*_rbs	753.000000	0.000000	0.000000
1044.999225	__gene_A_rbs	765.000000	0.000000	0.000000
1044.999225	__gene_B_rbs	755.000000	0.000000	0.000000
1044.999225	__gene_C_rbs	744.000000	0.000000	0.000000
1044.999225	__gene_D_rbs	759.000000	0.000000	0.000000
1044.999225	__gene_E_rbs	754.000000	0.000000	0.000000
1044.999225	__gene_F_rbs	521.000000	0.000000	0.000000
1044.999225	__gene_G_rbs	400.000000	0.000000	0.000000
1044.999225	__gene_H_rbs	270.000000	0.000000	0.000000
1044.999225	__gene_J_rbs	748.000000	0.000000	0.000000
1044.999225	__gene_K_rbs	746.000000	0.000000	0.000000
1044.999225	__ribosome	0.000000	0.000000	0.000000
1044.999225	bound_ecolipol	1876.000000	0.000000	0.000000
1044.999225	bound_ribosome	100.000000	0.000000	0.000000
1044.999225	ecoli_genome	124.000000	0.000000	0.000000
1044.999225	ecoli_transcript	78340.000000	0.000000	0.000000
1044.999225	ecolipol	35.000000	0.000000	0.000000
1044.999225	gene_A	210.000000	765.000000	0.001307
1044.999225	gene_A*	148.000000	753.000000	0.000000
1044.999225	gene_B	151.000000	755.000000	0.000000
1044.999225	gene_C	151.000000	744.000000	0.000000
1044.999225	gene_D	207.000000	759.000000	0.000000
1044.999225	gene_E	157.000000	754.000000	0.000000
1044.999225	gene_F	82.000000	521.000000	0.000000
1044.999225	gene_G	34.000000	400.000000	0.030000
1044.999225	gene_H	0.000000	270.000000	0.140741
1044.999225	gene_J	101.000000	747.000000	0.065596
1044.999225	gene_K	119.000000	746.000000	0.000000
1044.999225	promoter_A	0.000000	0.000000	0.000000
1044.999225	promoter_B1	0.000000	0.000000	0.000000
1044.999225	promoter_D	0.000000	0.000000	0.000000
1049.999168	__gene_A*_rbs	756.000000	0.000000	0.000000
1049.999168	__gene_A_rbs	769.000000	0.000000	0.000000
1049.999168	__gene_B_rbs	759.000000	0.000000	0.000000
1049.999168	__gene_C_rbs	748.000000	0.000000	0.000000
1049.999168	__gene_D_rbs	763.000000	0.000000	0.000000
1049.999168	__gene_E_rbs	759.000000	0.000000	0.000000
1049.999168	__gene_F_rbs	524.000000	0.000000	0.000000
1049.999168	__gene_G_rbs	402.000000	0.000000	0.000000
1049.999168	__gene_H_rbs	271.000000	0.000000	0.000000
1049.999168	__gene_J_rbs	751.000000	0.000000	0.000000
1049.999168	__gene_K_rbs	750.000000	0.000000	0.000000
1049.999168	__ribosome	0.000000	0.000000	0.000000
1049.999168	bound_ecolipol	1878.000000	0.000000	0.000000
1049.999168	bound_ribosome	100.000000	0.000000	0.000000
1049.999168	ecoli_genome	122.000000	0.000000	0.000000
1049.999168	ecoli_transcript	78734.000000	0.000000	0.000000
1049.999168	ecolipol	36.000000	0.000000	0.000000
1049.999168	gene_A	210.000000	769.000000	0.001300
1049.999168	gene_A*	148.000000	756.000000	0.000000
1049.999168	gene_B	151.000000	759.000000	0.000000
1049.999168	gene_C	151.000000	748.000000	0.000000
1049.999168	gene_D	207.000000	763.000000	0.000000
1049.999168	gene_E	157.000000	759.000000	0.000000
1049.999168	gene_F	82.000000	524.000000	0.000000
1049.999168	gene_G	34.000000	402.000000	0.029851
1049.999168	gene_H	0.000000	271.000000	0.140221
1049.999168	gene_J	101.000000	750.000000	0.065333
1049.999168	gene_K	119.000000	750.000000	0.000000
1049.999168	promoter_A	0.000000	0.000000	0.000000
1049.999168	promoter_B1	0.000000	0.000000	0.000000
1049.999168	promoter_D	0.000000	0.000000	0.000000
1054.999167	__gene_A*_rbs	760.000000	0.000000	0.000000
1054.999167	__gene_A_rbs	772.000000	0.000000	0.000000
1054.999167	__gene_B_rbs	763.000000	0.000000	0.000000
1054.999167	__gene_C_rbs	752.000000	0.000000	0.000000
1054.999167	__gene_D_rbs	766.000000	0.000000	0.000000
1054.999167	__gene_E_rbs	762.000000	0.000000	0.000000
1054.999167	__gene_F_rbs	528.000000	0.000000	0.000000
1054.999167	__gene_G_rbs	405.000000	0.000000	0.000000
1054.999167	__gene_H_rbs	272.000000	0.000000	0.000000
1054.999167	__gene_J_rbs	755.000000	0.000000	0.000000
1054.999167	__gene_K_rbs	754.000000	0.000000	0.000000
1054.999167	__ribosome	0.000000	0.000000	0.000000
1054.999167	bound_ecolipol	1879.000000	0.000000	0.000000
1054.999167	bound_ribosome	100.000000	0.000000	0.000000
1054.999167	ecoli_genome	121.000000	0.000000	0.000000
1054.999167	ecoli_transcript	79084.000000	0.000000	0.000000
1054.999167	ecolipol	34.000000	0.000000	0.000000
1054.999167	gene_A	210.000000	772.000000	0.001295
1054.999167	gene_A*	148.000000	760.000000	0.000000
1054.999167	gene_B	151.000000	763.000000	0.000000
1054.999167	gene_C	151.000000	752.000000	0.000000
1054.999167	gene_D	207.000000	766.000000	0.000000
1054.999167	gene_E	157.000000	762.000000	0.000000
1054.999167	gene_F	82.000000	528.000000	0.000000
1054.999167	gene_G	34.000000	405.000000	0.029630
1054.999167	gene_H	0.000000	272.000000	0.139706
1054.999167	gene_J	101.000000	754.000000	0.064987
1054.999167	gene_K	119.000000	754.000000	0.000000
1054.999167	promoter_A	0.000000	0.000000	0.000000
1054.999167	promoter_B1	0.000000	0.000000	0.000000
1054.999167	promoter_D	0.000000	0.000000	0.000000
1059.999053	__gene_A*_rbs	763.000000	0.000000	0.000000
1059.999053	__gene_A_rbs	776.000000	0.000000	0.000000
1059.999053	__gene_B_rbs	767.000000	0.000000	0.000000
1059.999053	__gene_C_rbs	755.000000	0.000000	0.000000
1059.999053	__gene_D_rbs	770.000000	0.000000	0.000000
1059.999053	__gene_E_rbs	766.000000	0.000000	0.000000
1059.999053	__gene_F_rbs	530.000000	0.000000	0.000000
1059.999053	__gene_G_rbs	406.000000	0.000000	0.000000
1059.999053	__gene_H_rbs	273.000000	0.000000	0.000000
1059.999053	__gene_J_rbs	759.000000	0.000000	0.000000
1059.999053	__gene_K_rbs	757.000000	0.000000	0.000000
1059.999053	__ribosome	0.000000	0.000000	0.000000
1059.999053	bound_ecolipol	1878.000000	0.000000	0.000000
1059.999053	bound_ribosome	100.000000	0.000000	0.000000
1059.999053	ecoli_genome	122.000000	0.000000	0.000000
1059.999053	ecoli_transcript	79496.000000	0.000000	0.000000
1059.999053	ecolipol	35.000000	0.000000	0.000000
1059.999053	gene_A	210.000000	776.000000	0.001289
1059.999053	gene_A*	148.000000	763.000000	0.000000
1059.999053	gene_B	151.000000	767.000000	0.000000
1059.999053	gene_C	151.000000	755.000000	0.000000
1059.999053	gene_D	207.000000	770.000000	0.000000
1059.999053	gene_E	157.000000	766.000000	0.000000
1059.999053	gene_F	82.000000	530.000000	0.000000
1059.999053	gene_G	34.000000	406.000000	0.029557
1059.999053	gene_H	0.000000	273.000000	0.139194
1059.999053	gene_J	101.000000	758.000000	0.064644
1059.999053	gene_K	119.000000	757.000000	0.000000
1059.999053	promoter_A	0.000000	0.000000	0.000000
1059.999053	promoter_B1	0.000000	0.000000	0.000000
1059.999053	promoter_D	0.000000	0.000000	0.000000
1064.999060	__gene_A*_rbs	767.000000	0.000000	0.000000
1064.999060	__gene_A_rbs	779.000000	0.000000	0.000000
1064.999060	__gene_B_rbs	770.000000	0.000000	0.000000
1064.999060	__gene_C_rbs	759.000000	0.000000	0.000000
1064.999060	__gene_D_rbs	774.000000	0.000000	0.000000
1064.999060	__gene_E_rbs	770.000000	0.000000	0.000000
1064.999060	__gene_F_rbs	534.000000	0.000000	0.000000
1064.999060	__gene_G_rbs	408.000000	0.000000	0.000000
1064.999060	__gene_H_rbs	274.000000	0.000000	0.000000
1064.999060	__gene_J_rbs	762.000000	0.000000	0.000000
1064.999060	__gene_K_rbs	761.000000	0.000000	0.000000
1064.999060	__ribosome	0.000000	0.000000	0.000000
1064.999060	bound_ecolipol	1876.000000	0.000000	0.000000
1064.999060	bound_ribosome	100.000000	0.000000	0.000000
1064.999060	ecoli_genome	124.000000	0.000000	0.000000
1064.999060	ecoli_transcript	79849.000000	0.000000	0.000000
1064.999060	ecolipol	34.000000	0.000000	0.000000
1064.999060	gene_A	210.000000	779.000000	0.001284
1064.999060	gene_A*	148.000000	767.000000	0.000000
1064.999060	gene_B	151.000000	770.000000	0.000000
1064.999060	gene_C	151.000000	759.000000	0.000000
1064.999060	gene_D	207.000000	774.000000	0.000000
1064.999060	gene_E	157.000000	770.000000	0.000000
1064.999060	gene_F	82.000000	534.000000	0.000000
1064.999060	gene_G	34.000000	408.000000	0.029412
1064.999060	gene_H	0.000000	274.000000	0.138686
1064.999060	gene_J	101.000000	761.000000	0.064389
1064.999060	gene_K	119.000000	761.000000	0.000000
1064.999060	promoter_A	0.000000	0.000000	0.000000
1064.999060	promoter_B1	0.000000	0.000000	0.000000
1064.999060	promoter_D	0.000000	0.000000	0.000000
1069.999025	__gene_A*_rbs	771.000000	0.000000	0.000000
1069.999025	__gene_A_rbs	783.000000	0.000000	0.000000
1069.999025	__gene_B_rbs	774.000000	0.000000	0.000000
1069.999025	__gene_C_rbs	762.000000	0.000000	0.000000
1069.999025	__gene_D_rbs	778.000000	0.000000	0.000000
1069.999025	__gene_E_rbs	773.000000	0.000000	0.000000
1069.999025	__gene_F_rbs	535.000000	0.000000	0.000000
1069.999025	__gene_G_rbs	409.000000	0.000000	0.000000
1069.999025	__gene_H_rbs	276.000000	0.000000	0.000000
1069.999025	__gene_J_rbs	766.000000	0.000000	0.000000
1069.999025	__gene_K_rbs	765.000000	0.000000	0.000000
1069.999025	__ribosome	0.000000	0.000000	0.000000
1069.999025	bound_ecolipol	1877.000000	0.000000	0.000000
1069.999025	bound_ribosome	100.000000	0.000000	0.000000
1069.999025	ecoli_genome	123.000000	0.000000	0.000000
1069.999025	ecoli_transcript	80208.000000	0.000000	0.000000
1069.999025	ecolipol	32.000000	0.000000	0.000000
1069.999025	gene_A	211.000000	783.000000	0.000000
1069.999025	gene_A*	148.000000	771.000000	0.000000
1069.999025	gene_B	151.000000	774.000000	0.000000
1069.999025	gene_C	151.000000	763.000000	0.001311
1069.999025	gene_D	207.000000	778.000000	0.000000
1069.999025	gene_E	157.000000	773.000000	0.000000
1069.999025	gene_F	82.000000	535.000000	0.000000
1069.999025	gene_G	34.000000	409.000000	0.029340
1069.999025	gene_H	0.000000	276.000000	0.137681
1069.999025	gene_J	101.000000	765.000000	0.064052
1069.999025	gene_K	119.000000	765.000000	0.000000
1069.999025	promoter_A	0.000000	0.000000	0.000000
1069.999025	promoter_B1	0.000000	0.000000	0.000000
1069.999025	promoter_D	0.000000	0.000000	0.000000
1074.999024	__gene_A*_rbs	775.000000	0.000000	0.000000
1074.999024	__gene_A_rbs	787.000000	0.000000	0.000000
1074.999024	__gene_B_rbs	778.000000	0.000000	0.000000
1074.999024	__gene_C_rbs	767.000000	0.000000	0.000000
1074.999024	__gene_D_rbs	782.000000	0.000000	0.000000
1074.999024	__gene_E_rbs	777.000000	0.000000	0.000000
1074.999024	__gene_F_rbs	538.000000	0.000000	0.000000
1074.999024	__gene_G_rbs	412.000000	0.000000	0.000000
1074.999024	__gene_H_rbs	277.000000	0.000000	0.000000
1074.999024	__gene_J_rbs	769.000000	0.000000	0.000000
1074.999024	__gene_K_rbs	768.000000	0.000000	0.000000
1074.999024	__ribosome	0.000000	0.000000	0.000000
1074.999024	bound_ecolipol	1867.000000	0.000000	0.000000
1074.999024	bound_ribosome	100.000000	0.000000	0.000000
1074.999024	ecoli_genome	133.000000	0.000000	0.000000
1074.999024	ecoli_transcript	80609.000000	0.000000	0.000000
1074.999024	ecolipol	40.000000	0.000000	0.000000
1074.999024	gene_A	211.000000	787.000000	0.000000
1074.999024	gene_A*	148.000000	775.000000	0.000000
1074.999024	gene_B	151.000000	778.000000	0.000000
1074.999024	gene_C	151.000000	767.000000	0.001304
1074.999024	gene_D	207.000000	782.000000	0.000000
1074.999024	gene_E	157.000000	777.000000	0.000000
1074.999024	gene_F	82.000000	538.000000	0.000000
1074.999024	gene_G	34.000000	412.000000	0.029126
1074.999024	gene_H	0.000000	277.000000	0.137184
1074.999024	gene_J	101.000000	768.000000	0.063802
1074.999024	gene_K	119.000000	768.000000	0.000000
1074.999024	promoter_A	0.000000	0.000000	0.000000
1074.999024	promoter_B1	0.000000	0.000000	0.000000
1074.999024	promoter_D	0.000000	0.000000	0.000000
1079.999011	__gene_A*_rbs	779.000000	0.000000	0.000000
1079.999011	__gene_A_rbs	790.000000	0.000000	0.000000
1079.999011	__gene_B_rbs	781.000000	0.000000	0.000000
1079.999011	__gene_C_rbs	770.000000	0.000000	0.000000
1079.999011	__gene_D_rbs	785.000000	0.000000	0.000000
1079.999011	__gene_E_rbs	780.000000	0.000000	0.000000
1079.999011	__gene_F_rbs	541.000000	0.000000	0.000000
1079.999011	__gene_G_rbs	414.000000	0.000000	0.000000
1079.999011	__gene_H_rbs	277.000000	0.000000	0.000000
1079.999011	__gene_J_rbs	774.000000	0.000000	0.000000
1079.999011	__gene_K_rbs	773.000000	0.000000	0.000000
1079.999011	__ribosome	0.000000	0.000000	0.000000
1079.999011	bound_ecolipol	1868.000000	0.000000	0.000000
1079.999011	bound_ribosome	100.000000	0.000000	0.000000
1079.999011	ecoli_genome	132.000000	0.000000	0.000000
1079.999011	ecoli_transcript	81014.000000	0.000000	0.000000
1079.999011	ecolipol	40.000000	0.000000	0.000000
1079.999011	gene_A	211.000000	790.000000	0.000000
1079.999011	gene_A*	148.000000	779.000000	0.000000
1079.999011	gene_B	151.000000	781.000000	0.000000
1079.999011	gene_C	152.000000	770.000000	0.000000
1079.999011	gene_D	207.000000	785.000000	0.000000
1079.999011	gene_E	157.000000	780.000000	0.000000
1079.999011	gene_F	82.000000	541.000000	0.000000
1079.999011	gene_G	34.000000	414.000000	0.028986
1079.999011	gene_H	0.000000	277.000000	0.140794
1079.999011	gene_J	101.000000	773.000000	0.063389
1079.999011	gene_K	119.000000	773.000000	0.000000
1079.999011	promoter_A	0.000000	0.000000	0.000000
1079.999011	promoter_B1	0.000000	0.000000	0.000000
1079.999011	promoter_D	0.000000	0.000000	0.000000
1084.999319	__gene_A*_rbs	782.000000	0.000000	0.000000
1084.999319	__gene_A_rbs	794.000000	0.000000	0.000000
1084.999319	__gene_B_rbs	785.000000	0.000000	0.000000
1084.999319	__gene_C_rbs	774.000000	0.000000	0.000000
1084.999319	__gene_D_rbs	788.000000	0.000000	0.000000
1084.999319	__gene_E_rbs	784.000000	0.000000	0.000000
1084.999319	__gene_F_rbs	544.000000	0.000000	0.000000
1084.999319	__gene_G_rbs	416.000000	0.000000	0.000000
1084.999319	__gene_H_rbs	279.000000	0.000000	0.000000
1084.999319	__gene_J_rbs	778.000000	0.000000	0.000000
1084.999319	__gene_K_rbs	776.000000	0.000000	0.000000
1084.999319	__ribosome	0.000000	0.000000	0.000000
1084.999319	bound_ecolipol	1863.000000	0.000000	0.000000
1084.999319	bound_ribosome	100.000000	0.000000	0.000000
1084.999319	ecoli_genome	137.000000	0.000000	0.000000
1084.999319	ecoli_transcript	81411.000000	0.000000	0.000000
1084.999319	ecolipol	45.000000	0.000000	0.000000
1084.999319	gene_A	211.000000	794.000000	0.000000
1084.999319	gene_A*	148.000000	782.000000	0.000000
1084.999319	gene_B	151.000000	785.000000	0.000000
1084.999319	gene_C	152.000000	774.000000	0.000000
1084.999319	gene_D	207.000000	788.000000	0.000000
1084.999319	gene_E	157.000000	784.000000	0.000000
1084.999319	gene_F	82.000000	544.000000	0.000000
1084.999319	gene_G	34.000000	416.000000	0.028846
1084.999319	gene_H	0.000000	279.000000	0.139785
1084.999319	gene_J	101.000000	777.000000	0.063063
1084.999319	gene_K	119.000000	776.000000	0.000000
1084.999319	promoter_A	0.000000	0.000000	0.000000
1084.999319	promoter_B1	0.000000	0.000000	0.000000
1084.999319	promoter_D	0.000000	0.000000	0.000000
1089.999015	__gene_A*_rbs	786.000000	0.000000	0.000000
1089.999015	__gene_A_rbs	798.000000	0.000000	0.000000
1089.999015	__gene_B_rbs	789.000000	0.000000	0.000000
1089.999015	__gene_C_rbs	778.000000	0.000000	0.000000
1089.999015	__gene_D_rbs	792.000000	0.000000	0.000000
1089.999015	__gene_E_rbs	788.000000	0.000000	0.000000
1089.999015	__gene_F_rbs	547.000000	0.000000	0.000000
1089.999015	__gene_G_rbs	417.000000	0.000000	0.000000
1089.999015	__gene_H_rbs	280.000000	0.000000	0.000000
1089.999015	__gene_J_rbs	781.000000	0.000000	0.000000
1089.999015	__gene_K_rbs	780.000000	0.000000	0.000000
1089.999015	__ribosome	0.000000	0.000000	0.000000
1089.999015	bound_ecolipol	1878.000000	0.000000	0.000000
1089.999015	bound_ribosome	100.000000	0.000000	0.000000
1089.999015	ecoli_genome	122.000000	0.000000	0.000000
1089.999015	ecoli_transcript	81779.000000	0.000000	0.000000
1089.999015	ecolipol	30.000000	0.000000	0.000000
1089.999015	gene_A	211.000000	798.000000	0.000000
1089.999015	gene_A*	148.000000	786.000000	0.000000
1089.999015	gene_B	151.000000	789.000000	0.000000
1089.999015	gene_C	152.000000	778.000000	0.000000
1089.999015	gene_D	207.000000	792.000000	0.000000
1089.999015	gene_E	157.000000	788.000000	0.000000
1089.999015	gene_F	82.000000	547.000000	0.000000
1089.999015	gene_G	34.000000	417.000000	0.028777
1089.999015	gene_H	0.000000	280.000000	0.139286
1089.999015	gene_J	101.000000	780.000000	0.062821
1089.999015	gene_K	119.000000	780.000000	0.000000
1089.999015	promoter_A	0.000000	0.000000	0.000000
1089.999015	promoter_B1	0.000000	0.000000	0.000000
1089.999015	promoter_D	0.000000	0.000000	0.000000
1094.999159	__gene_A*_rbs	789.000000	0.000000	0.000000
1094.999159	__gene_A_rbs	802.000000	0.000000	0.000000
1094.999159	__gene_B_rbs	793.000000	0.000000	0.000000
1094.999159	__gene_C_rbs	781.000000	0.000000	0.000000
1094.999159	__gene_D_rbs	796.000000	0.000000	0.000000
1094.999159	__gene_E_rbs	791.000000	0.000000	0.000000
1094.999159	__gene_F_rbs	549.000000	0.000000	0.000000
1094.999159	__gene_G_rbs	419.000000	0.000000	0.000000
1094.999159	__gene_H_rbs	282.000000	0.000000	0.000000
1094.999159	__gene_J_rbs	784.000000	0.000000	0.000000
1094.999159	__gene_K_rbs	783.000000	0.000000	0.000000
1094.999159	__ribosome	0.000000	0.000000	0.000000
1094.999159	bound_ecolipol	1865.000000	0.000000	0.000000
1094.999159	bound_ribosome	100.000000	0.000000	0.000000
1094.999159	ecoli_genome	135.000000	0.000000	0.000000
1094.999159	ecoli_transcript	82154.000000	0.000000	0.000000
1094.999159	ecolipol	42.000000	0.000000	0.000000
1094.999159	gene_A	211.000000	802.000000	0.000000
1094.999159	gene_A*	148.000000	789.000000	0.000000
1094.999159	gene_B	151.000000	793.000000	0.000000
1094.999159	gene_C	152.000000	781.000000	0.000000
1094.999159	gene_D	207.000000	796.000000	0.000000
1094.999159	gene_E	157.000000	791.000000	0.000000
1094.999159	gene_F	82.000000	549.000000	0.000000
1094.999159	gene_G	34.000000	419.000000	0.028640
1094.999159	gene_H	0.000000	282.000000	0.138298
1094.999159	gene_J	101.000000	783.000000	0.062580
1094.999159	gene_K	119.000000	783.000000	0.000000
1094.999159	promoter_A	0.000000	0.000000	0.000000
1094.999159	promoter_B1	0.000000	0.000000	0.000000
1094.999159	promoter_D	0.000000	0.000000	0.000000
1099.999052	__gene_A*_rbs	793.000000	0.000000	0.000000
1099.999052	__gene_A_rbs	805.000000	0.000000	0.000000
1099.999052	__gene_B_rbs	796.000000	0.000000	0.000000
1099.999052	__gene_C_rbs	785.000000	0.000000	0.000000
1099.999052	__gene_D_rbs	800.000000	0.000000	0.000000
1099.999052	__gene_E_rbs	795.000000	0.000000	0.000000
1099.999052	__gene_F_rbs	550.000000	0.000000	0.000000
1099.999052	__gene_G_rbs	422.000000	0.000000	0.000000
1099.999052	__gene_H_rbs	284.000000	0.000000	0.000000
1099.999052	__gene_J_rbs	788.000000	0.000000	0.000000
1099.999052	__gene_K_rbs	787.000000	0.000000	0.000000
1099.999052	__ribosome	0.000000	0.000000	0.000000
1099.999052	bound_ecolipol	1873.000000	0.000000	0.000000
1099.999052	bound_ribosome	100.000000	0.000000	0.000000
1099.999052	ecoli_genome	127.000000	0.000000	0.000000
1099.999052	ecoli_transcript	82507.000000	0.000000	0.000000
1099.999052	ecolipol	33.000000	0.000000	0.000000
1099.999052	gene_A	211.000000	805.000000	0.000000
1099.999052	gene_A*	148.000000	793.000000	0.000000
1099.999052	gene_B	151.000000	796.000000	0.000000
1099.999052	gene_C	152.000000	785.000000	0.000000
1099.999052	gene_D	207.000000	800.000000	0.000000
1099.999052	gene_E	157.000000	795.000000	0.000000
1099.999052	gene_F	82.000000	550.000000	0.000000
1099.999052	gene_G	34.000000	422.000000	0.028436
1099.999052	gene_H	0.000000	284.000000	0.137324
1099.999052	gene_J	101.000000	787.000000	0.062262
1099.999052	gene_K	119.000000	787.000000	0.000000
1099.999052	promoter_A	0.000000	0.000000	0.000000
1099.999052	promoter_B1	0.000000	0.000000	0.000000
1099.999052	promoter_D	0.000000	0.000000	0.000000
1104.999096	__gene_A*_rbs	797.000000	0.000000	0.000000
1104.999096	__gene_A_rbs	809.000000	0.000000	0.000000
1104.999096	__gene_B_rbs	800.000000	0.000000	0.000000
1104.999096	__gene_C_rbs	789.000000	0.000000	0.000000
1104.999096	__gene_D_rbs	803.000000	0.000000	0.000000
1104.999096	__gene_E_rbs	799.000000	0.000000	0.000000
1104.999096	__gene_F_rbs	552.000000	0.000000	0.000000
1104.999096	__gene_G_rbs	425.000000	0.000000	0.000000
1104.999096	__gene_H_rbs	284.000000	0.000000	0.000000
1104.999096	__gene_J_rbs	792.000000	0.000000	0.000000
1104.999096	__gene_K_rbs	791.000000	0.000000	0.000000
1104.999096	__ribosome	0.000000	0.000000	0.000000
1104.999096	bound_ecolipol	1871.000000	0.000000	0.000000
1104.999096	bound_ribosome	100.000000	0.000000	0.000000
1104.999096	ecoli_genome	129.000000	0.000000	0.000000
1104.999096	ecoli_transcript	82894.000000	0.000000	0.000000
1104.999096	ecolipol	34.000000	0.000000	0.000000
1104.999096	gene_A	211.000000	809.000000	0.000000
1104.999096	gene_A*	148.000000	797.000000	0.000000
1104.999096	gene_B	151.000000	800.000000	0.000000
1104.999096	gene_C	152.000000	789.000000	0.000000
1104.999096	gene_D	207.000000	803.000000	0.000000
1104.999096	gene_E	157.000000	799.000000	0.000000
1104.999096	gene_F	82.000000	552.000000	0.000000
1104.999096	gene_G	34.000000	425.000000	0.028235
1104.999096	gene_H	0.000000	284.000000	0.137324
1104.999096	gene_J	101.000000	791.000000	0.061947
1104.999096	gene_K	119.000000	791.000000	0.000000
1104.999096	promoter_A	0.000000	0.000000	0.000000
1104.999096	promoter_B1	0.000000	0.000000	0.000000
1104.999096	promoter_D	0.000000	0.000000	0.000000
1109.999115	__gene_A*_rbs	801.000000	0.000000	0.000000
1109.999115	__gene_A_rbs	812.000000	0.000000	0.000000
1109.999115	__gene_B_rbs	804.000000	0.000000	0.000000
1109.999115	__gene_C_rbs	793.000000	0.000000	0.000000
1109.999115	__gene_D_rbs	807.000000	0.000000	0.000000
1109.999115	__gene_E_rbs	803.000000	0.000000	0.000000
1109.999115	__gene_F_rbs	555.000000	0.000000	0.000000
1109.999115	__gene_G_rbs	427.000000	0.000000	0.000000
1109.999115	__gene_H_rbs	286.000000	0.000000	0.000000
1109.999115	__gene_J_rbs	796.000000	0.000000	0.000000
1109.999115	__gene_K_rbs	795.000000	0.000000	0.000000
1109.999115	__ribosome	0.000000	0.000000	0.000000
1109.999115	bound_ecolipol	1871.000000	0.000000	0.000000
1109.999115	bound_ribosome	100.000000	0.000000	0.000000
1109.999115	ecoli_genome	129.000000	0.000000	0.000000
1109.999115	ecoli_transcript	83271.000000	0.000000	0.000000
1109.999115	ecolipol	33.000000	0.000000	0.000000
1109.999115	gene_A	211.000000	812.000000	0.000000
1109.999115	gene_A*	148.000000	801.000000	0.000000
1109.999115	gene_B	151.000000	804.000000	0.000000
1109.999115	gene_C	152.000000	793.000000	0.000000
1109.999115	gene_D	207.000000	807.000000	0.000000
1109.999115	gene_E	157.000000	803.000000	0.000000
1109.999115	gene_F	82.000000	555.000000	0.000000
1109.999115	gene_G	34.000000	427.000000	0.028103
1109.999115	gene_H	0.000000	286.000000	0.136364
1109.999115	gene_J	101.000000	795.000000	0.061635
1109.999115	gene_K	119.000000	795.000000	0.000000
1109.999115	promoter_A	0.000000	0.000000	0.000000
1109.999115	promoter_B1	0.000000	0.000000	0.000000
1109.999115	promoter_D	0.000000	0.000000	0.000000
1114.999006	__gene_A*_rbs	805.000000	0.000000	0.000000
1114.999006	__gene_A_rbs	816.000000	0.000000	0.000000
1114.999006	__gene_B_rbs	808.000000	0.000000	0.000000
1114.999006	__gene_C_rbs	796.000000	0.000000	0.000000
1114.999006	__gene_D_rbs	811.000000	0.000000	0.000000
1114.999006	__gene_E_rbs	806.000000	0.000000	0.000000
1114.999006	__gene_F_rbs	558.000000	0.000000	0.000000
1114.999006	__gene_G_rbs	429.000000	0.000000	0.000000
1114.999006	__gene_H_rbs	288.000000	0.000000	0.000000
1114.999006	__gene_J_rbs	800.000000	0.000000	0.000000
1114.999006	__gene_K_rbs	798.000000	0.000000	0.000000
1114.999006	__ribosome	0.000000	0.000000	0.000000
1114.999006	bound_ecolipol	1867.000000	0.000000	0.000000
1114.999006	bound_ribosome	100.000000	0.000000	0.000000
1114.999006	ecoli_genome	133.000000	0.000000	0.000000
1114.999006	ecoli_transcript	83658.000000	0.000000	0.000000
1114.999006	ecolipol	38.000000	0.000000	0.000000
1114.999006	gene_A	211.000000	816.000000	0.000000
1114.999006	gene_A*	148.000000	805.000000	0.000000
1114.999006	gene_B	151.000000	808.000000	0.000000
1114.999006	gene_C	152.000000	796.000000	0.000000
1114.999006	gene_D	207.000000	811.000000	0.000000
1114.999006	gene_E	157.000000	806.000000	0.000000
1114.999006	gene_F	82.000000	558.000000	0.000000
1114.999006	gene_G	34.000000	429.000000	0.027972
1114.999006	gene_H	0.000000	288.000000	0.135417
1114.999006	gene_J	101.000000	799.000000	0.061327
1114.999006	gene_K	119.000000	798.000000	0.000000
1114.999006	promoter_A	0.000000	0.000000	0.000000
1114.999006	promoter_B1	0.000000	0.000000	0.000000
1114.999006	promoter_D	0.000000	0.000000	0.000000
1119.999315	__gene_A*_rbs	808.000000	0.000000	0.000000
1119.999315	__gene_A_rbs	820.000000	0.000000	0.000000
1119.999315	__gene_B_rbs	811.000000	0.000000	0.000000
1119.999315	__gene_C_rbs	800.000000	0.000000	0.000000
1119.999315	__gene_D_rbs	814.000000	0.000000	0.000000
1119.999315	__gene_E_rbs	810.000000	0.000000	0.000000
1119.999315	__gene_F_rbs	560.000000	0.000000	0.000000
1119.999315	__gene_G_rbs	433.000000	0.000000	0.000000
1119.999315	__gene_H_rbs	292.000000	0.000000	0.000000
1119.999315	__gene_J_rbs	803.000000	0.000000	0.000000
1119.999315	__gene_K_rbs	802.000000	0.000000	0.000000
1119.999315	__ribosome	0.000000	0.000000	0.000000
1119.999315	bound_ecolipol	1881.000000	0.000000	0.000000
1119.999315	bound_ribosome	100.000000	0.000000	0.000000
1119.999315	ecoli_genome	119.000000	0.000000	0.000000
1119.999315	ecoli_transcript	84018.000000	0.000000	0.000000
1119.999315	ecolipol	24.000000	0.000000	0.000000
1119.999315	gene_A	211.000000	820.000000	0.000000
1119.999315	gene_A*	148.000000	808.000000	0.000000
1119.999315	gene_B	151.000000	811.000000	0.000000
1119.999315	gene_C	152.000000	800.000000	0.000000
1119.999315	gene_D	207.000000	814.000000	0.000000
1119.999315	gene_E	157.000000	810.000000	0.000000
1119.999315	gene_F	82.000000	560.000000	0.000000
1119.999315	gene_G	34.000000	433.000000	0.027714
1119.999315	gene_H	0.000000	292.000000	0.133562
1119.999315	gene_J	101.000000	802.000000	0.061097
1119.999315	gene_K	119.000000	802.000000	0.000000
1119.999315	promoter_A	0.000000	0.000000	0.000000
1119.999315	promoter_B1	0.000000	0.000000	0.000000
1119.999315	promoter_D	0.000000	0.000000	0.000000
1124.999064	__gene_A*_rbs	812.000000	0.000000	0.000000
1124.999064	__gene_A_rbs	824.000000	0.000000	0.000000
1124.999064	__gene_B_rbs	815.000000	0.000000	0.000000
1124.999064	__gene_C_rbs	803.000000	0.000000	0.000000
1124.999064	__gene_D_rbs	818.000000	0.000000	0.000000
1124.999064	__gene_E_rbs	813.000000	0.000000	0.000000
1124.999064	__gene_F_rbs	562.000000	0.000000	0.000000
1124.999064	__gene_G_rbs	434.000000	0.000000	0.000000
1124.999064	__gene_H_rbs	294.000000	0.000000	0.000000
1124.999064	__gene_J_rbs	806.000000	0.000000	0.000000
1124.999064	__gene_K_rbs	805.000000	0.000000	0.000000
1124.999064	__ribosome	0.000000	0.000000	0.000000
1124.999064	bound_ecolipol	1871.000000	0.000000	0.000000
1124.999064	bound_ribosome	100.000000	0.000000	0.000000
1124.999064	ecoli_genome	129.000000	0.000000	0.000000
1124.999064	ecoli_transcript	84381.000000	0.000000	0.000000
1124.999064	ecolipol	35.000000	0.000000	0.000000
1124.999064	gene_A	211.000000	824.000000	0.000000
1124.999064	gene_A*	148.000000	812.000000	0.000000
1124.999064	gene_B	151.000000	815.000000	0.000000
1124.999064	gene_C	152.000000	803.000000	0.000000
1124.999064	gene_D	207.000000	818.000000	0.000000
1124.999064	gene_E	157.000000	813.000000	0.000000
1124.999064	gene_F	82.000000	562.000000	0.000000
1124.999064	gene_G	34.000000	434.000000	0.027650
1124.999064	gene_H	0.000000	294.000000	0.132653
1124.999064	gene_J	101.000000	805.000000	0.060870
1124.999064	gene_K	119.000000	805.000000	0.000000
1124.999064	promoter_A	0.000000	0.000000	0.000000
1124.999064	promoter_B1	0.000000	0.000000	0.000000
1124.999064	promoter_D	0.000000	0.000000	0.000000
1129.999054	__gene_A*_rbs	815.000000	0.000000	0.000000
1129.999054	__gene_A_rbs	827.000000	0.000000	0.000000
1129.999054	__gene_B_rbs	818.000000	0.000000	0.000000
1129.999054	__gene_C_rbs	807.000000	0.000000	0.000000
1129.999054	__gene_D_rbs	821.000000	0.000000	0.000000
1129.999054	__gene_E_rbs	816.000000	0.000000	0.000000
1129.999054	__gene_F_rbs	563.000000	0.000000	0.000000
1129.999054	__gene_G_rbs	437.000000	0.000000	0.000000
1129.999054	__gene_H_rbs	296.000000	0.000000	0.000000
1129.999054	__gene_J_rbs	810.000000	0.000000	0.000000
1129.999054	__gene_K_rbs	809.000000	0.000000	0.000000
1129.999054	__ribosome	0.000000	0.000000	0.000000
1129.999054	bound_ecolipol	1873.000000	0.000000	0.000000
1129.999054	bound_ribosome	100.000000	0.000000	0.000000
1129.999054	ecoli_genome	127.000000	0.000000	0.000000
1129.999054	ecoli_transcript	84745.000000	0.000000	0.000000
1129.999054	ecolipol	32.000000	0.000000	0.000000
1129.999054	gene_A	211.000000	827.000000	0.000000
1129.999054	gene_A*	148.000000	815.000000	0.000000
1129.999054	gene_B	151.000000	818.000000	0.000000
1129.999054	gene_C	152.000000	807.000000	0.000000
1129.999054	gene_D	207.000000	821.000000	0.000000
1129.999054	gene_E	157.000000	816.000000	0.000000
1129.999054	gene_F	82.000000	563.000000	0.000000
1129.999054	gene_G	34.000000	437.000000	0.027460
1129.999054	gene_H	0.000000	296.000000	0.131757
1129.999054	gene_J	101.000000	809.000000	0.060569
1129.999054	gene_K	119.000000	809.000000	0.000000
1129.999054	promoter_A	0.000000	0.000000	0.000000
1129.999054	promoter_B1	0.000000	0.000000	0.000000
1129.999054	promoter_D	0.000000	0.000000	0.000000
1134.999184	__gene_A*_rbs	819.000000	0.000000	0.000000
1134.999184	__gene_A_rbs	831.000000	0.000000	0.000000
1134.999184	__gene_B_rbs	822.000000	0.000000	0.000000
1134.999184	__gene_C_rbs	810.000000	0.000000	0.000000
1134.999184	__gene_D_rbs	825.000000	0.000000	0.000000
1134.999184	__gene_E_rbs	820.000000	0.000000	0.000000
1134.999184	__gene_F_rbs	566.000000	0.000000	0.000000
1134.999184	__gene_G_rbs	439.000000	0.000000	0.000000
1134.999184	__gene_H_rbs	298.000000	0.000000	0.000000
1134.999184	__gene_J_rbs	813.000000	0.000000	0.000000
1134.999184	__gene_K_rbs	812.000000	0.000000	0.000000
1134.999184	__ribosome	0.000000	0.000000	0.000000
1134.999184	bound_ecolipol	1868.000000	0.000000	0.000000
1134.999184	bound_ribosome	100.000000	0.000000	0.000000
1134.999184	ecoli_genome	132.000000	0.000000	0.000000
1134.999184	ecoli_transcript	85121.000000	0.000000	0.000000
1134.999184	ecolipol	37.000000	0.000000	0.000000
1134.999184	gene_A	211.000000	831.000000	0.000000
1134.999184	gene_A*	148.000000	819.000000	0.000000
1134.999184	gene_B	151.000000	822.000000	0.000000
1134.999184	gene_C	152.000000	810.000000	0.000000
1134.999184	gene_D	207.000000	825.000000	0.000000
1134.999184	gene_E	157.000000	820.000000	0.000000
1134.999184	gene_F	82.000000	566.000000	0.000000
1134.999184	gene_G	34.000000	439.000000	0.027335
1134.999184	gene_H	0.000000	298.000000	0.130872
1134.999184	gene_J	101.000000	812.000000	0.060345
1134.999184	gene_K	119.000000	812.000000	0.000000
1134.999184	promoter_A	0.000000	0.000000	0.000000
1134.999184	promoter_B1	0.000000	0.000000	0.000000
1134.999184	promoter_D	0.000000	0.000000	0.000000
1139.999232	__gene_A*_rbs	823.000000	0.000000	0.000000
1139.999232	__gene_A_rbs	835.000000	0.000000	0.000000
1139.999232	__gene_B_rbs	826.000000	0.000000	0.000000
1139.999232	__gene_C_rbs	814.000000	0.000000	0.000000
1139.999232	__gene_D_rbs	829.000000	0.000000	0.000000
1139.999232	__gene_E_rbs	824.000000	0.000000	0.000000
1139.999232	__gene_F_rbs	568.000000	0.000000	0.000000
1139.999232	__gene_G_rbs	441.000000	0.000000	0.000000
1139.999232	__gene_H_rbs	300.000000	0.000000	0.000000
1139.999232	__gene_J_rbs	817.000000	0.000000	0.000000
1139.999232	__gene_K_rbs	816.000000	0.000000	0.000000
1139.999232	__ribosome	0.000000	0.000000	0.000000
1139.999232	bound_ecolipol	1867.000000	0.000000	0.000000
1139.999232	bound_ribosome	100.000000	0.000000	0.000000
1139.999232	ecoli_genome	133.000000	0.000000	0.000000
1139.999232	ecoli_transcript	85492.000000	0.000000	0.000000
1139.999232	ecolipol	37.000000	0.000000	0.000000
1139.999232	gene_A	211.000000	835.000000	0.000000
1139.999232	gene_A*	148.000000	823.000000	0.000000
1139.999232	gene_B	151.000000	826.000000	0.000000
1139.999232	gene_C	152.000000	814.000000	0.000000
1139.999232	gene_D	207.000000	829.000000	0.000000
1139.999232	gene_E	157.000000	824.000000	0.000000
1139.999232	gene_F	82.000000	568.000000	0.000000
1139.999232	gene_G	34.000000	441.000000	0.027211
1139.999232	gene_H	0.000000	300.000000	0.130000
1139.999232	gene_J	101.000000	816.000000	0.060049
1139.999232	gene_K	119.000000	816.000000	0.000000
1139.999232	promoter_A	0.000000	0.000000	0.000000
1139.999232	promoter_B1	0.000000	0.000000	0.000000
1139.999232	promoter_D	0.000000	0.000000	0.000000
1144.999091	__gene_A*_rbs	827.000000	0.000000	0.000000
1144.999091	__gene_A_rbs	839.000000	0.000000	0.000000
1144.999091	__gene_B_rbs	829.000000	0.000000	0.000000
1144.999091	__gene_C_rbs	818.000000	0.000000	0.000000
1144.999091	__gene_D_rbs	832.000000	0.000000	0.000000
1144.999091	__gene_E_rbs	827.000000	0.000000	0.000000
1144.999091	__gene_F_rbs	571.000000	0.000000	0.000000
1144.999091	__gene_G_rbs	442.000000	0.000000	0.000000
1144.999091	__gene_H_rbs	302.000000	0.000000	0.000000
1144.999091	__gene_J_rbs	821.000000	0.000000	0.000000
1144.999091	__gene_K_rbs	820.000000	0.000000	0.000000
1144.999091	__ribosome	0.000000	0.000000	0.000000
1144.999091	bound_ecolipol	1880.000000	0.000000	0.000000
1144.999091	bound_ribosome	100.000000	0.000000	0.000000
1144.999091	ecoli_genome	120.000000	0.000000	0.000000
1144.999091	ecoli_transcript	85883.000000	0.000000	0.000000
1144.999091	ecolipol	26.000000	0.000000	0.000000
1144.999091	gene_A	211.000000	839.000000	0.000000
1144.999091	gene_A*	148.000000	827.000000	0.000000
1144.999091	gene_B	151.000000	829.000000	0.000000
1144.999091	gene_C	152.000000	818.000000	0.000000
1144.999091	gene_D	207.000000	832.000000	0.000000
1144.999091	gene_E	157.000000	827.000000	0.000000
1144.999091	gene_F	82.000000	571.000000	0.000000
1144.999091	gene_G	34.000000	442.000000	0.027149
1144.999091	gene_H	0.000000	302.000000	0.129139
1144.999091	gene_J	101.000000	820.000000	0.059756
1144.999091	gene_K	119.000000	820.000000	0.000000
1144.999091	promoter_A	0.000000	0.000000	0.000000
1144.999091	promoter_B1	0.000000	0.000000	0.000000
1144.999091	promoter_D	0.000000	0.000000	0.000000
1149.999035	__gene_A*_rbs	830.000000	0.000000	0.000000
1149.999035	__gene_A_rbs	842.000000	0.000000	0.000000
1149.999035	__gene_B_rbs	833.000000	0.000000	0.000000
1149.999035	__gene_C_rbs	821.000000	0.000000	0.000000
1149.999035	__gene_D_rbs	836.000000	0.000000	0.000000
1149.999035	__gene_E_rbs	831.000000	0.000000	0.000000
1149.999035	__gene_F_rbs	574.000000	0.000000	0.000000
1149.999035	__gene_G_rbs	444.000000	0.000000	0.000000
1149.999035	__gene_H_rbs	303.000000	0.000000	0.000000
1149.999035	__gene_J_rbs	825.000000	0.000000	0.000000
1149.999035	__gene_K_rbs	823.000000	0.000000	0.000000
1149.999035	__ribosome	0.000000	0.000000	0.000000
1149.999035	bound_ecolipol	1855.000000	0.000000	0.000000
1149.999035	bound_ribosome	100.000000	0.000000	0.000000
1149.999035	ecoli_genome	145.000000	0.000000	0.000000
1149.999035	ecoli_transcript	86272.000000	0.000000	0.000000
1149.999035	ecolipol	50.000000	0.000000	0.000000
1149.999035	gene_A	211.000000	842.000000	0.000000
1149.999035	gene_A*	148.000000	830.000000	0.000000
1149.999035	gene_B	151.000000	833.000000	0.000000
1149.999035	gene_C	152.000000	821.000000	0.000000
1149.999035	gene_D	207.000000	836.000000	0.000000
1149.999035	gene_E	157.000000	831.000000	0.000000
1149.999035	gene_F	82.000000	574.000000	0.000000
1149.999035	gene_G	34.000000	444.000000	0.027027
1149.999035	gene_H	0.000000	303.000000	0.128713
1149.999035	gene_J	101.000000	824.000000	0.059466
1149.999035	gene_K	119.000000	823.000000	0.000000
1149.999035	promoter_A	0.000000	0.000000	0.000000
1149.999035	promoter_B1	0.000000	0.000000	0.000000
1149.999035	promoter_D	0.000000	0.000000	0.000000
1154.999048	__gene_A*_rbs	834.000000	0.000000	0.000000
1154.999048	__gene_A_rbs	846.000000	0.000000	0.000000
1154.999048	__gene_B_rbs	836.000000	0.000000	0.000000
1154.999048	__gene_C_rbs	825.000000	0.000000	0.000000
1154.999048	__gene_D_rbs	839.000000	0.000000	0.000000
1154.999048	__gene_E_rbs	835.000000	0.000000	0.000000
1154.999048	__gene_F_rbs	576.000000	0.000000	0.000000
1154.999048	__gene_G_rbs	447.000000	0.000000	0.000000
1154.999048	__gene_H_rbs	304.000000	0.000000	0.000000
1154.999048	__gene_J_rbs	828.000000	0.000000	0.000000
1154.999048	__gene_K_rbs	827.000000	0.000000	0.000000
1154.999048	__ribosome	0.000000	0.000000	0.000000
1154.999048	bound_ecolipol	1875.000000	0.000000	0.000000
1154.999048	bound_ribosome	100.000000	0.000000	0.000000
1154.999048	ecoli_genome	125.000000	0.000000	0.000000
1154.999048	ecoli_transcript	86619.000000	0.000000	0.000000
1154.999048	ecolipol	33.000000	0.000000	0.000000
1154.999048	gene_A	211.000000	846.000000	0.000000
1154.999048	gene_A*	148.000000	834.000000	0.000000
1154.999048	gene_B	151.000000	836.000000	0.000000
1154.999048	gene_C	152.000000	825.000000	0.000000
1154.999048	gene_D	207.000000	839.000000	0.000000
1154.999048	gene_E	157.000000	835.000000	0.000000
1154.999048	gene_F	82.000000	576.000000	0.000000
1154.999048	gene_G	34.000000	447.000000	0.026846
1154.999048	gene_H	0.000000	304.000000	0.128289
1154.999048	gene_J	101.000000	827.000000	0.059250
1154.999048	gene_K	119.000000	827.000000	0.000000
1154.999048	promoter_A	0.000000	0.000000	0.000000
1154.999048	promoter_B1	0.000000	0.000000	0.000000
1154.999048	promoter_D	0.000000	0.000000	0.000000
1159.999063	__gene_A*_rbs	837.000000	0.000000	0.000000
1159.999063	__gene_A_rbs	849.000000	0.000000	0.000000
1159.999063	__gene_B_rbs	840.000000	0.000000	0.000000
1159.999063	__gene_C_rbs	829.000000	0.000000	0.000000
1159.999063	__gene_D_rbs	843.000000	0.000000	0.000000
1159.999063	__gene_E_rbs	839.000000	0.000000	0.000000
1159.999063	__gene_F_rbs	579.000000	0.000000	0.000000
1159.999063	__gene_G_rbs	449.000000	0.000000	0.000000
1159.999063	__gene_H_rbs	304.000000	0.000000	0.000000
1159.999063	__gene_J_rbs	832.000000	0.000000	0.000000
1159.999063	__gene_K_rbs	831.000000	0.000000	0.000000
1159.999063	__ribosome	0.000000	0.000000	0.000000
1159.999063	bound_ecolipol	1866.000000	0.000000	0.000000
1159.999063	bound_ribosome	100.000000	0.000000	0.000000
1159.999063	ecoli_genome	134.000000	0.000000	0.000000
1159.999063	ecoli_transcript	86975.000000	0.000000	0.000000
1159.999063	ecolipol	41.000000	0.000000	0.000000
1159.999063	gene_A	211.000000	849.000000	0.000000
1159.999063	gene_A*	148.000000	837.000000	0.000000
1159.999063	gene_B	151.000000	840.000000	0.000000
1159.999063	gene_C	152.000000	829.000000	0.000000
1159.999063	gene_D	207.000000	843.000000	0.000000
1159.999063	gene_E	157.000000	839.000000	0.000000
1159.999063	gene_F	82.000000	579.000000	0.000000
1159.999063	gene_G	34.000000	449.000000	0.026726
1159.999063	gene_H	0.000000	304.000000	0.128289
1159.999063	gene_J	101.000000	831.000000	0.058965
1159.999063	gene_K	119.000000	831.000000	0.000000
1159.999063	promoter_A	0.000000	0.000000	0.000000
1159.999063	promoter_B1	0.000000	0.000000	0.000000
1159.999063	promoter_D	0.000000	0.000000	0.000000
1164.999298	__gene_A*_rbs	840.000000	0.000000	0.000000
1164.999298	__gene_A_rbs	853.000000	0.000000	0.000000
1164.999298	__gene_B_rbs	844.000000	0.000000	0.000000
1164.999298	__gene_C_rbs	832.000000	0.000000	0.000000
1164.999298	__gene_D_rbs	846.000000	0.000000	0.000000
1164.999298	__gene_E_rbs	842.000000	0.000000	0.000000
1164.999298	__gene_F_rbs	582.000000	0.000000	0.000000
1164.999298	__gene_G_rbs	451.000000	0.000000	0.000000
1164.999298	__gene_H_rbs	305.000000	0.000000	0.000000
1164.999298	__gene_J_rbs	836.000000	0.000000	0.000000
1164.999298	__gene_K_rbs	835.000000	0.000000	0.000000
1164.999298	__ribosome	0.000000	0.000000	0.000000
1164.999298	bound_ecolipol	1859.000000	0.000000	0.000000
1164.999298	bound_ribosome	100.000000	0.000000	0.000000
1164.999298	ecoli_genome	141.000000	0.000000	0.000000
1164.999298	ecoli_transcript	87373.000000	0.000000	0.000000
1164.999298	ecolipol	50.000000	0.000000	0.000000
1164.999298	gene_A	211.000000	853.000000	0.000000
1164.999298	gene_A*	148.000000	840.000000	0.000000
1164.999298	gene_B	151.000000	844.000000	0.000000
1164.999298	gene_C	152.000000	832.000000	0.000000
1164.999298	gene_D	207.000000	846.000000	0.000000
1164.999298	gene_E	157.000000	842.000000	0.000000
1164.999298	gene_F	82.000000	582.000000	0.000000
1164.999298	gene_G	34.000000	451.000000	0.026608
1164.999298	gene_H	0.000000	305.000000	0.127869
1164.999298	gene_J	101.000000	835.000000	0.058683
1164.999298	gene_K	119.000000	835.000000	0.000000
1164.999298	promoter_A	0.000000	0.000000	0.000000
1164.999298	promoter_B1	0.000000	0.000000	0.000000
1164.999298	promoter_D	0.000000	0.000000	0.000000
1169.999032	__gene_A*_rbs	844.000000	0.000000	0.000000
1169.999032	__gene_A_rbs	857.000000	0.000000	0.000000
1169.999032	__gene_B_rbs	848.000000	0.000000	0.000000
1169.999032	__gene_C_rbs	836.000000	0.000000	0.000000
1169.999032	__gene_D_rbs	850.000000	0.000000	0.000000
1169.999032	__gene_E_rbs	846.000000	0.000000	0.000000
1169.999032	__gene_F_rbs	586.000000	0.000000	0.000000
1169.999032	__gene_G_rbs	453.000000	0.000000	0.000000
1169.999032	__gene_H_rbs	308.000000	0.000000	0.000000
1169.999032	__gene_J_rbs	840.000000	0.000000	0.000000
1169.999032	__gene_K_rbs	838.000000	0.000000	0.000000
1169.999032	__ribosome	0.000000	0.000000	0.000000
1169.999032	bound_ecolipol	1863.000000	0.000000	0.000000
1169.999032	bound_ribosome	100.000000	0.000000	0.000000
1169.999032	ecoli_genome	137.000000	0.000000	0.000000
1169.999032	ecoli_transcript	87767.000000	0.000000	0.000000
1169.999032	ecolipol	43.000000	0.000000	0.000000
1169.999032	gene_A	211.000000	857.000000	0.000000
1169.999032	gene_A*	148.000000	844.000000	0.000000
1169.999032	gene_B	151.000000	848.000000	0.000000
1169.999032	gene_C	152.000000	836.000000	0.000000
1169.999032	gene_D	207.000000	850.000000	0.000000
1169.999032	gene_E	157.000000	846.000000	0.000000
1169.999032	gene_F	82.000000	586.000000	0.000000
1169.999032	gene_G	34.000000	453.000000	0.026490
1169.999032	gene_H	0.000000	308.000000	0.126623
1169.999032	gene_J	101.000000	839.000000	0.058403
1169.999032	gene_K	119.000000	838.000000	0.000000
1169.999032	promoter_A	0.000000	0.000000	0.000000
1169.999032	promoter_B1	0.000000	0.000000	0.000000
1169.999032	promoter_D	0.000000	0.000000	0.000000
1174.999031	__gene_A*_rbs	848.000000	0.000000	0.000000
1174.999031	__gene_A_rbs	860.000000	0.000000	0.000000
1174.999031	__gene_B_rbs	851.000000	0.000000	0.000000
1174.999031	__gene_C_rbs	839.000000	0.000000	0.000000
1174.999031	__gene_D_rbs	854.000000	0.000000	0.000000
1174.999031	__gene_E_rbs	850.000000	0.000000	0.000000
1174.999031	__gene_F_rbs	589.000000	0.000000	0.000000
1174.999031	__gene_G_rbs	454.000000	0.000000	0.000000
1174.999031	__gene_H_rbs	309.000000	0.000000	0.000000
1174.999031	__gene_J_rbs	843.000000	0.000000	0.000000
1174.999031	__gene_K_rbs	842.000000	0.000000	0.000000
1174.999031	__ribosome	0.000000	0.000000	0.000000
1174.999031	bound_ecolipol	1872.000000	0.000000	0.000000
1174.999031	bound_ribosome	100.000000	0.000000	0.000000
1174.999031	ecoli_genome	128.000000	0.000000	0.000000
1174.999031	ecoli_transcript	88138.000000	0.000000	0.000000
1174.999031	ecolipol	35.000000	0.000000	0.000000
1174.999031	gene_A	211.000000	860.000000	0.000000
1174.999031	gene_A*	148.000000	848.000000	0.000000
1174.999031	gene_B	151.000000	851.000000	0.000000
1174.999031	gene_C	152.000000	839.000000	0.000000
1174.999031	gene_D	207.000000	854.000000	0.000000
1174.999031	gene_E	157.000000	850.000000	0.000000
1174.999031	gene_F	82.000000	589.000000	0.000000
1174.999031	gene_G	34.000000	454.000000	0.026432
1174.999031	gene_H	0.000000	309.000000	0.126214
1174.999031	gene_J	101.000000	842.000000	0.058195
1174.999031	gene_K	119.000000	842.000000	0.000000
1174.999031	promoter_A	0.000000	0.000000	0.000000
1174.999031	promoter_B1	0.000000	0.000000	0.000000
1174.999031	promoter_D	0.000000	0.000000	0.000000
1179.999773	__gene_A*_rbs	852.000000	0.000000	0.000000
1179.999773	__gene_A_rbs	864.000000	0.000000	0.000000
1179.999773	__gene_B_rbs	855.000000	0.000000	0.000000
1179.999773	__gene_C_rbs	843.000000	0.000000	0.000000
1179.999773	__gene_D_rbs	858.000000	0.000000	0.000000
1179.999773	__gene_E_rbs	854.000000	0.000000	0.000000
1179.999773	__gene_F_rbs	592.000000	0.000000	0.000000
1179.999773	__gene_G_rbs	455.000000	0.000000	0.000000
1179.999773	__gene_H_rbs	310.000000	0.000000	0.000000
1179.999773	__gene_J_rbs	847.000000	0.000000	0.000000
1179.999773	__gene_K_rbs	845.000000	0.000000	0.000000
1179.999773	__ribosome	0.000000	0.000000	0.000000
1179.999773	bound_ecolipol	1874.000000	0.000000	0.000000
1179.999773	bound_ribosome	100.000000	0.000000	0.000000
1179.999773	ecoli_genome	126.000000	0.000000	0.000000
1179.999773	ecoli_transcript	88479.000000	0.000000	0.000000
1179.999773	ecolipol	32.000000	0.000000	0.000000
1179.999773	gene_A	211.000000	864.000000	0.000000
1179.999773	gene_A*	148.000000	852.000000	0.000000
1179.999773	gene_B	151.000000	855.000000	0.000000
1179.999773	gene_C	152.000000	843.000000	0.000000
1179.999773	gene_D	207.000000	858.000000	0.000000
1179.999773	gene_E	157.000000	854.000000	0.000000
1179.999773	gene_F	82.000000	592.000000	0.000000
1179.999773	gene_G	34.000000	455.000000	0.026374
1179.999773	gene_H	0.000000	310.000000	0.125806
1179.999773	gene_J	101.000000	846.000000	0.057920
1179.999773	gene_K	119.000000	845.000000	0.000000
1179.999773	promoter_A	0.000000	0.000000	0.000000
1179.999773	promoter_B1	0.000000	0.000000	0.000000
1179.999773	promoter_D	0.000000	0.000000	0.000000
1184.999026	__gene_A*_rbs	856.000000	0.000000	0.000000
1184.999026	__gene_A_rbs	868.000000	0.000000	0.000000
1184.999026	__gene_B_rbs	858.000000	0.000000	0.000000
1184.999026	__gene_C_rbs	847.000000	0.000000	0.000000
1184.999026	__gene_D_rbs	861.000000	0.000000	0.000000
1184.999026	__gene_E_rbs	857.000000	0.000000	0.000000
1184.999026	__gene_F_rbs	595.000000	0.000000	0.000000
1184.999026	__gene_G_rbs	456.000000	0.000000	0.000000
1184.999026	__gene_H_rbs	311.000000	0.000000	0.000000
1184.999026	__gene_J_rbs	850.000000	0.000000	0.000000
1184.999026	__gene_K_rbs	849.000000	0.000000	0.000000
1184.999026	__ribosome	0.000000	0.000000	0.000000
1184.999026	bound_ecolipol	1860.000000	0.000000	0.000000
1184.999026	bound_ribosome	100.000000	0.000000	0.000000
1184.999026	ecoli_genome	140.000000	0.000000	0.000000
1184.999026	ecoli_transcript	88858.000000	0.000000	0.000000
1184.999026	ecolipol	45.000000	0.000000	0.000000
1184.999026	gene_A	211.000000	868.000000	0.000000
1184.999026	gene_A*	148.000000	856.000000	0.000000
1184.999026	gene_B	151.000000	858.000000	0.000000
1184.999026	gene_C	152.000000	847.000000	0.000000
1184.999026	gene_D	207.000000	861.000000	0.000000
1184.999026	gene_E	157.000000	857.000000	0.000000
1184.999026	gene_F	82.000000	595.000000	0.000000
1184.999026	gene_G	34.000000	456.000000	0.026316
1184.999026	gene_H	0.000000	311.000000	0.125402
1184.999026	gene_J	101.000000	849.000000	0.057715
1184.999026	gene_K	119.000000	849.000000	0.000000
1184.999026	promoter_A	0.000000	0.000000	0.000000
1184.999026	promoter_B1	0.000000	0.000000	0.000000
1184.999026	promoter_D	0.000000	0.000000	0.000000
1189.999120	__gene_A*_rbs	859.000000	0.000000	0.000000
1189.999120	__gene_A_rbs	872.000000	0.000000	0.000000
1189.999120	__gene_B_rbs	862.000000	0.000000	0.000000
1189.999120	__gene_C_rbs	851.000000	0.000000	0.000000
1189.999120	__gene_D_rbs	865.000000	0.000000	0.000000
1189.999120	__gene_E_rbs	861.000000	0.000000	0.000000
1189.999120	__gene_F_rbs	598.000000	0.000000	0.000000
1189.999120	__gene_G_rbs	459.000000	0.000000	0.000000
1189.999120	__gene_H_rbs	312.000000	0.000000	0.000000
1189.999120	__gene_J_rbs	854.000000	0.000000	0.000000
1189.999120	__gene_K_rbs	853.000000	0.000000	0.000000
1189.999120	__ribosome	0.000000	0.000000	0.000000
1189.999120	bound_ecolipol	1864.000000	0.000000	0.000000
1189.999120	bound_ribosome	100.000000	0.000000	0.000000
1189.999120	ecoli_genome	136.000000	0.000000	0.000000
1189.999120	ecoli_transcript	89233.000000	0.000000	0.000000
1189.999120	ecolipol	40.000000	0.000000	0.000000
1189.999120	gene_A	211.000000	872.000000	0.000000
1189.999120	gene_A*	148.000000	859.000000	0.000000
1189.999120	gene_B	151.000000	862.000000	0.000000
1189.999120	gene_C	152.000000	851.000000	0.000000
1189.999120	gene_D	207.000000	865.000000	0.000000
1189.999120	gene_E	157.000000	861.000000	0.000000
1189.999120	gene_F	82.000000	598.000000	0.000000
1189.999120	gene_G	34.000000	459.000000	0.026144
1189.999120	gene_H	0.000000	312.000000	0.125000
1189.999120	gene_J	101.000000	853.000000	0.057444
1189.999120	gene_K	119.000000	853.000000	0.000000
1189.999120	promoter_A	0.000000	0.000000	0.000000
1189.999120	promoter_B1	0.000000	0.000000	0.000000
1189.999120	promoter_D	0.000000	0.000000	0.000000
1194.999090	__gene_A*_rbs	863.000000	0.000000	0.000000
1194.999090	__gene_A_rbs	875.000000	0.000000	0.000000
1194.999090	__gene_B_rbs	865.000000	0.000000	0.000000
1194.999090	__gene_C_rbs	854.000000	0.000000	0.000000
1194.999090	__gene_D_rbs	869.000000	0.000000	0.000000
1194.999090	__gene_E_rbs	865.000000	0.000000	0.000000
1194.999090	__gene_F_rbs	599.000000	0.000000	0.000000
1194.999090	__gene_G_rbs	460.000000	0.000000	0.000000
1194.999090	__gene_H_rbs	313.000000	0.000000	0.000000
1194.999090	__gene_J_rbs	857.000000	0.000000	0.000000
1194.999090	__gene_K_rbs	856.000000	0.000000	0.000000
1194.999090	__ribosome	0.000000	0.000000	0.000000
1194.999090	bound_ecolipol	1869.000000	0.000000	0.000000
1194.999090	bound_ribosome	100.000000	0.000000	0.000000
1194.999090	ecoli_genome	131.000000	0.000000	0.000000
1194.999090	ecoli_transcript	89617.000000	0.000000	0.000000
1194.999090	ecolipol	36.000000	0.000000	0.000000
1194.999090	gene_A	211.000000	875.000000	0.000000
1194.999090	gene_A*	148.000000	863.000000	0.000000
1194.999090	gene_B	151.000000	865.000000	0.000000
1194.999090	gene_C	152.000000	854.000000	0.000000
1194.999090	gene_D	207.000000	869.000000	0.000000
1194.999090	gene_E	157.000000	865.000000	0.000000
1194.999090	gene_F	82.000000	599.000000	0.000000
1194.999090	gene_G	34.000000	460.000000	0.026087
1194.999090	gene_H	0.000000	313.000000	0.124601
1194.999090	gene_J	101.000000	856.000000	0.057243
1194.999090	gene_K	119.000000	856.000000	0.000000
1194.999090	promoter_A	0.000000	0.000000	0.000000
1194.999090	promoter_B1	0.000000	0.000000	0.000000
1194.999090	promoter_D	0.000000	0.000000	0.000000
1199.999043	__gene_A*_rbs	866.000000	0.000000	0.000000
1199.999043	__gene_A_rbs	879.000000	0.000000	0.000000
1199.999043	__gene_B_rbs	868.000000	0.000000	0.000000
1199.999043	__gene_C_rbs	858.000000	0.000000	0.000000
1199.999043	__gene_D_rbs	873.000000	0.000000	0.000000
1199.999043	__gene_E_rbs	868.000000	0.000000	0.000000
1199.999043	__gene_F_rbs	602.000000	0.000000	0.000000
1199.999043	__gene_G_rbs	463.000000	0.000000	0.000000
1199.999043	__gene_H_rbs	314.000000	0.000000	0.000000
1199.999043	__gene_J_rbs	861.000000	0.000000	0.000000
1199.999043	__gene_K_rbs	860.000000	0.000000	0.000000
1199.999043	__ribosome	0.000000	0.000000	0.000000
1199.999043	bound_ecolipol	1863.000000	0.000000	0.000000
1199.999043	bound_ribosome	100.000000	0.000000	0.000000
1199.999043	ecoli_genome	137.000000	0.000000	0.000000
1199.999043	ecoli_transcript	89987.000000	0.000000	0.000000
1199.999043	ecolipol	41.000000	0.000000	0.000000
1199.999043	gene_A	211.000000	879.000000	0.000000
1199.999043	gene_A*	148.000000	866.000000	0.000000
1199.999043	gene_B	151.000000	868.000000	0.000000
1199.999043	gene_C	152.000000	858.000000	0.000000
1199.999043	gene_D	207.000000	873.000000	0.000000
1199.999043	gene_E	157.000000	868.000000	0.000000
1199.999043	gene_F	82.000000	602.000000	0.000000
1199.999043	gene_G	34.000000	463.000000	0.025918
1199.999043	gene_H	0.000000	314.000000	0.124204
1199.999043	gene_J	101.000000	860.000000	0.056977
1199.999043	gene_K	119.000000	860.000000	0.000000
1199.999043	promoter_A	0.000000	0.000000	0.000000
1199.999043	promoter_B1	0.000000	0.000000	0.000000
1199.999043	promoter_D	0.000000	0.000000	0.000000
