time	species	protein	transcript	ribo_density
0.000000	__gene_A*_rbs	0.000000	0.000000	0.000000
0.000000	__gene_A_rbs	0.000000	0.000000	0.000000
0.000000	__gene_B_rbs	0.000000	0.000000	0.000000
0.000000	__gene_C_rbs	0.000000	0.000000	0.000000
0.000000	__gene_D_rbs	0.000000	0.000000	0.000000
0.000000	__gene_E_rbs	0.000000	0.000000	0.000000
0.000000	__gene_F_rbs	0.000000	0.000000	0.000000
0.000000	__gene_G_rbs	0.000000	0.000000	0.000000
0.000000	__gene_H_rbs	0.000000	0.000000	0.000000
0.000000	__gene_J_rbs	0.000000	0.000000	0.000000
0.000000	__gene_K_rbs	0.000000	0.000000	0.000000
0.000000	__ribosome	100.000000	0.000000	0.000000
0.000000	bound_ecolipol	2000.000000	0.000000	0.000000
0.000000	bound_ribosome	100.000000	0.000000	0.000000
0.000000	ecoli_genome	0.000000	0.000000	0.000000
0.000000	ecoli_transcript	0.000000	0.000000	0.000000
0.000000	ecolipol	0.000000	0.000000	0.000000
0.000000	promoter_A	1.000000	0.000000	0.000000
0.000000	promoter_B1	1.000000	0.000000	0.000000
0.000000	promoter_D	1.000000	0.000000	0.000000
4.999603	__gene_A*_rbs	0.000000	0.000000	0.000000
4.999603	__gene_A_rbs	2.000000	0.000000	0.000000
4.999603	__gene_B_rbs	0.000000	0.000000	0.000000
4.999603	__gene_C_rbs	0.000000	0.000000	0.000000
4.999603	__gene_D_rbs	0.000000	0.000000	0.000000
4.999603	__gene_E_rbs	0.000000	0.000000	0.000000
4.999603	__gene_F_rbs	0.000000	0.000000	0.000000
4.999603	__gene_G_rbs	0.000000	0.000000	0.000000
4.999603	__gene_H_rbs	0.000000	0.000000	0.000000
4.999603	__gene_J_rbs	0.000000	0.000000	0.000000
4.999603	__gene_K_rbs	0.000000	0.000000	0.000000
4.999603	__ribosome	90.000000	0.000000	0.000000
4.999603	bound_ecolipol	1927.000000	0.000000	0.000000
4.999603	bound_ribosome	100.000000	0.000000	0.000000
4.999603	ecoli_genome	73.000000	0.000000	0.000000
4.999603	ecoli_transcript	390.000000	0.000000	0.000000
4.999603	ecolipol	67.000000	0.000000	0.000000
4.999603	gene_A	0.000000	4.000000	2.500000
4.999603	promoter_A	0.000000	0.000000	0.000000
4.999603	promoter_B1	1.000000	0.000000	0.000000
4.999603	promoter_D	1.000000	0.000000	0.000000
9.999241	__gene_A*_rbs	0.000000	0.000000	0.000000
9.999241	__gene_A_rbs	5.000000	0.000000	0.000000
9.999241	__gene_B_rbs	1.000000	0.000000	0.000000
9.999241	__gene_C_rbs	0.000000	0.000000	0.000000
9.999241	__gene_D_rbs	0.000000	0.000000	0.000000
9.999241	__gene_E_rbs	0.000000	0.000000	0.000000
9.999241	__gene_F_rbs	0.000000	0.000000	0.000000
9.999241	__gene_G_rbs	0.000000	0.000000	0.000000
9.999241	__gene_H_rbs	0.000000	0.000000	0.000000
9.999241	__gene_J_rbs	0.000000	0.000000	0.000000
9.999241	__gene_K_rbs	0.000000	0.000000	0.000000
9.999241	__ribosome	68.000000	0.000000	0.000000
9.999241	bound_ecolipol	1921.000000	0.000000	0.000000
9.999241	bound_ribosome	100.000000	0.000000	0.000000
9.999241	ecoli_genome	79.000000	0.000000	0.000000
9.999241	ecoli_transcript	796.000000	0.000000	0.000000
9.999241	ecolipol	69.000000	0.000000	0.000000
9.999241	gene_A	0.000000	7.000000	4.571429
9.999241	gene_B	0.000000	1.000000	0.000000
9.999241	promoter_A	0.000000	0.000000	0.000000
9.999241	promoter_B1	1.000000	0.000000	0.000000
9.999241	promoter_D	1.000000	0.000000	0.000000
14.999667	__gene_A*_rbs	0.000000	0.000000	0.000000
14.999667	__gene_A_rbs	10.000000	0.000000	0.000000
14.999667	__gene_B_rbs	2.000000	0.000000	0.000000
14.999667	__gene_C_rbs	0.000000	0.000000	0.000000
14.999667	__gene_D_rbs	1.000000	0.000000	0.000000
14.999667	__gene_E_rbs	0.000000	0.000000	0.000000
14.999667	__gene_F_rbs	0.000000	0.000000	0.000000
14.999667	__gene_G_rbs	0.000000	0.000000	0.000000
14.999667	__gene_H_rbs	0.000000	0.000000	0.000000
14.999667	__gene_J_rbs	0.000000	0.000000	0.000000
14.999667	__gene_K_rbs	0.000000	0.000000	0.000000
14.999667	__ribosome	36.000000	0.000000	0.000000
14.999667	bound_ecolipol	1929.000000	0.000000	0.000000
14.999667	bound_ribosome	100.000000	0.000000	0.000000
14.999667	ecoli_genome	71.000000	0.000000	0.000000
14.999667	ecoli_transcript	1159.000000	0.000000	0.000000
14.999667	ecolipol	55.000000	0.000000	0.000000
14.999667	gene_A	0.000000	11.000000	5.363636
14.999667	gene_B	0.000000	2.000000	2.000000
14.999667	gene_D	0.000000	1.000000	1.000000
14.999667	promoter_A	0.000000	0.000000	0.000000
14.999667	promoter_B1	0.000000	0.000000	0.000000
14.999667	promoter_D	1.000000	0.000000	0.000000
20.001781	__gene_A*_rbs	2.000000	0.000000	0.000000
20.001781	__gene_A_rbs	13.000000	0.000000	0.000000
20.001781	__gene_B_rbs	2.000000	0.000000	0.000000
20.001781	__gene_C_rbs	0.000000	0.000000	0.000000
20.001781	__gene_D_rbs	1.000000	0.000000	0.000000
20.001781	__gene_E_rbs	1.000000	0.000000	0.000000
20.001781	__gene_F_rbs	0.000000	0.000000	0.000000
20.001781	__gene_G_rbs	0.000000	0.000000	0.000000
20.001781	__gene_H_rbs	0.000000	0.000000	0.000000
20.001781	__gene_J_rbs	0.000000	0.000000	0.000000
20.001781	__gene_K_rbs	1.000000	0.000000	0.000000
20.001781	__ribosome	13.000000	0.000000	0.000000
20.001781	bound_ecolipol	1926.000000	0.000000	0.000000
20.001781	bound_ribosome	100.000000	0.000000	0.000000
20.001781	ecoli_genome	74.000000	0.000000	0.000000
20.001781	ecoli_transcript	1518.000000	0.000000	0.000000
20.001781	ecolipol	54.000000	0.000000	0.000000
20.001781	gene_A	0.000000	15.000000	4.933333
20.001781	gene_A*	0.000000	3.000000	0.666667
20.001781	gene_B	0.000000	2.000000	4.000000
20.001781	gene_D	0.000000	1.000000	2.000000
20.001781	gene_E	0.000000	1.000000	1.000000
20.001781	gene_K	0.000000	1.000000	0.000000
20.001781	promoter_A	0.000000	0.000000	0.000000
20.001781	promoter_B1	1.000000	0.000000	0.000000
20.001781	promoter_D	1.000000	0.000000	0.000000
24.999440	__gene_A*_rbs	4.000000	0.000000	0.000000
24.999440	__gene_A_rbs	18.000000	0.000000	0.000000
24.999440	__gene_B_rbs	3.000000	0.000000	0.000000
24.999440	__gene_C_rbs	2.000000	0.000000	0.000000
24.999440	__gene_D_rbs	1.000000	0.000000	0.000000
24.999440	__gene_E_rbs	1.000000	0.000000	0.000000
24.999440	__gene_F_rbs	0.000000	0.000000	0.000000
24.999440	__gene_G_rbs	0.000000	0.000000	0.000000
24.999440	__gene_H_rbs	0.000000	0.000000	0.000000
24.999440	__gene_J_rbs	0.000000	0.000000	0.000000
24.999440	__gene_K_rbs	2.000000	0.000000	0.000000
24.999440	__ribosome	2.000000	0.000000	0.000000
24.999440	bound_ecolipol	1915.000000	0.000000	0.000000
24.999440	bound_ribosome	100.000000	0.000000	0.000000
24.999440	ecoli_genome	85.000000	0.000000	0.000000
24.999440	ecoli_transcript	1892.000000	0.000000	0.000000
24.999440	ecolipol	62.000000	0.000000	0.000000
24.999440	gene_A	0.000000	19.000000	4.263158
24.999440	gene_A*	0.000000	7.000000	0.571429
24.999440	gene_B	2.000000	3.000000	2.000000
24.999440	gene_C	0.000000	2.000000	1.000000
24.999440	gene_D	0.000000	1.000000	3.000000
24.999440	gene_E	0.000000	1.000000	1.000000
24.999440	gene_K	0.000000	2.000000	0.500000
24.999440	promoter_A	0.000000	0.000000	0.000000
24.999440	promoter_B1	1.000000	0.000000	0.000000
24.999440	promoter_D	1.000000	0.000000	0.000000
29.999106	__gene_A*_rbs	8.000000	0.000000	0.000000
29.999106	__gene_A_rbs	22.000000	0.000000	0.000000
29.999106	__gene_B_rbs	4.000000	0.000000	0.000000
29.999106	__gene_C_rbs	2.000000	0.000000	0.000000
29.999106	__gene_D_rbs	2.000000	0.000000	0.000000
29.999106	__gene_E_rbs	1.000000	0.000000	0.000000
29.999106	__gene_F_rbs	0.000000	0.000000	0.000000
29.999106	__gene_G_rbs	0.000000	0.000000	0.000000
29.999106	__gene_H_rbs	0.000000	0.000000	0.000000
29.999106	__gene_J_rbs	1.000000	0.000000	0.000000
29.999106	__gene_K_rbs	2.000000	0.000000	0.000000
29.999106	__ribosome	2.000000	0.000000	0.000000
29.999106	bound_ecolipol	1923.000000	0.000000	0.000000
29.999106	bound_ribosome	100.000000	0.000000	0.000000
29.999106	ecoli_genome	77.000000	0.000000	0.000000
29.999106	ecoli_transcript	2259.000000	0.000000	0.000000
29.999106	ecolipol	50.000000	0.000000	0.000000
29.999106	gene_A	0.000000	23.000000	3.782609
29.999106	gene_A*	0.000000	11.000000	0.454545
29.999106	gene_B	8.000000	4.000000	0.000000
29.999106	gene_C	0.000000	2.000000	1.000000
29.999106	gene_D	0.000000	2.000000	1.500000
29.999106	gene_E	1.000000	1.000000	1.000000
29.999106	gene_J	0.000000	1.000000	0.000000
29.999106	gene_K	1.000000	2.000000	0.000000
29.999106	promoter_A	0.000000	0.000000	0.000000
29.999106	promoter_B1	0.000000	0.000000	0.000000
29.999106	promoter_D	0.000000	0.000000	0.000000
34.999146	__gene_A*_rbs	13.000000	0.000000	0.000000
34.999146	__gene_A_rbs	27.000000	0.000000	0.000000
34.999146	__gene_B_rbs	5.000000	0.000000	0.000000
34.999146	__gene_C_rbs	2.000000	0.000000	0.000000
34.999146	__gene_D_rbs	3.000000	0.000000	0.000000
34.999146	__gene_E_rbs	2.000000	0.000000	0.000000
34.999146	__gene_F_rbs	0.000000	0.000000	0.000000
34.999146	__gene_G_rbs	0.000000	0.000000	0.000000
34.999146	__gene_H_rbs	0.000000	0.000000	0.000000
34.999146	__gene_J_rbs	1.000000	0.000000	0.000000
34.999146	__gene_K_rbs	3.000000	0.000000	0.000000
34.999146	__ribosome	0.000000	0.000000	0.000000
34.999146	bound_ecolipol	1905.000000	0.000000	0.000000
34.999146	bound_ribosome	100.000000	0.000000	0.000000
34.999146	ecoli_genome	95.000000	0.000000	0.000000
34.999146	ecoli_transcript	2660.000000	0.000000	0.000000
34.999146	ecolipol	65.000000	0.000000	0.000000
34.999146	gene_A	0.000000	27.000000	3.259259
34.999146	gene_A*	0.000000	14.000000	0.500000
34.999146	gene_B	8.000000	5.000000	0.000000
34.999146	gene_C	2.000000	2.000000	0.000000
34.999146	gene_D	2.000000	3.000000	0.333333
34.999146	gene_E	1.000000	2.000000	0.500000
34.999146	gene_J	0.000000	1.000000	2.000000
34.999146	gene_K	1.000000	3.000000	0.333333
34.999146	promoter_A	0.000000	0.000000	0.000000
34.999146	promoter_B1	0.000000	0.000000	0.000000
34.999146	promoter_D	1.000000	0.000000	0.000000
39.999294	__gene_A*_rbs	18.000000	0.000000	0.000000
39.999294	__gene_A_rbs	31.000000	0.000000	0.000000
39.999294	__gene_B_rbs	6.000000	0.000000	0.000000
39.999294	__gene_C_rbs	3.000000	0.000000	0.000000
39.999294	__gene_D_rbs	3.000000	0.000000	0.000000
39.999294	__gene_E_rbs	3.000000	0.000000	0.000000
39.999294	__gene_F_rbs	0.000000	0.000000	0.000000
39.999294	__gene_G_rbs	0.000000	0.000000	0.000000
39.999294	__gene_H_rbs	0.000000	0.000000	0.000000
39.999294	__gene_J_rbs	1.000000	0.000000	0.000000
39.999294	__gene_K_rbs	3.000000	0.000000	0.000000
39.999294	__ribosome	0.000000	0.000000	0.000000
39.999294	bound_ecolipol	1911.000000	0.000000	0.000000
39.999294	bound_ribosome	100.000000	0.000000	0.000000
39.999294	ecoli_genome	89.000000	0.000000	0.000000
39.999294	ecoli_transcript	3045.000000	0.000000	0.000000
39.999294	ecolipol	55.000000	0.000000	0.000000
39.999294	gene_A	0.000000	31.000000	2.870968
39.999294	gene_A*	0.000000	18.000000	0.444444
39.999294	gene_B	8.000000	8.000000	0.125000
39.999294	gene_C	2.000000	3.000000	0.000000
39.999294	gene_D	3.000000	3.000000	0.000000
39.999294	gene_E	2.000000	3.000000	0.000000
39.999294	gene_J	0.000000	1.000000	2.000000
39.999294	gene_K	2.000000	3.000000	0.000000
39.999294	promoter_A	0.000000	0.000000	0.000000
39.999294	promoter_B1	0.000000	0.000000	0.000000
39.999294	promoter_D	1.000000	0.000000	0.000000
44.999568	__gene_A*_rbs	20.000000	0.000000	0.000000
44.999568	__gene_A_rbs	34.000000	0.000000	0.000000
44.999568	__gene_B_rbs	10.000000	0.000000	0.000000
44.999568	__gene_C_rbs	4.000000	0.000000	0.000000
44.999568	__gene_D_rbs	4.000000	0.000000	0.000000
44.999568	__gene_E_rbs	3.000000	0.000000	0.000000
44.999568	__gene_F_rbs	0.000000	0.000000	0.000000
44.999568	__gene_G_rbs	0.000000	0.000000	0.000000
44.999568	__gene_H_rbs	0.000000	0.000000	0.000000
44.999568	__gene_J_rbs	3.000000	0.000000	0.000000
44.999568	__gene_K_rbs	5.000000	0.000000	0.000000
44.999568	__ribosome	0.000000	0.000000	0.000000
44.999568	bound_ecolipol	1905.000000	0.000000	0.000000
44.999568	bound_ribosome	100.000000	0.000000	0.000000
44.999568	ecoli_genome	95.000000	0.000000	0.000000
44.999568	ecoli_transcript	3439.000000	0.000000	0.000000
44.999568	ecolipol	58.000000	0.000000	0.000000
44.999568	gene_A	0.000000	34.000000	2.617647
44.999568	gene_A*	0.000000	21.000000	0.380952
44.999568	gene_B	8.000000	11.000000	0.090909
44.999568	gene_C	2.000000	4.000000	0.000000
44.999568	gene_D	3.000000	4.000000	0.000000
44.999568	gene_E	2.000000	3.000000	0.000000
44.999568	gene_J	0.000000	3.000000	0.666667
44.999568	gene_K	2.000000	5.000000	0.000000
44.999568	promoter_A	0.000000	0.000000	0.000000
44.999568	promoter_B1	0.000000	0.000000	0.000000
44.999568	promoter_D	1.000000	0.000000	0.000000
49.999694	__gene_A*_rbs	25.000000	0.000000	0.000000
49.999694	__gene_A_rbs	38.000000	0.000000	0.000000
49.999694	__gene_B_rbs	11.000000	0.000000	0.000000
49.999694	__gene_C_rbs	6.000000	0.000000	0.000000
49.999694	__gene_D_rbs	5.000000	0.000000	0.000000
49.999694	__gene_E_rbs	4.000000	0.000000	0.000000
49.999694	__gene_F_rbs	0.000000	0.000000	0.000000
49.999694	__gene_G_rbs	0.000000	0.000000	0.000000
49.999694	__gene_H_rbs	0.000000	0.000000	0.000000
49.999694	__gene_J_rbs	3.000000	0.000000	0.000000
49.999694	__gene_K_rbs	6.000000	0.000000	0.000000
49.999694	__ribosome	0.000000	0.000000	0.000000
49.999694	bound_ecolipol	1903.000000	0.000000	0.000000
49.999694	bound_ribosome	100.000000	0.000000	0.000000
49.999694	ecoli_genome	97.000000	0.000000	0.000000
49.999694	ecoli_transcript	3819.000000	0.000000	0.000000
49.999694	ecolipol	58.000000	0.000000	0.000000
49.999694	gene_A	0.000000	38.000000	2.342105
49.999694	gene_A*	0.000000	25.000000	0.320000
49.999694	gene_B	8.000000	15.000000	0.066667
49.999694	gene_C	2.000000	6.000000	0.000000
49.999694	gene_D	3.000000	5.000000	0.000000
49.999694	gene_E	2.000000	4.000000	0.000000
49.999694	gene_J	0.000000	3.000000	0.666667
49.999694	gene_K	2.000000	7.000000	0.000000
49.999694	promoter_A	0.000000	0.000000	0.000000
49.999694	promoter_B1	0.000000	0.000000	0.000000
49.999694	promoter_D	1.000000	0.000000	0.000000
54.999443	__gene_A*_rbs	29.000000	0.000000	0.000000
54.999443	__gene_A_rbs	41.000000	0.000000	0.000000
54.999443	__gene_B_rbs	16.000000	0.000000	0.000000
54.999443	__gene_C_rbs	8.000000	0.000000	0.000000
54.999443	__gene_D_rbs	6.000000	0.000000	0.000000
54.999443	__gene_E_rbs	4.000000	0.000000	0.000000
54.999443	__gene_F_rbs	0.000000	0.000000	0.000000
54.999443	__gene_G_rbs	0.000000	0.000000	0.000000
54.999443	__gene_H_rbs	0.000000	0.000000	0.000000
54.999443	__gene_J_rbs	3.000000	0.000000	0.000000
54.999443	__gene_K_rbs	10.000000	0.000000	0.000000
54.999443	__ribosome	2.000000	0.000000	0.000000
54.999443	bound_ecolipol	1906.000000	0.000000	0.000000
54.999443	bound_ribosome	100.000000	0.000000	0.000000
54.999443	ecoli_genome	94.000000	0.000000	0.000000
54.999443	ecoli_transcript	4201.000000	0.000000	0.000000
54.999443	ecolipol	51.000000	0.000000	0.000000
54.999443	gene_A	3.000000	41.000000	2.146341
54.999443	gene_A*	2.000000	29.000000	0.241379
54.999443	gene_B	9.000000	19.000000	0.000000
54.999443	gene_C	2.000000	9.000000	0.000000
54.999443	gene_D	3.000000	6.000000	0.000000
54.999443	gene_E	2.000000	4.000000	0.000000
54.999443	gene_J	0.000000	3.000000	0.666667
54.999443	gene_K	2.000000	11.000000	0.090909
54.999443	promoter_A	0.000000	0.000000	0.000000
54.999443	promoter_B1	0.000000	0.000000	0.000000
54.999443	promoter_D	0.000000	0.000000	0.000000
59.999094	__gene_A*_rbs	31.000000	0.000000	0.000000
59.999094	__gene_A_rbs	45.000000	0.000000	0.000000
59.999094	__gene_B_rbs	22.000000	0.000000	0.000000
59.999094	__gene_C_rbs	9.000000	0.000000	0.000000
59.999094	__gene_D_rbs	9.000000	0.000000	0.000000
59.999094	__gene_E_rbs	7.000000	0.000000	0.000000
59.999094	__gene_F_rbs	0.000000	0.000000	0.000000
59.999094	__gene_G_rbs	0.000000	0.000000	0.000000
59.999094	__gene_H_rbs	0.000000	0.000000	0.000000
59.999094	__gene_J_rbs	4.000000	0.000000	0.000000
59.999094	__gene_K_rbs	10.000000	0.000000	0.000000
59.999094	__ribosome	1.000000	0.000000	0.000000
59.999094	bound_ecolipol	1892.000000	0.000000	0.000000
59.999094	bound_ribosome	100.000000	0.000000	0.000000
59.999094	ecoli_genome	108.000000	0.000000	0.000000
59.999094	ecoli_transcript	4590.000000	0.000000	0.000000
59.999094	ecolipol	62.000000	0.000000	0.000000
59.999094	gene_A	18.000000	45.000000	1.777778
59.999094	gene_A*	4.000000	32.000000	0.312500
59.999094	gene_B	9.000000	23.000000	0.000000
59.999094	gene_C	2.000000	13.000000	0.000000
59.999094	gene_D	3.000000	9.000000	0.333333
59.999094	gene_E	2.000000	7.000000	0.142857
59.999094	gene_J	0.000000	4.000000	0.750000
59.999094	gene_K	3.000000	14.000000	0.142857
59.999094	promoter_A	0.000000	0.000000	0.000000
59.999094	promoter_B1	0.000000	0.000000	0.000000
59.999094	promoter_D	0.000000	0.000000	0.000000
64.999777	__gene_A*_rbs	36.000000	0.000000	0.000000
64.999777	__gene_A_rbs	47.000000	0.000000	0.000000
64.999777	__gene_B_rbs	23.000000	0.000000	0.000000
64.999777	__gene_C_rbs	10.000000	0.000000	0.000000
64.999777	__gene_D_rbs	12.000000	0.000000	0.000000
64.999777	__gene_E_rbs	8.000000	0.000000	0.000000
64.999777	__gene_F_rbs	1.000000	0.000000	0.000000
64.999777	__gene_G_rbs	0.000000	0.000000	0.000000
64.999777	__gene_H_rbs	0.000000	0.000000	0.000000
64.999777	__gene_J_rbs	5.000000	0.000000	0.000000
64.999777	__gene_K_rbs	13.000000	0.000000	0.000000
64.999777	__ribosome	1.000000	0.000000	0.000000
64.999777	bound_ecolipol	1902.000000	0.000000	0.000000
64.999777	bound_ribosome	100.000000	0.000000	0.000000
64.999777	ecoli_genome	98.000000	0.000000	0.000000
64.999777	ecoli_transcript	4988.000000	0.000000	0.000000
64.999777	ecolipol	48.000000	0.000000	0.000000
64.999777	gene_A	42.000000	48.000000	1.333333
64.999777	gene_A*	5.000000	36.000000	0.416667
64.999777	gene_B	9.000000	26.000000	0.192308
64.999777	gene_C	2.000000	16.000000	0.062500
64.999777	gene_D	3.000000	12.000000	0.416667
64.999777	gene_E	2.000000	9.000000	0.222222
64.999777	gene_F	0.000000	1.000000	0.000000
64.999777	gene_J	0.000000	5.000000	1.000000
64.999777	gene_K	4.000000	18.000000	0.111111
64.999777	promoter_A	0.000000	0.000000	0.000000
64.999777	promoter_B1	0.000000	0.000000	0.000000
64.999777	promoter_D	0.000000	0.000000	0.000000
69.999110	__gene_A*_rbs	39.000000	0.000000	0.000000
69.999110	__gene_A_rbs	51.000000	0.000000	0.000000
69.999110	__gene_B_rbs	30.000000	0.000000	0.000000
69.999110	__gene_C_rbs	17.000000	0.000000	0.000000
69.999110	__gene_D_rbs	15.000000	0.000000	0.000000
69.999110	__gene_E_rbs	12.000000	0.000000	0.000000
69.999110	__gene_F_rbs	3.000000	0.000000	0.000000
69.999110	__gene_G_rbs	0.000000	0.000000	0.000000
69.999110	__gene_H_rbs	0.000000	0.000000	0.000000
69.999110	__gene_J_rbs	7.000000	0.000000	0.000000
69.999110	__gene_K_rbs	19.000000	0.000000	0.000000
69.999110	__ribosome	3.000000	0.000000	0.000000
69.999110	bound_ecolipol	1895.000000	0.000000	0.000000
69.999110	bound_ribosome	100.000000	0.000000	0.000000
69.999110	ecoli_genome	105.000000	0.000000	0.000000
69.999110	ecoli_transcript	5368.000000	0.000000	0.000000
69.999110	ecolipol	52.000000	0.000000	0.000000
69.999110	gene_A	70.000000	52.000000	0.865385
69.999110	gene_A*	8.000000	39.000000	0.487179
69.999110	gene_B	9.000000	30.000000	0.400000
69.999110	gene_C	2.000000	19.000000	0.105263
69.999110	gene_D	3.000000	15.000000	0.466667
69.999110	gene_E	3.000000	12.000000	0.250000
69.999110	gene_F	0.000000	3.000000	0.000000
69.999110	gene_J	1.000000	7.000000	1.000000
69.999110	gene_K	6.000000	21.000000	0.095238
69.999110	promoter_A	0.000000	0.000000	0.000000
69.999110	promoter_B1	0.000000	0.000000	0.000000
69.999110	promoter_D	0.000000	0.000000	0.000000
74.999146	__gene_A*_rbs	43.000000	0.000000	0.000000
74.999146	__gene_A_rbs	54.000000	0.000000	0.000000
74.999146	__gene_B_rbs	33.000000	0.000000	0.000000
74.999146	__gene_C_rbs	22.000000	0.000000	0.000000
74.999146	__gene_D_rbs	18.000000	0.000000	0.000000
74.999146	__gene_E_rbs	14.000000	0.000000	0.000000
74.999146	__gene_F_rbs	4.000000	0.000000	0.000000
74.999146	__gene_G_rbs	0.000000	0.000000	0.000000
74.999146	__gene_H_rbs	0.000000	0.000000	0.000000
74.999146	__gene_J_rbs	9.000000	0.000000	0.000000
74.999146	__gene_K_rbs	21.000000	0.000000	0.000000
74.999146	__ribosome	0.000000	0.000000	0.000000
74.999146	bound_ecolipol	1899.000000	0.000000	0.000000
74.999146	bound_ribosome	100.000000	0.000000	0.000000
74.999146	ecoli_genome	101.000000	0.000000	0.000000
74.999146	ecoli_transcript	5755.000000	0.000000	0.000000
74.999146	ecolipol	45.000000	0.000000	0.000000
74.999146	gene_A	80.000000	55.000000	0.745455
74.999146	gene_A*	8.000000	43.000000	0.511628
74.999146	gene_B	11.000000	33.000000	0.484848
74.999146	gene_C	4.000000	23.000000	0.173913
74.999146	gene_D	5.000000	18.000000	0.333333
74.999146	gene_E	4.000000	15.000000	0.266667
74.999146	gene_F	0.000000	4.000000	0.000000
74.999146	gene_J	2.000000	10.000000	0.600000
74.999146	gene_K	8.000000	25.000000	0.040000
74.999146	promoter_A	0.000000	0.000000	0.000000
74.999146	promoter_B1	0.000000	0.000000	0.000000
74.999146	promoter_D	0.000000	0.000000	0.000000
79.999392	__gene_A*_rbs	47.000000	0.000000	0.000000
79.999392	__gene_A_rbs	59.000000	0.000000	0.000000
79.999392	__gene_B_rbs	34.000000	0.000000	0.000000
79.999392	__gene_C_rbs	27.000000	0.000000	0.000000
79.999392	__gene_D_rbs	21.000000	0.000000	0.000000
79.999392	__gene_E_rbs	17.000000	0.000000	0.000000
79.999392	__gene_F_rbs	6.000000	0.000000	0.000000
79.999392	__gene_G_rbs	0.000000	0.000000	0.000000
79.999392	__gene_H_rbs	0.000000	0.000000	0.000000
79.999392	__gene_J_rbs	12.000000	0.000000	0.000000
79.999392	__gene_K_rbs	27.000000	0.000000	0.000000
79.999392	__ribosome	1.000000	0.000000	0.000000
79.999392	bound_ecolipol	1901.000000	0.000000	0.000000
79.999392	bound_ribosome	100.000000	0.000000	0.000000
79.999392	ecoli_genome	99.000000	0.000000	0.000000
79.999392	ecoli_transcript	6130.000000	0.000000	0.000000
79.999392	ecolipol	40.000000	0.000000	0.000000
79.999392	gene_A	86.000000	59.000000	0.644068
79.999392	gene_A*	8.000000	47.000000	0.553191
79.999392	gene_B	17.000000	36.000000	0.277778
79.999392	gene_C	5.000000	27.000000	0.148148
79.999392	gene_D	7.000000	22.000000	0.363636
79.999392	gene_E	6.000000	18.000000	0.166667
79.999392	gene_F	0.000000	6.000000	0.000000
79.999392	gene_J	2.000000	13.000000	0.615385
79.999392	gene_K	9.000000	29.000000	0.068966
79.999392	promoter_A	0.000000	0.000000	0.000000
79.999392	promoter_B1	0.000000	0.000000	0.000000
79.999392	promoter_D	0.000000	0.000000	0.000000
84.999026	__gene_A*_rbs	50.000000	0.000000	0.000000
84.999026	__gene_A_rbs	62.000000	0.000000	0.000000
84.999026	__gene_B_rbs	40.000000	0.000000	0.000000
84.999026	__gene_C_rbs	30.000000	0.000000	0.000000
84.999026	__gene_D_rbs	25.000000	0.000000	0.000000
84.999026	__gene_E_rbs	18.000000	0.000000	0.000000
84.999026	__gene_F_rbs	7.000000	0.000000	0.000000
84.999026	__gene_G_rbs	0.000000	0.000000	0.000000
84.999026	__gene_H_rbs	0.000000	0.000000	0.000000
84.999026	__gene_J_rbs	16.000000	0.000000	0.000000
84.999026	__gene_K_rbs	30.000000	0.000000	0.000000
84.999026	__ribosome	1.000000	0.000000	0.000000
84.999026	bound_ecolipol	1893.000000	0.000000	0.000000
84.999026	bound_ribosome	100.000000	0.000000	0.000000
84.999026	ecoli_genome	107.000000	0.000000	0.000000
84.999026	ecoli_transcript	6491.000000	0.000000	0.000000
84.999026	ecolipol	46.000000	0.000000	0.000000
84.999026	gene_A	88.000000	62.000000	0.645161
84.999026	gene_A*	8.000000	51.000000	0.568627
84.999026	gene_B	26.000000	40.000000	0.100000
84.999026	gene_C	8.000000	30.000000	0.100000
84.999026	gene_D	10.000000	25.000000	0.240000
84.999026	gene_E	8.000000	21.000000	0.142857
84.999026	gene_F	0.000000	7.000000	0.000000
84.999026	gene_J	2.000000	16.000000	0.500000
84.999026	gene_K	10.000000	32.000000	0.187500
84.999026	promoter_A	0.000000	0.000000	0.000000
84.999026	promoter_B1	0.000000	0.000000	0.000000
84.999026	promoter_D	0.000000	0.000000	0.000000
89.999125	__gene_A*_rbs	52.000000	0.000000	0.000000
89.999125	__gene_A_rbs	66.000000	0.000000	0.000000
89.999125	__gene_B_rbs	43.000000	0.000000	0.000000
89.999125	__gene_C_rbs	34.000000	0.000000	0.000000
89.999125	__gene_D_rbs	28.000000	0.000000	0.000000
89.999125	__gene_E_rbs	25.000000	0.000000	0.000000
89.999125	__gene_F_rbs	10.000000	0.000000	0.000000
89.999125	__gene_G_rbs	0.000000	0.000000	0.000000
89.999125	__gene_H_rbs	0.000000	0.000000	0.000000
89.999125	__gene_J_rbs	19.000000	0.000000	0.000000
89.999125	__gene_K_rbs	35.000000	0.000000	0.000000
89.999125	__ribosome	1.000000	0.000000	0.000000
89.999125	bound_ecolipol	1897.000000	0.000000	0.000000
89.999125	bound_ribosome	100.000000	0.000000	0.000000
89.999125	ecoli_genome	103.000000	0.000000	0.000000
89.999125	ecoli_transcript	6881.000000	0.000000	0.000000
89.999125	ecolipol	40.000000	0.000000	0.000000
89.999125	gene_A	88.000000	66.000000	0.621212
89.999125	gene_A*	10.000000	54.000000	0.537037
89.999125	gene_B	27.000000	44.000000	0.090909
89.999125	gene_C	9.000000	34.000000	0.058824
89.999125	gene_D	11.000000	29.000000	0.206897
89.999125	gene_E	9.000000	25.000000	0.120000
89.999125	gene_F	0.000000	10.000000	0.000000
89.999125	gene_J	2.000000	19.000000	0.421053
89.999125	gene_K	15.000000	36.000000	0.166667
89.999125	promoter_A	0.000000	0.000000	0.000000
89.999125	promoter_B1	0.000000	0.000000	0.000000
89.999125	promoter_D	0.000000	0.000000	0.000000
94.999059	__gene_A*_rbs	57.000000	0.000000	0.000000
94.999059	__gene_A_rbs	69.000000	0.000000	0.000000
94.999059	__gene_B_rbs	44.000000	0.000000	0.000000
94.999059	__gene_C_rbs	35.000000	0.000000	0.000000
94.999059	__gene_D_rbs	32.000000	0.000000	0.000000
94.999059	__gene_E_rbs	28.000000	0.000000	0.000000
94.999059	__gene_F_rbs	12.000000	0.000000	0.000000
94.999059	__gene_G_rbs	0.000000	0.000000	0.000000
94.999059	__gene_H_rbs	0.000000	0.000000	0.000000
94.999059	__gene_J_rbs	20.000000	0.000000	0.000000
94.999059	__gene_K_rbs	38.000000	0.000000	0.000000
94.999059	__ribosome	1.000000	0.000000	0.000000
94.999059	bound_ecolipol	1896.000000	0.000000	0.000000
94.999059	bound_ribosome	100.000000	0.000000	0.000000
94.999059	ecoli_genome	104.000000	0.000000	0.000000
94.999059	ecoli_transcript	7280.000000	0.000000	0.000000
94.999059	ecolipol	37.000000	0.000000	0.000000
94.999059	gene_A	89.000000	69.000000	0.652174
94.999059	gene_A*	17.000000	58.000000	0.448276
94.999059	gene_B	29.000000	47.000000	0.085106
94.999059	gene_C	11.000000	37.000000	0.108108
94.999059	gene_D	13.000000	32.000000	0.156250
94.999059	gene_E	11.000000	28.000000	0.035714
94.999059	gene_F	0.000000	12.000000	0.000000
94.999059	gene_J	2.000000	22.000000	0.363636
94.999059	gene_K	19.000000	39.000000	0.153846
94.999059	promoter_A	0.000000	0.000000	0.000000
94.999059	promoter_B1	0.000000	0.000000	0.000000
94.999059	promoter_D	0.000000	0.000000	0.000000
99.999210	__gene_A*_rbs	61.000000	0.000000	0.000000
99.999210	__gene_A_rbs	73.000000	0.000000	0.000000
99.999210	__gene_B_rbs	49.000000	0.000000	0.000000
99.999210	__gene_C_rbs	40.000000	0.000000	0.000000
99.999210	__gene_D_rbs	36.000000	0.000000	0.000000
99.999210	__gene_E_rbs	31.000000	0.000000	0.000000
99.999210	__gene_F_rbs	15.000000	0.000000	0.000000
99.999210	__gene_G_rbs	0.000000	0.000000	0.000000
99.999210	__gene_H_rbs	0.000000	0.000000	0.000000
99.999210	__gene_J_rbs	26.000000	0.000000	0.000000
99.999210	__gene_K_rbs	38.000000	0.000000	0.000000
99.999210	__ribosome	0.000000	0.000000	0.000000
99.999210	bound_ecolipol	1895.000000	0.000000	0.000000
99.999210	bound_ribosome	100.000000	0.000000	0.000000
99.999210	ecoli_genome	105.000000	0.000000	0.000000
99.999210	ecoli_transcript	7637.000000	0.000000	0.000000
99.999210	ecolipol	37.000000	0.000000	0.000000
99.999210	gene_A	89.000000	73.000000	0.671233
99.999210	gene_A*	20.000000	61.000000	0.409836
99.999210	gene_B	30.000000	51.000000	0.078431
99.999210	gene_C	13.000000	41.000000	0.097561
99.999210	gene_D	16.000000	36.000000	0.111111
99.999210	gene_E	12.000000	31.000000	0.000000
99.999210	gene_F	0.000000	15.000000	0.133333
99.999210	gene_J	2.000000	26.000000	0.384615
99.999210	gene_K	23.000000	43.000000	0.046512
99.999210	promoter_A	0.000000	0.000000	0.000000
99.999210	promoter_B1	0.000000	0.000000	0.000000
99.999210	promoter_D	0.000000	0.000000	0.000000
104.999136	__gene_A*_rbs	64.000000	0.000000	0.000000
104.999136	__gene_A_rbs	77.000000	0.000000	0.000000
104.999136	__gene_B_rbs	54.000000	0.000000	0.000000
104.999136	__gene_C_rbs	44.000000	0.000000	0.000000
104.999136	__gene_D_rbs	38.000000	0.000000	0.000000
104.999136	__gene_E_rbs	35.000000	0.000000	0.000000
104.999136	__gene_F_rbs	17.000000	0.000000	0.000000
104.999136	__gene_G_rbs	1.000000	0.000000	0.000000
104.999136	__gene_H_rbs	0.000000	0.000000	0.000000
104.999136	__gene_J_rbs	30.000000	0.000000	0.000000
104.999136	__gene_K_rbs	46.000000	0.000000	0.000000
104.999136	__ribosome	0.000000	0.000000	0.000000
104.999136	bound_ecolipol	1878.000000	0.000000	0.000000
104.999136	bound_ribosome	100.000000	0.000000	0.000000
104.999136	ecoli_genome	122.000000	0.000000	0.000000
104.999136	ecoli_transcript	8041.000000	0.000000	0.000000
104.999136	ecolipol	51.000000	0.000000	0.000000
104.999136	gene_A	90.000000	77.000000	0.662338
104.999136	gene_A*	28.000000	64.000000	0.296875
104.999136	gene_B	31.000000	55.000000	0.109091
104.999136	gene_C	15.000000	44.000000	0.113636
104.999136	gene_D	17.000000	39.000000	0.076923
104.999136	gene_E	12.000000	35.000000	0.085714
104.999136	gene_F	0.000000	17.000000	0.117647
104.999136	gene_G	0.000000	1.000000	0.000000
104.999136	gene_J	3.000000	30.000000	0.333333
104.999136	gene_K	25.000000	46.000000	0.021739
104.999136	promoter_A	0.000000	0.000000	0.000000
104.999136	promoter_B1	0.000000	0.000000	0.000000
104.999136	promoter_D	0.000000	0.000000	0.000000
109.999150	__gene_A*_rbs	67.000000	0.000000	0.000000
109.999150	__gene_A_rbs	80.000000	0.000000	0.000000
109.999150	__gene_B_rbs	56.000000	0.000000	0.000000
109.999150	__gene_C_rbs	45.000000	0.000000	0.000000
109.999150	__gene_D_rbs	43.000000	0.000000	0.000000
109.999150	__gene_E_rbs	38.000000	0.000000	0.000000
109.999150	__gene_F_rbs	20.000000	0.000000	0.000000
109.999150	__gene_G_rbs	2.000000	0.000000	0.000000
109.999150	__gene_H_rbs	0.000000	0.000000	0.000000
109.999150	__gene_J_rbs	32.000000	0.000000	0.000000
109.999150	__gene_K_rbs	48.000000	0.000000	0.000000
109.999150	__ribosome	0.000000	0.000000	0.000000
109.999150	bound_ecolipol	1870.000000	0.000000	0.000000
109.999150	bound_ribosome	100.000000	0.000000	0.000000
109.999150	ecoli_genome	130.000000	0.000000	0.000000
109.999150	ecoli_transcript	8427.000000	0.000000	0.000000
109.999150	ecolipol	55.000000	0.000000	0.000000
109.999150	gene_A	93.000000	80.000000	0.637500
109.999150	gene_A*	30.000000	68.000000	0.308824
109.999150	gene_B	34.000000	58.000000	0.068966
109.999150	gene_C	18.000000	48.000000	0.062500
109.999150	gene_D	18.000000	43.000000	0.093023
109.999150	gene_E	12.000000	39.000000	0.128205
109.999150	gene_F	0.000000	20.000000	0.100000
109.999150	gene_G	0.000000	2.000000	0.500000
109.999150	gene_J	4.000000	33.000000	0.272727
109.999150	gene_K	26.000000	50.000000	0.000000
109.999150	promoter_A	0.000000	0.000000	0.000000
109.999150	promoter_B1	0.000000	0.000000	0.000000
109.999150	promoter_D	0.000000	0.000000	0.000000
114.999172	__gene_A*_rbs	71.000000	0.000000	0.000000
114.999172	__gene_A_rbs	83.000000	0.000000	0.000000
114.999172	__gene_B_rbs	59.000000	0.000000	0.000000
114.999172	__gene_C_rbs	47.000000	0.000000	0.000000
114.999172	__gene_D_rbs	47.000000	0.000000	0.000000
114.999172	__gene_E_rbs	43.000000	0.000000	0.000000
114.999172	__gene_F_rbs	22.000000	0.000000	0.000000
114.999172	__gene_G_rbs	4.000000	0.000000	0.000000
114.999172	__gene_H_rbs	0.000000	0.000000	0.000000
114.999172	__gene_J_rbs	36.000000	0.000000	0.000000
114.999172	__gene_K_rbs	51.000000	0.000000	0.000000
114.999172	__ribosome	1.000000	0.000000	0.000000
114.999172	bound_ecolipol	1881.000000	0.000000	0.000000
114.999172	bound_ribosome	100.000000	0.000000	0.000000
114.999172	ecoli_genome	119.000000	0.000000	0.000000
114.999172	ecoli_transcript	8826.000000	0.000000	0.000000
114.999172	ecolipol	41.000000	0.000000	0.000000
114.999172	gene_A	103.000000	84.000000	0.523810
114.999172	gene_A*	35.000000	72.000000	0.263889
114.999172	gene_B	36.000000	62.000000	0.064516
114.999172	gene_C	21.000000	51.000000	0.019608
114.999172	gene_D	19.000000	47.000000	0.106383
114.999172	gene_E	16.000000	43.000000	0.162791
114.999172	gene_F	0.000000	23.000000	0.173913
114.999172	gene_G	0.000000	4.000000	0.250000
114.999172	gene_J	4.000000	36.000000	0.305556
114.999172	gene_K	26.000000	53.000000	0.056604
114.999172	promoter_A	0.000000	0.000000	0.000000
114.999172	promoter_B1	0.000000	0.000000	0.000000
114.999172	promoter_D	0.000000	0.000000	0.000000
119.999284	__gene_A*_rbs	74.000000	0.000000	0.000000
119.999284	__gene_A_rbs	87.000000	0.000000	0.000000
119.999284	__gene_B_rbs	64.000000	0.000000	0.000000
119.999284	__gene_C_rbs	53.000000	0.000000	0.000000
119.999284	__gene_D_rbs	50.000000	0.000000	0.000000
119.999284	__gene_E_rbs	46.000000	0.000000	0.000000
119.999284	__gene_F_rbs	26.000000	0.000000	0.000000
119.999284	__gene_G_rbs	5.000000	0.000000	0.000000
119.999284	__gene_H_rbs	1.000000	0.000000	0.000000
119.999284	__gene_J_rbs	40.000000	0.000000	0.000000
119.999284	__gene_K_rbs	52.000000	0.000000	0.000000
119.999284	__ribosome	0.000000	0.000000	0.000000
119.999284	bound_ecolipol	1875.000000	0.000000	0.000000
119.999284	bound_ribosome	100.000000	0.000000	0.000000
119.999284	ecoli_genome	125.000000	0.000000	0.000000
119.999284	ecoli_transcript	9198.000000	0.000000	0.000000
119.999284	ecolipol	45.000000	0.000000	0.000000
119.999284	gene_A	111.000000	87.000000	0.448276
119.999284	gene_A*	37.000000	75.000000	0.253333
119.999284	gene_B	37.000000	65.000000	0.092308
119.999284	gene_C	21.000000	55.000000	0.109091
119.999284	gene_D	20.000000	50.000000	0.100000
119.999284	gene_E	18.000000	46.000000	0.108696
119.999284	gene_F	0.000000	26.000000	0.153846
119.999284	gene_G	0.000000	5.000000	0.200000
119.999284	gene_H	0.000000	1.000000	0.000000
119.999284	gene_J	5.000000	40.000000	0.300000
119.999284	gene_K	28.000000	57.000000	0.052632
119.999284	promoter_A	0.000000	0.000000	0.000000
119.999284	promoter_B1	0.000000	0.000000	0.000000
119.999284	promoter_D	0.000000	0.000000	0.000000
124.999383	__gene_A*_rbs	78.000000	0.000000	0.000000
124.999383	__gene_A_rbs	91.000000	0.000000	0.000000
124.999383	__gene_B_rbs	68.000000	0.000000	0.000000
124.999383	__gene_C_rbs	58.000000	0.000000	0.000000
124.999383	__gene_D_rbs	54.000000	0.000000	0.000000
124.999383	__gene_E_rbs	50.000000	0.000000	0.000000
124.999383	__gene_F_rbs	29.000000	0.000000	0.000000
124.999383	__gene_G_rbs	4.000000	0.000000	0.000000
124.999383	__gene_H_rbs	2.000000	0.000000	0.000000
124.999383	__gene_J_rbs	43.000000	0.000000	0.000000
124.999383	__gene_K_rbs	58.000000	0.000000	0.000000
124.999383	__ribosome	1.000000	0.000000	0.000000
124.999383	bound_ecolipol	1881.000000	0.000000	0.000000
124.999383	bound_ribosome	100.000000	0.000000	0.000000
124.999383	ecoli_genome	119.000000	0.000000	0.000000
124.999383	ecoli_transcript	9575.000000	0.000000	0.000000
124.999383	ecolipol	38.000000	0.000000	0.000000
124.999383	gene_A	120.000000	91.000000	0.373626
124.999383	gene_A*	39.000000	79.000000	0.303797
124.999383	gene_B	39.000000	69.000000	0.086957
124.999383	gene_C	25.000000	59.000000	0.067797
124.999383	gene_D	22.000000	54.000000	0.074074
124.999383	gene_E	23.000000	50.000000	0.060000
124.999383	gene_F	0.000000	29.000000	0.206897
124.999383	gene_G	1.000000	5.000000	0.400000
124.999383	gene_H	0.000000	2.000000	0.000000
124.999383	gene_J	7.000000	43.000000	0.302326
124.999383	gene_K	31.000000	61.000000	0.049180
124.999383	promoter_A	0.000000	0.000000	0.000000
124.999383	promoter_B1	0.000000	0.000000	0.000000
124.999383	promoter_D	0.000000	0.000000	0.000000
129.999148	__gene_A*_rbs	83.000000	0.000000	0.000000
129.999148	__gene_A_rbs	93.000000	0.000000	0.000000
129.999148	__gene_B_rbs	72.000000	0.000000	0.000000
129.999148	__gene_C_rbs	59.000000	0.000000	0.000000
129.999148	__gene_D_rbs	58.000000	0.000000	0.000000
129.999148	__gene_E_rbs	53.000000	0.000000	0.000000
129.999148	__gene_F_rbs	31.000000	0.000000	0.000000
129.999148	__gene_G_rbs	8.000000	0.000000	0.000000
129.999148	__gene_H_rbs	4.000000	0.000000	0.000000
129.999148	__gene_J_rbs	47.000000	0.000000	0.000000
129.999148	__gene_K_rbs	62.000000	0.000000	0.000000
129.999148	__ribosome	0.000000	0.000000	0.000000
129.999148	bound_ecolipol	1877.000000	0.000000	0.000000
129.999148	bound_ribosome	100.000000	0.000000	0.000000
129.999148	ecoli_genome	123.000000	0.000000	0.000000
129.999148	ecoli_transcript	9932.000000	0.000000	0.000000
129.999148	ecolipol	39.000000	0.000000	0.000000
129.999148	gene_A	122.000000	94.000000	0.372340
129.999148	gene_A*	43.000000	83.000000	0.265060
129.999148	gene_B	41.000000	72.000000	0.069444
129.999148	gene_C	29.000000	62.000000	0.032258
129.999148	gene_D	23.000000	58.000000	0.103448
129.999148	gene_E	23.000000	53.000000	0.075472
129.999148	gene_F	0.000000	32.000000	0.281250
129.999148	gene_G	1.000000	8.000000	0.250000
129.999148	gene_H	0.000000	4.000000	0.000000
129.999148	gene_J	10.000000	47.000000	0.276596
129.999148	gene_K	33.000000	64.000000	0.031250
129.999148	promoter_A	0.000000	0.000000	0.000000
129.999148	promoter_B1	0.000000	0.000000	0.000000
129.999148	promoter_D	0.000000	0.000000	0.000000
134.999183	__gene_A*_rbs	86.000000	0.000000	0.000000
134.999183	__gene_A_rbs	97.000000	0.000000	0.000000
134.999183	__gene_B_rbs	75.000000	0.000000	0.000000
134.999183	__gene_C_rbs	65.000000	0.000000	0.000000
134.999183	__gene_D_rbs	61.000000	0.000000	0.000000
134.999183	__gene_E_rbs	56.000000	0.000000	0.000000
134.999183	__gene_F_rbs	34.000000	0.000000	0.000000
134.999183	__gene_G_rbs	10.000000	0.000000	0.000000
134.999183	__gene_H_rbs	4.000000	0.000000	0.000000
134.999183	__gene_J_rbs	51.000000	0.000000	0.000000
134.999183	__gene_K_rbs	67.000000	0.000000	0.000000
134.999183	__ribosome	1.000000	0.000000	0.000000
134.999183	bound_ecolipol	1869.000000	0.000000	0.000000
134.999183	bound_ribosome	100.000000	0.000000	0.000000
134.999183	ecoli_genome	131.000000	0.000000	0.000000
134.999183	ecoli_transcript	10324.000000	0.000000	0.000000
134.999183	ecolipol	44.000000	0.000000	0.000000
134.999183	gene_A	127.000000	98.000000	0.336735
134.999183	gene_A*	45.000000	86.000000	0.244186
134.999183	gene_B	43.000000	76.000000	0.065789
134.999183	gene_C	30.000000	65.000000	0.046154
134.999183	gene_D	25.000000	61.000000	0.081967
134.999183	gene_E	26.000000	57.000000	0.035088
134.999183	gene_F	0.000000	34.000000	0.323529
134.999183	gene_G	1.000000	10.000000	0.200000
134.999183	gene_H	0.000000	4.000000	0.000000
134.999183	gene_J	10.000000	51.000000	0.274510
134.999183	gene_K	34.000000	68.000000	0.044118
134.999183	promoter_A	0.000000	0.000000	0.000000
134.999183	promoter_B1	0.000000	0.000000	0.000000
134.999183	promoter_D	0.000000	0.000000	0.000000
139.999051	__gene_A*_rbs	90.000000	0.000000	0.000000
139.999051	__gene_A_rbs	101.000000	0.000000	0.000000
139.999051	__gene_B_rbs	74.000000	0.000000	0.000000
139.999051	__gene_C_rbs	69.000000	0.000000	0.000000
139.999051	__gene_D_rbs	64.000000	0.000000	0.000000
139.999051	__gene_E_rbs	61.000000	0.000000	0.000000
139.999051	__gene_F_rbs	37.000000	0.000000	0.000000
139.999051	__gene_G_rbs	13.000000	0.000000	0.000000
139.999051	__gene_H_rbs	4.000000	0.000000	0.000000
139.999051	__gene_J_rbs	54.000000	0.000000	0.000000
139.999051	__gene_K_rbs	70.000000	0.000000	0.000000
139.999051	__ribosome	1.000000	0.000000	0.000000
139.999051	bound_ecolipol	1867.000000	0.000000	0.000000
139.999051	bound_ribosome	100.000000	0.000000	0.000000
139.999051	ecoli_genome	133.000000	0.000000	0.000000
139.999051	ecoli_transcript	10661.000000	0.000000	0.000000
139.999051	ecolipol	44.000000	0.000000	0.000000
139.999051	gene_A	129.000000	102.000000	0.323529
139.999051	gene_A*	47.000000	90.000000	0.255556
139.999051	gene_B	46.000000	79.000000	0.037975
139.999051	gene_C	31.000000	70.000000	0.042857
139.999051	gene_D	26.000000	65.000000	0.061538
139.999051	gene_E	28.000000	61.000000	0.049180
139.999051	gene_F	1.000000	37.000000	0.270270
139.999051	gene_G	1.000000	13.000000	0.230769
139.999051	gene_H	0.000000	4.000000	0.250000
139.999051	gene_J	12.000000	54.000000	0.259259
139.999051	gene_K	37.000000	72.000000	0.027778
139.999051	promoter_A	0.000000	0.000000	0.000000
139.999051	promoter_B1	0.000000	0.000000	0.000000
139.999051	promoter_D	0.000000	0.000000	0.000000
144.999049	__gene_A*_rbs	93.000000	0.000000	0.000000
144.999049	__gene_A_rbs	105.000000	0.000000	0.000000
144.999049	__gene_B_rbs	81.000000	0.000000	0.000000
144.999049	__gene_C_rbs	72.000000	0.000000	0.000000
144.999049	__gene_D_rbs	69.000000	0.000000	0.000000
144.999049	__gene_E_rbs	65.000000	0.000000	0.000000
144.999049	__gene_F_rbs	40.000000	0.000000	0.000000
144.999049	__gene_G_rbs	14.000000	0.000000	0.000000
144.999049	__gene_H_rbs	5.000000	0.000000	0.000000
144.999049	__gene_J_rbs	57.000000	0.000000	0.000000
144.999049	__gene_K_rbs	75.000000	0.000000	0.000000
144.999049	__ribosome	0.000000	0.000000	0.000000
144.999049	bound_ecolipol	1875.000000	0.000000	0.000000
144.999049	bound_ribosome	100.000000	0.000000	0.000000
144.999049	ecoli_genome	125.000000	0.000000	0.000000
144.999049	ecoli_transcript	11031.000000	0.000000	0.000000
144.999049	ecolipol	37.000000	0.000000	0.000000
144.999049	gene_A	132.000000	106.000000	0.320755
144.999049	gene_A*	52.000000	94.000000	0.234043
144.999049	gene_B	48.000000	83.000000	0.024096
144.999049	gene_C	33.000000	73.000000	0.041096
144.999049	gene_D	29.000000	69.000000	0.043478
144.999049	gene_E	28.000000	65.000000	0.107692
144.999049	gene_F	2.000000	40.000000	0.250000
144.999049	gene_G	2.000000	14.000000	0.142857
144.999049	gene_H	0.000000	5.000000	0.200000
144.999049	gene_J	13.000000	58.000000	0.258621
144.999049	gene_K	39.000000	75.000000	0.013333
144.999049	promoter_A	0.000000	0.000000	0.000000
144.999049	promoter_B1	0.000000	0.000000	0.000000
144.999049	promoter_D	0.000000	0.000000	0.000000
149.999033	__gene_A*_rbs	95.000000	0.000000	0.000000
149.999033	__gene_A_rbs	109.000000	0.000000	0.000000
149.999033	__gene_B_rbs	87.000000	0.000000	0.000000
149.999033	__gene_C_rbs	75.000000	0.000000	0.000000
149.999033	__gene_D_rbs	71.000000	0.000000	0.000000
149.999033	__gene_E_rbs	68.000000	0.000000	0.000000
149.999033	__gene_F_rbs	43.000000	0.000000	0.000000
149.999033	__gene_G_rbs	16.000000	0.000000	0.000000
149.999033	__gene_H_rbs	6.000000	0.000000	0.000000
149.999033	__gene_J_rbs	61.000000	0.000000	0.000000
149.999033	__gene_K_rbs	79.000000	0.000000	0.000000
149.999033	__ribosome	0.000000	0.000000	0.000000
149.999033	bound_ecolipol	1869.000000	0.000000	0.000000
149.999033	bound_ribosome	100.000000	0.000000	0.000000
149.999033	ecoli_genome	131.000000	0.000000	0.000000
149.999033	ecoli_transcript	11416.000000	0.000000	0.000000
149.999033	ecolipol	41.000000	0.000000	0.000000
149.999033	gene_A	136.000000	109.000000	0.302752
149.999033	gene_A*	55.000000	97.000000	0.268041
149.999033	gene_B	48.000000	87.000000	0.045977
149.999033	gene_C	35.000000	77.000000	0.025974
149.999033	gene_D	30.000000	72.000000	0.041667
149.999033	gene_E	32.000000	68.000000	0.044118
149.999033	gene_F	2.000000	43.000000	0.255814
149.999033	gene_G	2.000000	16.000000	0.125000
149.999033	gene_H	0.000000	6.000000	0.166667
149.999033	gene_J	14.000000	61.000000	0.245902
149.999033	gene_K	40.000000	79.000000	0.000000
149.999033	promoter_A	0.000000	0.000000	0.000000
149.999033	promoter_B1	0.000000	0.000000	0.000000
149.999033	promoter_D	0.000000	0.000000	0.000000
154.999013	__gene_A*_rbs	101.000000	0.000000	0.000000
154.999013	__gene_A_rbs	113.000000	0.000000	0.000000
154.999013	__gene_B_rbs	90.000000	0.000000	0.000000
154.999013	__gene_C_rbs	81.000000	0.000000	0.000000
154.999013	__gene_D_rbs	76.000000	0.000000	0.000000
154.999013	__gene_E_rbs	72.000000	0.000000	0.000000
154.999013	__gene_F_rbs	45.000000	0.000000	0.000000
154.999013	__gene_G_rbs	18.000000	0.000000	0.000000
154.999013	__gene_H_rbs	8.000000	0.000000	0.000000
154.999013	__gene_J_rbs	64.000000	0.000000	0.000000
154.999013	__gene_K_rbs	79.000000	0.000000	0.000000
154.999013	__ribosome	0.000000	0.000000	0.000000
154.999013	bound_ecolipol	1878.000000	0.000000	0.000000
154.999013	bound_ribosome	100.000000	0.000000	0.000000
154.999013	ecoli_genome	122.000000	0.000000	0.000000
154.999013	ecoli_transcript	11758.000000	0.000000	0.000000
154.999013	ecolipol	32.000000	0.000000	0.000000
154.999013	gene_A	141.000000	113.000000	0.256637
154.999013	gene_A*	58.000000	101.000000	0.237624
154.999013	gene_B	50.000000	91.000000	0.054945
154.999013	gene_C	36.000000	81.000000	0.012346
154.999013	gene_D	30.000000	76.000000	0.078947
154.999013	gene_E	35.000000	72.000000	0.013889
154.999013	gene_F	3.000000	45.000000	0.244444
154.999013	gene_G	3.000000	18.000000	0.055556
154.999013	gene_H	0.000000	8.000000	0.250000
154.999013	gene_J	16.000000	65.000000	0.261538
154.999013	gene_K	40.000000	82.000000	0.036585
154.999013	promoter_A	0.000000	0.000000	0.000000
154.999013	promoter_B1	0.000000	0.000000	0.000000
154.999013	promoter_D	0.000000	0.000000	0.000000
159.999454	__gene_A*_rbs	105.000000	0.000000	0.000000
159.999454	__gene_A_rbs	117.000000	0.000000	0.000000
159.999454	__gene_B_rbs	93.000000	0.000000	0.000000
159.999454	__gene_C_rbs	83.000000	0.000000	0.000000
159.999454	__gene_D_rbs	79.000000	0.000000	0.000000
159.999454	__gene_E_rbs	75.000000	0.000000	0.000000
159.999454	__gene_F_rbs	47.000000	0.000000	0.000000
159.999454	__gene_G_rbs	21.000000	0.000000	0.000000
159.999454	__gene_H_rbs	9.000000	0.000000	0.000000
159.999454	__gene_J_rbs	68.000000	0.000000	0.000000
159.999454	__gene_K_rbs	85.000000	0.000000	0.000000
159.999454	__ribosome	0.000000	0.000000	0.000000
159.999454	bound_ecolipol	1874.000000	0.000000	0.000000
159.999454	bound_ribosome	100.000000	0.000000	0.000000
159.999454	ecoli_genome	126.000000	0.000000	0.000000
159.999454	ecoli_transcript	12105.000000	0.000000	0.000000
159.999454	ecolipol	36.000000	0.000000	0.000000
159.999454	gene_A	143.000000	117.000000	0.264957
159.999454	gene_A*	63.000000	105.000000	0.200000
159.999454	gene_B	51.000000	95.000000	0.042105
159.999454	gene_C	37.000000	84.000000	0.011905
159.999454	gene_D	31.000000	80.000000	0.087500
159.999454	gene_E	35.000000	76.000000	0.026316
159.999454	gene_F	4.000000	48.000000	0.229167
159.999454	gene_G	3.000000	21.000000	0.047619
159.999454	gene_H	0.000000	9.000000	0.333333
159.999454	gene_J	19.000000	69.000000	0.217391
159.999454	gene_K	41.000000	86.000000	0.046512
159.999454	promoter_A	0.000000	0.000000	0.000000
159.999454	promoter_B1	0.000000	0.000000	0.000000
159.999454	promoter_D	0.000000	0.000000	0.000000
164.999010	__gene_A*_rbs	107.000000	0.000000	0.000000
164.999010	__gene_A_rbs	119.000000	0.000000	0.000000
164.999010	__gene_B_rbs	97.000000	0.000000	0.000000
164.999010	__gene_C_rbs	88.000000	0.000000	0.000000
164.999010	__gene_D_rbs	83.000000	0.000000	0.000000
164.999010	__gene_E_rbs	79.000000	0.000000	0.000000
164.999010	__gene_F_rbs	51.000000	0.000000	0.000000
164.999010	__gene_G_rbs	23.000000	0.000000	0.000000
164.999010	__gene_H_rbs	9.000000	0.000000	0.000000
164.999010	__gene_J_rbs	72.000000	0.000000	0.000000
164.999010	__gene_K_rbs	88.000000	0.000000	0.000000
164.999010	__ribosome	1.000000	0.000000	0.000000
164.999010	bound_ecolipol	1874.000000	0.000000	0.000000
164.999010	bound_ribosome	100.000000	0.000000	0.000000
164.999010	ecoli_genome	126.000000	0.000000	0.000000
164.999010	ecoli_transcript	12447.000000	0.000000	0.000000
164.999010	ecolipol	36.000000	0.000000	0.000000
164.999010	gene_A	145.000000	120.000000	0.275000
164.999010	gene_A*	65.000000	109.000000	0.183486
164.999010	gene_B	53.000000	98.000000	0.030612
164.999010	gene_C	37.000000	88.000000	0.011364
164.999010	gene_D	33.000000	83.000000	0.072289
164.999010	gene_E	36.000000	79.000000	0.025316
164.999010	gene_F	4.000000	51.000000	0.235294
164.999010	gene_G	3.000000	23.000000	0.043478
164.999010	gene_H	0.000000	9.000000	0.333333
164.999010	gene_J	19.000000	73.000000	0.232877
164.999010	gene_K	45.000000	90.000000	0.011111
164.999010	promoter_A	0.000000	0.000000	0.000000
164.999010	promoter_B1	0.000000	0.000000	0.000000
164.999010	promoter_D	0.000000	0.000000	0.000000
169.999122	__gene_A*_rbs	112.000000	0.000000	0.000000
169.999122	__gene_A_rbs	123.000000	0.000000	0.000000
169.999122	__gene_B_rbs	101.000000	0.000000	0.000000
169.999122	__gene_C_rbs	90.000000	0.000000	0.000000
169.999122	__gene_D_rbs	86.000000	0.000000	0.000000
169.999122	__gene_E_rbs	83.000000	0.000000	0.000000
169.999122	__gene_F_rbs	53.000000	0.000000	0.000000
169.999122	__gene_G_rbs	24.000000	0.000000	0.000000
169.999122	__gene_H_rbs	12.000000	0.000000	0.000000
169.999122	__gene_J_rbs	76.000000	0.000000	0.000000
169.999122	__gene_K_rbs	94.000000	0.000000	0.000000
169.999122	__ribosome	0.000000	0.000000	0.000000
169.999122	bound_ecolipol	1878.000000	0.000000	0.000000
169.999122	bound_ribosome	100.000000	0.000000	0.000000
169.999122	ecoli_genome	122.000000	0.000000	0.000000
169.999122	ecoli_transcript	12830.000000	0.000000	0.000000
169.999122	ecolipol	31.000000	0.000000	0.000000
169.999122	gene_A	150.000000	124.000000	0.266129
169.999122	gene_A*	66.000000	112.000000	0.187500
169.999122	gene_B	55.000000	102.000000	0.039216
169.999122	gene_C	38.000000	92.000000	0.021739
169.999122	gene_D	36.000000	86.000000	0.058140
169.999122	gene_E	37.000000	83.000000	0.036145
169.999122	gene_F	8.000000	53.000000	0.169811
169.999122	gene_G	3.000000	24.000000	0.083333
169.999122	gene_H	0.000000	12.000000	0.250000
169.999122	gene_J	21.000000	77.000000	0.233766
169.999122	gene_K	46.000000	94.000000	0.000000
169.999122	promoter_A	0.000000	0.000000	0.000000
169.999122	promoter_B1	0.000000	0.000000	0.000000
169.999122	promoter_D	0.000000	0.000000	0.000000
174.999062	__gene_A*_rbs	115.000000	0.000000	0.000000
174.999062	__gene_A_rbs	128.000000	0.000000	0.000000
174.999062	__gene_B_rbs	105.000000	0.000000	0.000000
174.999062	__gene_C_rbs	95.000000	0.000000	0.000000
174.999062	__gene_D_rbs	88.000000	0.000000	0.000000
174.999062	__gene_E_rbs	86.000000	0.000000	0.000000
174.999062	__gene_F_rbs	55.000000	0.000000	0.000000
174.999062	__gene_G_rbs	27.000000	0.000000	0.000000
174.999062	__gene_H_rbs	14.000000	0.000000	0.000000
174.999062	__gene_J_rbs	80.000000	0.000000	0.000000
174.999062	__gene_K_rbs	94.000000	0.000000	0.000000
174.999062	__ribosome	0.000000	0.000000	0.000000
174.999062	bound_ecolipol	1865.000000	0.000000	0.000000
174.999062	bound_ribosome	100.000000	0.000000	0.000000
174.999062	ecoli_genome	135.000000	0.000000	0.000000
174.999062	ecoli_transcript	13159.000000	0.000000	0.000000
174.999062	ecolipol	44.000000	0.000000	0.000000
174.999062	gene_A	153.000000	128.000000	0.265625
174.999062	gene_A*	70.000000	116.000000	0.155172
174.999062	gene_B	56.000000	105.000000	0.057143
174.999062	gene_C	39.000000	95.000000	0.010526
174.999062	gene_D	37.000000	90.000000	0.066667
174.999062	gene_E	38.000000	86.000000	0.023256
174.999062	gene_F	11.000000	55.000000	0.145455
174.999062	gene_G	3.000000	27.000000	0.074074
174.999062	gene_H	0.000000	14.000000	0.214286
174.999062	gene_J	23.000000	80.000000	0.212500
174.999062	gene_K	46.000000	97.000000	0.030928
174.999062	promoter_A	0.000000	0.000000	0.000000
174.999062	promoter_B1	0.000000	0.000000	0.000000
174.999062	promoter_D	0.000000	0.000000	0.000000
179.999037	__gene_A*_rbs	120.000000	0.000000	0.000000
179.999037	__gene_A_rbs	131.000000	0.000000	0.000000
179.999037	__gene_B_rbs	107.000000	0.000000	0.000000
179.999037	__gene_C_rbs	99.000000	0.000000	0.000000
179.999037	__gene_D_rbs	94.000000	0.000000	0.000000
179.999037	__gene_E_rbs	90.000000	0.000000	0.000000
179.999037	__gene_F_rbs	56.000000	0.000000	0.000000
179.999037	__gene_G_rbs	29.000000	0.000000	0.000000
179.999037	__gene_H_rbs	16.000000	0.000000	0.000000
179.999037	__gene_J_rbs	82.000000	0.000000	0.000000
179.999037	__gene_K_rbs	99.000000	0.000000	0.000000
179.999037	__ribosome	0.000000	0.000000	0.000000
179.999037	bound_ecolipol	1872.000000	0.000000	0.000000
179.999037	bound_ribosome	100.000000	0.000000	0.000000
179.999037	ecoli_genome	128.000000	0.000000	0.000000
179.999037	ecoli_transcript	13502.000000	0.000000	0.000000
179.999037	ecolipol	39.000000	0.000000	0.000000
179.999037	gene_A	155.000000	131.000000	0.259542
179.999037	gene_A*	76.000000	120.000000	0.125000
179.999037	gene_B	56.000000	109.000000	0.073394
179.999037	gene_C	40.000000	99.000000	0.040404
179.999037	gene_D	39.000000	94.000000	0.053191
179.999037	gene_E	40.000000	90.000000	0.000000
179.999037	gene_F	11.000000	56.000000	0.178571
179.999037	gene_G	3.000000	29.000000	0.068966
179.999037	gene_H	0.000000	16.000000	0.250000
179.999037	gene_J	24.000000	83.000000	0.192771
179.999037	gene_K	48.000000	101.000000	0.019802
179.999037	promoter_A	0.000000	0.000000	0.000000
179.999037	promoter_B1	0.000000	0.000000	0.000000
179.999037	promoter_D	0.000000	0.000000	0.000000
184.999321	__gene_A*_rbs	122.000000	0.000000	0.000000
184.999321	__gene_A_rbs	134.000000	0.000000	0.000000
184.999321	__gene_B_rbs	111.000000	0.000000	0.000000
184.999321	__gene_C_rbs	99.000000	0.000000	0.000000
184.999321	__gene_D_rbs	97.000000	0.000000	0.000000
184.999321	__gene_E_rbs	91.000000	0.000000	0.000000
184.999321	__gene_F_rbs	59.000000	0.000000	0.000000
184.999321	__gene_G_rbs	31.000000	0.000000	0.000000
184.999321	__gene_H_rbs	16.000000	0.000000	0.000000
184.999321	__gene_J_rbs	87.000000	0.000000	0.000000
184.999321	__gene_K_rbs	104.000000	0.000000	0.000000
184.999321	__ribosome	0.000000	0.000000	0.000000
184.999321	bound_ecolipol	1875.000000	0.000000	0.000000
184.999321	bound_ribosome	100.000000	0.000000	0.000000
184.999321	ecoli_genome	125.000000	0.000000	0.000000
184.999321	ecoli_transcript	13882.000000	0.000000	0.000000
184.999321	ecolipol	36.000000	0.000000	0.000000
184.999321	gene_A	159.000000	135.000000	0.244444
184.999321	gene_A*	81.000000	123.000000	0.097561
184.999321	gene_B	61.000000	113.000000	0.061947
184.999321	gene_C	41.000000	102.000000	0.068627
184.999321	gene_D	41.000000	97.000000	0.061856
184.999321	gene_E	40.000000	93.000000	0.010753
184.999321	gene_F	12.000000	59.000000	0.152542
184.999321	gene_G	3.000000	31.000000	0.096774
184.999321	gene_H	0.000000	16.000000	0.250000
184.999321	gene_J	24.000000	87.000000	0.183908
184.999321	gene_K	49.000000	105.000000	0.019048
184.999321	promoter_A	0.000000	0.000000	0.000000
184.999321	promoter_B1	0.000000	0.000000	0.000000
184.999321	promoter_D	0.000000	0.000000	0.000000
189.999001	__gene_A*_rbs	127.000000	0.000000	0.000000
189.999001	__gene_A_rbs	138.000000	0.000000	0.000000
189.999001	__gene_B_rbs	116.000000	0.000000	0.000000
189.999001	__gene_C_rbs	106.000000	0.000000	0.000000
189.999001	__gene_D_rbs	99.000000	0.000000	0.000000
189.999001	__gene_E_rbs	97.000000	0.000000	0.000000
189.999001	__gene_F_rbs	61.000000	0.000000	0.000000
189.999001	__gene_G_rbs	32.000000	0.000000	0.000000
189.999001	__gene_H_rbs	18.000000	0.000000	0.000000
189.999001	__gene_J_rbs	90.000000	0.000000	0.000000
189.999001	__gene_K_rbs	107.000000	0.000000	0.000000
189.999001	__ribosome	0.000000	0.000000	0.000000
189.999001	bound_ecolipol	1882.000000	0.000000	0.000000
189.999001	bound_ribosome	100.000000	0.000000	0.000000
189.999001	ecoli_genome	118.000000	0.000000	0.000000
189.999001	ecoli_transcript	14260.000000	0.000000	0.000000
189.999001	ecolipol	28.000000	0.000000	0.000000
189.999001	gene_A	161.000000	138.000000	0.239130
189.999001	gene_A*	82.000000	127.000000	0.094488
189.999001	gene_B	63.000000	116.000000	0.068966
189.999001	gene_C	44.000000	106.000000	0.047170
189.999001	gene_D	42.000000	101.000000	0.079208
189.999001	gene_E	40.000000	97.000000	0.020619
189.999001	gene_F	13.000000	61.000000	0.131148
189.999001	gene_G	3.000000	32.000000	0.093750
189.999001	gene_H	0.000000	18.000000	0.222222
189.999001	gene_J	24.000000	90.000000	0.177778
189.999001	gene_K	51.000000	108.000000	0.009259
189.999001	promoter_A	0.000000	0.000000	0.000000
189.999001	promoter_B1	0.000000	0.000000	0.000000
189.999001	promoter_D	0.000000	0.000000	0.000000
194.999063	__gene_A*_rbs	129.000000	0.000000	0.000000
194.999063	__gene_A_rbs	142.000000	0.000000	0.000000
194.999063	__gene_B_rbs	118.000000	0.000000	0.000000
194.999063	__gene_C_rbs	107.000000	0.000000	0.000000
194.999063	__gene_D_rbs	105.000000	0.000000	0.000000
194.999063	__gene_E_rbs	101.000000	0.000000	0.000000
194.999063	__gene_F_rbs	64.000000	0.000000	0.000000
194.999063	__gene_G_rbs	34.000000	0.000000	0.000000
194.999063	__gene_H_rbs	19.000000	0.000000	0.000000
194.999063	__gene_J_rbs	94.000000	0.000000	0.000000
194.999063	__gene_K_rbs	111.000000	0.000000	0.000000
194.999063	__ribosome	0.000000	0.000000	0.000000
194.999063	bound_ecolipol	1874.000000	0.000000	0.000000
194.999063	bound_ribosome	100.000000	0.000000	0.000000
194.999063	ecoli_genome	126.000000	0.000000	0.000000
194.999063	ecoli_transcript	14629.000000	0.000000	0.000000
194.999063	ecolipol	35.000000	0.000000	0.000000
194.999063	gene_A	163.000000	143.000000	0.230769
194.999063	gene_A*	84.000000	130.000000	0.084615
194.999063	gene_B	67.000000	120.000000	0.083333
194.999063	gene_C	48.000000	110.000000	0.009091
194.999063	gene_D	44.000000	105.000000	0.057143
194.999063	gene_E	41.000000	101.000000	0.029703
194.999063	gene_F	13.000000	64.000000	0.140625
194.999063	gene_G	3.000000	34.000000	0.088235
194.999063	gene_H	0.000000	19.000000	0.263158
194.999063	gene_J	24.000000	94.000000	0.180851
194.999063	gene_K	52.000000	112.000000	0.017857
194.999063	promoter_A	0.000000	0.000000	0.000000
194.999063	promoter_B1	0.000000	0.000000	0.000000
194.999063	promoter_D	0.000000	0.000000	0.000000
199.999140	__gene_A*_rbs	133.000000	0.000000	0.000000
199.999140	__gene_A_rbs	146.000000	0.000000	0.000000
199.999140	__gene_B_rbs	120.000000	0.000000	0.000000
199.999140	__gene_C_rbs	114.000000	0.000000	0.000000
199.999140	__gene_D_rbs	108.000000	0.000000	0.000000
199.999140	__gene_E_rbs	104.000000	0.000000	0.000000
199.999140	__gene_F_rbs	68.000000	0.000000	0.000000
199.999140	__gene_G_rbs	37.000000	0.000000	0.000000
199.999140	__gene_H_rbs	20.000000	0.000000	0.000000
199.999140	__gene_J_rbs	97.000000	0.000000	0.000000
199.999140	__gene_K_rbs	115.000000	0.000000	0.000000
199.999140	__ribosome	1.000000	0.000000	0.000000
199.999140	bound_ecolipol	1867.000000	0.000000	0.000000
199.999140	bound_ribosome	100.000000	0.000000	0.000000
199.999140	ecoli_genome	133.000000	0.000000	0.000000
199.999140	ecoli_transcript	15046.000000	0.000000	0.000000
199.999140	ecolipol	44.000000	0.000000	0.000000
199.999140	gene_A	169.000000	146.000000	0.219178
199.999140	gene_A*	86.000000	134.000000	0.082090
199.999140	gene_B	70.000000	124.000000	0.104839
199.999140	gene_C	49.000000	114.000000	0.026316
199.999140	gene_D	47.000000	108.000000	0.037037
199.999140	gene_E	42.000000	104.000000	0.028846
199.999140	gene_F	14.000000	68.000000	0.117647
199.999140	gene_G	4.000000	37.000000	0.054054
199.999140	gene_H	0.000000	20.000000	0.250000
199.999140	gene_J	26.000000	98.000000	0.183673
199.999140	gene_K	54.000000	116.000000	0.000000
199.999140	promoter_A	0.000000	0.000000	0.000000
199.999140	promoter_B1	0.000000	0.000000	0.000000
199.999140	promoter_D	0.000000	0.000000	0.000000
205.000028	__gene_A*_rbs	138.000000	0.000000	0.000000
205.000028	__gene_A_rbs	150.000000	0.000000	0.000000
205.000028	__gene_B_rbs	128.000000	0.000000	0.000000
205.000028	__gene_C_rbs	117.000000	0.000000	0.000000
205.000028	__gene_D_rbs	111.000000	0.000000	0.000000
205.000028	__gene_E_rbs	107.000000	0.000000	0.000000
205.000028	__gene_F_rbs	70.000000	0.000000	0.000000
205.000028	__gene_G_rbs	39.000000	0.000000	0.000000
205.000028	__gene_H_rbs	21.000000	0.000000	0.000000
205.000028	__gene_J_rbs	100.000000	0.000000	0.000000
205.000028	__gene_K_rbs	118.000000	0.000000	0.000000
205.000028	__ribosome	0.000000	0.000000	0.000000
205.000028	bound_ecolipol	1867.000000	0.000000	0.000000
205.000028	bound_ribosome	100.000000	0.000000	0.000000
205.000028	ecoli_genome	133.000000	0.000000	0.000000
205.000028	ecoli_transcript	15461.000000	0.000000	0.000000
205.000028	ecolipol	44.000000	0.000000	0.000000
205.000028	gene_A	170.000000	150.000000	0.206667
205.000028	gene_A*	87.000000	138.000000	0.072464
205.000028	gene_B	74.000000	128.000000	0.085938
205.000028	gene_C	49.000000	117.000000	0.042735
205.000028	gene_D	49.000000	112.000000	0.026786
205.000028	gene_E	44.000000	108.000000	0.027778
205.000028	gene_F	15.000000	70.000000	0.128571
205.000028	gene_G	4.000000	39.000000	0.051282
205.000028	gene_H	0.000000	21.000000	0.238095
205.000028	gene_J	27.000000	102.000000	0.196078
205.000028	gene_K	54.000000	119.000000	0.008403
205.000028	promoter_A	0.000000	0.000000	0.000000
205.000028	promoter_B1	0.000000	0.000000	0.000000
205.000028	promoter_D	0.000000	0.000000	0.000000
209.999069	__gene_A*_rbs	140.000000	0.000000	0.000000
209.999069	__gene_A_rbs	153.000000	0.000000	0.000000
209.999069	__gene_B_rbs	131.000000	0.000000	0.000000
209.999069	__gene_C_rbs	120.000000	0.000000	0.000000
209.999069	__gene_D_rbs	116.000000	0.000000	0.000000
209.999069	__gene_E_rbs	112.000000	0.000000	0.000000
209.999069	__gene_F_rbs	74.000000	0.000000	0.000000
209.999069	__gene_G_rbs	42.000000	0.000000	0.000000
209.999069	__gene_H_rbs	22.000000	0.000000	0.000000
209.999069	__gene_J_rbs	105.000000	0.000000	0.000000
209.999069	__gene_K_rbs	120.000000	0.000000	0.000000
209.999069	__ribosome	0.000000	0.000000	0.000000
209.999069	bound_ecolipol	1874.000000	0.000000	0.000000
209.999069	bound_ribosome	100.000000	0.000000	0.000000
209.999069	ecoli_genome	126.000000	0.000000	0.000000
209.999069	ecoli_transcript	15852.000000	0.000000	0.000000
209.999069	ecolipol	35.000000	0.000000	0.000000
209.999069	gene_A	173.000000	153.000000	0.209150
209.999069	gene_A*	89.000000	141.000000	0.056738
209.999069	gene_B	79.000000	131.000000	0.068702
209.999069	gene_C	52.000000	121.000000	0.041322
209.999069	gene_D	50.000000	116.000000	0.043103
209.999069	gene_E	45.000000	112.000000	0.026786
209.999069	gene_F	16.000000	74.000000	0.121622
209.999069	gene_G	4.000000	42.000000	0.071429
209.999069	gene_H	0.000000	22.000000	0.227273
209.999069	gene_J	29.000000	105.000000	0.180952
209.999069	gene_K	55.000000	123.000000	0.016260
209.999069	promoter_A	0.000000	0.000000	0.000000
209.999069	promoter_B1	0.000000	0.000000	0.000000
209.999069	promoter_D	0.000000	0.000000	0.000000
214.999004	__gene_A*_rbs	144.000000	0.000000	0.000000
214.999004	__gene_A_rbs	157.000000	0.000000	0.000000
214.999004	__gene_B_rbs	134.000000	0.000000	0.000000
214.999004	__gene_C_rbs	122.000000	0.000000	0.000000
214.999004	__gene_D_rbs	119.000000	0.000000	0.000000
214.999004	__gene_E_rbs	115.000000	0.000000	0.000000
214.999004	__gene_F_rbs	78.000000	0.000000	0.000000
214.999004	__gene_G_rbs	44.000000	0.000000	0.000000
214.999004	__gene_H_rbs	23.000000	0.000000	0.000000
214.999004	__gene_J_rbs	109.000000	0.000000	0.000000
214.999004	__gene_K_rbs	125.000000	0.000000	0.000000
214.999004	__ribosome	0.000000	0.000000	0.000000
214.999004	bound_ecolipol	1870.000000	0.000000	0.000000
214.999004	bound_ribosome	100.000000	0.000000	0.000000
214.999004	ecoli_genome	130.000000	0.000000	0.000000
214.999004	ecoli_transcript	16239.000000	0.000000	0.000000
214.999004	ecolipol	38.000000	0.000000	0.000000
214.999004	gene_A	176.000000	157.000000	0.203822
214.999004	gene_A*	92.000000	145.000000	0.048276
214.999004	gene_B	85.000000	135.000000	0.029630
214.999004	gene_C	56.000000	124.000000	0.032258
214.999004	gene_D	51.000000	119.000000	0.067227
214.999004	gene_E	47.000000	115.000000	0.026087
214.999004	gene_F	18.000000	78.000000	0.128205
214.999004	gene_G	4.000000	44.000000	0.068182
214.999004	gene_H	0.000000	23.000000	0.260870
214.999004	gene_J	30.000000	109.000000	0.174312
214.999004	gene_K	56.000000	126.000000	0.031746
214.999004	promoter_A	0.000000	0.000000	0.000000
214.999004	promoter_B1	0.000000	0.000000	0.000000
214.999004	promoter_D	0.000000	0.000000	0.000000
219.999050	__gene_A*_rbs	149.000000	0.000000	0.000000
219.999050	__gene_A_rbs	160.000000	0.000000	0.000000
219.999050	__gene_B_rbs	135.000000	0.000000	0.000000
219.999050	__gene_C_rbs	126.000000	0.000000	0.000000
219.999050	__gene_D_rbs	123.000000	0.000000	0.000000
219.999050	__gene_E_rbs	116.000000	0.000000	0.000000
219.999050	__gene_F_rbs	80.000000	0.000000	0.000000
219.999050	__gene_G_rbs	45.000000	0.000000	0.000000
219.999050	__gene_H_rbs	25.000000	0.000000	0.000000
219.999050	__gene_J_rbs	112.000000	0.000000	0.000000
219.999050	__gene_K_rbs	129.000000	0.000000	0.000000
219.999050	__ribosome	0.000000	0.000000	0.000000
219.999050	bound_ecolipol	1884.000000	0.000000	0.000000
219.999050	bound_ribosome	100.000000	0.000000	0.000000
219.999050	ecoli_genome	116.000000	0.000000	0.000000
219.999050	ecoli_transcript	16607.000000	0.000000	0.000000
219.999050	ecolipol	24.000000	0.000000	0.000000
219.999050	gene_A	181.000000	160.000000	0.187500
219.999050	gene_A*	94.000000	149.000000	0.040268
219.999050	gene_B	87.000000	138.000000	0.036232
219.999050	gene_C	60.000000	128.000000	0.015625
219.999050	gene_D	51.000000	123.000000	0.073171
219.999050	gene_E	48.000000	119.000000	0.033613
219.999050	gene_F	19.000000	80.000000	0.150000
219.999050	gene_G	4.000000	45.000000	0.066667
219.999050	gene_H	0.000000	26.000000	0.269231
219.999050	gene_J	31.000000	112.000000	0.169643
219.999050	gene_K	59.000000	130.000000	0.023077
219.999050	promoter_A	0.000000	0.000000	0.000000
219.999050	promoter_B1	0.000000	0.000000	0.000000
219.999050	promoter_D	0.000000	0.000000	0.000000
224.999125	__gene_A*_rbs	151.000000	0.000000	0.000000
224.999125	__gene_A_rbs	164.000000	0.000000	0.000000
224.999125	__gene_B_rbs	142.000000	0.000000	0.000000
224.999125	__gene_C_rbs	131.000000	0.000000	0.000000
224.999125	__gene_D_rbs	127.000000	0.000000	0.000000
224.999125	__gene_E_rbs	121.000000	0.000000	0.000000
224.999125	__gene_F_rbs	83.000000	0.000000	0.000000
224.999125	__gene_G_rbs	47.000000	0.000000	0.000000
224.999125	__gene_H_rbs	28.000000	0.000000	0.000000
224.999125	__gene_J_rbs	114.000000	0.000000	0.000000
224.999125	__gene_K_rbs	133.000000	0.000000	0.000000
224.999125	__ribosome	1.000000	0.000000	0.000000
224.999125	bound_ecolipol	1872.000000	0.000000	0.000000
224.999125	bound_ribosome	100.000000	0.000000	0.000000
224.999125	ecoli_genome	128.000000	0.000000	0.000000
224.999125	ecoli_transcript	16997.000000	0.000000	0.000000
224.999125	ecolipol	34.000000	0.000000	0.000000
224.999125	gene_A	186.000000	164.000000	0.158537
224.999125	gene_A*	94.000000	152.000000	0.046053
224.999125	gene_B	89.000000	142.000000	0.035211
224.999125	gene_C	60.000000	132.000000	0.030303
224.999125	gene_D	55.000000	127.000000	0.047244
224.999125	gene_E	50.000000	122.000000	0.032787
224.999125	gene_F	21.000000	83.000000	0.132530
224.999125	gene_G	5.000000	47.000000	0.063830
224.999125	gene_H	0.000000	28.000000	0.250000
224.999125	gene_J	32.000000	115.000000	0.173913
224.999125	gene_K	62.000000	134.000000	0.044776
224.999125	promoter_A	0.000000	0.000000	0.000000
224.999125	promoter_B1	0.000000	0.000000	0.000000
224.999125	promoter_D	0.000000	0.000000	0.000000
229.999130	__gene_A*_rbs	156.000000	0.000000	0.000000
229.999130	__gene_A_rbs	167.000000	0.000000	0.000000
229.999130	__gene_B_rbs	146.000000	0.000000	0.000000
229.999130	__gene_C_rbs	136.000000	0.000000	0.000000
229.999130	__gene_D_rbs	130.000000	0.000000	0.000000
229.999130	__gene_E_rbs	126.000000	0.000000	0.000000
229.999130	__gene_F_rbs	87.000000	0.000000	0.000000
229.999130	__gene_G_rbs	49.000000	0.000000	0.000000
229.999130	__gene_H_rbs	30.000000	0.000000	0.000000
229.999130	__gene_J_rbs	119.000000	0.000000	0.000000
229.999130	__gene_K_rbs	137.000000	0.000000	0.000000
229.999130	__ribosome	0.000000	0.000000	0.000000
229.999130	bound_ecolipol	1865.000000	0.000000	0.000000
229.999130	bound_ribosome	100.000000	0.000000	0.000000
229.999130	ecoli_genome	135.000000	0.000000	0.000000
229.999130	ecoli_transcript	17367.000000	0.000000	0.000000
229.999130	ecolipol	38.000000	0.000000	0.000000
229.999130	gene_A	189.000000	168.000000	0.172619
229.999130	gene_A*	96.000000	156.000000	0.057692
229.999130	gene_B	91.000000	146.000000	0.034247
229.999130	gene_C	62.000000	136.000000	0.014706
229.999130	gene_D	59.000000	131.000000	0.053435
229.999130	gene_E	52.000000	126.000000	0.039683
229.999130	gene_F	21.000000	87.000000	0.149425
229.999130	gene_G	5.000000	49.000000	0.061224
229.999130	gene_H	0.000000	30.000000	0.233333
229.999130	gene_J	34.000000	119.000000	0.159664
229.999130	gene_K	68.000000	138.000000	0.007246
229.999130	promoter_A	0.000000	0.000000	0.000000
229.999130	promoter_B1	0.000000	0.000000	0.000000
229.999130	promoter_D	0.000000	0.000000	0.000000
234.999262	__gene_A*_rbs	158.000000	0.000000	0.000000
234.999262	__gene_A_rbs	172.000000	0.000000	0.000000
234.999262	__gene_B_rbs	150.000000	0.000000	0.000000
234.999262	__gene_C_rbs	137.000000	0.000000	0.000000
234.999262	__gene_D_rbs	130.000000	0.000000	0.000000
234.999262	__gene_E_rbs	130.000000	0.000000	0.000000
234.999262	__gene_F_rbs	91.000000	0.000000	0.000000
234.999262	__gene_G_rbs	51.000000	0.000000	0.000000
234.999262	__gene_H_rbs	31.000000	0.000000	0.000000
234.999262	__gene_J_rbs	122.000000	0.000000	0.000000
234.999262	__gene_K_rbs	140.000000	0.000000	0.000000
234.999262	__ribosome	0.000000	0.000000	0.000000
234.999262	bound_ecolipol	1860.000000	0.000000	0.000000
234.999262	bound_ribosome	100.000000	0.000000	0.000000
234.999262	ecoli_genome	140.000000	0.000000	0.000000
234.999262	ecoli_transcript	17744.000000	0.000000	0.000000
234.999262	ecolipol	42.000000	0.000000	0.000000
234.999262	gene_A	191.000000	172.000000	0.162791
234.999262	gene_A*	97.000000	159.000000	0.088050
234.999262	gene_B	94.000000	150.000000	0.013333
234.999262	gene_C	64.000000	139.000000	0.000000
234.999262	gene_D	60.000000	134.000000	0.082090
234.999262	gene_E	55.000000	130.000000	0.023077
234.999262	gene_F	22.000000	91.000000	0.142857
234.999262	gene_G	5.000000	51.000000	0.058824
234.999262	gene_H	0.000000	31.000000	0.225806
234.999262	gene_J	36.000000	123.000000	0.154472
234.999262	gene_K	69.000000	141.000000	0.000000
234.999262	promoter_A	0.000000	0.000000	0.000000
234.999262	promoter_B1	0.000000	0.000000	0.000000
234.999262	promoter_D	0.000000	0.000000	0.000000
239.999021	__gene_A*_rbs	163.000000	0.000000	0.000000
239.999021	__gene_A_rbs	175.000000	0.000000	0.000000
239.999021	__gene_B_rbs	153.000000	0.000000	0.000000
239.999021	__gene_C_rbs	143.000000	0.000000	0.000000
239.999021	__gene_D_rbs	138.000000	0.000000	0.000000
239.999021	__gene_E_rbs	134.000000	0.000000	0.000000
239.999021	__gene_F_rbs	93.000000	0.000000	0.000000
239.999021	__gene_G_rbs	54.000000	0.000000	0.000000
239.999021	__gene_H_rbs	33.000000	0.000000	0.000000
239.999021	__gene_J_rbs	127.000000	0.000000	0.000000
239.999021	__gene_K_rbs	144.000000	0.000000	0.000000
239.999021	__ribosome	0.000000	0.000000	0.000000
239.999021	bound_ecolipol	1875.000000	0.000000	0.000000
239.999021	bound_ribosome	100.000000	0.000000	0.000000
239.999021	ecoli_genome	125.000000	0.000000	0.000000
239.999021	ecoli_transcript	18131.000000	0.000000	0.000000
239.999021	ecolipol	25.000000	0.000000	0.000000
239.999021	gene_A	194.000000	175.000000	0.148571
239.999021	gene_A*	97.000000	163.000000	0.092025
239.999021	gene_B	95.000000	153.000000	0.013072
239.999021	gene_C	64.000000	143.000000	0.006993
239.999021	gene_D	61.000000	138.000000	0.079710
239.999021	gene_E	57.000000	134.000000	0.014925
239.999021	gene_F	22.000000	93.000000	0.139785
239.999021	gene_G	6.000000	54.000000	0.037037
239.999021	gene_H	0.000000	33.000000	0.212121
239.999021	gene_J	37.000000	127.000000	0.141732
239.999021	gene_K	69.000000	144.000000	0.020833
239.999021	promoter_A	0.000000	0.000000	0.000000
239.999021	promoter_B1	0.000000	0.000000	0.000000
239.999021	promoter_D	0.000000	0.000000	0.000000
244.999054	__gene_A*_rbs	165.000000	0.000000	0.000000
244.999054	__gene_A_rbs	178.000000	0.000000	0.000000
244.999054	__gene_B_rbs	155.000000	0.000000	0.000000
244.999054	__gene_C_rbs	146.000000	0.000000	0.000000
244.999054	__gene_D_rbs	141.000000	0.000000	0.000000
244.999054	__gene_E_rbs	137.000000	0.000000	0.000000
244.999054	__gene_F_rbs	96.000000	0.000000	0.000000
244.999054	__gene_G_rbs	56.000000	0.000000	0.000000
244.999054	__gene_H_rbs	35.000000	0.000000	0.000000
244.999054	__gene_J_rbs	131.000000	0.000000	0.000000
244.999054	__gene_K_rbs	146.000000	0.000000	0.000000
244.999054	__ribosome	0.000000	0.000000	0.000000
244.999054	bound_ecolipol	1859.000000	0.000000	0.000000
244.999054	bound_ribosome	100.000000	0.000000	0.000000
244.999054	ecoli_genome	141.000000	0.000000	0.000000
244.999054	ecoli_transcript	18529.000000	0.000000	0.000000
244.999054	ecolipol	42.000000	0.000000	0.000000
244.999054	gene_A	195.000000	179.000000	0.167598
244.999054	gene_A*	97.000000	166.000000	0.090361
244.999054	gene_B	96.000000	156.000000	0.019231
244.999054	gene_C	64.000000	146.000000	0.020548
244.999054	gene_D	66.000000	141.000000	0.049645
244.999054	gene_E	59.000000	137.000000	0.000000
244.999054	gene_F	24.000000	96.000000	0.114583
244.999054	gene_G	6.000000	56.000000	0.035714
244.999054	gene_H	0.000000	35.000000	0.200000
244.999054	gene_J	37.000000	131.000000	0.145038
244.999054	gene_K	71.000000	148.000000	0.020270
244.999054	promoter_A	0.000000	0.000000	0.000000
244.999054	promoter_B1	0.000000	0.000000	0.000000
244.999054	promoter_D	0.000000	0.000000	0.000000
249.999003	__gene_A*_rbs	170.000000	0.000000	0.000000
249.999003	__gene_A_rbs	182.000000	0.000000	0.000000
249.999003	__gene_B_rbs	157.000000	0.000000	0.000000
249.999003	__gene_C_rbs	150.000000	0.000000	0.000000
249.999003	__gene_D_rbs	145.000000	0.000000	0.000000
249.999003	__gene_E_rbs	140.000000	0.000000	0.000000
249.999003	__gene_F_rbs	97.000000	0.000000	0.000000
249.999003	__gene_G_rbs	58.000000	0.000000	0.000000
249.999003	__gene_H_rbs	37.000000	0.000000	0.000000
249.999003	__gene_J_rbs	134.000000	0.000000	0.000000
249.999003	__gene_K_rbs	151.000000	0.000000	0.000000
249.999003	__ribosome	0.000000	0.000000	0.000000
249.999003	bound_ecolipol	1870.000000	0.000000	0.000000
249.999003	bound_ribosome	100.000000	0.000000	0.000000
249.999003	ecoli_genome	130.000000	0.000000	0.000000
249.999003	ecoli_transcript	18902.000000	0.000000	0.000000
249.999003	ecolipol	31.000000	0.000000	0.000000
249.999003	gene_A	201.000000	183.000000	0.153005
249.999003	gene_A*	99.000000	170.000000	0.094118
249.999003	gene_B	96.000000	160.000000	0.031250
249.999003	gene_C	65.000000	150.000000	0.020000
249.999003	gene_D	69.000000	145.000000	0.041379
249.999003	gene_E	59.000000	141.000000	0.014184
249.999003	gene_F	25.000000	98.000000	0.112245
249.999003	gene_G	6.000000	58.000000	0.034483
249.999003	gene_H	0.000000	37.000000	0.189189
249.999003	gene_J	38.000000	134.000000	0.141791
249.999003	gene_K	73.000000	152.000000	0.006579
249.999003	promoter_A	0.000000	0.000000	0.000000
249.999003	promoter_B1	0.000000	0.000000	0.000000
249.999003	promoter_D	0.000000	0.000000	0.000000
254.999043	__gene_A*_rbs	174.000000	0.000000	0.000000
254.999043	__gene_A_rbs	185.000000	0.000000	0.000000
254.999043	__gene_B_rbs	163.000000	0.000000	0.000000
254.999043	__gene_C_rbs	154.000000	0.000000	0.000000
254.999043	__gene_D_rbs	148.000000	0.000000	0.000000
254.999043	__gene_E_rbs	144.000000	0.000000	0.000000
254.999043	__gene_F_rbs	102.000000	0.000000	0.000000
254.999043	__gene_G_rbs	61.000000	0.000000	0.000000
254.999043	__gene_H_rbs	38.000000	0.000000	0.000000
254.999043	__gene_J_rbs	138.000000	0.000000	0.000000
254.999043	__gene_K_rbs	154.000000	0.000000	0.000000
254.999043	__ribosome	0.000000	0.000000	0.000000
254.999043	bound_ecolipol	1865.000000	0.000000	0.000000
254.999043	bound_ribosome	100.000000	0.000000	0.000000
254.999043	ecoli_genome	135.000000	0.000000	0.000000
254.999043	ecoli_transcript	19297.000000	0.000000	0.000000
254.999043	ecolipol	38.000000	0.000000	0.000000
254.999043	gene_A	201.000000	186.000000	0.155914
254.999043	gene_A*	100.000000	174.000000	0.091954
254.999043	gene_B	98.000000	164.000000	0.018293
254.999043	gene_C	67.000000	154.000000	0.012987
254.999043	gene_D	72.000000	148.000000	0.033784
254.999043	gene_E	59.000000	145.000000	0.027586
254.999043	gene_F	25.000000	102.000000	0.117647
254.999043	gene_G	6.000000	61.000000	0.049180
254.999043	gene_H	0.000000	38.000000	0.184211
254.999043	gene_J	39.000000	138.000000	0.130435
254.999043	gene_K	74.000000	156.000000	0.006410
254.999043	promoter_A	0.000000	0.000000	0.000000
254.999043	promoter_B1	0.000000	0.000000	0.000000
254.999043	promoter_D	0.000000	0.000000	0.000000
259.999093	__gene_A*_rbs	175.000000	0.000000	0.000000
259.999093	__gene_A_rbs	190.000000	0.000000	0.000000
259.999093	__gene_B_rbs	166.000000	0.000000	0.000000
259.999093	__gene_C_rbs	157.000000	0.000000	0.000000
259.999093	__gene_D_rbs	150.000000	0.000000	0.000000
259.999093	__gene_E_rbs	148.000000	0.000000	0.000000
259.999093	__gene_F_rbs	104.000000	0.000000	0.000000
259.999093	__gene_G_rbs	64.000000	0.000000	0.000000
259.999093	__gene_H_rbs	38.000000	0.000000	0.000000
259.999093	__gene_J_rbs	142.000000	0.000000	0.000000
259.999093	__gene_K_rbs	158.000000	0.000000	0.000000
259.999093	__ribosome	0.000000	0.000000	0.000000
259.999093	bound_ecolipol	1877.000000	0.000000	0.000000
259.999093	bound_ribosome	100.000000	0.000000	0.000000
259.999093	ecoli_genome	123.000000	0.000000	0.000000
259.999093	ecoli_transcript	19688.000000	0.000000	0.000000
259.999093	ecolipol	26.000000	0.000000	0.000000
259.999093	gene_A	204.000000	190.000000	0.142105
259.999093	gene_A*	101.000000	177.000000	0.096045
259.999093	gene_B	100.000000	167.000000	0.017964
259.999093	gene_C	68.000000	157.000000	0.006369
259.999093	gene_D	73.000000	152.000000	0.046053
259.999093	gene_E	62.000000	148.000000	0.013514
259.999093	gene_F	29.000000	105.000000	0.095238
259.999093	gene_G	6.000000	64.000000	0.046875
259.999093	gene_H	0.000000	38.000000	0.210526
259.999093	gene_J	39.000000	142.000000	0.133803
259.999093	gene_K	75.000000	159.000000	0.018868
259.999093	promoter_A	0.000000	0.000000	0.000000
259.999093	promoter_B1	0.000000	0.000000	0.000000
259.999093	promoter_D	0.000000	0.000000	0.000000
264.999254	__gene_A*_rbs	180.000000	0.000000	0.000000
264.999254	__gene_A_rbs	193.000000	0.000000	0.000000
264.999254	__gene_B_rbs	169.000000	0.000000	0.000000
264.999254	__gene_C_rbs	160.000000	0.000000	0.000000
264.999254	__gene_D_rbs	156.000000	0.000000	0.000000
264.999254	__gene_E_rbs	152.000000	0.000000	0.000000
264.999254	__gene_F_rbs	108.000000	0.000000	0.000000
264.999254	__gene_G_rbs	67.000000	0.000000	0.000000
264.999254	__gene_H_rbs	40.000000	0.000000	0.000000
264.999254	__gene_J_rbs	144.000000	0.000000	0.000000
264.999254	__gene_K_rbs	163.000000	0.000000	0.000000
264.999254	__ribosome	0.000000	0.000000	0.000000
264.999254	bound_ecolipol	1864.000000	0.000000	0.000000
264.999254	bound_ribosome	100.000000	0.000000	0.000000
264.999254	ecoli_genome	136.000000	0.000000	0.000000
264.999254	ecoli_transcript	20071.000000	0.000000	0.000000
264.999254	ecolipol	40.000000	0.000000	0.000000
264.999254	gene_A	207.000000	193.000000	0.139896
264.999254	gene_A*	105.000000	181.000000	0.088398
264.999254	gene_B	101.000000	171.000000	0.023392
264.999254	gene_C	69.000000	161.000000	0.000000
264.999254	gene_D	75.000000	156.000000	0.044872
264.999254	gene_E	64.000000	152.000000	0.000000
264.999254	gene_F	32.000000	108.000000	0.074074
264.999254	gene_G	6.000000	67.000000	0.059701
264.999254	gene_H	0.000000	40.000000	0.225000
264.999254	gene_J	40.000000	145.000000	0.137931
264.999254	gene_K	76.000000	163.000000	0.030675
264.999254	promoter_A	0.000000	0.000000	0.000000
264.999254	promoter_B1	0.000000	0.000000	0.000000
264.999254	promoter_D	0.000000	0.000000	0.000000
269.999078	__gene_A*_rbs	185.000000	0.000000	0.000000
269.999078	__gene_A_rbs	197.000000	0.000000	0.000000
269.999078	__gene_B_rbs	174.000000	0.000000	0.000000
269.999078	__gene_C_rbs	164.000000	0.000000	0.000000
269.999078	__gene_D_rbs	159.000000	0.000000	0.000000
269.999078	__gene_E_rbs	156.000000	0.000000	0.000000
269.999078	__gene_F_rbs	110.000000	0.000000	0.000000
269.999078	__gene_G_rbs	69.000000	0.000000	0.000000
269.999078	__gene_H_rbs	41.000000	0.000000	0.000000
269.999078	__gene_J_rbs	148.000000	0.000000	0.000000
269.999078	__gene_K_rbs	167.000000	0.000000	0.000000
269.999078	__ribosome	0.000000	0.000000	0.000000
269.999078	bound_ecolipol	1864.000000	0.000000	0.000000
269.999078	bound_ribosome	100.000000	0.000000	0.000000
269.999078	ecoli_genome	136.000000	0.000000	0.000000
269.999078	ecoli_transcript	20446.000000	0.000000	0.000000
269.999078	ecolipol	38.000000	0.000000	0.000000
269.999078	gene_A	209.000000	197.000000	0.131980
269.999078	gene_A*	111.000000	185.000000	0.054054
269.999078	gene_B	102.000000	174.000000	0.017241
269.999078	gene_C	69.000000	165.000000	0.012121
269.999078	gene_D	77.000000	159.000000	0.037736
269.999078	gene_E	64.000000	156.000000	0.025641
269.999078	gene_F	32.000000	110.000000	0.081818
269.999078	gene_G	6.000000	70.000000	0.100000
269.999078	gene_H	0.000000	41.000000	0.219512
269.999078	gene_J	42.000000	149.000000	0.140940
269.999078	gene_K	80.000000	167.000000	0.017964
269.999078	promoter_A	0.000000	0.000000	0.000000
269.999078	promoter_B1	0.000000	0.000000	0.000000
269.999078	promoter_D	0.000000	0.000000	0.000000
274.999152	__gene_A*_rbs	187.000000	0.000000	0.000000
274.999152	__gene_A_rbs	201.000000	0.000000	0.000000
274.999152	__gene_B_rbs	178.000000	0.000000	0.000000
274.999152	__gene_C_rbs	167.000000	0.000000	0.000000
274.999152	__gene_D_rbs	163.000000	0.000000	0.000000
274.999152	__gene_E_rbs	158.000000	0.000000	0.000000
274.999152	__gene_F_rbs	114.000000	0.000000	0.000000
274.999152	__gene_G_rbs	73.000000	0.000000	0.000000
274.999152	__gene_H_rbs	44.000000	0.000000	0.000000
274.999152	__gene_J_rbs	152.000000	0.000000	0.000000
274.999152	__gene_K_rbs	170.000000	0.000000	0.000000
274.999152	__ribosome	0.000000	0.000000	0.000000
274.999152	bound_ecolipol	1859.000000	0.000000	0.000000
274.999152	bound_ribosome	100.000000	0.000000	0.000000
274.999152	ecoli_genome	141.000000	0.000000	0.000000
274.999152	ecoli_transcript	20860.000000	0.000000	0.000000
274.999152	ecolipol	43.000000	0.000000	0.000000
274.999152	gene_A	211.000000	201.000000	0.129353
274.999152	gene_A*	112.000000	188.000000	0.063830
274.999152	gene_B	103.000000	178.000000	0.016854
274.999152	gene_C	69.000000	168.000000	0.023810
274.999152	gene_D	79.000000	163.000000	0.030675
274.999152	gene_E	66.000000	159.000000	0.025157
274.999152	gene_F	34.000000	114.000000	0.061404
274.999152	gene_G	7.000000	73.000000	0.082192
274.999152	gene_H	0.000000	44.000000	0.204545
274.999152	gene_J	43.000000	153.000000	0.143791
274.999152	gene_K	83.000000	170.000000	0.011765
274.999152	promoter_A	0.000000	0.000000	0.000000
274.999152	promoter_B1	0.000000	0.000000	0.000000
274.999152	promoter_D	0.000000	0.000000	0.000000
279.999362	__gene_A*_rbs	192.000000	0.000000	0.000000
279.999362	__gene_A_rbs	205.000000	0.000000	0.000000
279.999362	__gene_B_rbs	181.000000	0.000000	0.000000
279.999362	__gene_C_rbs	172.000000	0.000000	0.000000
279.999362	__gene_D_rbs	166.000000	0.000000	0.000000
279.999362	__gene_E_rbs	162.000000	0.000000	0.000000
279.999362	__gene_F_rbs	118.000000	0.000000	0.000000
279.999362	__gene_G_rbs	73.000000	0.000000	0.000000
279.999362	__gene_H_rbs	45.000000	0.000000	0.000000
279.999362	__gene_J_rbs	156.000000	0.000000	0.000000
279.999362	__gene_K_rbs	172.000000	0.000000	0.000000
279.999362	__ribosome	0.000000	0.000000	0.000000
279.999362	bound_ecolipol	1863.000000	0.000000	0.000000
279.999362	bound_ribosome	100.000000	0.000000	0.000000
279.999362	ecoli_genome	137.000000	0.000000	0.000000
279.999362	ecoli_transcript	21215.000000	0.000000	0.000000
279.999362	ecolipol	38.000000	0.000000	0.000000
279.999362	gene_A	214.000000	205.000000	0.121951
279.999362	gene_A*	113.000000	192.000000	0.083333
279.999362	gene_B	105.000000	182.000000	0.010989
279.999362	gene_C	71.000000	172.000000	0.023256
279.999362	gene_D	82.000000	166.000000	0.030120
279.999362	gene_E	68.000000	163.000000	0.024540
279.999362	gene_F	35.000000	118.000000	0.050847
279.999362	gene_G	8.000000	75.000000	0.093333
279.999362	gene_H	0.000000	45.000000	0.200000
279.999362	gene_J	45.000000	156.000000	0.134615
279.999362	gene_K	85.000000	173.000000	0.005780
279.999362	promoter_A	0.000000	0.000000	0.000000
279.999362	promoter_B1	0.000000	0.000000	0.000000
279.999362	promoter_D	0.000000	0.000000	0.000000
284.999155	__gene_A*_rbs	195.000000	0.000000	0.000000
284.999155	__gene_A_rbs	209.000000	0.000000	0.000000
284.999155	__gene_B_rbs	184.000000	0.000000	0.000000
284.999155	__gene_C_rbs	175.000000	0.000000	0.000000
284.999155	__gene_D_rbs	169.000000	0.000000	0.000000
284.999155	__gene_E_rbs	165.000000	0.000000	0.000000
284.999155	__gene_F_rbs	120.000000	0.000000	0.000000
284.999155	__gene_G_rbs	78.000000	0.000000	0.000000
284.999155	__gene_H_rbs	45.000000	0.000000	0.000000
284.999155	__gene_J_rbs	160.000000	0.000000	0.000000
284.999155	__gene_K_rbs	177.000000	0.000000	0.000000
284.999155	__ribosome	0.000000	0.000000	0.000000
284.999155	bound_ecolipol	1869.000000	0.000000	0.000000
284.999155	bound_ribosome	100.000000	0.000000	0.000000
284.999155	ecoli_genome	131.000000	0.000000	0.000000
284.999155	ecoli_transcript	21592.000000	0.000000	0.000000
284.999155	ecolipol	33.000000	0.000000	0.000000
284.999155	gene_A	218.000000	209.000000	0.105263
284.999155	gene_A*	116.000000	196.000000	0.076531
284.999155	gene_B	105.000000	185.000000	0.027027
284.999155	gene_C	74.000000	175.000000	0.011429
284.999155	gene_D	83.000000	170.000000	0.035294
284.999155	gene_E	71.000000	166.000000	0.012048
284.999155	gene_F	35.000000	120.000000	0.066667
284.999155	gene_G	10.000000	78.000000	0.064103
284.999155	gene_H	0.000000	46.000000	0.217391
284.999155	gene_J	46.000000	160.000000	0.150000
284.999155	gene_K	86.000000	177.000000	0.005650
284.999155	promoter_A	0.000000	0.000000	0.000000
284.999155	promoter_B1	0.000000	0.000000	0.000000
284.999155	promoter_D	0.000000	0.000000	0.000000
289.999019	__gene_A*_rbs	198.000000	0.000000	0.000000
289.999019	__gene_A_rbs	211.000000	0.000000	0.000000
289.999019	__gene_B_rbs	188.000000	0.000000	0.000000
289.999019	__gene_C_rbs	179.000000	0.000000	0.000000
289.999019	__gene_D_rbs	174.000000	0.000000	0.000000
289.999019	__gene_E_rbs	169.000000	0.000000	0.000000
289.999019	__gene_F_rbs	123.000000	0.000000	0.000000
289.999019	__gene_G_rbs	80.000000	0.000000	0.000000
289.999019	__gene_H_rbs	49.000000	0.000000	0.000000
289.999019	__gene_J_rbs	163.000000	0.000000	0.000000
289.999019	__gene_K_rbs	179.000000	0.000000	0.000000
289.999019	__ribosome	0.000000	0.000000	0.000000
289.999019	bound_ecolipol	1868.000000	0.000000	0.000000
289.999019	bound_ribosome	100.000000	0.000000	0.000000
289.999019	ecoli_genome	132.000000	0.000000	0.000000
289.999019	ecoli_transcript	21935.000000	0.000000	0.000000
289.999019	ecolipol	33.000000	0.000000	0.000000
289.999019	gene_A	220.000000	212.000000	0.099057
289.999019	gene_A*	117.000000	199.000000	0.080402
289.999019	gene_B	106.000000	189.000000	0.026455
289.999019	gene_C	75.000000	179.000000	0.016760
289.999019	gene_D	83.000000	174.000000	0.051724
289.999019	gene_E	72.000000	170.000000	0.005882
289.999019	gene_F	35.000000	123.000000	0.065041
289.999019	gene_G	11.000000	80.000000	0.050000
289.999019	gene_H	0.000000	49.000000	0.204082
289.999019	gene_J	47.000000	164.000000	0.140244
289.999019	gene_K	87.000000	181.000000	0.000000
289.999019	promoter_A	0.000000	0.000000	0.000000
289.999019	promoter_B1	0.000000	0.000000	0.000000
289.999019	promoter_D	0.000000	0.000000	0.000000
294.999038	__gene_A*_rbs	203.000000	0.000000	0.000000
294.999038	__gene_A_rbs	216.000000	0.000000	0.000000
294.999038	__gene_B_rbs	193.000000	0.000000	0.000000
294.999038	__gene_C_rbs	182.000000	0.000000	0.000000
294.999038	__gene_D_rbs	178.000000	0.000000	0.000000
294.999038	__gene_E_rbs	172.000000	0.000000	0.000000
294.999038	__gene_F_rbs	126.000000	0.000000	0.000000
294.999038	__gene_G_rbs	83.000000	0.000000	0.000000
294.999038	__gene_H_rbs	52.000000	0.000000	0.000000
294.999038	__gene_J_rbs	167.000000	0.000000	0.000000
294.999038	__gene_K_rbs	183.000000	0.000000	0.000000
294.999038	__ribosome	0.000000	0.000000	0.000000
294.999038	bound_ecolipol	1862.000000	0.000000	0.000000
294.999038	bound_ribosome	100.000000	0.000000	0.000000
294.999038	ecoli_genome	138.000000	0.000000	0.000000
294.999038	ecoli_transcript	22319.000000	0.000000	0.000000
294.999038	ecolipol	38.000000	0.000000	0.000000
294.999038	gene_A	224.000000	216.000000	0.083333
294.999038	gene_A*	118.000000	203.000000	0.073892
294.999038	gene_B	108.000000	193.000000	0.020725
294.999038	gene_C	76.000000	182.000000	0.027473
294.999038	gene_D	87.000000	178.000000	0.028090
294.999038	gene_E	73.000000	173.000000	0.011561
294.999038	gene_F	37.000000	126.000000	0.071429
294.999038	gene_G	11.000000	83.000000	0.072289
294.999038	gene_H	0.000000	52.000000	0.211538
294.999038	gene_J	47.000000	167.000000	0.137725
294.999038	gene_K	87.000000	184.000000	0.010870
294.999038	promoter_A	0.000000	0.000000	0.000000
294.999038	promoter_B1	0.000000	0.000000	0.000000
294.999038	promoter_D	0.000000	0.000000	0.000000
299.999096	__gene_A*_rbs	207.000000	0.000000	0.000000
299.999096	__gene_A_rbs	220.000000	0.000000	0.000000
299.999096	__gene_B_rbs	196.000000	0.000000	0.000000
299.999096	__gene_C_rbs	185.000000	0.000000	0.000000
299.999096	__gene_D_rbs	181.000000	0.000000	0.000000
299.999096	__gene_E_rbs	177.000000	0.000000	0.000000
299.999096	__gene_F_rbs	129.000000	0.000000	0.000000
299.999096	__gene_G_rbs	86.000000	0.000000	0.000000
299.999096	__gene_H_rbs	52.000000	0.000000	0.000000
299.999096	__gene_J_rbs	168.000000	0.000000	0.000000
299.999096	__gene_K_rbs	188.000000	0.000000	0.000000
299.999096	__ribosome	0.000000	0.000000	0.000000
299.999096	bound_ecolipol	1870.000000	0.000000	0.000000
299.999096	bound_ribosome	100.000000	0.000000	0.000000
299.999096	ecoli_genome	130.000000	0.000000	0.000000
299.999096	ecoli_transcript	22677.000000	0.000000	0.000000
299.999096	ecolipol	30.000000	0.000000	0.000000
299.999096	gene_A	227.000000	220.000000	0.072727
299.999096	gene_A*	121.000000	207.000000	0.067633
299.999096	gene_B	111.000000	196.000000	0.015306
299.999096	gene_C	78.000000	186.000000	0.016129
299.999096	gene_D	88.000000	181.000000	0.033149
299.999096	gene_E	73.000000	177.000000	0.016949
299.999096	gene_F	38.000000	129.000000	0.077519
299.999096	gene_G	13.000000	86.000000	0.069767
299.999096	gene_H	0.000000	52.000000	0.250000
299.999096	gene_J	47.000000	170.000000	0.141176
299.999096	gene_K	89.000000	188.000000	0.010638
299.999096	promoter_A	0.000000	0.000000	0.000000
299.999096	promoter_B1	0.000000	0.000000	0.000000
299.999096	promoter_D	0.000000	0.000000	0.000000
304.999132	__gene_A*_rbs	211.000000	0.000000	0.000000
304.999132	__gene_A_rbs	222.000000	0.000000	0.000000
304.999132	__gene_B_rbs	199.000000	0.000000	0.000000
304.999132	__gene_C_rbs	190.000000	0.000000	0.000000
304.999132	__gene_D_rbs	184.000000	0.000000	0.000000
304.999132	__gene_E_rbs	181.000000	0.000000	0.000000
304.999132	__gene_F_rbs	130.000000	0.000000	0.000000
304.999132	__gene_G_rbs	89.000000	0.000000	0.000000
304.999132	__gene_H_rbs	55.000000	0.000000	0.000000
304.999132	__gene_J_rbs	174.000000	0.000000	0.000000
304.999132	__gene_K_rbs	190.000000	0.000000	0.000000
304.999132	__ribosome	0.000000	0.000000	0.000000
304.999132	bound_ecolipol	1871.000000	0.000000	0.000000
304.999132	bound_ribosome	100.000000	0.000000	0.000000
304.999132	ecoli_genome	129.000000	0.000000	0.000000
304.999132	ecoli_transcript	23055.000000	0.000000	0.000000
304.999132	ecolipol	31.000000	0.000000	0.000000
304.999132	gene_A	229.000000	223.000000	0.085202
304.999132	gene_A*	121.000000	211.000000	0.066351
304.999132	gene_B	111.000000	199.000000	0.020101
304.999132	gene_C	81.000000	190.000000	0.010526
304.999132	gene_D	92.000000	185.000000	0.027027
304.999132	gene_E	76.000000	181.000000	0.022099
304.999132	gene_F	39.000000	131.000000	0.076336
304.999132	gene_G	13.000000	89.000000	0.067416
304.999132	gene_H	0.000000	55.000000	0.236364
304.999132	gene_J	50.000000	174.000000	0.132184
304.999132	gene_K	91.000000	192.000000	0.000000
304.999132	promoter_A	0.000000	0.000000	0.000000
304.999132	promoter_B1	0.000000	0.000000	0.000000
304.999132	promoter_D	0.000000	0.000000	0.000000
309.999025	__gene_A*_rbs	214.000000	0.000000	0.000000
309.999025	__gene_A_rbs	227.000000	0.000000	0.000000
309.999025	__gene_B_rbs	203.000000	0.000000	0.000000
309.999025	__gene_C_rbs	191.000000	0.000000	0.000000
309.999025	__gene_D_rbs	189.000000	0.000000	0.000000
309.999025	__gene_E_rbs	184.000000	0.000000	0.000000
309.999025	__gene_F_rbs	132.000000	0.000000	0.000000
309.999025	__gene_G_rbs	91.000000	0.000000	0.000000
309.999025	__gene_H_rbs	56.000000	0.000000	0.000000
309.999025	__gene_J_rbs	178.000000	0.000000	0.000000
309.999025	__gene_K_rbs	192.000000	0.000000	0.000000
309.999025	__ribosome	0.000000	0.000000	0.000000
309.999025	bound_ecolipol	1866.000000	0.000000	0.000000
309.999025	bound_ribosome	100.000000	0.000000	0.000000
309.999025	ecoli_genome	134.000000	0.000000	0.000000
309.999025	ecoli_transcript	23424.000000	0.000000	0.000000
309.999025	ecolipol	35.000000	0.000000	0.000000
309.999025	gene_A	231.000000	227.000000	0.079295
309.999025	gene_A*	124.000000	214.000000	0.056075
309.999025	gene_B	113.000000	203.000000	0.009852
309.999025	gene_C	81.000000	193.000000	0.020725
309.999025	gene_D	92.000000	189.000000	0.026455
309.999025	gene_E	76.000000	184.000000	0.027174
309.999025	gene_F	40.000000	132.000000	0.075758
309.999025	gene_G	14.000000	91.000000	0.065934
309.999025	gene_H	0.000000	56.000000	0.232143
309.999025	gene_J	50.000000	178.000000	0.134831
309.999025	gene_K	91.000000	195.000000	0.005128
309.999025	promoter_A	0.000000	0.000000	0.000000
309.999025	promoter_B1	0.000000	0.000000	0.000000
309.999025	promoter_D	0.000000	0.000000	0.000000
314.999021	__gene_A*_rbs	218.000000	0.000000	0.000000
314.999021	__gene_A_rbs	231.000000	0.000000	0.000000
314.999021	__gene_B_rbs	205.000000	0.000000	0.000000
314.999021	__gene_C_rbs	197.000000	0.000000	0.000000
314.999021	__gene_D_rbs	192.000000	0.000000	0.000000
314.999021	__gene_E_rbs	188.000000	0.000000	0.000000
314.999021	__gene_F_rbs	135.000000	0.000000	0.000000
314.999021	__gene_G_rbs	93.000000	0.000000	0.000000
314.999021	__gene_H_rbs	59.000000	0.000000	0.000000
314.999021	__gene_J_rbs	182.000000	0.000000	0.000000
314.999021	__gene_K_rbs	198.000000	0.000000	0.000000
314.999021	__ribosome	0.000000	0.000000	0.000000
314.999021	bound_ecolipol	1867.000000	0.000000	0.000000
314.999021	bound_ribosome	100.000000	0.000000	0.000000
314.999021	ecoli_genome	133.000000	0.000000	0.000000
314.999021	ecoli_transcript	23798.000000	0.000000	0.000000
314.999021	ecolipol	34.000000	0.000000	0.000000
314.999021	gene_A	234.000000	231.000000	0.069264
314.999021	gene_A*	129.000000	218.000000	0.055046
314.999021	gene_B	114.000000	207.000000	0.019324
314.999021	gene_C	84.000000	197.000000	0.015228
314.999021	gene_D	94.000000	192.000000	0.020833
314.999021	gene_E	80.000000	188.000000	0.015957
314.999021	gene_F	41.000000	135.000000	0.081481
314.999021	gene_G	16.000000	93.000000	0.053763
314.999021	gene_H	0.000000	59.000000	0.237288
314.999021	gene_J	51.000000	182.000000	0.148352
314.999021	gene_K	92.000000	199.000000	0.005025
314.999021	promoter_A	0.000000	0.000000	0.000000
314.999021	promoter_B1	0.000000	0.000000	0.000000
314.999021	promoter_D	0.000000	0.000000	0.000000
319.999126	__gene_A*_rbs	222.000000	0.000000	0.000000
319.999126	__gene_A_rbs	235.000000	0.000000	0.000000
319.999126	__gene_B_rbs	211.000000	0.000000	0.000000
319.999126	__gene_C_rbs	201.000000	0.000000	0.000000
319.999126	__gene_D_rbs	196.000000	0.000000	0.000000
319.999126	__gene_E_rbs	192.000000	0.000000	0.000000
319.999126	__gene_F_rbs	137.000000	0.000000	0.000000
319.999126	__gene_G_rbs	96.000000	0.000000	0.000000
319.999126	__gene_H_rbs	61.000000	0.000000	0.000000
319.999126	__gene_J_rbs	185.000000	0.000000	0.000000
319.999126	__gene_K_rbs	201.000000	0.000000	0.000000
319.999126	__ribosome	0.000000	0.000000	0.000000
319.999126	bound_ecolipol	1870.000000	0.000000	0.000000
319.999126	bound_ribosome	100.000000	0.000000	0.000000
319.999126	ecoli_genome	130.000000	0.000000	0.000000
319.999126	ecoli_transcript	24166.000000	0.000000	0.000000
319.999126	ecolipol	35.000000	0.000000	0.000000
319.999126	gene_A	236.000000	235.000000	0.063830
319.999126	gene_A*	131.000000	222.000000	0.054054
319.999126	gene_B	115.000000	211.000000	0.018957
319.999126	gene_C	86.000000	201.000000	0.014925
319.999126	gene_D	96.000000	196.000000	0.015306
319.999126	gene_E	82.000000	192.000000	0.005208
319.999126	gene_F	41.000000	137.000000	0.087591
319.999126	gene_G	17.000000	96.000000	0.072917
319.999126	gene_H	0.000000	62.000000	0.241935
319.999126	gene_J	53.000000	185.000000	0.145946
319.999126	gene_K	93.000000	202.000000	0.004950
319.999126	promoter_A	0.000000	0.000000	0.000000
319.999126	promoter_B1	0.000000	0.000000	0.000000
319.999126	promoter_D	0.000000	0.000000	0.000000
324.999298	__gene_A*_rbs	226.000000	0.000000	0.000000
324.999298	__gene_A_rbs	239.000000	0.000000	0.000000
324.999298	__gene_B_rbs	215.000000	0.000000	0.000000
324.999298	__gene_C_rbs	204.000000	0.000000	0.000000
324.999298	__gene_D_rbs	200.000000	0.000000	0.000000
324.999298	__gene_E_rbs	196.000000	0.000000	0.000000
324.999298	__gene_F_rbs	138.000000	0.000000	0.000000
324.999298	__gene_G_rbs	99.000000	0.000000	0.000000
324.999298	__gene_H_rbs	63.000000	0.000000	0.000000
324.999298	__gene_J_rbs	188.000000	0.000000	0.000000
324.999298	__gene_K_rbs	206.000000	0.000000	0.000000
324.999298	__ribosome	0.000000	0.000000	0.000000
324.999298	bound_ecolipol	1865.000000	0.000000	0.000000
324.999298	bound_ribosome	100.000000	0.000000	0.000000
324.999298	ecoli_genome	135.000000	0.000000	0.000000
324.999298	ecoli_transcript	24574.000000	0.000000	0.000000
324.999298	ecolipol	40.000000	0.000000	0.000000
324.999298	gene_A	237.000000	239.000000	0.058577
324.999298	gene_A*	133.000000	226.000000	0.057522
324.999298	gene_B	116.000000	215.000000	0.013953
324.999298	gene_C	88.000000	204.000000	0.004902
324.999298	gene_D	97.000000	200.000000	0.015000
324.999298	gene_E	83.000000	196.000000	0.015306
324.999298	gene_F	42.000000	138.000000	0.086957
324.999298	gene_G	17.000000	99.000000	0.070707
324.999298	gene_H	0.000000	63.000000	0.238095
324.999298	gene_J	56.000000	189.000000	0.142857
324.999298	gene_K	94.000000	206.000000	0.009709
324.999298	promoter_A	0.000000	0.000000	0.000000
324.999298	promoter_B1	0.000000	0.000000	0.000000
324.999298	promoter_D	0.000000	0.000000	0.000000
329.999163	__gene_A*_rbs	229.000000	0.000000	0.000000
329.999163	__gene_A_rbs	242.000000	0.000000	0.000000
329.999163	__gene_B_rbs	217.000000	0.000000	0.000000
329.999163	__gene_C_rbs	208.000000	0.000000	0.000000
329.999163	__gene_D_rbs	203.000000	0.000000	0.000000
329.999163	__gene_E_rbs	199.000000	0.000000	0.000000
329.999163	__gene_F_rbs	141.000000	0.000000	0.000000
329.999163	__gene_G_rbs	101.000000	0.000000	0.000000
329.999163	__gene_H_rbs	64.000000	0.000000	0.000000
329.999163	__gene_J_rbs	193.000000	0.000000	0.000000
329.999163	__gene_K_rbs	208.000000	0.000000	0.000000
329.999163	__ribosome	0.000000	0.000000	0.000000
329.999163	bound_ecolipol	1869.000000	0.000000	0.000000
329.999163	bound_ribosome	100.000000	0.000000	0.000000
329.999163	ecoli_genome	131.000000	0.000000	0.000000
329.999163	ecoli_transcript	24957.000000	0.000000	0.000000
329.999163	ecolipol	38.000000	0.000000	0.000000
329.999163	gene_A	239.000000	242.000000	0.057851
329.999163	gene_A*	134.000000	229.000000	0.061135
329.999163	gene_B	118.000000	218.000000	0.009174
329.999163	gene_C	89.000000	208.000000	0.014423
329.999163	gene_D	98.000000	203.000000	0.014778
329.999163	gene_E	85.000000	199.000000	0.015075
329.999163	gene_F	43.000000	141.000000	0.085106
329.999163	gene_G	19.000000	101.000000	0.069307
329.999163	gene_H	0.000000	64.000000	0.234375
329.999163	gene_J	58.000000	193.000000	0.139896
329.999163	gene_K	96.000000	209.000000	0.000000
329.999163	promoter_A	0.000000	0.000000	0.000000
329.999163	promoter_B1	0.000000	0.000000	0.000000
329.999163	promoter_D	0.000000	0.000000	0.000000
334.999014	__gene_A*_rbs	233.000000	0.000000	0.000000
334.999014	__gene_A_rbs	245.000000	0.000000	0.000000
334.999014	__gene_B_rbs	222.000000	0.000000	0.000000
334.999014	__gene_C_rbs	209.000000	0.000000	0.000000
334.999014	__gene_D_rbs	205.000000	0.000000	0.000000
334.999014	__gene_E_rbs	203.000000	0.000000	0.000000
334.999014	__gene_F_rbs	144.000000	0.000000	0.000000
334.999014	__gene_G_rbs	103.000000	0.000000	0.000000
334.999014	__gene_H_rbs	66.000000	0.000000	0.000000
334.999014	__gene_J_rbs	196.000000	0.000000	0.000000
334.999014	__gene_K_rbs	213.000000	0.000000	0.000000
334.999014	__ribosome	0.000000	0.000000	0.000000
334.999014	bound_ecolipol	1863.000000	0.000000	0.000000
334.999014	bound_ribosome	100.000000	0.000000	0.000000
334.999014	ecoli_genome	137.000000	0.000000	0.000000
334.999014	ecoli_transcript	25331.000000	0.000000	0.000000
334.999014	ecolipol	43.000000	0.000000	0.000000
334.999014	gene_A	239.000000	245.000000	0.065306
334.999014	gene_A*	135.000000	233.000000	0.060086
334.999014	gene_B	119.000000	222.000000	0.004505
334.999014	gene_C	89.000000	211.000000	0.018957
334.999014	gene_D	99.000000	207.000000	0.019324
334.999014	gene_E	86.000000	203.000000	0.014778
334.999014	gene_F	45.000000	145.000000	0.075862
334.999014	gene_G	21.000000	103.000000	0.048544
334.999014	gene_H	0.000000	66.000000	0.227273
334.999014	gene_J	60.000000	196.000000	0.132653
334.999014	gene_K	96.000000	213.000000	0.004695
334.999014	promoter_A	0.000000	0.000000	0.000000
334.999014	promoter_B1	0.000000	0.000000	0.000000
334.999014	promoter_D	0.000000	0.000000	0.000000
339.999877	__gene_A*_rbs	237.000000	0.000000	0.000000
339.999877	__gene_A_rbs	249.000000	0.000000	0.000000
339.999877	__gene_B_rbs	223.000000	0.000000	0.000000
339.999877	__gene_C_rbs	215.000000	0.000000	0.000000
339.999877	__gene_D_rbs	210.000000	0.000000	0.000000
339.999877	__gene_E_rbs	206.000000	0.000000	0.000000
339.999877	__gene_F_rbs	148.000000	0.000000	0.000000
339.999877	__gene_G_rbs	106.000000	0.000000	0.000000
339.999877	__gene_H_rbs	68.000000	0.000000	0.000000
339.999877	__gene_J_rbs	200.000000	0.000000	0.000000
339.999877	__gene_K_rbs	216.000000	0.000000	0.000000
339.999877	__ribosome	0.000000	0.000000	0.000000
339.999877	bound_ecolipol	1867.000000	0.000000	0.000000
339.999877	bound_ribosome	100.000000	0.000000	0.000000
339.999877	ecoli_genome	133.000000	0.000000	0.000000
339.999877	ecoli_transcript	25708.000000	0.000000	0.000000
339.999877	ecolipol	40.000000	0.000000	0.000000
339.999877	gene_A	240.000000	249.000000	0.068273
339.999877	gene_A*	135.000000	237.000000	0.063291
339.999877	gene_B	119.000000	225.000000	0.004444
339.999877	gene_C	92.000000	215.000000	0.004651
339.999877	gene_D	100.000000	210.000000	0.014286
339.999877	gene_E	88.000000	207.000000	0.019324
339.999877	gene_F	47.000000	148.000000	0.060811
339.999877	gene_G	22.000000	106.000000	0.037736
339.999877	gene_H	0.000000	68.000000	0.220588
339.999877	gene_J	60.000000	200.000000	0.150000
339.999877	gene_K	97.000000	217.000000	0.004608
339.999877	promoter_A	0.000000	0.000000	0.000000
339.999877	promoter_B1	0.000000	0.000000	0.000000
339.999877	promoter_D	0.000000	0.000000	0.000000
344.999143	__gene_A*_rbs	238.000000	0.000000	0.000000
344.999143	__gene_A_rbs	254.000000	0.000000	0.000000
344.999143	__gene_B_rbs	228.000000	0.000000	0.000000
344.999143	__gene_C_rbs	216.000000	0.000000	0.000000
344.999143	__gene_D_rbs	214.000000	0.000000	0.000000
344.999143	__gene_E_rbs	210.000000	0.000000	0.000000
344.999143	__gene_F_rbs	149.000000	0.000000	0.000000
344.999143	__gene_G_rbs	108.000000	0.000000	0.000000
344.999143	__gene_H_rbs	69.000000	0.000000	0.000000
344.999143	__gene_J_rbs	204.000000	0.000000	0.000000
344.999143	__gene_K_rbs	221.000000	0.000000	0.000000
344.999143	__ribosome	0.000000	0.000000	0.000000
344.999143	bound_ecolipol	1871.000000	0.000000	0.000000
344.999143	bound_ribosome	100.000000	0.000000	0.000000
344.999143	ecoli_genome	129.000000	0.000000	0.000000
344.999143	ecoli_transcript	26097.000000	0.000000	0.000000
344.999143	ecolipol	38.000000	0.000000	0.000000
344.999143	gene_A	242.000000	254.000000	0.062992
344.999143	gene_A*	136.000000	240.000000	0.070833
344.999143	gene_B	120.000000	229.000000	0.000000
344.999143	gene_C	93.000000	219.000000	0.022831
344.999143	gene_D	101.000000	214.000000	0.014019
344.999143	gene_E	89.000000	210.000000	0.014286
344.999143	gene_F	48.000000	149.000000	0.060403
344.999143	gene_G	23.000000	108.000000	0.027778
344.999143	gene_H	0.000000	69.000000	0.217391
344.999143	gene_J	64.000000	204.000000	0.137255
344.999143	gene_K	98.000000	221.000000	0.004525
344.999143	promoter_A	0.000000	0.000000	0.000000
344.999143	promoter_B1	0.000000	0.000000	0.000000
344.999143	promoter_D	0.000000	0.000000	0.000000
349.999508	__gene_A*_rbs	244.000000	0.000000	0.000000
349.999508	__gene_A_rbs	257.000000	0.000000	0.000000
349.999508	__gene_B_rbs	233.000000	0.000000	0.000000
349.999508	__gene_C_rbs	221.000000	0.000000	0.000000
349.999508	__gene_D_rbs	217.000000	0.000000	0.000000
349.999508	__gene_E_rbs	213.000000	0.000000	0.000000
349.999508	__gene_F_rbs	152.000000	0.000000	0.000000
349.999508	__gene_G_rbs	108.000000	0.000000	0.000000
349.999508	__gene_H_rbs	70.000000	0.000000	0.000000
349.999508	__gene_J_rbs	206.000000	0.000000	0.000000
349.999508	__gene_K_rbs	222.000000	0.000000	0.000000
349.999508	__ribosome	0.000000	0.000000	0.000000
349.999508	bound_ecolipol	1875.000000	0.000000	0.000000
349.999508	bound_ribosome	100.000000	0.000000	0.000000
349.999508	ecoli_genome	125.000000	0.000000	0.000000
349.999508	ecoli_transcript	26436.000000	0.000000	0.000000
349.999508	ecolipol	35.000000	0.000000	0.000000
349.999508	gene_A	242.000000	257.000000	0.070039
349.999508	gene_A*	141.000000	244.000000	0.053279
349.999508	gene_B	120.000000	233.000000	0.004292
349.999508	gene_C	94.000000	222.000000	0.018018
349.999508	gene_D	102.000000	218.000000	0.013761
349.999508	gene_E	92.000000	213.000000	0.014085
349.999508	gene_F	50.000000	152.000000	0.059211
349.999508	gene_G	24.000000	108.000000	0.027778
349.999508	gene_H	0.000000	70.000000	0.228571
349.999508	gene_J	65.000000	207.000000	0.135266
349.999508	gene_K	99.000000	224.000000	0.008929
349.999508	promoter_A	0.000000	0.000000	0.000000
349.999508	promoter_B1	0.000000	0.000000	0.000000
349.999508	promoter_D	0.000000	0.000000	0.000000
354.999656	__gene_A*_rbs	248.000000	0.000000	0.000000
354.999656	__gene_A_rbs	261.000000	0.000000	0.000000
354.999656	__gene_B_rbs	235.000000	0.000000	0.000000
354.999656	__gene_C_rbs	226.000000	0.000000	0.000000
354.999656	__gene_D_rbs	221.000000	0.000000	0.000000
354.999656	__gene_E_rbs	217.000000	0.000000	0.000000
354.999656	__gene_F_rbs	154.000000	0.000000	0.000000
354.999656	__gene_G_rbs	110.000000	0.000000	0.000000
354.999656	__gene_H_rbs	72.000000	0.000000	0.000000
354.999656	__gene_J_rbs	211.000000	0.000000	0.000000
354.999656	__gene_K_rbs	227.000000	0.000000	0.000000
354.999656	__ribosome	0.000000	0.000000	0.000000
354.999656	bound_ecolipol	1872.000000	0.000000	0.000000
354.999656	bound_ribosome	100.000000	0.000000	0.000000
354.999656	ecoli_genome	128.000000	0.000000	0.000000
354.999656	ecoli_transcript	26812.000000	0.000000	0.000000
354.999656	ecolipol	38.000000	0.000000	0.000000
354.999656	gene_A	247.000000	261.000000	0.053640
354.999656	gene_A*	143.000000	248.000000	0.052419
354.999656	gene_B	120.000000	236.000000	0.012712
354.999656	gene_C	98.000000	226.000000	0.013274
354.999656	gene_D	103.000000	221.000000	0.022624
354.999656	gene_E	93.000000	217.000000	0.018433
354.999656	gene_F	50.000000	154.000000	0.058442
354.999656	gene_G	24.000000	110.000000	0.027273
354.999656	gene_H	0.000000	72.000000	0.222222
354.999656	gene_J	66.000000	211.000000	0.132701
354.999656	gene_K	100.000000	228.000000	0.008772
354.999656	promoter_A	0.000000	0.000000	0.000000
354.999656	promoter_B1	0.000000	0.000000	0.000000
354.999656	promoter_D	0.000000	0.000000	0.000000
359.999031	__gene_A*_rbs	251.000000	0.000000	0.000000
359.999031	__gene_A_rbs	264.000000	0.000000	0.000000
359.999031	__gene_B_rbs	240.000000	0.000000	0.000000
359.999031	__gene_C_rbs	230.000000	0.000000	0.000000
359.999031	__gene_D_rbs	223.000000	0.000000	0.000000
359.999031	__gene_E_rbs	221.000000	0.000000	0.000000
359.999031	__gene_F_rbs	156.000000	0.000000	0.000000
359.999031	__gene_G_rbs	111.000000	0.000000	0.000000
359.999031	__gene_H_rbs	74.000000	0.000000	0.000000
359.999031	__gene_J_rbs	215.000000	0.000000	0.000000
359.999031	__gene_K_rbs	230.000000	0.000000	0.000000
359.999031	__ribosome	0.000000	0.000000	0.000000
359.999031	bound_ecolipol	1874.000000	0.000000	0.000000
359.999031	bound_ribosome	100.000000	0.000000	0.000000
359.999031	ecoli_genome	126.000000	0.000000	0.000000
359.999031	ecoli_transcript	27196.000000	0.000000	0.000000
359.999031	ecolipol	38.000000	0.000000	0.000000
359.999031	gene_A	249.000000	264.000000	0.049242
359.999031	gene_A*	146.000000	251.000000	0.051793
359.999031	gene_B	121.000000	241.000000	0.016598
359.999031	gene_C	99.000000	230.000000	0.013043
359.999031	gene_D	104.000000	224.000000	0.031250
359.999031	gene_E	97.000000	221.000000	0.000000
359.999031	gene_F	52.000000	156.000000	0.044872
359.999031	gene_G	24.000000	111.000000	0.036036
359.999031	gene_H	0.000000	74.000000	0.216216
359.999031	gene_J	67.000000	215.000000	0.144186
359.999031	gene_K	102.000000	232.000000	0.008621
359.999031	promoter_A	0.000000	0.000000	0.000000
359.999031	promoter_B1	0.000000	0.000000	0.000000
359.999031	promoter_D	0.000000	0.000000	0.000000
364.999022	__gene_A*_rbs	254.000000	0.000000	0.000000
364.999022	__gene_A_rbs	267.000000	0.000000	0.000000
364.999022	__gene_B_rbs	244.000000	0.000000	0.000000
364.999022	__gene_C_rbs	232.000000	0.000000	0.000000
364.999022	__gene_D_rbs	228.000000	0.000000	0.000000
364.999022	__gene_E_rbs	225.000000	0.000000	0.000000
364.999022	__gene_F_rbs	158.000000	0.000000	0.000000
364.999022	__gene_G_rbs	112.000000	0.000000	0.000000
364.999022	__gene_H_rbs	74.000000	0.000000	0.000000
364.999022	__gene_J_rbs	218.000000	0.000000	0.000000
364.999022	__gene_K_rbs	235.000000	0.000000	0.000000
364.999022	__ribosome	0.000000	0.000000	0.000000
364.999022	bound_ecolipol	1875.000000	0.000000	0.000000
364.999022	bound_ribosome	100.000000	0.000000	0.000000
364.999022	ecoli_genome	125.000000	0.000000	0.000000
364.999022	ecoli_transcript	27547.000000	0.000000	0.000000
364.999022	ecolipol	37.000000	0.000000	0.000000
364.999022	gene_A	250.000000	268.000000	0.059701
364.999022	gene_A*	148.000000	255.000000	0.043137
364.999022	gene_B	123.000000	244.000000	0.008197
364.999022	gene_C	101.000000	233.000000	0.004292
364.999022	gene_D	105.000000	228.000000	0.026316
364.999022	gene_E	97.000000	225.000000	0.013333
364.999022	gene_F	53.000000	158.000000	0.037975
364.999022	gene_G	24.000000	112.000000	0.035714
364.999022	gene_H	0.000000	74.000000	0.256757
364.999022	gene_J	69.000000	218.000000	0.137615
364.999022	gene_K	104.000000	235.000000	0.008511
364.999022	promoter_A	0.000000	0.000000	0.000000
364.999022	promoter_B1	0.000000	0.000000	0.000000
364.999022	promoter_D	0.000000	0.000000	0.000000
369.999678	__gene_A*_rbs	259.000000	0.000000	0.000000
369.999678	__gene_A_rbs	272.000000	0.000000	0.000000
369.999678	__gene_B_rbs	247.000000	0.000000	0.000000
369.999678	__gene_C_rbs	237.000000	0.000000	0.000000
369.999678	__gene_D_rbs	230.000000	0.000000	0.000000
369.999678	__gene_E_rbs	228.000000	0.000000	0.000000
369.999678	__gene_F_rbs	161.000000	0.000000	0.000000
369.999678	__gene_G_rbs	112.000000	0.000000	0.000000
369.999678	__gene_H_rbs	76.000000	0.000000	0.000000
369.999678	__gene_J_rbs	221.000000	0.000000	0.000000
369.999678	__gene_K_rbs	239.000000	0.000000	0.000000
369.999678	__ribosome	0.000000	0.000000	0.000000
369.999678	bound_ecolipol	1877.000000	0.000000	0.000000
369.999678	bound_ribosome	100.000000	0.000000	0.000000
369.999678	ecoli_genome	123.000000	0.000000	0.000000
369.999678	ecoli_transcript	27901.000000	0.000000	0.000000
369.999678	ecolipol	35.000000	0.000000	0.000000
369.999678	gene_A	251.000000	272.000000	0.062500
369.999678	gene_A*	150.000000	259.000000	0.038610
369.999678	gene_B	125.000000	248.000000	0.008065
369.999678	gene_C	102.000000	237.000000	0.000000
369.999678	gene_D	108.000000	232.000000	0.021552
369.999678	gene_E	98.000000	228.000000	0.017544
369.999678	gene_F	55.000000	161.000000	0.031056
369.999678	gene_G	24.000000	113.000000	0.053097
369.999678	gene_H	0.000000	76.000000	0.250000
369.999678	gene_J	70.000000	221.000000	0.140271
369.999678	gene_K	106.000000	239.000000	0.004184
369.999678	promoter_A	0.000000	0.000000	0.000000
369.999678	promoter_B1	0.000000	0.000000	0.000000
369.999678	promoter_D	0.000000	0.000000	0.000000
374.999051	__gene_A*_rbs	263.000000	0.000000	0.000000
374.999051	__gene_A_rbs	275.000000	0.000000	0.000000
374.999051	__gene_B_rbs	251.000000	0.000000	0.000000
374.999051	__gene_C_rbs	241.000000	0.000000	0.000000
374.999051	__gene_D_rbs	235.000000	0.000000	0.000000
374.999051	__gene_E_rbs	231.000000	0.000000	0.000000
374.999051	__gene_F_rbs	163.000000	0.000000	0.000000
374.999051	__gene_G_rbs	115.000000	0.000000	0.000000
374.999051	__gene_H_rbs	77.000000	0.000000	0.000000
374.999051	__gene_J_rbs	222.000000	0.000000	0.000000
374.999051	__gene_K_rbs	243.000000	0.000000	0.000000
374.999051	__ribosome	0.000000	0.000000	0.000000
374.999051	bound_ecolipol	1876.000000	0.000000	0.000000
374.999051	bound_ribosome	100.000000	0.000000	0.000000
374.999051	ecoli_genome	124.000000	0.000000	0.000000
374.999051	ecoli_transcript	28279.000000	0.000000	0.000000
374.999051	ecolipol	37.000000	0.000000	0.000000
374.999051	gene_A	251.000000	275.000000	0.061818
374.999051	gene_A*	151.000000	263.000000	0.034221
374.999051	gene_B	125.000000	251.000000	0.011952
374.999051	gene_C	102.000000	241.000000	0.000000
374.999051	gene_D	110.000000	235.000000	0.021277
374.999051	gene_E	100.000000	231.000000	0.008658
374.999051	gene_F	55.000000	163.000000	0.036810
374.999051	gene_G	25.000000	115.000000	0.052174
374.999051	gene_H	0.000000	77.000000	0.246753
374.999051	gene_J	72.000000	225.000000	0.142222
374.999051	gene_K	107.000000	243.000000	0.004115
374.999051	promoter_A	0.000000	0.000000	0.000000
374.999051	promoter_B1	0.000000	0.000000	0.000000
374.999051	promoter_D	0.000000	0.000000	0.000000
379.999134	__gene_A*_rbs	265.000000	0.000000	0.000000
379.999134	__gene_A_rbs	279.000000	0.000000	0.000000
379.999134	__gene_B_rbs	255.000000	0.000000	0.000000
379.999134	__gene_C_rbs	245.000000	0.000000	0.000000
379.999134	__gene_D_rbs	239.000000	0.000000	0.000000
379.999134	__gene_E_rbs	235.000000	0.000000	0.000000
379.999134	__gene_F_rbs	164.000000	0.000000	0.000000
379.999134	__gene_G_rbs	118.000000	0.000000	0.000000
379.999134	__gene_H_rbs	77.000000	0.000000	0.000000
379.999134	__gene_J_rbs	229.000000	0.000000	0.000000
379.999134	__gene_K_rbs	246.000000	0.000000	0.000000
379.999134	__ribosome	1.000000	0.000000	0.000000
379.999134	bound_ecolipol	1865.000000	0.000000	0.000000
379.999134	bound_ribosome	100.000000	0.000000	0.000000
379.999134	ecoli_genome	135.000000	0.000000	0.000000
379.999134	ecoli_transcript	28635.000000	0.000000	0.000000
379.999134	ecolipol	49.000000	0.000000	0.000000
379.999134	gene_A	253.000000	279.000000	0.053763
379.999134	gene_A*	154.000000	266.000000	0.030075
379.999134	gene_B	126.000000	255.000000	0.011765
379.999134	gene_C	102.000000	245.000000	0.012245
379.999134	gene_D	111.000000	239.000000	0.020921
379.999134	gene_E	102.000000	235.000000	0.000000
379.999134	gene_F	56.000000	164.000000	0.036585
379.999134	gene_G	25.000000	118.000000	0.050847
379.999134	gene_H	0.000000	77.000000	0.259740
379.999134	gene_J	74.000000	229.000000	0.139738
379.999134	gene_K	108.000000	246.000000	0.004065
379.999134	promoter_A	0.000000	0.000000	0.000000
379.999134	promoter_B1	0.000000	0.000000	0.000000
379.999134	promoter_D	0.000000	0.000000	0.000000
384.999389	__gene_A*_rbs	271.000000	0.000000	0.000000
384.999389	__gene_A_rbs	282.000000	0.000000	0.000000
384.999389	__gene_B_rbs	259.000000	0.000000	0.000000
384.999389	__gene_C_rbs	248.000000	0.000000	0.000000
384.999389	__gene_D_rbs	243.000000	0.000000	0.000000
384.999389	__gene_E_rbs	239.000000	0.000000	0.000000
384.999389	__gene_F_rbs	164.000000	0.000000	0.000000
384.999389	__gene_G_rbs	120.000000	0.000000	0.000000
384.999389	__gene_H_rbs	78.000000	0.000000	0.000000
384.999389	__gene_J_rbs	231.000000	0.000000	0.000000
384.999389	__gene_K_rbs	251.000000	0.000000	0.000000
384.999389	__ribosome	0.000000	0.000000	0.000000
384.999389	bound_ecolipol	1879.000000	0.000000	0.000000
384.999389	bound_ribosome	100.000000	0.000000	0.000000
384.999389	ecoli_genome	121.000000	0.000000	0.000000
384.999389	ecoli_transcript	29032.000000	0.000000	0.000000
384.999389	ecolipol	36.000000	0.000000	0.000000
384.999389	gene_A	254.000000	282.000000	0.053191
384.999389	gene_A*	155.000000	271.000000	0.029520
384.999389	gene_B	128.000000	259.000000	0.007722
384.999389	gene_C	102.000000	249.000000	0.012048
384.999389	gene_D	111.000000	243.000000	0.020576
384.999389	gene_E	102.000000	239.000000	0.000000
384.999389	gene_F	56.000000	165.000000	0.042424
384.999389	gene_G	25.000000	120.000000	0.058333
384.999389	gene_H	0.000000	78.000000	0.269231
384.999389	gene_J	74.000000	232.000000	0.137931
384.999389	gene_K	109.000000	251.000000	0.000000
384.999389	promoter_A	0.000000	0.000000	0.000000
384.999389	promoter_B1	0.000000	0.000000	0.000000
384.999389	promoter_D	0.000000	0.000000	0.000000
389.999001	__gene_A*_rbs	274.000000	0.000000	0.000000
389.999001	__gene_A_rbs	287.000000	0.000000	0.000000
389.999001	__gene_B_rbs	263.000000	0.000000	0.000000
389.999001	__gene_C_rbs	252.000000	0.000000	0.000000
389.999001	__gene_D_rbs	247.000000	0.000000	0.000000
389.999001	__gene_E_rbs	242.000000	0.000000	0.000000
389.999001	__gene_F_rbs	167.000000	0.000000	0.000000
389.999001	__gene_G_rbs	122.000000	0.000000	0.000000
389.999001	__gene_H_rbs	79.000000	0.000000	0.000000
389.999001	__gene_J_rbs	236.000000	0.000000	0.000000
389.999001	__gene_K_rbs	253.000000	0.000000	0.000000
389.999001	__ribosome	0.000000	0.000000	0.000000
389.999001	bound_ecolipol	1864.000000	0.000000	0.000000
389.999001	bound_ribosome	100.000000	0.000000	0.000000
389.999001	ecoli_genome	136.000000	0.000000	0.000000
389.999001	ecoli_transcript	29449.000000	0.000000	0.000000
389.999001	ecolipol	51.000000	0.000000	0.000000
389.999001	gene_A	257.000000	287.000000	0.041812
389.999001	gene_A*	156.000000	274.000000	0.025547
389.999001	gene_B	128.000000	263.000000	0.011407
389.999001	gene_C	105.000000	252.000000	0.015873
389.999001	gene_D	115.000000	247.000000	0.012146
389.999001	gene_E	102.000000	242.000000	0.000000
389.999001	gene_F	58.000000	167.000000	0.029940
389.999001	gene_G	26.000000	122.000000	0.073770
389.999001	gene_H	0.000000	80.000000	0.262500
389.999001	gene_J	75.000000	236.000000	0.139831
389.999001	gene_K	109.000000	254.000000	0.011811
389.999001	promoter_A	0.000000	0.000000	0.000000
389.999001	promoter_B1	0.000000	0.000000	0.000000
389.999001	promoter_D	0.000000	0.000000	0.000000
394.999215	__gene_A*_rbs	278.000000	0.000000	0.000000
394.999215	__gene_A_rbs	290.000000	0.000000	0.000000
394.999215	__gene_B_rbs	266.000000	0.000000	0.000000
394.999215	__gene_C_rbs	256.000000	0.000000	0.000000
394.999215	__gene_D_rbs	249.000000	0.000000	0.000000
394.999215	__gene_E_rbs	246.000000	0.000000	0.000000
394.999215	__gene_F_rbs	171.000000	0.000000	0.000000
394.999215	__gene_G_rbs	122.000000	0.000000	0.000000
394.999215	__gene_H_rbs	81.000000	0.000000	0.000000
394.999215	__gene_J_rbs	238.000000	0.000000	0.000000
394.999215	__gene_K_rbs	256.000000	0.000000	0.000000
394.999215	__ribosome	0.000000	0.000000	0.000000
394.999215	bound_ecolipol	1872.000000	0.000000	0.000000
394.999215	bound_ribosome	100.000000	0.000000	0.000000
394.999215	ecoli_genome	128.000000	0.000000	0.000000
394.999215	ecoli_transcript	29813.000000	0.000000	0.000000
394.999215	ecolipol	42.000000	0.000000	0.000000
394.999215	gene_A	258.000000	290.000000	0.044828
394.999215	gene_A*	159.000000	278.000000	0.017986
394.999215	gene_B	130.000000	266.000000	0.007519
394.999215	gene_C	106.000000	256.000000	0.023438
394.999215	gene_D	116.000000	250.000000	0.012000
394.999215	gene_E	102.000000	246.000000	0.000000
394.999215	gene_F	59.000000	171.000000	0.023392
394.999215	gene_G	27.000000	122.000000	0.073770
394.999215	gene_H	0.000000	81.000000	0.271605
394.999215	gene_J	76.000000	239.000000	0.146444
394.999215	gene_K	111.000000	257.000000	0.003891
394.999215	promoter_A	0.000000	0.000000	0.000000
394.999215	promoter_B1	0.000000	0.000000	0.000000
394.999215	promoter_D	0.000000	0.000000	0.000000
399.999147	__gene_A*_rbs	281.000000	0.000000	0.000000
399.999147	__gene_A_rbs	293.000000	0.000000	0.000000
399.999147	__gene_B_rbs	270.000000	0.000000	0.000000
399.999147	__gene_C_rbs	259.000000	0.000000	0.000000
399.999147	__gene_D_rbs	254.000000	0.000000	0.000000
399.999147	__gene_E_rbs	250.000000	0.000000	0.000000
399.999147	__gene_F_rbs	174.000000	0.000000	0.000000
399.999147	__gene_G_rbs	124.000000	0.000000	0.000000
399.999147	__gene_H_rbs	84.000000	0.000000	0.000000
399.999147	__gene_J_rbs	243.000000	0.000000	0.000000
399.999147	__gene_K_rbs	261.000000	0.000000	0.000000
399.999147	__ribosome	0.000000	0.000000	0.000000
399.999147	bound_ecolipol	1885.000000	0.000000	0.000000
399.999147	bound_ribosome	100.000000	0.000000	0.000000
399.999147	ecoli_genome	115.000000	0.000000	0.000000
399.999147	ecoli_transcript	30173.000000	0.000000	0.000000
399.999147	ecolipol	28.000000	0.000000	0.000000
399.999147	gene_A	260.000000	293.000000	0.044369
399.999147	gene_A*	159.000000	281.000000	0.017794
399.999147	gene_B	130.000000	270.000000	0.007407
399.999147	gene_C	109.000000	259.000000	0.015444
399.999147	gene_D	116.000000	254.000000	0.011811
399.999147	gene_E	102.000000	250.000000	0.000000
399.999147	gene_F	59.000000	174.000000	0.028736
399.999147	gene_G	28.000000	124.000000	0.072581
399.999147	gene_H	0.000000	84.000000	0.261905
399.999147	gene_J	76.000000	243.000000	0.152263
399.999147	gene_K	112.000000	261.000000	0.000000
399.999147	promoter_A	0.000000	0.000000	0.000000
399.999147	promoter_B1	0.000000	0.000000	0.000000
399.999147	promoter_D	0.000000	0.000000	0.000000
404.999082	__gene_A*_rbs	285.000000	0.000000	0.000000
404.999082	__gene_A_rbs	297.000000	0.000000	0.000000
404.999082	__gene_B_rbs	273.000000	0.000000	0.000000
404.999082	__gene_C_rbs	262.000000	0.000000	0.000000
404.999082	__gene_D_rbs	256.000000	0.000000	0.000000
404.999082	__gene_E_rbs	253.000000	0.000000	0.000000
404.999082	__gene_F_rbs	177.000000	0.000000	0.000000
404.999082	__gene_G_rbs	126.000000	0.000000	0.000000
404.999082	__gene_H_rbs	84.000000	0.000000	0.000000
404.999082	__gene_J_rbs	247.000000	0.000000	0.000000
404.999082	__gene_K_rbs	265.000000	0.000000	0.000000
404.999082	__ribosome	0.000000	0.000000	0.000000
404.999082	bound_ecolipol	1879.000000	0.000000	0.000000
404.999082	bound_ribosome	100.000000	0.000000	0.000000
404.999082	ecoli_genome	121.000000	0.000000	0.000000
404.999082	ecoli_transcript	30540.000000	0.000000	0.000000
404.999082	ecolipol	33.000000	0.000000	0.000000
404.999082	gene_A	260.000000	297.000000	0.043771
404.999082	gene_A*	160.000000	285.000000	0.021053
404.999082	gene_B	132.000000	274.000000	0.003650
404.999082	gene_C	112.000000	263.000000	0.007605
404.999082	gene_D	118.000000	257.000000	0.003891
404.999082	gene_E	102.000000	253.000000	0.007905
404.999082	gene_F	59.000000	177.000000	0.033898
404.999082	gene_G	29.000000	126.000000	0.063492
404.999082	gene_H	0.000000	84.000000	0.273810
404.999082	gene_J	78.000000	247.000000	0.149798
404.999082	gene_K	112.000000	265.000000	0.003774
404.999082	promoter_A	0.000000	0.000000	0.000000
404.999082	promoter_B1	0.000000	0.000000	0.000000
404.999082	promoter_D	0.000000	0.000000	0.000000
409.999273	__gene_A*_rbs	287.000000	0.000000	0.000000
409.999273	__gene_A_rbs	301.000000	0.000000	0.000000
409.999273	__gene_B_rbs	277.000000	0.000000	0.000000
409.999273	__gene_C_rbs	266.000000	0.000000	0.000000
409.999273	__gene_D_rbs	261.000000	0.000000	0.000000
409.999273	__gene_E_rbs	257.000000	0.000000	0.000000
409.999273	__gene_F_rbs	180.000000	0.000000	0.000000
409.999273	__gene_G_rbs	129.000000	0.000000	0.000000
409.999273	__gene_H_rbs	84.000000	0.000000	0.000000
409.999273	__gene_J_rbs	248.000000	0.000000	0.000000
409.999273	__gene_K_rbs	268.000000	0.000000	0.000000
409.999273	__ribosome	0.000000	0.000000	0.000000
409.999273	bound_ecolipol	1872.000000	0.000000	0.000000
409.999273	bound_ribosome	100.000000	0.000000	0.000000
409.999273	ecoli_genome	128.000000	0.000000	0.000000
409.999273	ecoli_transcript	30887.000000	0.000000	0.000000
409.999273	ecolipol	37.000000	0.000000	0.000000
409.999273	gene_A	261.000000	301.000000	0.039867
409.999273	gene_A*	160.000000	289.000000	0.024221
409.999273	gene_B	132.000000	277.000000	0.003610
409.999273	gene_C	114.000000	267.000000	0.000000
409.999273	gene_D	119.000000	261.000000	0.000000
409.999273	gene_E	102.000000	257.000000	0.015564
409.999273	gene_F	59.000000	180.000000	0.044444
409.999273	gene_G	31.000000	129.000000	0.046512
409.999273	gene_H	0.000000	84.000000	0.273810
409.999273	gene_J	80.000000	250.000000	0.156000
409.999273	gene_K	113.000000	268.000000	0.000000
409.999273	promoter_A	0.000000	0.000000	0.000000
409.999273	promoter_B1	0.000000	0.000000	0.000000
409.999273	promoter_D	0.000000	0.000000	0.000000
414.999098	__gene_A*_rbs	291.000000	0.000000	0.000000
414.999098	__gene_A_rbs	305.000000	0.000000	0.000000
414.999098	__gene_B_rbs	281.000000	0.000000	0.000000
414.999098	__gene_C_rbs	269.000000	0.000000	0.000000
414.999098	__gene_D_rbs	265.000000	0.000000	0.000000
414.999098	__gene_E_rbs	260.000000	0.000000	0.000000
414.999098	__gene_F_rbs	180.000000	0.000000	0.000000
414.999098	__gene_G_rbs	130.000000	0.000000	0.000000
414.999098	__gene_H_rbs	86.000000	0.000000	0.000000
414.999098	__gene_J_rbs	254.000000	0.000000	0.000000
414.999098	__gene_K_rbs	271.000000	0.000000	0.000000
414.999098	__ribosome	0.000000	0.000000	0.000000
414.999098	bound_ecolipol	1875.000000	0.000000	0.000000
414.999098	bound_ribosome	100.000000	0.000000	0.000000
414.999098	ecoli_genome	125.000000	0.000000	0.000000
414.999098	ecoli_transcript	31266.000000	0.000000	0.000000
414.999098	ecolipol	36.000000	0.000000	0.000000
414.999098	gene_A	264.000000	305.000000	0.032787
414.999098	gene_A*	162.000000	292.000000	0.023973
414.999098	gene_B	132.000000	281.000000	0.003559
414.999098	gene_C	114.000000	270.000000	0.003704
414.999098	gene_D	119.000000	265.000000	0.003774
414.999098	gene_E	104.000000	260.000000	0.007692
414.999098	gene_F	61.000000	182.000000	0.054945
414.999098	gene_G	32.000000	130.000000	0.046154
414.999098	gene_H	0.000000	86.000000	0.267442
414.999098	gene_J	83.000000	254.000000	0.149606
414.999098	gene_K	113.000000	272.000000	0.003676
414.999098	promoter_A	0.000000	0.000000	0.000000
414.999098	promoter_B1	0.000000	0.000000	0.000000
414.999098	promoter_D	0.000000	0.000000	0.000000
419.999089	__gene_A*_rbs	296.000000	0.000000	0.000000
419.999089	__gene_A_rbs	308.000000	0.000000	0.000000
419.999089	__gene_B_rbs	285.000000	0.000000	0.000000
419.999089	__gene_C_rbs	274.000000	0.000000	0.000000
419.999089	__gene_D_rbs	268.000000	0.000000	0.000000
419.999089	__gene_E_rbs	264.000000	0.000000	0.000000
419.999089	__gene_F_rbs	185.000000	0.000000	0.000000
419.999089	__gene_G_rbs	131.000000	0.000000	0.000000
419.999089	__gene_H_rbs	87.000000	0.000000	0.000000
419.999089	__gene_J_rbs	257.000000	0.000000	0.000000
419.999089	__gene_K_rbs	276.000000	0.000000	0.000000
419.999089	__ribosome	0.000000	0.000000	0.000000
419.999089	bound_ecolipol	1882.000000	0.000000	0.000000
419.999089	bound_ribosome	100.000000	0.000000	0.000000
419.999089	ecoli_genome	118.000000	0.000000	0.000000
419.999089	ecoli_transcript	31626.000000	0.000000	0.000000
419.999089	ecolipol	29.000000	0.000000	0.000000
419.999089	gene_A	267.000000	308.000000	0.022727
419.999089	gene_A*	163.000000	296.000000	0.030405
419.999089	gene_B	133.000000	285.000000	0.003509
419.999089	gene_C	114.000000	274.000000	0.003650
419.999089	gene_D	119.000000	268.000000	0.007463
419.999089	gene_E	106.000000	264.000000	0.007576
419.999089	gene_F	61.000000	185.000000	0.054054
419.999089	gene_G	32.000000	131.000000	0.045802
419.999089	gene_H	0.000000	87.000000	0.275862
419.999089	gene_J	85.000000	258.000000	0.147287
419.999089	gene_K	114.000000	276.000000	0.000000
419.999089	promoter_A	0.000000	0.000000	0.000000
419.999089	promoter_B1	0.000000	0.000000	0.000000
419.999089	promoter_D	0.000000	0.000000	0.000000
424.999221	__gene_A*_rbs	300.000000	0.000000	0.000000
424.999221	__gene_A_rbs	312.000000	0.000000	0.000000
424.999221	__gene_B_rbs	288.000000	0.000000	0.000000
424.999221	__gene_C_rbs	277.000000	0.000000	0.000000
424.999221	__gene_D_rbs	272.000000	0.000000	0.000000
424.999221	__gene_E_rbs	268.000000	0.000000	0.000000
424.999221	__gene_F_rbs	187.000000	0.000000	0.000000
424.999221	__gene_G_rbs	132.000000	0.000000	0.000000
424.999221	__gene_H_rbs	90.000000	0.000000	0.000000
424.999221	__gene_J_rbs	262.000000	0.000000	0.000000
424.999221	__gene_K_rbs	279.000000	0.000000	0.000000
424.999221	__ribosome	0.000000	0.000000	0.000000
424.999221	bound_ecolipol	1867.000000	0.000000	0.000000
424.999221	bound_ribosome	100.000000	0.000000	0.000000
424.999221	ecoli_genome	133.000000	0.000000	0.000000
424.999221	ecoli_transcript	32029.000000	0.000000	0.000000
424.999221	ecolipol	44.000000	0.000000	0.000000
424.999221	gene_A	268.000000	312.000000	0.022436
424.999221	gene_A*	163.000000	300.000000	0.030000
424.999221	gene_B	133.000000	288.000000	0.003472
424.999221	gene_C	115.000000	277.000000	0.003610
424.999221	gene_D	119.000000	272.000000	0.007353
424.999221	gene_E	106.000000	268.000000	0.007463
424.999221	gene_F	62.000000	187.000000	0.053476
424.999221	gene_G	32.000000	132.000000	0.045455
424.999221	gene_H	0.000000	90.000000	0.288889
424.999221	gene_J	87.000000	262.000000	0.137405
424.999221	gene_K	114.000000	279.000000	0.000000
424.999221	promoter_A	0.000000	0.000000	0.000000
424.999221	promoter_B1	0.000000	0.000000	0.000000
424.999221	promoter_D	0.000000	0.000000	0.000000
429.999160	__gene_A*_rbs	302.000000	0.000000	0.000000
429.999160	__gene_A_rbs	316.000000	0.000000	0.000000
429.999160	__gene_B_rbs	291.000000	0.000000	0.000000
429.999160	__gene_C_rbs	281.000000	0.000000	0.000000
429.999160	__gene_D_rbs	276.000000	0.000000	0.000000
429.999160	__gene_E_rbs	272.000000	0.000000	0.000000
429.999160	__gene_F_rbs	189.000000	0.000000	0.000000
429.999160	__gene_G_rbs	134.000000	0.000000	0.000000
429.999160	__gene_H_rbs	90.000000	0.000000	0.000000
429.999160	__gene_J_rbs	265.000000	0.000000	0.000000
429.999160	__gene_K_rbs	283.000000	0.000000	0.000000
429.999160	__ribosome	0.000000	0.000000	0.000000
429.999160	bound_ecolipol	1867.000000	0.000000	0.000000
429.999160	bound_ribosome	100.000000	0.000000	0.000000
429.999160	ecoli_genome	133.000000	0.000000	0.000000
429.999160	ecoli_transcript	32374.000000	0.000000	0.000000
429.999160	ecolipol	44.000000	0.000000	0.000000
429.999160	gene_A	268.000000	316.000000	0.022152
429.999160	gene_A*	164.000000	303.000000	0.036304
429.999160	gene_B	134.000000	292.000000	0.003425
429.999160	gene_C	116.000000	281.000000	0.000000
429.999160	gene_D	120.000000	276.000000	0.003623
429.999160	gene_E	108.000000	272.000000	0.007353
429.999160	gene_F	63.000000	189.000000	0.047619
429.999160	gene_G	33.000000	134.000000	0.037313
429.999160	gene_H	0.000000	90.000000	0.288889
429.999160	gene_J	87.000000	265.000000	0.143396
429.999160	gene_K	114.000000	283.000000	0.000000
429.999160	promoter_A	0.000000	0.000000	0.000000
429.999160	promoter_B1	0.000000	0.000000	0.000000
429.999160	promoter_D	0.000000	0.000000	0.000000
434.999248	__gene_A*_rbs	307.000000	0.000000	0.000000
434.999248	__gene_A_rbs	319.000000	0.000000	0.000000
434.999248	__gene_B_rbs	295.000000	0.000000	0.000000
434.999248	__gene_C_rbs	284.000000	0.000000	0.000000
434.999248	__gene_D_rbs	279.000000	0.000000	0.000000
434.999248	__gene_E_rbs	275.000000	0.000000	0.000000
434.999248	__gene_F_rbs	191.000000	0.000000	0.000000
434.999248	__gene_G_rbs	137.000000	0.000000	0.000000
434.999248	__gene_H_rbs	91.000000	0.000000	0.000000
434.999248	__gene_J_rbs	268.000000	0.000000	0.000000
434.999248	__gene_K_rbs	286.000000	0.000000	0.000000
434.999248	__ribosome	0.000000	0.000000	0.000000
434.999248	bound_ecolipol	1874.000000	0.000000	0.000000
434.999248	bound_ribosome	100.000000	0.000000	0.000000
434.999248	ecoli_genome	126.000000	0.000000	0.000000
434.999248	ecoli_transcript	32729.000000	0.000000	0.000000
434.999248	ecolipol	35.000000	0.000000	0.000000
434.999248	gene_A	268.000000	319.000000	0.025078
434.999248	gene_A*	164.000000	307.000000	0.035831
434.999248	gene_B	134.000000	296.000000	0.006757
434.999248	gene_C	116.000000	285.000000	0.000000
434.999248	gene_D	121.000000	279.000000	0.000000
434.999248	gene_E	108.000000	275.000000	0.007273
434.999248	gene_F	63.000000	191.000000	0.047120
434.999248	gene_G	33.000000	137.000000	0.036496
434.999248	gene_H	0.000000	91.000000	0.296703
434.999248	gene_J	89.000000	268.000000	0.134328
434.999248	gene_K	114.000000	287.000000	0.000000
434.999248	promoter_A	0.000000	0.000000	0.000000
434.999248	promoter_B1	0.000000	0.000000	0.000000
434.999248	promoter_D	0.000000	0.000000	0.000000
439.999146	__gene_A*_rbs	311.000000	0.000000	0.000000
439.999146	__gene_A_rbs	322.000000	0.000000	0.000000
439.999146	__gene_B_rbs	300.000000	0.000000	0.000000
439.999146	__gene_C_rbs	287.000000	0.000000	0.000000
439.999146	__gene_D_rbs	283.000000	0.000000	0.000000
439.999146	__gene_E_rbs	279.000000	0.000000	0.000000
439.999146	__gene_F_rbs	193.000000	0.000000	0.000000
439.999146	__gene_G_rbs	139.000000	0.000000	0.000000
439.999146	__gene_H_rbs	92.000000	0.000000	0.000000
439.999146	__gene_J_rbs	272.000000	0.000000	0.000000
439.999146	__gene_K_rbs	290.000000	0.000000	0.000000
439.999146	__ribosome	0.000000	0.000000	0.000000
439.999146	bound_ecolipol	1872.000000	0.000000	0.000000
439.999146	bound_ribosome	100.000000	0.000000	0.000000
439.999146	ecoli_genome	128.000000	0.000000	0.000000
439.999146	ecoli_transcript	33092.000000	0.000000	0.000000
439.999146	ecolipol	36.000000	0.000000	0.000000
439.999146	gene_A	269.000000	322.000000	0.024845
439.999146	gene_A*	166.000000	311.000000	0.035370
439.999146	gene_B	135.000000	300.000000	0.003333
439.999146	gene_C	116.000000	288.000000	0.000000
439.999146	gene_D	121.000000	283.000000	0.000000
439.999146	gene_E	110.000000	279.000000	0.000000
439.999146	gene_F	63.000000	193.000000	0.046632
439.999146	gene_G	33.000000	139.000000	0.043165
439.999146	gene_H	0.000000	92.000000	0.304348
439.999146	gene_J	89.000000	272.000000	0.132353
439.999146	gene_K	114.000000	291.000000	0.003436
439.999146	promoter_A	0.000000	0.000000	0.000000
439.999146	promoter_B1	0.000000	0.000000	0.000000
439.999146	promoter_D	0.000000	0.000000	0.000000
444.999049	__gene_A*_rbs	315.000000	0.000000	0.000000
444.999049	__gene_A_rbs	326.000000	0.000000	0.000000
444.999049	__gene_B_rbs	302.000000	0.000000	0.000000
444.999049	__gene_C_rbs	292.000000	0.000000	0.000000
444.999049	__gene_D_rbs	287.000000	0.000000	0.000000
444.999049	__gene_E_rbs	282.000000	0.000000	0.000000
444.999049	__gene_F_rbs	197.000000	0.000000	0.000000
444.999049	__gene_G_rbs	140.000000	0.000000	0.000000
444.999049	__gene_H_rbs	94.000000	0.000000	0.000000
444.999049	__gene_J_rbs	276.000000	0.000000	0.000000
444.999049	__gene_K_rbs	294.000000	0.000000	0.000000
444.999049	__ribosome	0.000000	0.000000	0.000000
444.999049	bound_ecolipol	1883.000000	0.000000	0.000000
444.999049	bound_ribosome	100.000000	0.000000	0.000000
444.999049	ecoli_genome	117.000000	0.000000	0.000000
444.999049	ecoli_transcript	33501.000000	0.000000	0.000000
444.999049	ecolipol	26.000000	0.000000	0.000000
444.999049	gene_A	270.000000	326.000000	0.021472
444.999049	gene_A*	167.000000	315.000000	0.031746
444.999049	gene_B	136.000000	303.000000	0.003300
444.999049	gene_C	116.000000	292.000000	0.000000
444.999049	gene_D	121.000000	287.000000	0.000000
444.999049	gene_E	110.000000	282.000000	0.003546
444.999049	gene_F	65.000000	197.000000	0.040609
444.999049	gene_G	33.000000	140.000000	0.050000
444.999049	gene_H	0.000000	94.000000	0.297872
444.999049	gene_J	90.000000	276.000000	0.134058
444.999049	gene_K	114.000000	294.000000	0.003401
444.999049	promoter_A	0.000000	0.000000	0.000000
444.999049	promoter_B1	0.000000	0.000000	0.000000
444.999049	promoter_D	0.000000	0.000000	0.000000
449.999095	__gene_A*_rbs	317.000000	0.000000	0.000000
449.999095	__gene_A_rbs	330.000000	0.000000	0.000000
449.999095	__gene_B_rbs	307.000000	0.000000	0.000000
449.999095	__gene_C_rbs	296.000000	0.000000	0.000000
449.999095	__gene_D_rbs	290.000000	0.000000	0.000000
449.999095	__gene_E_rbs	286.000000	0.000000	0.000000
449.999095	__gene_F_rbs	199.000000	0.000000	0.000000
449.999095	__gene_G_rbs	143.000000	0.000000	0.000000
449.999095	__gene_H_rbs	94.000000	0.000000	0.000000
449.999095	__gene_J_rbs	280.000000	0.000000	0.000000
449.999095	__gene_K_rbs	298.000000	0.000000	0.000000
449.999095	__ribosome	0.000000	0.000000	0.000000
449.999095	bound_ecolipol	1876.000000	0.000000	0.000000
449.999095	bound_ribosome	100.000000	0.000000	0.000000
449.999095	ecoli_genome	124.000000	0.000000	0.000000
449.999095	ecoli_transcript	33889.000000	0.000000	0.000000
449.999095	ecolipol	33.000000	0.000000	0.000000
449.999095	gene_A	272.000000	330.000000	0.015152
449.999095	gene_A*	169.000000	318.000000	0.028302
449.999095	gene_B	136.000000	307.000000	0.006515
449.999095	gene_C	116.000000	296.000000	0.003378
449.999095	gene_D	121.000000	290.000000	0.000000
449.999095	gene_E	111.000000	286.000000	0.003497
449.999095	gene_F	65.000000	199.000000	0.040201
449.999095	gene_G	33.000000	143.000000	0.048951
449.999095	gene_H	0.000000	94.000000	0.297872
449.999095	gene_J	90.000000	280.000000	0.132143
449.999095	gene_K	115.000000	298.000000	0.006711
449.999095	promoter_A	0.000000	0.000000	0.000000
449.999095	promoter_B1	0.000000	0.000000	0.000000
449.999095	promoter_D	0.000000	0.000000	0.000000
454.999083	__gene_A*_rbs	322.000000	0.000000	0.000000
454.999083	__gene_A_rbs	334.000000	0.000000	0.000000
454.999083	__gene_B_rbs	311.000000	0.000000	0.000000
454.999083	__gene_C_rbs	299.000000	0.000000	0.000000
454.999083	__gene_D_rbs	294.000000	0.000000	0.000000
454.999083	__gene_E_rbs	290.000000	0.000000	0.000000
454.999083	__gene_F_rbs	203.000000	0.000000	0.000000
454.999083	__gene_G_rbs	146.000000	0.000000	0.000000
454.999083	__gene_H_rbs	96.000000	0.000000	0.000000
454.999083	__gene_J_rbs	282.000000	0.000000	0.000000
454.999083	__gene_K_rbs	301.000000	0.000000	0.000000
454.999083	__ribosome	0.000000	0.000000	0.000000
454.999083	bound_ecolipol	1868.000000	0.000000	0.000000
454.999083	bound_ribosome	100.000000	0.000000	0.000000
454.999083	ecoli_genome	132.000000	0.000000	0.000000
454.999083	ecoli_transcript	34243.000000	0.000000	0.000000
454.999083	ecolipol	39.000000	0.000000	0.000000
454.999083	gene_A	273.000000	334.000000	0.020958
454.999083	gene_A*	172.000000	322.000000	0.018634
454.999083	gene_B	136.000000	311.000000	0.006431
454.999083	gene_C	116.000000	299.000000	0.003344
454.999083	gene_D	121.000000	294.000000	0.006803
454.999083	gene_E	111.000000	290.000000	0.006897
454.999083	gene_F	67.000000	203.000000	0.029557
454.999083	gene_G	34.000000	146.000000	0.041096
454.999083	gene_H	0.000000	96.000000	0.291667
454.999083	gene_J	90.000000	283.000000	0.137809
454.999083	gene_K	117.000000	301.000000	0.003322
454.999083	promoter_A	0.000000	0.000000	0.000000
454.999083	promoter_B1	0.000000	0.000000	0.000000
454.999083	promoter_D	0.000000	0.000000	0.000000
459.999004	__gene_A*_rbs	325.000000	0.000000	0.000000
459.999004	__gene_A_rbs	337.000000	0.000000	0.000000
459.999004	__gene_B_rbs	314.000000	0.000000	0.000000
459.999004	__gene_C_rbs	302.000000	0.000000	0.000000
459.999004	__gene_D_rbs	298.000000	0.000000	0.000000
459.999004	__gene_E_rbs	294.000000	0.000000	0.000000
459.999004	__gene_F_rbs	207.000000	0.000000	0.000000
459.999004	__gene_G_rbs	149.000000	0.000000	0.000000
459.999004	__gene_H_rbs	98.000000	0.000000	0.000000
459.999004	__gene_J_rbs	287.000000	0.000000	0.000000
459.999004	__gene_K_rbs	305.000000	0.000000	0.000000
459.999004	__ribosome	0.000000	0.000000	0.000000
459.999004	bound_ecolipol	1870.000000	0.000000	0.000000
459.999004	bound_ribosome	100.000000	0.000000	0.000000
459.999004	ecoli_genome	130.000000	0.000000	0.000000
459.999004	ecoli_transcript	34596.000000	0.000000	0.000000
459.999004	ecolipol	35.000000	0.000000	0.000000
459.999004	gene_A	273.000000	337.000000	0.026706
459.999004	gene_A*	172.000000	325.000000	0.018462
459.999004	gene_B	137.000000	314.000000	0.006369
459.999004	gene_C	117.000000	303.000000	0.006601
459.999004	gene_D	121.000000	298.000000	0.006711
459.999004	gene_E	112.000000	294.000000	0.010204
459.999004	gene_F	71.000000	207.000000	0.014493
459.999004	gene_G	34.000000	149.000000	0.046980
459.999004	gene_H	0.000000	98.000000	0.295918
459.999004	gene_J	92.000000	287.000000	0.128920
459.999004	gene_K	118.000000	305.000000	0.000000
459.999004	promoter_A	0.000000	0.000000	0.000000
459.999004	promoter_B1	0.000000	0.000000	0.000000
459.999004	promoter_D	0.000000	0.000000	0.000000
464.999120	__gene_A*_rbs	329.000000	0.000000	0.000000
464.999120	__gene_A_rbs	341.000000	0.000000	0.000000
464.999120	__gene_B_rbs	318.000000	0.000000	0.000000
464.999120	__gene_C_rbs	307.000000	0.000000	0.000000
464.999120	__gene_D_rbs	301.000000	0.000000	0.000000
464.999120	__gene_E_rbs	297.000000	0.000000	0.000000
464.999120	__gene_F_rbs	208.000000	0.000000	0.000000
464.999120	__gene_G_rbs	150.000000	0.000000	0.000000
464.999120	__gene_H_rbs	100.000000	0.000000	0.000000
464.999120	__gene_J_rbs	290.000000	0.000000	0.000000
464.999120	__gene_K_rbs	309.000000	0.000000	0.000000
464.999120	__ribosome	0.000000	0.000000	0.000000
464.999120	bound_ecolipol	1870.000000	0.000000	0.000000
464.999120	bound_ribosome	100.000000	0.000000	0.000000
464.999120	ecoli_genome	130.000000	0.000000	0.000000
464.999120	ecoli_transcript	34973.000000	0.000000	0.000000
464.999120	ecolipol	36.000000	0.000000	0.000000
464.999120	gene_A	274.000000	341.000000	0.035191
464.999120	gene_A*	175.000000	329.000000	0.009119
464.999120	gene_B	138.000000	318.000000	0.003145
464.999120	gene_C	118.000000	307.000000	0.003257
464.999120	gene_D	121.000000	302.000000	0.013245
464.999120	gene_E	114.000000	297.000000	0.003367
464.999120	gene_F	71.000000	208.000000	0.014423
464.999120	gene_G	35.000000	150.000000	0.040000
464.999120	gene_H	0.000000	100.000000	0.300000
464.999120	gene_J	92.000000	290.000000	0.127586
464.999120	gene_K	118.000000	309.000000	0.006472
464.999120	promoter_A	0.000000	0.000000	0.000000
464.999120	promoter_B1	0.000000	0.000000	0.000000
464.999120	promoter_D	0.000000	0.000000	0.000000
469.999016	__gene_A*_rbs	333.000000	0.000000	0.000000
469.999016	__gene_A_rbs	345.000000	0.000000	0.000000
469.999016	__gene_B_rbs	322.000000	0.000000	0.000000
469.999016	__gene_C_rbs	310.000000	0.000000	0.000000
469.999016	__gene_D_rbs	306.000000	0.000000	0.000000
469.999016	__gene_E_rbs	301.000000	0.000000	0.000000
469.999016	__gene_F_rbs	210.000000	0.000000	0.000000
469.999016	__gene_G_rbs	152.000000	0.000000	0.000000
469.999016	__gene_H_rbs	102.000000	0.000000	0.000000
469.999016	__gene_J_rbs	294.000000	0.000000	0.000000
469.999016	__gene_K_rbs	313.000000	0.000000	0.000000
469.999016	__ribosome	0.000000	0.000000	0.000000
469.999016	bound_ecolipol	1871.000000	0.000000	0.000000
469.999016	bound_ribosome	100.000000	0.000000	0.000000
469.999016	ecoli_genome	129.000000	0.000000	0.000000
469.999016	ecoli_transcript	35335.000000	0.000000	0.000000
469.999016	ecolipol	36.000000	0.000000	0.000000
469.999016	gene_A	274.000000	345.000000	0.037681
469.999016	gene_A*	175.000000	333.000000	0.009009
469.999016	gene_B	139.000000	322.000000	0.009317
469.999016	gene_C	119.000000	311.000000	0.000000
469.999016	gene_D	123.000000	306.000000	0.006536
469.999016	gene_E	115.000000	301.000000	0.003322
469.999016	gene_F	72.000000	210.000000	0.009524
469.999016	gene_G	35.000000	152.000000	0.039474
469.999016	gene_H	0.000000	102.000000	0.303922
469.999016	gene_J	92.000000	294.000000	0.129252
469.999016	gene_K	120.000000	313.000000	0.003195
469.999016	promoter_A	0.000000	0.000000	0.000000
469.999016	promoter_B1	0.000000	0.000000	0.000000
469.999016	promoter_D	0.000000	0.000000	0.000000
474.999150	__gene_A*_rbs	335.000000	0.000000	0.000000
474.999150	__gene_A_rbs	348.000000	0.000000	0.000000
474.999150	__gene_B_rbs	325.000000	0.000000	0.000000
474.999150	__gene_C_rbs	314.000000	0.000000	0.000000
474.999150	__gene_D_rbs	309.000000	0.000000	0.000000
474.999150	__gene_E_rbs	305.000000	0.000000	0.000000
474.999150	__gene_F_rbs	213.000000	0.000000	0.000000
474.999150	__gene_G_rbs	152.000000	0.000000	0.000000
474.999150	__gene_H_rbs	103.000000	0.000000	0.000000
474.999150	__gene_J_rbs	297.000000	0.000000	0.000000
474.999150	__gene_K_rbs	316.000000	0.000000	0.000000
474.999150	__ribosome	0.000000	0.000000	0.000000
474.999150	bound_ecolipol	1867.000000	0.000000	0.000000
474.999150	bound_ribosome	100.000000	0.000000	0.000000
474.999150	ecoli_genome	133.000000	0.000000	0.000000
474.999150	ecoli_transcript	35715.000000	0.000000	0.000000
474.999150	ecolipol	40.000000	0.000000	0.000000
474.999150	gene_A	275.000000	348.000000	0.037356
474.999150	gene_A*	177.000000	336.000000	0.002976
474.999150	gene_B	139.000000	325.000000	0.009231
474.999150	gene_C	119.000000	315.000000	0.003175
474.999150	gene_D	123.000000	309.000000	0.006472
474.999150	gene_E	115.000000	305.000000	0.003279
474.999150	gene_F	72.000000	213.000000	0.014085
474.999150	gene_G	36.000000	152.000000	0.039474
474.999150	gene_H	0.000000	103.000000	0.300971
474.999150	gene_J	93.000000	298.000000	0.127517
474.999150	gene_K	121.000000	316.000000	0.003165
474.999150	promoter_A	0.000000	0.000000	0.000000
474.999150	promoter_B1	0.000000	0.000000	0.000000
474.999150	promoter_D	0.000000	0.000000	0.000000
479.999225	__gene_A*_rbs	340.000000	0.000000	0.000000
479.999225	__gene_A_rbs	352.000000	0.000000	0.000000
479.999225	__gene_B_rbs	329.000000	0.000000	0.000000
479.999225	__gene_C_rbs	317.000000	0.000000	0.000000
479.999225	__gene_D_rbs	313.000000	0.000000	0.000000
479.999225	__gene_E_rbs	309.000000	0.000000	0.000000
479.999225	__gene_F_rbs	215.000000	0.000000	0.000000
479.999225	__gene_G_rbs	153.000000	0.000000	0.000000
479.999225	__gene_H_rbs	106.000000	0.000000	0.000000
479.999225	__gene_J_rbs	302.000000	0.000000	0.000000
479.999225	__gene_K_rbs	320.000000	0.000000	0.000000
479.999225	__ribosome	1.000000	0.000000	0.000000
479.999225	bound_ecolipol	1868.000000	0.000000	0.000000
479.999225	bound_ribosome	100.000000	0.000000	0.000000
479.999225	ecoli_genome	132.000000	0.000000	0.000000
479.999225	ecoli_transcript	36093.000000	0.000000	0.000000
479.999225	ecolipol	41.000000	0.000000	0.000000
479.999225	gene_A	276.000000	352.000000	0.034091
479.999225	gene_A*	177.000000	340.000000	0.008824
479.999225	gene_B	141.000000	329.000000	0.003040
479.999225	gene_C	119.000000	318.000000	0.012579
479.999225	gene_D	124.000000	313.000000	0.003195
479.999225	gene_E	116.000000	309.000000	0.000000
479.999225	gene_F	72.000000	215.000000	0.013953
479.999225	gene_G	36.000000	153.000000	0.045752
479.999225	gene_H	0.000000	106.000000	0.292453
479.999225	gene_J	94.000000	302.000000	0.122517
479.999225	gene_K	122.000000	320.000000	0.000000
479.999225	promoter_A	0.000000	0.000000	0.000000
479.999225	promoter_B1	0.000000	0.000000	0.000000
479.999225	promoter_D	0.000000	0.000000	0.000000
484.999144	__gene_A*_rbs	344.000000	0.000000	0.000000
484.999144	__gene_A_rbs	356.000000	0.000000	0.000000
484.999144	__gene_B_rbs	333.000000	0.000000	0.000000
484.999144	__gene_C_rbs	322.000000	0.000000	0.000000
484.999144	__gene_D_rbs	317.000000	0.000000	0.000000
484.999144	__gene_E_rbs	312.000000	0.000000	0.000000
484.999144	__gene_F_rbs	217.000000	0.000000	0.000000
484.999144	__gene_G_rbs	155.000000	0.000000	0.000000
484.999144	__gene_H_rbs	106.000000	0.000000	0.000000
484.999144	__gene_J_rbs	306.000000	0.000000	0.000000
484.999144	__gene_K_rbs	323.000000	0.000000	0.000000
484.999144	__ribosome	0.000000	0.000000	0.000000
484.999144	bound_ecolipol	1869.000000	0.000000	0.000000
484.999144	bound_ribosome	100.000000	0.000000	0.000000
484.999144	ecoli_genome	131.000000	0.000000	0.000000
484.999144	ecoli_transcript	36472.000000	0.000000	0.000000
484.999144	ecolipol	37.000000	0.000000	0.000000
484.999144	gene_A	276.000000	356.000000	0.033708
484.999144	gene_A*	178.000000	344.000000	0.008721
484.999144	gene_B	142.000000	333.000000	0.000000
484.999144	gene_C	120.000000	322.000000	0.009317
484.999144	gene_D	125.000000	317.000000	0.000000
484.999144	gene_E	116.000000	312.000000	0.009615
484.999144	gene_F	72.000000	217.000000	0.013825
484.999144	gene_G	36.000000	156.000000	0.051282
484.999144	gene_H	0.000000	106.000000	0.292453
484.999144	gene_J	95.000000	306.000000	0.120915
484.999144	gene_K	122.000000	324.000000	0.000000
484.999144	promoter_A	0.000000	0.000000	0.000000
484.999144	promoter_B1	0.000000	0.000000	0.000000
484.999144	promoter_D	0.000000	0.000000	0.000000
489.999036	__gene_A*_rbs	348.000000	0.000000	0.000000
489.999036	__gene_A_rbs	359.000000	0.000000	0.000000
489.999036	__gene_B_rbs	336.000000	0.000000	0.000000
489.999036	__gene_C_rbs	325.000000	0.000000	0.000000
489.999036	__gene_D_rbs	320.000000	0.000000	0.000000
489.999036	__gene_E_rbs	316.000000	0.000000	0.000000
489.999036	__gene_F_rbs	221.000000	0.000000	0.000000
489.999036	__gene_G_rbs	159.000000	0.000000	0.000000
489.999036	__gene_H_rbs	107.000000	0.000000	0.000000
489.999036	__gene_J_rbs	309.000000	0.000000	0.000000
489.999036	__gene_K_rbs	328.000000	0.000000	0.000000
489.999036	__ribosome	0.000000	0.000000	0.000000
489.999036	bound_ecolipol	1880.000000	0.000000	0.000000
489.999036	bound_ribosome	100.000000	0.000000	0.000000
489.999036	ecoli_genome	120.000000	0.000000	0.000000
489.999036	ecoli_transcript	36837.000000	0.000000	0.000000
489.999036	ecolipol	27.000000	0.000000	0.000000
489.999036	gene_A	277.000000	360.000000	0.033333
489.999036	gene_A*	178.000000	348.000000	0.011494
489.999036	gene_B	142.000000	336.000000	0.000000
489.999036	gene_C	123.000000	325.000000	0.003077
489.999036	gene_D	125.000000	320.000000	0.000000
489.999036	gene_E	117.000000	316.000000	0.009494
489.999036	gene_F	73.000000	221.000000	0.013575
489.999036	gene_G	37.000000	159.000000	0.044025
489.999036	gene_H	0.000000	107.000000	0.299065
489.999036	gene_J	95.000000	309.000000	0.122977
489.999036	gene_K	122.000000	328.000000	0.000000
489.999036	promoter_A	0.000000	0.000000	0.000000
489.999036	promoter_B1	0.000000	0.000000	0.000000
489.999036	promoter_D	0.000000	0.000000	0.000000
494.999102	__gene_A*_rbs	351.000000	0.000000	0.000000
494.999102	__gene_A_rbs	363.000000	0.000000	0.000000
494.999102	__gene_B_rbs	338.000000	0.000000	0.000000
494.999102	__gene_C_rbs	329.000000	0.000000	0.000000
494.999102	__gene_D_rbs	324.000000	0.000000	0.000000
494.999102	__gene_E_rbs	320.000000	0.000000	0.000000
494.999102	__gene_F_rbs	223.000000	0.000000	0.000000
494.999102	__gene_G_rbs	162.000000	0.000000	0.000000
494.999102	__gene_H_rbs	107.000000	0.000000	0.000000
494.999102	__gene_J_rbs	313.000000	0.000000	0.000000
494.999102	__gene_K_rbs	331.000000	0.000000	0.000000
494.999102	__ribosome	0.000000	0.000000	0.000000
494.999102	bound_ecolipol	1868.000000	0.000000	0.000000
494.999102	bound_ribosome	100.000000	0.000000	0.000000
494.999102	ecoli_genome	132.000000	0.000000	0.000000
494.999102	ecoli_transcript	37239.000000	0.000000	0.000000
494.999102	ecolipol	40.000000	0.000000	0.000000
494.999102	gene_A	277.000000	363.000000	0.033058
494.999102	gene_A*	178.000000	351.000000	0.011396
494.999102	gene_B	142.000000	340.000000	0.000000
494.999102	gene_C	123.000000	329.000000	0.006079
494.999102	gene_D	125.000000	324.000000	0.000000
494.999102	gene_E	119.000000	320.000000	0.006250
494.999102	gene_F	73.000000	223.000000	0.017937
494.999102	gene_G	37.000000	162.000000	0.043210
494.999102	gene_H	0.000000	107.000000	0.299065
494.999102	gene_J	96.000000	313.000000	0.118211
494.999102	gene_K	122.000000	331.000000	0.000000
494.999102	promoter_A	0.000000	0.000000	0.000000
494.999102	promoter_B1	0.000000	0.000000	0.000000
494.999102	promoter_D	0.000000	0.000000	0.000000
499.999099	__gene_A*_rbs	354.000000	0.000000	0.000000
499.999099	__gene_A_rbs	367.000000	0.000000	0.000000
499.999099	__gene_B_rbs	343.000000	0.000000	0.000000
499.999099	__gene_C_rbs	333.000000	0.000000	0.000000
499.999099	__gene_D_rbs	327.000000	0.000000	0.000000
499.999099	__gene_E_rbs	323.000000	0.000000	0.000000
499.999099	__gene_F_rbs	223.000000	0.000000	0.000000
499.999099	__gene_G_rbs	164.000000	0.000000	0.000000
499.999099	__gene_H_rbs	109.000000	0.000000	0.000000
499.999099	__gene_J_rbs	316.000000	0.000000	0.000000
499.999099	__gene_K_rbs	334.000000	0.000000	0.000000
499.999099	__ribosome	0.000000	0.000000	0.000000
499.999099	bound_ecolipol	1881.000000	0.000000	0.000000
499.999099	bound_ribosome	100.000000	0.000000	0.000000
499.999099	ecoli_genome	119.000000	0.000000	0.000000
499.999099	ecoli_transcript	37615.000000	0.000000	0.000000
499.999099	ecolipol	29.000000	0.000000	0.000000
499.999099	gene_A	277.000000	367.000000	0.032698
499.999099	gene_A*	178.000000	354.000000	0.011299
499.999099	gene_B	142.000000	344.000000	0.002907
499.999099	gene_C	125.000000	333.000000	0.000000
499.999099	gene_D	125.000000	327.000000	0.003058
499.999099	gene_E	120.000000	323.000000	0.003096
499.999099	gene_F	74.000000	224.000000	0.022321
499.999099	gene_G	38.000000	164.000000	0.036585
499.999099	gene_H	0.000000	109.000000	0.293578
499.999099	gene_J	96.000000	317.000000	0.116719
499.999099	gene_K	122.000000	335.000000	0.002985
499.999099	promoter_A	0.000000	0.000000	0.000000
499.999099	promoter_B1	0.000000	0.000000	0.000000
499.999099	promoter_D	0.000000	0.000000	0.000000
504.999065	__gene_A*_rbs	358.000000	0.000000	0.000000
504.999065	__gene_A_rbs	370.000000	0.000000	0.000000
504.999065	__gene_B_rbs	348.000000	0.000000	0.000000
504.999065	__gene_C_rbs	337.000000	0.000000	0.000000
504.999065	__gene_D_rbs	331.000000	0.000000	0.000000
504.999065	__gene_E_rbs	326.000000	0.000000	0.000000
504.999065	__gene_F_rbs	227.000000	0.000000	0.000000
504.999065	__gene_G_rbs	167.000000	0.000000	0.000000
504.999065	__gene_H_rbs	110.000000	0.000000	0.000000
504.999065	__gene_J_rbs	321.000000	0.000000	0.000000
504.999065	__gene_K_rbs	338.000000	0.000000	0.000000
504.999065	__ribosome	0.000000	0.000000	0.000000
504.999065	bound_ecolipol	1874.000000	0.000000	0.000000
504.999065	bound_ribosome	100.000000	0.000000	0.000000
504.999065	ecoli_genome	126.000000	0.000000	0.000000
504.999065	ecoli_transcript	37988.000000	0.000000	0.000000
504.999065	ecolipol	36.000000	0.000000	0.000000
504.999065	gene_A	279.000000	370.000000	0.027027
504.999065	gene_A*	178.000000	358.000000	0.011173
504.999065	gene_B	142.000000	348.000000	0.002874
504.999065	gene_C	125.000000	337.000000	0.002967
504.999065	gene_D	125.000000	331.000000	0.003021
504.999065	gene_E	121.000000	327.000000	0.003058
504.999065	gene_F	74.000000	227.000000	0.035242
504.999065	gene_G	39.000000	167.000000	0.029940
504.999065	gene_H	0.000000	110.000000	0.290909
504.999065	gene_J	96.000000	321.000000	0.115265
504.999065	gene_K	123.000000	339.000000	0.000000
504.999065	promoter_A	0.000000	0.000000	0.000000
504.999065	promoter_B1	0.000000	0.000000	0.000000
504.999065	promoter_D	0.000000	0.000000	0.000000
509.999184	__gene_A*_rbs	361.000000	0.000000	0.000000
509.999184	__gene_A_rbs	374.000000	0.000000	0.000000
509.999184	__gene_B_rbs	352.000000	0.000000	0.000000
509.999184	__gene_C_rbs	340.000000	0.000000	0.000000
509.999184	__gene_D_rbs	335.000000	0.000000	0.000000
509.999184	__gene_E_rbs	331.000000	0.000000	0.000000
509.999184	__gene_F_rbs	230.000000	0.000000	0.000000
509.999184	__gene_G_rbs	168.000000	0.000000	0.000000
509.999184	__gene_H_rbs	111.000000	0.000000	0.000000
509.999184	__gene_J_rbs	325.000000	0.000000	0.000000
509.999184	__gene_K_rbs	339.000000	0.000000	0.000000
509.999184	__ribosome	0.000000	0.000000	0.000000
509.999184	bound_ecolipol	1875.000000	0.000000	0.000000
509.999184	bound_ribosome	100.000000	0.000000	0.000000
509.999184	ecoli_genome	125.000000	0.000000	0.000000
509.999184	ecoli_transcript	38384.000000	0.000000	0.000000
509.999184	ecolipol	35.000000	0.000000	0.000000
509.999184	gene_A	281.000000	374.000000	0.024064
509.999184	gene_A*	178.000000	361.000000	0.011080
509.999184	gene_B	143.000000	352.000000	0.000000
509.999184	gene_C	125.000000	340.000000	0.002941
509.999184	gene_D	125.000000	335.000000	0.002985
509.999184	gene_E	122.000000	331.000000	0.003021
509.999184	gene_F	74.000000	230.000000	0.034783
509.999184	gene_G	39.000000	168.000000	0.029762
509.999184	gene_H	0.000000	111.000000	0.288288
509.999184	gene_J	96.000000	325.000000	0.113846
509.999184	gene_K	123.000000	342.000000	0.005848
509.999184	promoter_A	0.000000	0.000000	0.000000
509.999184	promoter_B1	0.000000	0.000000	0.000000
509.999184	promoter_D	0.000000	0.000000	0.000000
514.999000	__gene_A*_rbs	364.000000	0.000000	0.000000
514.999000	__gene_A_rbs	378.000000	0.000000	0.000000
514.999000	__gene_B_rbs	355.000000	0.000000	0.000000
514.999000	__gene_C_rbs	343.000000	0.000000	0.000000
514.999000	__gene_D_rbs	338.000000	0.000000	0.000000
514.999000	__gene_E_rbs	334.000000	0.000000	0.000000
514.999000	__gene_F_rbs	232.000000	0.000000	0.000000
514.999000	__gene_G_rbs	171.000000	0.000000	0.000000
514.999000	__gene_H_rbs	113.000000	0.000000	0.000000
514.999000	__gene_J_rbs	327.000000	0.000000	0.000000
514.999000	__gene_K_rbs	346.000000	0.000000	0.000000
514.999000	__ribosome	0.000000	0.000000	0.000000
514.999000	bound_ecolipol	1865.000000	0.000000	0.000000
514.999000	bound_ribosome	100.000000	0.000000	0.000000
514.999000	ecoli_genome	135.000000	0.000000	0.000000
514.999000	ecoli_transcript	38774.000000	0.000000	0.000000
514.999000	ecolipol	45.000000	0.000000	0.000000
514.999000	gene_A	284.000000	378.000000	0.018519
514.999000	gene_A*	180.000000	365.000000	0.010959
514.999000	gene_B	143.000000	355.000000	0.000000
514.999000	gene_C	126.000000	344.000000	0.002907
514.999000	gene_D	126.000000	338.000000	0.000000
514.999000	gene_E	122.000000	334.000000	0.005988
514.999000	gene_F	74.000000	232.000000	0.034483
514.999000	gene_G	39.000000	171.000000	0.035088
514.999000	gene_H	0.000000	113.000000	0.283186
514.999000	gene_J	96.000000	328.000000	0.121951
514.999000	gene_K	125.000000	346.000000	0.000000
514.999000	promoter_A	0.000000	0.000000	0.000000
514.999000	promoter_B1	0.000000	0.000000	0.000000
514.999000	promoter_D	0.000000	0.000000	0.000000
519.999142	__gene_A*_rbs	368.000000	0.000000	0.000000
519.999142	__gene_A_rbs	382.000000	0.000000	0.000000
519.999142	__gene_B_rbs	359.000000	0.000000	0.000000
519.999142	__gene_C_rbs	348.000000	0.000000	0.000000
519.999142	__gene_D_rbs	341.000000	0.000000	0.000000
519.999142	__gene_E_rbs	338.000000	0.000000	0.000000
519.999142	__gene_F_rbs	234.000000	0.000000	0.000000
519.999142	__gene_G_rbs	174.000000	0.000000	0.000000
519.999142	__gene_H_rbs	115.000000	0.000000	0.000000
519.999142	__gene_J_rbs	331.000000	0.000000	0.000000
519.999142	__gene_K_rbs	350.000000	0.000000	0.000000
519.999142	__ribosome	0.000000	0.000000	0.000000
519.999142	bound_ecolipol	1878.000000	0.000000	0.000000
519.999142	bound_ribosome	100.000000	0.000000	0.000000
519.999142	ecoli_genome	122.000000	0.000000	0.000000
519.999142	ecoli_transcript	39155.000000	0.000000	0.000000
519.999142	ecolipol	30.000000	0.000000	0.000000
519.999142	gene_A	288.000000	382.000000	0.010471
519.999142	gene_A*	181.000000	369.000000	0.018970
519.999142	gene_B	143.000000	359.000000	0.000000
519.999142	gene_C	126.000000	348.000000	0.005747
519.999142	gene_D	126.000000	342.000000	0.000000
519.999142	gene_E	123.000000	338.000000	0.005917
519.999142	gene_F	75.000000	234.000000	0.034188
519.999142	gene_G	39.000000	174.000000	0.040230
519.999142	gene_H	0.000000	115.000000	0.278261
519.999142	gene_J	98.000000	331.000000	0.114804
519.999142	gene_K	125.000000	350.000000	0.000000
519.999142	promoter_A	0.000000	0.000000	0.000000
519.999142	promoter_B1	0.000000	0.000000	0.000000
519.999142	promoter_D	0.000000	0.000000	0.000000
524.999057	__gene_A*_rbs	372.000000	0.000000	0.000000
524.999057	__gene_A_rbs	386.000000	0.000000	0.000000
524.999057	__gene_B_rbs	362.000000	0.000000	0.000000
524.999057	__gene_C_rbs	351.000000	0.000000	0.000000
524.999057	__gene_D_rbs	346.000000	0.000000	0.000000
524.999057	__gene_E_rbs	342.000000	0.000000	0.000000
524.999057	__gene_F_rbs	236.000000	0.000000	0.000000
524.999057	__gene_G_rbs	176.000000	0.000000	0.000000
524.999057	__gene_H_rbs	116.000000	0.000000	0.000000
524.999057	__gene_J_rbs	335.000000	0.000000	0.000000
524.999057	__gene_K_rbs	354.000000	0.000000	0.000000
524.999057	__ribosome	0.000000	0.000000	0.000000
524.999057	bound_ecolipol	1872.000000	0.000000	0.000000
524.999057	bound_ribosome	100.000000	0.000000	0.000000
524.999057	ecoli_genome	128.000000	0.000000	0.000000
524.999057	ecoli_transcript	39518.000000	0.000000	0.000000
524.999057	ecolipol	36.000000	0.000000	0.000000
524.999057	gene_A	288.000000	386.000000	0.012953
524.999057	gene_A*	182.000000	372.000000	0.016129
524.999057	gene_B	143.000000	362.000000	0.000000
524.999057	gene_C	127.000000	351.000000	0.005698
524.999057	gene_D	126.000000	346.000000	0.000000
524.999057	gene_E	124.000000	342.000000	0.005848
524.999057	gene_F	75.000000	236.000000	0.033898
524.999057	gene_G	39.000000	176.000000	0.039773
524.999057	gene_H	0.000000	116.000000	0.275862
524.999057	gene_J	98.000000	335.000000	0.113433
524.999057	gene_K	125.000000	354.000000	0.000000
524.999057	promoter_A	0.000000	0.000000	0.000000
524.999057	promoter_B1	0.000000	0.000000	0.000000
524.999057	promoter_D	0.000000	0.000000	0.000000
529.999194	__gene_A*_rbs	375.000000	0.000000	0.000000
529.999194	__gene_A_rbs	389.000000	0.000000	0.000000
529.999194	__gene_B_rbs	365.000000	0.000000	0.000000
529.999194	__gene_C_rbs	355.000000	0.000000	0.000000
529.999194	__gene_D_rbs	350.000000	0.000000	0.000000
529.999194	__gene_E_rbs	346.000000	0.000000	0.000000
529.999194	__gene_F_rbs	239.000000	0.000000	0.000000
529.999194	__gene_G_rbs	178.000000	0.000000	0.000000
529.999194	__gene_H_rbs	117.000000	0.000000	0.000000
529.999194	__gene_J_rbs	339.000000	0.000000	0.000000
529.999194	__gene_K_rbs	357.000000	0.000000	0.000000
529.999194	__ribosome	0.000000	0.000000	0.000000
529.999194	bound_ecolipol	1867.000000	0.000000	0.000000
529.999194	bound_ribosome	100.000000	0.000000	0.000000
529.999194	ecoli_genome	133.000000	0.000000	0.000000
529.999194	ecoli_transcript	39874.000000	0.000000	0.000000
529.999194	ecolipol	39.000000	0.000000	0.000000
529.999194	gene_A	288.000000	389.000000	0.012853
529.999194	gene_A*	182.000000	376.000000	0.018617
529.999194	gene_B	143.000000	366.000000	0.002732
529.999194	gene_C	129.000000	355.000000	0.000000
529.999194	gene_D	126.000000	350.000000	0.002857
529.999194	gene_E	125.000000	346.000000	0.002890
529.999194	gene_F	75.000000	239.000000	0.033473
529.999194	gene_G	39.000000	178.000000	0.039326
529.999194	gene_H	0.000000	117.000000	0.273504
529.999194	gene_J	98.000000	339.000000	0.112094
529.999194	gene_K	125.000000	357.000000	0.000000
529.999194	promoter_A	0.000000	0.000000	0.000000
529.999194	promoter_B1	0.000000	0.000000	0.000000
529.999194	promoter_D	0.000000	0.000000	0.000000
534.999110	__gene_A*_rbs	380.000000	0.000000	0.000000
534.999110	__gene_A_rbs	393.000000	0.000000	0.000000
534.999110	__gene_B_rbs	370.000000	0.000000	0.000000
534.999110	__gene_C_rbs	359.000000	0.000000	0.000000
534.999110	__gene_D_rbs	353.000000	0.000000	0.000000
534.999110	__gene_E_rbs	349.000000	0.000000	0.000000
534.999110	__gene_F_rbs	243.000000	0.000000	0.000000
534.999110	__gene_G_rbs	180.000000	0.000000	0.000000
534.999110	__gene_H_rbs	118.000000	0.000000	0.000000
534.999110	__gene_J_rbs	343.000000	0.000000	0.000000
534.999110	__gene_K_rbs	360.000000	0.000000	0.000000
534.999110	__ribosome	0.000000	0.000000	0.000000
534.999110	bound_ecolipol	1868.000000	0.000000	0.000000
534.999110	bound_ribosome	100.000000	0.000000	0.000000
534.999110	ecoli_genome	132.000000	0.000000	0.000000
534.999110	ecoli_transcript	40237.000000	0.000000	0.000000
534.999110	ecolipol	41.000000	0.000000	0.000000
534.999110	gene_A	288.000000	393.000000	0.012723
534.999110	gene_A*	182.000000	380.000000	0.023684
534.999110	gene_B	143.000000	370.000000	0.002703
534.999110	gene_C	129.000000	359.000000	0.000000
534.999110	gene_D	126.000000	353.000000	0.005666
534.999110	gene_E	126.000000	349.000000	0.002865
534.999110	gene_F	77.000000	243.000000	0.024691
534.999110	gene_G	40.000000	180.000000	0.033333
534.999110	gene_H	0.000000	118.000000	0.271186
534.999110	gene_J	98.000000	343.000000	0.110787
534.999110	gene_K	125.000000	361.000000	0.000000
534.999110	promoter_A	0.000000	0.000000	0.000000
534.999110	promoter_B1	0.000000	0.000000	0.000000
534.999110	promoter_D	0.000000	0.000000	0.000000
539.999050	__gene_A*_rbs	384.000000	0.000000	0.000000
539.999050	__gene_A_rbs	396.000000	0.000000	0.000000
539.999050	__gene_B_rbs	372.000000	0.000000	0.000000
539.999050	__gene_C_rbs	362.000000	0.000000	0.000000
539.999050	__gene_D_rbs	357.000000	0.000000	0.000000
539.999050	__gene_E_rbs	353.000000	0.000000	0.000000
539.999050	__gene_F_rbs	245.000000	0.000000	0.000000
539.999050	__gene_G_rbs	181.000000	0.000000	0.000000
539.999050	__gene_H_rbs	120.000000	0.000000	0.000000
539.999050	__gene_J_rbs	347.000000	0.000000	0.000000
539.999050	__gene_K_rbs	365.000000	0.000000	0.000000
539.999050	__ribosome	0.000000	0.000000	0.000000
539.999050	bound_ecolipol	1867.000000	0.000000	0.000000
539.999050	bound_ribosome	100.000000	0.000000	0.000000
539.999050	ecoli_genome	133.000000	0.000000	0.000000
539.999050	ecoli_transcript	40611.000000	0.000000	0.000000
539.999050	ecolipol	41.000000	0.000000	0.000000
539.999050	gene_A	289.000000	396.000000	0.012626
539.999050	gene_A*	182.000000	384.000000	0.026042
539.999050	gene_B	144.000000	373.000000	0.002681
539.999050	gene_C	129.000000	362.000000	0.000000
539.999050	gene_D	126.000000	357.000000	0.005602
539.999050	gene_E	126.000000	353.000000	0.002833
539.999050	gene_F	78.000000	245.000000	0.020408
539.999050	gene_G	40.000000	181.000000	0.033149
539.999050	gene_H	0.000000	120.000000	0.266667
539.999050	gene_J	98.000000	347.000000	0.109510
539.999050	gene_K	125.000000	365.000000	0.000000
539.999050	promoter_A	0.000000	0.000000	0.000000
539.999050	promoter_B1	0.000000	0.000000	0.000000
539.999050	promoter_D	0.000000	0.000000	0.000000
544.999009	__gene_A*_rbs	387.000000	0.000000	0.000000
544.999009	__gene_A_rbs	399.000000	0.000000	0.000000
544.999009	__gene_B_rbs	377.000000	0.000000	0.000000
544.999009	__gene_C_rbs	365.000000	0.000000	0.000000
544.999009	__gene_D_rbs	361.000000	0.000000	0.000000
544.999009	__gene_E_rbs	357.000000	0.000000	0.000000
544.999009	__gene_F_rbs	249.000000	0.000000	0.000000
544.999009	__gene_G_rbs	183.000000	0.000000	0.000000
544.999009	__gene_H_rbs	120.000000	0.000000	0.000000
544.999009	__gene_J_rbs	350.000000	0.000000	0.000000
544.999009	__gene_K_rbs	369.000000	0.000000	0.000000
544.999009	__ribosome	0.000000	0.000000	0.000000
544.999009	bound_ecolipol	1874.000000	0.000000	0.000000
544.999009	bound_ribosome	100.000000	0.000000	0.000000
544.999009	ecoli_genome	126.000000	0.000000	0.000000
544.999009	ecoli_transcript	40987.000000	0.000000	0.000000
544.999009	ecolipol	36.000000	0.000000	0.000000
544.999009	gene_A	289.000000	400.000000	0.015000
544.999009	gene_A*	182.000000	387.000000	0.025840
544.999009	gene_B	144.000000	377.000000	0.005305
544.999009	gene_C	129.000000	366.000000	0.000000
544.999009	gene_D	127.000000	361.000000	0.002770
544.999009	gene_E	127.000000	357.000000	0.002801
544.999009	gene_F	81.000000	249.000000	0.008032
544.999009	gene_G	40.000000	183.000000	0.032787
544.999009	gene_H	0.000000	120.000000	0.266667
544.999009	gene_J	98.000000	350.000000	0.111429
544.999009	gene_K	125.000000	369.000000	0.002710
544.999009	promoter_A	0.000000	0.000000	0.000000
544.999009	promoter_B1	0.000000	0.000000	0.000000
544.999009	promoter_D	0.000000	0.000000	0.000000
549.999271	__gene_A*_rbs	391.000000	0.000000	0.000000
549.999271	__gene_A_rbs	404.000000	0.000000	0.000000
549.999271	__gene_B_rbs	378.000000	0.000000	0.000000
549.999271	__gene_C_rbs	370.000000	0.000000	0.000000
549.999271	__gene_D_rbs	365.000000	0.000000	0.000000
549.999271	__gene_E_rbs	361.000000	0.000000	0.000000
549.999271	__gene_F_rbs	252.000000	0.000000	0.000000
549.999271	__gene_G_rbs	185.000000	0.000000	0.000000
549.999271	__gene_H_rbs	121.000000	0.000000	0.000000
549.999271	__gene_J_rbs	354.000000	0.000000	0.000000
549.999271	__gene_K_rbs	371.000000	0.000000	0.000000
549.999271	__ribosome	0.000000	0.000000	0.000000
549.999271	bound_ecolipol	1881.000000	0.000000	0.000000
549.999271	bound_ribosome	100.000000	0.000000	0.000000
549.999271	ecoli_genome	119.000000	0.000000	0.000000
549.999271	ecoli_transcript	41347.000000	0.000000	0.000000
549.999271	ecolipol	28.000000	0.000000	0.000000
549.999271	gene_A	289.000000	404.000000	0.017327
549.999271	gene_A*	184.000000	391.000000	0.020460
549.999271	gene_B	144.000000	380.000000	0.005263
549.999271	gene_C	129.000000	370.000000	0.000000
549.999271	gene_D	128.000000	365.000000	0.002740
549.999271	gene_E	127.000000	361.000000	0.002770
549.999271	gene_F	82.000000	252.000000	0.003968
549.999271	gene_G	40.000000	185.000000	0.032432
549.999271	gene_H	0.000000	121.000000	0.264463
549.999271	gene_J	99.000000	354.000000	0.112994
549.999271	gene_K	126.000000	372.000000	0.005376
549.999271	promoter_A	0.000000	0.000000	0.000000
549.999271	promoter_B1	0.000000	0.000000	0.000000
549.999271	promoter_D	0.000000	0.000000	0.000000
554.999110	__gene_A*_rbs	394.000000	0.000000	0.000000
554.999110	__gene_A_rbs	407.000000	0.000000	0.000000
554.999110	__gene_B_rbs	384.000000	0.000000	0.000000
554.999110	__gene_C_rbs	373.000000	0.000000	0.000000
554.999110	__gene_D_rbs	368.000000	0.000000	0.000000
554.999110	__gene_E_rbs	364.000000	0.000000	0.000000
554.999110	__gene_F_rbs	256.000000	0.000000	0.000000
554.999110	__gene_G_rbs	188.000000	0.000000	0.000000
554.999110	__gene_H_rbs	122.000000	0.000000	0.000000
554.999110	__gene_J_rbs	358.000000	0.000000	0.000000
554.999110	__gene_K_rbs	376.000000	0.000000	0.000000
554.999110	__ribosome	0.000000	0.000000	0.000000
554.999110	bound_ecolipol	1868.000000	0.000000	0.000000
554.999110	bound_ribosome	100.000000	0.000000	0.000000
554.999110	ecoli_genome	132.000000	0.000000	0.000000
554.999110	ecoli_transcript	41732.000000	0.000000	0.000000
554.999110	ecolipol	40.000000	0.000000	0.000000
554.999110	gene_A	289.000000	407.000000	0.017199
554.999110	gene_A*	187.000000	395.000000	0.017722
554.999110	gene_B	145.000000	384.000000	0.002604
554.999110	gene_C	129.000000	374.000000	0.000000
554.999110	gene_D	128.000000	368.000000	0.002717
554.999110	gene_E	128.000000	364.000000	0.000000
554.999110	gene_F	82.000000	256.000000	0.011719
554.999110	gene_G	40.000000	188.000000	0.031915
554.999110	gene_H	0.000000	122.000000	0.262295
554.999110	gene_J	100.000000	358.000000	0.117318
554.999110	gene_K	127.000000	376.000000	0.002660
554.999110	promoter_A	0.000000	0.000000	0.000000
554.999110	promoter_B1	0.000000	0.000000	0.000000
554.999110	promoter_D	0.000000	0.000000	0.000000
559.999232	__gene_A*_rbs	398.000000	0.000000	0.000000
559.999232	__gene_A_rbs	411.000000	0.000000	0.000000
559.999232	__gene_B_rbs	387.000000	0.000000	0.000000
559.999232	__gene_C_rbs	378.000000	0.000000	0.000000
559.999232	__gene_D_rbs	372.000000	0.000000	0.000000
559.999232	__gene_E_rbs	367.000000	0.000000	0.000000
559.999232	__gene_F_rbs	257.000000	0.000000	0.000000
559.999232	__gene_G_rbs	189.000000	0.000000	0.000000
559.999232	__gene_H_rbs	124.000000	0.000000	0.000000
559.999232	__gene_J_rbs	362.000000	0.000000	0.000000
559.999232	__gene_K_rbs	379.000000	0.000000	0.000000
559.999232	__ribosome	0.000000	0.000000	0.000000
559.999232	bound_ecolipol	1875.000000	0.000000	0.000000
559.999232	bound_ribosome	100.000000	0.000000	0.000000
559.999232	ecoli_genome	125.000000	0.000000	0.000000
559.999232	ecoli_transcript	42097.000000	0.000000	0.000000
559.999232	ecolipol	33.000000	0.000000	0.000000
559.999232	gene_A	290.000000	411.000000	0.019465
559.999232	gene_A*	188.000000	398.000000	0.017588
559.999232	gene_B	146.000000	387.000000	0.000000
559.999232	gene_C	129.000000	378.000000	0.002646
559.999232	gene_D	128.000000	372.000000	0.005376
559.999232	gene_E	128.000000	368.000000	0.002717
559.999232	gene_F	83.000000	257.000000	0.007782
559.999232	gene_G	40.000000	189.000000	0.031746
559.999232	gene_H	0.000000	124.000000	0.258065
559.999232	gene_J	103.000000	362.000000	0.113260
559.999232	gene_K	128.000000	379.000000	0.000000
559.999232	promoter_A	0.000000	0.000000	0.000000
559.999232	promoter_B1	0.000000	0.000000	0.000000
559.999232	promoter_D	0.000000	0.000000	0.000000
564.999102	__gene_A*_rbs	402.000000	0.000000	0.000000
564.999102	__gene_A_rbs	414.000000	0.000000	0.000000
564.999102	__gene_B_rbs	391.000000	0.000000	0.000000
564.999102	__gene_C_rbs	379.000000	0.000000	0.000000
564.999102	__gene_D_rbs	376.000000	0.000000	0.000000
564.999102	__gene_E_rbs	372.000000	0.000000	0.000000
564.999102	__gene_F_rbs	260.000000	0.000000	0.000000
564.999102	__gene_G_rbs	191.000000	0.000000	0.000000
564.999102	__gene_H_rbs	125.000000	0.000000	0.000000
564.999102	__gene_J_rbs	365.000000	0.000000	0.000000
564.999102	__gene_K_rbs	381.000000	0.000000	0.000000
564.999102	__ribosome	0.000000	0.000000	0.000000
564.999102	bound_ecolipol	1874.000000	0.000000	0.000000
564.999102	bound_ribosome	100.000000	0.000000	0.000000
564.999102	ecoli_genome	126.000000	0.000000	0.000000
564.999102	ecoli_transcript	42471.000000	0.000000	0.000000
564.999102	ecolipol	34.000000	0.000000	0.000000
564.999102	gene_A	291.000000	414.000000	0.016908
564.999102	gene_A*	189.000000	402.000000	0.014925
564.999102	gene_B	146.000000	391.000000	0.000000
564.999102	gene_C	129.000000	381.000000	0.007874
564.999102	gene_D	129.000000	376.000000	0.002660
564.999102	gene_E	128.000000	372.000000	0.002688
564.999102	gene_F	83.000000	260.000000	0.011538
564.999102	gene_G	40.000000	191.000000	0.036649
564.999102	gene_H	0.000000	125.000000	0.264000
564.999102	gene_J	105.000000	365.000000	0.106849
564.999102	gene_K	128.000000	382.000000	0.000000
564.999102	promoter_A	0.000000	0.000000	0.000000
564.999102	promoter_B1	0.000000	0.000000	0.000000
564.999102	promoter_D	0.000000	0.000000	0.000000
569.999200	__gene_A*_rbs	406.000000	0.000000	0.000000
569.999200	__gene_A_rbs	418.000000	0.000000	0.000000
569.999200	__gene_B_rbs	395.000000	0.000000	0.000000
569.999200	__gene_C_rbs	383.000000	0.000000	0.000000
569.999200	__gene_D_rbs	379.000000	0.000000	0.000000
569.999200	__gene_E_rbs	376.000000	0.000000	0.000000
569.999200	__gene_F_rbs	262.000000	0.000000	0.000000
569.999200	__gene_G_rbs	192.000000	0.000000	0.000000
569.999200	__gene_H_rbs	128.000000	0.000000	0.000000
569.999200	__gene_J_rbs	369.000000	0.000000	0.000000
569.999200	__gene_K_rbs	386.000000	0.000000	0.000000
569.999200	__ribosome	0.000000	0.000000	0.000000
569.999200	bound_ecolipol	1867.000000	0.000000	0.000000
569.999200	bound_ribosome	100.000000	0.000000	0.000000
569.999200	ecoli_genome	133.000000	0.000000	0.000000
569.999200	ecoli_transcript	42848.000000	0.000000	0.000000
569.999200	ecolipol	42.000000	0.000000	0.000000
569.999200	gene_A	291.000000	418.000000	0.021531
569.999200	gene_A*	191.000000	406.000000	0.009852
569.999200	gene_B	146.000000	395.000000	0.000000
569.999200	gene_C	130.000000	384.000000	0.005208
569.999200	gene_D	129.000000	380.000000	0.002632
569.999200	gene_E	129.000000	376.000000	0.002660
569.999200	gene_F	83.000000	262.000000	0.011450
569.999200	gene_G	40.000000	192.000000	0.041667
569.999200	gene_H	0.000000	128.000000	0.257812
569.999200	gene_J	105.000000	369.000000	0.105691
569.999200	gene_K	128.000000	386.000000	0.000000
569.999200	promoter_A	0.000000	0.000000	0.000000
569.999200	promoter_B1	0.000000	0.000000	0.000000
569.999200	promoter_D	0.000000	0.000000	0.000000
574.999047	__gene_A*_rbs	410.000000	0.000000	0.000000
574.999047	__gene_A_rbs	421.000000	0.000000	0.000000
574.999047	__gene_B_rbs	398.000000	0.000000	0.000000
574.999047	__gene_C_rbs	387.000000	0.000000	0.000000
574.999047	__gene_D_rbs	383.000000	0.000000	0.000000
574.999047	__gene_E_rbs	379.000000	0.000000	0.000000
574.999047	__gene_F_rbs	265.000000	0.000000	0.000000
574.999047	__gene_G_rbs	195.000000	0.000000	0.000000
574.999047	__gene_H_rbs	129.000000	0.000000	0.000000
574.999047	__gene_J_rbs	372.000000	0.000000	0.000000
574.999047	__gene_K_rbs	389.000000	0.000000	0.000000
574.999047	__ribosome	0.000000	0.000000	0.000000
574.999047	bound_ecolipol	1874.000000	0.000000	0.000000
574.999047	bound_ribosome	100.000000	0.000000	0.000000
574.999047	ecoli_genome	126.000000	0.000000	0.000000
574.999047	ecoli_transcript	43241.000000	0.000000	0.000000
574.999047	ecolipol	31.000000	0.000000	0.000000
574.999047	gene_A	292.000000	421.000000	0.021378
574.999047	gene_A*	192.000000	410.000000	0.009756
574.999047	gene_B	146.000000	399.000000	0.002506
574.999047	gene_C	132.000000	388.000000	0.000000
574.999047	gene_D	130.000000	383.000000	0.000000
574.999047	gene_E	129.000000	379.000000	0.002639
574.999047	gene_F	83.000000	265.000000	0.015094
574.999047	gene_G	40.000000	195.000000	0.041026
574.999047	gene_H	0.000000	129.000000	0.255814
574.999047	gene_J	105.000000	372.000000	0.104839
574.999047	gene_K	128.000000	389.000000	0.002571
574.999047	promoter_A	0.000000	0.000000	0.000000
574.999047	promoter_B1	0.000000	0.000000	0.000000
574.999047	promoter_D	0.000000	0.000000	0.000000
579.999119	__gene_A*_rbs	413.000000	0.000000	0.000000
579.999119	__gene_A_rbs	425.000000	0.000000	0.000000
579.999119	__gene_B_rbs	402.000000	0.000000	0.000000
579.999119	__gene_C_rbs	391.000000	0.000000	0.000000
579.999119	__gene_D_rbs	386.000000	0.000000	0.000000
579.999119	__gene_E_rbs	383.000000	0.000000	0.000000
579.999119	__gene_F_rbs	268.000000	0.000000	0.000000
579.999119	__gene_G_rbs	197.000000	0.000000	0.000000
579.999119	__gene_H_rbs	130.000000	0.000000	0.000000
579.999119	__gene_J_rbs	376.000000	0.000000	0.000000
579.999119	__gene_K_rbs	393.000000	0.000000	0.000000
579.999119	__ribosome	0.000000	0.000000	0.000000
579.999119	bound_ecolipol	1875.000000	0.000000	0.000000
579.999119	bound_ribosome	100.000000	0.000000	0.000000
579.999119	ecoli_genome	125.000000	0.000000	0.000000
579.999119	ecoli_transcript	43620.000000	0.000000	0.000000
579.999119	ecolipol	31.000000	0.000000	0.000000
579.999119	gene_A	293.000000	425.000000	0.018824
579.999119	gene_A*	192.000000	413.000000	0.009685
579.999119	gene_B	146.000000	402.000000	0.002488
579.999119	gene_C	132.000000	391.000000	0.000000
579.999119	gene_D	130.000000	386.000000	0.002591
579.999119	gene_E	130.000000	383.000000	0.000000
579.999119	gene_F	83.000000	268.000000	0.014925
579.999119	gene_G	40.000000	197.000000	0.045685
579.999119	gene_H	0.000000	130.000000	0.253846
579.999119	gene_J	105.000000	376.000000	0.103723
579.999119	gene_K	129.000000	393.000000	0.002545
579.999119	promoter_A	0.000000	0.000000	0.000000
579.999119	promoter_B1	0.000000	0.000000	0.000000
579.999119	promoter_D	0.000000	0.000000	0.000000
584.999003	__gene_A*_rbs	417.000000	0.000000	0.000000
584.999003	__gene_A_rbs	429.000000	0.000000	0.000000
584.999003	__gene_B_rbs	406.000000	0.000000	0.000000
584.999003	__gene_C_rbs	394.000000	0.000000	0.000000
584.999003	__gene_D_rbs	390.000000	0.000000	0.000000
584.999003	__gene_E_rbs	386.000000	0.000000	0.000000
584.999003	__gene_F_rbs	271.000000	0.000000	0.000000
584.999003	__gene_G_rbs	200.000000	0.000000	0.000000
584.999003	__gene_H_rbs	130.000000	0.000000	0.000000
584.999003	__gene_J_rbs	380.000000	0.000000	0.000000
584.999003	__gene_K_rbs	397.000000	0.000000	0.000000
584.999003	__ribosome	0.000000	0.000000	0.000000
584.999003	bound_ecolipol	1868.000000	0.000000	0.000000
584.999003	bound_ribosome	100.000000	0.000000	0.000000
584.999003	ecoli_genome	132.000000	0.000000	0.000000
584.999003	ecoli_transcript	43988.000000	0.000000	0.000000
584.999003	ecolipol	37.000000	0.000000	0.000000
584.999003	gene_A	293.000000	429.000000	0.018648
584.999003	gene_A*	192.000000	417.000000	0.011990
584.999003	gene_B	147.000000	406.000000	0.000000
584.999003	gene_C	132.000000	395.000000	0.002532
584.999003	gene_D	130.000000	390.000000	0.002564
584.999003	gene_E	130.000000	386.000000	0.000000
584.999003	gene_F	83.000000	271.000000	0.014760
584.999003	gene_G	41.000000	200.000000	0.040000
584.999003	gene_H	0.000000	130.000000	0.253846
584.999003	gene_J	105.000000	380.000000	0.105263
584.999003	gene_K	130.000000	397.000000	0.000000
584.999003	promoter_A	0.000000	0.000000	0.000000
584.999003	promoter_B1	0.000000	0.000000	0.000000
584.999003	promoter_D	0.000000	0.000000	0.000000
589.999011	__gene_A*_rbs	421.000000	0.000000	0.000000
589.999011	__gene_A_rbs	433.000000	0.000000	0.000000
589.999011	__gene_B_rbs	410.000000	0.000000	0.000000
589.999011	__gene_C_rbs	399.000000	0.000000	0.000000
589.999011	__gene_D_rbs	392.000000	0.000000	0.000000
589.999011	__gene_E_rbs	389.000000	0.000000	0.000000
589.999011	__gene_F_rbs	273.000000	0.000000	0.000000
589.999011	__gene_G_rbs	202.000000	0.000000	0.000000
589.999011	__gene_H_rbs	132.000000	0.000000	0.000000
589.999011	__gene_J_rbs	383.000000	0.000000	0.000000
589.999011	__gene_K_rbs	401.000000	0.000000	0.000000
589.999011	__ribosome	0.000000	0.000000	0.000000
589.999011	bound_ecolipol	1869.000000	0.000000	0.000000
589.999011	bound_ribosome	100.000000	0.000000	0.000000
589.999011	ecoli_genome	131.000000	0.000000	0.000000
589.999011	ecoli_transcript	44374.000000	0.000000	0.000000
589.999011	ecolipol	35.000000	0.000000	0.000000
589.999011	gene_A	294.000000	433.000000	0.016166
589.999011	gene_A*	194.000000	421.000000	0.007126
589.999011	gene_B	147.000000	410.000000	0.000000
589.999011	gene_C	132.000000	399.000000	0.005013
589.999011	gene_D	130.000000	393.000000	0.007634
589.999011	gene_E	130.000000	389.000000	0.000000
589.999011	gene_F	83.000000	273.000000	0.014652
589.999011	gene_G	41.000000	202.000000	0.039604
589.999011	gene_H	0.000000	132.000000	0.250000
589.999011	gene_J	105.000000	383.000000	0.104439
589.999011	gene_K	130.000000	401.000000	0.000000
589.999011	promoter_A	0.000000	0.000000	0.000000
589.999011	promoter_B1	0.000000	0.000000	0.000000
589.999011	promoter_D	0.000000	0.000000	0.000000
594.999028	__gene_A*_rbs	424.000000	0.000000	0.000000
594.999028	__gene_A_rbs	437.000000	0.000000	0.000000
594.999028	__gene_B_rbs	413.000000	0.000000	0.000000
594.999028	__gene_C_rbs	402.000000	0.000000	0.000000
594.999028	__gene_D_rbs	398.000000	0.000000	0.000000
594.999028	__gene_E_rbs	393.000000	0.000000	0.000000
594.999028	__gene_F_rbs	276.000000	0.000000	0.000000
594.999028	__gene_G_rbs	205.000000	0.000000	0.000000
594.999028	__gene_H_rbs	134.000000	0.000000	0.000000
594.999028	__gene_J_rbs	387.000000	0.000000	0.000000
594.999028	__gene_K_rbs	403.000000	0.000000	0.000000
594.999028	__ribosome	0.000000	0.000000	0.000000
594.999028	bound_ecolipol	1868.000000	0.000000	0.000000
594.999028	bound_ribosome	100.000000	0.000000	0.000000
594.999028	ecoli_genome	132.000000	0.000000	0.000000
594.999028	ecoli_transcript	44739.000000	0.000000	0.000000
594.999028	ecolipol	39.000000	0.000000	0.000000
594.999028	gene_A	294.000000	437.000000	0.016018
594.999028	gene_A*	195.000000	424.000000	0.004717
594.999028	gene_B	147.000000	413.000000	0.000000
594.999028	gene_C	133.000000	403.000000	0.004963
594.999028	gene_D	131.000000	398.000000	0.007538
594.999028	gene_E	130.000000	393.000000	0.002545
594.999028	gene_F	84.000000	276.000000	0.010870
594.999028	gene_G	42.000000	205.000000	0.034146
594.999028	gene_H	0.000000	134.000000	0.246269
594.999028	gene_J	105.000000	387.000000	0.105943
594.999028	gene_K	130.000000	404.000000	0.002475
594.999028	promoter_A	0.000000	0.000000	0.000000
594.999028	promoter_B1	0.000000	0.000000	0.000000
594.999028	promoter_D	0.000000	0.000000	0.000000
599.999076	__gene_A*_rbs	428.000000	0.000000	0.000000
599.999076	__gene_A_rbs	440.000000	0.000000	0.000000
599.999076	__gene_B_rbs	417.000000	0.000000	0.000000
599.999076	__gene_C_rbs	406.000000	0.000000	0.000000
599.999076	__gene_D_rbs	401.000000	0.000000	0.000000
599.999076	__gene_E_rbs	397.000000	0.000000	0.000000
599.999076	__gene_F_rbs	278.000000	0.000000	0.000000
599.999076	__gene_G_rbs	206.000000	0.000000	0.000000
599.999076	__gene_H_rbs	137.000000	0.000000	0.000000
599.999076	__gene_J_rbs	390.000000	0.000000	0.000000
599.999076	__gene_K_rbs	408.000000	0.000000	0.000000
599.999076	__ribosome	0.000000	0.000000	0.000000
599.999076	bound_ecolipol	1875.000000	0.000000	0.000000
599.999076	bound_ribosome	100.000000	0.000000	0.000000
599.999076	ecoli_genome	125.000000	0.000000	0.000000
599.999076	ecoli_transcript	45161.000000	0.000000	0.000000
599.999076	ecolipol	33.000000	0.000000	0.000000
599.999076	gene_A	296.000000	440.000000	0.015909
599.999076	gene_A*	195.000000	428.000000	0.004673
599.999076	gene_B	147.000000	417.000000	0.002398
599.999076	gene_C	134.000000	406.000000	0.007389
599.999076	gene_D	131.000000	401.000000	0.007481
599.999076	gene_E	130.000000	397.000000	0.005038
599.999076	gene_F	85.000000	278.000000	0.007194
599.999076	gene_G	42.000000	206.000000	0.033981
599.999076	gene_H	0.000000	137.000000	0.240876
599.999076	gene_J	106.000000	390.000000	0.102564
599.999076	gene_K	131.000000	408.000000	0.000000
599.999076	promoter_A	0.000000	0.000000	0.000000
599.999076	promoter_B1	0.000000	0.000000	0.000000
599.999076	promoter_D	0.000000	0.000000	0.000000
604.999116	__gene_A*_rbs	432.000000	0.000000	0.000000
604.999116	__gene_A_rbs	444.000000	0.000000	0.000000
604.999116	__gene_B_rbs	420.000000	0.000000	0.000000
604.999116	__gene_C_rbs	409.000000	0.000000	0.000000
604.999116	__gene_D_rbs	405.000000	0.000000	0.000000
604.999116	__gene_E_rbs	400.000000	0.000000	0.000000
604.999116	__gene_F_rbs	281.000000	0.000000	0.000000
604.999116	__gene_G_rbs	209.000000	0.000000	0.000000
604.999116	__gene_H_rbs	138.000000	0.000000	0.000000
604.999116	__gene_J_rbs	394.000000	0.000000	0.000000
604.999116	__gene_K_rbs	412.000000	0.000000	0.000000
604.999116	__ribosome	0.000000	0.000000	0.000000
604.999116	bound_ecolipol	1873.000000	0.000000	0.000000
604.999116	bound_ribosome	100.000000	0.000000	0.000000
604.999116	ecoli_genome	127.000000	0.000000	0.000000
604.999116	ecoli_transcript	45566.000000	0.000000	0.000000
604.999116	ecolipol	33.000000	0.000000	0.000000
604.999116	gene_A	296.000000	444.000000	0.018018
604.999116	gene_A*	195.000000	432.000000	0.006944
604.999116	gene_B	147.000000	421.000000	0.002375
604.999116	gene_C	136.000000	410.000000	0.002439
604.999116	gene_D	132.000000	405.000000	0.007407
604.999116	gene_E	131.000000	400.000000	0.005000
604.999116	gene_F	86.000000	281.000000	0.003559
604.999116	gene_G	42.000000	209.000000	0.033493
604.999116	gene_H	0.000000	138.000000	0.239130
604.999116	gene_J	106.000000	394.000000	0.104061
604.999116	gene_K	131.000000	412.000000	0.000000
604.999116	promoter_A	0.000000	0.000000	0.000000
604.999116	promoter_B1	0.000000	0.000000	0.000000
604.999116	promoter_D	0.000000	0.000000	0.000000
609.999107	__gene_A*_rbs	436.000000	0.000000	0.000000
609.999107	__gene_A_rbs	447.000000	0.000000	0.000000
609.999107	__gene_B_rbs	425.000000	0.000000	0.000000
609.999107	__gene_C_rbs	414.000000	0.000000	0.000000
609.999107	__gene_D_rbs	408.000000	0.000000	0.000000
609.999107	__gene_E_rbs	404.000000	0.000000	0.000000
609.999107	__gene_F_rbs	284.000000	0.000000	0.000000
609.999107	__gene_G_rbs	211.000000	0.000000	0.000000
609.999107	__gene_H_rbs	140.000000	0.000000	0.000000
609.999107	__gene_J_rbs	398.000000	0.000000	0.000000
609.999107	__gene_K_rbs	416.000000	0.000000	0.000000
609.999107	__ribosome	0.000000	0.000000	0.000000
609.999107	bound_ecolipol	1868.000000	0.000000	0.000000
609.999107	bound_ribosome	100.000000	0.000000	0.000000
609.999107	ecoli_genome	132.000000	0.000000	0.000000
609.999107	ecoli_transcript	45893.000000	0.000000	0.000000
609.999107	ecolipol	38.000000	0.000000	0.000000
609.999107	gene_A	298.000000	447.000000	0.015660
609.999107	gene_A*	196.000000	436.000000	0.009174
609.999107	gene_B	148.000000	425.000000	0.000000
609.999107	gene_C	137.000000	414.000000	0.004831
609.999107	gene_D	134.000000	408.000000	0.002451
609.999107	gene_E	132.000000	404.000000	0.004950
609.999107	gene_F	86.000000	284.000000	0.003521
609.999107	gene_G	42.000000	211.000000	0.033175
609.999107	gene_H	0.000000	140.000000	0.235714
609.999107	gene_J	107.000000	398.000000	0.105528
609.999107	gene_K	131.000000	416.000000	0.002404
609.999107	promoter_A	0.000000	0.000000	0.000000
609.999107	promoter_B1	0.000000	0.000000	0.000000
609.999107	promoter_D	0.000000	0.000000	0.000000
614.999010	__gene_A*_rbs	437.000000	0.000000	0.000000
614.999010	__gene_A_rbs	451.000000	0.000000	0.000000
614.999010	__gene_B_rbs	428.000000	0.000000	0.000000
614.999010	__gene_C_rbs	416.000000	0.000000	0.000000
614.999010	__gene_D_rbs	411.000000	0.000000	0.000000
614.999010	__gene_E_rbs	408.000000	0.000000	0.000000
614.999010	__gene_F_rbs	285.000000	0.000000	0.000000
614.999010	__gene_G_rbs	213.000000	0.000000	0.000000
614.999010	__gene_H_rbs	140.000000	0.000000	0.000000
614.999010	__gene_J_rbs	401.000000	0.000000	0.000000
614.999010	__gene_K_rbs	420.000000	0.000000	0.000000
614.999010	__ribosome	0.000000	0.000000	0.000000
614.999010	bound_ecolipol	1871.000000	0.000000	0.000000
614.999010	bound_ribosome	100.000000	0.000000	0.000000
614.999010	ecoli_genome	129.000000	0.000000	0.000000
614.999010	ecoli_transcript	46270.000000	0.000000	0.000000
614.999010	ecolipol	34.000000	0.000000	0.000000
614.999010	gene_A	298.000000	451.000000	0.015521
614.999010	gene_A*	196.000000	439.000000	0.011390
614.999010	gene_B	148.000000	428.000000	0.002336
614.999010	gene_C	138.000000	417.000000	0.004796
614.999010	gene_D	134.000000	412.000000	0.002427
614.999010	gene_E	134.000000	408.000000	0.002451
614.999010	gene_F	86.000000	285.000000	0.003509
614.999010	gene_G	42.000000	213.000000	0.032864
614.999010	gene_H	0.000000	140.000000	0.235714
614.999010	gene_J	109.000000	401.000000	0.099751
614.999010	gene_K	132.000000	420.000000	0.004762
614.999010	promoter_A	0.000000	0.000000	0.000000
614.999010	promoter_B1	0.000000	0.000000	0.000000
614.999010	promoter_D	0.000000	0.000000	0.000000
619.999076	__gene_A*_rbs	443.000000	0.000000	0.000000
619.999076	__gene_A_rbs	455.000000	0.000000	0.000000
619.999076	__gene_B_rbs	432.000000	0.000000	0.000000
619.999076	__gene_C_rbs	421.000000	0.000000	0.000000
619.999076	__gene_D_rbs	416.000000	0.000000	0.000000
619.999076	__gene_E_rbs	412.000000	0.000000	0.000000
619.999076	__gene_F_rbs	289.000000	0.000000	0.000000
619.999076	__gene_G_rbs	214.000000	0.000000	0.000000
619.999076	__gene_H_rbs	142.000000	0.000000	0.000000
619.999076	__gene_J_rbs	405.000000	0.000000	0.000000
619.999076	__gene_K_rbs	422.000000	0.000000	0.000000
619.999076	__ribosome	0.000000	0.000000	0.000000
619.999076	bound_ecolipol	1866.000000	0.000000	0.000000
619.999076	bound_ribosome	100.000000	0.000000	0.000000
619.999076	ecoli_genome	134.000000	0.000000	0.000000
619.999076	ecoli_transcript	46660.000000	0.000000	0.000000
619.999076	ecolipol	39.000000	0.000000	0.000000
619.999076	gene_A	300.000000	455.000000	0.015385
619.999076	gene_A*	196.000000	443.000000	0.013544
619.999076	gene_B	148.000000	432.000000	0.004630
619.999076	gene_C	139.000000	421.000000	0.002375
619.999076	gene_D	135.000000	416.000000	0.000000
619.999076	gene_E	135.000000	412.000000	0.002427
619.999076	gene_F	87.000000	289.000000	0.003460
619.999076	gene_G	42.000000	214.000000	0.032710
619.999076	gene_H	0.000000	142.000000	0.239437
619.999076	gene_J	109.000000	405.000000	0.098765
619.999076	gene_K	134.000000	423.000000	0.002364
619.999076	promoter_A	0.000000	0.000000	0.000000
619.999076	promoter_B1	0.000000	0.000000	0.000000
619.999076	promoter_D	0.000000	0.000000	0.000000
624.999055	__gene_A*_rbs	447.000000	0.000000	0.000000
624.999055	__gene_A_rbs	459.000000	0.000000	0.000000
624.999055	__gene_B_rbs	435.000000	0.000000	0.000000
624.999055	__gene_C_rbs	425.000000	0.000000	0.000000
624.999055	__gene_D_rbs	420.000000	0.000000	0.000000
624.999055	__gene_E_rbs	416.000000	0.000000	0.000000
624.999055	__gene_F_rbs	290.000000	0.000000	0.000000
624.999055	__gene_G_rbs	217.000000	0.000000	0.000000
624.999055	__gene_H_rbs	144.000000	0.000000	0.000000
624.999055	__gene_J_rbs	409.000000	0.000000	0.000000
624.999055	__gene_K_rbs	427.000000	0.000000	0.000000
624.999055	__ribosome	0.000000	0.000000	0.000000
624.999055	bound_ecolipol	1858.000000	0.000000	0.000000
624.999055	bound_ribosome	100.000000	0.000000	0.000000
624.999055	ecoli_genome	142.000000	0.000000	0.000000
624.999055	ecoli_transcript	47082.000000	0.000000	0.000000
624.999055	ecolipol	50.000000	0.000000	0.000000
624.999055	gene_A	300.000000	459.000000	0.015251
624.999055	gene_A*	197.000000	447.000000	0.011186
624.999055	gene_B	149.000000	436.000000	0.002294
624.999055	gene_C	140.000000	425.000000	0.000000
624.999055	gene_D	135.000000	420.000000	0.002381
624.999055	gene_E	135.000000	416.000000	0.004808
624.999055	gene_F	87.000000	290.000000	0.003448
624.999055	gene_G	42.000000	217.000000	0.036866
624.999055	gene_H	0.000000	144.000000	0.236111
624.999055	gene_J	109.000000	409.000000	0.097800
624.999055	gene_K	134.000000	427.000000	0.002342
624.999055	promoter_A	0.000000	0.000000	0.000000
624.999055	promoter_B1	0.000000	0.000000	0.000000
624.999055	promoter_D	0.000000	0.000000	0.000000
629.999004	__gene_A*_rbs	450.000000	0.000000	0.000000
629.999004	__gene_A_rbs	462.000000	0.000000	0.000000
629.999004	__gene_B_rbs	439.000000	0.000000	0.000000
629.999004	__gene_C_rbs	428.000000	0.000000	0.000000
629.999004	__gene_D_rbs	423.000000	0.000000	0.000000
629.999004	__gene_E_rbs	420.000000	0.000000	0.000000
629.999004	__gene_F_rbs	292.000000	0.000000	0.000000
629.999004	__gene_G_rbs	219.000000	0.000000	0.000000
629.999004	__gene_H_rbs	144.000000	0.000000	0.000000
629.999004	__gene_J_rbs	413.000000	0.000000	0.000000
629.999004	__gene_K_rbs	430.000000	0.000000	0.000000
629.999004	__ribosome	0.000000	0.000000	0.000000
629.999004	bound_ecolipol	1871.000000	0.000000	0.000000
629.999004	bound_ribosome	100.000000	0.000000	0.000000
629.999004	ecoli_genome	129.000000	0.000000	0.000000
629.999004	ecoli_transcript	47422.000000	0.000000	0.000000
629.999004	ecolipol	37.000000	0.000000	0.000000
629.999004	gene_A	301.000000	462.000000	0.012987
629.999004	gene_A*	197.000000	450.000000	0.013333
629.999004	gene_B	149.000000	439.000000	0.002278
629.999004	gene_C	140.000000	428.000000	0.000000
629.999004	gene_D	135.000000	423.000000	0.002364
629.999004	gene_E	137.000000	420.000000	0.000000
629.999004	gene_F	87.000000	293.000000	0.010239
629.999004	gene_G	42.000000	219.000000	0.036530
629.999004	gene_H	0.000000	144.000000	0.236111
629.999004	gene_J	109.000000	413.000000	0.096852
629.999004	gene_K	135.000000	430.000000	0.002326
629.999004	promoter_A	0.000000	0.000000	0.000000
629.999004	promoter_B1	0.000000	0.000000	0.000000
629.999004	promoter_D	0.000000	0.000000	0.000000
634.999083	__gene_A*_rbs	453.000000	0.000000	0.000000
634.999083	__gene_A_rbs	466.000000	0.000000	0.000000
634.999083	__gene_B_rbs	442.000000	0.000000	0.000000
634.999083	__gene_C_rbs	432.000000	0.000000	0.000000
634.999083	__gene_D_rbs	427.000000	0.000000	0.000000
634.999083	__gene_E_rbs	423.000000	0.000000	0.000000
634.999083	__gene_F_rbs	294.000000	0.000000	0.000000
634.999083	__gene_G_rbs	221.000000	0.000000	0.000000
634.999083	__gene_H_rbs	146.000000	0.000000	0.000000
634.999083	__gene_J_rbs	417.000000	0.000000	0.000000
634.999083	__gene_K_rbs	434.000000	0.000000	0.000000
634.999083	__ribosome	0.000000	0.000000	0.000000
634.999083	bound_ecolipol	1867.000000	0.000000	0.000000
634.999083	bound_ribosome	100.000000	0.000000	0.000000
634.999083	ecoli_genome	133.000000	0.000000	0.000000
634.999083	ecoli_transcript	47825.000000	0.000000	0.000000
634.999083	ecolipol	45.000000	0.000000	0.000000
634.999083	gene_A	301.000000	466.000000	0.012876
634.999083	gene_A*	197.000000	454.000000	0.013216
634.999083	gene_B	150.000000	443.000000	0.000000
634.999083	gene_C	140.000000	432.000000	0.000000
634.999083	gene_D	135.000000	427.000000	0.002342
634.999083	gene_E	137.000000	423.000000	0.000000
634.999083	gene_F	87.000000	294.000000	0.013605
634.999083	gene_G	42.000000	221.000000	0.036199
634.999083	gene_H	0.000000	146.000000	0.232877
634.999083	gene_J	109.000000	417.000000	0.095923
634.999083	gene_K	136.000000	434.000000	0.002304
634.999083	promoter_A	0.000000	0.000000	0.000000
634.999083	promoter_B1	0.000000	0.000000	0.000000
634.999083	promoter_D	0.000000	0.000000	0.000000
639.999074	__gene_A*_rbs	458.000000	0.000000	0.000000
639.999074	__gene_A_rbs	470.000000	0.000000	0.000000
639.999074	__gene_B_rbs	446.000000	0.000000	0.000000
639.999074	__gene_C_rbs	434.000000	0.000000	0.000000
639.999074	__gene_D_rbs	430.000000	0.000000	0.000000
639.999074	__gene_E_rbs	427.000000	0.000000	0.000000
639.999074	__gene_F_rbs	296.000000	0.000000	0.000000
639.999074	__gene_G_rbs	223.000000	0.000000	0.000000
639.999074	__gene_H_rbs	148.000000	0.000000	0.000000
639.999074	__gene_J_rbs	420.000000	0.000000	0.000000
639.999074	__gene_K_rbs	437.000000	0.000000	0.000000
639.999074	__ribosome	0.000000	0.000000	0.000000
639.999074	bound_ecolipol	1874.000000	0.000000	0.000000
639.999074	bound_ribosome	100.000000	0.000000	0.000000
639.999074	ecoli_genome	126.000000	0.000000	0.000000
639.999074	ecoli_transcript	48191.000000	0.000000	0.000000
639.999074	ecolipol	36.000000	0.000000	0.000000
639.999074	gene_A	301.000000	470.000000	0.012766
639.999074	gene_A*	198.000000	458.000000	0.010917
639.999074	gene_B	150.000000	446.000000	0.000000
639.999074	gene_C	140.000000	435.000000	0.000000
639.999074	gene_D	135.000000	430.000000	0.002326
639.999074	gene_E	137.000000	427.000000	0.000000
639.999074	gene_F	87.000000	296.000000	0.016892
639.999074	gene_G	42.000000	223.000000	0.035874
639.999074	gene_H	0.000000	148.000000	0.229730
639.999074	gene_J	109.000000	420.000000	0.095238
639.999074	gene_K	137.000000	437.000000	0.002288
639.999074	promoter_A	0.000000	0.000000	0.000000
639.999074	promoter_B1	0.000000	0.000000	0.000000
639.999074	promoter_D	0.000000	0.000000	0.000000
644.999021	__gene_A*_rbs	461.000000	0.000000	0.000000
644.999021	__gene_A_rbs	474.000000	0.000000	0.000000
644.999021	__gene_B_rbs	448.000000	0.000000	0.000000
644.999021	__gene_C_rbs	438.000000	0.000000	0.000000
644.999021	__gene_D_rbs	433.000000	0.000000	0.000000
644.999021	__gene_E_rbs	429.000000	0.000000	0.000000
644.999021	__gene_F_rbs	299.000000	0.000000	0.000000
644.999021	__gene_G_rbs	225.000000	0.000000	0.000000
644.999021	__gene_H_rbs	149.000000	0.000000	0.000000
644.999021	__gene_J_rbs	424.000000	0.000000	0.000000
644.999021	__gene_K_rbs	437.000000	0.000000	0.000000
644.999021	__ribosome	0.000000	0.000000	0.000000
644.999021	bound_ecolipol	1863.000000	0.000000	0.000000
644.999021	bound_ribosome	100.000000	0.000000	0.000000
644.999021	ecoli_genome	137.000000	0.000000	0.000000
644.999021	ecoli_transcript	48564.000000	0.000000	0.000000
644.999021	ecolipol	45.000000	0.000000	0.000000
644.999021	gene_A	301.000000	474.000000	0.012658
644.999021	gene_A*	200.000000	461.000000	0.006508
644.999021	gene_B	150.000000	450.000000	0.002222
644.999021	gene_C	140.000000	438.000000	0.002283
644.999021	gene_D	136.000000	433.000000	0.000000
644.999021	gene_E	137.000000	429.000000	0.002331
644.999021	gene_F	87.000000	299.000000	0.016722
644.999021	gene_G	42.000000	225.000000	0.035556
644.999021	gene_H	0.000000	149.000000	0.228188
644.999021	gene_J	109.000000	424.000000	0.096698
644.999021	gene_K	138.000000	440.000000	0.000000
644.999021	promoter_A	0.000000	0.000000	0.000000
644.999021	promoter_B1	0.000000	0.000000	0.000000
644.999021	promoter_D	0.000000	0.000000	0.000000
649.999260	__gene_A*_rbs	464.000000	0.000000	0.000000
649.999260	__gene_A_rbs	477.000000	0.000000	0.000000
649.999260	__gene_B_rbs	453.000000	0.000000	0.000000
649.999260	__gene_C_rbs	441.000000	0.000000	0.000000
649.999260	__gene_D_rbs	436.000000	0.000000	0.000000
649.999260	__gene_E_rbs	433.000000	0.000000	0.000000
649.999260	__gene_F_rbs	301.000000	0.000000	0.000000
649.999260	__gene_G_rbs	228.000000	0.000000	0.000000
649.999260	__gene_H_rbs	150.000000	0.000000	0.000000
649.999260	__gene_J_rbs	428.000000	0.000000	0.000000
649.999260	__gene_K_rbs	445.000000	0.000000	0.000000
649.999260	__ribosome	0.000000	0.000000	0.000000
649.999260	bound_ecolipol	1869.000000	0.000000	0.000000
649.999260	bound_ribosome	100.000000	0.000000	0.000000
649.999260	ecoli_genome	131.000000	0.000000	0.000000
649.999260	ecoli_transcript	48976.000000	0.000000	0.000000
649.999260	ecolipol	42.000000	0.000000	0.000000
649.999260	gene_A	303.000000	477.000000	0.012579
649.999260	gene_A*	202.000000	464.000000	0.004310
649.999260	gene_B	150.000000	453.000000	0.002208
649.999260	gene_C	140.000000	442.000000	0.002262
649.999260	gene_D	136.000000	437.000000	0.000000
649.999260	gene_E	137.000000	433.000000	0.002309
649.999260	gene_F	87.000000	301.000000	0.016611
649.999260	gene_G	42.000000	228.000000	0.039474
649.999260	gene_H	0.000000	150.000000	0.226667
649.999260	gene_J	110.000000	428.000000	0.093458
649.999260	gene_K	138.000000	445.000000	0.002247
649.999260	promoter_A	0.000000	0.000000	0.000000
649.999260	promoter_B1	0.000000	0.000000	0.000000
649.999260	promoter_D	0.000000	0.000000	0.000000
654.999852	__gene_A*_rbs	469.000000	0.000000	0.000000
654.999852	__gene_A_rbs	481.000000	0.000000	0.000000
654.999852	__gene_B_rbs	457.000000	0.000000	0.000000
654.999852	__gene_C_rbs	445.000000	0.000000	0.000000
654.999852	__gene_D_rbs	441.000000	0.000000	0.000000
654.999852	__gene_E_rbs	437.000000	0.000000	0.000000
654.999852	__gene_F_rbs	303.000000	0.000000	0.000000
654.999852	__gene_G_rbs	231.000000	0.000000	0.000000
654.999852	__gene_H_rbs	151.000000	0.000000	0.000000
654.999852	__gene_J_rbs	430.000000	0.000000	0.000000
654.999852	__gene_K_rbs	448.000000	0.000000	0.000000
654.999852	__ribosome	0.000000	0.000000	0.000000
654.999852	bound_ecolipol	1868.000000	0.000000	0.000000
654.999852	bound_ribosome	100.000000	0.000000	0.000000
654.999852	ecoli_genome	132.000000	0.000000	0.000000
654.999852	ecoli_transcript	49350.000000	0.000000	0.000000
654.999852	ecolipol	42.000000	0.000000	0.000000
654.999852	gene_A	304.000000	481.000000	0.010395
654.999852	gene_A*	202.000000	469.000000	0.008529
654.999852	gene_B	151.000000	457.000000	0.000000
654.999852	gene_C	141.000000	446.000000	0.002242
654.999852	gene_D	136.000000	441.000000	0.000000
654.999852	gene_E	138.000000	437.000000	0.002288
654.999852	gene_F	87.000000	303.000000	0.016502
654.999852	gene_G	42.000000	231.000000	0.038961
654.999852	gene_H	0.000000	151.000000	0.225166
654.999852	gene_J	110.000000	430.000000	0.093023
654.999852	gene_K	139.000000	448.000000	0.002232
654.999852	promoter_A	0.000000	0.000000	0.000000
654.999852	promoter_B1	0.000000	0.000000	0.000000
654.999852	promoter_D	0.000000	0.000000	0.000000
659.999327	__gene_A*_rbs	472.000000	0.000000	0.000000
659.999327	__gene_A_rbs	485.000000	0.000000	0.000000
659.999327	__gene_B_rbs	460.000000	0.000000	0.000000
659.999327	__gene_C_rbs	449.000000	0.000000	0.000000
659.999327	__gene_D_rbs	445.000000	0.000000	0.000000
659.999327	__gene_E_rbs	440.000000	0.000000	0.000000
659.999327	__gene_F_rbs	305.000000	0.000000	0.000000
659.999327	__gene_G_rbs	233.000000	0.000000	0.000000
659.999327	__gene_H_rbs	152.000000	0.000000	0.000000
659.999327	__gene_J_rbs	433.000000	0.000000	0.000000
659.999327	__gene_K_rbs	451.000000	0.000000	0.000000
659.999327	__ribosome	0.000000	0.000000	0.000000
659.999327	bound_ecolipol	1869.000000	0.000000	0.000000
659.999327	bound_ribosome	100.000000	0.000000	0.000000
659.999327	ecoli_genome	131.000000	0.000000	0.000000
659.999327	ecoli_transcript	49732.000000	0.000000	0.000000
659.999327	ecolipol	41.000000	0.000000	0.000000
659.999327	gene_A	304.000000	485.000000	0.010309
659.999327	gene_A*	203.000000	472.000000	0.006356
659.999327	gene_B	151.000000	460.000000	0.000000
659.999327	gene_C	142.000000	450.000000	0.000000
659.999327	gene_D	136.000000	445.000000	0.000000
659.999327	gene_E	138.000000	440.000000	0.002273
659.999327	gene_F	87.000000	305.000000	0.016393
659.999327	gene_G	42.000000	233.000000	0.038627
659.999327	gene_H	0.000000	152.000000	0.230263
659.999327	gene_J	110.000000	434.000000	0.094470
659.999327	gene_K	140.000000	451.000000	0.002217
659.999327	promoter_A	0.000000	0.000000	0.000000
659.999327	promoter_B1	0.000000	0.000000	0.000000
659.999327	promoter_D	0.000000	0.000000	0.000000
664.999145	__gene_A*_rbs	476.000000	0.000000	0.000000
664.999145	__gene_A_rbs	489.000000	0.000000	0.000000
664.999145	__gene_B_rbs	465.000000	0.000000	0.000000
664.999145	__gene_C_rbs	453.000000	0.000000	0.000000
664.999145	__gene_D_rbs	448.000000	0.000000	0.000000
664.999145	__gene_E_rbs	444.000000	0.000000	0.000000
664.999145	__gene_F_rbs	307.000000	0.000000	0.000000
664.999145	__gene_G_rbs	235.000000	0.000000	0.000000
664.999145	__gene_H_rbs	154.000000	0.000000	0.000000
664.999145	__gene_J_rbs	438.000000	0.000000	0.000000
664.999145	__gene_K_rbs	456.000000	0.000000	0.000000
664.999145	__ribosome	0.000000	0.000000	0.000000
664.999145	bound_ecolipol	1867.000000	0.000000	0.000000
664.999145	bound_ribosome	100.000000	0.000000	0.000000
664.999145	ecoli_genome	133.000000	0.000000	0.000000
664.999145	ecoli_transcript	50108.000000	0.000000	0.000000
664.999145	ecolipol	44.000000	0.000000	0.000000
664.999145	gene_A	305.000000	489.000000	0.008180
664.999145	gene_A*	203.000000	476.000000	0.008403
664.999145	gene_B	151.000000	465.000000	0.000000
664.999145	gene_C	142.000000	454.000000	0.000000
664.999145	gene_D	136.000000	448.000000	0.000000
664.999145	gene_E	139.000000	444.000000	0.002252
664.999145	gene_F	88.000000	307.000000	0.016287
664.999145	gene_G	43.000000	235.000000	0.038298
664.999145	gene_H	0.000000	154.000000	0.227273
664.999145	gene_J	113.000000	438.000000	0.093607
664.999145	gene_K	140.000000	456.000000	0.002193
664.999145	promoter_A	0.000000	0.000000	0.000000
664.999145	promoter_B1	0.000000	0.000000	0.000000
664.999145	promoter_D	0.000000	0.000000	0.000000
669.999164	__gene_A*_rbs	480.000000	0.000000	0.000000
669.999164	__gene_A_rbs	492.000000	0.000000	0.000000
669.999164	__gene_B_rbs	468.000000	0.000000	0.000000
669.999164	__gene_C_rbs	457.000000	0.000000	0.000000
669.999164	__gene_D_rbs	452.000000	0.000000	0.000000
669.999164	__gene_E_rbs	448.000000	0.000000	0.000000
669.999164	__gene_F_rbs	308.000000	0.000000	0.000000
669.999164	__gene_G_rbs	237.000000	0.000000	0.000000
669.999164	__gene_H_rbs	157.000000	0.000000	0.000000
669.999164	__gene_J_rbs	441.000000	0.000000	0.000000
669.999164	__gene_K_rbs	459.000000	0.000000	0.000000
669.999164	__ribosome	0.000000	0.000000	0.000000
669.999164	bound_ecolipol	1866.000000	0.000000	0.000000
669.999164	bound_ribosome	100.000000	0.000000	0.000000
669.999164	ecoli_genome	134.000000	0.000000	0.000000
669.999164	ecoli_transcript	50475.000000	0.000000	0.000000
669.999164	ecolipol	45.000000	0.000000	0.000000
669.999164	gene_A	307.000000	492.000000	0.004065
669.999164	gene_A*	203.000000	480.000000	0.008333
669.999164	gene_B	151.000000	468.000000	0.004274
669.999164	gene_C	142.000000	457.000000	0.000000
669.999164	gene_D	136.000000	452.000000	0.000000
669.999164	gene_E	139.000000	448.000000	0.002232
669.999164	gene_F	89.000000	308.000000	0.022727
669.999164	gene_G	43.000000	237.000000	0.037975
669.999164	gene_H	0.000000	157.000000	0.222930
669.999164	gene_J	114.000000	441.000000	0.090703
669.999164	gene_K	141.000000	459.000000	0.000000
669.999164	promoter_A	0.000000	0.000000	0.000000
669.999164	promoter_B1	0.000000	0.000000	0.000000
669.999164	promoter_D	0.000000	0.000000	0.000000
674.999428	__gene_A*_rbs	483.000000	0.000000	0.000000
674.999428	__gene_A_rbs	495.000000	0.000000	0.000000
674.999428	__gene_B_rbs	472.000000	0.000000	0.000000
674.999428	__gene_C_rbs	461.000000	0.000000	0.000000
674.999428	__gene_D_rbs	456.000000	0.000000	0.000000
674.999428	__gene_E_rbs	452.000000	0.000000	0.000000
674.999428	__gene_F_rbs	311.000000	0.000000	0.000000
674.999428	__gene_G_rbs	239.000000	0.000000	0.000000
674.999428	__gene_H_rbs	158.000000	0.000000	0.000000
674.999428	__gene_J_rbs	445.000000	0.000000	0.000000
674.999428	__gene_K_rbs	463.000000	0.000000	0.000000
674.999428	__ribosome	0.000000	0.000000	0.000000
674.999428	bound_ecolipol	1873.000000	0.000000	0.000000
674.999428	bound_ribosome	100.000000	0.000000	0.000000
674.999428	ecoli_genome	127.000000	0.000000	0.000000
674.999428	ecoli_transcript	50851.000000	0.000000	0.000000
674.999428	ecolipol	37.000000	0.000000	0.000000
674.999428	gene_A	307.000000	495.000000	0.004040
674.999428	gene_A*	203.000000	483.000000	0.008282
674.999428	gene_B	151.000000	472.000000	0.004237
674.999428	gene_C	142.000000	461.000000	0.004338
674.999428	gene_D	136.000000	456.000000	0.000000
674.999428	gene_E	140.000000	452.000000	0.002212
674.999428	gene_F	91.000000	311.000000	0.016077
674.999428	gene_G	43.000000	239.000000	0.037657
674.999428	gene_H	0.000000	158.000000	0.221519
674.999428	gene_J	114.000000	445.000000	0.089888
674.999428	gene_K	141.000000	463.000000	0.000000
674.999428	promoter_A	0.000000	0.000000	0.000000
674.999428	promoter_B1	0.000000	0.000000	0.000000
674.999428	promoter_D	0.000000	0.000000	0.000000
679.999084	__gene_A*_rbs	487.000000	0.000000	0.000000
679.999084	__gene_A_rbs	499.000000	0.000000	0.000000
679.999084	__gene_B_rbs	475.000000	0.000000	0.000000
679.999084	__gene_C_rbs	465.000000	0.000000	0.000000
679.999084	__gene_D_rbs	460.000000	0.000000	0.000000
679.999084	__gene_E_rbs	456.000000	0.000000	0.000000
679.999084	__gene_F_rbs	313.000000	0.000000	0.000000
679.999084	__gene_G_rbs	242.000000	0.000000	0.000000
679.999084	__gene_H_rbs	160.000000	0.000000	0.000000
679.999084	__gene_J_rbs	449.000000	0.000000	0.000000
679.999084	__gene_K_rbs	467.000000	0.000000	0.000000
679.999084	__ribosome	0.000000	0.000000	0.000000
679.999084	bound_ecolipol	1879.000000	0.000000	0.000000
679.999084	bound_ribosome	100.000000	0.000000	0.000000
679.999084	ecoli_genome	121.000000	0.000000	0.000000
679.999084	ecoli_transcript	51211.000000	0.000000	0.000000
679.999084	ecolipol	30.000000	0.000000	0.000000
679.999084	gene_A	307.000000	499.000000	0.004008
679.999084	gene_A*	203.000000	487.000000	0.008214
679.999084	gene_B	151.000000	475.000000	0.004211
679.999084	gene_C	142.000000	465.000000	0.006452
679.999084	gene_D	136.000000	460.000000	0.000000
679.999084	gene_E	140.000000	456.000000	0.002193
679.999084	gene_F	91.000000	313.000000	0.015974
679.999084	gene_G	44.000000	242.000000	0.033058
679.999084	gene_H	0.000000	160.000000	0.218750
679.999084	gene_J	114.000000	449.000000	0.089087
679.999084	gene_K	141.000000	467.000000	0.000000
679.999084	promoter_A	0.000000	0.000000	0.000000
679.999084	promoter_B1	0.000000	0.000000	0.000000
679.999084	promoter_D	0.000000	0.000000	0.000000
684.999175	__gene_A*_rbs	490.000000	0.000000	0.000000
684.999175	__gene_A_rbs	503.000000	0.000000	0.000000
684.999175	__gene_B_rbs	479.000000	0.000000	0.000000
684.999175	__gene_C_rbs	469.000000	0.000000	0.000000
684.999175	__gene_D_rbs	464.000000	0.000000	0.000000
684.999175	__gene_E_rbs	459.000000	0.000000	0.000000
684.999175	__gene_F_rbs	317.000000	0.000000	0.000000
684.999175	__gene_G_rbs	243.000000	0.000000	0.000000
684.999175	__gene_H_rbs	162.000000	0.000000	0.000000
684.999175	__gene_J_rbs	452.000000	0.000000	0.000000
684.999175	__gene_K_rbs	471.000000	0.000000	0.000000
684.999175	__ribosome	0.000000	0.000000	0.000000
684.999175	bound_ecolipol	1883.000000	0.000000	0.000000
684.999175	bound_ribosome	100.000000	0.000000	0.000000
684.999175	ecoli_genome	117.000000	0.000000	0.000000
684.999175	ecoli_transcript	51593.000000	0.000000	0.000000
684.999175	ecolipol	24.000000	0.000000	0.000000
684.999175	gene_A	307.000000	503.000000	0.005964
684.999175	gene_A*	204.000000	490.000000	0.008163
684.999175	gene_B	153.000000	479.000000	0.000000
684.999175	gene_C	144.000000	469.000000	0.002132
684.999175	gene_D	136.000000	464.000000	0.006466
684.999175	gene_E	141.000000	459.000000	0.002179
684.999175	gene_F	92.000000	317.000000	0.012618
684.999175	gene_G	44.000000	243.000000	0.032922
684.999175	gene_H	0.000000	162.000000	0.216049
684.999175	gene_J	114.000000	452.000000	0.088496
684.999175	gene_K	141.000000	471.000000	0.002123
684.999175	promoter_A	0.000000	0.000000	0.000000
684.999175	promoter_B1	0.000000	0.000000	0.000000
684.999175	promoter_D	0.000000	0.000000	0.000000
689.999025	__gene_A*_rbs	494.000000	0.000000	0.000000
689.999025	__gene_A_rbs	507.000000	0.000000	0.000000
689.999025	__gene_B_rbs	483.000000	0.000000	0.000000
689.999025	__gene_C_rbs	473.000000	0.000000	0.000000
689.999025	__gene_D_rbs	468.000000	0.000000	0.000000
689.999025	__gene_E_rbs	463.000000	0.000000	0.000000
689.999025	__gene_F_rbs	320.000000	0.000000	0.000000
689.999025	__gene_G_rbs	245.000000	0.000000	0.000000
689.999025	__gene_H_rbs	164.000000	0.000000	0.000000
689.999025	__gene_J_rbs	456.000000	0.000000	0.000000
689.999025	__gene_K_rbs	475.000000	0.000000	0.000000
689.999025	__ribosome	0.000000	0.000000	0.000000
689.999025	bound_ecolipol	1867.000000	0.000000	0.000000
689.999025	bound_ribosome	100.000000	0.000000	0.000000
689.999025	ecoli_genome	133.000000	0.000000	0.000000
689.999025	ecoli_transcript	51981.000000	0.000000	0.000000
689.999025	ecolipol	40.000000	0.000000	0.000000
689.999025	gene_A	307.000000	507.000000	0.005917
689.999025	gene_A*	206.000000	494.000000	0.004049
689.999025	gene_B	153.000000	483.000000	0.002070
689.999025	gene_C	145.000000	473.000000	0.004228
689.999025	gene_D	136.000000	468.000000	0.008547
689.999025	gene_E	141.000000	463.000000	0.002160
689.999025	gene_F	92.000000	320.000000	0.012500
689.999025	gene_G	44.000000	245.000000	0.032653
689.999025	gene_H	0.000000	164.000000	0.213415
689.999025	gene_J	114.000000	456.000000	0.087719
689.999025	gene_K	142.000000	475.000000	0.000000
689.999025	promoter_A	0.000000	0.000000	0.000000
689.999025	promoter_B1	0.000000	0.000000	0.000000
689.999025	promoter_D	0.000000	0.000000	0.000000
694.999033	__gene_A*_rbs	498.000000	0.000000	0.000000
694.999033	__gene_A_rbs	510.000000	0.000000	0.000000
694.999033	__gene_B_rbs	487.000000	0.000000	0.000000
694.999033	__gene_C_rbs	477.000000	0.000000	0.000000
694.999033	__gene_D_rbs	470.000000	0.000000	0.000000
694.999033	__gene_E_rbs	467.000000	0.000000	0.000000
694.999033	__gene_F_rbs	323.000000	0.000000	0.000000
694.999033	__gene_G_rbs	246.000000	0.000000	0.000000
694.999033	__gene_H_rbs	165.000000	0.000000	0.000000
694.999033	__gene_J_rbs	460.000000	0.000000	0.000000
694.999033	__gene_K_rbs	478.000000	0.000000	0.000000
694.999033	__ribosome	0.000000	0.000000	0.000000
694.999033	bound_ecolipol	1874.000000	0.000000	0.000000
694.999033	bound_ribosome	100.000000	0.000000	0.000000
694.999033	ecoli_genome	126.000000	0.000000	0.000000
694.999033	ecoli_transcript	52321.000000	0.000000	0.000000
694.999033	ecolipol	34.000000	0.000000	0.000000
694.999033	gene_A	307.000000	510.000000	0.005882
694.999033	gene_A*	206.000000	498.000000	0.004016
694.999033	gene_B	153.000000	487.000000	0.002053
694.999033	gene_C	145.000000	477.000000	0.004193
694.999033	gene_D	136.000000	471.000000	0.008493
694.999033	gene_E	142.000000	467.000000	0.000000
694.999033	gene_F	92.000000	323.000000	0.015480
694.999033	gene_G	44.000000	246.000000	0.032520
694.999033	gene_H	0.000000	165.000000	0.212121
694.999033	gene_J	114.000000	460.000000	0.086957
694.999033	gene_K	142.000000	478.000000	0.000000
694.999033	promoter_A	0.000000	0.000000	0.000000
694.999033	promoter_B1	0.000000	0.000000	0.000000
694.999033	promoter_D	0.000000	0.000000	0.000000
699.999077	__gene_A*_rbs	501.000000	0.000000	0.000000
699.999077	__gene_A_rbs	514.000000	0.000000	0.000000
699.999077	__gene_B_rbs	490.000000	0.000000	0.000000
699.999077	__gene_C_rbs	480.000000	0.000000	0.000000
699.999077	__gene_D_rbs	474.000000	0.000000	0.000000
699.999077	__gene_E_rbs	471.000000	0.000000	0.000000
699.999077	__gene_F_rbs	325.000000	0.000000	0.000000
699.999077	__gene_G_rbs	246.000000	0.000000	0.000000
699.999077	__gene_H_rbs	165.000000	0.000000	0.000000
699.999077	__gene_J_rbs	463.000000	0.000000	0.000000
699.999077	__gene_K_rbs	482.000000	0.000000	0.000000
699.999077	__ribosome	0.000000	0.000000	0.000000
699.999077	bound_ecolipol	1874.000000	0.000000	0.000000
699.999077	bound_ribosome	100.000000	0.000000	0.000000
699.999077	ecoli_genome	126.000000	0.000000	0.000000
699.999077	ecoli_transcript	52707.000000	0.000000	0.000000
699.999077	ecolipol	38.000000	0.000000	0.000000
699.999077	gene_A	308.000000	514.000000	0.005837
699.999077	gene_A*	207.000000	501.000000	0.005988
699.999077	gene_B	154.000000	490.000000	0.004082
699.999077	gene_C	147.000000	480.000000	0.000000
699.999077	gene_D	139.000000	475.000000	0.006316
699.999077	gene_E	142.000000	471.000000	0.000000
699.999077	gene_F	92.000000	325.000000	0.015385
699.999077	gene_G	44.000000	246.000000	0.032520
699.999077	gene_H	0.000000	165.000000	0.212121
699.999077	gene_J	114.000000	463.000000	0.086393
699.999077	gene_K	142.000000	482.000000	0.002075
699.999077	promoter_A	0.000000	0.000000	0.000000
699.999077	promoter_B1	0.000000	0.000000	0.000000
699.999077	promoter_D	0.000000	0.000000	0.000000
704.999255	__gene_A*_rbs	505.000000	0.000000	0.000000
704.999255	__gene_A_rbs	518.000000	0.000000	0.000000
704.999255	__gene_B_rbs	494.000000	0.000000	0.000000
704.999255	__gene_C_rbs	484.000000	0.000000	0.000000
704.999255	__gene_D_rbs	479.000000	0.000000	0.000000
704.999255	__gene_E_rbs	474.000000	0.000000	0.000000
704.999255	__gene_F_rbs	325.000000	0.000000	0.000000
704.999255	__gene_G_rbs	248.000000	0.000000	0.000000
704.999255	__gene_H_rbs	167.000000	0.000000	0.000000
704.999255	__gene_J_rbs	467.000000	0.000000	0.000000
704.999255	__gene_K_rbs	486.000000	0.000000	0.000000
704.999255	__ribosome	0.000000	0.000000	0.000000
704.999255	bound_ecolipol	1875.000000	0.000000	0.000000
704.999255	bound_ribosome	100.000000	0.000000	0.000000
704.999255	ecoli_genome	125.000000	0.000000	0.000000
704.999255	ecoli_transcript	53070.000000	0.000000	0.000000
704.999255	ecolipol	37.000000	0.000000	0.000000
704.999255	gene_A	309.000000	518.000000	0.003861
704.999255	gene_A*	207.000000	505.000000	0.005941
704.999255	gene_B	154.000000	494.000000	0.004049
704.999255	gene_C	147.000000	484.000000	0.000000
704.999255	gene_D	140.000000	479.000000	0.006263
704.999255	gene_E	142.000000	474.000000	0.002110
704.999255	gene_F	92.000000	325.000000	0.015385
704.999255	gene_G	44.000000	248.000000	0.032258
704.999255	gene_H	0.000000	167.000000	0.209581
704.999255	gene_J	114.000000	467.000000	0.085653
704.999255	gene_K	143.000000	486.000000	0.002058
704.999255	promoter_A	0.000000	0.000000	0.000000
704.999255	promoter_B1	0.000000	0.000000	0.000000
704.999255	promoter_D	0.000000	0.000000	0.000000
709.999087	__gene_A*_rbs	509.000000	0.000000	0.000000
709.999087	__gene_A_rbs	521.000000	0.000000	0.000000
709.999087	__gene_B_rbs	498.000000	0.000000	0.000000
709.999087	__gene_C_rbs	487.000000	0.000000	0.000000
709.999087	__gene_D_rbs	483.000000	0.000000	0.000000
709.999087	__gene_E_rbs	478.000000	0.000000	0.000000
709.999087	__gene_F_rbs	328.000000	0.000000	0.000000
709.999087	__gene_G_rbs	249.000000	0.000000	0.000000
709.999087	__gene_H_rbs	167.000000	0.000000	0.000000
709.999087	__gene_J_rbs	471.000000	0.000000	0.000000
709.999087	__gene_K_rbs	489.000000	0.000000	0.000000
709.999087	__ribosome	0.000000	0.000000	0.000000
709.999087	bound_ecolipol	1876.000000	0.000000	0.000000
709.999087	bound_ribosome	100.000000	0.000000	0.000000
709.999087	ecoli_genome	124.000000	0.000000	0.000000
709.999087	ecoli_transcript	53425.000000	0.000000	0.000000
709.999087	ecolipol	37.000000	0.000000	0.000000
709.999087	gene_A	309.000000	521.000000	0.003839
709.999087	gene_A*	207.000000	509.000000	0.011788
709.999087	gene_B	156.000000	498.000000	0.000000
709.999087	gene_C	147.000000	487.000000	0.002053
709.999087	gene_D	140.000000	483.000000	0.006211
709.999087	gene_E	142.000000	478.000000	0.002092
709.999087	gene_F	95.000000	328.000000	0.009146
709.999087	gene_G	44.000000	249.000000	0.032129
709.999087	gene_H	0.000000	167.000000	0.209581
709.999087	gene_J	114.000000	471.000000	0.084926
709.999087	gene_K	143.000000	489.000000	0.002045
709.999087	promoter_A	0.000000	0.000000	0.000000
709.999087	promoter_B1	0.000000	0.000000	0.000000
709.999087	promoter_D	0.000000	0.000000	0.000000
714.999002	__gene_A*_rbs	512.000000	0.000000	0.000000
714.999002	__gene_A_rbs	525.000000	0.000000	0.000000
714.999002	__gene_B_rbs	502.000000	0.000000	0.000000
714.999002	__gene_C_rbs	491.000000	0.000000	0.000000
714.999002	__gene_D_rbs	486.000000	0.000000	0.000000
714.999002	__gene_E_rbs	481.000000	0.000000	0.000000
714.999002	__gene_F_rbs	330.000000	0.000000	0.000000
714.999002	__gene_G_rbs	252.000000	0.000000	0.000000
714.999002	__gene_H_rbs	167.000000	0.000000	0.000000
714.999002	__gene_J_rbs	475.000000	0.000000	0.000000
714.999002	__gene_K_rbs	493.000000	0.000000	0.000000
714.999002	__ribosome	0.000000	0.000000	0.000000
714.999002	bound_ecolipol	1868.000000	0.000000	0.000000
714.999002	bound_ribosome	100.000000	0.000000	0.000000
714.999002	ecoli_genome	132.000000	0.000000	0.000000
714.999002	ecoli_transcript	53799.000000	0.000000	0.000000
714.999002	ecolipol	45.000000	0.000000	0.000000
714.999002	gene_A	309.000000	525.000000	0.003810
714.999002	gene_A*	207.000000	513.000000	0.017544
714.999002	gene_B	156.000000	502.000000	0.001992
714.999002	gene_C	147.000000	491.000000	0.002037
714.999002	gene_D	142.000000	486.000000	0.002058
714.999002	gene_E	143.000000	481.000000	0.000000
714.999002	gene_F	96.000000	330.000000	0.006061
714.999002	gene_G	44.000000	252.000000	0.031746
714.999002	gene_H	0.000000	167.000000	0.209581
714.999002	gene_J	115.000000	475.000000	0.086316
714.999002	gene_K	144.000000	493.000000	0.000000
714.999002	promoter_A	0.000000	0.000000	0.000000
714.999002	promoter_B1	0.000000	0.000000	0.000000
714.999002	promoter_D	0.000000	0.000000	0.000000
719.999111	__gene_A*_rbs	516.000000	0.000000	0.000000
719.999111	__gene_A_rbs	528.000000	0.000000	0.000000
719.999111	__gene_B_rbs	506.000000	0.000000	0.000000
719.999111	__gene_C_rbs	495.000000	0.000000	0.000000
719.999111	__gene_D_rbs	490.000000	0.000000	0.000000
719.999111	__gene_E_rbs	485.000000	0.000000	0.000000
719.999111	__gene_F_rbs	332.000000	0.000000	0.000000
719.999111	__gene_G_rbs	254.000000	0.000000	0.000000
719.999111	__gene_H_rbs	169.000000	0.000000	0.000000
719.999111	__gene_J_rbs	478.000000	0.000000	0.000000
719.999111	__gene_K_rbs	497.000000	0.000000	0.000000
719.999111	__ribosome	0.000000	0.000000	0.000000
719.999111	bound_ecolipol	1866.000000	0.000000	0.000000
719.999111	bound_ribosome	100.000000	0.000000	0.000000
719.999111	ecoli_genome	134.000000	0.000000	0.000000
719.999111	ecoli_transcript	54181.000000	0.000000	0.000000
719.999111	ecolipol	47.000000	0.000000	0.000000
719.999111	gene_A	309.000000	528.000000	0.003788
719.999111	gene_A*	208.000000	516.000000	0.015504
719.999111	gene_B	156.000000	506.000000	0.001976
719.999111	gene_C	148.000000	495.000000	0.000000
719.999111	gene_D	143.000000	490.000000	0.002041
719.999111	gene_E	143.000000	485.000000	0.000000
719.999111	gene_F	96.000000	332.000000	0.009036
719.999111	gene_G	44.000000	254.000000	0.035433
719.999111	gene_H	0.000000	169.000000	0.207101
719.999111	gene_J	116.000000	478.000000	0.085774
719.999111	gene_K	144.000000	497.000000	0.000000
719.999111	promoter_A	0.000000	0.000000	0.000000
719.999111	promoter_B1	0.000000	0.000000	0.000000
719.999111	promoter_D	0.000000	0.000000	0.000000
724.999177	__gene_A*_rbs	520.000000	0.000000	0.000000
724.999177	__gene_A_rbs	532.000000	0.000000	0.000000
724.999177	__gene_B_rbs	509.000000	0.000000	0.000000
724.999177	__gene_C_rbs	499.000000	0.000000	0.000000
724.999177	__gene_D_rbs	493.000000	0.000000	0.000000
724.999177	__gene_E_rbs	489.000000	0.000000	0.000000
724.999177	__gene_F_rbs	335.000000	0.000000	0.000000
724.999177	__gene_G_rbs	257.000000	0.000000	0.000000
724.999177	__gene_H_rbs	170.000000	0.000000	0.000000
724.999177	__gene_J_rbs	482.000000	0.000000	0.000000
724.999177	__gene_K_rbs	500.000000	0.000000	0.000000
724.999177	__ribosome	0.000000	0.000000	0.000000
724.999177	bound_ecolipol	1873.000000	0.000000	0.000000
724.999177	bound_ribosome	100.000000	0.000000	0.000000
724.999177	ecoli_genome	127.000000	0.000000	0.000000
724.999177	ecoli_transcript	54573.000000	0.000000	0.000000
724.999177	ecolipol	38.000000	0.000000	0.000000
724.999177	gene_A	309.000000	532.000000	0.003759
724.999177	gene_A*	208.000000	520.000000	0.015385
724.999177	gene_B	156.000000	509.000000	0.001965
724.999177	gene_C	148.000000	499.000000	0.000000
724.999177	gene_D	143.000000	493.000000	0.002028
724.999177	gene_E	143.000000	489.000000	0.000000
724.999177	gene_F	96.000000	335.000000	0.008955
724.999177	gene_G	44.000000	257.000000	0.035019
724.999177	gene_H	0.000000	170.000000	0.205882
724.999177	gene_J	116.000000	482.000000	0.085062
724.999177	gene_K	144.000000	501.000000	0.000000
724.999177	promoter_A	0.000000	0.000000	0.000000
724.999177	promoter_B1	0.000000	0.000000	0.000000
724.999177	promoter_D	0.000000	0.000000	0.000000
729.999145	__gene_A*_rbs	524.000000	0.000000	0.000000
729.999145	__gene_A_rbs	536.000000	0.000000	0.000000
729.999145	__gene_B_rbs	513.000000	0.000000	0.000000
729.999145	__gene_C_rbs	501.000000	0.000000	0.000000
729.999145	__gene_D_rbs	497.000000	0.000000	0.000000
729.999145	__gene_E_rbs	492.000000	0.000000	0.000000
729.999145	__gene_F_rbs	338.000000	0.000000	0.000000
729.999145	__gene_G_rbs	260.000000	0.000000	0.000000
729.999145	__gene_H_rbs	171.000000	0.000000	0.000000
729.999145	__gene_J_rbs	486.000000	0.000000	0.000000
729.999145	__gene_K_rbs	504.000000	0.000000	0.000000
729.999145	__ribosome	0.000000	0.000000	0.000000
729.999145	bound_ecolipol	1864.000000	0.000000	0.000000
729.999145	bound_ribosome	100.000000	0.000000	0.000000
729.999145	ecoli_genome	136.000000	0.000000	0.000000
729.999145	ecoli_transcript	54939.000000	0.000000	0.000000
729.999145	ecolipol	48.000000	0.000000	0.000000
729.999145	gene_A	309.000000	536.000000	0.003731
729.999145	gene_A*	208.000000	524.000000	0.015267
729.999145	gene_B	157.000000	513.000000	0.000000
729.999145	gene_C	148.000000	502.000000	0.000000
729.999145	gene_D	143.000000	497.000000	0.002012
729.999145	gene_E	143.000000	492.000000	0.000000
729.999145	gene_F	96.000000	338.000000	0.008876
729.999145	gene_G	44.000000	260.000000	0.034615
729.999145	gene_H	0.000000	171.000000	0.204678
729.999145	gene_J	116.000000	486.000000	0.084362
729.999145	gene_K	144.000000	504.000000	0.001984
729.999145	promoter_A	0.000000	0.000000	0.000000
729.999145	promoter_B1	0.000000	0.000000	0.000000
729.999145	promoter_D	0.000000	0.000000	0.000000
734.999022	__gene_A*_rbs	527.000000	0.000000	0.000000
734.999022	__gene_A_rbs	540.000000	0.000000	0.000000
734.999022	__gene_B_rbs	517.000000	0.000000	0.000000
734.999022	__gene_C_rbs	506.000000	0.000000	0.000000
734.999022	__gene_D_rbs	500.000000	0.000000	0.000000
734.999022	__gene_E_rbs	496.000000	0.000000	0.000000
734.999022	__gene_F_rbs	341.000000	0.000000	0.000000
734.999022	__gene_G_rbs	262.000000	0.000000	0.000000
734.999022	__gene_H_rbs	171.000000	0.000000	0.000000
734.999022	__gene_J_rbs	489.000000	0.000000	0.000000
734.999022	__gene_K_rbs	508.000000	0.000000	0.000000
734.999022	__ribosome	0.000000	0.000000	0.000000
734.999022	bound_ecolipol	1865.000000	0.000000	0.000000
734.999022	bound_ribosome	100.000000	0.000000	0.000000
734.999022	ecoli_genome	135.000000	0.000000	0.000000
734.999022	ecoli_transcript	55274.000000	0.000000	0.000000
734.999022	ecolipol	45.000000	0.000000	0.000000
734.999022	gene_A	310.000000	540.000000	0.003704
734.999022	gene_A*	210.000000	527.000000	0.011385
734.999022	gene_B	157.000000	517.000000	0.000000
734.999022	gene_C	148.000000	506.000000	0.000000
734.999022	gene_D	144.000000	500.000000	0.000000
734.999022	gene_E	143.000000	496.000000	0.000000
734.999022	gene_F	97.000000	341.000000	0.008798
734.999022	gene_G	44.000000	262.000000	0.034351
734.999022	gene_H	0.000000	172.000000	0.209302
734.999022	gene_J	117.000000	489.000000	0.087935
734.999022	gene_K	145.000000	508.000000	0.001969
734.999022	promoter_A	0.000000	0.000000	0.000000
734.999022	promoter_B1	0.000000	0.000000	0.000000
734.999022	promoter_D	0.000000	0.000000	0.000000
739.999171	__gene_A*_rbs	531.000000	0.000000	0.000000
739.999171	__gene_A_rbs	543.000000	0.000000	0.000000
739.999171	__gene_B_rbs	521.000000	0.000000	0.000000
739.999171	__gene_C_rbs	509.000000	0.000000	0.000000
739.999171	__gene_D_rbs	504.000000	0.000000	0.000000
739.999171	__gene_E_rbs	499.000000	0.000000	0.000000
739.999171	__gene_F_rbs	343.000000	0.000000	0.000000
739.999171	__gene_G_rbs	263.000000	0.000000	0.000000
739.999171	__gene_H_rbs	175.000000	0.000000	0.000000
739.999171	__gene_J_rbs	493.000000	0.000000	0.000000
739.999171	__gene_K_rbs	511.000000	0.000000	0.000000
739.999171	__ribosome	0.000000	0.000000	0.000000
739.999171	bound_ecolipol	1871.000000	0.000000	0.000000
739.999171	bound_ribosome	100.000000	0.000000	0.000000
739.999171	ecoli_genome	129.000000	0.000000	0.000000
739.999171	ecoli_transcript	55639.000000	0.000000	0.000000
739.999171	ecolipol	38.000000	0.000000	0.000000
739.999171	gene_A	310.000000	543.000000	0.003683
739.999171	gene_A*	210.000000	531.000000	0.015066
739.999171	gene_B	157.000000	521.000000	0.001919
739.999171	gene_C	148.000000	509.000000	0.000000
739.999171	gene_D	144.000000	504.000000	0.000000
739.999171	gene_E	143.000000	499.000000	0.000000
739.999171	gene_F	97.000000	343.000000	0.008746
739.999171	gene_G	44.000000	263.000000	0.034221
739.999171	gene_H	0.000000	175.000000	0.205714
739.999171	gene_J	119.000000	493.000000	0.083164
739.999171	gene_K	146.000000	511.000000	0.000000
739.999171	promoter_A	0.000000	0.000000	0.000000
739.999171	promoter_B1	0.000000	0.000000	0.000000
739.999171	promoter_D	0.000000	0.000000	0.000000
744.999633	__gene_A*_rbs	535.000000	0.000000	0.000000
744.999633	__gene_A_rbs	547.000000	0.000000	0.000000
744.999633	__gene_B_rbs	524.000000	0.000000	0.000000
744.999633	__gene_C_rbs	512.000000	0.000000	0.000000
744.999633	__gene_D_rbs	508.000000	0.000000	0.000000
744.999633	__gene_E_rbs	503.000000	0.000000	0.000000
744.999633	__gene_F_rbs	344.000000	0.000000	0.000000
744.999633	__gene_G_rbs	264.000000	0.000000	0.000000
744.999633	__gene_H_rbs	178.000000	0.000000	0.000000
744.999633	__gene_J_rbs	497.000000	0.000000	0.000000
744.999633	__gene_K_rbs	515.000000	0.000000	0.000000
744.999633	__ribosome	0.000000	0.000000	0.000000
744.999633	bound_ecolipol	1866.000000	0.000000	0.000000
744.999633	bound_ribosome	100.000000	0.000000	0.000000
744.999633	ecoli_genome	134.000000	0.000000	0.000000
744.999633	ecoli_transcript	56021.000000	0.000000	0.000000
744.999633	ecolipol	41.000000	0.000000	0.000000
744.999633	gene_A	310.000000	547.000000	0.007313
744.999633	gene_A*	214.000000	535.000000	0.007477
744.999633	gene_B	157.000000	524.000000	0.001908
744.999633	gene_C	148.000000	513.000000	0.001949
744.999633	gene_D	144.000000	508.000000	0.000000
744.999633	gene_E	143.000000	503.000000	0.000000
744.999633	gene_F	97.000000	344.000000	0.008721
744.999633	gene_G	44.000000	264.000000	0.034091
744.999633	gene_H	0.000000	178.000000	0.207865
744.999633	gene_J	119.000000	497.000000	0.082495
744.999633	gene_K	146.000000	515.000000	0.000000
744.999633	promoter_A	0.000000	0.000000	0.000000
744.999633	promoter_B1	0.000000	0.000000	0.000000
744.999633	promoter_D	0.000000	0.000000	0.000000
749.999009	__gene_A*_rbs	538.000000	0.000000	0.000000
749.999009	__gene_A_rbs	551.000000	0.000000	0.000000
749.999009	__gene_B_rbs	528.000000	0.000000	0.000000
749.999009	__gene_C_rbs	517.000000	0.000000	0.000000
749.999009	__gene_D_rbs	512.000000	0.000000	0.000000
749.999009	__gene_E_rbs	507.000000	0.000000	0.000000
749.999009	__gene_F_rbs	347.000000	0.000000	0.000000
749.999009	__gene_G_rbs	266.000000	0.000000	0.000000
749.999009	__gene_H_rbs	181.000000	0.000000	0.000000
749.999009	__gene_J_rbs	500.000000	0.000000	0.000000
749.999009	__gene_K_rbs	519.000000	0.000000	0.000000
749.999009	__ribosome	0.000000	0.000000	0.000000
749.999009	bound_ecolipol	1866.000000	0.000000	0.000000
749.999009	bound_ribosome	100.000000	0.000000	0.000000
749.999009	ecoli_genome	134.000000	0.000000	0.000000
749.999009	ecoli_transcript	56398.000000	0.000000	0.000000
749.999009	ecolipol	42.000000	0.000000	0.000000
749.999009	gene_A	310.000000	551.000000	0.007260
749.999009	gene_A*	216.000000	538.000000	0.005576
749.999009	gene_B	158.000000	528.000000	0.000000
749.999009	gene_C	148.000000	517.000000	0.003868
749.999009	gene_D	144.000000	512.000000	0.000000
749.999009	gene_E	143.000000	507.000000	0.000000
749.999009	gene_F	97.000000	347.000000	0.008646
749.999009	gene_G	44.000000	266.000000	0.033835
749.999009	gene_H	0.000000	181.000000	0.204420
749.999009	gene_J	119.000000	500.000000	0.084000
749.999009	gene_K	146.000000	519.000000	0.000000
749.999009	promoter_A	0.000000	0.000000	0.000000
749.999009	promoter_B1	0.000000	0.000000	0.000000
749.999009	promoter_D	0.000000	0.000000	0.000000
754.999015	__gene_A*_rbs	542.000000	0.000000	0.000000
754.999015	__gene_A_rbs	554.000000	0.000000	0.000000
754.999015	__gene_B_rbs	531.000000	0.000000	0.000000
754.999015	__gene_C_rbs	520.000000	0.000000	0.000000
754.999015	__gene_D_rbs	515.000000	0.000000	0.000000
754.999015	__gene_E_rbs	511.000000	0.000000	0.000000
754.999015	__gene_F_rbs	351.000000	0.000000	0.000000
754.999015	__gene_G_rbs	267.000000	0.000000	0.000000
754.999015	__gene_H_rbs	181.000000	0.000000	0.000000
754.999015	__gene_J_rbs	504.000000	0.000000	0.000000
754.999015	__gene_K_rbs	522.000000	0.000000	0.000000
754.999015	__ribosome	0.000000	0.000000	0.000000
754.999015	bound_ecolipol	1866.000000	0.000000	0.000000
754.999015	bound_ribosome	100.000000	0.000000	0.000000
754.999015	ecoli_genome	134.000000	0.000000	0.000000
754.999015	ecoli_transcript	56748.000000	0.000000	0.000000
754.999015	ecolipol	43.000000	0.000000	0.000000
754.999015	gene_A	311.000000	554.000000	0.007220
754.999015	gene_A*	216.000000	542.000000	0.005535
754.999015	gene_B	158.000000	531.000000	0.001883
754.999015	gene_C	149.000000	520.000000	0.001923
754.999015	gene_D	144.000000	515.000000	0.000000
754.999015	gene_E	143.000000	511.000000	0.000000
754.999015	gene_F	98.000000	351.000000	0.008547
754.999015	gene_G	44.000000	267.000000	0.033708
754.999015	gene_H	0.000000	181.000000	0.204420
754.999015	gene_J	120.000000	504.000000	0.083333
754.999015	gene_K	146.000000	522.000000	0.000000
754.999015	promoter_A	0.000000	0.000000	0.000000
754.999015	promoter_B1	0.000000	0.000000	0.000000
754.999015	promoter_D	0.000000	0.000000	0.000000
759.999025	__gene_A*_rbs	546.000000	0.000000	0.000000
759.999025	__gene_A_rbs	558.000000	0.000000	0.000000
759.999025	__gene_B_rbs	535.000000	0.000000	0.000000
759.999025	__gene_C_rbs	524.000000	0.000000	0.000000
759.999025	__gene_D_rbs	519.000000	0.000000	0.000000
759.999025	__gene_E_rbs	515.000000	0.000000	0.000000
759.999025	__gene_F_rbs	353.000000	0.000000	0.000000
759.999025	__gene_G_rbs	269.000000	0.000000	0.000000
759.999025	__gene_H_rbs	181.000000	0.000000	0.000000
759.999025	__gene_J_rbs	508.000000	0.000000	0.000000
759.999025	__gene_K_rbs	526.000000	0.000000	0.000000
759.999025	__ribosome	0.000000	0.000000	0.000000
759.999025	bound_ecolipol	1870.000000	0.000000	0.000000
759.999025	bound_ribosome	100.000000	0.000000	0.000000
759.999025	ecoli_genome	130.000000	0.000000	0.000000
759.999025	ecoli_transcript	57150.000000	0.000000	0.000000
759.999025	ecolipol	36.000000	0.000000	0.000000
759.999025	gene_A	311.000000	558.000000	0.007168
759.999025	gene_A*	216.000000	546.000000	0.005495
759.999025	gene_B	158.000000	535.000000	0.001869
759.999025	gene_C	150.000000	524.000000	0.001908
759.999025	gene_D	144.000000	519.000000	0.000000
759.999025	gene_E	143.000000	515.000000	0.001942
759.999025	gene_F	99.000000	353.000000	0.005666
759.999025	gene_G	44.000000	269.000000	0.033457
759.999025	gene_H	0.000000	181.000000	0.209945
759.999025	gene_J	121.000000	508.000000	0.080709
759.999025	gene_K	146.000000	526.000000	0.000000
759.999025	promoter_A	0.000000	0.000000	0.000000
759.999025	promoter_B1	0.000000	0.000000	0.000000
759.999025	promoter_D	0.000000	0.000000	0.000000
764.999059	__gene_A*_rbs	549.000000	0.000000	0.000000
764.999059	__gene_A_rbs	561.000000	0.000000	0.000000
764.999059	__gene_B_rbs	539.000000	0.000000	0.000000
764.999059	__gene_C_rbs	528.000000	0.000000	0.000000
764.999059	__gene_D_rbs	522.000000	0.000000	0.000000
764.999059	__gene_E_rbs	518.000000	0.000000	0.000000
764.999059	__gene_F_rbs	356.000000	0.000000	0.000000
764.999059	__gene_G_rbs	271.000000	0.000000	0.000000
764.999059	__gene_H_rbs	183.000000	0.000000	0.000000
764.999059	__gene_J_rbs	511.000000	0.000000	0.000000
764.999059	__gene_K_rbs	530.000000	0.000000	0.000000
764.999059	__ribosome	0.000000	0.000000	0.000000
764.999059	bound_ecolipol	1854.000000	0.000000	0.000000
764.999059	bound_ribosome	100.000000	0.000000	0.000000
764.999059	ecoli_genome	146.000000	0.000000	0.000000
764.999059	ecoli_transcript	57537.000000	0.000000	0.000000
764.999059	ecolipol	52.000000	0.000000	0.000000
764.999059	gene_A	311.000000	561.000000	0.007130
764.999059	gene_A*	216.000000	549.000000	0.005464
764.999059	gene_B	158.000000	539.000000	0.001855
764.999059	gene_C	150.000000	528.000000	0.001894
764.999059	gene_D	144.000000	522.000000	0.000000
764.999059	gene_E	143.000000	518.000000	0.001931
764.999059	gene_F	99.000000	356.000000	0.005618
764.999059	gene_G	44.000000	271.000000	0.033210
764.999059	gene_H	0.000000	183.000000	0.207650
764.999059	gene_J	121.000000	511.000000	0.080235
764.999059	gene_K	146.000000	530.000000	0.000000
764.999059	promoter_A	0.000000	0.000000	0.000000
764.999059	promoter_B1	0.000000	0.000000	0.000000
764.999059	promoter_D	0.000000	0.000000	0.000000
769.999003	__gene_A*_rbs	553.000000	0.000000	0.000000
769.999003	__gene_A_rbs	565.000000	0.000000	0.000000
769.999003	__gene_B_rbs	542.000000	0.000000	0.000000
769.999003	__gene_C_rbs	531.000000	0.000000	0.000000
769.999003	__gene_D_rbs	526.000000	0.000000	0.000000
769.999003	__gene_E_rbs	522.000000	0.000000	0.000000
769.999003	__gene_F_rbs	358.000000	0.000000	0.000000
769.999003	__gene_G_rbs	274.000000	0.000000	0.000000
769.999003	__gene_H_rbs	184.000000	0.000000	0.000000
769.999003	__gene_J_rbs	515.000000	0.000000	0.000000
769.999003	__gene_K_rbs	533.000000	0.000000	0.000000
769.999003	__ribosome	0.000000	0.000000	0.000000
769.999003	bound_ecolipol	1867.000000	0.000000	0.000000
769.999003	bound_ribosome	100.000000	0.000000	0.000000
769.999003	ecoli_genome	133.000000	0.000000	0.000000
769.999003	ecoli_transcript	57908.000000	0.000000	0.000000
769.999003	ecolipol	39.000000	0.000000	0.000000
769.999003	gene_A	311.000000	565.000000	0.008850
769.999003	gene_A*	216.000000	553.000000	0.005425
769.999003	gene_B	159.000000	542.000000	0.000000
769.999003	gene_C	151.000000	531.000000	0.000000
769.999003	gene_D	144.000000	526.000000	0.000000
769.999003	gene_E	144.000000	522.000000	0.000000
769.999003	gene_F	99.000000	358.000000	0.005587
769.999003	gene_G	44.000000	274.000000	0.032847
769.999003	gene_H	0.000000	184.000000	0.206522
769.999003	gene_J	121.000000	515.000000	0.083495
769.999003	gene_K	146.000000	533.000000	0.000000
769.999003	promoter_A	0.000000	0.000000	0.000000
769.999003	promoter_B1	0.000000	0.000000	0.000000
769.999003	promoter_D	0.000000	0.000000	0.000000
774.999131	__gene_A*_rbs	557.000000	0.000000	0.000000
774.999131	__gene_A_rbs	569.000000	0.000000	0.000000
774.999131	__gene_B_rbs	545.000000	0.000000	0.000000
774.999131	__gene_C_rbs	535.000000	0.000000	0.000000
774.999131	__gene_D_rbs	530.000000	0.000000	0.000000
774.999131	__gene_E_rbs	525.000000	0.000000	0.000000
774.999131	__gene_F_rbs	359.000000	0.000000	0.000000
774.999131	__gene_G_rbs	276.000000	0.000000	0.000000
774.999131	__gene_H_rbs	186.000000	0.000000	0.000000
774.999131	__gene_J_rbs	519.000000	0.000000	0.000000
774.999131	__gene_K_rbs	536.000000	0.000000	0.000000
774.999131	__ribosome	0.000000	0.000000	0.000000
774.999131	bound_ecolipol	1868.000000	0.000000	0.000000
774.999131	bound_ribosome	100.000000	0.000000	0.000000
774.999131	ecoli_genome	132.000000	0.000000	0.000000
774.999131	ecoli_transcript	58279.000000	0.000000	0.000000
774.999131	ecolipol	43.000000	0.000000	0.000000
774.999131	gene_A	311.000000	569.000000	0.008787
774.999131	gene_A*	218.000000	557.000000	0.001795
774.999131	gene_B	159.000000	545.000000	0.000000
774.999131	gene_C	151.000000	535.000000	0.000000
774.999131	gene_D	144.000000	530.000000	0.001887
774.999131	gene_E	144.000000	525.000000	0.001905
774.999131	gene_F	100.000000	359.000000	0.005571
774.999131	gene_G	44.000000	276.000000	0.032609
774.999131	gene_H	0.000000	186.000000	0.204301
774.999131	gene_J	123.000000	519.000000	0.080925
774.999131	gene_K	146.000000	537.000000	0.001862
774.999131	promoter_A	0.000000	0.000000	0.000000
774.999131	promoter_B1	0.000000	0.000000	0.000000
774.999131	promoter_D	0.000000	0.000000	0.000000
779.999146	__gene_A*_rbs	560.000000	0.000000	0.000000
779.999146	__gene_A_rbs	572.000000	0.000000	0.000000
779.999146	__gene_B_rbs	549.000000	0.000000	0.000000
779.999146	__gene_C_rbs	538.000000	0.000000	0.000000
779.999146	__gene_D_rbs	533.000000	0.000000	0.000000
779.999146	__gene_E_rbs	528.000000	0.000000	0.000000
779.999146	__gene_F_rbs	361.000000	0.000000	0.000000
779.999146	__gene_G_rbs	278.000000	0.000000	0.000000
779.999146	__gene_H_rbs	188.000000	0.000000	0.000000
779.999146	__gene_J_rbs	522.000000	0.000000	0.000000
779.999146	__gene_K_rbs	540.000000	0.000000	0.000000
779.999146	__ribosome	0.000000	0.000000	0.000000
779.999146	bound_ecolipol	1859.000000	0.000000	0.000000
779.999146	bound_ribosome	100.000000	0.000000	0.000000
779.999146	ecoli_genome	141.000000	0.000000	0.000000
779.999146	ecoli_transcript	58687.000000	0.000000	0.000000
779.999146	ecolipol	52.000000	0.000000	0.000000
779.999146	gene_A	311.000000	572.000000	0.008741
779.999146	gene_A*	218.000000	560.000000	0.001786
779.999146	gene_B	159.000000	549.000000	0.000000
779.999146	gene_C	151.000000	538.000000	0.000000
779.999146	gene_D	144.000000	533.000000	0.001876
779.999146	gene_E	144.000000	529.000000	0.001890
779.999146	gene_F	100.000000	361.000000	0.005540
779.999146	gene_G	44.000000	278.000000	0.032374
779.999146	gene_H	0.000000	188.000000	0.202128
779.999146	gene_J	123.000000	522.000000	0.080460
779.999146	gene_K	146.000000	541.000000	0.001848
779.999146	promoter_A	0.000000	0.000000	0.000000
779.999146	promoter_B1	0.000000	0.000000	0.000000
779.999146	promoter_D	0.000000	0.000000	0.000000
784.999152	__gene_A*_rbs	564.000000	0.000000	0.000000
784.999152	__gene_A_rbs	576.000000	0.000000	0.000000
784.999152	__gene_B_rbs	553.000000	0.000000	0.000000
784.999152	__gene_C_rbs	541.000000	0.000000	0.000000
784.999152	__gene_D_rbs	537.000000	0.000000	0.000000
784.999152	__gene_E_rbs	533.000000	0.000000	0.000000
784.999152	__gene_F_rbs	364.000000	0.000000	0.000000
784.999152	__gene_G_rbs	279.000000	0.000000	0.000000
784.999152	__gene_H_rbs	190.000000	0.000000	0.000000
784.999152	__gene_J_rbs	526.000000	0.000000	0.000000
784.999152	__gene_K_rbs	544.000000	0.000000	0.000000
784.999152	__ribosome	0.000000	0.000000	0.000000
784.999152	bound_ecolipol	1861.000000	0.000000	0.000000
784.999152	bound_ribosome	100.000000	0.000000	0.000000
784.999152	ecoli_genome	139.000000	0.000000	0.000000
784.999152	ecoli_transcript	59071.000000	0.000000	0.000000
784.999152	ecolipol	49.000000	0.000000	0.000000
784.999152	gene_A	311.000000	576.000000	0.008681
784.999152	gene_A*	219.000000	564.000000	0.000000
784.999152	gene_B	159.000000	553.000000	0.003617
784.999152	gene_C	151.000000	542.000000	0.000000
784.999152	gene_D	144.000000	537.000000	0.001862
784.999152	gene_E	145.000000	533.000000	0.000000
784.999152	gene_F	100.000000	364.000000	0.005495
784.999152	gene_G	44.000000	279.000000	0.032258
784.999152	gene_H	0.000000	190.000000	0.200000
784.999152	gene_J	123.000000	526.000000	0.079848
784.999152	gene_K	147.000000	544.000000	0.001838
784.999152	promoter_A	0.000000	0.000000	0.000000
784.999152	promoter_B1	0.000000	0.000000	0.000000
784.999152	promoter_D	0.000000	0.000000	0.000000
789.999242	__gene_A*_rbs	568.000000	0.000000	0.000000
789.999242	__gene_A_rbs	580.000000	0.000000	0.000000
789.999242	__gene_B_rbs	557.000000	0.000000	0.000000
789.999242	__gene_C_rbs	546.000000	0.000000	0.000000
789.999242	__gene_D_rbs	540.000000	0.000000	0.000000
789.999242	__gene_E_rbs	535.000000	0.000000	0.000000
789.999242	__gene_F_rbs	365.000000	0.000000	0.000000
789.999242	__gene_G_rbs	281.000000	0.000000	0.000000
789.999242	__gene_H_rbs	192.000000	0.000000	0.000000
789.999242	__gene_J_rbs	529.000000	0.000000	0.000000
789.999242	__gene_K_rbs	546.000000	0.000000	0.000000
789.999242	__ribosome	0.000000	0.000000	0.000000
789.999242	bound_ecolipol	1876.000000	0.000000	0.000000
789.999242	bound_ribosome	100.000000	0.000000	0.000000
789.999242	ecoli_genome	124.000000	0.000000	0.000000
789.999242	ecoli_transcript	59486.000000	0.000000	0.000000
789.999242	ecolipol	34.000000	0.000000	0.000000
789.999242	gene_A	312.000000	580.000000	0.006897
789.999242	gene_A*	219.000000	568.000000	0.000000
789.999242	gene_B	159.000000	557.000000	0.003591
789.999242	gene_C	151.000000	546.000000	0.000000
789.999242	gene_D	145.000000	540.000000	0.000000
789.999242	gene_E	145.000000	536.000000	0.001866
789.999242	gene_F	100.000000	365.000000	0.005479
789.999242	gene_G	44.000000	281.000000	0.035587
789.999242	gene_H	0.000000	192.000000	0.197917
789.999242	gene_J	123.000000	530.000000	0.081132
789.999242	gene_K	148.000000	548.000000	0.000000
789.999242	promoter_A	0.000000	0.000000	0.000000
789.999242	promoter_B1	0.000000	0.000000	0.000000
789.999242	promoter_D	0.000000	0.000000	0.000000
794.999008	__gene_A*_rbs	571.000000	0.000000	0.000000
794.999008	__gene_A_rbs	584.000000	0.000000	0.000000
794.999008	__gene_B_rbs	561.000000	0.000000	0.000000
794.999008	__gene_C_rbs	549.000000	0.000000	0.000000
794.999008	__gene_D_rbs	544.000000	0.000000	0.000000
794.999008	__gene_E_rbs	540.000000	0.000000	0.000000
794.999008	__gene_F_rbs	369.000000	0.000000	0.000000
794.999008	__gene_G_rbs	282.000000	0.000000	0.000000
794.999008	__gene_H_rbs	194.000000	0.000000	0.000000
794.999008	__gene_J_rbs	534.000000	0.000000	0.000000
794.999008	__gene_K_rbs	552.000000	0.000000	0.000000
794.999008	__ribosome	0.000000	0.000000	0.000000
794.999008	bound_ecolipol	1873.000000	0.000000	0.000000
794.999008	bound_ribosome	100.000000	0.000000	0.000000
794.999008	ecoli_genome	127.000000	0.000000	0.000000
794.999008	ecoli_transcript	59853.000000	0.000000	0.000000
794.999008	ecolipol	35.000000	0.000000	0.000000
794.999008	gene_A	314.000000	584.000000	0.003425
794.999008	gene_A*	219.000000	571.000000	0.000000
794.999008	gene_B	160.000000	561.000000	0.001783
794.999008	gene_C	151.000000	549.000000	0.001821
794.999008	gene_D	145.000000	544.000000	0.000000
794.999008	gene_E	145.000000	540.000000	0.001852
794.999008	gene_F	101.000000	369.000000	0.008130
794.999008	gene_G	44.000000	282.000000	0.035461
794.999008	gene_H	0.000000	194.000000	0.195876
794.999008	gene_J	124.000000	534.000000	0.082397
794.999008	gene_K	148.000000	552.000000	0.000000
794.999008	promoter_A	0.000000	0.000000	0.000000
794.999008	promoter_B1	0.000000	0.000000	0.000000
794.999008	promoter_D	0.000000	0.000000	0.000000
799.999063	__gene_A*_rbs	575.000000	0.000000	0.000000
799.999063	__gene_A_rbs	588.000000	0.000000	0.000000
799.999063	__gene_B_rbs	564.000000	0.000000	0.000000
799.999063	__gene_C_rbs	553.000000	0.000000	0.000000
799.999063	__gene_D_rbs	548.000000	0.000000	0.000000
799.999063	__gene_E_rbs	543.000000	0.000000	0.000000
799.999063	__gene_F_rbs	372.000000	0.000000	0.000000
799.999063	__gene_G_rbs	283.000000	0.000000	0.000000
799.999063	__gene_H_rbs	195.000000	0.000000	0.000000
799.999063	__gene_J_rbs	537.000000	0.000000	0.000000
799.999063	__gene_K_rbs	555.000000	0.000000	0.000000
799.999063	__ribosome	0.000000	0.000000	0.000000
799.999063	bound_ecolipol	1869.000000	0.000000	0.000000
799.999063	bound_ribosome	100.000000	0.000000	0.000000
799.999063	ecoli_genome	131.000000	0.000000	0.000000
799.999063	ecoli_transcript	60209.000000	0.000000	0.000000
799.999063	ecolipol	36.000000	0.000000	0.000000
799.999063	gene_A	314.000000	588.000000	0.003401
799.999063	gene_A*	219.000000	575.000000	0.000000
799.999063	gene_B	161.000000	564.000000	0.000000
799.999063	gene_C	151.000000	553.000000	0.001808
799.999063	gene_D	145.000000	548.000000	0.001825
799.999063	gene_E	146.000000	543.000000	0.000000
799.999063	gene_F	101.000000	372.000000	0.008065
799.999063	gene_G	44.000000	283.000000	0.035336
799.999063	gene_H	0.000000	195.000000	0.194872
799.999063	gene_J	124.000000	537.000000	0.083799
799.999063	gene_K	148.000000	555.000000	0.000000
799.999063	promoter_A	0.000000	0.000000	0.000000
799.999063	promoter_B1	0.000000	0.000000	0.000000
799.999063	promoter_D	0.000000	0.000000	0.000000
804.999231	__gene_A*_rbs	579.000000	0.000000	0.000000
804.999231	__gene_A_rbs	591.000000	0.000000	0.000000
804.999231	__gene_B_rbs	568.000000	0.000000	0.000000
804.999231	__gene_C_rbs	557.000000	0.000000	0.000000
804.999231	__gene_D_rbs	551.000000	0.000000	0.000000
804.999231	__gene_E_rbs	547.000000	0.000000	0.000000
804.999231	__gene_F_rbs	376.000000	0.000000	0.000000
804.999231	__gene_G_rbs	287.000000	0.000000	0.000000
804.999231	__gene_H_rbs	196.000000	0.000000	0.000000
804.999231	__gene_J_rbs	541.000000	0.000000	0.000000
804.999231	__gene_K_rbs	559.000000	0.000000	0.000000
804.999231	__ribosome	0.000000	0.000000	0.000000
804.999231	bound_ecolipol	1875.000000	0.000000	0.000000
804.999231	bound_ribosome	100.000000	0.000000	0.000000
804.999231	ecoli_genome	125.000000	0.000000	0.000000
804.999231	ecoli_transcript	60592.000000	0.000000	0.000000
804.999231	ecolipol	32.000000	0.000000	0.000000
804.999231	gene_A	315.000000	591.000000	0.001692
804.999231	gene_A*	219.000000	579.000000	0.000000
804.999231	gene_B	161.000000	568.000000	0.000000
804.999231	gene_C	152.000000	557.000000	0.001795
804.999231	gene_D	145.000000	551.000000	0.001815
804.999231	gene_E	146.000000	547.000000	0.000000
804.999231	gene_F	101.000000	376.000000	0.013298
804.999231	gene_G	45.000000	287.000000	0.034843
804.999231	gene_H	0.000000	196.000000	0.193878
804.999231	gene_J	125.000000	541.000000	0.081331
804.999231	gene_K	148.000000	559.000000	0.000000
804.999231	promoter_A	0.000000	0.000000	0.000000
804.999231	promoter_B1	0.000000	0.000000	0.000000
804.999231	promoter_D	0.000000	0.000000	0.000000
809.999046	__gene_A*_rbs	582.000000	0.000000	0.000000
809.999046	__gene_A_rbs	595.000000	0.000000	0.000000
809.999046	__gene_B_rbs	572.000000	0.000000	0.000000
809.999046	__gene_C_rbs	560.000000	0.000000	0.000000
809.999046	__gene_D_rbs	555.000000	0.000000	0.000000
809.999046	__gene_E_rbs	551.000000	0.000000	0.000000
809.999046	__gene_F_rbs	378.000000	0.000000	0.000000
809.999046	__gene_G_rbs	290.000000	0.000000	0.000000
809.999046	__gene_H_rbs	197.000000	0.000000	0.000000
809.999046	__gene_J_rbs	544.000000	0.000000	0.000000
809.999046	__gene_K_rbs	563.000000	0.000000	0.000000
809.999046	__ribosome	0.000000	0.000000	0.000000
809.999046	bound_ecolipol	1873.000000	0.000000	0.000000
809.999046	bound_ribosome	100.000000	0.000000	0.000000
809.999046	ecoli_genome	127.000000	0.000000	0.000000
809.999046	ecoli_transcript	61008.000000	0.000000	0.000000
809.999046	ecolipol	33.000000	0.000000	0.000000
809.999046	gene_A	315.000000	595.000000	0.001681
809.999046	gene_A*	219.000000	582.000000	0.000000
809.999046	gene_B	161.000000	572.000000	0.000000
809.999046	gene_C	152.000000	560.000000	0.001786
809.999046	gene_D	145.000000	555.000000	0.001802
809.999046	gene_E	146.000000	551.000000	0.000000
809.999046	gene_F	101.000000	378.000000	0.013228
809.999046	gene_G	45.000000	290.000000	0.034483
809.999046	gene_H	0.000000	197.000000	0.192893
809.999046	gene_J	125.000000	544.000000	0.080882
809.999046	gene_K	148.000000	563.000000	0.000000
809.999046	promoter_A	0.000000	0.000000	0.000000
809.999046	promoter_B1	0.000000	0.000000	0.000000
809.999046	promoter_D	0.000000	0.000000	0.000000
814.999016	__gene_A*_rbs	586.000000	0.000000	0.000000
814.999016	__gene_A_rbs	598.000000	0.000000	0.000000
814.999016	__gene_B_rbs	575.000000	0.000000	0.000000
814.999016	__gene_C_rbs	564.000000	0.000000	0.000000
814.999016	__gene_D_rbs	559.000000	0.000000	0.000000
814.999016	__gene_E_rbs	555.000000	0.000000	0.000000
814.999016	__gene_F_rbs	379.000000	0.000000	0.000000
814.999016	__gene_G_rbs	291.000000	0.000000	0.000000
814.999016	__gene_H_rbs	199.000000	0.000000	0.000000
814.999016	__gene_J_rbs	548.000000	0.000000	0.000000
814.999016	__gene_K_rbs	565.000000	0.000000	0.000000
814.999016	__ribosome	0.000000	0.000000	0.000000
814.999016	bound_ecolipol	1871.000000	0.000000	0.000000
814.999016	bound_ribosome	100.000000	0.000000	0.000000
814.999016	ecoli_genome	129.000000	0.000000	0.000000
814.999016	ecoli_transcript	61376.000000	0.000000	0.000000
814.999016	ecolipol	35.000000	0.000000	0.000000
814.999016	gene_A	315.000000	598.000000	0.005017
814.999016	gene_A*	219.000000	586.000000	0.000000
814.999016	gene_B	161.000000	575.000000	0.000000
814.999016	gene_C	153.000000	564.000000	0.000000
814.999016	gene_D	146.000000	559.000000	0.000000
814.999016	gene_E	146.000000	555.000000	0.000000
814.999016	gene_F	101.000000	379.000000	0.013193
814.999016	gene_G	45.000000	291.000000	0.034364
814.999016	gene_H	0.000000	199.000000	0.190955
814.999016	gene_J	125.000000	548.000000	0.080292
814.999016	gene_K	148.000000	566.000000	0.000000
814.999016	promoter_A	0.000000	0.000000	0.000000
814.999016	promoter_B1	0.000000	0.000000	0.000000
814.999016	promoter_D	0.000000	0.000000	0.000000
819.999057	__gene_A*_rbs	590.000000	0.000000	0.000000
819.999057	__gene_A_rbs	602.000000	0.000000	0.000000
819.999057	__gene_B_rbs	579.000000	0.000000	0.000000
819.999057	__gene_C_rbs	568.000000	0.000000	0.000000
819.999057	__gene_D_rbs	563.000000	0.000000	0.000000
819.999057	__gene_E_rbs	559.000000	0.000000	0.000000
819.999057	__gene_F_rbs	382.000000	0.000000	0.000000
819.999057	__gene_G_rbs	293.000000	0.000000	0.000000
819.999057	__gene_H_rbs	201.000000	0.000000	0.000000
819.999057	__gene_J_rbs	552.000000	0.000000	0.000000
819.999057	__gene_K_rbs	570.000000	0.000000	0.000000
819.999057	__ribosome	0.000000	0.000000	0.000000
819.999057	bound_ecolipol	1865.000000	0.000000	0.000000
819.999057	bound_ribosome	100.000000	0.000000	0.000000
819.999057	ecoli_genome	135.000000	0.000000	0.000000
819.999057	ecoli_transcript	61756.000000	0.000000	0.000000
819.999057	ecolipol	41.000000	0.000000	0.000000
819.999057	gene_A	316.000000	602.000000	0.003322
819.999057	gene_A*	219.000000	590.000000	0.000000
819.999057	gene_B	161.000000	579.000000	0.000000
819.999057	gene_C	153.000000	568.000000	0.000000
819.999057	gene_D	146.000000	563.000000	0.001776
819.999057	gene_E	146.000000	559.000000	0.001789
819.999057	gene_F	102.000000	382.000000	0.010471
819.999057	gene_G	45.000000	293.000000	0.034130
819.999057	gene_H	0.000000	201.000000	0.189055
819.999057	gene_J	125.000000	552.000000	0.079710
819.999057	gene_K	148.000000	570.000000	0.000000
819.999057	promoter_A	0.000000	0.000000	0.000000
819.999057	promoter_B1	0.000000	0.000000	0.000000
819.999057	promoter_D	0.000000	0.000000	0.000000
824.999362	__gene_A*_rbs	594.000000	0.000000	0.000000
824.999362	__gene_A_rbs	606.000000	0.000000	0.000000
824.999362	__gene_B_rbs	583.000000	0.000000	0.000000
824.999362	__gene_C_rbs	572.000000	0.000000	0.000000
824.999362	__gene_D_rbs	566.000000	0.000000	0.000000
824.999362	__gene_E_rbs	562.000000	0.000000	0.000000
824.999362	__gene_F_rbs	386.000000	0.000000	0.000000
824.999362	__gene_G_rbs	295.000000	0.000000	0.000000
824.999362	__gene_H_rbs	203.000000	0.000000	0.000000
824.999362	__gene_J_rbs	555.000000	0.000000	0.000000
824.999362	__gene_K_rbs	574.000000	0.000000	0.000000
824.999362	__ribosome	0.000000	0.000000	0.000000
824.999362	bound_ecolipol	1865.000000	0.000000	0.000000
824.999362	bound_ribosome	100.000000	0.000000	0.000000
824.999362	ecoli_genome	135.000000	0.000000	0.000000
824.999362	ecoli_transcript	62107.000000	0.000000	0.000000
824.999362	ecolipol	40.000000	0.000000	0.000000
824.999362	gene_A	316.000000	606.000000	0.003300
824.999362	gene_A*	219.000000	594.000000	0.000000
824.999362	gene_B	161.000000	583.000000	0.000000
824.999362	gene_C	153.000000	572.000000	0.000000
824.999362	gene_D	146.000000	566.000000	0.001767
824.999362	gene_E	146.000000	562.000000	0.001779
824.999362	gene_F	102.000000	386.000000	0.010363
824.999362	gene_G	45.000000	295.000000	0.033898
824.999362	gene_H	0.000000	203.000000	0.187192
824.999362	gene_J	125.000000	555.000000	0.079279
824.999362	gene_K	148.000000	574.000000	0.000000
824.999362	promoter_A	0.000000	0.000000	0.000000
824.999362	promoter_B1	0.000000	0.000000	0.000000
824.999362	promoter_D	0.000000	0.000000	0.000000
829.999109	__gene_A*_rbs	597.000000	0.000000	0.000000
829.999109	__gene_A_rbs	609.000000	0.000000	0.000000
829.999109	__gene_B_rbs	587.000000	0.000000	0.000000
829.999109	__gene_C_rbs	576.000000	0.000000	0.000000
829.999109	__gene_D_rbs	569.000000	0.000000	0.000000
829.999109	__gene_E_rbs	566.000000	0.000000	0.000000
829.999109	__gene_F_rbs	389.000000	0.000000	0.000000
829.999109	__gene_G_rbs	296.000000	0.000000	0.000000
829.999109	__gene_H_rbs	204.000000	0.000000	0.000000
829.999109	__gene_J_rbs	559.000000	0.000000	0.000000
829.999109	__gene_K_rbs	578.000000	0.000000	0.000000
829.999109	__ribosome	0.000000	0.000000	0.000000
829.999109	bound_ecolipol	1866.000000	0.000000	0.000000
829.999109	bound_ribosome	100.000000	0.000000	0.000000
829.999109	ecoli_genome	134.000000	0.000000	0.000000
829.999109	ecoli_transcript	62446.000000	0.000000	0.000000
829.999109	ecolipol	38.000000	0.000000	0.000000
829.999109	gene_A	316.000000	609.000000	0.003284
829.999109	gene_A*	219.000000	597.000000	0.000000
829.999109	gene_B	161.000000	587.000000	0.000000
829.999109	gene_C	153.000000	576.000000	0.000000
829.999109	gene_D	147.000000	570.000000	0.003509
829.999109	gene_E	147.000000	566.000000	0.000000
829.999109	gene_F	102.000000	389.000000	0.010283
829.999109	gene_G	45.000000	296.000000	0.033784
829.999109	gene_H	0.000000	204.000000	0.186275
829.999109	gene_J	125.000000	559.000000	0.078712
829.999109	gene_K	148.000000	578.000000	0.000000
829.999109	promoter_A	0.000000	0.000000	0.000000
829.999109	promoter_B1	0.000000	0.000000	0.000000
829.999109	promoter_D	0.000000	0.000000	0.000000
834.999039	__gene_A*_rbs	601.000000	0.000000	0.000000
834.999039	__gene_A_rbs	613.000000	0.000000	0.000000
834.999039	__gene_B_rbs	590.000000	0.000000	0.000000
834.999039	__gene_C_rbs	580.000000	0.000000	0.000000
834.999039	__gene_D_rbs	574.000000	0.000000	0.000000
834.999039	__gene_E_rbs	569.000000	0.000000	0.000000
834.999039	__gene_F_rbs	391.000000	0.000000	0.000000
834.999039	__gene_G_rbs	298.000000	0.000000	0.000000
834.999039	__gene_H_rbs	206.000000	0.000000	0.000000
834.999039	__gene_J_rbs	563.000000	0.000000	0.000000
834.999039	__gene_K_rbs	582.000000	0.000000	0.000000
834.999039	__ribosome	0.000000	0.000000	0.000000
834.999039	bound_ecolipol	1864.000000	0.000000	0.000000
834.999039	bound_ribosome	100.000000	0.000000	0.000000
834.999039	ecoli_genome	136.000000	0.000000	0.000000
834.999039	ecoli_transcript	62818.000000	0.000000	0.000000
834.999039	ecolipol	42.000000	0.000000	0.000000
834.999039	gene_A	316.000000	613.000000	0.003263
834.999039	gene_A*	219.000000	601.000000	0.000000
834.999039	gene_B	161.000000	590.000000	0.000000
834.999039	gene_C	153.000000	580.000000	0.000000
834.999039	gene_D	147.000000	574.000000	0.003484
834.999039	gene_E	147.000000	569.000000	0.000000
834.999039	gene_F	102.000000	391.000000	0.010230
834.999039	gene_G	45.000000	298.000000	0.033557
834.999039	gene_H	0.000000	206.000000	0.184466
834.999039	gene_J	125.000000	563.000000	0.078153
834.999039	gene_K	148.000000	582.000000	0.000000
834.999039	promoter_A	0.000000	0.000000	0.000000
834.999039	promoter_B1	0.000000	0.000000	0.000000
834.999039	promoter_D	0.000000	0.000000	0.000000
839.999103	__gene_A*_rbs	605.000000	0.000000	0.000000
839.999103	__gene_A_rbs	616.000000	0.000000	0.000000
839.999103	__gene_B_rbs	594.000000	0.000000	0.000000
839.999103	__gene_C_rbs	583.000000	0.000000	0.000000
839.999103	__gene_D_rbs	578.000000	0.000000	0.000000
839.999103	__gene_E_rbs	573.000000	0.000000	0.000000
839.999103	__gene_F_rbs	394.000000	0.000000	0.000000
839.999103	__gene_G_rbs	300.000000	0.000000	0.000000
839.999103	__gene_H_rbs	206.000000	0.000000	0.000000
839.999103	__gene_J_rbs	567.000000	0.000000	0.000000
839.999103	__gene_K_rbs	585.000000	0.000000	0.000000
839.999103	__ribosome	0.000000	0.000000	0.000000
839.999103	bound_ecolipol	1872.000000	0.000000	0.000000
839.999103	bound_ribosome	100.000000	0.000000	0.000000
839.999103	ecoli_genome	128.000000	0.000000	0.000000
839.999103	ecoli_transcript	63192.000000	0.000000	0.000000
839.999103	ecolipol	35.000000	0.000000	0.000000
839.999103	gene_A	316.000000	616.000000	0.003247
839.999103	gene_A*	219.000000	605.000000	0.000000
839.999103	gene_B	161.000000	594.000000	0.000000
839.999103	gene_C	153.000000	583.000000	0.000000
839.999103	gene_D	147.000000	578.000000	0.003460
839.999103	gene_E	147.000000	573.000000	0.000000
839.999103	gene_F	104.000000	394.000000	0.007614
839.999103	gene_G	45.000000	300.000000	0.033333
839.999103	gene_H	0.000000	206.000000	0.184466
839.999103	gene_J	125.000000	567.000000	0.077601
839.999103	gene_K	148.000000	585.000000	0.001709
839.999103	promoter_A	0.000000	0.000000	0.000000
839.999103	promoter_B1	0.000000	0.000000	0.000000
839.999103	promoter_D	0.000000	0.000000	0.000000
844.999383	__gene_A*_rbs	607.000000	0.000000	0.000000
844.999383	__gene_A_rbs	620.000000	0.000000	0.000000
844.999383	__gene_B_rbs	598.000000	0.000000	0.000000
844.999383	__gene_C_rbs	587.000000	0.000000	0.000000
844.999383	__gene_D_rbs	581.000000	0.000000	0.000000
844.999383	__gene_E_rbs	577.000000	0.000000	0.000000
844.999383	__gene_F_rbs	397.000000	0.000000	0.000000
844.999383	__gene_G_rbs	304.000000	0.000000	0.000000
844.999383	__gene_H_rbs	207.000000	0.000000	0.000000
844.999383	__gene_J_rbs	570.000000	0.000000	0.000000
844.999383	__gene_K_rbs	589.000000	0.000000	0.000000
844.999383	__ribosome	0.000000	0.000000	0.000000
844.999383	bound_ecolipol	1870.000000	0.000000	0.000000
844.999383	bound_ribosome	100.000000	0.000000	0.000000
844.999383	ecoli_genome	130.000000	0.000000	0.000000
844.999383	ecoli_transcript	63560.000000	0.000000	0.000000
844.999383	ecolipol	34.000000	0.000000	0.000000
844.999383	gene_A	316.000000	620.000000	0.003226
844.999383	gene_A*	219.000000	608.000000	0.001645
844.999383	gene_B	161.000000	598.000000	0.000000
844.999383	gene_C	153.000000	587.000000	0.001704
844.999383	gene_D	149.000000	581.000000	0.000000
844.999383	gene_E	147.000000	577.000000	0.000000
844.999383	gene_F	105.000000	397.000000	0.005038
844.999383	gene_G	45.000000	304.000000	0.036184
844.999383	gene_H	0.000000	207.000000	0.183575
844.999383	gene_J	125.000000	570.000000	0.077193
844.999383	gene_K	149.000000	589.000000	0.001698
844.999383	promoter_A	0.000000	0.000000	0.000000
844.999383	promoter_B1	0.000000	0.000000	0.000000
844.999383	promoter_D	0.000000	0.000000	0.000000
849.999070	__gene_A*_rbs	612.000000	0.000000	0.000000
849.999070	__gene_A_rbs	624.000000	0.000000	0.000000
849.999070	__gene_B_rbs	602.000000	0.000000	0.000000
849.999070	__gene_C_rbs	591.000000	0.000000	0.000000
849.999070	__gene_D_rbs	585.000000	0.000000	0.000000
849.999070	__gene_E_rbs	580.000000	0.000000	0.000000
849.999070	__gene_F_rbs	400.000000	0.000000	0.000000
849.999070	__gene_G_rbs	306.000000	0.000000	0.000000
849.999070	__gene_H_rbs	208.000000	0.000000	0.000000
849.999070	__gene_J_rbs	574.000000	0.000000	0.000000
849.999070	__gene_K_rbs	593.000000	0.000000	0.000000
849.999070	__ribosome	0.000000	0.000000	0.000000
849.999070	bound_ecolipol	1870.000000	0.000000	0.000000
849.999070	bound_ribosome	100.000000	0.000000	0.000000
849.999070	ecoli_genome	130.000000	0.000000	0.000000
849.999070	ecoli_transcript	63960.000000	0.000000	0.000000
849.999070	ecolipol	34.000000	0.000000	0.000000
849.999070	gene_A	316.000000	624.000000	0.003205
849.999070	gene_A*	219.000000	612.000000	0.003268
849.999070	gene_B	161.000000	602.000000	0.000000
849.999070	gene_C	153.000000	591.000000	0.003384
849.999070	gene_D	149.000000	585.000000	0.000000
849.999070	gene_E	147.000000	580.000000	0.000000
849.999070	gene_F	106.000000	400.000000	0.002500
849.999070	gene_G	45.000000	306.000000	0.035948
849.999070	gene_H	0.000000	208.000000	0.182692
849.999070	gene_J	125.000000	574.000000	0.076655
849.999070	gene_K	150.000000	593.000000	0.000000
849.999070	promoter_A	0.000000	0.000000	0.000000
849.999070	promoter_B1	0.000000	0.000000	0.000000
849.999070	promoter_D	0.000000	0.000000	0.000000
854.999302	__gene_A*_rbs	615.000000	0.000000	0.000000
854.999302	__gene_A_rbs	628.000000	0.000000	0.000000
854.999302	__gene_B_rbs	605.000000	0.000000	0.000000
854.999302	__gene_C_rbs	594.000000	0.000000	0.000000
854.999302	__gene_D_rbs	589.000000	0.000000	0.000000
854.999302	__gene_E_rbs	584.000000	0.000000	0.000000
854.999302	__gene_F_rbs	403.000000	0.000000	0.000000
854.999302	__gene_G_rbs	308.000000	0.000000	0.000000
854.999302	__gene_H_rbs	211.000000	0.000000	0.000000
854.999302	__gene_J_rbs	578.000000	0.000000	0.000000
854.999302	__gene_K_rbs	596.000000	0.000000	0.000000
854.999302	__ribosome	0.000000	0.000000	0.000000
854.999302	bound_ecolipol	1866.000000	0.000000	0.000000
854.999302	bound_ribosome	100.000000	0.000000	0.000000
854.999302	ecoli_genome	134.000000	0.000000	0.000000
854.999302	ecoli_transcript	64325.000000	0.000000	0.000000
854.999302	ecolipol	39.000000	0.000000	0.000000
854.999302	gene_A	316.000000	628.000000	0.003185
854.999302	gene_A*	219.000000	615.000000	0.003252
854.999302	gene_B	161.000000	605.000000	0.000000
854.999302	gene_C	154.000000	594.000000	0.003367
854.999302	gene_D	149.000000	589.000000	0.000000
854.999302	gene_E	147.000000	584.000000	0.000000
854.999302	gene_F	106.000000	403.000000	0.002481
854.999302	gene_G	45.000000	308.000000	0.035714
854.999302	gene_H	0.000000	211.000000	0.180095
854.999302	gene_J	125.000000	578.000000	0.076125
854.999302	gene_K	150.000000	596.000000	0.000000
854.999302	promoter_A	0.000000	0.000000	0.000000
854.999302	promoter_B1	0.000000	0.000000	0.000000
854.999302	promoter_D	0.000000	0.000000	0.000000
859.999108	__gene_A*_rbs	618.000000	0.000000	0.000000
859.999108	__gene_A_rbs	631.000000	0.000000	0.000000
859.999108	__gene_B_rbs	609.000000	0.000000	0.000000
859.999108	__gene_C_rbs	598.000000	0.000000	0.000000
859.999108	__gene_D_rbs	592.000000	0.000000	0.000000
859.999108	__gene_E_rbs	587.000000	0.000000	0.000000
859.999108	__gene_F_rbs	407.000000	0.000000	0.000000
859.999108	__gene_G_rbs	310.000000	0.000000	0.000000
859.999108	__gene_H_rbs	211.000000	0.000000	0.000000
859.999108	__gene_J_rbs	581.000000	0.000000	0.000000
859.999108	__gene_K_rbs	600.000000	0.000000	0.000000
859.999108	__ribosome	0.000000	0.000000	0.000000
859.999108	bound_ecolipol	1872.000000	0.000000	0.000000
859.999108	bound_ribosome	100.000000	0.000000	0.000000
859.999108	ecoli_genome	128.000000	0.000000	0.000000
859.999108	ecoli_transcript	64703.000000	0.000000	0.000000
859.999108	ecolipol	33.000000	0.000000	0.000000
859.999108	gene_A	316.000000	631.000000	0.003170
859.999108	gene_A*	219.000000	618.000000	0.003236
859.999108	gene_B	161.000000	609.000000	0.000000
859.999108	gene_C	155.000000	598.000000	0.001672
859.999108	gene_D	149.000000	592.000000	0.000000
859.999108	gene_E	147.000000	587.000000	0.000000
859.999108	gene_F	106.000000	407.000000	0.002457
859.999108	gene_G	45.000000	310.000000	0.038710
859.999108	gene_H	0.000000	211.000000	0.180095
859.999108	gene_J	125.000000	581.000000	0.075731
859.999108	gene_K	150.000000	600.000000	0.000000
859.999108	promoter_A	0.000000	0.000000	0.000000
859.999108	promoter_B1	0.000000	0.000000	0.000000
859.999108	promoter_D	0.000000	0.000000	0.000000
864.999044	__gene_A*_rbs	622.000000	0.000000	0.000000
864.999044	__gene_A_rbs	635.000000	0.000000	0.000000
864.999044	__gene_B_rbs	612.000000	0.000000	0.000000
864.999044	__gene_C_rbs	601.000000	0.000000	0.000000
864.999044	__gene_D_rbs	596.000000	0.000000	0.000000
864.999044	__gene_E_rbs	591.000000	0.000000	0.000000
864.999044	__gene_F_rbs	410.000000	0.000000	0.000000
864.999044	__gene_G_rbs	312.000000	0.000000	0.000000
864.999044	__gene_H_rbs	214.000000	0.000000	0.000000
864.999044	__gene_J_rbs	584.000000	0.000000	0.000000
864.999044	__gene_K_rbs	604.000000	0.000000	0.000000
864.999044	__ribosome	0.000000	0.000000	0.000000
864.999044	bound_ecolipol	1863.000000	0.000000	0.000000
864.999044	bound_ribosome	100.000000	0.000000	0.000000
864.999044	ecoli_genome	137.000000	0.000000	0.000000
864.999044	ecoli_transcript	65080.000000	0.000000	0.000000
864.999044	ecolipol	43.000000	0.000000	0.000000
864.999044	gene_A	318.000000	635.000000	0.000000
864.999044	gene_A*	219.000000	622.000000	0.004823
864.999044	gene_B	161.000000	613.000000	0.001631
864.999044	gene_C	156.000000	601.000000	0.000000
864.999044	gene_D	149.000000	596.000000	0.000000
864.999044	gene_E	147.000000	591.000000	0.000000
864.999044	gene_F	106.000000	410.000000	0.002439
864.999044	gene_G	45.000000	312.000000	0.038462
864.999044	gene_H	0.000000	214.000000	0.177570
864.999044	gene_J	125.000000	584.000000	0.075342
864.999044	gene_K	150.000000	604.000000	0.001656
864.999044	promoter_A	0.000000	0.000000	0.000000
864.999044	promoter_B1	0.000000	0.000000	0.000000
864.999044	promoter_D	0.000000	0.000000	0.000000
869.999360	__gene_A*_rbs	626.000000	0.000000	0.000000
869.999360	__gene_A_rbs	639.000000	0.000000	0.000000
869.999360	__gene_B_rbs	615.000000	0.000000	0.000000
869.999360	__gene_C_rbs	604.000000	0.000000	0.000000
869.999360	__gene_D_rbs	599.000000	0.000000	0.000000
869.999360	__gene_E_rbs	595.000000	0.000000	0.000000
869.999360	__gene_F_rbs	411.000000	0.000000	0.000000
869.999360	__gene_G_rbs	314.000000	0.000000	0.000000
869.999360	__gene_H_rbs	214.000000	0.000000	0.000000
869.999360	__gene_J_rbs	588.000000	0.000000	0.000000
869.999360	__gene_K_rbs	607.000000	0.000000	0.000000
869.999360	__ribosome	0.000000	0.000000	0.000000
869.999360	bound_ecolipol	1864.000000	0.000000	0.000000
869.999360	bound_ribosome	100.000000	0.000000	0.000000
869.999360	ecoli_genome	136.000000	0.000000	0.000000
869.999360	ecoli_transcript	65446.000000	0.000000	0.000000
869.999360	ecolipol	40.000000	0.000000	0.000000
869.999360	gene_A	318.000000	639.000000	0.000000
869.999360	gene_A*	219.000000	626.000000	0.004792
869.999360	gene_B	161.000000	616.000000	0.001623
869.999360	gene_C	156.000000	605.000000	0.000000
869.999360	gene_D	149.000000	599.000000	0.000000
869.999360	gene_E	147.000000	595.000000	0.000000
869.999360	gene_F	106.000000	411.000000	0.002433
869.999360	gene_G	45.000000	314.000000	0.038217
869.999360	gene_H	0.000000	214.000000	0.177570
869.999360	gene_J	125.000000	588.000000	0.074830
869.999360	gene_K	151.000000	607.000000	0.001647
869.999360	promoter_A	0.000000	0.000000	0.000000
869.999360	promoter_B1	0.000000	0.000000	0.000000
869.999360	promoter_D	0.000000	0.000000	0.000000
874.999335	__gene_A*_rbs	629.000000	0.000000	0.000000
874.999335	__gene_A_rbs	642.000000	0.000000	0.000000
874.999335	__gene_B_rbs	620.000000	0.000000	0.000000
874.999335	__gene_C_rbs	609.000000	0.000000	0.000000
874.999335	__gene_D_rbs	603.000000	0.000000	0.000000
874.999335	__gene_E_rbs	599.000000	0.000000	0.000000
874.999335	__gene_F_rbs	413.000000	0.000000	0.000000
874.999335	__gene_G_rbs	318.000000	0.000000	0.000000
874.999335	__gene_H_rbs	216.000000	0.000000	0.000000
874.999335	__gene_J_rbs	592.000000	0.000000	0.000000
874.999335	__gene_K_rbs	611.000000	0.000000	0.000000
874.999335	__ribosome	0.000000	0.000000	0.000000
874.999335	bound_ecolipol	1864.000000	0.000000	0.000000
874.999335	bound_ribosome	100.000000	0.000000	0.000000
874.999335	ecoli_genome	136.000000	0.000000	0.000000
874.999335	ecoli_transcript	65818.000000	0.000000	0.000000
874.999335	ecolipol	38.000000	0.000000	0.000000
874.999335	gene_A	318.000000	642.000000	0.000000
874.999335	gene_A*	219.000000	629.000000	0.004769
874.999335	gene_B	161.000000	620.000000	0.001613
874.999335	gene_C	156.000000	609.000000	0.001642
874.999335	gene_D	149.000000	603.000000	0.000000
874.999335	gene_E	147.000000	599.000000	0.000000
874.999335	gene_F	106.000000	413.000000	0.002421
874.999335	gene_G	45.000000	318.000000	0.037736
874.999335	gene_H	0.000000	216.000000	0.175926
874.999335	gene_J	125.000000	592.000000	0.074324
874.999335	gene_K	152.000000	611.000000	0.000000
874.999335	promoter_A	0.000000	0.000000	0.000000
874.999335	promoter_B1	0.000000	0.000000	0.000000
874.999335	promoter_D	0.000000	0.000000	0.000000
879.999061	__gene_A*_rbs	633.000000	0.000000	0.000000
879.999061	__gene_A_rbs	646.000000	0.000000	0.000000
879.999061	__gene_B_rbs	623.000000	0.000000	0.000000
879.999061	__gene_C_rbs	612.000000	0.000000	0.000000
879.999061	__gene_D_rbs	607.000000	0.000000	0.000000
879.999061	__gene_E_rbs	602.000000	0.000000	0.000000
879.999061	__gene_F_rbs	416.000000	0.000000	0.000000
879.999061	__gene_G_rbs	319.000000	0.000000	0.000000
879.999061	__gene_H_rbs	216.000000	0.000000	0.000000
879.999061	__gene_J_rbs	595.000000	0.000000	0.000000
879.999061	__gene_K_rbs	614.000000	0.000000	0.000000
879.999061	__ribosome	0.000000	0.000000	0.000000
879.999061	bound_ecolipol	1859.000000	0.000000	0.000000
879.999061	bound_ribosome	100.000000	0.000000	0.000000
879.999061	ecoli_genome	141.000000	0.000000	0.000000
879.999061	ecoli_transcript	66188.000000	0.000000	0.000000
879.999061	ecolipol	45.000000	0.000000	0.000000
879.999061	gene_A	318.000000	646.000000	0.000000
879.999061	gene_A*	220.000000	633.000000	0.003160
879.999061	gene_B	162.000000	623.000000	0.001605
879.999061	gene_C	156.000000	612.000000	0.001634
879.999061	gene_D	149.000000	607.000000	0.000000
879.999061	gene_E	147.000000	602.000000	0.001661
879.999061	gene_F	107.000000	416.000000	0.000000
879.999061	gene_G	45.000000	319.000000	0.037618
879.999061	gene_H	0.000000	216.000000	0.175926
879.999061	gene_J	125.000000	595.000000	0.075630
879.999061	gene_K	152.000000	614.000000	0.000000
879.999061	promoter_A	0.000000	0.000000	0.000000
879.999061	promoter_B1	0.000000	0.000000	0.000000
879.999061	promoter_D	0.000000	0.000000	0.000000
884.999342	__gene_A*_rbs	636.000000	0.000000	0.000000
884.999342	__gene_A_rbs	650.000000	0.000000	0.000000
884.999342	__gene_B_rbs	625.000000	0.000000	0.000000
884.999342	__gene_C_rbs	616.000000	0.000000	0.000000
884.999342	__gene_D_rbs	611.000000	0.000000	0.000000
884.999342	__gene_E_rbs	606.000000	0.000000	0.000000
884.999342	__gene_F_rbs	418.000000	0.000000	0.000000
884.999342	__gene_G_rbs	322.000000	0.000000	0.000000
884.999342	__gene_H_rbs	216.000000	0.000000	0.000000
884.999342	__gene_J_rbs	599.000000	0.000000	0.000000
884.999342	__gene_K_rbs	618.000000	0.000000	0.000000
884.999342	__ribosome	0.000000	0.000000	0.000000
884.999342	bound_ecolipol	1875.000000	0.000000	0.000000
884.999342	bound_ribosome	100.000000	0.000000	0.000000
884.999342	ecoli_genome	125.000000	0.000000	0.000000
884.999342	ecoli_transcript	66526.000000	0.000000	0.000000
884.999342	ecolipol	31.000000	0.000000	0.000000
884.999342	gene_A	318.000000	650.000000	0.000000
884.999342	gene_A*	221.000000	636.000000	0.001572
884.999342	gene_B	162.000000	626.000000	0.004792
884.999342	gene_C	157.000000	616.000000	0.000000
884.999342	gene_D	149.000000	611.000000	0.000000
884.999342	gene_E	147.000000	606.000000	0.001650
884.999342	gene_F	107.000000	418.000000	0.000000
884.999342	gene_G	45.000000	322.000000	0.037267
884.999342	gene_H	0.000000	216.000000	0.175926
884.999342	gene_J	126.000000	599.000000	0.073456
884.999342	gene_K	152.000000	618.000000	0.001618
884.999342	promoter_A	0.000000	0.000000	0.000000
884.999342	promoter_B1	0.000000	0.000000	0.000000
884.999342	promoter_D	0.000000	0.000000	0.000000
889.999139	__gene_A*_rbs	640.000000	0.000000	0.000000
889.999139	__gene_A_rbs	653.000000	0.000000	0.000000
889.999139	__gene_B_rbs	629.000000	0.000000	0.000000
889.999139	__gene_C_rbs	620.000000	0.000000	0.000000
889.999139	__gene_D_rbs	614.000000	0.000000	0.000000
889.999139	__gene_E_rbs	610.000000	0.000000	0.000000
889.999139	__gene_F_rbs	421.000000	0.000000	0.000000
889.999139	__gene_G_rbs	325.000000	0.000000	0.000000
889.999139	__gene_H_rbs	219.000000	0.000000	0.000000
889.999139	__gene_J_rbs	603.000000	0.000000	0.000000
889.999139	__gene_K_rbs	621.000000	0.000000	0.000000
889.999139	__ribosome	0.000000	0.000000	0.000000
889.999139	bound_ecolipol	1869.000000	0.000000	0.000000
889.999139	bound_ribosome	100.000000	0.000000	0.000000
889.999139	ecoli_genome	131.000000	0.000000	0.000000
889.999139	ecoli_transcript	66901.000000	0.000000	0.000000
889.999139	ecolipol	36.000000	0.000000	0.000000
889.999139	gene_A	318.000000	653.000000	0.000000
889.999139	gene_A*	221.000000	640.000000	0.001563
889.999139	gene_B	162.000000	629.000000	0.004769
889.999139	gene_C	157.000000	620.000000	0.001613
889.999139	gene_D	149.000000	614.000000	0.000000
889.999139	gene_E	148.000000	610.000000	0.000000
889.999139	gene_F	107.000000	421.000000	0.000000
889.999139	gene_G	45.000000	325.000000	0.036923
889.999139	gene_H	0.000000	219.000000	0.173516
889.999139	gene_J	126.000000	603.000000	0.074627
889.999139	gene_K	153.000000	622.000000	0.000000
889.999139	promoter_A	0.000000	0.000000	0.000000
889.999139	promoter_B1	0.000000	0.000000	0.000000
889.999139	promoter_D	0.000000	0.000000	0.000000
894.999027	__gene_A*_rbs	644.000000	0.000000	0.000000
894.999027	__gene_A_rbs	657.000000	0.000000	0.000000
894.999027	__gene_B_rbs	633.000000	0.000000	0.000000
894.999027	__gene_C_rbs	622.000000	0.000000	0.000000
894.999027	__gene_D_rbs	617.000000	0.000000	0.000000
894.999027	__gene_E_rbs	613.000000	0.000000	0.000000
894.999027	__gene_F_rbs	423.000000	0.000000	0.000000
894.999027	__gene_G_rbs	328.000000	0.000000	0.000000
894.999027	__gene_H_rbs	220.000000	0.000000	0.000000
894.999027	__gene_J_rbs	607.000000	0.000000	0.000000
894.999027	__gene_K_rbs	625.000000	0.000000	0.000000
894.999027	__ribosome	0.000000	0.000000	0.000000
894.999027	bound_ecolipol	1875.000000	0.000000	0.000000
894.999027	bound_ribosome	100.000000	0.000000	0.000000
894.999027	ecoli_genome	125.000000	0.000000	0.000000
894.999027	ecoli_transcript	67253.000000	0.000000	0.000000
894.999027	ecolipol	31.000000	0.000000	0.000000
894.999027	gene_A	318.000000	657.000000	0.000000
894.999027	gene_A*	221.000000	644.000000	0.001553
894.999027	gene_B	164.000000	633.000000	0.001580
894.999027	gene_C	157.000000	623.000000	0.004815
894.999027	gene_D	149.000000	617.000000	0.000000
894.999027	gene_E	148.000000	613.000000	0.000000
894.999027	gene_F	107.000000	423.000000	0.000000
894.999027	gene_G	45.000000	328.000000	0.039634
894.999027	gene_H	0.000000	220.000000	0.172727
894.999027	gene_J	127.000000	607.000000	0.072488
894.999027	gene_K	153.000000	625.000000	0.000000
894.999027	promoter_A	0.000000	0.000000	0.000000
894.999027	promoter_B1	0.000000	0.000000	0.000000
894.999027	promoter_D	0.000000	0.000000	0.000000
899.999069	__gene_A*_rbs	648.000000	0.000000	0.000000
899.999069	__gene_A_rbs	661.000000	0.000000	0.000000
899.999069	__gene_B_rbs	637.000000	0.000000	0.000000
899.999069	__gene_C_rbs	627.000000	0.000000	0.000000
899.999069	__gene_D_rbs	621.000000	0.000000	0.000000
899.999069	__gene_E_rbs	617.000000	0.000000	0.000000
899.999069	__gene_F_rbs	427.000000	0.000000	0.000000
899.999069	__gene_G_rbs	330.000000	0.000000	0.000000
899.999069	__gene_H_rbs	223.000000	0.000000	0.000000
899.999069	__gene_J_rbs	610.000000	0.000000	0.000000
899.999069	__gene_K_rbs	629.000000	0.000000	0.000000
899.999069	__ribosome	0.000000	0.000000	0.000000
899.999069	bound_ecolipol	1869.000000	0.000000	0.000000
899.999069	bound_ribosome	100.000000	0.000000	0.000000
899.999069	ecoli_genome	131.000000	0.000000	0.000000
899.999069	ecoli_transcript	67632.000000	0.000000	0.000000
899.999069	ecolipol	39.000000	0.000000	0.000000
899.999069	gene_A	318.000000	661.000000	0.000000
899.999069	gene_A*	222.000000	648.000000	0.000000
899.999069	gene_B	165.000000	637.000000	0.000000
899.999069	gene_C	159.000000	627.000000	0.003190
899.999069	gene_D	149.000000	621.000000	0.004831
899.999069	gene_E	148.000000	617.000000	0.000000
899.999069	gene_F	107.000000	427.000000	0.000000
899.999069	gene_G	45.000000	330.000000	0.039394
899.999069	gene_H	0.000000	223.000000	0.170404
899.999069	gene_J	127.000000	610.000000	0.072131
899.999069	gene_K	153.000000	629.000000	0.000000
899.999069	promoter_A	0.000000	0.000000	0.000000
899.999069	promoter_B1	0.000000	0.000000	0.000000
899.999069	promoter_D	0.000000	0.000000	0.000000
904.999004	__gene_A*_rbs	652.000000	0.000000	0.000000
904.999004	__gene_A_rbs	664.000000	0.000000	0.000000
904.999004	__gene_B_rbs	640.000000	0.000000	0.000000
904.999004	__gene_C_rbs	630.000000	0.000000	0.000000
904.999004	__gene_D_rbs	625.000000	0.000000	0.000000
904.999004	__gene_E_rbs	620.000000	0.000000	0.000000
904.999004	__gene_F_rbs	428.000000	0.000000	0.000000
904.999004	__gene_G_rbs	331.000000	0.000000	0.000000
904.999004	__gene_H_rbs	226.000000	0.000000	0.000000
904.999004	__gene_J_rbs	614.000000	0.000000	0.000000
904.999004	__gene_K_rbs	632.000000	0.000000	0.000000
904.999004	__ribosome	0.000000	0.000000	0.000000
904.999004	bound_ecolipol	1870.000000	0.000000	0.000000
904.999004	bound_ribosome	100.000000	0.000000	0.000000
904.999004	ecoli_genome	130.000000	0.000000	0.000000
904.999004	ecoli_transcript	68009.000000	0.000000	0.000000
904.999004	ecolipol	38.000000	0.000000	0.000000
904.999004	gene_A	318.000000	664.000000	0.000000
904.999004	gene_A*	222.000000	652.000000	0.000000
904.999004	gene_B	165.000000	640.000000	0.000000
904.999004	gene_C	160.000000	630.000000	0.001587
904.999004	gene_D	149.000000	625.000000	0.004800
904.999004	gene_E	148.000000	621.000000	0.000000
904.999004	gene_F	107.000000	428.000000	0.000000
904.999004	gene_G	45.000000	331.000000	0.039275
904.999004	gene_H	0.000000	226.000000	0.172566
904.999004	gene_J	127.000000	614.000000	0.071661
904.999004	gene_K	153.000000	632.000000	0.000000
904.999004	promoter_A	0.000000	0.000000	0.000000
904.999004	promoter_B1	0.000000	0.000000	0.000000
904.999004	promoter_D	0.000000	0.000000	0.000000
909.999129	__gene_A*_rbs	655.000000	0.000000	0.000000
909.999129	__gene_A_rbs	668.000000	0.000000	0.000000
909.999129	__gene_B_rbs	644.000000	0.000000	0.000000
909.999129	__gene_C_rbs	634.000000	0.000000	0.000000
909.999129	__gene_D_rbs	629.000000	0.000000	0.000000
909.999129	__gene_E_rbs	624.000000	0.000000	0.000000
909.999129	__gene_F_rbs	430.000000	0.000000	0.000000
909.999129	__gene_G_rbs	333.000000	0.000000	0.000000
909.999129	__gene_H_rbs	229.000000	0.000000	0.000000
909.999129	__gene_J_rbs	618.000000	0.000000	0.000000
909.999129	__gene_K_rbs	636.000000	0.000000	0.000000
909.999129	__ribosome	0.000000	0.000000	0.000000
909.999129	bound_ecolipol	1865.000000	0.000000	0.000000
909.999129	bound_ribosome	100.000000	0.000000	0.000000
909.999129	ecoli_genome	135.000000	0.000000	0.000000
909.999129	ecoli_transcript	68369.000000	0.000000	0.000000
909.999129	ecolipol	40.000000	0.000000	0.000000
909.999129	gene_A	318.000000	668.000000	0.000000
909.999129	gene_A*	222.000000	655.000000	0.000000
909.999129	gene_B	165.000000	644.000000	0.000000
909.999129	gene_C	161.000000	634.000000	0.000000
909.999129	gene_D	149.000000	629.000000	0.006359
909.999129	gene_E	148.000000	624.000000	0.000000
909.999129	gene_F	107.000000	430.000000	0.000000
909.999129	gene_G	45.000000	333.000000	0.039039
909.999129	gene_H	0.000000	229.000000	0.170306
909.999129	gene_J	127.000000	618.000000	0.071197
909.999129	gene_K	153.000000	636.000000	0.000000
909.999129	promoter_A	0.000000	0.000000	0.000000
909.999129	promoter_B1	0.000000	0.000000	0.000000
909.999129	promoter_D	0.000000	0.000000	0.000000
914.999356	__gene_A*_rbs	659.000000	0.000000	0.000000
914.999356	__gene_A_rbs	672.000000	0.000000	0.000000
914.999356	__gene_B_rbs	647.000000	0.000000	0.000000
914.999356	__gene_C_rbs	638.000000	0.000000	0.000000
914.999356	__gene_D_rbs	633.000000	0.000000	0.000000
914.999356	__gene_E_rbs	628.000000	0.000000	0.000000
914.999356	__gene_F_rbs	432.000000	0.000000	0.000000
914.999356	__gene_G_rbs	335.000000	0.000000	0.000000
914.999356	__gene_H_rbs	230.000000	0.000000	0.000000
914.999356	__gene_J_rbs	622.000000	0.000000	0.000000
914.999356	__gene_K_rbs	639.000000	0.000000	0.000000
914.999356	__ribosome	0.000000	0.000000	0.000000
914.999356	bound_ecolipol	1875.000000	0.000000	0.000000
914.999356	bound_ribosome	100.000000	0.000000	0.000000
914.999356	ecoli_genome	125.000000	0.000000	0.000000
914.999356	ecoli_transcript	68731.000000	0.000000	0.000000
914.999356	ecolipol	29.000000	0.000000	0.000000
914.999356	gene_A	318.000000	672.000000	0.000000
914.999356	gene_A*	222.000000	659.000000	0.000000
914.999356	gene_B	165.000000	647.000000	0.001546
914.999356	gene_C	161.000000	638.000000	0.000000
914.999356	gene_D	152.000000	633.000000	0.001580
914.999356	gene_E	148.000000	628.000000	0.000000
914.999356	gene_F	107.000000	432.000000	0.000000
914.999356	gene_G	45.000000	335.000000	0.038806
914.999356	gene_H	0.000000	230.000000	0.173913
914.999356	gene_J	127.000000	622.000000	0.070740
914.999356	gene_K	153.000000	640.000000	0.001563
914.999356	promoter_A	0.000000	0.000000	0.000000
914.999356	promoter_B1	0.000000	0.000000	0.000000
914.999356	promoter_D	0.000000	0.000000	0.000000
919.999194	__gene_A*_rbs	663.000000	0.000000	0.000000
919.999194	__gene_A_rbs	676.000000	0.000000	0.000000
919.999194	__gene_B_rbs	651.000000	0.000000	0.000000
919.999194	__gene_C_rbs	641.000000	0.000000	0.000000
919.999194	__gene_D_rbs	636.000000	0.000000	0.000000
919.999194	__gene_E_rbs	631.000000	0.000000	0.000000
919.999194	__gene_F_rbs	435.000000	0.000000	0.000000
919.999194	__gene_G_rbs	337.000000	0.000000	0.000000
919.999194	__gene_H_rbs	231.000000	0.000000	0.000000
919.999194	__gene_J_rbs	626.000000	0.000000	0.000000
919.999194	__gene_K_rbs	644.000000	0.000000	0.000000
919.999194	__ribosome	0.000000	0.000000	0.000000
919.999194	bound_ecolipol	1868.000000	0.000000	0.000000
919.999194	bound_ribosome	100.000000	0.000000	0.000000
919.999194	ecoli_genome	132.000000	0.000000	0.000000
919.999194	ecoli_transcript	69097.000000	0.000000	0.000000
919.999194	ecolipol	35.000000	0.000000	0.000000
919.999194	gene_A	318.000000	676.000000	0.000000
919.999194	gene_A*	222.000000	663.000000	0.000000
919.999194	gene_B	165.000000	651.000000	0.001536
919.999194	gene_C	161.000000	641.000000	0.000000
919.999194	gene_D	152.000000	636.000000	0.001572
919.999194	gene_E	148.000000	632.000000	0.001582
919.999194	gene_F	107.000000	435.000000	0.000000
919.999194	gene_G	45.000000	337.000000	0.038576
919.999194	gene_H	0.000000	231.000000	0.173160
919.999194	gene_J	127.000000	626.000000	0.070288
919.999194	gene_K	154.000000	644.000000	0.000000
919.999194	promoter_A	0.000000	0.000000	0.000000
919.999194	promoter_B1	0.000000	0.000000	0.000000
919.999194	promoter_D	0.000000	0.000000	0.000000
924.999311	__gene_A*_rbs	666.000000	0.000000	0.000000
924.999311	__gene_A_rbs	679.000000	0.000000	0.000000
924.999311	__gene_B_rbs	655.000000	0.000000	0.000000
924.999311	__gene_C_rbs	644.000000	0.000000	0.000000
924.999311	__gene_D_rbs	640.000000	0.000000	0.000000
924.999311	__gene_E_rbs	635.000000	0.000000	0.000000
924.999311	__gene_F_rbs	438.000000	0.000000	0.000000
924.999311	__gene_G_rbs	339.000000	0.000000	0.000000
924.999311	__gene_H_rbs	232.000000	0.000000	0.000000
924.999311	__gene_J_rbs	629.000000	0.000000	0.000000
924.999311	__gene_K_rbs	647.000000	0.000000	0.000000
924.999311	__ribosome	0.000000	0.000000	0.000000
924.999311	bound_ecolipol	1872.000000	0.000000	0.000000
924.999311	bound_ribosome	100.000000	0.000000	0.000000
924.999311	ecoli_genome	128.000000	0.000000	0.000000
924.999311	ecoli_transcript	69458.000000	0.000000	0.000000
924.999311	ecolipol	34.000000	0.000000	0.000000
924.999311	gene_A	318.000000	679.000000	0.000000
924.999311	gene_A*	222.000000	666.000000	0.000000
924.999311	gene_B	165.000000	655.000000	0.001527
924.999311	gene_C	161.000000	645.000000	0.000000
924.999311	gene_D	153.000000	640.000000	0.000000
924.999311	gene_E	148.000000	635.000000	0.001575
924.999311	gene_F	107.000000	438.000000	0.000000
924.999311	gene_G	45.000000	339.000000	0.038348
924.999311	gene_H	0.000000	232.000000	0.172414
924.999311	gene_J	127.000000	629.000000	0.069952
924.999311	gene_K	154.000000	647.000000	0.001546
924.999311	promoter_A	0.000000	0.000000	0.000000
924.999311	promoter_B1	0.000000	0.000000	0.000000
924.999311	promoter_D	0.000000	0.000000	0.000000
929.999058	__gene_A*_rbs	670.000000	0.000000	0.000000
929.999058	__gene_A_rbs	683.000000	0.000000	0.000000
929.999058	__gene_B_rbs	659.000000	0.000000	0.000000
929.999058	__gene_C_rbs	648.000000	0.000000	0.000000
929.999058	__gene_D_rbs	643.000000	0.000000	0.000000
929.999058	__gene_E_rbs	639.000000	0.000000	0.000000
929.999058	__gene_F_rbs	441.000000	0.000000	0.000000
929.999058	__gene_G_rbs	341.000000	0.000000	0.000000
929.999058	__gene_H_rbs	234.000000	0.000000	0.000000
929.999058	__gene_J_rbs	633.000000	0.000000	0.000000
929.999058	__gene_K_rbs	650.000000	0.000000	0.000000
929.999058	__ribosome	0.000000	0.000000	0.000000
929.999058	bound_ecolipol	1874.000000	0.000000	0.000000
929.999058	bound_ribosome	100.000000	0.000000	0.000000
929.999058	ecoli_genome	126.000000	0.000000	0.000000
929.999058	ecoli_transcript	69811.000000	0.000000	0.000000
929.999058	ecolipol	32.000000	0.000000	0.000000
929.999058	gene_A	318.000000	683.000000	0.000000
929.999058	gene_A*	222.000000	670.000000	0.000000
929.999058	gene_B	166.000000	659.000000	0.001517
929.999058	gene_C	161.000000	648.000000	0.000000
929.999058	gene_D	153.000000	643.000000	0.000000
929.999058	gene_E	149.000000	639.000000	0.000000
929.999058	gene_F	107.000000	441.000000	0.000000
929.999058	gene_G	45.000000	341.000000	0.038123
929.999058	gene_H	0.000000	234.000000	0.170940
929.999058	gene_J	127.000000	633.000000	0.071090
929.999058	gene_K	155.000000	651.000000	0.001536
929.999058	promoter_A	0.000000	0.000000	0.000000
929.999058	promoter_B1	0.000000	0.000000	0.000000
929.999058	promoter_D	0.000000	0.000000	0.000000
934.999017	__gene_A*_rbs	673.000000	0.000000	0.000000
934.999017	__gene_A_rbs	686.000000	0.000000	0.000000
934.999017	__gene_B_rbs	662.000000	0.000000	0.000000
934.999017	__gene_C_rbs	652.000000	0.000000	0.000000
934.999017	__gene_D_rbs	647.000000	0.000000	0.000000
934.999017	__gene_E_rbs	643.000000	0.000000	0.000000
934.999017	__gene_F_rbs	444.000000	0.000000	0.000000
934.999017	__gene_G_rbs	344.000000	0.000000	0.000000
934.999017	__gene_H_rbs	235.000000	0.000000	0.000000
934.999017	__gene_J_rbs	636.000000	0.000000	0.000000
934.999017	__gene_K_rbs	654.000000	0.000000	0.000000
934.999017	__ribosome	0.000000	0.000000	0.000000
934.999017	bound_ecolipol	1868.000000	0.000000	0.000000
934.999017	bound_ribosome	100.000000	0.000000	0.000000
934.999017	ecoli_genome	132.000000	0.000000	0.000000
934.999017	ecoli_transcript	70177.000000	0.000000	0.000000
934.999017	ecolipol	40.000000	0.000000	0.000000
934.999017	gene_A	318.000000	687.000000	0.001456
934.999017	gene_A*	222.000000	673.000000	0.000000
934.999017	gene_B	166.000000	662.000000	0.001511
934.999017	gene_C	161.000000	652.000000	0.000000
934.999017	gene_D	153.000000	647.000000	0.000000
934.999017	gene_E	149.000000	643.000000	0.000000
934.999017	gene_F	107.000000	444.000000	0.000000
934.999017	gene_G	45.000000	344.000000	0.037791
934.999017	gene_H	0.000000	235.000000	0.170213
934.999017	gene_J	127.000000	636.000000	0.070755
934.999017	gene_K	156.000000	654.000000	0.000000
934.999017	promoter_A	0.000000	0.000000	0.000000
934.999017	promoter_B1	0.000000	0.000000	0.000000
934.999017	promoter_D	0.000000	0.000000	0.000000
939.999050	__gene_A*_rbs	677.000000	0.000000	0.000000
939.999050	__gene_A_rbs	690.000000	0.000000	0.000000
939.999050	__gene_B_rbs	666.000000	0.000000	0.000000
939.999050	__gene_C_rbs	656.000000	0.000000	0.000000
939.999050	__gene_D_rbs	651.000000	0.000000	0.000000
939.999050	__gene_E_rbs	646.000000	0.000000	0.000000
939.999050	__gene_F_rbs	447.000000	0.000000	0.000000
939.999050	__gene_G_rbs	346.000000	0.000000	0.000000
939.999050	__gene_H_rbs	237.000000	0.000000	0.000000
939.999050	__gene_J_rbs	640.000000	0.000000	0.000000
939.999050	__gene_K_rbs	658.000000	0.000000	0.000000
939.999050	__ribosome	0.000000	0.000000	0.000000
939.999050	bound_ecolipol	1872.000000	0.000000	0.000000
939.999050	bound_ribosome	100.000000	0.000000	0.000000
939.999050	ecoli_genome	128.000000	0.000000	0.000000
939.999050	ecoli_transcript	70565.000000	0.000000	0.000000
939.999050	ecolipol	36.000000	0.000000	0.000000
939.999050	gene_A	318.000000	690.000000	0.001449
939.999050	gene_A*	222.000000	677.000000	0.000000
939.999050	gene_B	166.000000	666.000000	0.001502
939.999050	gene_C	161.000000	656.000000	0.000000
939.999050	gene_D	153.000000	651.000000	0.000000
939.999050	gene_E	149.000000	646.000000	0.000000
939.999050	gene_F	107.000000	447.000000	0.000000
939.999050	gene_G	45.000000	346.000000	0.037572
939.999050	gene_H	0.000000	237.000000	0.168776
939.999050	gene_J	127.000000	640.000000	0.070312
939.999050	gene_K	156.000000	658.000000	0.000000
939.999050	promoter_A	0.000000	0.000000	0.000000
939.999050	promoter_B1	0.000000	0.000000	0.000000
939.999050	promoter_D	0.000000	0.000000	0.000000
944.999040	__gene_A*_rbs	681.000000	0.000000	0.000000
944.999040	__gene_A_rbs	694.000000	0.000000	0.000000
944.999040	__gene_B_rbs	669.000000	0.000000	0.000000
944.999040	__gene_C_rbs	659.000000	0.000000	0.000000
944.999040	__gene_D_rbs	655.000000	0.000000	0.000000
944.999040	__gene_E_rbs	650.000000	0.000000	0.000000
944.999040	__gene_F_rbs	448.000000	0.000000	0.000000
944.999040	__gene_G_rbs	348.000000	0.000000	0.000000
944.999040	__gene_H_rbs	238.000000	0.000000	0.000000
944.999040	__gene_J_rbs	644.000000	0.000000	0.000000
944.999040	__gene_K_rbs	661.000000	0.000000	0.000000
944.999040	__ribosome	0.000000	0.000000	0.000000
944.999040	bound_ecolipol	1868.000000	0.000000	0.000000
944.999040	bound_ribosome	100.000000	0.000000	0.000000
944.999040	ecoli_genome	132.000000	0.000000	0.000000
944.999040	ecoli_transcript	70939.000000	0.000000	0.000000
944.999040	ecolipol	39.000000	0.000000	0.000000
944.999040	gene_A	318.000000	694.000000	0.001441
944.999040	gene_A*	222.000000	681.000000	0.000000
944.999040	gene_B	167.000000	669.000000	0.000000
944.999040	gene_C	161.000000	659.000000	0.000000
944.999040	gene_D	153.000000	655.000000	0.001527
944.999040	gene_E	149.000000	650.000000	0.000000
944.999040	gene_F	107.000000	448.000000	0.000000
944.999040	gene_G	45.000000	348.000000	0.037356
944.999040	gene_H	0.000000	238.000000	0.168067
944.999040	gene_J	127.000000	644.000000	0.069876
944.999040	gene_K	156.000000	661.000000	0.000000
944.999040	promoter_A	0.000000	0.000000	0.000000
944.999040	promoter_B1	0.000000	0.000000	0.000000
944.999040	promoter_D	0.000000	0.000000	0.000000
949.999083	__gene_A*_rbs	684.000000	0.000000	0.000000
949.999083	__gene_A_rbs	698.000000	0.000000	0.000000
949.999083	__gene_B_rbs	673.000000	0.000000	0.000000
949.999083	__gene_C_rbs	663.000000	0.000000	0.000000
949.999083	__gene_D_rbs	658.000000	0.000000	0.000000
949.999083	__gene_E_rbs	654.000000	0.000000	0.000000
949.999083	__gene_F_rbs	451.000000	0.000000	0.000000
949.999083	__gene_G_rbs	349.000000	0.000000	0.000000
949.999083	__gene_H_rbs	240.000000	0.000000	0.000000
949.999083	__gene_J_rbs	647.000000	0.000000	0.000000
949.999083	__gene_K_rbs	665.000000	0.000000	0.000000
949.999083	__ribosome	0.000000	0.000000	0.000000
949.999083	bound_ecolipol	1864.000000	0.000000	0.000000
949.999083	bound_ribosome	100.000000	0.000000	0.000000
949.999083	ecoli_genome	136.000000	0.000000	0.000000
949.999083	ecoli_transcript	71326.000000	0.000000	0.000000
949.999083	ecolipol	45.000000	0.000000	0.000000
949.999083	gene_A	318.000000	698.000000	0.001433
949.999083	gene_A*	222.000000	684.000000	0.000000
949.999083	gene_B	167.000000	673.000000	0.000000
949.999083	gene_C	161.000000	663.000000	0.000000
949.999083	gene_D	153.000000	658.000000	0.001520
949.999083	gene_E	149.000000	654.000000	0.000000
949.999083	gene_F	107.000000	451.000000	0.000000
949.999083	gene_G	45.000000	349.000000	0.037249
949.999083	gene_H	0.000000	240.000000	0.166667
949.999083	gene_J	127.000000	647.000000	0.069552
949.999083	gene_K	156.000000	665.000000	0.000000
949.999083	promoter_A	0.000000	0.000000	0.000000
949.999083	promoter_B1	0.000000	0.000000	0.000000
949.999083	promoter_D	0.000000	0.000000	0.000000
954.999180	__gene_A*_rbs	688.000000	0.000000	0.000000
954.999180	__gene_A_rbs	701.000000	0.000000	0.000000
954.999180	__gene_B_rbs	677.000000	0.000000	0.000000
954.999180	__gene_C_rbs	666.000000	0.000000	0.000000
954.999180	__gene_D_rbs	662.000000	0.000000	0.000000
954.999180	__gene_E_rbs	658.000000	0.000000	0.000000
954.999180	__gene_F_rbs	454.000000	0.000000	0.000000
954.999180	__gene_G_rbs	350.000000	0.000000	0.000000
954.999180	__gene_H_rbs	241.000000	0.000000	0.000000
954.999180	__gene_J_rbs	651.000000	0.000000	0.000000
954.999180	__gene_K_rbs	668.000000	0.000000	0.000000
954.999180	__ribosome	0.000000	0.000000	0.000000
954.999180	bound_ecolipol	1875.000000	0.000000	0.000000
954.999180	bound_ribosome	100.000000	0.000000	0.000000
954.999180	ecoli_genome	125.000000	0.000000	0.000000
954.999180	ecoli_transcript	71698.000000	0.000000	0.000000
954.999180	ecolipol	33.000000	0.000000	0.000000
954.999180	gene_A	318.000000	701.000000	0.001427
954.999180	gene_A*	222.000000	688.000000	0.000000
954.999180	gene_B	167.000000	677.000000	0.000000
954.999180	gene_C	161.000000	666.000000	0.000000
954.999180	gene_D	153.000000	662.000000	0.001511
954.999180	gene_E	149.000000	658.000000	0.000000
954.999180	gene_F	107.000000	454.000000	0.000000
954.999180	gene_G	45.000000	350.000000	0.037143
954.999180	gene_H	0.000000	241.000000	0.165975
954.999180	gene_J	127.000000	651.000000	0.069124
954.999180	gene_K	156.000000	668.000000	0.000000
954.999180	promoter_A	0.000000	0.000000	0.000000
954.999180	promoter_B1	0.000000	0.000000	0.000000
954.999180	promoter_D	0.000000	0.000000	0.000000
959.999081	__gene_A*_rbs	692.000000	0.000000	0.000000
959.999081	__gene_A_rbs	705.000000	0.000000	0.000000
959.999081	__gene_B_rbs	680.000000	0.000000	0.000000
959.999081	__gene_C_rbs	670.000000	0.000000	0.000000
959.999081	__gene_D_rbs	665.000000	0.000000	0.000000
959.999081	__gene_E_rbs	662.000000	0.000000	0.000000
959.999081	__gene_F_rbs	457.000000	0.000000	0.000000
959.999081	__gene_G_rbs	353.000000	0.000000	0.000000
959.999081	__gene_H_rbs	243.000000	0.000000	0.000000
959.999081	__gene_J_rbs	655.000000	0.000000	0.000000
959.999081	__gene_K_rbs	672.000000	0.000000	0.000000
959.999081	__ribosome	0.000000	0.000000	0.000000
959.999081	bound_ecolipol	1868.000000	0.000000	0.000000
959.999081	bound_ribosome	100.000000	0.000000	0.000000
959.999081	ecoli_genome	132.000000	0.000000	0.000000
959.999081	ecoli_transcript	72098.000000	0.000000	0.000000
959.999081	ecolipol	40.000000	0.000000	0.000000
959.999081	gene_A	318.000000	705.000000	0.001418
959.999081	gene_A*	222.000000	692.000000	0.000000
959.999081	gene_B	167.000000	680.000000	0.001471
959.999081	gene_C	161.000000	670.000000	0.000000
959.999081	gene_D	154.000000	665.000000	0.000000
959.999081	gene_E	149.000000	662.000000	0.000000
959.999081	gene_F	107.000000	457.000000	0.000000
959.999081	gene_G	45.000000	353.000000	0.036827
959.999081	gene_H	0.000000	243.000000	0.164609
959.999081	gene_J	127.000000	655.000000	0.068702
959.999081	gene_K	156.000000	672.000000	0.000000
959.999081	promoter_A	0.000000	0.000000	0.000000
959.999081	promoter_B1	0.000000	0.000000	0.000000
959.999081	promoter_D	0.000000	0.000000	0.000000
964.999100	__gene_A*_rbs	696.000000	0.000000	0.000000
964.999100	__gene_A_rbs	708.000000	0.000000	0.000000
964.999100	__gene_B_rbs	684.000000	0.000000	0.000000
964.999100	__gene_C_rbs	674.000000	0.000000	0.000000
964.999100	__gene_D_rbs	669.000000	0.000000	0.000000
964.999100	__gene_E_rbs	665.000000	0.000000	0.000000
964.999100	__gene_F_rbs	460.000000	0.000000	0.000000
964.999100	__gene_G_rbs	356.000000	0.000000	0.000000
964.999100	__gene_H_rbs	244.000000	0.000000	0.000000
964.999100	__gene_J_rbs	658.000000	0.000000	0.000000
964.999100	__gene_K_rbs	676.000000	0.000000	0.000000
964.999100	__ribosome	0.000000	0.000000	0.000000
964.999100	bound_ecolipol	1869.000000	0.000000	0.000000
964.999100	bound_ribosome	100.000000	0.000000	0.000000
964.999100	ecoli_genome	131.000000	0.000000	0.000000
964.999100	ecoli_transcript	72518.000000	0.000000	0.000000
964.999100	ecolipol	37.000000	0.000000	0.000000
964.999100	gene_A	318.000000	708.000000	0.001412
964.999100	gene_A*	222.000000	696.000000	0.000000
964.999100	gene_B	167.000000	684.000000	0.001462
964.999100	gene_C	161.000000	674.000000	0.000000
964.999100	gene_D	154.000000	669.000000	0.000000
964.999100	gene_E	149.000000	665.000000	0.000000
964.999100	gene_F	107.000000	460.000000	0.000000
964.999100	gene_G	45.000000	356.000000	0.036517
964.999100	gene_H	0.000000	244.000000	0.163934
964.999100	gene_J	127.000000	658.000000	0.068389
964.999100	gene_K	156.000000	676.000000	0.000000
964.999100	promoter_A	0.000000	0.000000	0.000000
964.999100	promoter_B1	0.000000	0.000000	0.000000
964.999100	promoter_D	0.000000	0.000000	0.000000
969.999021	__gene_A*_rbs	699.000000	0.000000	0.000000
969.999021	__gene_A_rbs	712.000000	0.000000	0.000000
969.999021	__gene_B_rbs	687.000000	0.000000	0.000000
969.999021	__gene_C_rbs	677.000000	0.000000	0.000000
969.999021	__gene_D_rbs	672.000000	0.000000	0.000000
969.999021	__gene_E_rbs	668.000000	0.000000	0.000000
969.999021	__gene_F_rbs	463.000000	0.000000	0.000000
969.999021	__gene_G_rbs	357.000000	0.000000	0.000000
969.999021	__gene_H_rbs	245.000000	0.000000	0.000000
969.999021	__gene_J_rbs	662.000000	0.000000	0.000000
969.999021	__gene_K_rbs	680.000000	0.000000	0.000000
969.999021	__ribosome	0.000000	0.000000	0.000000
969.999021	bound_ecolipol	1875.000000	0.000000	0.000000
969.999021	bound_ribosome	100.000000	0.000000	0.000000
969.999021	ecoli_genome	125.000000	0.000000	0.000000
969.999021	ecoli_transcript	72884.000000	0.000000	0.000000
969.999021	ecolipol	31.000000	0.000000	0.000000
969.999021	gene_A	318.000000	712.000000	0.001404
969.999021	gene_A*	222.000000	699.000000	0.000000
969.999021	gene_B	168.000000	688.000000	0.000000
969.999021	gene_C	161.000000	677.000000	0.000000
969.999021	gene_D	154.000000	672.000000	0.001488
969.999021	gene_E	149.000000	668.000000	0.000000
969.999021	gene_F	107.000000	463.000000	0.000000
969.999021	gene_G	45.000000	357.000000	0.036415
969.999021	gene_H	0.000000	245.000000	0.163265
969.999021	gene_J	127.000000	662.000000	0.067976
969.999021	gene_K	156.000000	680.000000	0.000000
969.999021	promoter_A	0.000000	0.000000	0.000000
969.999021	promoter_B1	0.000000	0.000000	0.000000
969.999021	promoter_D	0.000000	0.000000	0.000000
974.999143	__gene_A*_rbs	703.000000	0.000000	0.000000
974.999143	__gene_A_rbs	715.000000	0.000000	0.000000
974.999143	__gene_B_rbs	691.000000	0.000000	0.000000
974.999143	__gene_C_rbs	681.000000	0.000000	0.000000
974.999143	__gene_D_rbs	676.000000	0.000000	0.000000
974.999143	__gene_E_rbs	672.000000	0.000000	0.000000
974.999143	__gene_F_rbs	466.000000	0.000000	0.000000
974.999143	__gene_G_rbs	359.000000	0.000000	0.000000
974.999143	__gene_H_rbs	245.000000	0.000000	0.000000
974.999143	__gene_J_rbs	666.000000	0.000000	0.000000
974.999143	__gene_K_rbs	683.000000	0.000000	0.000000
974.999143	__ribosome	0.000000	0.000000	0.000000
974.999143	bound_ecolipol	1871.000000	0.000000	0.000000
974.999143	bound_ribosome	100.000000	0.000000	0.000000
974.999143	ecoli_genome	129.000000	0.000000	0.000000
974.999143	ecoli_transcript	73234.000000	0.000000	0.000000
974.999143	ecolipol	37.000000	0.000000	0.000000
974.999143	gene_A	318.000000	715.000000	0.001399
974.999143	gene_A*	222.000000	703.000000	0.000000
974.999143	gene_B	168.000000	691.000000	0.000000
974.999143	gene_C	161.000000	681.000000	0.000000
974.999143	gene_D	154.000000	676.000000	0.001479
974.999143	gene_E	149.000000	672.000000	0.000000
974.999143	gene_F	107.000000	466.000000	0.000000
974.999143	gene_G	45.000000	359.000000	0.036212
974.999143	gene_H	0.000000	245.000000	0.163265
974.999143	gene_J	127.000000	666.000000	0.067568
974.999143	gene_K	156.000000	683.000000	0.000000
974.999143	promoter_A	0.000000	0.000000	0.000000
974.999143	promoter_B1	0.000000	0.000000	0.000000
974.999143	promoter_D	0.000000	0.000000	0.000000
979.999410	__gene_A*_rbs	707.000000	0.000000	0.000000
979.999410	__gene_A_rbs	719.000000	0.000000	0.000000
979.999410	__gene_B_rbs	695.000000	0.000000	0.000000
979.999410	__gene_C_rbs	685.000000	0.000000	0.000000
979.999410	__gene_D_rbs	679.000000	0.000000	0.000000
979.999410	__gene_E_rbs	676.000000	0.000000	0.000000
979.999410	__gene_F_rbs	469.000000	0.000000	0.000000
979.999410	__gene_G_rbs	362.000000	0.000000	0.000000
979.999410	__gene_H_rbs	247.000000	0.000000	0.000000
979.999410	__gene_J_rbs	669.000000	0.000000	0.000000
979.999410	__gene_K_rbs	686.000000	0.000000	0.000000
979.999410	__ribosome	0.000000	0.000000	0.000000
979.999410	bound_ecolipol	1871.000000	0.000000	0.000000
979.999410	bound_ribosome	100.000000	0.000000	0.000000
979.999410	ecoli_genome	129.000000	0.000000	0.000000
979.999410	ecoli_transcript	73591.000000	0.000000	0.000000
979.999410	ecolipol	35.000000	0.000000	0.000000
979.999410	gene_A	318.000000	719.000000	0.001391
979.999410	gene_A*	222.000000	707.000000	0.000000
979.999410	gene_B	168.000000	695.000000	0.000000
979.999410	gene_C	161.000000	685.000000	0.000000
979.999410	gene_D	154.000000	679.000000	0.001473
979.999410	gene_E	149.000000	676.000000	0.000000
979.999410	gene_F	107.000000	469.000000	0.000000
979.999410	gene_G	45.000000	362.000000	0.035912
979.999410	gene_H	0.000000	247.000000	0.161943
979.999410	gene_J	127.000000	669.000000	0.067265
979.999410	gene_K	156.000000	686.000000	0.000000
979.999410	promoter_A	0.000000	0.000000	0.000000
979.999410	promoter_B1	0.000000	0.000000	0.000000
979.999410	promoter_D	0.000000	0.000000	0.000000
984.999098	__gene_A*_rbs	710.000000	0.000000	0.000000
984.999098	__gene_A_rbs	723.000000	0.000000	0.000000
984.999098	__gene_B_rbs	698.000000	0.000000	0.000000
984.999098	__gene_C_rbs	688.000000	0.000000	0.000000
984.999098	__gene_D_rbs	683.000000	0.000000	0.000000
984.999098	__gene_E_rbs	679.000000	0.000000	0.000000
984.999098	__gene_F_rbs	472.000000	0.000000	0.000000
984.999098	__gene_G_rbs	364.000000	0.000000	0.000000
984.999098	__gene_H_rbs	249.000000	0.000000	0.000000
984.999098	__gene_J_rbs	673.000000	0.000000	0.000000
984.999098	__gene_K_rbs	690.000000	0.000000	0.000000
984.999098	__ribosome	0.000000	0.000000	0.000000
984.999098	bound_ecolipol	1874.000000	0.000000	0.000000
984.999098	bound_ribosome	100.000000	0.000000	0.000000
984.999098	ecoli_genome	126.000000	0.000000	0.000000
984.999098	ecoli_transcript	73951.000000	0.000000	0.000000
984.999098	ecolipol	32.000000	0.000000	0.000000
984.999098	gene_A	319.000000	723.000000	0.000000
984.999098	gene_A*	222.000000	710.000000	0.000000
984.999098	gene_B	168.000000	698.000000	0.000000
984.999098	gene_C	161.000000	688.000000	0.000000
984.999098	gene_D	155.000000	683.000000	0.000000
984.999098	gene_E	149.000000	679.000000	0.000000
984.999098	gene_F	107.000000	472.000000	0.000000
984.999098	gene_G	45.000000	364.000000	0.035714
984.999098	gene_H	0.000000	249.000000	0.160643
984.999098	gene_J	127.000000	673.000000	0.069837
984.999098	gene_K	156.000000	690.000000	0.000000
984.999098	promoter_A	0.000000	0.000000	0.000000
984.999098	promoter_B1	0.000000	0.000000	0.000000
984.999098	promoter_D	0.000000	0.000000	0.000000
989.999306	__gene_A*_rbs	714.000000	0.000000	0.000000
989.999306	__gene_A_rbs	727.000000	0.000000	0.000000
989.999306	__gene_B_rbs	702.000000	0.000000	0.000000
989.999306	__gene_C_rbs	692.000000	0.000000	0.000000
989.999306	__gene_D_rbs	687.000000	0.000000	0.000000
989.999306	__gene_E_rbs	682.000000	0.000000	0.000000
989.999306	__gene_F_rbs	476.000000	0.000000	0.000000
989.999306	__gene_G_rbs	365.000000	0.000000	0.000000
989.999306	__gene_H_rbs	250.000000	0.000000	0.000000
989.999306	__gene_J_rbs	677.000000	0.000000	0.000000
989.999306	__gene_K_rbs	694.000000	0.000000	0.000000
989.999306	__ribosome	0.000000	0.000000	0.000000
989.999306	bound_ecolipol	1865.000000	0.000000	0.000000
989.999306	bound_ribosome	100.000000	0.000000	0.000000
989.999306	ecoli_genome	135.000000	0.000000	0.000000
989.999306	ecoli_transcript	74342.000000	0.000000	0.000000
989.999306	ecolipol	41.000000	0.000000	0.000000
989.999306	gene_A	319.000000	727.000000	0.001376
989.999306	gene_A*	222.000000	714.000000	0.000000
989.999306	gene_B	168.000000	702.000000	0.000000
989.999306	gene_C	161.000000	692.000000	0.000000
989.999306	gene_D	155.000000	687.000000	0.000000
989.999306	gene_E	149.000000	682.000000	0.000000
989.999306	gene_F	107.000000	476.000000	0.000000
989.999306	gene_G	45.000000	365.000000	0.038356
989.999306	gene_H	0.000000	250.000000	0.160000
989.999306	gene_J	129.000000	677.000000	0.066470
989.999306	gene_K	156.000000	694.000000	0.000000
989.999306	promoter_A	0.000000	0.000000	0.000000
989.999306	promoter_B1	0.000000	0.000000	0.000000
989.999306	promoter_D	0.000000	0.000000	0.000000
994.999213	__gene_A*_rbs	718.000000	0.000000	0.000000
994.999213	__gene_A_rbs	730.000000	0.000000	0.000000
994.999213	__gene_B_rbs	706.000000	0.000000	0.000000
994.999213	__gene_C_rbs	695.000000	0.000000	0.000000
994.999213	__gene_D_rbs	690.000000	0.000000	0.000000
994.999213	__gene_E_rbs	686.000000	0.000000	0.000000
994.999213	__gene_F_rbs	476.000000	0.000000	0.000000
994.999213	__gene_G_rbs	367.000000	0.000000	0.000000
994.999213	__gene_H_rbs	251.000000	0.000000	0.000000
994.999213	__gene_J_rbs	680.000000	0.000000	0.000000
994.999213	__gene_K_rbs	697.000000	0.000000	0.000000
994.999213	__ribosome	0.000000	0.000000	0.000000
994.999213	bound_ecolipol	1871.000000	0.000000	0.000000
994.999213	bound_ribosome	100.000000	0.000000	0.000000
994.999213	ecoli_genome	129.000000	0.000000	0.000000
994.999213	ecoli_transcript	74727.000000	0.000000	0.000000
994.999213	ecolipol	38.000000	0.000000	0.000000
994.999213	gene_A	319.000000	730.000000	0.001370
994.999213	gene_A*	222.000000	718.000000	0.000000
994.999213	gene_B	168.000000	706.000000	0.000000
994.999213	gene_C	161.000000	695.000000	0.000000
994.999213	gene_D	155.000000	690.000000	0.000000
994.999213	gene_E	149.000000	686.000000	0.000000
994.999213	gene_F	107.000000	476.000000	0.000000
994.999213	gene_G	45.000000	367.000000	0.038147
994.999213	gene_H	0.000000	251.000000	0.159363
994.999213	gene_J	129.000000	680.000000	0.066176
994.999213	gene_K	156.000000	697.000000	0.000000
994.999213	promoter_A	0.000000	0.000000	0.000000
994.999213	promoter_B1	0.000000	0.000000	0.000000
994.999213	promoter_D	0.000000	0.000000	0.000000
999.999091	__gene_A*_rbs	721.000000	0.000000	0.000000
999.999091	__gene_A_rbs	734.000000	0.000000	0.000000
999.999091	__gene_B_rbs	710.000000	0.000000	0.000000
999.999091	__gene_C_rbs	699.000000	0.000000	0.000000
999.999091	__gene_D_rbs	694.000000	0.000000	0.000000
999.999091	__gene_E_rbs	689.000000	0.000000	0.000000
999.999091	__gene_F_rbs	478.000000	0.000000	0.000000
999.999091	__gene_G_rbs	370.000000	0.000000	0.000000
999.999091	__gene_H_rbs	251.000000	0.000000	0.000000
999.999091	__gene_J_rbs	684.000000	0.000000	0.000000
999.999091	__gene_K_rbs	701.000000	0.000000	0.000000
999.999091	__ribosome	0.000000	0.000000	0.000000
999.999091	bound_ecolipol	1869.000000	0.000000	0.000000
999.999091	bound_ribosome	100.000000	0.000000	0.000000
999.999091	ecoli_genome	131.000000	0.000000	0.000000
999.999091	ecoli_transcript	75087.000000	0.000000	0.000000
999.999091	ecolipol	41.000000	0.000000	0.000000
999.999091	gene_A	319.000000	734.000000	0.001362
999.999091	gene_A*	222.000000	721.000000	0.000000
999.999091	gene_B	168.000000	710.000000	0.000000
999.999091	gene_C	161.000000	699.000000	0.000000
999.999091	gene_D	155.000000	694.000000	0.000000
999.999091	gene_E	149.000000	689.000000	0.000000
999.999091	gene_F	107.000000	478.000000	0.000000
999.999091	gene_G	45.000000	370.000000	0.037838
999.999091	gene_H	0.000000	251.000000	0.159363
999.999091	gene_J	129.000000	684.000000	0.065789
999.999091	gene_K	156.000000	701.000000	0.000000
999.999091	promoter_A	0.000000	0.000000	0.000000
999.999091	promoter_B1	0.000000	0.000000	0.000000
999.999091	promoter_D	0.000000	0.000000	0.000000
1004.999002	__gene_A*_rbs	725.000000	0.000000	0.000000
1004.999002	__gene_A_rbs	738.000000	0.000000	0.000000
1004.999002	__gene_B_rbs	714.000000	0.000000	0.000000
1004.999002	__gene_C_rbs	703.000000	0.000000	0.000000
1004.999002	__gene_D_rbs	698.000000	0.000000	0.000000
1004.999002	__gene_E_rbs	693.000000	0.000000	0.000000
1004.999002	__gene_F_rbs	480.000000	0.000000	0.000000
1004.999002	__gene_G_rbs	371.000000	0.000000	0.000000
1004.999002	__gene_H_rbs	252.000000	0.000000	0.000000
1004.999002	__gene_J_rbs	687.000000	0.000000	0.000000
1004.999002	__gene_K_rbs	705.000000	0.000000	0.000000
1004.999002	__ribosome	0.000000	0.000000	0.000000
1004.999002	bound_ecolipol	1860.000000	0.000000	0.000000
1004.999002	bound_ribosome	100.000000	0.000000	0.000000
1004.999002	ecoli_genome	140.000000	0.000000	0.000000
1004.999002	ecoli_transcript	75487.000000	0.000000	0.000000
1004.999002	ecolipol	50.000000	0.000000	0.000000
1004.999002	gene_A	319.000000	738.000000	0.001355
1004.999002	gene_A*	222.000000	725.000000	0.000000
1004.999002	gene_B	168.000000	714.000000	0.000000
1004.999002	gene_C	161.000000	703.000000	0.000000
1004.999002	gene_D	155.000000	698.000000	0.000000
1004.999002	gene_E	149.000000	693.000000	0.000000
1004.999002	gene_F	107.000000	480.000000	0.000000
1004.999002	gene_G	45.000000	371.000000	0.037736
1004.999002	gene_H	0.000000	252.000000	0.158730
1004.999002	gene_J	129.000000	687.000000	0.065502
1004.999002	gene_K	156.000000	705.000000	0.000000
1004.999002	promoter_A	0.000000	0.000000	0.000000
1004.999002	promoter_B1	0.000000	0.000000	0.000000
1004.999002	promoter_D	0.000000	0.000000	0.000000
1009.999106	__gene_A*_rbs	729.000000	0.000000	0.000000
1009.999106	__gene_A_rbs	742.000000	0.000000	0.000000
1009.999106	__gene_B_rbs	717.000000	0.000000	0.000000
1009.999106	__gene_C_rbs	707.000000	0.000000	0.000000
1009.999106	__gene_D_rbs	701.000000	0.000000	0.000000
1009.999106	__gene_E_rbs	697.000000	0.000000	0.000000
1009.999106	__gene_F_rbs	481.000000	0.000000	0.000000
1009.999106	__gene_G_rbs	374.000000	0.000000	0.000000
1009.999106	__gene_H_rbs	253.000000	0.000000	0.000000
1009.999106	__gene_J_rbs	690.000000	0.000000	0.000000
1009.999106	__gene_K_rbs	708.000000	0.000000	0.000000
1009.999106	__ribosome	0.000000	0.000000	0.000000
1009.999106	bound_ecolipol	1873.000000	0.000000	0.000000
1009.999106	bound_ribosome	100.000000	0.000000	0.000000
1009.999106	ecoli_genome	127.000000	0.000000	0.000000
1009.999106	ecoli_transcript	75875.000000	0.000000	0.000000
1009.999106	ecolipol	38.000000	0.000000	0.000000
1009.999106	gene_A	319.000000	742.000000	0.001348
1009.999106	gene_A*	222.000000	729.000000	0.000000
1009.999106	gene_B	168.000000	717.000000	0.000000
1009.999106	gene_C	161.000000	707.000000	0.000000
1009.999106	gene_D	155.000000	701.000000	0.000000
1009.999106	gene_E	149.000000	697.000000	0.000000
1009.999106	gene_F	107.000000	481.000000	0.000000
1009.999106	gene_G	46.000000	374.000000	0.037433
1009.999106	gene_H	0.000000	253.000000	0.158103
1009.999106	gene_J	129.000000	690.000000	0.065217
1009.999106	gene_K	156.000000	708.000000	0.000000
1009.999106	promoter_A	0.000000	0.000000	0.000000
1009.999106	promoter_B1	0.000000	0.000000	0.000000
1009.999106	promoter_D	0.000000	0.000000	0.000000
1014.999090	__gene_A*_rbs	732.000000	0.000000	0.000000
1014.999090	__gene_A_rbs	745.000000	0.000000	0.000000
1014.999090	__gene_B_rbs	721.000000	0.000000	0.000000
1014.999090	__gene_C_rbs	710.000000	0.000000	0.000000
1014.999090	__gene_D_rbs	705.000000	0.000000	0.000000
1014.999090	__gene_E_rbs	701.000000	0.000000	0.000000
1014.999090	__gene_F_rbs	484.000000	0.000000	0.000000
1014.999090	__gene_G_rbs	377.000000	0.000000	0.000000
1014.999090	__gene_H_rbs	255.000000	0.000000	0.000000
1014.999090	__gene_J_rbs	694.000000	0.000000	0.000000
1014.999090	__gene_K_rbs	712.000000	0.000000	0.000000
1014.999090	__ribosome	0.000000	0.000000	0.000000
1014.999090	bound_ecolipol	1867.000000	0.000000	0.000000
1014.999090	bound_ribosome	100.000000	0.000000	0.000000
1014.999090	ecoli_genome	133.000000	0.000000	0.000000
1014.999090	ecoli_transcript	76249.000000	0.000000	0.000000
1014.999090	ecolipol	43.000000	0.000000	0.000000
1014.999090	gene_A	319.000000	745.000000	0.001342
1014.999090	gene_A*	222.000000	732.000000	0.000000
1014.999090	gene_B	168.000000	721.000000	0.000000
1014.999090	gene_C	161.000000	710.000000	0.000000
1014.999090	gene_D	155.000000	705.000000	0.000000
1014.999090	gene_E	149.000000	701.000000	0.000000
1014.999090	gene_F	107.000000	484.000000	0.000000
1014.999090	gene_G	46.000000	377.000000	0.037135
1014.999090	gene_H	0.000000	255.000000	0.156863
1014.999090	gene_J	129.000000	694.000000	0.064841
1014.999090	gene_K	156.000000	712.000000	0.000000
1014.999090	promoter_A	0.000000	0.000000	0.000000
1014.999090	promoter_B1	0.000000	0.000000	0.000000
1014.999090	promoter_D	0.000000	0.000000	0.000000
1019.999171	__gene_A*_rbs	736.000000	0.000000	0.000000
1019.999171	__gene_A_rbs	749.000000	0.000000	0.000000
1019.999171	__gene_B_rbs	724.000000	0.000000	0.000000
1019.999171	__gene_C_rbs	714.000000	0.000000	0.000000
1019.999171	__gene_D_rbs	709.000000	0.000000	0.000000
1019.999171	__gene_E_rbs	705.000000	0.000000	0.000000
1019.999171	__gene_F_rbs	487.000000	0.000000	0.000000
1019.999171	__gene_G_rbs	381.000000	0.000000	0.000000
1019.999171	__gene_H_rbs	255.000000	0.000000	0.000000
1019.999171	__gene_J_rbs	698.000000	0.000000	0.000000
1019.999171	__gene_K_rbs	716.000000	0.000000	0.000000
1019.999171	__ribosome	0.000000	0.000000	0.000000
1019.999171	bound_ecolipol	1873.000000	0.000000	0.000000
1019.999171	bound_ribosome	100.000000	0.000000	0.000000
1019.999171	ecoli_genome	127.000000	0.000000	0.000000
1019.999171	ecoli_transcript	76620.000000	0.000000	0.000000
1019.999171	ecolipol	36.000000	0.000000	0.000000
1019.999171	gene_A	319.000000	749.000000	0.001335
1019.999171	gene_A*	222.000000	736.000000	0.000000
1019.999171	gene_B	168.000000	724.000000	0.000000
1019.999171	gene_C	161.000000	714.000000	0.000000
1019.999171	gene_D	155.000000	709.000000	0.000000
1019.999171	gene_E	149.000000	705.000000	0.000000
1019.999171	gene_F	107.000000	487.000000	0.000000
1019.999171	gene_G	46.000000	381.000000	0.036745
1019.999171	gene_H	0.000000	255.000000	0.156863
1019.999171	gene_J	129.000000	698.000000	0.064470
1019.999171	gene_K	156.000000	716.000000	0.000000
1019.999171	promoter_A	0.000000	0.000000	0.000000
1019.999171	promoter_B1	0.000000	0.000000	0.000000
1019.999171	promoter_D	0.000000	0.000000	0.000000
1024.999386	__gene_A*_rbs	739.000000	0.000000	0.000000
1024.999386	__gene_A_rbs	752.000000	0.000000	0.000000
1024.999386	__gene_B_rbs	728.000000	0.000000	0.000000
1024.999386	__gene_C_rbs	717.000000	0.000000	0.000000
1024.999386	__gene_D_rbs	712.000000	0.000000	0.000000
1024.999386	__gene_E_rbs	708.000000	0.000000	0.000000
1024.999386	__gene_F_rbs	490.000000	0.000000	0.000000
1024.999386	__gene_G_rbs	384.000000	0.000000	0.000000
1024.999386	__gene_H_rbs	257.000000	0.000000	0.000000
1024.999386	__gene_J_rbs	702.000000	0.000000	0.000000
1024.999386	__gene_K_rbs	719.000000	0.000000	0.000000
1024.999386	__ribosome	0.000000	0.000000	0.000000
1024.999386	bound_ecolipol	1867.000000	0.000000	0.000000
1024.999386	bound_ribosome	100.000000	0.000000	0.000000
1024.999386	ecoli_genome	133.000000	0.000000	0.000000
1024.999386	ecoli_transcript	76982.000000	0.000000	0.000000
1024.999386	ecolipol	41.000000	0.000000	0.000000
1024.999386	gene_A	319.000000	752.000000	0.001330
1024.999386	gene_A*	222.000000	739.000000	0.000000
1024.999386	gene_B	168.000000	728.000000	0.000000
1024.999386	gene_C	161.000000	717.000000	0.000000
1024.999386	gene_D	155.000000	712.000000	0.000000
1024.999386	gene_E	149.000000	708.000000	0.000000
1024.999386	gene_F	107.000000	490.000000	0.000000
1024.999386	gene_G	46.000000	384.000000	0.036458
1024.999386	gene_H	0.000000	257.000000	0.155642
1024.999386	gene_J	129.000000	702.000000	0.064103
1024.999386	gene_K	156.000000	719.000000	0.000000
1024.999386	promoter_A	0.000000	0.000000	0.000000
1024.999386	promoter_B1	0.000000	0.000000	0.000000
1024.999386	promoter_D	0.000000	0.000000	0.000000
1029.999083	__gene_A*_rbs	743.000000	0.000000	0.000000
1029.999083	__gene_A_rbs	756.000000	0.000000	0.000000
1029.999083	__gene_B_rbs	732.000000	0.000000	0.000000
1029.999083	__gene_C_rbs	721.000000	0.000000	0.000000
1029.999083	__gene_D_rbs	716.000000	0.000000	0.000000
1029.999083	__gene_E_rbs	712.000000	0.000000	0.000000
1029.999083	__gene_F_rbs	493.000000	0.000000	0.000000
1029.999083	__gene_G_rbs	386.000000	0.000000	0.000000
1029.999083	__gene_H_rbs	259.000000	0.000000	0.000000
1029.999083	__gene_J_rbs	706.000000	0.000000	0.000000
1029.999083	__gene_K_rbs	723.000000	0.000000	0.000000
1029.999083	__ribosome	0.000000	0.000000	0.000000
1029.999083	bound_ecolipol	1862.000000	0.000000	0.000000
1029.999083	bound_ribosome	100.000000	0.000000	0.000000
1029.999083	ecoli_genome	138.000000	0.000000	0.000000
1029.999083	ecoli_transcript	77353.000000	0.000000	0.000000
1029.999083	ecolipol	43.000000	0.000000	0.000000
1029.999083	gene_A	319.000000	756.000000	0.001323
1029.999083	gene_A*	222.000000	743.000000	0.000000
1029.999083	gene_B	168.000000	732.000000	0.000000
1029.999083	gene_C	161.000000	721.000000	0.000000
1029.999083	gene_D	155.000000	716.000000	0.000000
1029.999083	gene_E	149.000000	712.000000	0.000000
1029.999083	gene_F	107.000000	493.000000	0.000000
1029.999083	gene_G	46.000000	386.000000	0.036269
1029.999083	gene_H	0.000000	259.000000	0.154440
1029.999083	gene_J	129.000000	706.000000	0.063739
1029.999083	gene_K	156.000000	723.000000	0.000000
1029.999083	promoter_A	0.000000	0.000000	0.000000
1029.999083	promoter_B1	0.000000	0.000000	0.000000
1029.999083	promoter_D	0.000000	0.000000	0.000000
1034.999269	__gene_A*_rbs	746.000000	0.000000	0.000000
1034.999269	__gene_A_rbs	760.000000	0.000000	0.000000
1034.999269	__gene_B_rbs	735.000000	0.000000	0.000000
1034.999269	__gene_C_rbs	725.000000	0.000000	0.000000
1034.999269	__gene_D_rbs	720.000000	0.000000	0.000000
1034.999269	__gene_E_rbs	715.000000	0.000000	0.000000
1034.999269	__gene_F_rbs	496.000000	0.000000	0.000000
1034.999269	__gene_G_rbs	387.000000	0.000000	0.000000
1034.999269	__gene_H_rbs	262.000000	0.000000	0.000000
1034.999269	__gene_J_rbs	710.000000	0.000000	0.000000
1034.999269	__gene_K_rbs	727.000000	0.000000	0.000000
1034.999269	__ribosome	0.000000	0.000000	0.000000
1034.999269	bound_ecolipol	1868.000000	0.000000	0.000000
1034.999269	bound_ribosome	100.000000	0.000000	0.000000
1034.999269	ecoli_genome	132.000000	0.000000	0.000000
1034.999269	ecoli_transcript	77744.000000	0.000000	0.000000
1034.999269	ecolipol	38.000000	0.000000	0.000000
1034.999269	gene_A	319.000000	760.000000	0.001316
1034.999269	gene_A*	222.000000	746.000000	0.000000
1034.999269	gene_B	168.000000	735.000000	0.000000
1034.999269	gene_C	161.000000	725.000000	0.000000
1034.999269	gene_D	155.000000	720.000000	0.000000
1034.999269	gene_E	149.000000	715.000000	0.000000
1034.999269	gene_F	107.000000	496.000000	0.000000
1034.999269	gene_G	46.000000	387.000000	0.036176
1034.999269	gene_H	0.000000	262.000000	0.152672
1034.999269	gene_J	129.000000	710.000000	0.063380
1034.999269	gene_K	156.000000	727.000000	0.000000
1034.999269	promoter_A	0.000000	0.000000	0.000000
1034.999269	promoter_B1	0.000000	0.000000	0.000000
1034.999269	promoter_D	0.000000	0.000000	0.000000
1039.999201	__gene_A*_rbs	750.000000	0.000000	0.000000
1039.999201	__gene_A_rbs	763.000000	0.000000	0.000000
1039.999201	__gene_B_rbs	739.000000	0.000000	0.000000
1039.999201	__gene_C_rbs	729.000000	0.000000	0.000000
1039.999201	__gene_D_rbs	724.000000	0.000000	0.000000
1039.999201	__gene_E_rbs	719.000000	0.000000	0.000000
1039.999201	__gene_F_rbs	499.000000	0.000000	0.000000
1039.999201	__gene_G_rbs	388.000000	0.000000	0.000000
1039.999201	__gene_H_rbs	263.000000	0.000000	0.000000
1039.999201	__gene_J_rbs	713.000000	0.000000	0.000000
1039.999201	__gene_K_rbs	731.000000	0.000000	0.000000
1039.999201	__ribosome	0.000000	0.000000	0.000000
1039.999201	bound_ecolipol	1880.000000	0.000000	0.000000
1039.999201	bound_ribosome	100.000000	0.000000	0.000000
1039.999201	ecoli_genome	120.000000	0.000000	0.000000
1039.999201	ecoli_transcript	78119.000000	0.000000	0.000000
1039.999201	ecolipol	27.000000	0.000000	0.000000
1039.999201	gene_A	320.000000	763.000000	0.000000
1039.999201	gene_A*	222.000000	750.000000	0.000000
1039.999201	gene_B	168.000000	739.000000	0.000000
1039.999201	gene_C	161.000000	729.000000	0.001372
1039.999201	gene_D	155.000000	724.000000	0.000000
1039.999201	gene_E	149.000000	719.000000	0.000000
1039.999201	gene_F	107.000000	499.000000	0.000000
1039.999201	gene_G	46.000000	388.000000	0.036082
1039.999201	gene_H	0.000000	263.000000	0.152091
1039.999201	gene_J	129.000000	713.000000	0.063114
1039.999201	gene_K	156.000000	731.000000	0.000000
1039.999201	promoter_A	0.000000	0.000000	0.000000
1039.999201	promoter_B1	0.000000	0.000000	0.000000
1039.999201	promoter_D	0.000000	0.000000	0.000000
1044.999056	__gene_A*_rbs	754.000000	0.000000	0.000000
1044.999056	__gene_A_rbs	767.000000	0.000000	0.000000
1044.999056	__gene_B_rbs	743.000000	0.000000	0.000000
1044.999056	__gene_C_rbs	732.000000	0.000000	0.000000
1044.999056	__gene_D_rbs	728.000000	0.000000	0.000000
1044.999056	__gene_E_rbs	723.000000	0.000000	0.000000
1044.999056	__gene_F_rbs	502.000000	0.000000	0.000000
1044.999056	__gene_G_rbs	390.000000	0.000000	0.000000
1044.999056	__gene_H_rbs	266.000000	0.000000	0.000000
1044.999056	__gene_J_rbs	716.000000	0.000000	0.000000
1044.999056	__gene_K_rbs	734.000000	0.000000	0.000000
1044.999056	__ribosome	0.000000	0.000000	0.000000
1044.999056	bound_ecolipol	1867.000000	0.000000	0.000000
1044.999056	bound_ribosome	100.000000	0.000000	0.000000
1044.999056	ecoli_genome	133.000000	0.000000	0.000000
1044.999056	ecoli_transcript	78492.000000	0.000000	0.000000
1044.999056	ecolipol	39.000000	0.000000	0.000000
1044.999056	gene_A	320.000000	767.000000	0.000000
1044.999056	gene_A*	222.000000	754.000000	0.000000
1044.999056	gene_B	168.000000	743.000000	0.000000
1044.999056	gene_C	161.000000	732.000000	0.001366
1044.999056	gene_D	155.000000	728.000000	0.000000
1044.999056	gene_E	149.000000	723.000000	0.000000
1044.999056	gene_F	107.000000	502.000000	0.000000
1044.999056	gene_G	46.000000	390.000000	0.035897
1044.999056	gene_H	0.000000	266.000000	0.150376
1044.999056	gene_J	129.000000	716.000000	0.062849
1044.999056	gene_K	156.000000	734.000000	0.000000
1044.999056	promoter_A	0.000000	0.000000	0.000000
1044.999056	promoter_B1	0.000000	0.000000	0.000000
1044.999056	promoter_D	0.000000	0.000000	0.000000
1049.999331	__gene_A*_rbs	758.000000	0.000000	0.000000
1049.999331	__gene_A_rbs	770.000000	0.000000	0.000000
1049.999331	__gene_B_rbs	747.000000	0.000000	0.000000
1049.999331	__gene_C_rbs	736.000000	0.000000	0.000000
1049.999331	__gene_D_rbs	731.000000	0.000000	0.000000
1049.999331	__gene_E_rbs	727.000000	0.000000	0.000000
1049.999331	__gene_F_rbs	505.000000	0.000000	0.000000
1049.999331	__gene_G_rbs	391.000000	0.000000	0.000000
1049.999331	__gene_H_rbs	267.000000	0.000000	0.000000
1049.999331	__gene_J_rbs	720.000000	0.000000	0.000000
1049.999331	__gene_K_rbs	738.000000	0.000000	0.000000
1049.999331	__ribosome	0.000000	0.000000	0.000000
1049.999331	bound_ecolipol	1857.000000	0.000000	0.000000
1049.999331	bound_ribosome	100.000000	0.000000	0.000000
1049.999331	ecoli_genome	143.000000	0.000000	0.000000
1049.999331	ecoli_transcript	78904.000000	0.000000	0.000000
1049.999331	ecolipol	47.000000	0.000000	0.000000
1049.999331	gene_A	320.000000	770.000000	0.000000
1049.999331	gene_A*	222.000000	758.000000	0.000000
1049.999331	gene_B	168.000000	747.000000	0.000000
1049.999331	gene_C	162.000000	736.000000	0.000000
1049.999331	gene_D	155.000000	731.000000	0.001368
1049.999331	gene_E	149.000000	727.000000	0.000000
1049.999331	gene_F	107.000000	505.000000	0.000000
1049.999331	gene_G	46.000000	391.000000	0.035806
1049.999331	gene_H	0.000000	267.000000	0.149813
1049.999331	gene_J	129.000000	720.000000	0.062500
1049.999331	gene_K	156.000000	738.000000	0.000000
1049.999331	promoter_A	0.000000	0.000000	0.000000
1049.999331	promoter_B1	0.000000	0.000000	0.000000
1049.999331	promoter_D	0.000000	0.000000	0.000000
1054.999017	__gene_A*_rbs	762.000000	0.000000	0.000000
1054.999017	__gene_A_rbs	774.000000	0.000000	0.000000
1054.999017	__gene_B_rbs	750.000000	0.000000	0.000000
1054.999017	__gene_C_rbs	739.000000	0.000000	0.000000
1054.999017	__gene_D_rbs	734.000000	0.000000	0.000000
1054.999017	__gene_E_rbs	729.000000	0.000000	0.000000
1054.999017	__gene_F_rbs	507.000000	0.000000	0.000000
1054.999017	__gene_G_rbs	394.000000	0.000000	0.000000
1054.999017	__gene_H_rbs	268.000000	0.000000	0.000000
1054.999017	__gene_J_rbs	723.000000	0.000000	0.000000
1054.999017	__gene_K_rbs	741.000000	0.000000	0.000000
1054.999017	__ribosome	0.000000	0.000000	0.000000
1054.999017	bound_ecolipol	1868.000000	0.000000	0.000000
1054.999017	bound_ribosome	100.000000	0.000000	0.000000
1054.999017	ecoli_genome	132.000000	0.000000	0.000000
1054.999017	ecoli_transcript	79271.000000	0.000000	0.000000
1054.999017	ecolipol	34.000000	0.000000	0.000000
1054.999017	gene_A	320.000000	774.000000	0.000000
1054.999017	gene_A*	222.000000	762.000000	0.000000
1054.999017	gene_B	168.000000	750.000000	0.000000
1054.999017	gene_C	162.000000	739.000000	0.000000
1054.999017	gene_D	155.000000	734.000000	0.001362
1054.999017	gene_E	149.000000	730.000000	0.000000
1054.999017	gene_F	107.000000	507.000000	0.000000
1054.999017	gene_G	46.000000	394.000000	0.035533
1054.999017	gene_H	0.000000	268.000000	0.149254
1054.999017	gene_J	129.000000	723.000000	0.062241
1054.999017	gene_K	156.000000	741.000000	0.000000
1054.999017	promoter_A	0.000000	0.000000	0.000000
1054.999017	promoter_B1	0.000000	0.000000	0.000000
1054.999017	promoter_D	0.000000	0.000000	0.000000
1059.999073	__gene_A*_rbs	765.000000	0.000000	0.000000
1059.999073	__gene_A_rbs	778.000000	0.000000	0.000000
1059.999073	__gene_B_rbs	753.000000	0.000000	0.000000
1059.999073	__gene_C_rbs	743.000000	0.000000	0.000000
1059.999073	__gene_D_rbs	738.000000	0.000000	0.000000
1059.999073	__gene_E_rbs	734.000000	0.000000	0.000000
1059.999073	__gene_F_rbs	511.000000	0.000000	0.000000
1059.999073	__gene_G_rbs	396.000000	0.000000	0.000000
1059.999073	__gene_H_rbs	270.000000	0.000000	0.000000
1059.999073	__gene_J_rbs	727.000000	0.000000	0.000000
1059.999073	__gene_K_rbs	745.000000	0.000000	0.000000
1059.999073	__ribosome	0.000000	0.000000	0.000000
1059.999073	bound_ecolipol	1870.000000	0.000000	0.000000
1059.999073	bound_ribosome	100.000000	0.000000	0.000000
1059.999073	ecoli_genome	130.000000	0.000000	0.000000
1059.999073	ecoli_transcript	79623.000000	0.000000	0.000000
1059.999073	ecolipol	31.000000	0.000000	0.000000
1059.999073	gene_A	320.000000	778.000000	0.000000
1059.999073	gene_A*	222.000000	765.000000	0.000000
1059.999073	gene_B	168.000000	753.000000	0.000000
1059.999073	gene_C	162.000000	743.000000	0.000000
1059.999073	gene_D	155.000000	738.000000	0.001355
1059.999073	gene_E	149.000000	734.000000	0.000000
1059.999073	gene_F	107.000000	511.000000	0.000000
1059.999073	gene_G	46.000000	396.000000	0.035354
1059.999073	gene_H	0.000000	270.000000	0.148148
1059.999073	gene_J	129.000000	727.000000	0.061898
1059.999073	gene_K	156.000000	745.000000	0.000000
1059.999073	promoter_A	0.000000	0.000000	0.000000
1059.999073	promoter_B1	0.000000	0.000000	0.000000
1059.999073	promoter_D	0.000000	0.000000	0.000000
1064.999299	__gene_A*_rbs	769.000000	0.000000	0.000000
1064.999299	__gene_A_rbs	781.000000	0.000000	0.000000
1064.999299	__gene_B_rbs	757.000000	0.000000	0.000000
1064.999299	__gene_C_rbs	746.000000	0.000000	0.000000
1064.999299	__gene_D_rbs	742.000000	0.000000	0.000000
1064.999299	__gene_E_rbs	738.000000	0.000000	0.000000
1064.999299	__gene_F_rbs	514.000000	0.000000	0.000000
1064.999299	__gene_G_rbs	399.000000	0.000000	0.000000
1064.999299	__gene_H_rbs	272.000000	0.000000	0.000000
1064.999299	__gene_J_rbs	731.000000	0.000000	0.000000
1064.999299	__gene_K_rbs	747.000000	0.000000	0.000000
1064.999299	__ribosome	0.000000	0.000000	0.000000
1064.999299	bound_ecolipol	1879.000000	0.000000	0.000000
1064.999299	bound_ribosome	100.000000	0.000000	0.000000
1064.999299	ecoli_genome	121.000000	0.000000	0.000000
1064.999299	ecoli_transcript	79991.000000	0.000000	0.000000
1064.999299	ecolipol	23.000000	0.000000	0.000000
1064.999299	gene_A	320.000000	781.000000	0.000000
1064.999299	gene_A*	222.000000	769.000000	0.000000
1064.999299	gene_B	168.000000	757.000000	0.000000
1064.999299	gene_C	162.000000	746.000000	0.000000
1064.999299	gene_D	156.000000	742.000000	0.000000
1064.999299	gene_E	149.000000	738.000000	0.000000
1064.999299	gene_F	107.000000	514.000000	0.000000
1064.999299	gene_G	46.000000	399.000000	0.035088
1064.999299	gene_H	0.000000	272.000000	0.147059
1064.999299	gene_J	129.000000	731.000000	0.061560
1064.999299	gene_K	156.000000	748.000000	0.001337
1064.999299	promoter_A	0.000000	0.000000	0.000000
1064.999299	promoter_B1	0.000000	0.000000	0.000000
1064.999299	promoter_D	0.000000	0.000000	0.000000
1069.999034	__gene_A*_rbs	773.000000	0.000000	0.000000
1069.999034	__gene_A_rbs	785.000000	0.000000	0.000000
1069.999034	__gene_B_rbs	761.000000	0.000000	0.000000
1069.999034	__gene_C_rbs	750.000000	0.000000	0.000000
1069.999034	__gene_D_rbs	746.000000	0.000000	0.000000
1069.999034	__gene_E_rbs	741.000000	0.000000	0.000000
1069.999034	__gene_F_rbs	516.000000	0.000000	0.000000
1069.999034	__gene_G_rbs	401.000000	0.000000	0.000000
1069.999034	__gene_H_rbs	273.000000	0.000000	0.000000
1069.999034	__gene_J_rbs	734.000000	0.000000	0.000000
1069.999034	__gene_K_rbs	752.000000	0.000000	0.000000
1069.999034	__ribosome	0.000000	0.000000	0.000000
1069.999034	bound_ecolipol	1881.000000	0.000000	0.000000
1069.999034	bound_ribosome	100.000000	0.000000	0.000000
1069.999034	ecoli_genome	119.000000	0.000000	0.000000
1069.999034	ecoli_transcript	80334.000000	0.000000	0.000000
1069.999034	ecolipol	24.000000	0.000000	0.000000
1069.999034	gene_A	320.000000	785.000000	0.000000
1069.999034	gene_A*	222.000000	773.000000	0.000000
1069.999034	gene_B	168.000000	761.000000	0.000000
1069.999034	gene_C	162.000000	750.000000	0.000000
1069.999034	gene_D	156.000000	746.000000	0.000000
1069.999034	gene_E	149.000000	741.000000	0.000000
1069.999034	gene_F	107.000000	516.000000	0.000000
1069.999034	gene_G	46.000000	401.000000	0.034913
1069.999034	gene_H	0.000000	273.000000	0.146520
1069.999034	gene_J	129.000000	734.000000	0.061308
1069.999034	gene_K	156.000000	752.000000	0.001330
1069.999034	promoter_A	0.000000	0.000000	0.000000
1069.999034	promoter_B1	0.000000	0.000000	0.000000
1069.999034	promoter_D	0.000000	0.000000	0.000000
1074.999343	__gene_A*_rbs	776.000000	0.000000	0.000000
1074.999343	__gene_A_rbs	788.000000	0.000000	0.000000
1074.999343	__gene_B_rbs	764.000000	0.000000	0.000000
1074.999343	__gene_C_rbs	754.000000	0.000000	0.000000
1074.999343	__gene_D_rbs	749.000000	0.000000	0.000000
1074.999343	__gene_E_rbs	745.000000	0.000000	0.000000
1074.999343	__gene_F_rbs	519.000000	0.000000	0.000000
1074.999343	__gene_G_rbs	402.000000	0.000000	0.000000
1074.999343	__gene_H_rbs	274.000000	0.000000	0.000000
1074.999343	__gene_J_rbs	738.000000	0.000000	0.000000
1074.999343	__gene_K_rbs	756.000000	0.000000	0.000000
1074.999343	__ribosome	0.000000	0.000000	0.000000
1074.999343	bound_ecolipol	1875.000000	0.000000	0.000000
1074.999343	bound_ribosome	100.000000	0.000000	0.000000
1074.999343	ecoli_genome	125.000000	0.000000	0.000000
1074.999343	ecoli_transcript	80715.000000	0.000000	0.000000
1074.999343	ecolipol	31.000000	0.000000	0.000000
1074.999343	gene_A	320.000000	788.000000	0.000000
1074.999343	gene_A*	222.000000	776.000000	0.000000
1074.999343	gene_B	168.000000	764.000000	0.000000
1074.999343	gene_C	162.000000	754.000000	0.000000
1074.999343	gene_D	156.000000	749.000000	0.000000
1074.999343	gene_E	149.000000	745.000000	0.000000
1074.999343	gene_F	107.000000	519.000000	0.000000
1074.999343	gene_G	46.000000	402.000000	0.034826
1074.999343	gene_H	0.000000	274.000000	0.149635
1074.999343	gene_J	129.000000	738.000000	0.060976
1074.999343	gene_K	157.000000	756.000000	0.000000
1074.999343	promoter_A	0.000000	0.000000	0.000000
1074.999343	promoter_B1	0.000000	0.000000	0.000000
1074.999343	promoter_D	0.000000	0.000000	0.000000
1079.999001	__gene_A*_rbs	780.000000	0.000000	0.000000
1079.999001	__gene_A_rbs	792.000000	0.000000	0.000000
1079.999001	__gene_B_rbs	768.000000	0.000000	0.000000
1079.999001	__gene_C_rbs	758.000000	0.000000	0.000000
1079.999001	__gene_D_rbs	753.000000	0.000000	0.000000
1079.999001	__gene_E_rbs	749.000000	0.000000	0.000000
1079.999001	__gene_F_rbs	522.000000	0.000000	0.000000
1079.999001	__gene_G_rbs	404.000000	0.000000	0.000000
1079.999001	__gene_H_rbs	277.000000	0.000000	0.000000
1079.999001	__gene_J_rbs	742.000000	0.000000	0.000000
1079.999001	__gene_K_rbs	760.000000	0.000000	0.000000
1079.999001	__ribosome	0.000000	0.000000	0.000000
1079.999001	bound_ecolipol	1869.000000	0.000000	0.000000
1079.999001	bound_ribosome	100.000000	0.000000	0.000000
1079.999001	ecoli_genome	131.000000	0.000000	0.000000
1079.999001	ecoli_transcript	81097.000000	0.000000	0.000000
1079.999001	ecolipol	35.000000	0.000000	0.000000
1079.999001	gene_A	320.000000	792.000000	0.000000
1079.999001	gene_A*	222.000000	780.000000	0.000000
1079.999001	gene_B	168.000000	768.000000	0.000000
1079.999001	gene_C	162.000000	758.000000	0.000000
1079.999001	gene_D	156.000000	753.000000	0.000000
1079.999001	gene_E	149.000000	749.000000	0.000000
1079.999001	gene_F	107.000000	522.000000	0.000000
1079.999001	gene_G	46.000000	404.000000	0.034653
1079.999001	gene_H	0.000000	277.000000	0.148014
1079.999001	gene_J	129.000000	742.000000	0.060647
1079.999001	gene_K	157.000000	760.000000	0.000000
1079.999001	promoter_A	0.000000	0.000000	0.000000
1079.999001	promoter_B1	0.000000	0.000000	0.000000
1079.999001	promoter_D	0.000000	0.000000	0.000000
1084.999256	__gene_A*_rbs	784.000000	0.000000	0.000000
1084.999256	__gene_A_rbs	796.000000	0.000000	0.000000
1084.999256	__gene_B_rbs	773.000000	0.000000	0.000000
1084.999256	__gene_C_rbs	761.000000	0.000000	0.000000
1084.999256	__gene_D_rbs	756.000000	0.000000	0.000000
1084.999256	__gene_E_rbs	752.000000	0.000000	0.000000
1084.999256	__gene_F_rbs	525.000000	0.000000	0.000000
1084.999256	__gene_G_rbs	407.000000	0.000000	0.000000
1084.999256	__gene_H_rbs	278.000000	0.000000	0.000000
1084.999256	__gene_J_rbs	746.000000	0.000000	0.000000
1084.999256	__gene_K_rbs	764.000000	0.000000	0.000000
1084.999256	__ribosome	0.000000	0.000000	0.000000
1084.999256	bound_ecolipol	1869.000000	0.000000	0.000000
1084.999256	bound_ribosome	100.000000	0.000000	0.000000
1084.999256	ecoli_genome	131.000000	0.000000	0.000000
1084.999256	ecoli_transcript	81465.000000	0.000000	0.000000
1084.999256	ecolipol	35.000000	0.000000	0.000000
1084.999256	gene_A	320.000000	796.000000	0.000000
1084.999256	gene_A*	222.000000	784.000000	0.000000
1084.999256	gene_B	168.000000	773.000000	0.000000
1084.999256	gene_C	162.000000	761.000000	0.000000
1084.999256	gene_D	156.000000	756.000000	0.000000
1084.999256	gene_E	149.000000	752.000000	0.000000
1084.999256	gene_F	107.000000	525.000000	0.000000
1084.999256	gene_G	46.000000	407.000000	0.034398
1084.999256	gene_H	0.000000	278.000000	0.147482
1084.999256	gene_J	129.000000	746.000000	0.060322
1084.999256	gene_K	157.000000	764.000000	0.000000
1084.999256	promoter_A	0.000000	0.000000	0.000000
1084.999256	promoter_B1	0.000000	0.000000	0.000000
1084.999256	promoter_D	0.000000	0.000000	0.000000
1089.999016	__gene_A*_rbs	787.000000	0.000000	0.000000
1089.999016	__gene_A_rbs	799.000000	0.000000	0.000000
1089.999016	__gene_B_rbs	776.000000	0.000000	0.000000
1089.999016	__gene_C_rbs	766.000000	0.000000	0.000000
1089.999016	__gene_D_rbs	760.000000	0.000000	0.000000
1089.999016	__gene_E_rbs	756.000000	0.000000	0.000000
1089.999016	__gene_F_rbs	528.000000	0.000000	0.000000
1089.999016	__gene_G_rbs	409.000000	0.000000	0.000000
1089.999016	__gene_H_rbs	279.000000	0.000000	0.000000
1089.999016	__gene_J_rbs	749.000000	0.000000	0.000000
1089.999016	__gene_K_rbs	767.000000	0.000000	0.000000
1089.999016	__ribosome	0.000000	0.000000	0.000000
1089.999016	bound_ecolipol	1859.000000	0.000000	0.000000
1089.999016	bound_ribosome	100.000000	0.000000	0.000000
1089.999016	ecoli_genome	141.000000	0.000000	0.000000
1089.999016	ecoli_transcript	81852.000000	0.000000	0.000000
1089.999016	ecolipol	43.000000	0.000000	0.000000
1089.999016	gene_A	320.000000	799.000000	0.000000
1089.999016	gene_A*	222.000000	787.000000	0.000000
1089.999016	gene_B	168.000000	776.000000	0.000000
1089.999016	gene_C	162.000000	766.000000	0.000000
1089.999016	gene_D	156.000000	760.000000	0.000000
1089.999016	gene_E	149.000000	756.000000	0.000000
1089.999016	gene_F	107.000000	528.000000	0.000000
1089.999016	gene_G	46.000000	409.000000	0.034230
1089.999016	gene_H	0.000000	279.000000	0.146953
1089.999016	gene_J	129.000000	749.000000	0.060080
1089.999016	gene_K	157.000000	767.000000	0.000000
1089.999016	promoter_A	0.000000	0.000000	0.000000
1089.999016	promoter_B1	0.000000	0.000000	0.000000
1089.999016	promoter_D	0.000000	0.000000	0.000000
1094.999203	__gene_A*_rbs	791.000000	0.000000	0.000000
1094.999203	__gene_A_rbs	803.000000	0.000000	0.000000
1094.999203	__gene_B_rbs	780.000000	0.000000	0.000000
1094.999203	__gene_C_rbs	769.000000	0.000000	0.000000
1094.999203	__gene_D_rbs	764.000000	0.000000	0.000000
1094.999203	__gene_E_rbs	760.000000	0.000000	0.000000
1094.999203	__gene_F_rbs	530.000000	0.000000	0.000000
1094.999203	__gene_G_rbs	411.000000	0.000000	0.000000
1094.999203	__gene_H_rbs	281.000000	0.000000	0.000000
1094.999203	__gene_J_rbs	753.000000	0.000000	0.000000
1094.999203	__gene_K_rbs	771.000000	0.000000	0.000000
1094.999203	__ribosome	0.000000	0.000000	0.000000
1094.999203	bound_ecolipol	1873.000000	0.000000	0.000000
1094.999203	bound_ribosome	100.000000	0.000000	0.000000
1094.999203	ecoli_genome	127.000000	0.000000	0.000000
1094.999203	ecoli_transcript	82264.000000	0.000000	0.000000
1094.999203	ecolipol	30.000000	0.000000	0.000000
1094.999203	gene_A	320.000000	803.000000	0.000000
1094.999203	gene_A*	222.000000	791.000000	0.000000
1094.999203	gene_B	168.000000	780.000000	0.000000
1094.999203	gene_C	162.000000	769.000000	0.000000
1094.999203	gene_D	156.000000	764.000000	0.000000
1094.999203	gene_E	149.000000	760.000000	0.000000
1094.999203	gene_F	107.000000	530.000000	0.000000
1094.999203	gene_G	46.000000	411.000000	0.034063
1094.999203	gene_H	0.000000	281.000000	0.145907
1094.999203	gene_J	129.000000	753.000000	0.059761
1094.999203	gene_K	157.000000	771.000000	0.000000
1094.999203	promoter_A	0.000000	0.000000	0.000000
1094.999203	promoter_B1	0.000000	0.000000	0.000000
1094.999203	promoter_D	0.000000	0.000000	0.000000
1099.999058	__gene_A*_rbs	794.000000	0.000000	0.000000
1099.999058	__gene_A_rbs	807.000000	0.000000	0.000000
1099.999058	__gene_B_rbs	784.000000	0.000000	0.000000
1099.999058	__gene_C_rbs	773.000000	0.000000	0.000000
1099.999058	__gene_D_rbs	767.000000	0.000000	0.000000
1099.999058	__gene_E_rbs	764.000000	0.000000	0.000000
1099.999058	__gene_F_rbs	533.000000	0.000000	0.000000
1099.999058	__gene_G_rbs	414.000000	0.000000	0.000000
1099.999058	__gene_H_rbs	283.000000	0.000000	0.000000
1099.999058	__gene_J_rbs	757.000000	0.000000	0.000000
1099.999058	__gene_K_rbs	775.000000	0.000000	0.000000
1099.999058	__ribosome	0.000000	0.000000	0.000000
1099.999058	bound_ecolipol	1867.000000	0.000000	0.000000
1099.999058	bound_ribosome	100.000000	0.000000	0.000000
1099.999058	ecoli_genome	133.000000	0.000000	0.000000
1099.999058	ecoli_transcript	82673.000000	0.000000	0.000000
1099.999058	ecolipol	37.000000	0.000000	0.000000
1099.999058	gene_A	320.000000	807.000000	0.000000
1099.999058	gene_A*	222.000000	794.000000	0.000000
1099.999058	gene_B	168.000000	784.000000	0.000000
1099.999058	gene_C	162.000000	773.000000	0.000000
1099.999058	gene_D	156.000000	767.000000	0.000000
1099.999058	gene_E	149.000000	764.000000	0.000000
1099.999058	gene_F	107.000000	533.000000	0.000000
1099.999058	gene_G	46.000000	414.000000	0.033816
1099.999058	gene_H	0.000000	283.000000	0.144876
1099.999058	gene_J	129.000000	757.000000	0.059445
1099.999058	gene_K	157.000000	775.000000	0.000000
1099.999058	promoter_A	0.000000	0.000000	0.000000
1099.999058	promoter_B1	0.000000	0.000000	0.000000
1099.999058	promoter_D	0.000000	0.000000	0.000000
1104.999170	__gene_A*_rbs	798.000000	0.000000	0.000000
1104.999170	__gene_A_rbs	810.000000	0.000000	0.000000
1104.999170	__gene_B_rbs	787.000000	0.000000	0.000000
1104.999170	__gene_C_rbs	777.000000	0.000000	0.000000
1104.999170	__gene_D_rbs	771.000000	0.000000	0.000000
1104.999170	__gene_E_rbs	767.000000	0.000000	0.000000
1104.999170	__gene_F_rbs	535.000000	0.000000	0.000000
1104.999170	__gene_G_rbs	416.000000	0.000000	0.000000
1104.999170	__gene_H_rbs	284.000000	0.000000	0.000000
1104.999170	__gene_J_rbs	760.000000	0.000000	0.000000
1104.999170	__gene_K_rbs	779.000000	0.000000	0.000000
1104.999170	__ribosome	0.000000	0.000000	0.000000
1104.999170	bound_ecolipol	1862.000000	0.000000	0.000000
1104.999170	bound_ribosome	100.000000	0.000000	0.000000
1104.999170	ecoli_genome	138.000000	0.000000	0.000000
1104.999170	ecoli_transcript	83060.000000	0.000000	0.000000
1104.999170	ecolipol	42.000000	0.000000	0.000000
1104.999170	gene_A	320.000000	810.000000	0.000000
1104.999170	gene_A*	222.000000	798.000000	0.000000
1104.999170	gene_B	168.000000	787.000000	0.000000
1104.999170	gene_C	162.000000	777.000000	0.000000
1104.999170	gene_D	156.000000	771.000000	0.000000
1104.999170	gene_E	149.000000	767.000000	0.000000
1104.999170	gene_F	107.000000	535.000000	0.000000
1104.999170	gene_G	46.000000	416.000000	0.033654
1104.999170	gene_H	0.000000	284.000000	0.144366
1104.999170	gene_J	129.000000	760.000000	0.059211
1104.999170	gene_K	157.000000	779.000000	0.000000
1104.999170	promoter_A	0.000000	0.000000	0.000000
1104.999170	promoter_B1	0.000000	0.000000	0.000000
1104.999170	promoter_D	0.000000	0.000000	0.000000
1109.999130	__gene_A*_rbs	801.000000	0.000000	0.000000
1109.999130	__gene_A_rbs	814.000000	0.000000	0.000000
1109.999130	__gene_B_rbs	791.000000	0.000000	0.000000
1109.999130	__gene_C_rbs	780.000000	0.000000	0.000000
1109.999130	__gene_D_rbs	775.000000	0.000000	0.000000
1109.999130	__gene_E_rbs	771.000000	0.000000	0.000000
1109.999130	__gene_F_rbs	538.000000	0.000000	0.000000
1109.999130	__gene_G_rbs	419.000000	0.000000	0.000000
1109.999130	__gene_H_rbs	285.000000	0.000000	0.000000
1109.999130	__gene_J_rbs	764.000000	0.000000	0.000000
1109.999130	__gene_K_rbs	782.000000	0.000000	0.000000
1109.999130	__ribosome	0.000000	0.000000	0.000000
1109.999130	bound_ecolipol	1860.000000	0.000000	0.000000
1109.999130	bound_ribosome	100.000000	0.000000	0.000000
1109.999130	ecoli_genome	140.000000	0.000000	0.000000
1109.999130	ecoli_transcript	83440.000000	0.000000	0.000000
1109.999130	ecolipol	44.000000	0.000000	0.000000
1109.999130	gene_A	320.000000	814.000000	0.000000
1109.999130	gene_A*	222.000000	801.000000	0.000000
1109.999130	gene_B	168.000000	791.000000	0.000000
1109.999130	gene_C	162.000000	780.000000	0.000000
1109.999130	gene_D	156.000000	775.000000	0.000000
1109.999130	gene_E	149.000000	771.000000	0.000000
1109.999130	gene_F	107.000000	538.000000	0.000000
1109.999130	gene_G	46.000000	419.000000	0.033413
1109.999130	gene_H	0.000000	285.000000	0.143860
1109.999130	gene_J	129.000000	764.000000	0.058901
1109.999130	gene_K	157.000000	782.000000	0.000000
1109.999130	promoter_A	0.000000	0.000000	0.000000
1109.999130	promoter_B1	0.000000	0.000000	0.000000
1109.999130	promoter_D	0.000000	0.000000	0.000000
1114.999086	__gene_A*_rbs	805.000000	0.000000	0.000000
1114.999086	__gene_A_rbs	818.000000	0.000000	0.000000
1114.999086	__gene_B_rbs	794.000000	0.000000	0.000000
1114.999086	__gene_C_rbs	784.000000	0.000000	0.000000
1114.999086	__gene_D_rbs	779.000000	0.000000	0.000000
1114.999086	__gene_E_rbs	775.000000	0.000000	0.000000
1114.999086	__gene_F_rbs	541.000000	0.000000	0.000000
1114.999086	__gene_G_rbs	422.000000	0.000000	0.000000
1114.999086	__gene_H_rbs	288.000000	0.000000	0.000000
1114.999086	__gene_J_rbs	768.000000	0.000000	0.000000
1114.999086	__gene_K_rbs	786.000000	0.000000	0.000000
1114.999086	__ribosome	0.000000	0.000000	0.000000
1114.999086	bound_ecolipol	1875.000000	0.000000	0.000000
1114.999086	bound_ribosome	100.000000	0.000000	0.000000
1114.999086	ecoli_genome	125.000000	0.000000	0.000000
1114.999086	ecoli_transcript	83811.000000	0.000000	0.000000
1114.999086	ecolipol	28.000000	0.000000	0.000000
1114.999086	gene_A	320.000000	818.000000	0.000000
1114.999086	gene_A*	222.000000	805.000000	0.000000
1114.999086	gene_B	168.000000	794.000000	0.000000
1114.999086	gene_C	162.000000	784.000000	0.000000
1114.999086	gene_D	156.000000	779.000000	0.000000
1114.999086	gene_E	149.000000	775.000000	0.000000
1114.999086	gene_F	107.000000	541.000000	0.000000
1114.999086	gene_G	46.000000	422.000000	0.033175
1114.999086	gene_H	0.000000	288.000000	0.142361
1114.999086	gene_J	129.000000	768.000000	0.058594
1114.999086	gene_K	157.000000	786.000000	0.000000
1114.999086	promoter_A	0.000000	0.000000	0.000000
1114.999086	promoter_B1	0.000000	0.000000	0.000000
1114.999086	promoter_D	0.000000	0.000000	0.000000
1119.999027	__gene_A*_rbs	808.000000	0.000000	0.000000
1119.999027	__gene_A_rbs	821.000000	0.000000	0.000000
1119.999027	__gene_B_rbs	798.000000	0.000000	0.000000
1119.999027	__gene_C_rbs	787.000000	0.000000	0.000000
1119.999027	__gene_D_rbs	782.000000	0.000000	0.000000
1119.999027	__gene_E_rbs	778.000000	0.000000	0.000000
1119.999027	__gene_F_rbs	544.000000	0.000000	0.000000
1119.999027	__gene_G_rbs	422.000000	0.000000	0.000000
1119.999027	__gene_H_rbs	290.000000	0.000000	0.000000
1119.999027	__gene_J_rbs	771.000000	0.000000	0.000000
1119.999027	__gene_K_rbs	789.000000	0.000000	0.000000
1119.999027	__ribosome	0.000000	0.000000	0.000000
1119.999027	bound_ecolipol	1867.000000	0.000000	0.000000
1119.999027	bound_ribosome	100.000000	0.000000	0.000000
1119.999027	ecoli_genome	133.000000	0.000000	0.000000
1119.999027	ecoli_transcript	84217.000000	0.000000	0.000000
1119.999027	ecolipol	36.000000	0.000000	0.000000
1119.999027	gene_A	320.000000	821.000000	0.000000
1119.999027	gene_A*	222.000000	808.000000	0.000000
1119.999027	gene_B	168.000000	798.000000	0.000000
1119.999027	gene_C	162.000000	787.000000	0.000000
1119.999027	gene_D	156.000000	782.000000	0.000000
1119.999027	gene_E	149.000000	778.000000	0.000000
1119.999027	gene_F	107.000000	544.000000	0.000000
1119.999027	gene_G	46.000000	422.000000	0.033175
1119.999027	gene_H	0.000000	290.000000	0.141379
1119.999027	gene_J	129.000000	771.000000	0.058366
1119.999027	gene_K	157.000000	789.000000	0.000000
1119.999027	promoter_A	0.000000	0.000000	0.000000
1119.999027	promoter_B1	0.000000	0.000000	0.000000
1119.999027	promoter_D	0.000000	0.000000	0.000000
1124.999267	__gene_A*_rbs	812.000000	0.000000	0.000000
1124.999267	__gene_A_rbs	825.000000	0.000000	0.000000
1124.999267	__gene_B_rbs	802.000000	0.000000	0.000000
1124.999267	__gene_C_rbs	791.000000	0.000000	0.000000
1124.999267	__gene_D_rbs	786.000000	0.000000	0.000000
1124.999267	__gene_E_rbs	782.000000	0.000000	0.000000
1124.999267	__gene_F_rbs	547.000000	0.000000	0.000000
1124.999267	__gene_G_rbs	424.000000	0.000000	0.000000
1124.999267	__gene_H_rbs	292.000000	0.000000	0.000000
1124.999267	__gene_J_rbs	775.000000	0.000000	0.000000
1124.999267	__gene_K_rbs	793.000000	0.000000	0.000000
1124.999267	__ribosome	0.000000	0.000000	0.000000
1124.999267	bound_ecolipol	1855.000000	0.000000	0.000000
1124.999267	bound_ribosome	100.000000	0.000000	0.000000
1124.999267	ecoli_genome	145.000000	0.000000	0.000000
1124.999267	ecoli_transcript	84602.000000	0.000000	0.000000
1124.999267	ecolipol	50.000000	0.000000	0.000000
1124.999267	gene_A	320.000000	825.000000	0.000000
1124.999267	gene_A*	222.000000	812.000000	0.000000
1124.999267	gene_B	168.000000	802.000000	0.000000
1124.999267	gene_C	162.000000	791.000000	0.000000
1124.999267	gene_D	156.000000	786.000000	0.000000
1124.999267	gene_E	149.000000	782.000000	0.000000
1124.999267	gene_F	107.000000	547.000000	0.000000
1124.999267	gene_G	46.000000	424.000000	0.033019
1124.999267	gene_H	0.000000	292.000000	0.140411
1124.999267	gene_J	129.000000	775.000000	0.058065
1124.999267	gene_K	157.000000	793.000000	0.000000
1124.999267	promoter_A	0.000000	0.000000	0.000000
1124.999267	promoter_B1	0.000000	0.000000	0.000000
1124.999267	promoter_D	0.000000	0.000000	0.000000
1129.999143	__gene_A*_rbs	816.000000	0.000000	0.000000
1129.999143	__gene_A_rbs	829.000000	0.000000	0.000000
1129.999143	__gene_B_rbs	806.000000	0.000000	0.000000
1129.999143	__gene_C_rbs	795.000000	0.000000	0.000000
1129.999143	__gene_D_rbs	790.000000	0.000000	0.000000
1129.999143	__gene_E_rbs	786.000000	0.000000	0.000000
1129.999143	__gene_F_rbs	551.000000	0.000000	0.000000
1129.999143	__gene_G_rbs	424.000000	0.000000	0.000000
1129.999143	__gene_H_rbs	294.000000	0.000000	0.000000
1129.999143	__gene_J_rbs	779.000000	0.000000	0.000000
1129.999143	__gene_K_rbs	797.000000	0.000000	0.000000
1129.999143	__ribosome	0.000000	0.000000	0.000000
1129.999143	bound_ecolipol	1859.000000	0.000000	0.000000
1129.999143	bound_ribosome	100.000000	0.000000	0.000000
1129.999143	ecoli_genome	141.000000	0.000000	0.000000
1129.999143	ecoli_transcript	84965.000000	0.000000	0.000000
1129.999143	ecolipol	45.000000	0.000000	0.000000
1129.999143	gene_A	320.000000	829.000000	0.000000
1129.999143	gene_A*	222.000000	816.000000	0.000000
1129.999143	gene_B	168.000000	806.000000	0.000000
1129.999143	gene_C	162.000000	795.000000	0.000000
1129.999143	gene_D	156.000000	790.000000	0.000000
1129.999143	gene_E	149.000000	786.000000	0.000000
1129.999143	gene_F	107.000000	551.000000	0.000000
1129.999143	gene_G	46.000000	424.000000	0.033019
1129.999143	gene_H	0.000000	294.000000	0.139456
1129.999143	gene_J	129.000000	779.000000	0.057766
1129.999143	gene_K	157.000000	797.000000	0.000000
1129.999143	promoter_A	0.000000	0.000000	0.000000
1129.999143	promoter_B1	0.000000	0.000000	0.000000
1129.999143	promoter_D	0.000000	0.000000	0.000000
1134.999155	__gene_A*_rbs	820.000000	0.000000	0.000000
1134.999155	__gene_A_rbs	833.000000	0.000000	0.000000
1134.999155	__gene_B_rbs	809.000000	0.000000	0.000000
1134.999155	__gene_C_rbs	798.000000	0.000000	0.000000
1134.999155	__gene_D_rbs	794.000000	0.000000	0.000000
1134.999155	__gene_E_rbs	789.000000	0.000000	0.000000
1134.999155	__gene_F_rbs	554.000000	0.000000	0.000000
1134.999155	__gene_G_rbs	427.000000	0.000000	0.000000
1134.999155	__gene_H_rbs	294.000000	0.000000	0.000000
1134.999155	__gene_J_rbs	782.000000	0.000000	0.000000
1134.999155	__gene_K_rbs	801.000000	0.000000	0.000000
1134.999155	__ribosome	0.000000	0.000000	0.000000
1134.999155	bound_ecolipol	1868.000000	0.000000	0.000000
1134.999155	bound_ribosome	100.000000	0.000000	0.000000
1134.999155	ecoli_genome	132.000000	0.000000	0.000000
1134.999155	ecoli_transcript	85334.000000	0.000000	0.000000
1134.999155	ecolipol	34.000000	0.000000	0.000000
1134.999155	gene_A	320.000000	833.000000	0.000000
1134.999155	gene_A*	222.000000	820.000000	0.000000
1134.999155	gene_B	168.000000	809.000000	0.000000
1134.999155	gene_C	162.000000	798.000000	0.000000
1134.999155	gene_D	156.000000	794.000000	0.000000
1134.999155	gene_E	149.000000	789.000000	0.000000
1134.999155	gene_F	107.000000	554.000000	0.000000
1134.999155	gene_G	46.000000	427.000000	0.032787
1134.999155	gene_H	0.000000	294.000000	0.139456
1134.999155	gene_J	129.000000	782.000000	0.057545
1134.999155	gene_K	157.000000	801.000000	0.000000
1134.999155	promoter_A	0.000000	0.000000	0.000000
1134.999155	promoter_B1	0.000000	0.000000	0.000000
1134.999155	promoter_D	0.000000	0.000000	0.000000
1139.999890	__gene_A*_rbs	824.000000	0.000000	0.000000
1139.999890	__gene_A_rbs	836.000000	0.000000	0.000000
1139.999890	__gene_B_rbs	813.000000	0.000000	0.000000
1139.999890	__gene_C_rbs	802.000000	0.000000	0.000000
1139.999890	__gene_D_rbs	797.000000	0.000000	0.000000
1139.999890	__gene_E_rbs	793.000000	0.000000	0.000000
1139.999890	__gene_F_rbs	557.000000	0.000000	0.000000
1139.999890	__gene_G_rbs	430.000000	0.000000	0.000000
1139.999890	__gene_H_rbs	296.000000	0.000000	0.000000
1139.999890	__gene_J_rbs	786.000000	0.000000	0.000000
1139.999890	__gene_K_rbs	804.000000	0.000000	0.000000
1139.999890	__ribosome	0.000000	0.000000	0.000000
1139.999890	bound_ecolipol	1857.000000	0.000000	0.000000
1139.999890	bound_ribosome	100.000000	0.000000	0.000000
1139.999890	ecoli_genome	143.000000	0.000000	0.000000
1139.999890	ecoli_transcript	85708.000000	0.000000	0.000000
1139.999890	ecolipol	43.000000	0.000000	0.000000
1139.999890	gene_A	320.000000	836.000000	0.000000
1139.999890	gene_A*	222.000000	824.000000	0.000000
1139.999890	gene_B	168.000000	813.000000	0.000000
1139.999890	gene_C	162.000000	802.000000	0.000000
1139.999890	gene_D	156.000000	797.000000	0.000000
1139.999890	gene_E	149.000000	793.000000	0.000000
1139.999890	gene_F	107.000000	557.000000	0.000000
1139.999890	gene_G	46.000000	430.000000	0.032558
1139.999890	gene_H	0.000000	296.000000	0.138514
1139.999890	gene_J	129.000000	786.000000	0.057252
1139.999890	gene_K	157.000000	804.000000	0.000000
1139.999890	promoter_A	0.000000	0.000000	0.000000
1139.999890	promoter_B1	0.000000	0.000000	0.000000
1139.999890	promoter_D	0.000000	0.000000	0.000000
1144.999125	__gene_A*_rbs	827.000000	0.000000	0.000000
1144.999125	__gene_A_rbs	840.000000	0.000000	0.000000
1144.999125	__gene_B_rbs	817.000000	0.000000	0.000000
1144.999125	__gene_C_rbs	806.000000	0.000000	0.000000
1144.999125	__gene_D_rbs	801.000000	0.000000	0.000000
1144.999125	__gene_E_rbs	797.000000	0.000000	0.000000
1144.999125	__gene_F_rbs	561.000000	0.000000	0.000000
1144.999125	__gene_G_rbs	431.000000	0.000000	0.000000
1144.999125	__gene_H_rbs	297.000000	0.000000	0.000000
1144.999125	__gene_J_rbs	789.000000	0.000000	0.000000
1144.999125	__gene_K_rbs	808.000000	0.000000	0.000000
1144.999125	__ribosome	0.000000	0.000000	0.000000
1144.999125	bound_ecolipol	1872.000000	0.000000	0.000000
1144.999125	bound_ribosome	100.000000	0.000000	0.000000
1144.999125	ecoli_genome	128.000000	0.000000	0.000000
1144.999125	ecoli_transcript	86062.000000	0.000000	0.000000
1144.999125	ecolipol	30.000000	0.000000	0.000000
1144.999125	gene_A	320.000000	840.000000	0.000000
1144.999125	gene_A*	222.000000	827.000000	0.000000
1144.999125	gene_B	168.000000	817.000000	0.000000
1144.999125	gene_C	162.000000	806.000000	0.000000
1144.999125	gene_D	156.000000	801.000000	0.000000
1144.999125	gene_E	149.000000	797.000000	0.000000
1144.999125	gene_F	107.000000	561.000000	0.000000
1144.999125	gene_G	46.000000	431.000000	0.032483
1144.999125	gene_H	0.000000	297.000000	0.138047
1144.999125	gene_J	129.000000	789.000000	0.057034
1144.999125	gene_K	157.000000	808.000000	0.000000
1144.999125	promoter_A	0.000000	0.000000	0.000000
1144.999125	promoter_B1	0.000000	0.000000	0.000000
1144.999125	promoter_D	0.000000	0.000000	0.000000
1149.999002	__gene_A*_rbs	831.000000	0.000000	0.000000
1149.999002	__gene_A_rbs	844.000000	0.000000	0.000000
1149.999002	__gene_B_rbs	820.000000	0.000000	0.000000
1149.999002	__gene_C_rbs	810.000000	0.000000	0.000000
1149.999002	__gene_D_rbs	805.000000	0.000000	0.000000
1149.999002	__gene_E_rbs	800.000000	0.000000	0.000000
1149.999002	__gene_F_rbs	564.000000	0.000000	0.000000
1149.999002	__gene_G_rbs	434.000000	0.000000	0.000000
1149.999002	__gene_H_rbs	297.000000	0.000000	0.000000
1149.999002	__gene_J_rbs	793.000000	0.000000	0.000000
1149.999002	__gene_K_rbs	812.000000	0.000000	0.000000
1149.999002	__ribosome	0.000000	0.000000	0.000000
1149.999002	bound_ecolipol	1859.000000	0.000000	0.000000
1149.999002	bound_ribosome	100.000000	0.000000	0.000000
1149.999002	ecoli_genome	141.000000	0.000000	0.000000
1149.999002	ecoli_transcript	86450.000000	0.000000	0.000000
1149.999002	ecolipol	42.000000	0.000000	0.000000
1149.999002	gene_A	320.000000	844.000000	0.000000
1149.999002	gene_A*	222.000000	831.000000	0.000000
1149.999002	gene_B	168.000000	820.000000	0.000000
1149.999002	gene_C	162.000000	810.000000	0.000000
1149.999002	gene_D	156.000000	805.000000	0.000000
1149.999002	gene_E	149.000000	800.000000	0.000000
1149.999002	gene_F	107.000000	564.000000	0.000000
1149.999002	gene_G	46.000000	434.000000	0.032258
1149.999002	gene_H	0.000000	297.000000	0.138047
1149.999002	gene_J	129.000000	793.000000	0.056747
1149.999002	gene_K	157.000000	812.000000	0.000000
1149.999002	promoter_A	0.000000	0.000000	0.000000
1149.999002	promoter_B1	0.000000	0.000000	0.000000
1149.999002	promoter_D	0.000000	0.000000	0.000000
1154.999014	__gene_A*_rbs	835.000000	0.000000	0.000000
1154.999014	__gene_A_rbs	848.000000	0.000000	0.000000
1154.999014	__gene_B_rbs	823.000000	0.000000	0.000000
1154.999014	__gene_C_rbs	814.000000	0.000000	0.000000
1154.999014	__gene_D_rbs	809.000000	0.000000	0.000000
1154.999014	__gene_E_rbs	804.000000	0.000000	0.000000
1154.999014	__gene_F_rbs	565.000000	0.000000	0.000000
1154.999014	__gene_G_rbs	436.000000	0.000000	0.000000
1154.999014	__gene_H_rbs	300.000000	0.000000	0.000000
1154.999014	__gene_J_rbs	797.000000	0.000000	0.000000
1154.999014	__gene_K_rbs	816.000000	0.000000	0.000000
1154.999014	__ribosome	0.000000	0.000000	0.000000
1154.999014	bound_ecolipol	1862.000000	0.000000	0.000000
1154.999014	bound_ribosome	100.000000	0.000000	0.000000
1154.999014	ecoli_genome	138.000000	0.000000	0.000000
1154.999014	ecoli_transcript	86833.000000	0.000000	0.000000
1154.999014	ecolipol	40.000000	0.000000	0.000000
1154.999014	gene_A	320.000000	848.000000	0.000000
1154.999014	gene_A*	222.000000	835.000000	0.000000
1154.999014	gene_B	168.000000	823.000000	0.000000
1154.999014	gene_C	162.000000	814.000000	0.000000
1154.999014	gene_D	156.000000	809.000000	0.000000
1154.999014	gene_E	149.000000	804.000000	0.000000
1154.999014	gene_F	107.000000	565.000000	0.000000
1154.999014	gene_G	46.000000	436.000000	0.032110
1154.999014	gene_H	0.000000	300.000000	0.136667
1154.999014	gene_J	129.000000	797.000000	0.056462
1154.999014	gene_K	157.000000	816.000000	0.000000
1154.999014	promoter_A	0.000000	0.000000	0.000000
1154.999014	promoter_B1	0.000000	0.000000	0.000000
1154.999014	promoter_D	0.000000	0.000000	0.000000
1159.999302	__gene_A*_rbs	839.000000	0.000000	0.000000
1159.999302	__gene_A_rbs	851.000000	0.000000	0.000000
1159.999302	__gene_B_rbs	827.000000	0.000000	0.000000
1159.999302	__gene_C_rbs	818.000000	0.000000	0.000000
1159.999302	__gene_D_rbs	812.000000	0.000000	0.000000
1159.999302	__gene_E_rbs	808.000000	0.000000	0.000000
1159.999302	__gene_F_rbs	569.000000	0.000000	0.000000
1159.999302	__gene_G_rbs	439.000000	0.000000	0.000000
1159.999302	__gene_H_rbs	302.000000	0.000000	0.000000
1159.999302	__gene_J_rbs	801.000000	0.000000	0.000000
1159.999302	__gene_K_rbs	819.000000	0.000000	0.000000
1159.999302	__ribosome	0.000000	0.000000	0.000000
1159.999302	bound_ecolipol	1870.000000	0.000000	0.000000
1159.999302	bound_ribosome	100.000000	0.000000	0.000000
1159.999302	ecoli_genome	130.000000	0.000000	0.000000
1159.999302	ecoli_transcript	87216.000000	0.000000	0.000000
1159.999302	ecolipol	31.000000	0.000000	0.000000
1159.999302	gene_A	320.000000	851.000000	0.000000
1159.999302	gene_A*	222.000000	839.000000	0.000000
1159.999302	gene_B	168.000000	827.000000	0.000000
1159.999302	gene_C	162.000000	818.000000	0.000000
1159.999302	gene_D	156.000000	812.000000	0.000000
1159.999302	gene_E	149.000000	808.000000	0.000000
1159.999302	gene_F	107.000000	569.000000	0.000000
1159.999302	gene_G	46.000000	439.000000	0.031891
1159.999302	gene_H	0.000000	302.000000	0.135762
1159.999302	gene_J	129.000000	801.000000	0.056180
1159.999302	gene_K	157.000000	819.000000	0.000000
1159.999302	promoter_A	0.000000	0.000000	0.000000
1159.999302	promoter_B1	0.000000	0.000000	0.000000
1159.999302	promoter_D	0.000000	0.000000	0.000000
1164.999082	__gene_A*_rbs	842.000000	0.000000	0.000000
1164.999082	__gene_A_rbs	855.000000	0.000000	0.000000
1164.999082	__gene_B_rbs	831.000000	0.000000	0.000000
1164.999082	__gene_C_rbs	821.000000	0.000000	0.000000
1164.999082	__gene_D_rbs	816.000000	0.000000	0.000000
1164.999082	__gene_E_rbs	811.000000	0.000000	0.000000
1164.999082	__gene_F_rbs	572.000000	0.000000	0.000000
1164.999082	__gene_G_rbs	441.000000	0.000000	0.000000
1164.999082	__gene_H_rbs	304.000000	0.000000	0.000000
1164.999082	__gene_J_rbs	804.000000	0.000000	0.000000
1164.999082	__gene_K_rbs	823.000000	0.000000	0.000000
1164.999082	__ribosome	0.000000	0.000000	0.000000
1164.999082	bound_ecolipol	1862.000000	0.000000	0.000000
1164.999082	bound_ribosome	100.000000	0.000000	0.000000
1164.999082	ecoli_genome	138.000000	0.000000	0.000000
1164.999082	ecoli_transcript	87603.000000	0.000000	0.000000
1164.999082	ecolipol	39.000000	0.000000	0.000000
1164.999082	gene_A	320.000000	855.000000	0.000000
1164.999082	gene_A*	222.000000	842.000000	0.000000
1164.999082	gene_B	168.000000	831.000000	0.000000
1164.999082	gene_C	162.000000	821.000000	0.000000
1164.999082	gene_D	156.000000	816.000000	0.000000
1164.999082	gene_E	149.000000	811.000000	0.000000
1164.999082	gene_F	107.000000	572.000000	0.000000
1164.999082	gene_G	46.000000	441.000000	0.031746
1164.999082	gene_H	0.000000	304.000000	0.134868
1164.999082	gene_J	129.000000	804.000000	0.055970
1164.999082	gene_K	157.000000	823.000000	0.000000
1164.999082	promoter_A	0.000000	0.000000	0.000000
1164.999082	promoter_B1	0.000000	0.000000	0.000000
1164.999082	promoter_D	0.000000	0.000000	0.000000
1169.999434	__gene_A*_rbs	846.000000	0.000000	0.000000
1169.999434	__gene_A_rbs	859.000000	0.000000	0.000000
1169.999434	__gene_B_rbs	835.000000	0.000000	0.000000
1169.999434	__gene_C_rbs	825.000000	0.000000	0.000000
1169.999434	__gene_D_rbs	820.000000	0.000000	0.000000
1169.999434	__gene_E_rbs	815.000000	0.000000	0.000000
1169.999434	__gene_F_rbs	574.000000	0.000000	0.000000
1169.999434	__gene_G_rbs	443.000000	0.000000	0.000000
1169.999434	__gene_H_rbs	305.000000	0.000000	0.000000
1169.999434	__gene_J_rbs	808.000000	0.000000	0.000000
1169.999434	__gene_K_rbs	827.000000	0.000000	0.000000
1169.999434	__ribosome	0.000000	0.000000	0.000000
1169.999434	bound_ecolipol	1864.000000	0.000000	0.000000
1169.999434	bound_ribosome	100.000000	0.000000	0.000000
1169.999434	ecoli_genome	136.000000	0.000000	0.000000
1169.999434	ecoli_transcript	87964.000000	0.000000	0.000000
1169.999434	ecolipol	37.000000	0.000000	0.000000
1169.999434	gene_A	320.000000	859.000000	0.000000
1169.999434	gene_A*	222.000000	846.000000	0.000000
1169.999434	gene_B	168.000000	835.000000	0.000000
1169.999434	gene_C	162.000000	825.000000	0.000000
1169.999434	gene_D	156.000000	820.000000	0.000000
1169.999434	gene_E	149.000000	815.000000	0.000000
1169.999434	gene_F	107.000000	574.000000	0.000000
1169.999434	gene_G	46.000000	443.000000	0.031603
1169.999434	gene_H	0.000000	305.000000	0.134426
1169.999434	gene_J	129.000000	808.000000	0.055693
1169.999434	gene_K	157.000000	827.000000	0.000000
1169.999434	promoter_A	0.000000	0.000000	0.000000
1169.999434	promoter_B1	0.000000	0.000000	0.000000
1169.999434	promoter_D	0.000000	0.000000	0.000000
1174.999117	__gene_A*_rbs	850.000000	0.000000	0.000000
1174.999117	__gene_A_rbs	863.000000	0.000000	0.000000
1174.999117	__gene_B_rbs	839.000000	0.000000	0.000000
1174.999117	__gene_C_rbs	828.000000	0.000000	0.000000
1174.999117	__gene_D_rbs	824.000000	0.000000	0.000000
1174.999117	__gene_E_rbs	819.000000	0.000000	0.000000
1174.999117	__gene_F_rbs	577.000000	0.000000	0.000000
1174.999117	__gene_G_rbs	445.000000	0.000000	0.000000
1174.999117	__gene_H_rbs	307.000000	0.000000	0.000000
1174.999117	__gene_J_rbs	812.000000	0.000000	0.000000
1174.999117	__gene_K_rbs	831.000000	0.000000	0.000000
1174.999117	__ribosome	0.000000	0.000000	0.000000
1174.999117	bound_ecolipol	1870.000000	0.000000	0.000000
1174.999117	bound_ribosome	100.000000	0.000000	0.000000
1174.999117	ecoli_genome	130.000000	0.000000	0.000000
1174.999117	ecoli_transcript	88349.000000	0.000000	0.000000
1174.999117	ecolipol	31.000000	0.000000	0.000000
1174.999117	gene_A	320.000000	863.000000	0.000000
1174.999117	gene_A*	222.000000	850.000000	0.000000
1174.999117	gene_B	168.000000	839.000000	0.000000
1174.999117	gene_C	162.000000	828.000000	0.000000
1174.999117	gene_D	156.000000	824.000000	0.000000
1174.999117	gene_E	149.000000	819.000000	0.000000
1174.999117	gene_F	107.000000	577.000000	0.000000
1174.999117	gene_G	46.000000	445.000000	0.031461
1174.999117	gene_H	0.000000	307.000000	0.133550
1174.999117	gene_J	129.000000	812.000000	0.055419
1174.999117	gene_K	157.000000	831.000000	0.000000
1174.999117	promoter_A	0.000000	0.000000	0.000000
1174.999117	promoter_B1	0.000000	0.000000	0.000000
1174.999117	promoter_D	0.000000	0.000000	0.000000
1179.999112	__gene_A*_rbs	854.000000	0.000000	0.000000
1179.999112	__gene_A_rbs	867.000000	0.000000	0.000000
1179.999112	__gene_B_rbs	843.000000	0.000000	0.000000
1179.999112	__gene_C_rbs	832.000000	0.000000	0.000000
1179.999112	__gene_D_rbs	827.000000	0.000000	0.000000
1179.999112	__gene_E_rbs	823.000000	0.000000	0.000000
1179.999112	__gene_F_rbs	579.000000	0.000000	0.000000
1179.999112	__gene_G_rbs	447.000000	0.000000	0.000000
1179.999112	__gene_H_rbs	309.000000	0.000000	0.000000
1179.999112	__gene_J_rbs	815.000000	0.000000	0.000000
1179.999112	__gene_K_rbs	834.000000	0.000000	0.000000
1179.999112	__ribosome	0.000000	0.000000	0.000000
1179.999112	bound_ecolipol	1864.000000	0.000000	0.000000
1179.999112	bound_ribosome	100.000000	0.000000	0.000000
1179.999112	ecoli_genome	136.000000	0.000000	0.000000
1179.999112	ecoli_transcript	88735.000000	0.000000	0.000000
1179.999112	ecolipol	39.000000	0.000000	0.000000
1179.999112	gene_A	320.000000	867.000000	0.000000
1179.999112	gene_A*	222.000000	854.000000	0.000000
1179.999112	gene_B	168.000000	843.000000	0.000000
1179.999112	gene_C	162.000000	832.000000	0.000000
1179.999112	gene_D	156.000000	827.000000	0.000000
1179.999112	gene_E	149.000000	823.000000	0.000000
1179.999112	gene_F	107.000000	579.000000	0.000000
1179.999112	gene_G	46.000000	447.000000	0.031320
1179.999112	gene_H	0.000000	309.000000	0.132686
1179.999112	gene_J	129.000000	815.000000	0.055215
1179.999112	gene_K	157.000000	834.000000	0.000000
1179.999112	promoter_A	0.000000	0.000000	0.000000
1179.999112	promoter_B1	0.000000	0.000000	0.000000
1179.999112	promoter_D	0.000000	0.000000	0.000000
1184.999054	__gene_A*_rbs	857.000000	0.000000	0.000000
1184.999054	__gene_A_rbs	871.000000	0.000000	0.000000
1184.999054	__gene_B_rbs	846.000000	0.000000	0.000000
1184.999054	__gene_C_rbs	836.000000	0.000000	0.000000
1184.999054	__gene_D_rbs	830.000000	0.000000	0.000000
1184.999054	__gene_E_rbs	826.000000	0.000000	0.000000
1184.999054	__gene_F_rbs	581.000000	0.000000	0.000000
1184.999054	__gene_G_rbs	450.000000	0.000000	0.000000
1184.999054	__gene_H_rbs	310.000000	0.000000	0.000000
1184.999054	__gene_J_rbs	819.000000	0.000000	0.000000
1184.999054	__gene_K_rbs	838.000000	0.000000	0.000000
1184.999054	__ribosome	0.000000	0.000000	0.000000
1184.999054	bound_ecolipol	1880.000000	0.000000	0.000000
1184.999054	bound_ribosome	100.000000	0.000000	0.000000
1184.999054	ecoli_genome	120.000000	0.000000	0.000000
1184.999054	ecoli_transcript	89084.000000	0.000000	0.000000
1184.999054	ecolipol	23.000000	0.000000	0.000000
1184.999054	gene_A	320.000000	871.000000	0.000000
1184.999054	gene_A*	222.000000	857.000000	0.000000
1184.999054	gene_B	168.000000	846.000000	0.000000
1184.999054	gene_C	162.000000	836.000000	0.000000
1184.999054	gene_D	156.000000	830.000000	0.000000
1184.999054	gene_E	149.000000	826.000000	0.000000
1184.999054	gene_F	107.000000	581.000000	0.000000
1184.999054	gene_G	46.000000	450.000000	0.031111
1184.999054	gene_H	0.000000	310.000000	0.132258
1184.999054	gene_J	129.000000	819.000000	0.054945
1184.999054	gene_K	157.000000	838.000000	0.000000
1184.999054	promoter_A	0.000000	0.000000	0.000000
1184.999054	promoter_B1	0.000000	0.000000	0.000000
1184.999054	promoter_D	0.000000	0.000000	0.000000
1189.999113	__gene_A*_rbs	861.000000	0.000000	0.000000
1189.999113	__gene_A_rbs	874.000000	0.000000	0.000000
1189.999113	__gene_B_rbs	850.000000	0.000000	0.000000
1189.999113	__gene_C_rbs	839.000000	0.000000	0.000000
1189.999113	__gene_D_rbs	835.000000	0.000000	0.000000
1189.999113	__gene_E_rbs	830.000000	0.000000	0.000000
1189.999113	__gene_F_rbs	584.000000	0.000000	0.000000
1189.999113	__gene_G_rbs	452.000000	0.000000	0.000000
1189.999113	__gene_H_rbs	311.000000	0.000000	0.000000
1189.999113	__gene_J_rbs	823.000000	0.000000	0.000000
1189.999113	__gene_K_rbs	841.000000	0.000000	0.000000
1189.999113	__ribosome	0.000000	0.000000	0.000000
1189.999113	bound_ecolipol	1859.000000	0.000000	0.000000
1189.999113	bound_ribosome	100.000000	0.000000	0.000000
1189.999113	ecoli_genome	141.000000	0.000000	0.000000
1189.999113	ecoli_transcript	89484.000000	0.000000	0.000000
1189.999113	ecolipol	44.000000	0.000000	0.000000
1189.999113	gene_A	320.000000	874.000000	0.000000
1189.999113	gene_A*	222.000000	861.000000	0.000000
1189.999113	gene_B	168.000000	850.000000	0.000000
1189.999113	gene_C	162.000000	839.000000	0.000000
1189.999113	gene_D	156.000000	835.000000	0.000000
1189.999113	gene_E	149.000000	830.000000	0.000000
1189.999113	gene_F	107.000000	584.000000	0.000000
1189.999113	gene_G	46.000000	452.000000	0.030973
1189.999113	gene_H	0.000000	311.000000	0.131833
1189.999113	gene_J	129.000000	823.000000	0.054678
1189.999113	gene_K	157.000000	841.000000	0.000000
1189.999113	promoter_A	0.000000	0.000000	0.000000
1189.999113	promoter_B1	0.000000	0.000000	0.000000
1189.999113	promoter_D	0.000000	0.000000	0.000000
1194.999029	__gene_A*_rbs	865.000000	0.000000	0.000000
1194.999029	__gene_A_rbs	878.000000	0.000000	0.000000
1194.999029	__gene_B_rbs	853.000000	0.000000	0.000000
1194.999029	__gene_C_rbs	843.000000	0.000000	0.000000
1194.999029	__gene_D_rbs	838.000000	0.000000	0.000000
1194.999029	__gene_E_rbs	834.000000	0.000000	0.000000
1194.999029	__gene_F_rbs	588.000000	0.000000	0.000000
1194.999029	__gene_G_rbs	454.000000	0.000000	0.000000
1194.999029	__gene_H_rbs	313.000000	0.000000	0.000000
1194.999029	__gene_J_rbs	827.000000	0.000000	0.000000
1194.999029	__gene_K_rbs	845.000000	0.000000	0.000000
1194.999029	__ribosome	0.000000	0.000000	0.000000
1194.999029	bound_ecolipol	1860.000000	0.000000	0.000000
1194.999029	bound_ribosome	100.000000	0.000000	0.000000
1194.999029	ecoli_genome	140.000000	0.000000	0.000000
1194.999029	ecoli_transcript	89834.000000	0.000000	0.000000
1194.999029	ecolipol	44.000000	0.000000	0.000000
1194.999029	gene_A	320.000000	878.000000	0.000000
1194.999029	gene_A*	222.000000	865.000000	0.000000
1194.999029	gene_B	168.000000	853.000000	0.000000
1194.999029	gene_C	162.000000	843.000000	0.000000
1194.999029	gene_D	156.000000	838.000000	0.000000
1194.999029	gene_E	149.000000	834.000000	0.000000
1194.999029	gene_F	107.000000	588.000000	0.000000
1194.999029	gene_G	46.000000	454.000000	0.030837
1194.999029	gene_H	0.000000	313.000000	0.130990
1194.999029	gene_J	129.000000	827.000000	0.054414
1194.999029	gene_K	157.000000	845.000000	0.000000
1194.999029	promoter_A	0.000000	0.000000	0.000000
1194.999029	promoter_B1	0.000000	0.000000	0.000000
1194.999029	promoter_D	0.000000	0.000000	0.000000
1199.999168	__gene_A*_rbs	868.000000	0.000000	0.000000
1199.999168	__gene_A_rbs	881.000000	0.000000	0.000000
1199.999168	__gene_B_rbs	857.000000	0.000000	0.000000
1199.999168	__gene_C_rbs	846.000000	0.000000	0.000000
1199.999168	__gene_D_rbs	842.000000	0.000000	0.000000
1199.999168	__gene_E_rbs	838.000000	0.000000	0.000000
1199.999168	__gene_F_rbs	592.000000	0.000000	0.000000
1199.999168	__gene_G_rbs	456.000000	0.000000	0.000000
1199.999168	__gene_H_rbs	314.000000	0.000000	0.000000
1199.999168	__gene_J_rbs	831.000000	0.000000	0.000000
1199.999168	__gene_K_rbs	848.000000	0.000000	0.000000
1199.999168	__ribosome	0.000000	0.000000	0.000000
1199.999168	bound_ecolipol	1866.000000	0.000000	0.000000
1199.999168	bound_ribosome	100.000000	0.000000	0.000000
1199.999168	ecoli_genome	134.000000	0.000000	0.000000
1199.999168	ecoli_transcript	90180.000000	0.000000	0.000000
1199.999168	ecolipol	36.000000	0.000000	0.000000
1199.999168	gene_A	320.000000	881.000000	0.000000
1199.999168	gene_A*	222.000000	868.000000	0.000000
1199.999168	gene_B	168.000000	857.000000	0.000000
1199.999168	gene_C	162.000000	846.000000	0.000000
1199.999168	gene_D	156.000000	842.000000	0.000000
1199.999168	gene_E	149.000000	838.000000	0.000000
1199.999168	gene_F	107.000000	592.000000	0.000000
1199.999168	gene_G	46.000000	456.000000	0.030702
1199.999168	gene_H	0.000000	314.000000	0.130573
1199.999168	gene_J	129.000000	831.000000	0.054152
1199.999168	gene_K	157.000000	848.000000	0.000000
1199.999168	promoter_A	0.000000	0.000000	0.000000
1199.999168	promoter_B1	0.000000	0.000000	0.000000
1199.999168	promoter_D	0.000000	0.000000	0.000000
