time	species	protein	transcript	ribo_density
0.000000	__gene_A*_rbs	0.000000	0.000000	0.000000
0.000000	__gene_A_rbs	0.000000	0.000000	0.000000
0.000000	__gene_B_rbs	0.000000	0.000000	0.000000
0.000000	__gene_C_rbs	0.000000	0.000000	0.000000
0.000000	__gene_D_rbs	0.000000	0.000000	0.000000
0.000000	__gene_E_rbs	0.000000	0.000000	0.000000
0.000000	__gene_F_rbs	0.000000	0.000000	0.000000
0.000000	__gene_G_rbs	0.000000	0.000000	0.000000
0.000000	__gene_H_rbs	0.000000	0.000000	0.000000
0.000000	__gene_J_rbs	0.000000	0.000000	0.000000
0.000000	__gene_K_rbs	0.000000	0.000000	0.000000
0.000000	__ribosome	100.000000	0.000000	0.000000
0.000000	bound_ecolipol	2000.000000	0.000000	0.000000
0.000000	bound_ribosome	100.000000	0.000000	0.000000
0.000000	ecoli_genome	0.000000	0.000000	0.000000
0.000000	ecoli_transcript	0.000000	0.000000	0.000000
0.000000	ecolipol	0.000000	0.000000	0.000000
0.000000	promoter_A	1.000000	0.000000	0.000000
0.000000	promoter_B1	1.000000	0.000000	0.000000
0.000000	promoter_D	1.000000	0.000000	0.000000
4.999773	__gene_A*_rbs	0.000000	0.000000	0.000000
4.999773	__gene_A_rbs	0.000000	0.000000	0.000000
4.999773	__gene_B_rbs	0.000000	0.000000	0.000000
4.999773	__gene_C_rbs	0.000000	0.000000	0.000000
4.999773	__gene_D_rbs	0.000000	0.000000	0.000000
4.999773	__gene_E_rbs	0.000000	0.000000	0.000000
4.999773	__gene_F_rbs	0.000000	0.000000	0.000000
4.999773	__gene_G_rbs	0.000000	0.000000	0.000000
4.999773	__gene_H_rbs	0.000000	0.000000	0.000000
4.999773	__gene_J_rbs	0.000000	0.000000	0.000000
4.999773	__gene_K_rbs	0.000000	0.000000	0.000000
4.999773	__ribosome	100.000000	0.000000	0.000000
4.999773	bound_ecolipol	1928.000000	0.000000	0.000000
4.999773	bound_ribosome	100.000000	0.000000	0.000000
4.999773	ecoli_genome	72.000000	0.000000	0.000000
4.999773	ecoli_transcript	410.000000	0.000000	0.000000
4.999773	ecolipol	68.000000	0.000000	0.000000
4.999773	promoter_A	1.000000	0.000000	0.000000
4.999773	promoter_B1	0.000000	0.000000	0.000000
4.999773	promoter_D	1.000000	0.000000	0.000000
10.001603	__gene_A*_rbs	0.000000	0.000000	0.000000
10.001603	__gene_A_rbs	0.000000	0.000000	0.000000
10.001603	__gene_B_rbs	0.000000	0.000000	0.000000
10.001603	__gene_C_rbs	0.000000	0.000000	0.000000
10.001603	__gene_D_rbs	0.000000	0.000000	0.000000
10.001603	__gene_E_rbs	0.000000	0.000000	0.000000
10.001603	__gene_F_rbs	0.000000	0.000000	0.000000
10.001603	__gene_G_rbs	0.000000	0.000000	0.000000
10.001603	__gene_H_rbs	0.000000	0.000000	0.000000
10.001603	__gene_J_rbs	0.000000	0.000000	0.000000
10.001603	__gene_K_rbs	0.000000	0.000000	0.000000
10.001603	__ribosome	94.000000	0.000000	0.000000
10.001603	bound_ecolipol	1933.000000	0.000000	0.000000
10.001603	bound_ribosome	100.000000	0.000000	0.000000
10.001603	ecoli_genome	67.000000	0.000000	0.000000
10.001603	ecoli_transcript	772.000000	0.000000	0.000000
10.001603	ecolipol	59.000000	0.000000	0.000000
10.001603	gene_B	0.000000	2.000000	3.000000
10.001603	promoter_A	1.000000	0.000000	0.000000
10.001603	promoter_B1	0.000000	0.000000	0.000000
10.001603	promoter_D	1.000000	0.000000	0.000000
14.999469	__gene_A*_rbs	0.000000	0.000000	0.000000
14.999469	__gene_A_rbs	0.000000	0.000000	0.000000
14.999469	__gene_B_rbs	4.000000	0.000000	0.000000
14.999469	__gene_C_rbs	0.000000	0.000000	0.000000
14.999469	__gene_D_rbs	0.000000	0.000000	0.000000
14.999469	__gene_E_rbs	0.000000	0.000000	0.000000
14.999469	__gene_F_rbs	0.000000	0.000000	0.000000
14.999469	__gene_G_rbs	0.000000	0.000000	0.000000
14.999469	__gene_H_rbs	0.000000	0.000000	0.000000
14.999469	__gene_J_rbs	0.000000	0.000000	0.000000
14.999469	__gene_K_rbs	0.000000	0.000000	0.000000
14.999469	__ribosome	79.000000	0.000000	0.000000
14.999469	bound_ecolipol	1921.000000	0.000000	0.000000
14.999469	bound_ribosome	100.000000	0.000000	0.000000
14.999469	ecoli_genome	79.000000	0.000000	0.000000
14.999469	ecoli_transcript	1184.000000	0.000000	0.000000
14.999469	ecolipol	68.000000	0.000000	0.000000
14.999469	gene_B	0.000000	6.000000	3.500000
14.999469	promoter_A	1.000000	0.000000	0.000000
14.999469	promoter_B1	0.000000	0.000000	0.000000
14.999469	promoter_D	1.000000	0.000000	0.000000
19.999513	__gene_A*_rbs	0.000000	0.000000	0.000000
19.999513	__gene_A_rbs	0.000000	0.000000	0.000000
19.999513	__gene_B_rbs	6.000000	0.000000	0.000000
19.999513	__gene_C_rbs	0.000000	0.000000	0.000000
19.999513	__gene_D_rbs	0.000000	0.000000	0.000000
19.999513	__gene_E_rbs	0.000000	0.000000	0.000000
19.999513	__gene_F_rbs	0.000000	0.000000	0.000000
19.999513	__gene_G_rbs	0.000000	0.000000	0.000000
19.999513	__gene_H_rbs	0.000000	0.000000	0.000000
19.999513	__gene_J_rbs	0.000000	0.000000	0.000000
19.999513	__gene_K_rbs	1.000000	0.000000	0.000000
19.999513	__ribosome	55.000000	0.000000	0.000000
19.999513	bound_ecolipol	1924.000000	0.000000	0.000000
19.999513	bound_ribosome	100.000000	0.000000	0.000000
19.999513	ecoli_genome	76.000000	0.000000	0.000000
19.999513	ecoli_transcript	1598.000000	0.000000	0.000000
19.999513	ecolipol	61.000000	0.000000	0.000000
19.999513	gene_B	1.000000	9.000000	4.555556
19.999513	gene_C	0.000000	1.000000	1.000000
19.999513	gene_K	0.000000	2.000000	1.500000
19.999513	promoter_A	1.000000	0.000000	0.000000
19.999513	promoter_B1	0.000000	0.000000	0.000000
19.999513	promoter_D	1.000000	0.000000	0.000000
24.999803	__gene_A*_rbs	0.000000	0.000000	0.000000
24.999803	__gene_A_rbs	0.000000	0.000000	0.000000
24.999803	__gene_B_rbs	11.000000	0.000000	0.000000
24.999803	__gene_C_rbs	3.000000	0.000000	0.000000
24.999803	__gene_D_rbs	0.000000	0.000000	0.000000
24.999803	__gene_E_rbs	0.000000	0.000000	0.000000
24.999803	__gene_F_rbs	0.000000	0.000000	0.000000
24.999803	__gene_G_rbs	0.000000	0.000000	0.000000
24.999803	__gene_H_rbs	0.000000	0.000000	0.000000
24.999803	__gene_J_rbs	0.000000	0.000000	0.000000
24.999803	__gene_K_rbs	3.000000	0.000000	0.000000
24.999803	__ribosome	34.000000	0.000000	0.000000
24.999803	bound_ecolipol	1924.000000	0.000000	0.000000
24.999803	bound_ribosome	100.000000	0.000000	0.000000
24.999803	ecoli_genome	76.000000	0.000000	0.000000
24.999803	ecoli_transcript	1994.000000	0.000000	0.000000
24.999803	ecolipol	57.000000	0.000000	0.000000
24.999803	gene_B	13.000000	13.000000	4.307692
24.999803	gene_C	0.000000	4.000000	0.500000
24.999803	gene_K	2.000000	5.000000	1.600000
24.999803	promoter_A	1.000000	0.000000	0.000000
24.999803	promoter_B1	0.000000	0.000000	0.000000
24.999803	promoter_D	0.000000	0.000000	0.000000
29.999064	__gene_A*_rbs	0.000000	0.000000	0.000000
29.999064	__gene_A_rbs	1.000000	0.000000	0.000000
29.999064	__gene_B_rbs	14.000000	0.000000	0.000000
29.999064	__gene_C_rbs	5.000000	0.000000	0.000000
29.999064	__gene_D_rbs	0.000000	0.000000	0.000000
29.999064	__gene_E_rbs	0.000000	0.000000	0.000000
29.999064	__gene_F_rbs	0.000000	0.000000	0.000000
29.999064	__gene_G_rbs	0.000000	0.000000	0.000000
29.999064	__gene_H_rbs	0.000000	0.000000	0.000000
29.999064	__gene_J_rbs	0.000000	0.000000	0.000000
29.999064	__gene_K_rbs	7.000000	0.000000	0.000000
29.999064	__ribosome	16.000000	0.000000	0.000000
29.999064	bound_ecolipol	1922.000000	0.000000	0.000000
29.999064	bound_ribosome	100.000000	0.000000	0.000000
29.999064	ecoli_genome	78.000000	0.000000	0.000000
29.999064	ecoli_transcript	2345.000000	0.000000	0.000000
29.999064	ecolipol	54.000000	0.000000	0.000000
29.999064	gene_A	0.000000	1.000000	0.000000
29.999064	gene_B	31.000000	17.000000	3.470588
29.999064	gene_C	1.000000	7.000000	1.714286
29.999064	gene_D	0.000000	2.000000	1.500000
29.999064	gene_K	8.000000	9.000000	1.111111
29.999064	promoter_A	0.000000	0.000000	0.000000
29.999064	promoter_B1	0.000000	0.000000	0.000000
29.999064	promoter_D	0.000000	0.000000	0.000000
34.999805	__gene_A*_rbs	0.000000	0.000000	0.000000
34.999805	__gene_A_rbs	1.000000	0.000000	0.000000
34.999805	__gene_B_rbs	20.000000	0.000000	0.000000
34.999805	__gene_C_rbs	7.000000	0.000000	0.000000
34.999805	__gene_D_rbs	5.000000	0.000000	0.000000
34.999805	__gene_E_rbs	1.000000	0.000000	0.000000
34.999805	__gene_F_rbs	0.000000	0.000000	0.000000
34.999805	__gene_G_rbs	0.000000	0.000000	0.000000
34.999805	__gene_H_rbs	0.000000	0.000000	0.000000
34.999805	__gene_J_rbs	0.000000	0.000000	0.000000
34.999805	__gene_K_rbs	10.000000	0.000000	0.000000
34.999805	__ribosome	17.000000	0.000000	0.000000
34.999805	bound_ecolipol	1904.000000	0.000000	0.000000
34.999805	bound_ribosome	100.000000	0.000000	0.000000
34.999805	ecoli_genome	96.000000	0.000000	0.000000
34.999805	ecoli_transcript	2720.000000	0.000000	0.000000
34.999805	ecolipol	68.000000	0.000000	0.000000
34.999805	gene_A	0.000000	1.000000	2.000000
34.999805	gene_B	56.000000	21.000000	2.523810
34.999805	gene_C	5.000000	11.000000	1.181818
34.999805	gene_D	0.000000	5.000000	0.800000
34.999805	gene_E	0.000000	2.000000	0.500000
34.999805	gene_K	16.000000	13.000000	0.769231
34.999805	promoter_A	0.000000	0.000000	0.000000
34.999805	promoter_B1	0.000000	0.000000	0.000000
34.999805	promoter_D	0.000000	0.000000	0.000000
39.999060	__gene_A*_rbs	0.000000	0.000000	0.000000
39.999060	__gene_A_rbs	1.000000	0.000000	0.000000
39.999060	__gene_B_rbs	20.000000	0.000000	0.000000
39.999060	__gene_C_rbs	11.000000	0.000000	0.000000
39.999060	__gene_D_rbs	8.000000	0.000000	0.000000
39.999060	__gene_E_rbs	5.000000	0.000000	0.000000
39.999060	__gene_F_rbs	0.000000	0.000000	0.000000
39.999060	__gene_G_rbs	0.000000	0.000000	0.000000
39.999060	__gene_H_rbs	0.000000	0.000000	0.000000
39.999060	__gene_J_rbs	1.000000	0.000000	0.000000
39.999060	__gene_K_rbs	12.000000	0.000000	0.000000
39.999060	__ribosome	9.000000	0.000000	0.000000
39.999060	bound_ecolipol	1907.000000	0.000000	0.000000
39.999060	bound_ribosome	100.000000	0.000000	0.000000
39.999060	ecoli_genome	93.000000	0.000000	0.000000
39.999060	ecoli_transcript	3094.000000	0.000000	0.000000
39.999060	ecolipol	61.000000	0.000000	0.000000
39.999060	gene_A	0.000000	2.000000	2.000000
39.999060	gene_B	80.000000	25.000000	2.200000
39.999060	gene_C	15.000000	14.000000	0.428571
39.999060	gene_D	0.000000	8.000000	0.875000
39.999060	gene_E	0.000000	5.000000	0.400000
39.999060	gene_J	0.000000	1.000000	0.000000
39.999060	gene_K	24.000000	16.000000	1.062500
39.999060	promoter_A	1.000000	0.000000	0.000000
39.999060	promoter_B1	0.000000	0.000000	0.000000
39.999060	promoter_D	0.000000	0.000000	0.000000
44.999223	__gene_A*_rbs	0.000000	0.000000	0.000000
44.999223	__gene_A_rbs	2.000000	0.000000	0.000000
44.999223	__gene_B_rbs	25.000000	0.000000	0.000000
44.999223	__gene_C_rbs	17.000000	0.000000	0.000000
44.999223	__gene_D_rbs	10.000000	0.000000	0.000000
44.999223	__gene_E_rbs	8.000000	0.000000	0.000000
44.999223	__gene_F_rbs	1.000000	0.000000	0.000000
44.999223	__gene_G_rbs	0.000000	0.000000	0.000000
44.999223	__gene_H_rbs	0.000000	0.000000	0.000000
44.999223	__gene_J_rbs	3.000000	0.000000	0.000000
44.999223	__gene_K_rbs	20.000000	0.000000	0.000000
44.999223	__ribosome	12.000000	0.000000	0.000000
44.999223	bound_ecolipol	1906.000000	0.000000	0.000000
44.999223	bound_ribosome	100.000000	0.000000	0.000000
44.999223	ecoli_genome	94.000000	0.000000	0.000000
44.999223	ecoli_transcript	3461.000000	0.000000	0.000000
44.999223	ecolipol	60.000000	0.000000	0.000000
44.999223	gene_A	0.000000	2.000000	2.000000
44.999223	gene_B	104.000000	28.000000	1.714286
44.999223	gene_C	18.000000	18.000000	0.666667
44.999223	gene_D	2.000000	11.000000	0.727273
44.999223	gene_E	1.000000	8.000000	0.625000
44.999223	gene_F	0.000000	1.000000	0.000000
44.999223	gene_J	1.000000	3.000000	0.666667
44.999223	gene_K	38.000000	20.000000	0.450000
44.999223	promoter_A	1.000000	0.000000	0.000000
44.999223	promoter_B1	0.000000	0.000000	0.000000
44.999223	promoter_D	0.000000	0.000000	0.000000
49.999257	__gene_A*_rbs	0.000000	0.000000	0.000000
49.999257	__gene_A_rbs	2.000000	0.000000	0.000000
49.999257	__gene_B_rbs	30.000000	0.000000	0.000000
49.999257	__gene_C_rbs	20.000000	0.000000	0.000000
49.999257	__gene_D_rbs	13.000000	0.000000	0.000000
49.999257	__gene_E_rbs	11.000000	0.000000	0.000000
49.999257	__gene_F_rbs	1.000000	0.000000	0.000000
49.999257	__gene_G_rbs	0.000000	0.000000	0.000000
49.999257	__gene_H_rbs	0.000000	0.000000	0.000000
49.999257	__gene_J_rbs	7.000000	0.000000	0.000000
49.999257	__gene_K_rbs	22.000000	0.000000	0.000000
49.999257	__ribosome	0.000000	0.000000	0.000000
49.999257	bound_ecolipol	1902.000000	0.000000	0.000000
49.999257	bound_ribosome	100.000000	0.000000	0.000000
49.999257	ecoli_genome	98.000000	0.000000	0.000000
49.999257	ecoli_transcript	3863.000000	0.000000	0.000000
49.999257	ecolipol	62.000000	0.000000	0.000000
49.999257	gene_A	0.000000	2.000000	3.000000
49.999257	gene_A*	0.000000	1.000000	0.000000
49.999257	gene_B	122.000000	31.000000	1.290323
49.999257	gene_C	21.000000	21.000000	0.714286
49.999257	gene_D	4.000000	15.000000	0.866667
49.999257	gene_E	2.000000	11.000000	0.909091
49.999257	gene_F	0.000000	1.000000	0.000000
49.999257	gene_J	1.000000	7.000000	0.571429
49.999257	gene_K	47.000000	22.000000	0.545455
49.999257	promoter_A	1.000000	0.000000	0.000000
49.999257	promoter_B1	0.000000	0.000000	0.000000
49.999257	promoter_D	0.000000	0.000000	0.000000
54.999137	__gene_A*_rbs	2.000000	0.000000	0.000000
54.999137	__gene_A_rbs	2.000000	0.000000	0.000000
54.999137	__gene_B_rbs	34.000000	0.000000	0.000000
54.999137	__gene_C_rbs	25.000000	0.000000	0.000000
54.999137	__gene_D_rbs	17.000000	0.000000	0.000000
54.999137	__gene_E_rbs	11.000000	0.000000	0.000000
54.999137	__gene_F_rbs	3.000000	0.000000	0.000000
54.999137	__gene_G_rbs	0.000000	0.000000	0.000000
54.999137	__gene_H_rbs	0.000000	0.000000	0.000000
54.999137	__gene_J_rbs	7.000000	0.000000	0.000000
54.999137	__gene_K_rbs	26.000000	0.000000	0.000000
54.999137	__ribosome	6.000000	0.000000	0.000000
54.999137	bound_ecolipol	1898.000000	0.000000	0.000000
54.999137	bound_ribosome	100.000000	0.000000	0.000000
54.999137	ecoli_genome	102.000000	0.000000	0.000000
54.999137	ecoli_transcript	4244.000000	0.000000	0.000000
54.999137	ecolipol	61.000000	0.000000	0.000000
54.999137	gene_A	0.000000	3.000000	2.666667
54.999137	gene_A*	0.000000	2.000000	0.500000
54.999137	gene_B	145.000000	35.000000	0.657143
54.999137	gene_C	33.000000	25.000000	0.600000
54.999137	gene_D	7.000000	18.000000	1.055556
54.999137	gene_E	7.000000	14.000000	0.571429
54.999137	gene_F	0.000000	4.000000	0.500000
54.999137	gene_J	2.000000	9.000000	0.777778
54.999137	gene_K	56.000000	26.000000	0.423077
54.999137	promoter_A	0.000000	0.000000	0.000000
54.999137	promoter_B1	0.000000	0.000000	0.000000
54.999137	promoter_D	0.000000	0.000000	0.000000
59.999112	__gene_A*_rbs	1.000000	0.000000	0.000000
59.999112	__gene_A_rbs	5.000000	0.000000	0.000000
59.999112	__gene_B_rbs	39.000000	0.000000	0.000000
59.999112	__gene_C_rbs	28.000000	0.000000	0.000000
59.999112	__gene_D_rbs	23.000000	0.000000	0.000000
59.999112	__gene_E_rbs	16.000000	0.000000	0.000000
59.999112	__gene_F_rbs	6.000000	0.000000	0.000000
59.999112	__gene_G_rbs	0.000000	0.000000	0.000000
59.999112	__gene_H_rbs	0.000000	0.000000	0.000000
59.999112	__gene_J_rbs	12.000000	0.000000	0.000000
59.999112	__gene_K_rbs	28.000000	0.000000	0.000000
59.999112	__ribosome	4.000000	0.000000	0.000000
59.999112	bound_ecolipol	1907.000000	0.000000	0.000000
59.999112	bound_ribosome	100.000000	0.000000	0.000000
59.999112	ecoli_genome	93.000000	0.000000	0.000000
59.999112	ecoli_transcript	4631.000000	0.000000	0.000000
59.999112	ecolipol	49.000000	0.000000	0.000000
59.999112	gene_A	0.000000	5.000000	2.000000
59.999112	gene_A*	0.000000	2.000000	1.000000
59.999112	gene_B	158.000000	39.000000	0.564103
59.999112	gene_C	37.000000	29.000000	0.586207
59.999112	gene_D	10.000000	23.000000	0.826087
59.999112	gene_E	12.000000	18.000000	0.333333
59.999112	gene_F	0.000000	6.000000	0.500000
59.999112	gene_J	4.000000	12.000000	0.500000
59.999112	gene_K	66.000000	30.000000	0.366667
59.999112	promoter_A	1.000000	0.000000	0.000000
59.999112	promoter_B1	0.000000	0.000000	0.000000
59.999112	promoter_D	0.000000	0.000000	0.000000
64.999049	__gene_A*_rbs	1.000000	0.000000	0.000000
64.999049	__gene_A_rbs	5.000000	0.000000	0.000000
64.999049	__gene_B_rbs	41.000000	0.000000	0.000000
64.999049	__gene_C_rbs	32.000000	0.000000	0.000000
64.999049	__gene_D_rbs	24.000000	0.000000	0.000000
64.999049	__gene_E_rbs	19.000000	0.000000	0.000000
64.999049	__gene_F_rbs	10.000000	0.000000	0.000000
64.999049	__gene_G_rbs	0.000000	0.000000	0.000000
64.999049	__gene_H_rbs	0.000000	0.000000	0.000000
64.999049	__gene_J_rbs	14.000000	0.000000	0.000000
64.999049	__gene_K_rbs	32.000000	0.000000	0.000000
64.999049	__ribosome	3.000000	0.000000	0.000000
64.999049	bound_ecolipol	1897.000000	0.000000	0.000000
64.999049	bound_ribosome	100.000000	0.000000	0.000000
64.999049	ecoli_genome	103.000000	0.000000	0.000000
64.999049	ecoli_transcript	5030.000000	0.000000	0.000000
64.999049	ecolipol	56.000000	0.000000	0.000000
64.999049	gene_A	0.000000	5.000000	2.200000
64.999049	gene_A*	0.000000	2.000000	2.000000
64.999049	gene_B	164.000000	42.000000	0.571429
64.999049	gene_C	49.000000	33.000000	0.393939
64.999049	gene_D	16.000000	26.000000	0.576923
64.999049	gene_E	16.000000	22.000000	0.318182
64.999049	gene_F	0.000000	10.000000	0.500000
64.999049	gene_J	6.000000	15.000000	0.466667
64.999049	gene_K	76.000000	33.000000	0.333333
64.999049	promoter_A	1.000000	0.000000	0.000000
64.999049	promoter_B1	0.000000	0.000000	0.000000
64.999049	promoter_D	0.000000	0.000000	0.000000
69.999728	__gene_A*_rbs	3.000000	0.000000	0.000000
69.999728	__gene_A_rbs	6.000000	0.000000	0.000000
69.999728	__gene_B_rbs	45.000000	0.000000	0.000000
69.999728	__gene_C_rbs	35.000000	0.000000	0.000000
69.999728	__gene_D_rbs	27.000000	0.000000	0.000000
69.999728	__gene_E_rbs	25.000000	0.000000	0.000000
69.999728	__gene_F_rbs	11.000000	0.000000	0.000000
69.999728	__gene_G_rbs	0.000000	0.000000	0.000000
69.999728	__gene_H_rbs	0.000000	0.000000	0.000000
69.999728	__gene_J_rbs	18.000000	0.000000	0.000000
69.999728	__gene_K_rbs	36.000000	0.000000	0.000000
69.999728	__ribosome	4.000000	0.000000	0.000000
69.999728	bound_ecolipol	1901.000000	0.000000	0.000000
69.999728	bound_ribosome	100.000000	0.000000	0.000000
69.999728	ecoli_genome	99.000000	0.000000	0.000000
69.999728	ecoli_transcript	5413.000000	0.000000	0.000000
69.999728	ecolipol	48.000000	0.000000	0.000000
69.999728	gene_A	0.000000	6.000000	2.000000
69.999728	gene_A*	0.000000	3.000000	1.333333
69.999728	gene_B	175.000000	45.000000	0.488889
69.999728	gene_C	55.000000	36.000000	0.333333
69.999728	gene_D	26.000000	30.000000	0.366667
69.999728	gene_E	18.000000	26.000000	0.269231
69.999728	gene_F	0.000000	12.000000	0.583333
69.999728	gene_J	8.000000	19.000000	0.421053
69.999728	gene_K	84.000000	38.000000	0.342105
69.999728	promoter_A	0.000000	0.000000	0.000000
69.999728	promoter_B1	0.000000	0.000000	0.000000
69.999728	promoter_D	0.000000	0.000000	0.000000
74.999273	__gene_A*_rbs	5.000000	0.000000	0.000000
74.999273	__gene_A_rbs	6.000000	0.000000	0.000000
74.999273	__gene_B_rbs	48.000000	0.000000	0.000000
74.999273	__gene_C_rbs	36.000000	0.000000	0.000000
74.999273	__gene_D_rbs	32.000000	0.000000	0.000000
74.999273	__gene_E_rbs	28.000000	0.000000	0.000000
74.999273	__gene_F_rbs	15.000000	0.000000	0.000000
74.999273	__gene_G_rbs	0.000000	0.000000	0.000000
74.999273	__gene_H_rbs	0.000000	0.000000	0.000000
74.999273	__gene_J_rbs	21.000000	0.000000	0.000000
74.999273	__gene_K_rbs	41.000000	0.000000	0.000000
74.999273	__ribosome	0.000000	0.000000	0.000000
74.999273	bound_ecolipol	1907.000000	0.000000	0.000000
74.999273	bound_ribosome	100.000000	0.000000	0.000000
74.999273	ecoli_genome	93.000000	0.000000	0.000000
74.999273	ecoli_transcript	5780.000000	0.000000	0.000000
74.999273	ecolipol	39.000000	0.000000	0.000000
74.999273	gene_A	0.000000	6.000000	2.000000
74.999273	gene_A*	0.000000	5.000000	0.800000
74.999273	gene_B	184.000000	49.000000	0.469388
74.999273	gene_C	63.000000	40.000000	0.350000
74.999273	gene_D	29.000000	34.000000	0.500000
74.999273	gene_E	23.000000	30.000000	0.166667
74.999273	gene_F	0.000000	15.000000	0.533333
74.999273	gene_J	14.000000	23.000000	0.478261
74.999273	gene_K	97.000000	41.000000	0.146341
74.999273	promoter_A	1.000000	0.000000	0.000000
74.999273	promoter_B1	0.000000	0.000000	0.000000
74.999273	promoter_D	0.000000	0.000000	0.000000
79.999030	__gene_A*_rbs	5.000000	0.000000	0.000000
79.999030	__gene_A_rbs	6.000000	0.000000	0.000000
79.999030	__gene_B_rbs	52.000000	0.000000	0.000000
79.999030	__gene_C_rbs	40.000000	0.000000	0.000000
79.999030	__gene_D_rbs	37.000000	0.000000	0.000000
79.999030	__gene_E_rbs	30.000000	0.000000	0.000000
79.999030	__gene_F_rbs	17.000000	0.000000	0.000000
79.999030	__gene_G_rbs	0.000000	0.000000	0.000000
79.999030	__gene_H_rbs	0.000000	0.000000	0.000000
79.999030	__gene_J_rbs	25.000000	0.000000	0.000000
79.999030	__gene_K_rbs	42.000000	0.000000	0.000000
79.999030	__ribosome	0.000000	0.000000	0.000000
79.999030	bound_ecolipol	1895.000000	0.000000	0.000000
79.999030	bound_ribosome	100.000000	0.000000	0.000000
79.999030	ecoli_genome	105.000000	0.000000	0.000000
79.999030	ecoli_transcript	6165.000000	0.000000	0.000000
79.999030	ecolipol	51.000000	0.000000	0.000000
79.999030	gene_A	0.000000	6.000000	2.000000
79.999030	gene_A*	0.000000	5.000000	1.400000
79.999030	gene_B	194.000000	53.000000	0.301887
79.999030	gene_C	69.000000	43.000000	0.302326
79.999030	gene_D	31.000000	38.000000	0.552632
79.999030	gene_E	25.000000	34.000000	0.147059
79.999030	gene_F	0.000000	18.000000	0.500000
79.999030	gene_J	17.000000	26.000000	0.346154
79.999030	gene_K	102.000000	44.000000	0.181818
79.999030	promoter_A	1.000000	0.000000	0.000000
79.999030	promoter_B1	0.000000	0.000000	0.000000
79.999030	promoter_D	0.000000	0.000000	0.000000
84.999250	__gene_A*_rbs	6.000000	0.000000	0.000000
84.999250	__gene_A_rbs	6.000000	0.000000	0.000000
84.999250	__gene_B_rbs	55.000000	0.000000	0.000000
84.999250	__gene_C_rbs	46.000000	0.000000	0.000000
84.999250	__gene_D_rbs	41.000000	0.000000	0.000000
84.999250	__gene_E_rbs	36.000000	0.000000	0.000000
84.999250	__gene_F_rbs	21.000000	0.000000	0.000000
84.999250	__gene_G_rbs	0.000000	0.000000	0.000000
84.999250	__gene_H_rbs	0.000000	0.000000	0.000000
84.999250	__gene_J_rbs	29.000000	0.000000	0.000000
84.999250	__gene_K_rbs	46.000000	0.000000	0.000000
84.999250	__ribosome	2.000000	0.000000	0.000000
84.999250	bound_ecolipol	1893.000000	0.000000	0.000000
84.999250	bound_ribosome	100.000000	0.000000	0.000000
84.999250	ecoli_genome	107.000000	0.000000	0.000000
84.999250	ecoli_transcript	6520.000000	0.000000	0.000000
84.999250	ecolipol	52.000000	0.000000	0.000000
84.999250	gene_A	2.000000	6.000000	1.666667
84.999250	gene_A*	0.000000	6.000000	1.333333
84.999250	gene_B	203.000000	56.000000	0.232143
84.999250	gene_C	77.000000	46.000000	0.152174
84.999250	gene_D	35.000000	41.000000	0.512195
84.999250	gene_E	28.000000	37.000000	0.189189
84.999250	gene_F	0.000000	21.000000	0.571429
84.999250	gene_J	18.000000	30.000000	0.433333
84.999250	gene_K	108.000000	48.000000	0.145833
84.999250	promoter_A	1.000000	0.000000	0.000000
84.999250	promoter_B1	0.000000	0.000000	0.000000
84.999250	promoter_D	0.000000	0.000000	0.000000
89.999068	__gene_A*_rbs	6.000000	0.000000	0.000000
89.999068	__gene_A_rbs	7.000000	0.000000	0.000000
89.999068	__gene_B_rbs	59.000000	0.000000	0.000000
89.999068	__gene_C_rbs	49.000000	0.000000	0.000000
89.999068	__gene_D_rbs	43.000000	0.000000	0.000000
89.999068	__gene_E_rbs	37.000000	0.000000	0.000000
89.999068	__gene_F_rbs	23.000000	0.000000	0.000000
89.999068	__gene_G_rbs	1.000000	0.000000	0.000000
89.999068	__gene_H_rbs	0.000000	0.000000	0.000000
89.999068	__gene_J_rbs	33.000000	0.000000	0.000000
89.999068	__gene_K_rbs	49.000000	0.000000	0.000000
89.999068	__ribosome	3.000000	0.000000	0.000000
89.999068	bound_ecolipol	1882.000000	0.000000	0.000000
89.999068	bound_ribosome	100.000000	0.000000	0.000000
89.999068	ecoli_genome	118.000000	0.000000	0.000000
89.999068	ecoli_transcript	6912.000000	0.000000	0.000000
89.999068	ecolipol	59.000000	0.000000	0.000000
89.999068	gene_A	3.000000	7.000000	1.285714
89.999068	gene_A*	1.000000	6.000000	1.333333
89.999068	gene_B	208.000000	59.000000	0.220339
89.999068	gene_C	84.000000	50.000000	0.100000
89.999068	gene_D	45.000000	44.000000	0.363636
89.999068	gene_E	32.000000	40.000000	0.275000
89.999068	gene_F	0.000000	24.000000	0.583333
89.999068	gene_G	0.000000	1.000000	0.000000
89.999068	gene_J	21.000000	34.000000	0.411765
89.999068	gene_K	114.000000	52.000000	0.134615
89.999068	promoter_A	1.000000	0.000000	0.000000
89.999068	promoter_B1	0.000000	0.000000	0.000000
89.999068	promoter_D	0.000000	0.000000	0.000000
94.999111	__gene_A*_rbs	6.000000	0.000000	0.000000
94.999111	__gene_A_rbs	7.000000	0.000000	0.000000
94.999111	__gene_B_rbs	62.000000	0.000000	0.000000
94.999111	__gene_C_rbs	52.000000	0.000000	0.000000
94.999111	__gene_D_rbs	47.000000	0.000000	0.000000
94.999111	__gene_E_rbs	44.000000	0.000000	0.000000
94.999111	__gene_F_rbs	26.000000	0.000000	0.000000
94.999111	__gene_G_rbs	3.000000	0.000000	0.000000
94.999111	__gene_H_rbs	0.000000	0.000000	0.000000
94.999111	__gene_J_rbs	37.000000	0.000000	0.000000
94.999111	__gene_K_rbs	54.000000	0.000000	0.000000
94.999111	__ribosome	0.000000	0.000000	0.000000
94.999111	bound_ecolipol	1899.000000	0.000000	0.000000
94.999111	bound_ribosome	100.000000	0.000000	0.000000
94.999111	ecoli_genome	101.000000	0.000000	0.000000
94.999111	ecoli_transcript	7300.000000	0.000000	0.000000
94.999111	ecolipol	40.000000	0.000000	0.000000
94.999111	gene_A	4.000000	7.000000	1.142857
94.999111	gene_A*	2.000000	6.000000	1.333333
94.999111	gene_B	213.000000	62.000000	0.209677
94.999111	gene_C	85.000000	53.000000	0.132075
94.999111	gene_D	51.000000	48.000000	0.291667
94.999111	gene_E	35.000000	44.000000	0.318182
94.999111	gene_F	0.000000	26.000000	0.653846
94.999111	gene_G	0.000000	3.000000	0.000000
94.999111	gene_J	23.000000	38.000000	0.342105
94.999111	gene_K	119.000000	55.000000	0.109091
94.999111	promoter_A	1.000000	0.000000	0.000000
94.999111	promoter_B1	0.000000	0.000000	0.000000
94.999111	promoter_D	0.000000	0.000000	0.000000
99.999094	__gene_A*_rbs	6.000000	0.000000	0.000000
99.999094	__gene_A_rbs	9.000000	0.000000	0.000000
99.999094	__gene_B_rbs	65.000000	0.000000	0.000000
99.999094	__gene_C_rbs	56.000000	0.000000	0.000000
99.999094	__gene_D_rbs	51.000000	0.000000	0.000000
99.999094	__gene_E_rbs	45.000000	0.000000	0.000000
99.999094	__gene_F_rbs	29.000000	0.000000	0.000000
99.999094	__gene_G_rbs	6.000000	0.000000	0.000000
99.999094	__gene_H_rbs	0.000000	0.000000	0.000000
99.999094	__gene_J_rbs	42.000000	0.000000	0.000000
99.999094	__gene_K_rbs	58.000000	0.000000	0.000000
99.999094	__ribosome	2.000000	0.000000	0.000000
99.999094	bound_ecolipol	1892.000000	0.000000	0.000000
99.999094	bound_ribosome	100.000000	0.000000	0.000000
99.999094	ecoli_genome	108.000000	0.000000	0.000000
99.999094	ecoli_transcript	7660.000000	0.000000	0.000000
99.999094	ecolipol	44.000000	0.000000	0.000000
99.999094	gene_A	5.000000	9.000000	0.777778
99.999094	gene_A*	4.000000	6.000000	1.000000
99.999094	gene_B	221.000000	66.000000	0.181818
99.999094	gene_C	89.000000	57.000000	0.192982
99.999094	gene_D	57.000000	52.000000	0.307692
99.999094	gene_E	44.000000	47.000000	0.234043
99.999094	gene_F	2.000000	29.000000	0.620690
99.999094	gene_G	0.000000	6.000000	0.166667
99.999094	gene_J	23.000000	42.000000	0.309524
99.999094	gene_K	125.000000	58.000000	0.051724
99.999094	promoter_A	1.000000	0.000000	0.000000
99.999094	promoter_B1	0.000000	0.000000	0.000000
99.999094	promoter_D	0.000000	0.000000	0.000000
104.999060	__gene_A*_rbs	7.000000	0.000000	0.000000
104.999060	__gene_A_rbs	9.000000	0.000000	0.000000
104.999060	__gene_B_rbs	68.000000	0.000000	0.000000
104.999060	__gene_C_rbs	58.000000	0.000000	0.000000
104.999060	__gene_D_rbs	54.000000	0.000000	0.000000
104.999060	__gene_E_rbs	49.000000	0.000000	0.000000
104.999060	__gene_F_rbs	33.000000	0.000000	0.000000
104.999060	__gene_G_rbs	8.000000	0.000000	0.000000
104.999060	__gene_H_rbs	0.000000	0.000000	0.000000
104.999060	__gene_J_rbs	43.000000	0.000000	0.000000
104.999060	__gene_K_rbs	61.000000	0.000000	0.000000
104.999060	__ribosome	1.000000	0.000000	0.000000
104.999060	bound_ecolipol	1893.000000	0.000000	0.000000
104.999060	bound_ribosome	100.000000	0.000000	0.000000
104.999060	ecoli_genome	107.000000	0.000000	0.000000
104.999060	ecoli_transcript	8042.000000	0.000000	0.000000
104.999060	ecolipol	40.000000	0.000000	0.000000
104.999060	gene_A	7.000000	9.000000	0.555556
104.999060	gene_A*	4.000000	7.000000	0.857143
104.999060	gene_B	225.000000	69.000000	0.159420
104.999060	gene_C	94.000000	60.000000	0.183333
104.999060	gene_D	60.000000	55.000000	0.309091
104.999060	gene_E	49.000000	51.000000	0.156863
104.999060	gene_F	3.000000	33.000000	0.575758
104.999060	gene_G	0.000000	8.000000	0.125000
104.999060	gene_J	23.000000	45.000000	0.333333
104.999060	gene_K	128.000000	62.000000	0.096774
104.999060	promoter_A	1.000000	0.000000	0.000000
104.999060	promoter_B1	0.000000	0.000000	0.000000
104.999060	promoter_D	0.000000	0.000000	0.000000
109.999249	__gene_A*_rbs	7.000000	0.000000	0.000000
109.999249	__gene_A_rbs	9.000000	0.000000	0.000000
109.999249	__gene_B_rbs	73.000000	0.000000	0.000000
109.999249	__gene_C_rbs	64.000000	0.000000	0.000000
109.999249	__gene_D_rbs	55.000000	0.000000	0.000000
109.999249	__gene_E_rbs	53.000000	0.000000	0.000000
109.999249	__gene_F_rbs	36.000000	0.000000	0.000000
109.999249	__gene_G_rbs	11.000000	0.000000	0.000000
109.999249	__gene_H_rbs	0.000000	0.000000	0.000000
109.999249	__gene_J_rbs	48.000000	0.000000	0.000000
109.999249	__gene_K_rbs	65.000000	0.000000	0.000000
109.999249	__ribosome	0.000000	0.000000	0.000000
109.999249	bound_ecolipol	1890.000000	0.000000	0.000000
109.999249	bound_ribosome	100.000000	0.000000	0.000000
109.999249	ecoli_genome	110.000000	0.000000	0.000000
109.999249	ecoli_transcript	8397.000000	0.000000	0.000000
109.999249	ecolipol	43.000000	0.000000	0.000000
109.999249	gene_A	9.000000	9.000000	0.444444
109.999249	gene_A*	4.000000	7.000000	1.000000
109.999249	gene_B	231.000000	73.000000	0.109589
109.999249	gene_C	102.000000	64.000000	0.062500
109.999249	gene_D	65.000000	58.000000	0.431034
109.999249	gene_E	55.000000	55.000000	0.145455
109.999249	gene_F	5.000000	36.000000	0.611111
109.999249	gene_G	0.000000	11.000000	0.090909
109.999249	gene_J	25.000000	48.000000	0.333333
109.999249	gene_K	133.000000	66.000000	0.075758
109.999249	promoter_A	1.000000	0.000000	0.000000
109.999249	promoter_B1	0.000000	0.000000	0.000000
109.999249	promoter_D	0.000000	0.000000	0.000000
114.999250	__gene_A*_rbs	9.000000	0.000000	0.000000
114.999250	__gene_A_rbs	9.000000	0.000000	0.000000
114.999250	__gene_B_rbs	77.000000	0.000000	0.000000
114.999250	__gene_C_rbs	67.000000	0.000000	0.000000
114.999250	__gene_D_rbs	60.000000	0.000000	0.000000
114.999250	__gene_E_rbs	53.000000	0.000000	0.000000
114.999250	__gene_F_rbs	36.000000	0.000000	0.000000
114.999250	__gene_G_rbs	12.000000	0.000000	0.000000
114.999250	__gene_H_rbs	3.000000	0.000000	0.000000
114.999250	__gene_J_rbs	51.000000	0.000000	0.000000
114.999250	__gene_K_rbs	66.000000	0.000000	0.000000
114.999250	__ribosome	2.000000	0.000000	0.000000
114.999250	bound_ecolipol	1894.000000	0.000000	0.000000
114.999250	bound_ribosome	100.000000	0.000000	0.000000
114.999250	ecoli_genome	106.000000	0.000000	0.000000
114.999250	ecoli_transcript	8804.000000	0.000000	0.000000
114.999250	ecolipol	40.000000	0.000000	0.000000
114.999250	gene_A	10.000000	9.000000	0.333333
114.999250	gene_A*	7.000000	9.000000	0.444444
114.999250	gene_B	234.000000	77.000000	0.116883
114.999250	gene_C	106.000000	67.000000	0.089552
114.999250	gene_D	73.000000	61.000000	0.327869
114.999250	gene_E	58.000000	58.000000	0.155172
114.999250	gene_F	7.000000	36.000000	0.638889
114.999250	gene_G	0.000000	12.000000	0.083333
114.999250	gene_H	0.000000	3.000000	0.000000
114.999250	gene_J	28.000000	51.000000	0.333333
114.999250	gene_K	138.000000	69.000000	0.086957
114.999250	promoter_A	1.000000	0.000000	0.000000
114.999250	promoter_B1	0.000000	0.000000	0.000000
114.999250	promoter_D	0.000000	0.000000	0.000000
119.999002	__gene_A*_rbs	9.000000	0.000000	0.000000
119.999002	__gene_A_rbs	10.000000	0.000000	0.000000
119.999002	__gene_B_rbs	81.000000	0.000000	0.000000
119.999002	__gene_C_rbs	70.000000	0.000000	0.000000
119.999002	__gene_D_rbs	63.000000	0.000000	0.000000
119.999002	__gene_E_rbs	59.000000	0.000000	0.000000
119.999002	__gene_F_rbs	39.000000	0.000000	0.000000
119.999002	__gene_G_rbs	14.000000	0.000000	0.000000
119.999002	__gene_H_rbs	4.000000	0.000000	0.000000
119.999002	__gene_J_rbs	52.000000	0.000000	0.000000
119.999002	__gene_K_rbs	72.000000	0.000000	0.000000
119.999002	__ribosome	2.000000	0.000000	0.000000
119.999002	bound_ecolipol	1888.000000	0.000000	0.000000
119.999002	bound_ribosome	100.000000	0.000000	0.000000
119.999002	ecoli_genome	112.000000	0.000000	0.000000
119.999002	ecoli_transcript	9200.000000	0.000000	0.000000
119.999002	ecolipol	45.000000	0.000000	0.000000
119.999002	gene_A	12.000000	10.000000	0.100000
119.999002	gene_A*	8.000000	9.000000	0.333333
119.999002	gene_B	239.000000	81.000000	0.111111
119.999002	gene_C	107.000000	71.000000	0.098592
119.999002	gene_D	77.000000	65.000000	0.307692
119.999002	gene_E	63.000000	61.000000	0.131148
119.999002	gene_F	8.000000	39.000000	0.564103
119.999002	gene_G	0.000000	14.000000	0.214286
119.999002	gene_H	0.000000	4.000000	0.000000
119.999002	gene_J	32.000000	56.000000	0.357143
119.999002	gene_K	142.000000	72.000000	0.069444
119.999002	promoter_A	1.000000	0.000000	0.000000
119.999002	promoter_B1	0.000000	0.000000	0.000000
119.999002	promoter_D	0.000000	0.000000	0.000000
124.999252	__gene_A*_rbs	9.000000	0.000000	0.000000
124.999252	__gene_A_rbs	10.000000	0.000000	0.000000
124.999252	__gene_B_rbs	84.000000	0.000000	0.000000
124.999252	__gene_C_rbs	73.000000	0.000000	0.000000
124.999252	__gene_D_rbs	69.000000	0.000000	0.000000
124.999252	__gene_E_rbs	64.000000	0.000000	0.000000
124.999252	__gene_F_rbs	40.000000	0.000000	0.000000
124.999252	__gene_G_rbs	17.000000	0.000000	0.000000
124.999252	__gene_H_rbs	5.000000	0.000000	0.000000
124.999252	__gene_J_rbs	56.000000	0.000000	0.000000
124.999252	__gene_K_rbs	75.000000	0.000000	0.000000
124.999252	__ribosome	0.000000	0.000000	0.000000
124.999252	bound_ecolipol	1891.000000	0.000000	0.000000
124.999252	bound_ribosome	100.000000	0.000000	0.000000
124.999252	ecoli_genome	109.000000	0.000000	0.000000
124.999252	ecoli_transcript	9618.000000	0.000000	0.000000
124.999252	ecolipol	42.000000	0.000000	0.000000
124.999252	gene_A	12.000000	10.000000	0.200000
124.999252	gene_A*	10.000000	9.000000	0.111111
124.999252	gene_B	242.000000	84.000000	0.154762
124.999252	gene_C	113.000000	74.000000	0.094595
124.999252	gene_D	87.000000	69.000000	0.217391
124.999252	gene_E	67.000000	65.000000	0.153846
124.999252	gene_F	11.000000	40.000000	0.525000
124.999252	gene_G	0.000000	18.000000	0.222222
124.999252	gene_H	0.000000	5.000000	0.000000
124.999252	gene_J	36.000000	59.000000	0.322034
124.999252	gene_K	147.000000	76.000000	0.105263
124.999252	promoter_A	1.000000	0.000000	0.000000
124.999252	promoter_B1	0.000000	0.000000	0.000000
124.999252	promoter_D	0.000000	0.000000	0.000000
129.999028	__gene_A*_rbs	9.000000	0.000000	0.000000
129.999028	__gene_A_rbs	10.000000	0.000000	0.000000
129.999028	__gene_B_rbs	87.000000	0.000000	0.000000
129.999028	__gene_C_rbs	78.000000	0.000000	0.000000
129.999028	__gene_D_rbs	69.000000	0.000000	0.000000
129.999028	__gene_E_rbs	68.000000	0.000000	0.000000
129.999028	__gene_F_rbs	43.000000	0.000000	0.000000
129.999028	__gene_G_rbs	20.000000	0.000000	0.000000
129.999028	__gene_H_rbs	6.000000	0.000000	0.000000
129.999028	__gene_J_rbs	61.000000	0.000000	0.000000
129.999028	__gene_K_rbs	79.000000	0.000000	0.000000
129.999028	__ribosome	0.000000	0.000000	0.000000
129.999028	bound_ecolipol	1897.000000	0.000000	0.000000
129.999028	bound_ribosome	100.000000	0.000000	0.000000
129.999028	ecoli_genome	103.000000	0.000000	0.000000
129.999028	ecoli_transcript	9983.000000	0.000000	0.000000
129.999028	ecolipol	33.000000	0.000000	0.000000
129.999028	gene_A	12.000000	10.000000	0.200000
129.999028	gene_A*	10.000000	9.000000	0.111111
129.999028	gene_B	245.000000	88.000000	0.136364
129.999028	gene_C	116.000000	78.000000	0.102564
129.999028	gene_D	93.000000	72.000000	0.166667
129.999028	gene_E	72.000000	69.000000	0.130435
129.999028	gene_F	12.000000	43.000000	0.511628
129.999028	gene_G	0.000000	21.000000	0.285714
129.999028	gene_H	0.000000	6.000000	0.166667
129.999028	gene_J	38.000000	62.000000	0.370968
129.999028	gene_K	153.000000	80.000000	0.050000
129.999028	promoter_A	1.000000	0.000000	0.000000
129.999028	promoter_B1	0.000000	0.000000	0.000000
129.999028	promoter_D	0.000000	0.000000	0.000000
134.999289	__gene_A*_rbs	10.000000	0.000000	0.000000
134.999289	__gene_A_rbs	10.000000	0.000000	0.000000
134.999289	__gene_B_rbs	91.000000	0.000000	0.000000
134.999289	__gene_C_rbs	80.000000	0.000000	0.000000
134.999289	__gene_D_rbs	74.000000	0.000000	0.000000
134.999289	__gene_E_rbs	71.000000	0.000000	0.000000
134.999289	__gene_F_rbs	46.000000	0.000000	0.000000
134.999289	__gene_G_rbs	23.000000	0.000000	0.000000
134.999289	__gene_H_rbs	8.000000	0.000000	0.000000
134.999289	__gene_J_rbs	65.000000	0.000000	0.000000
134.999289	__gene_K_rbs	84.000000	0.000000	0.000000
134.999289	__ribosome	2.000000	0.000000	0.000000
134.999289	bound_ecolipol	1897.000000	0.000000	0.000000
134.999289	bound_ribosome	100.000000	0.000000	0.000000
134.999289	ecoli_genome	103.000000	0.000000	0.000000
134.999289	ecoli_transcript	10350.000000	0.000000	0.000000
134.999289	ecolipol	35.000000	0.000000	0.000000
134.999289	gene_A	12.000000	10.000000	0.200000
134.999289	gene_A*	10.000000	10.000000	0.100000
134.999289	gene_B	252.000000	91.000000	0.120879
134.999289	gene_C	121.000000	82.000000	0.060976
134.999289	gene_D	96.000000	76.000000	0.184211
134.999289	gene_E	77.000000	72.000000	0.083333
134.999289	gene_F	15.000000	46.000000	0.521739
134.999289	gene_G	1.000000	23.000000	0.304348
134.999289	gene_H	0.000000	8.000000	0.125000
134.999289	gene_J	43.000000	66.000000	0.303030
134.999289	gene_K	156.000000	84.000000	0.083333
134.999289	promoter_A	1.000000	0.000000	0.000000
134.999289	promoter_B1	0.000000	0.000000	0.000000
134.999289	promoter_D	0.000000	0.000000	0.000000
139.999054	__gene_A*_rbs	10.000000	0.000000	0.000000
139.999054	__gene_A_rbs	10.000000	0.000000	0.000000
139.999054	__gene_B_rbs	94.000000	0.000000	0.000000
139.999054	__gene_C_rbs	84.000000	0.000000	0.000000
139.999054	__gene_D_rbs	79.000000	0.000000	0.000000
139.999054	__gene_E_rbs	74.000000	0.000000	0.000000
139.999054	__gene_F_rbs	48.000000	0.000000	0.000000
139.999054	__gene_G_rbs	25.000000	0.000000	0.000000
139.999054	__gene_H_rbs	9.000000	0.000000	0.000000
139.999054	__gene_J_rbs	69.000000	0.000000	0.000000
139.999054	__gene_K_rbs	87.000000	0.000000	0.000000
139.999054	__ribosome	0.000000	0.000000	0.000000
139.999054	bound_ecolipol	1883.000000	0.000000	0.000000
139.999054	bound_ribosome	100.000000	0.000000	0.000000
139.999054	ecoli_genome	117.000000	0.000000	0.000000
139.999054	ecoli_transcript	10729.000000	0.000000	0.000000
139.999054	ecolipol	50.000000	0.000000	0.000000
139.999054	gene_A	12.000000	10.000000	0.200000
139.999054	gene_A*	10.000000	10.000000	0.100000
139.999054	gene_B	255.000000	94.000000	0.127660
139.999054	gene_C	124.000000	85.000000	0.094118
139.999054	gene_D	102.000000	79.000000	0.101266
139.999054	gene_E	81.000000	75.000000	0.106667
139.999054	gene_F	17.000000	48.000000	0.562500
139.999054	gene_G	2.000000	25.000000	0.280000
139.999054	gene_H	0.000000	9.000000	0.222222
139.999054	gene_J	44.000000	69.000000	0.304348
139.999054	gene_K	163.000000	87.000000	0.045977
139.999054	promoter_A	1.000000	0.000000	0.000000
139.999054	promoter_B1	0.000000	0.000000	0.000000
139.999054	promoter_D	0.000000	0.000000	0.000000
144.999045	__gene_A*_rbs	10.000000	0.000000	0.000000
144.999045	__gene_A_rbs	10.000000	0.000000	0.000000
144.999045	__gene_B_rbs	95.000000	0.000000	0.000000
144.999045	__gene_C_rbs	85.000000	0.000000	0.000000
144.999045	__gene_D_rbs	82.000000	0.000000	0.000000
144.999045	__gene_E_rbs	79.000000	0.000000	0.000000
144.999045	__gene_F_rbs	50.000000	0.000000	0.000000
144.999045	__gene_G_rbs	28.000000	0.000000	0.000000
144.999045	__gene_H_rbs	11.000000	0.000000	0.000000
144.999045	__gene_J_rbs	69.000000	0.000000	0.000000
144.999045	__gene_K_rbs	89.000000	0.000000	0.000000
144.999045	__ribosome	0.000000	0.000000	0.000000
144.999045	bound_ecolipol	1890.000000	0.000000	0.000000
144.999045	bound_ribosome	100.000000	0.000000	0.000000
144.999045	ecoli_genome	110.000000	0.000000	0.000000
144.999045	ecoli_transcript	11093.000000	0.000000	0.000000
144.999045	ecolipol	43.000000	0.000000	0.000000
144.999045	gene_A	12.000000	10.000000	0.200000
144.999045	gene_A*	11.000000	10.000000	0.000000
144.999045	gene_B	261.000000	98.000000	0.112245
144.999045	gene_C	129.000000	88.000000	0.079545
144.999045	gene_D	104.000000	82.000000	0.097561
144.999045	gene_E	83.000000	79.000000	0.088608
144.999045	gene_F	21.000000	50.000000	0.480000
144.999045	gene_G	2.000000	28.000000	0.285714
144.999045	gene_H	0.000000	11.000000	0.181818
144.999045	gene_J	44.000000	73.000000	0.328767
144.999045	gene_K	166.000000	90.000000	0.077778
144.999045	promoter_A	1.000000	0.000000	0.000000
144.999045	promoter_B1	0.000000	0.000000	0.000000
144.999045	promoter_D	0.000000	0.000000	0.000000
149.999339	__gene_A*_rbs	10.000000	0.000000	0.000000
149.999339	__gene_A_rbs	10.000000	0.000000	0.000000
149.999339	__gene_B_rbs	102.000000	0.000000	0.000000
149.999339	__gene_C_rbs	90.000000	0.000000	0.000000
149.999339	__gene_D_rbs	86.000000	0.000000	0.000000
149.999339	__gene_E_rbs	82.000000	0.000000	0.000000
149.999339	__gene_F_rbs	50.000000	0.000000	0.000000
149.999339	__gene_G_rbs	30.000000	0.000000	0.000000
149.999339	__gene_H_rbs	13.000000	0.000000	0.000000
149.999339	__gene_J_rbs	77.000000	0.000000	0.000000
149.999339	__gene_K_rbs	93.000000	0.000000	0.000000
149.999339	__ribosome	1.000000	0.000000	0.000000
149.999339	bound_ecolipol	1893.000000	0.000000	0.000000
149.999339	bound_ribosome	100.000000	0.000000	0.000000
149.999339	ecoli_genome	107.000000	0.000000	0.000000
149.999339	ecoli_transcript	11481.000000	0.000000	0.000000
149.999339	ecolipol	43.000000	0.000000	0.000000
149.999339	gene_A	12.000000	10.000000	0.200000
149.999339	gene_A*	11.000000	10.000000	0.100000
149.999339	gene_B	266.000000	102.000000	0.127451
149.999339	gene_C	132.000000	92.000000	0.130435
149.999339	gene_D	110.000000	86.000000	0.046512
149.999339	gene_E	89.000000	82.000000	0.048780
149.999339	gene_F	24.000000	51.000000	0.470588
149.999339	gene_G	3.000000	30.000000	0.300000
149.999339	gene_H	0.000000	13.000000	0.230769
149.999339	gene_J	47.000000	77.000000	0.298701
149.999339	gene_K	173.000000	93.000000	0.043011
149.999339	promoter_A	1.000000	0.000000	0.000000
149.999339	promoter_B1	0.000000	0.000000	0.000000
149.999339	promoter_D	0.000000	0.000000	0.000000
154.999067	__gene_A*_rbs	10.000000	0.000000	0.000000
154.999067	__gene_A_rbs	10.000000	0.000000	0.000000
154.999067	__gene_B_rbs	105.000000	0.000000	0.000000
154.999067	__gene_C_rbs	93.000000	0.000000	0.000000
154.999067	__gene_D_rbs	88.000000	0.000000	0.000000
154.999067	__gene_E_rbs	86.000000	0.000000	0.000000
154.999067	__gene_F_rbs	52.000000	0.000000	0.000000
154.999067	__gene_G_rbs	31.000000	0.000000	0.000000
154.999067	__gene_H_rbs	15.000000	0.000000	0.000000
154.999067	__gene_J_rbs	80.000000	0.000000	0.000000
154.999067	__gene_K_rbs	97.000000	0.000000	0.000000
154.999067	__ribosome	1.000000	0.000000	0.000000
154.999067	bound_ecolipol	1897.000000	0.000000	0.000000
154.999067	bound_ribosome	100.000000	0.000000	0.000000
154.999067	ecoli_genome	103.000000	0.000000	0.000000
154.999067	ecoli_transcript	11867.000000	0.000000	0.000000
154.999067	ecolipol	38.000000	0.000000	0.000000
154.999067	gene_A	12.000000	10.000000	0.200000
154.999067	gene_A*	11.000000	10.000000	0.100000
154.999067	gene_B	270.000000	105.000000	0.095238
154.999067	gene_C	138.000000	95.000000	0.094737
154.999067	gene_D	110.000000	90.000000	0.088889
154.999067	gene_E	91.000000	86.000000	0.069767
154.999067	gene_F	28.000000	52.000000	0.423077
154.999067	gene_G	3.000000	31.000000	0.290323
154.999067	gene_H	0.000000	15.000000	0.200000
154.999067	gene_J	47.000000	80.000000	0.325000
154.999067	gene_K	177.000000	97.000000	0.030928
154.999067	promoter_A	1.000000	0.000000	0.000000
154.999067	promoter_B1	0.000000	0.000000	0.000000
154.999067	promoter_D	0.000000	0.000000	0.000000
159.999274	__gene_A*_rbs	10.000000	0.000000	0.000000
159.999274	__gene_A_rbs	10.000000	0.000000	0.000000
159.999274	__gene_B_rbs	109.000000	0.000000	0.000000
159.999274	__gene_C_rbs	97.000000	0.000000	0.000000
159.999274	__gene_D_rbs	94.000000	0.000000	0.000000
159.999274	__gene_E_rbs	87.000000	0.000000	0.000000
159.999274	__gene_F_rbs	56.000000	0.000000	0.000000
159.999274	__gene_G_rbs	32.000000	0.000000	0.000000
159.999274	__gene_H_rbs	17.000000	0.000000	0.000000
159.999274	__gene_J_rbs	82.000000	0.000000	0.000000
159.999274	__gene_K_rbs	99.000000	0.000000	0.000000
159.999274	__ribosome	0.000000	0.000000	0.000000
159.999274	bound_ecolipol	1885.000000	0.000000	0.000000
159.999274	bound_ribosome	100.000000	0.000000	0.000000
159.999274	ecoli_genome	115.000000	0.000000	0.000000
159.999274	ecoli_transcript	12242.000000	0.000000	0.000000
159.999274	ecolipol	50.000000	0.000000	0.000000
159.999274	gene_A	12.000000	10.000000	0.200000
159.999274	gene_A*	11.000000	10.000000	0.100000
159.999274	gene_B	276.000000	109.000000	0.064220
159.999274	gene_C	145.000000	99.000000	0.040404
159.999274	gene_D	112.000000	94.000000	0.085106
159.999274	gene_E	93.000000	90.000000	0.077778
159.999274	gene_F	30.000000	56.000000	0.446429
159.999274	gene_G	4.000000	32.000000	0.343750
159.999274	gene_H	0.000000	17.000000	0.176471
159.999274	gene_J	49.000000	83.000000	0.337349
159.999274	gene_K	180.000000	101.000000	0.039604
159.999274	promoter_A	1.000000	0.000000	0.000000
159.999274	promoter_B1	0.000000	0.000000	0.000000
159.999274	promoter_D	0.000000	0.000000	0.000000
164.999040	__gene_A*_rbs	10.000000	0.000000	0.000000
164.999040	__gene_A_rbs	10.000000	0.000000	0.000000
164.999040	__gene_B_rbs	111.000000	0.000000	0.000000
164.999040	__gene_C_rbs	103.000000	0.000000	0.000000
164.999040	__gene_D_rbs	97.000000	0.000000	0.000000
164.999040	__gene_E_rbs	92.000000	0.000000	0.000000
164.999040	__gene_F_rbs	59.000000	0.000000	0.000000
164.999040	__gene_G_rbs	33.000000	0.000000	0.000000
164.999040	__gene_H_rbs	19.000000	0.000000	0.000000
164.999040	__gene_J_rbs	87.000000	0.000000	0.000000
164.999040	__gene_K_rbs	105.000000	0.000000	0.000000
164.999040	__ribosome	0.000000	0.000000	0.000000
164.999040	bound_ecolipol	1890.000000	0.000000	0.000000
164.999040	bound_ribosome	100.000000	0.000000	0.000000
164.999040	ecoli_genome	110.000000	0.000000	0.000000
164.999040	ecoli_transcript	12626.000000	0.000000	0.000000
164.999040	ecolipol	42.000000	0.000000	0.000000
164.999040	gene_A	13.000000	10.000000	0.100000
164.999040	gene_A*	11.000000	10.000000	0.100000
164.999040	gene_B	279.000000	112.000000	0.089286
164.999040	gene_C	147.000000	103.000000	0.019417
164.999040	gene_D	114.000000	97.000000	0.092784
164.999040	gene_E	97.000000	93.000000	0.064516
164.999040	gene_F	31.000000	59.000000	0.440678
164.999040	gene_G	7.000000	33.000000	0.303030
164.999040	gene_H	0.000000	19.000000	0.157895
164.999040	gene_J	52.000000	87.000000	0.321839
164.999040	gene_K	183.000000	105.000000	0.038095
164.999040	promoter_A	1.000000	0.000000	0.000000
164.999040	promoter_B1	0.000000	0.000000	0.000000
164.999040	promoter_D	0.000000	0.000000	0.000000
169.999010	__gene_A*_rbs	10.000000	0.000000	0.000000
169.999010	__gene_A_rbs	10.000000	0.000000	0.000000
169.999010	__gene_B_rbs	117.000000	0.000000	0.000000
169.999010	__gene_C_rbs	106.000000	0.000000	0.000000
169.999010	__gene_D_rbs	100.000000	0.000000	0.000000
169.999010	__gene_E_rbs	96.000000	0.000000	0.000000
169.999010	__gene_F_rbs	60.000000	0.000000	0.000000
169.999010	__gene_G_rbs	36.000000	0.000000	0.000000
169.999010	__gene_H_rbs	20.000000	0.000000	0.000000
169.999010	__gene_J_rbs	90.000000	0.000000	0.000000
169.999010	__gene_K_rbs	106.000000	0.000000	0.000000
169.999010	__ribosome	0.000000	0.000000	0.000000
169.999010	bound_ecolipol	1898.000000	0.000000	0.000000
169.999010	bound_ribosome	100.000000	0.000000	0.000000
169.999010	ecoli_genome	102.000000	0.000000	0.000000
169.999010	ecoli_transcript	12996.000000	0.000000	0.000000
169.999010	ecolipol	37.000000	0.000000	0.000000
169.999010	gene_A	13.000000	10.000000	0.100000
169.999010	gene_A*	11.000000	10.000000	0.100000
169.999010	gene_B	282.000000	117.000000	0.085470
169.999010	gene_C	149.000000	106.000000	0.028302
169.999010	gene_D	116.000000	100.000000	0.110000
169.999010	gene_E	100.000000	96.000000	0.041667
169.999010	gene_F	33.000000	60.000000	0.400000
169.999010	gene_G	7.000000	36.000000	0.277778
169.999010	gene_H	0.000000	20.000000	0.150000
169.999010	gene_J	54.000000	90.000000	0.322222
169.999010	gene_K	187.000000	108.000000	0.037037
169.999010	promoter_A	1.000000	0.000000	0.000000
169.999010	promoter_B1	0.000000	0.000000	0.000000
169.999010	promoter_D	0.000000	0.000000	0.000000
174.999105	__gene_A*_rbs	10.000000	0.000000	0.000000
174.999105	__gene_A_rbs	10.000000	0.000000	0.000000
174.999105	__gene_B_rbs	120.000000	0.000000	0.000000
174.999105	__gene_C_rbs	109.000000	0.000000	0.000000
174.999105	__gene_D_rbs	104.000000	0.000000	0.000000
174.999105	__gene_E_rbs	99.000000	0.000000	0.000000
174.999105	__gene_F_rbs	62.000000	0.000000	0.000000
174.999105	__gene_G_rbs	36.000000	0.000000	0.000000
174.999105	__gene_H_rbs	20.000000	0.000000	0.000000
174.999105	__gene_J_rbs	94.000000	0.000000	0.000000
174.999105	__gene_K_rbs	110.000000	0.000000	0.000000
174.999105	__ribosome	0.000000	0.000000	0.000000
174.999105	bound_ecolipol	1886.000000	0.000000	0.000000
174.999105	bound_ribosome	100.000000	0.000000	0.000000
174.999105	ecoli_genome	114.000000	0.000000	0.000000
174.999105	ecoli_transcript	13355.000000	0.000000	0.000000
174.999105	ecolipol	50.000000	0.000000	0.000000
174.999105	gene_A	13.000000	10.000000	0.100000
174.999105	gene_A*	11.000000	10.000000	0.100000
174.999105	gene_B	286.000000	120.000000	0.083333
174.999105	gene_C	150.000000	110.000000	0.045455
174.999105	gene_D	120.000000	104.000000	0.096154
174.999105	gene_E	103.000000	99.000000	0.020202
174.999105	gene_F	38.000000	62.000000	0.322581
174.999105	gene_G	7.000000	37.000000	0.297297
174.999105	gene_H	0.000000	20.000000	0.150000
174.999105	gene_J	55.000000	94.000000	0.308511
174.999105	gene_K	189.000000	112.000000	0.071429
174.999105	promoter_A	1.000000	0.000000	0.000000
174.999105	promoter_B1	1.000000	0.000000	0.000000
174.999105	promoter_D	0.000000	0.000000	0.000000
179.999359	__gene_A*_rbs	10.000000	0.000000	0.000000
179.999359	__gene_A_rbs	10.000000	0.000000	0.000000
179.999359	__gene_B_rbs	124.000000	0.000000	0.000000
179.999359	__gene_C_rbs	114.000000	0.000000	0.000000
179.999359	__gene_D_rbs	105.000000	0.000000	0.000000
179.999359	__gene_E_rbs	102.000000	0.000000	0.000000
179.999359	__gene_F_rbs	64.000000	0.000000	0.000000
179.999359	__gene_G_rbs	40.000000	0.000000	0.000000
179.999359	__gene_H_rbs	21.000000	0.000000	0.000000
179.999359	__gene_J_rbs	96.000000	0.000000	0.000000
179.999359	__gene_K_rbs	114.000000	0.000000	0.000000
179.999359	__ribosome	1.000000	0.000000	0.000000
179.999359	bound_ecolipol	1891.000000	0.000000	0.000000
179.999359	bound_ribosome	100.000000	0.000000	0.000000
179.999359	ecoli_genome	109.000000	0.000000	0.000000
179.999359	ecoli_transcript	13720.000000	0.000000	0.000000
179.999359	ecolipol	43.000000	0.000000	0.000000
179.999359	gene_A	14.000000	10.000000	0.000000
179.999359	gene_A*	11.000000	10.000000	0.100000
179.999359	gene_B	290.000000	124.000000	0.064516
179.999359	gene_C	152.000000	114.000000	0.061404
179.999359	gene_D	122.000000	107.000000	0.102804
179.999359	gene_E	104.000000	103.000000	0.058252
179.999359	gene_F	40.000000	64.000000	0.328125
179.999359	gene_G	9.000000	40.000000	0.250000
179.999359	gene_H	0.000000	21.000000	0.190476
179.999359	gene_J	56.000000	97.000000	0.288660
179.999359	gene_K	195.000000	116.000000	0.025862
179.999359	promoter_A	1.000000	0.000000	0.000000
179.999359	promoter_B1	0.000000	0.000000	0.000000
179.999359	promoter_D	0.000000	0.000000	0.000000
184.999375	__gene_A*_rbs	10.000000	0.000000	0.000000
184.999375	__gene_A_rbs	10.000000	0.000000	0.000000
184.999375	__gene_B_rbs	127.000000	0.000000	0.000000
184.999375	__gene_C_rbs	116.000000	0.000000	0.000000
184.999375	__gene_D_rbs	109.000000	0.000000	0.000000
184.999375	__gene_E_rbs	106.000000	0.000000	0.000000
184.999375	__gene_F_rbs	66.000000	0.000000	0.000000
184.999375	__gene_G_rbs	41.000000	0.000000	0.000000
184.999375	__gene_H_rbs	24.000000	0.000000	0.000000
184.999375	__gene_J_rbs	101.000000	0.000000	0.000000
184.999375	__gene_K_rbs	120.000000	0.000000	0.000000
184.999375	__ribosome	0.000000	0.000000	0.000000
184.999375	bound_ecolipol	1893.000000	0.000000	0.000000
184.999375	bound_ribosome	100.000000	0.000000	0.000000
184.999375	ecoli_genome	107.000000	0.000000	0.000000
184.999375	ecoli_transcript	14120.000000	0.000000	0.000000
184.999375	ecolipol	42.000000	0.000000	0.000000
184.999375	gene_A	14.000000	10.000000	0.000000
184.999375	gene_A*	12.000000	10.000000	0.100000
184.999375	gene_B	295.000000	128.000000	0.046875
184.999375	gene_C	156.000000	118.000000	0.059322
184.999375	gene_D	127.000000	111.000000	0.099099
184.999375	gene_E	105.000000	107.000000	0.074766
184.999375	gene_F	45.000000	67.000000	0.268657
184.999375	gene_G	9.000000	41.000000	0.243902
184.999375	gene_H	0.000000	24.000000	0.208333
184.999375	gene_J	59.000000	101.000000	0.297030
184.999375	gene_K	198.000000	120.000000	0.033333
184.999375	promoter_A	1.000000	0.000000	0.000000
184.999375	promoter_B1	0.000000	0.000000	0.000000
184.999375	promoter_D	0.000000	0.000000	0.000000
189.999436	__gene_A*_rbs	10.000000	0.000000	0.000000
189.999436	__gene_A_rbs	10.000000	0.000000	0.000000
189.999436	__gene_B_rbs	131.000000	0.000000	0.000000
189.999436	__gene_C_rbs	120.000000	0.000000	0.000000
189.999436	__gene_D_rbs	114.000000	0.000000	0.000000
189.999436	__gene_E_rbs	111.000000	0.000000	0.000000
189.999436	__gene_F_rbs	68.000000	0.000000	0.000000
189.999436	__gene_G_rbs	41.000000	0.000000	0.000000
189.999436	__gene_H_rbs	25.000000	0.000000	0.000000
189.999436	__gene_J_rbs	104.000000	0.000000	0.000000
189.999436	__gene_K_rbs	123.000000	0.000000	0.000000
189.999436	__ribosome	0.000000	0.000000	0.000000
189.999436	bound_ecolipol	1881.000000	0.000000	0.000000
189.999436	bound_ribosome	100.000000	0.000000	0.000000
189.999436	ecoli_genome	119.000000	0.000000	0.000000
189.999436	ecoli_transcript	14502.000000	0.000000	0.000000
189.999436	ecolipol	53.000000	0.000000	0.000000
189.999436	gene_A	14.000000	10.000000	0.000000
189.999436	gene_A*	12.000000	10.000000	0.100000
189.999436	gene_B	296.000000	131.000000	0.068702
189.999436	gene_C	160.000000	121.000000	0.090909
189.999436	gene_D	130.000000	115.000000	0.078261
189.999436	gene_E	110.000000	111.000000	0.027027
189.999436	gene_F	47.000000	69.000000	0.260870
189.999436	gene_G	9.000000	42.000000	0.309524
189.999436	gene_H	0.000000	25.000000	0.200000
189.999436	gene_J	61.000000	104.000000	0.288462
189.999436	gene_K	202.000000	123.000000	0.008130
189.999436	promoter_A	1.000000	0.000000	0.000000
189.999436	promoter_B1	0.000000	0.000000	0.000000
189.999436	promoter_D	0.000000	0.000000	0.000000
194.999227	__gene_A*_rbs	10.000000	0.000000	0.000000
194.999227	__gene_A_rbs	10.000000	0.000000	0.000000
194.999227	__gene_B_rbs	135.000000	0.000000	0.000000
194.999227	__gene_C_rbs	123.000000	0.000000	0.000000
194.999227	__gene_D_rbs	118.000000	0.000000	0.000000
194.999227	__gene_E_rbs	114.000000	0.000000	0.000000
194.999227	__gene_F_rbs	70.000000	0.000000	0.000000
194.999227	__gene_G_rbs	44.000000	0.000000	0.000000
194.999227	__gene_H_rbs	25.000000	0.000000	0.000000
194.999227	__gene_J_rbs	107.000000	0.000000	0.000000
194.999227	__gene_K_rbs	127.000000	0.000000	0.000000
194.999227	__ribosome	1.000000	0.000000	0.000000
194.999227	bound_ecolipol	1889.000000	0.000000	0.000000
194.999227	bound_ribosome	100.000000	0.000000	0.000000
194.999227	ecoli_genome	111.000000	0.000000	0.000000
194.999227	ecoli_transcript	14877.000000	0.000000	0.000000
194.999227	ecolipol	46.000000	0.000000	0.000000
194.999227	gene_A	14.000000	10.000000	0.000000
194.999227	gene_A*	12.000000	10.000000	0.100000
194.999227	gene_B	298.000000	135.000000	0.066667
194.999227	gene_C	165.000000	124.000000	0.064516
194.999227	gene_D	133.000000	119.000000	0.058824
194.999227	gene_E	113.000000	114.000000	0.008772
194.999227	gene_F	48.000000	70.000000	0.257143
194.999227	gene_G	9.000000	44.000000	0.295455
194.999227	gene_H	0.000000	25.000000	0.240000
194.999227	gene_J	61.000000	107.000000	0.280374
194.999227	gene_K	203.000000	127.000000	0.047244
194.999227	promoter_A	1.000000	0.000000	0.000000
194.999227	promoter_B1	0.000000	0.000000	0.000000
194.999227	promoter_D	0.000000	0.000000	0.000000
199.999211	__gene_A*_rbs	10.000000	0.000000	0.000000
199.999211	__gene_A_rbs	10.000000	0.000000	0.000000
199.999211	__gene_B_rbs	138.000000	0.000000	0.000000
199.999211	__gene_C_rbs	127.000000	0.000000	0.000000
199.999211	__gene_D_rbs	123.000000	0.000000	0.000000
199.999211	__gene_E_rbs	117.000000	0.000000	0.000000
199.999211	__gene_F_rbs	73.000000	0.000000	0.000000
199.999211	__gene_G_rbs	46.000000	0.000000	0.000000
199.999211	__gene_H_rbs	26.000000	0.000000	0.000000
199.999211	__gene_J_rbs	109.000000	0.000000	0.000000
199.999211	__gene_K_rbs	130.000000	0.000000	0.000000
199.999211	__ribosome	1.000000	0.000000	0.000000
199.999211	bound_ecolipol	1890.000000	0.000000	0.000000
199.999211	bound_ribosome	100.000000	0.000000	0.000000
199.999211	ecoli_genome	110.000000	0.000000	0.000000
199.999211	ecoli_transcript	15267.000000	0.000000	0.000000
199.999211	ecolipol	45.000000	0.000000	0.000000
199.999211	gene_A	14.000000	10.000000	0.000000
199.999211	gene_A*	12.000000	10.000000	0.100000
199.999211	gene_B	305.000000	139.000000	0.050360
199.999211	gene_C	172.000000	128.000000	0.062500
199.999211	gene_D	137.000000	123.000000	0.032520
199.999211	gene_E	113.000000	118.000000	0.025424
199.999211	gene_F	50.000000	73.000000	0.246575
199.999211	gene_G	10.000000	46.000000	0.282609
199.999211	gene_H	0.000000	27.000000	0.370370
199.999211	gene_J	61.000000	111.000000	0.297297
199.999211	gene_K	208.000000	130.000000	0.015385
199.999211	promoter_A	1.000000	0.000000	0.000000
199.999211	promoter_B1	0.000000	0.000000	0.000000
199.999211	promoter_D	0.000000	0.000000	0.000000
204.999373	__gene_A*_rbs	10.000000	0.000000	0.000000
204.999373	__gene_A_rbs	10.000000	0.000000	0.000000
204.999373	__gene_B_rbs	142.000000	0.000000	0.000000
204.999373	__gene_C_rbs	132.000000	0.000000	0.000000
204.999373	__gene_D_rbs	126.000000	0.000000	0.000000
204.999373	__gene_E_rbs	122.000000	0.000000	0.000000
204.999373	__gene_F_rbs	77.000000	0.000000	0.000000
204.999373	__gene_G_rbs	47.000000	0.000000	0.000000
204.999373	__gene_H_rbs	28.000000	0.000000	0.000000
204.999373	__gene_J_rbs	114.000000	0.000000	0.000000
204.999373	__gene_K_rbs	134.000000	0.000000	0.000000
204.999373	__ribosome	0.000000	0.000000	0.000000
204.999373	bound_ecolipol	1889.000000	0.000000	0.000000
204.999373	bound_ribosome	100.000000	0.000000	0.000000
204.999373	ecoli_genome	111.000000	0.000000	0.000000
204.999373	ecoli_transcript	15669.000000	0.000000	0.000000
204.999373	ecolipol	43.000000	0.000000	0.000000
204.999373	gene_A	14.000000	10.000000	0.000000
204.999373	gene_A*	12.000000	10.000000	0.200000
204.999373	gene_B	306.000000	142.000000	0.077465
204.999373	gene_C	175.000000	132.000000	0.053030
204.999373	gene_D	139.000000	126.000000	0.023810
204.999373	gene_E	114.000000	122.000000	0.024590
204.999373	gene_F	56.000000	77.000000	0.155844
204.999373	gene_G	10.000000	47.000000	0.297872
204.999373	gene_H	0.000000	28.000000	0.357143
204.999373	gene_J	62.000000	115.000000	0.304348
204.999373	gene_K	210.000000	134.000000	0.022388
204.999373	promoter_A	1.000000	0.000000	0.000000
204.999373	promoter_B1	0.000000	0.000000	0.000000
204.999373	promoter_D	0.000000	0.000000	0.000000
209.999124	__gene_A*_rbs	10.000000	0.000000	0.000000
209.999124	__gene_A_rbs	11.000000	0.000000	0.000000
209.999124	__gene_B_rbs	146.000000	0.000000	0.000000
209.999124	__gene_C_rbs	135.000000	0.000000	0.000000
209.999124	__gene_D_rbs	128.000000	0.000000	0.000000
209.999124	__gene_E_rbs	126.000000	0.000000	0.000000
209.999124	__gene_F_rbs	80.000000	0.000000	0.000000
209.999124	__gene_G_rbs	50.000000	0.000000	0.000000
209.999124	__gene_H_rbs	29.000000	0.000000	0.000000
209.999124	__gene_J_rbs	117.000000	0.000000	0.000000
209.999124	__gene_K_rbs	137.000000	0.000000	0.000000
209.999124	__ribosome	0.000000	0.000000	0.000000
209.999124	bound_ecolipol	1887.000000	0.000000	0.000000
209.999124	bound_ribosome	100.000000	0.000000	0.000000
209.999124	ecoli_genome	113.000000	0.000000	0.000000
209.999124	ecoli_transcript	16017.000000	0.000000	0.000000
209.999124	ecolipol	44.000000	0.000000	0.000000
209.999124	gene_A	14.000000	11.000000	0.000000
209.999124	gene_A*	12.000000	10.000000	0.200000
209.999124	gene_B	310.000000	146.000000	0.061644
209.999124	gene_C	181.000000	135.000000	0.029630
209.999124	gene_D	139.000000	130.000000	0.053846
209.999124	gene_E	116.000000	126.000000	0.023810
209.999124	gene_F	57.000000	80.000000	0.162500
209.999124	gene_G	11.000000	50.000000	0.280000
209.999124	gene_H	0.000000	29.000000	0.379310
209.999124	gene_J	64.000000	118.000000	0.288136
209.999124	gene_K	213.000000	137.000000	0.021898
209.999124	promoter_A	0.000000	0.000000	0.000000
209.999124	promoter_B1	0.000000	0.000000	0.000000
209.999124	promoter_D	0.000000	0.000000	0.000000
214.999206	__gene_A*_rbs	10.000000	0.000000	0.000000
214.999206	__gene_A_rbs	11.000000	0.000000	0.000000
214.999206	__gene_B_rbs	149.000000	0.000000	0.000000
214.999206	__gene_C_rbs	137.000000	0.000000	0.000000
214.999206	__gene_D_rbs	134.000000	0.000000	0.000000
214.999206	__gene_E_rbs	128.000000	0.000000	0.000000
214.999206	__gene_F_rbs	82.000000	0.000000	0.000000
214.999206	__gene_G_rbs	50.000000	0.000000	0.000000
214.999206	__gene_H_rbs	30.000000	0.000000	0.000000
214.999206	__gene_J_rbs	122.000000	0.000000	0.000000
214.999206	__gene_K_rbs	140.000000	0.000000	0.000000
214.999206	__ribosome	0.000000	0.000000	0.000000
214.999206	bound_ecolipol	1888.000000	0.000000	0.000000
214.999206	bound_ribosome	100.000000	0.000000	0.000000
214.999206	ecoli_genome	112.000000	0.000000	0.000000
214.999206	ecoli_transcript	16379.000000	0.000000	0.000000
214.999206	ecolipol	45.000000	0.000000	0.000000
214.999206	gene_A	14.000000	11.000000	0.000000
214.999206	gene_A*	12.000000	10.000000	0.200000
214.999206	gene_B	316.000000	149.000000	0.020134
214.999206	gene_C	183.000000	139.000000	0.043165
214.999206	gene_D	141.000000	134.000000	0.059701
214.999206	gene_E	117.000000	129.000000	0.015504
214.999206	gene_F	57.000000	82.000000	0.170732
214.999206	gene_G	11.000000	50.000000	0.300000
214.999206	gene_H	0.000000	30.000000	0.366667
214.999206	gene_J	65.000000	122.000000	0.278689
214.999206	gene_K	215.000000	141.000000	0.035461
214.999206	promoter_A	1.000000	0.000000	0.000000
214.999206	promoter_B1	0.000000	0.000000	0.000000
214.999206	promoter_D	0.000000	0.000000	0.000000
219.999100	__gene_A*_rbs	10.000000	0.000000	0.000000
219.999100	__gene_A_rbs	11.000000	0.000000	0.000000
219.999100	__gene_B_rbs	153.000000	0.000000	0.000000
219.999100	__gene_C_rbs	142.000000	0.000000	0.000000
219.999100	__gene_D_rbs	137.000000	0.000000	0.000000
219.999100	__gene_E_rbs	133.000000	0.000000	0.000000
219.999100	__gene_F_rbs	84.000000	0.000000	0.000000
219.999100	__gene_G_rbs	53.000000	0.000000	0.000000
219.999100	__gene_H_rbs	32.000000	0.000000	0.000000
219.999100	__gene_J_rbs	126.000000	0.000000	0.000000
219.999100	__gene_K_rbs	144.000000	0.000000	0.000000
219.999100	__ribosome	1.000000	0.000000	0.000000
219.999100	bound_ecolipol	1883.000000	0.000000	0.000000
219.999100	bound_ribosome	100.000000	0.000000	0.000000
219.999100	ecoli_genome	117.000000	0.000000	0.000000
219.999100	ecoli_transcript	16748.000000	0.000000	0.000000
219.999100	ecolipol	47.000000	0.000000	0.000000
219.999100	gene_A	14.000000	11.000000	0.000000
219.999100	gene_A*	13.000000	10.000000	0.100000
219.999100	gene_B	317.000000	153.000000	0.013072
219.999100	gene_C	188.000000	143.000000	0.006993
219.999100	gene_D	143.000000	137.000000	0.065693
219.999100	gene_E	119.000000	133.000000	0.015038
219.999100	gene_F	60.000000	84.000000	0.154762
219.999100	gene_G	11.000000	53.000000	0.320755
219.999100	gene_H	0.000000	32.000000	0.343750
219.999100	gene_J	65.000000	126.000000	0.293651
219.999100	gene_K	219.000000	145.000000	0.041379
219.999100	promoter_A	1.000000	0.000000	0.000000
219.999100	promoter_B1	0.000000	0.000000	0.000000
219.999100	promoter_D	0.000000	0.000000	0.000000
224.999147	__gene_A*_rbs	10.000000	0.000000	0.000000
224.999147	__gene_A_rbs	12.000000	0.000000	0.000000
224.999147	__gene_B_rbs	157.000000	0.000000	0.000000
224.999147	__gene_C_rbs	145.000000	0.000000	0.000000
224.999147	__gene_D_rbs	139.000000	0.000000	0.000000
224.999147	__gene_E_rbs	137.000000	0.000000	0.000000
224.999147	__gene_F_rbs	87.000000	0.000000	0.000000
224.999147	__gene_G_rbs	55.000000	0.000000	0.000000
224.999147	__gene_H_rbs	33.000000	0.000000	0.000000
224.999147	__gene_J_rbs	129.000000	0.000000	0.000000
224.999147	__gene_K_rbs	148.000000	0.000000	0.000000
224.999147	__ribosome	0.000000	0.000000	0.000000
224.999147	bound_ecolipol	1887.000000	0.000000	0.000000
224.999147	bound_ribosome	100.000000	0.000000	0.000000
224.999147	ecoli_genome	113.000000	0.000000	0.000000
224.999147	ecoli_transcript	17146.000000	0.000000	0.000000
224.999147	ecolipol	41.000000	0.000000	0.000000
224.999147	gene_A	14.000000	12.000000	0.000000
224.999147	gene_A*	13.000000	10.000000	0.100000
224.999147	gene_B	319.000000	157.000000	0.006369
224.999147	gene_C	189.000000	146.000000	0.006849
224.999147	gene_D	145.000000	140.000000	0.092857
224.999147	gene_E	119.000000	137.000000	0.029197
224.999147	gene_F	62.000000	87.000000	0.126437
224.999147	gene_G	12.000000	55.000000	0.309091
224.999147	gene_H	0.000000	33.000000	0.333333
224.999147	gene_J	68.000000	129.000000	0.271318
224.999147	gene_K	224.000000	148.000000	0.040541
224.999147	promoter_A	1.000000	0.000000	0.000000
224.999147	promoter_B1	0.000000	0.000000	0.000000
224.999147	promoter_D	0.000000	0.000000	0.000000
229.999019	__gene_A*_rbs	11.000000	0.000000	0.000000
229.999019	__gene_A_rbs	12.000000	0.000000	0.000000
229.999019	__gene_B_rbs	161.000000	0.000000	0.000000
229.999019	__gene_C_rbs	149.000000	0.000000	0.000000
229.999019	__gene_D_rbs	143.000000	0.000000	0.000000
229.999019	__gene_E_rbs	139.000000	0.000000	0.000000
229.999019	__gene_F_rbs	91.000000	0.000000	0.000000
229.999019	__gene_G_rbs	57.000000	0.000000	0.000000
229.999019	__gene_H_rbs	33.000000	0.000000	0.000000
229.999019	__gene_J_rbs	133.000000	0.000000	0.000000
229.999019	__gene_K_rbs	152.000000	0.000000	0.000000
229.999019	__ribosome	0.000000	0.000000	0.000000
229.999019	bound_ecolipol	1887.000000	0.000000	0.000000
229.999019	bound_ribosome	100.000000	0.000000	0.000000
229.999019	ecoli_genome	113.000000	0.000000	0.000000
229.999019	ecoli_transcript	17521.000000	0.000000	0.000000
229.999019	ecolipol	39.000000	0.000000	0.000000
229.999019	gene_A	14.000000	12.000000	0.000000
229.999019	gene_A*	13.000000	11.000000	0.090909
229.999019	gene_B	319.000000	161.000000	0.012422
229.999019	gene_C	189.000000	150.000000	0.013333
229.999019	gene_D	149.000000	144.000000	0.069444
229.999019	gene_E	121.000000	140.000000	0.028571
229.999019	gene_F	62.000000	91.000000	0.142857
229.999019	gene_G	12.000000	57.000000	0.298246
229.999019	gene_H	0.000000	33.000000	0.363636
229.999019	gene_J	69.000000	133.000000	0.278195
229.999019	gene_K	230.000000	152.000000	0.013158
229.999019	promoter_A	1.000000	0.000000	0.000000
229.999019	promoter_B1	0.000000	0.000000	0.000000
229.999019	promoter_D	0.000000	0.000000	0.000000
234.999048	__gene_A*_rbs	11.000000	0.000000	0.000000
234.999048	__gene_A_rbs	12.000000	0.000000	0.000000
234.999048	__gene_B_rbs	164.000000	0.000000	0.000000
234.999048	__gene_C_rbs	154.000000	0.000000	0.000000
234.999048	__gene_D_rbs	147.000000	0.000000	0.000000
234.999048	__gene_E_rbs	143.000000	0.000000	0.000000
234.999048	__gene_F_rbs	95.000000	0.000000	0.000000
234.999048	__gene_G_rbs	58.000000	0.000000	0.000000
234.999048	__gene_H_rbs	35.000000	0.000000	0.000000
234.999048	__gene_J_rbs	135.000000	0.000000	0.000000
234.999048	__gene_K_rbs	155.000000	0.000000	0.000000
234.999048	__ribosome	1.000000	0.000000	0.000000
234.999048	bound_ecolipol	1882.000000	0.000000	0.000000
234.999048	bound_ribosome	100.000000	0.000000	0.000000
234.999048	ecoli_genome	118.000000	0.000000	0.000000
234.999048	ecoli_transcript	17917.000000	0.000000	0.000000
234.999048	ecolipol	44.000000	0.000000	0.000000
234.999048	gene_A	14.000000	12.000000	0.000000
234.999048	gene_A*	13.000000	11.000000	0.090909
234.999048	gene_B	320.000000	164.000000	0.006098
234.999048	gene_C	190.000000	154.000000	0.025974
234.999048	gene_D	153.000000	147.000000	0.040816
234.999048	gene_E	123.000000	143.000000	0.034965
234.999048	gene_F	65.000000	95.000000	0.105263
234.999048	gene_G	15.000000	58.000000	0.258621
234.999048	gene_H	0.000000	35.000000	0.342857
234.999048	gene_J	71.000000	137.000000	0.299270
234.999048	gene_K	231.000000	155.000000	0.025806
234.999048	promoter_A	1.000000	0.000000	0.000000
234.999048	promoter_B1	0.000000	0.000000	0.000000
234.999048	promoter_D	0.000000	0.000000	0.000000
239.999178	__gene_A*_rbs	11.000000	0.000000	0.000000
239.999178	__gene_A_rbs	12.000000	0.000000	0.000000
239.999178	__gene_B_rbs	167.000000	0.000000	0.000000
239.999178	__gene_C_rbs	156.000000	0.000000	0.000000
239.999178	__gene_D_rbs	151.000000	0.000000	0.000000
239.999178	__gene_E_rbs	147.000000	0.000000	0.000000
239.999178	__gene_F_rbs	96.000000	0.000000	0.000000
239.999178	__gene_G_rbs	59.000000	0.000000	0.000000
239.999178	__gene_H_rbs	37.000000	0.000000	0.000000
239.999178	__gene_J_rbs	139.000000	0.000000	0.000000
239.999178	__gene_K_rbs	159.000000	0.000000	0.000000
239.999178	__ribosome	0.000000	0.000000	0.000000
239.999178	bound_ecolipol	1883.000000	0.000000	0.000000
239.999178	bound_ribosome	100.000000	0.000000	0.000000
239.999178	ecoli_genome	117.000000	0.000000	0.000000
239.999178	ecoli_transcript	18307.000000	0.000000	0.000000
239.999178	ecolipol	45.000000	0.000000	0.000000
239.999178	gene_A	14.000000	12.000000	0.000000
239.999178	gene_A*	14.000000	12.000000	0.083333
239.999178	gene_B	320.000000	168.000000	0.023810
239.999178	gene_C	192.000000	157.000000	0.025478
239.999178	gene_D	157.000000	151.000000	0.026490
239.999178	gene_E	125.000000	147.000000	0.047619
239.999178	gene_F	68.000000	96.000000	0.104167
239.999178	gene_G	15.000000	59.000000	0.271186
239.999178	gene_H	0.000000	37.000000	0.324324
239.999178	gene_J	74.000000	141.000000	0.276596
239.999178	gene_K	234.000000	159.000000	0.018868
239.999178	promoter_A	1.000000	0.000000	0.000000
239.999178	promoter_B1	0.000000	0.000000	0.000000
239.999178	promoter_D	0.000000	0.000000	0.000000
244.999285	__gene_A*_rbs	12.000000	0.000000	0.000000
244.999285	__gene_A_rbs	12.000000	0.000000	0.000000
244.999285	__gene_B_rbs	172.000000	0.000000	0.000000
244.999285	__gene_C_rbs	161.000000	0.000000	0.000000
244.999285	__gene_D_rbs	155.000000	0.000000	0.000000
244.999285	__gene_E_rbs	149.000000	0.000000	0.000000
244.999285	__gene_F_rbs	99.000000	0.000000	0.000000
244.999285	__gene_G_rbs	62.000000	0.000000	0.000000
244.999285	__gene_H_rbs	39.000000	0.000000	0.000000
244.999285	__gene_J_rbs	145.000000	0.000000	0.000000
244.999285	__gene_K_rbs	163.000000	0.000000	0.000000
244.999285	__ribosome	0.000000	0.000000	0.000000
244.999285	bound_ecolipol	1882.000000	0.000000	0.000000
244.999285	bound_ribosome	100.000000	0.000000	0.000000
244.999285	ecoli_genome	118.000000	0.000000	0.000000
244.999285	ecoli_transcript	18694.000000	0.000000	0.000000
244.999285	ecolipol	45.000000	0.000000	0.000000
244.999285	gene_A	14.000000	12.000000	0.000000
244.999285	gene_A*	14.000000	12.000000	0.166667
244.999285	gene_B	321.000000	172.000000	0.029070
244.999285	gene_C	194.000000	161.000000	0.024845
244.999285	gene_D	159.000000	155.000000	0.012903
244.999285	gene_E	129.000000	151.000000	0.026490
244.999285	gene_F	68.000000	99.000000	0.121212
244.999285	gene_G	15.000000	62.000000	0.258065
244.999285	gene_H	0.000000	39.000000	0.307692
244.999285	gene_J	75.000000	145.000000	0.268966
244.999285	gene_K	236.000000	163.000000	0.024540
244.999285	promoter_A	1.000000	0.000000	0.000000
244.999285	promoter_B1	0.000000	0.000000	0.000000
244.999285	promoter_D	0.000000	0.000000	0.000000
249.999069	__gene_A*_rbs	12.000000	0.000000	0.000000
249.999069	__gene_A_rbs	14.000000	0.000000	0.000000
249.999069	__gene_B_rbs	175.000000	0.000000	0.000000
249.999069	__gene_C_rbs	162.000000	0.000000	0.000000
249.999069	__gene_D_rbs	158.000000	0.000000	0.000000
249.999069	__gene_E_rbs	154.000000	0.000000	0.000000
249.999069	__gene_F_rbs	102.000000	0.000000	0.000000
249.999069	__gene_G_rbs	63.000000	0.000000	0.000000
249.999069	__gene_H_rbs	39.000000	0.000000	0.000000
249.999069	__gene_J_rbs	148.000000	0.000000	0.000000
249.999069	__gene_K_rbs	167.000000	0.000000	0.000000
249.999069	__ribosome	0.000000	0.000000	0.000000
249.999069	bound_ecolipol	1890.000000	0.000000	0.000000
249.999069	bound_ribosome	100.000000	0.000000	0.000000
249.999069	ecoli_genome	110.000000	0.000000	0.000000
249.999069	ecoli_transcript	19077.000000	0.000000	0.000000
249.999069	ecolipol	38.000000	0.000000	0.000000
249.999069	gene_A	14.000000	14.000000	0.000000
249.999069	gene_A*	14.000000	12.000000	0.166667
249.999069	gene_B	322.000000	175.000000	0.028571
249.999069	gene_C	197.000000	164.000000	0.024390
249.999069	gene_D	159.000000	159.000000	0.044025
249.999069	gene_E	132.000000	154.000000	0.012987
249.999069	gene_F	69.000000	102.000000	0.117647
249.999069	gene_G	15.000000	63.000000	0.253968
249.999069	gene_H	0.000000	39.000000	0.307692
249.999069	gene_J	76.000000	148.000000	0.263514
249.999069	gene_K	239.000000	167.000000	0.005988
249.999069	promoter_A	0.000000	0.000000	0.000000
249.999069	promoter_B1	0.000000	0.000000	0.000000
249.999069	promoter_D	0.000000	0.000000	0.000000
254.999004	__gene_A*_rbs	12.000000	0.000000	0.000000
254.999004	__gene_A_rbs	15.000000	0.000000	0.000000
254.999004	__gene_B_rbs	179.000000	0.000000	0.000000
254.999004	__gene_C_rbs	168.000000	0.000000	0.000000
254.999004	__gene_D_rbs	162.000000	0.000000	0.000000
254.999004	__gene_E_rbs	155.000000	0.000000	0.000000
254.999004	__gene_F_rbs	105.000000	0.000000	0.000000
254.999004	__gene_G_rbs	65.000000	0.000000	0.000000
254.999004	__gene_H_rbs	38.000000	0.000000	0.000000
254.999004	__gene_J_rbs	152.000000	0.000000	0.000000
254.999004	__gene_K_rbs	170.000000	0.000000	0.000000
254.999004	__ribosome	0.000000	0.000000	0.000000
254.999004	bound_ecolipol	1878.000000	0.000000	0.000000
254.999004	bound_ribosome	100.000000	0.000000	0.000000
254.999004	ecoli_genome	122.000000	0.000000	0.000000
254.999004	ecoli_transcript	19465.000000	0.000000	0.000000
254.999004	ecolipol	49.000000	0.000000	0.000000
254.999004	gene_A	14.000000	15.000000	0.000000
254.999004	gene_A*	14.000000	12.000000	0.166667
254.999004	gene_B	325.000000	179.000000	0.016760
254.999004	gene_C	198.000000	168.000000	0.017857
254.999004	gene_D	161.000000	162.000000	0.043210
254.999004	gene_E	133.000000	158.000000	0.012658
254.999004	gene_F	70.000000	105.000000	0.123810
254.999004	gene_G	15.000000	65.000000	0.261538
254.999004	gene_H	0.000000	39.000000	0.307692
254.999004	gene_J	76.000000	152.000000	0.263158
254.999004	gene_K	240.000000	171.000000	0.005848
254.999004	promoter_A	1.000000	0.000000	0.000000
254.999004	promoter_B1	0.000000	0.000000	0.000000
254.999004	promoter_D	0.000000	0.000000	0.000000
259.999117	__gene_A*_rbs	12.000000	0.000000	0.000000
259.999117	__gene_A_rbs	15.000000	0.000000	0.000000
259.999117	__gene_B_rbs	183.000000	0.000000	0.000000
259.999117	__gene_C_rbs	172.000000	0.000000	0.000000
259.999117	__gene_D_rbs	166.000000	0.000000	0.000000
259.999117	__gene_E_rbs	162.000000	0.000000	0.000000
259.999117	__gene_F_rbs	106.000000	0.000000	0.000000
259.999117	__gene_G_rbs	68.000000	0.000000	0.000000
259.999117	__gene_H_rbs	42.000000	0.000000	0.000000
259.999117	__gene_J_rbs	155.000000	0.000000	0.000000
259.999117	__gene_K_rbs	174.000000	0.000000	0.000000
259.999117	__ribosome	0.000000	0.000000	0.000000
259.999117	bound_ecolipol	1889.000000	0.000000	0.000000
259.999117	bound_ribosome	100.000000	0.000000	0.000000
259.999117	ecoli_genome	111.000000	0.000000	0.000000
259.999117	ecoli_transcript	19824.000000	0.000000	0.000000
259.999117	ecolipol	37.000000	0.000000	0.000000
259.999117	gene_A	14.000000	15.000000	0.000000
259.999117	gene_A*	14.000000	12.000000	0.166667
259.999117	gene_B	327.000000	183.000000	0.016393
259.999117	gene_C	201.000000	172.000000	0.000000
259.999117	gene_D	161.000000	166.000000	0.048193
259.999117	gene_E	134.000000	162.000000	0.018519
259.999117	gene_F	73.000000	106.000000	0.094340
259.999117	gene_G	16.000000	68.000000	0.235294
259.999117	gene_H	0.000000	42.000000	0.285714
259.999117	gene_J	77.000000	155.000000	0.270968
259.999117	gene_K	241.000000	174.000000	0.022989
259.999117	promoter_A	1.000000	0.000000	0.000000
259.999117	promoter_B1	0.000000	0.000000	0.000000
259.999117	promoter_D	0.000000	0.000000	0.000000
264.999288	__gene_A*_rbs	14.000000	0.000000	0.000000
264.999288	__gene_A_rbs	16.000000	0.000000	0.000000
264.999288	__gene_B_rbs	185.000000	0.000000	0.000000
264.999288	__gene_C_rbs	176.000000	0.000000	0.000000
264.999288	__gene_D_rbs	168.000000	0.000000	0.000000
264.999288	__gene_E_rbs	164.000000	0.000000	0.000000
264.999288	__gene_F_rbs	108.000000	0.000000	0.000000
264.999288	__gene_G_rbs	70.000000	0.000000	0.000000
264.999288	__gene_H_rbs	42.000000	0.000000	0.000000
264.999288	__gene_J_rbs	159.000000	0.000000	0.000000
264.999288	__gene_K_rbs	178.000000	0.000000	0.000000
264.999288	__ribosome	0.000000	0.000000	0.000000
264.999288	bound_ecolipol	1879.000000	0.000000	0.000000
264.999288	bound_ribosome	100.000000	0.000000	0.000000
264.999288	ecoli_genome	121.000000	0.000000	0.000000
264.999288	ecoli_transcript	20200.000000	0.000000	0.000000
264.999288	ecolipol	46.000000	0.000000	0.000000
264.999288	gene_A	14.000000	16.000000	0.000000
264.999288	gene_A*	14.000000	14.000000	0.142857
264.999288	gene_B	328.000000	186.000000	0.021505
264.999288	gene_C	201.000000	176.000000	0.005682
264.999288	gene_D	167.000000	169.000000	0.017751
264.999288	gene_E	135.000000	165.000000	0.030303
264.999288	gene_F	73.000000	108.000000	0.092593
264.999288	gene_G	16.000000	71.000000	0.239437
264.999288	gene_H	0.000000	42.000000	0.309524
264.999288	gene_J	77.000000	159.000000	0.270440
264.999288	gene_K	244.000000	178.000000	0.011236
264.999288	promoter_A	1.000000	0.000000	0.000000
264.999288	promoter_B1	0.000000	0.000000	0.000000
264.999288	promoter_D	0.000000	0.000000	0.000000
269.999128	__gene_A*_rbs	15.000000	0.000000	0.000000
269.999128	__gene_A_rbs	16.000000	0.000000	0.000000
269.999128	__gene_B_rbs	190.000000	0.000000	0.000000
269.999128	__gene_C_rbs	179.000000	0.000000	0.000000
269.999128	__gene_D_rbs	172.000000	0.000000	0.000000
269.999128	__gene_E_rbs	169.000000	0.000000	0.000000
269.999128	__gene_F_rbs	111.000000	0.000000	0.000000
269.999128	__gene_G_rbs	73.000000	0.000000	0.000000
269.999128	__gene_H_rbs	44.000000	0.000000	0.000000
269.999128	__gene_J_rbs	162.000000	0.000000	0.000000
269.999128	__gene_K_rbs	180.000000	0.000000	0.000000
269.999128	__ribosome	0.000000	0.000000	0.000000
269.999128	bound_ecolipol	1889.000000	0.000000	0.000000
269.999128	bound_ribosome	100.000000	0.000000	0.000000
269.999128	ecoli_genome	111.000000	0.000000	0.000000
269.999128	ecoli_transcript	20587.000000	0.000000	0.000000
269.999128	ecolipol	35.000000	0.000000	0.000000
269.999128	gene_A	14.000000	16.000000	0.000000
269.999128	gene_A*	14.000000	15.000000	0.133333
269.999128	gene_B	328.000000	190.000000	0.021053
269.999128	gene_C	201.000000	179.000000	0.011173
269.999128	gene_D	168.000000	173.000000	0.017341
269.999128	gene_E	137.000000	169.000000	0.023669
269.999128	gene_F	73.000000	111.000000	0.099099
269.999128	gene_G	16.000000	73.000000	0.246575
269.999128	gene_H	0.000000	44.000000	0.318182
269.999128	gene_J	78.000000	162.000000	0.259259
269.999128	gene_K	246.000000	181.000000	0.000000
269.999128	promoter_A	1.000000	0.000000	0.000000
269.999128	promoter_B1	0.000000	0.000000	0.000000
269.999128	promoter_D	0.000000	0.000000	0.000000
274.999015	__gene_A*_rbs	15.000000	0.000000	0.000000
274.999015	__gene_A_rbs	16.000000	0.000000	0.000000
274.999015	__gene_B_rbs	194.000000	0.000000	0.000000
274.999015	__gene_C_rbs	182.000000	0.000000	0.000000
274.999015	__gene_D_rbs	177.000000	0.000000	0.000000
274.999015	__gene_E_rbs	172.000000	0.000000	0.000000
274.999015	__gene_F_rbs	114.000000	0.000000	0.000000
274.999015	__gene_G_rbs	76.000000	0.000000	0.000000
274.999015	__gene_H_rbs	46.000000	0.000000	0.000000
274.999015	__gene_J_rbs	166.000000	0.000000	0.000000
274.999015	__gene_K_rbs	183.000000	0.000000	0.000000
274.999015	__ribosome	0.000000	0.000000	0.000000
274.999015	bound_ecolipol	1885.000000	0.000000	0.000000
274.999015	bound_ribosome	100.000000	0.000000	0.000000
274.999015	ecoli_genome	115.000000	0.000000	0.000000
274.999015	ecoli_transcript	20999.000000	0.000000	0.000000
274.999015	ecolipol	43.000000	0.000000	0.000000
274.999015	gene_A	14.000000	16.000000	0.062500
274.999015	gene_A*	15.000000	15.000000	0.066667
274.999015	gene_B	330.000000	194.000000	0.015464
274.999015	gene_C	202.000000	183.000000	0.016393
274.999015	gene_D	169.000000	177.000000	0.016949
274.999015	gene_E	140.000000	173.000000	0.017341
274.999015	gene_F	75.000000	114.000000	0.087719
274.999015	gene_G	16.000000	76.000000	0.236842
274.999015	gene_H	0.000000	46.000000	0.304348
274.999015	gene_J	78.000000	166.000000	0.259036
274.999015	gene_K	246.000000	185.000000	0.005405
274.999015	promoter_A	1.000000	0.000000	0.000000
274.999015	promoter_B1	0.000000	0.000000	0.000000
274.999015	promoter_D	0.000000	0.000000	0.000000
279.999037	__gene_A*_rbs	16.000000	0.000000	0.000000
279.999037	__gene_A_rbs	16.000000	0.000000	0.000000
279.999037	__gene_B_rbs	197.000000	0.000000	0.000000
279.999037	__gene_C_rbs	187.000000	0.000000	0.000000
279.999037	__gene_D_rbs	178.000000	0.000000	0.000000
279.999037	__gene_E_rbs	177.000000	0.000000	0.000000
279.999037	__gene_F_rbs	116.000000	0.000000	0.000000
279.999037	__gene_G_rbs	79.000000	0.000000	0.000000
279.999037	__gene_H_rbs	48.000000	0.000000	0.000000
279.999037	__gene_J_rbs	169.000000	0.000000	0.000000
279.999037	__gene_K_rbs	189.000000	0.000000	0.000000
279.999037	__ribosome	0.000000	0.000000	0.000000
279.999037	bound_ecolipol	1891.000000	0.000000	0.000000
279.999037	bound_ribosome	100.000000	0.000000	0.000000
279.999037	ecoli_genome	109.000000	0.000000	0.000000
279.999037	ecoli_transcript	21340.000000	0.000000	0.000000
279.999037	ecolipol	36.000000	0.000000	0.000000
279.999037	gene_A	14.000000	16.000000	0.062500
279.999037	gene_A*	16.000000	16.000000	0.000000
279.999037	gene_B	332.000000	197.000000	0.015228
279.999037	gene_C	203.000000	187.000000	0.016043
279.999037	gene_D	169.000000	180.000000	0.022222
279.999037	gene_E	142.000000	177.000000	0.022599
279.999037	gene_F	77.000000	116.000000	0.068966
279.999037	gene_G	16.000000	79.000000	0.227848
279.999037	gene_H	0.000000	48.000000	0.312500
279.999037	gene_J	78.000000	170.000000	0.252941
279.999037	gene_K	246.000000	189.000000	0.005291
279.999037	promoter_A	1.000000	0.000000	0.000000
279.999037	promoter_B1	0.000000	0.000000	0.000000
279.999037	promoter_D	0.000000	0.000000	0.000000
284.999304	__gene_A*_rbs	16.000000	0.000000	0.000000
284.999304	__gene_A_rbs	16.000000	0.000000	0.000000
284.999304	__gene_B_rbs	201.000000	0.000000	0.000000
284.999304	__gene_C_rbs	190.000000	0.000000	0.000000
284.999304	__gene_D_rbs	183.000000	0.000000	0.000000
284.999304	__gene_E_rbs	179.000000	0.000000	0.000000
284.999304	__gene_F_rbs	120.000000	0.000000	0.000000
284.999304	__gene_G_rbs	79.000000	0.000000	0.000000
284.999304	__gene_H_rbs	49.000000	0.000000	0.000000
284.999304	__gene_J_rbs	173.000000	0.000000	0.000000
284.999304	__gene_K_rbs	191.000000	0.000000	0.000000
284.999304	__ribosome	0.000000	0.000000	0.000000
284.999304	bound_ecolipol	1879.000000	0.000000	0.000000
284.999304	bound_ribosome	100.000000	0.000000	0.000000
284.999304	ecoli_genome	121.000000	0.000000	0.000000
284.999304	ecoli_transcript	21711.000000	0.000000	0.000000
284.999304	ecolipol	46.000000	0.000000	0.000000
284.999304	gene_A	14.000000	16.000000	0.062500
284.999304	gene_A*	16.000000	16.000000	0.000000
284.999304	gene_B	332.000000	201.000000	0.039801
284.999304	gene_C	205.000000	190.000000	0.005263
284.999304	gene_D	171.000000	184.000000	0.021739
284.999304	gene_E	143.000000	180.000000	0.016667
284.999304	gene_F	80.000000	120.000000	0.041667
284.999304	gene_G	18.000000	80.000000	0.225000
284.999304	gene_H	0.000000	49.000000	0.306122
284.999304	gene_J	78.000000	173.000000	0.254335
284.999304	gene_K	247.000000	192.000000	0.005208
284.999304	promoter_A	0.000000	0.000000	0.000000
284.999304	promoter_B1	0.000000	0.000000	0.000000
284.999304	promoter_D	0.000000	0.000000	0.000000
289.999034	__gene_A*_rbs	16.000000	0.000000	0.000000
289.999034	__gene_A_rbs	17.000000	0.000000	0.000000
289.999034	__gene_B_rbs	204.000000	0.000000	0.000000
289.999034	__gene_C_rbs	194.000000	0.000000	0.000000
289.999034	__gene_D_rbs	188.000000	0.000000	0.000000
289.999034	__gene_E_rbs	184.000000	0.000000	0.000000
289.999034	__gene_F_rbs	123.000000	0.000000	0.000000
289.999034	__gene_G_rbs	83.000000	0.000000	0.000000
289.999034	__gene_H_rbs	52.000000	0.000000	0.000000
289.999034	__gene_J_rbs	177.000000	0.000000	0.000000
289.999034	__gene_K_rbs	195.000000	0.000000	0.000000
289.999034	__ribosome	0.000000	0.000000	0.000000
289.999034	bound_ecolipol	1885.000000	0.000000	0.000000
289.999034	bound_ribosome	100.000000	0.000000	0.000000
289.999034	ecoli_genome	115.000000	0.000000	0.000000
289.999034	ecoli_transcript	22086.000000	0.000000	0.000000
289.999034	ecolipol	39.000000	0.000000	0.000000
289.999034	gene_A	14.000000	17.000000	0.058824
289.999034	gene_A*	16.000000	16.000000	0.000000
289.999034	gene_B	334.000000	204.000000	0.034314
289.999034	gene_C	206.000000	194.000000	0.010309
289.999034	gene_D	172.000000	188.000000	0.021277
289.999034	gene_E	146.000000	184.000000	0.010870
289.999034	gene_F	81.000000	123.000000	0.032520
289.999034	gene_G	18.000000	83.000000	0.228916
289.999034	gene_H	0.000000	52.000000	0.288462
289.999034	gene_J	79.000000	177.000000	0.248588
289.999034	gene_K	248.000000	196.000000	0.010204
289.999034	promoter_A	1.000000	0.000000	0.000000
289.999034	promoter_B1	0.000000	0.000000	0.000000
289.999034	promoter_D	0.000000	0.000000	0.000000
294.999072	__gene_A*_rbs	16.000000	0.000000	0.000000
294.999072	__gene_A_rbs	17.000000	0.000000	0.000000
294.999072	__gene_B_rbs	207.000000	0.000000	0.000000
294.999072	__gene_C_rbs	197.000000	0.000000	0.000000
294.999072	__gene_D_rbs	191.000000	0.000000	0.000000
294.999072	__gene_E_rbs	188.000000	0.000000	0.000000
294.999072	__gene_F_rbs	126.000000	0.000000	0.000000
294.999072	__gene_G_rbs	85.000000	0.000000	0.000000
294.999072	__gene_H_rbs	53.000000	0.000000	0.000000
294.999072	__gene_J_rbs	180.000000	0.000000	0.000000
294.999072	__gene_K_rbs	196.000000	0.000000	0.000000
294.999072	__ribosome	0.000000	0.000000	0.000000
294.999072	bound_ecolipol	1882.000000	0.000000	0.000000
294.999072	bound_ribosome	100.000000	0.000000	0.000000
294.999072	ecoli_genome	118.000000	0.000000	0.000000
294.999072	ecoli_transcript	22499.000000	0.000000	0.000000
294.999072	ecolipol	43.000000	0.000000	0.000000
294.999072	gene_A	14.000000	17.000000	0.058824
294.999072	gene_A*	16.000000	16.000000	0.000000
294.999072	gene_B	337.000000	208.000000	0.024038
294.999072	gene_C	208.000000	198.000000	0.005051
294.999072	gene_D	173.000000	192.000000	0.020833
294.999072	gene_E	147.000000	188.000000	0.010638
294.999072	gene_F	82.000000	126.000000	0.031746
294.999072	gene_G	18.000000	85.000000	0.223529
294.999072	gene_H	0.000000	53.000000	0.301887
294.999072	gene_J	79.000000	181.000000	0.254144
294.999072	gene_K	249.000000	199.000000	0.010050
294.999072	promoter_A	1.000000	0.000000	0.000000
294.999072	promoter_B1	0.000000	0.000000	0.000000
294.999072	promoter_D	0.000000	0.000000	0.000000
299.999103	__gene_A*_rbs	16.000000	0.000000	0.000000
299.999103	__gene_A_rbs	17.000000	0.000000	0.000000
299.999103	__gene_B_rbs	212.000000	0.000000	0.000000
299.999103	__gene_C_rbs	201.000000	0.000000	0.000000
299.999103	__gene_D_rbs	196.000000	0.000000	0.000000
299.999103	__gene_E_rbs	191.000000	0.000000	0.000000
299.999103	__gene_F_rbs	130.000000	0.000000	0.000000
299.999103	__gene_G_rbs	86.000000	0.000000	0.000000
299.999103	__gene_H_rbs	55.000000	0.000000	0.000000
299.999103	__gene_J_rbs	185.000000	0.000000	0.000000
299.999103	__gene_K_rbs	203.000000	0.000000	0.000000
299.999103	__ribosome	0.000000	0.000000	0.000000
299.999103	bound_ecolipol	1881.000000	0.000000	0.000000
299.999103	bound_ribosome	100.000000	0.000000	0.000000
299.999103	ecoli_genome	119.000000	0.000000	0.000000
299.999103	ecoli_transcript	22883.000000	0.000000	0.000000
299.999103	ecolipol	44.000000	0.000000	0.000000
299.999103	gene_A	14.000000	17.000000	0.117647
299.999103	gene_A*	16.000000	16.000000	0.000000
299.999103	gene_B	340.000000	212.000000	0.014151
299.999103	gene_C	208.000000	201.000000	0.004975
299.999103	gene_D	175.000000	196.000000	0.015306
299.999103	gene_E	148.000000	191.000000	0.005236
299.999103	gene_F	83.000000	130.000000	0.030769
299.999103	gene_G	19.000000	86.000000	0.232558
299.999103	gene_H	0.000000	55.000000	0.327273
299.999103	gene_J	81.000000	185.000000	0.248649
299.999103	gene_K	250.000000	203.000000	0.009852
299.999103	promoter_A	1.000000	0.000000	0.000000
299.999103	promoter_B1	0.000000	0.000000	0.000000
299.999103	promoter_D	0.000000	0.000000	0.000000
304.999089	__gene_A*_rbs	17.000000	0.000000	0.000000
304.999089	__gene_A_rbs	17.000000	0.000000	0.000000
304.999089	__gene_B_rbs	214.000000	0.000000	0.000000
304.999089	__gene_C_rbs	204.000000	0.000000	0.000000
304.999089	__gene_D_rbs	199.000000	0.000000	0.000000
304.999089	__gene_E_rbs	195.000000	0.000000	0.000000
304.999089	__gene_F_rbs	133.000000	0.000000	0.000000
304.999089	__gene_G_rbs	87.000000	0.000000	0.000000
304.999089	__gene_H_rbs	57.000000	0.000000	0.000000
304.999089	__gene_J_rbs	189.000000	0.000000	0.000000
304.999089	__gene_K_rbs	207.000000	0.000000	0.000000
304.999089	__ribosome	0.000000	0.000000	0.000000
304.999089	bound_ecolipol	1883.000000	0.000000	0.000000
304.999089	bound_ribosome	100.000000	0.000000	0.000000
304.999089	ecoli_genome	117.000000	0.000000	0.000000
304.999089	ecoli_transcript	23280.000000	0.000000	0.000000
304.999089	ecolipol	41.000000	0.000000	0.000000
304.999089	gene_A	14.000000	17.000000	0.117647
304.999089	gene_A*	16.000000	17.000000	0.058824
304.999089	gene_B	341.000000	215.000000	0.009302
304.999089	gene_C	209.000000	205.000000	0.014634
304.999089	gene_D	176.000000	199.000000	0.015075
304.999089	gene_E	149.000000	195.000000	0.010256
304.999089	gene_F	83.000000	133.000000	0.030075
304.999089	gene_G	20.000000	87.000000	0.218391
304.999089	gene_H	0.000000	57.000000	0.315789
304.999089	gene_J	84.000000	189.000000	0.243386
304.999089	gene_K	252.000000	207.000000	0.000000
304.999089	promoter_A	1.000000	0.000000	0.000000
304.999089	promoter_B1	0.000000	0.000000	0.000000
304.999089	promoter_D	0.000000	0.000000	0.000000
309.999076	__gene_A*_rbs	17.000000	0.000000	0.000000
309.999076	__gene_A_rbs	17.000000	0.000000	0.000000
309.999076	__gene_B_rbs	219.000000	0.000000	0.000000
309.999076	__gene_C_rbs	208.000000	0.000000	0.000000
309.999076	__gene_D_rbs	203.000000	0.000000	0.000000
309.999076	__gene_E_rbs	198.000000	0.000000	0.000000
309.999076	__gene_F_rbs	135.000000	0.000000	0.000000
309.999076	__gene_G_rbs	89.000000	0.000000	0.000000
309.999076	__gene_H_rbs	58.000000	0.000000	0.000000
309.999076	__gene_J_rbs	192.000000	0.000000	0.000000
309.999076	__gene_K_rbs	211.000000	0.000000	0.000000
309.999076	__ribosome	0.000000	0.000000	0.000000
309.999076	bound_ecolipol	1872.000000	0.000000	0.000000
309.999076	bound_ribosome	100.000000	0.000000	0.000000
309.999076	ecoli_genome	128.000000	0.000000	0.000000
309.999076	ecoli_transcript	23648.000000	0.000000	0.000000
309.999076	ecolipol	52.000000	0.000000	0.000000
309.999076	gene_A	14.000000	17.000000	0.117647
309.999076	gene_A*	16.000000	17.000000	0.058824
309.999076	gene_B	342.000000	219.000000	0.004566
309.999076	gene_C	210.000000	209.000000	0.009569
309.999076	gene_D	176.000000	203.000000	0.014778
309.999076	gene_E	149.000000	198.000000	0.010101
309.999076	gene_F	83.000000	136.000000	0.036765
309.999076	gene_G	20.000000	89.000000	0.213483
309.999076	gene_H	0.000000	58.000000	0.310345
309.999076	gene_J	84.000000	192.000000	0.239583
309.999076	gene_K	252.000000	211.000000	0.004739
309.999076	promoter_A	0.000000	0.000000	0.000000
309.999076	promoter_B1	0.000000	0.000000	0.000000
309.999076	promoter_D	0.000000	0.000000	0.000000
314.999212	__gene_A*_rbs	17.000000	0.000000	0.000000
314.999212	__gene_A_rbs	18.000000	0.000000	0.000000
314.999212	__gene_B_rbs	222.000000	0.000000	0.000000
314.999212	__gene_C_rbs	210.000000	0.000000	0.000000
314.999212	__gene_D_rbs	206.000000	0.000000	0.000000
314.999212	__gene_E_rbs	202.000000	0.000000	0.000000
314.999212	__gene_F_rbs	139.000000	0.000000	0.000000
314.999212	__gene_G_rbs	93.000000	0.000000	0.000000
314.999212	__gene_H_rbs	59.000000	0.000000	0.000000
314.999212	__gene_J_rbs	196.000000	0.000000	0.000000
314.999212	__gene_K_rbs	214.000000	0.000000	0.000000
314.999212	__ribosome	0.000000	0.000000	0.000000
314.999212	bound_ecolipol	1884.000000	0.000000	0.000000
314.999212	bound_ribosome	100.000000	0.000000	0.000000
314.999212	ecoli_genome	116.000000	0.000000	0.000000
314.999212	ecoli_transcript	24001.000000	0.000000	0.000000
314.999212	ecolipol	38.000000	0.000000	0.000000
314.999212	gene_A	14.000000	18.000000	0.111111
314.999212	gene_A*	16.000000	17.000000	0.058824
314.999212	gene_B	343.000000	222.000000	0.000000
314.999212	gene_C	212.000000	212.000000	0.018868
314.999212	gene_D	178.000000	206.000000	0.009709
314.999212	gene_E	151.000000	202.000000	0.004950
314.999212	gene_F	84.000000	139.000000	0.035971
314.999212	gene_G	21.000000	93.000000	0.193548
314.999212	gene_H	0.000000	59.000000	0.305085
314.999212	gene_J	84.000000	196.000000	0.234694
314.999212	gene_K	253.000000	214.000000	0.014019
314.999212	promoter_A	1.000000	0.000000	0.000000
314.999212	promoter_B1	0.000000	0.000000	0.000000
314.999212	promoter_D	0.000000	0.000000	0.000000
319.999113	__gene_A*_rbs	17.000000	0.000000	0.000000
319.999113	__gene_A_rbs	18.000000	0.000000	0.000000
319.999113	__gene_B_rbs	225.000000	0.000000	0.000000
319.999113	__gene_C_rbs	216.000000	0.000000	0.000000
319.999113	__gene_D_rbs	208.000000	0.000000	0.000000
319.999113	__gene_E_rbs	205.000000	0.000000	0.000000
319.999113	__gene_F_rbs	142.000000	0.000000	0.000000
319.999113	__gene_G_rbs	96.000000	0.000000	0.000000
319.999113	__gene_H_rbs	60.000000	0.000000	0.000000
319.999113	__gene_J_rbs	199.000000	0.000000	0.000000
319.999113	__gene_K_rbs	217.000000	0.000000	0.000000
319.999113	__ribosome	0.000000	0.000000	0.000000
319.999113	bound_ecolipol	1865.000000	0.000000	0.000000
319.999113	bound_ribosome	100.000000	0.000000	0.000000
319.999113	ecoli_genome	135.000000	0.000000	0.000000
319.999113	ecoli_transcript	24380.000000	0.000000	0.000000
319.999113	ecolipol	59.000000	0.000000	0.000000
319.999113	gene_A	15.000000	18.000000	0.055556
319.999113	gene_A*	16.000000	17.000000	0.058824
319.999113	gene_B	343.000000	225.000000	0.004444
319.999113	gene_C	212.000000	216.000000	0.027778
319.999113	gene_D	179.000000	210.000000	0.014286
319.999113	gene_E	152.000000	205.000000	0.000000
319.999113	gene_F	85.000000	142.000000	0.028169
319.999113	gene_G	21.000000	96.000000	0.187500
319.999113	gene_H	0.000000	60.000000	0.300000
319.999113	gene_J	84.000000	199.000000	0.236181
319.999113	gene_K	256.000000	218.000000	0.004587
319.999113	promoter_A	1.000000	0.000000	0.000000
319.999113	promoter_B1	0.000000	0.000000	0.000000
319.999113	promoter_D	0.000000	0.000000	0.000000
324.999501	__gene_A*_rbs	17.000000	0.000000	0.000000
324.999501	__gene_A_rbs	19.000000	0.000000	0.000000
324.999501	__gene_B_rbs	228.000000	0.000000	0.000000
324.999501	__gene_C_rbs	217.000000	0.000000	0.000000
324.999501	__gene_D_rbs	214.000000	0.000000	0.000000
324.999501	__gene_E_rbs	208.000000	0.000000	0.000000
324.999501	__gene_F_rbs	144.000000	0.000000	0.000000
324.999501	__gene_G_rbs	97.000000	0.000000	0.000000
324.999501	__gene_H_rbs	61.000000	0.000000	0.000000
324.999501	__gene_J_rbs	203.000000	0.000000	0.000000
324.999501	__gene_K_rbs	221.000000	0.000000	0.000000
324.999501	__ribosome	0.000000	0.000000	0.000000
324.999501	bound_ecolipol	1882.000000	0.000000	0.000000
324.999501	bound_ribosome	100.000000	0.000000	0.000000
324.999501	ecoli_genome	118.000000	0.000000	0.000000
324.999501	ecoli_transcript	24763.000000	0.000000	0.000000
324.999501	ecolipol	42.000000	0.000000	0.000000
324.999501	gene_A	15.000000	19.000000	0.052632
324.999501	gene_A*	16.000000	17.000000	0.058824
324.999501	gene_B	343.000000	229.000000	0.008734
324.999501	gene_C	217.000000	219.000000	0.004566
324.999501	gene_D	179.000000	214.000000	0.018692
324.999501	gene_E	152.000000	209.000000	0.000000
324.999501	gene_F	85.000000	144.000000	0.034722
324.999501	gene_G	21.000000	97.000000	0.195876
324.999501	gene_H	0.000000	61.000000	0.295082
324.999501	gene_J	85.000000	203.000000	0.226601
324.999501	gene_K	256.000000	221.000000	0.013575
324.999501	promoter_A	1.000000	0.000000	0.000000
324.999501	promoter_B1	0.000000	0.000000	0.000000
324.999501	promoter_D	0.000000	0.000000	0.000000
330.000096	__gene_A*_rbs	18.000000	0.000000	0.000000
330.000096	__gene_A_rbs	19.000000	0.000000	0.000000
330.000096	__gene_B_rbs	233.000000	0.000000	0.000000
330.000096	__gene_C_rbs	223.000000	0.000000	0.000000
330.000096	__gene_D_rbs	218.000000	0.000000	0.000000
330.000096	__gene_E_rbs	213.000000	0.000000	0.000000
330.000096	__gene_F_rbs	146.000000	0.000000	0.000000
330.000096	__gene_G_rbs	100.000000	0.000000	0.000000
330.000096	__gene_H_rbs	62.000000	0.000000	0.000000
330.000096	__gene_J_rbs	206.000000	0.000000	0.000000
330.000096	__gene_K_rbs	225.000000	0.000000	0.000000
330.000096	__ribosome	0.000000	0.000000	0.000000
330.000096	bound_ecolipol	1890.000000	0.000000	0.000000
330.000096	bound_ribosome	100.000000	0.000000	0.000000
330.000096	ecoli_genome	110.000000	0.000000	0.000000
330.000096	ecoli_transcript	25139.000000	0.000000	0.000000
330.000096	ecolipol	39.000000	0.000000	0.000000
330.000096	gene_A	15.000000	19.000000	0.052632
330.000096	gene_A*	16.000000	18.000000	0.055556
330.000096	gene_B	344.000000	233.000000	0.004292
330.000096	gene_C	218.000000	223.000000	0.004484
330.000096	gene_D	180.000000	218.000000	0.018349
330.000096	gene_E	152.000000	213.000000	0.004695
330.000096	gene_F	85.000000	146.000000	0.034247
330.000096	gene_G	21.000000	100.000000	0.190000
330.000096	gene_H	0.000000	62.000000	0.290323
330.000096	gene_J	85.000000	206.000000	0.237864
330.000096	gene_K	259.000000	225.000000	0.000000
330.000096	promoter_A	1.000000	0.000000	0.000000
330.000096	promoter_B1	0.000000	0.000000	0.000000
330.000096	promoter_D	0.000000	0.000000	0.000000
334.999129	__gene_A*_rbs	18.000000	0.000000	0.000000
334.999129	__gene_A_rbs	19.000000	0.000000	0.000000
334.999129	__gene_B_rbs	236.000000	0.000000	0.000000
334.999129	__gene_C_rbs	226.000000	0.000000	0.000000
334.999129	__gene_D_rbs	221.000000	0.000000	0.000000
334.999129	__gene_E_rbs	215.000000	0.000000	0.000000
334.999129	__gene_F_rbs	149.000000	0.000000	0.000000
334.999129	__gene_G_rbs	103.000000	0.000000	0.000000
334.999129	__gene_H_rbs	63.000000	0.000000	0.000000
334.999129	__gene_J_rbs	210.000000	0.000000	0.000000
334.999129	__gene_K_rbs	227.000000	0.000000	0.000000
334.999129	__ribosome	1.000000	0.000000	0.000000
334.999129	bound_ecolipol	1896.000000	0.000000	0.000000
334.999129	bound_ribosome	100.000000	0.000000	0.000000
334.999129	ecoli_genome	104.000000	0.000000	0.000000
334.999129	ecoli_transcript	25492.000000	0.000000	0.000000
334.999129	ecolipol	33.000000	0.000000	0.000000
334.999129	gene_A	15.000000	19.000000	0.052632
334.999129	gene_A*	17.000000	18.000000	0.000000
334.999129	gene_B	344.000000	236.000000	0.016949
334.999129	gene_C	219.000000	226.000000	0.000000
334.999129	gene_D	183.000000	221.000000	0.004525
334.999129	gene_E	152.000000	216.000000	0.004630
334.999129	gene_F	85.000000	149.000000	0.033557
334.999129	gene_G	21.000000	103.000000	0.194175
334.999129	gene_H	0.000000	63.000000	0.285714
334.999129	gene_J	86.000000	210.000000	0.228571
334.999129	gene_K	259.000000	228.000000	0.004386
334.999129	promoter_A	1.000000	0.000000	0.000000
334.999129	promoter_B1	0.000000	0.000000	0.000000
334.999129	promoter_D	0.000000	0.000000	0.000000
339.999225	__gene_A*_rbs	19.000000	0.000000	0.000000
339.999225	__gene_A_rbs	20.000000	0.000000	0.000000
339.999225	__gene_B_rbs	240.000000	0.000000	0.000000
339.999225	__gene_C_rbs	229.000000	0.000000	0.000000
339.999225	__gene_D_rbs	224.000000	0.000000	0.000000
339.999225	__gene_E_rbs	219.000000	0.000000	0.000000
339.999225	__gene_F_rbs	152.000000	0.000000	0.000000
339.999225	__gene_G_rbs	105.000000	0.000000	0.000000
339.999225	__gene_H_rbs	64.000000	0.000000	0.000000
339.999225	__gene_J_rbs	214.000000	0.000000	0.000000
339.999225	__gene_K_rbs	231.000000	0.000000	0.000000
339.999225	__ribosome	0.000000	0.000000	0.000000
339.999225	bound_ecolipol	1873.000000	0.000000	0.000000
339.999225	bound_ribosome	100.000000	0.000000	0.000000
339.999225	ecoli_genome	127.000000	0.000000	0.000000
339.999225	ecoli_transcript	25867.000000	0.000000	0.000000
339.999225	ecolipol	51.000000	0.000000	0.000000
339.999225	gene_A	15.000000	20.000000	0.050000
339.999225	gene_A*	17.000000	19.000000	0.000000
339.999225	gene_B	345.000000	240.000000	0.016667
339.999225	gene_C	219.000000	229.000000	0.000000
339.999225	gene_D	183.000000	224.000000	0.008929
339.999225	gene_E	153.000000	220.000000	0.004545
339.999225	gene_F	87.000000	152.000000	0.026316
339.999225	gene_G	22.000000	105.000000	0.180952
339.999225	gene_H	0.000000	64.000000	0.281250
339.999225	gene_J	86.000000	214.000000	0.233645
339.999225	gene_K	259.000000	231.000000	0.004329
339.999225	promoter_A	1.000000	0.000000	0.000000
339.999225	promoter_B1	0.000000	0.000000	0.000000
339.999225	promoter_D	0.000000	0.000000	0.000000
344.999210	__gene_A*_rbs	19.000000	0.000000	0.000000
344.999210	__gene_A_rbs	20.000000	0.000000	0.000000
344.999210	__gene_B_rbs	243.000000	0.000000	0.000000
344.999210	__gene_C_rbs	231.000000	0.000000	0.000000
344.999210	__gene_D_rbs	228.000000	0.000000	0.000000
344.999210	__gene_E_rbs	222.000000	0.000000	0.000000
344.999210	__gene_F_rbs	156.000000	0.000000	0.000000
344.999210	__gene_G_rbs	108.000000	0.000000	0.000000
344.999210	__gene_H_rbs	66.000000	0.000000	0.000000
344.999210	__gene_J_rbs	217.000000	0.000000	0.000000
344.999210	__gene_K_rbs	235.000000	0.000000	0.000000
344.999210	__ribosome	0.000000	0.000000	0.000000
344.999210	bound_ecolipol	1885.000000	0.000000	0.000000
344.999210	bound_ribosome	100.000000	0.000000	0.000000
344.999210	ecoli_genome	115.000000	0.000000	0.000000
344.999210	ecoli_transcript	26247.000000	0.000000	0.000000
344.999210	ecolipol	39.000000	0.000000	0.000000
344.999210	gene_A	16.000000	20.000000	0.000000
344.999210	gene_A*	17.000000	19.000000	0.000000
344.999210	gene_B	346.000000	243.000000	0.016461
344.999210	gene_C	219.000000	232.000000	0.004310
344.999210	gene_D	184.000000	228.000000	0.004386
344.999210	gene_E	153.000000	223.000000	0.008969
344.999210	gene_F	87.000000	156.000000	0.025641
344.999210	gene_G	22.000000	108.000000	0.175926
344.999210	gene_H	0.000000	66.000000	0.272727
344.999210	gene_J	89.000000	217.000000	0.225806
344.999210	gene_K	260.000000	235.000000	0.008511
344.999210	promoter_A	1.000000	0.000000	0.000000
344.999210	promoter_B1	0.000000	0.000000	0.000000
344.999210	promoter_D	0.000000	0.000000	0.000000
349.999025	__gene_A*_rbs	19.000000	0.000000	0.000000
349.999025	__gene_A_rbs	20.000000	0.000000	0.000000
349.999025	__gene_B_rbs	247.000000	0.000000	0.000000
349.999025	__gene_C_rbs	236.000000	0.000000	0.000000
349.999025	__gene_D_rbs	231.000000	0.000000	0.000000
349.999025	__gene_E_rbs	226.000000	0.000000	0.000000
349.999025	__gene_F_rbs	158.000000	0.000000	0.000000
349.999025	__gene_G_rbs	110.000000	0.000000	0.000000
349.999025	__gene_H_rbs	69.000000	0.000000	0.000000
349.999025	__gene_J_rbs	221.000000	0.000000	0.000000
349.999025	__gene_K_rbs	238.000000	0.000000	0.000000
349.999025	__ribosome	0.000000	0.000000	0.000000
349.999025	bound_ecolipol	1887.000000	0.000000	0.000000
349.999025	bound_ribosome	100.000000	0.000000	0.000000
349.999025	ecoli_genome	113.000000	0.000000	0.000000
349.999025	ecoli_transcript	26631.000000	0.000000	0.000000
349.999025	ecolipol	39.000000	0.000000	0.000000
349.999025	gene_A	16.000000	20.000000	0.000000
349.999025	gene_A*	17.000000	19.000000	0.000000
349.999025	gene_B	349.000000	247.000000	0.012146
349.999025	gene_C	219.000000	236.000000	0.004237
349.999025	gene_D	184.000000	231.000000	0.004329
349.999025	gene_E	154.000000	227.000000	0.008811
349.999025	gene_F	87.000000	158.000000	0.025316
349.999025	gene_G	23.000000	110.000000	0.181818
349.999025	gene_H	0.000000	69.000000	0.275362
349.999025	gene_J	90.000000	221.000000	0.217195
349.999025	gene_K	261.000000	238.000000	0.008403
349.999025	promoter_A	1.000000	0.000000	0.000000
349.999025	promoter_B1	0.000000	0.000000	0.000000
349.999025	promoter_D	0.000000	0.000000	0.000000
354.999570	__gene_A*_rbs	20.000000	0.000000	0.000000
354.999570	__gene_A_rbs	20.000000	0.000000	0.000000
354.999570	__gene_B_rbs	250.000000	0.000000	0.000000
354.999570	__gene_C_rbs	240.000000	0.000000	0.000000
354.999570	__gene_D_rbs	235.000000	0.000000	0.000000
354.999570	__gene_E_rbs	231.000000	0.000000	0.000000
354.999570	__gene_F_rbs	160.000000	0.000000	0.000000
354.999570	__gene_G_rbs	112.000000	0.000000	0.000000
354.999570	__gene_H_rbs	72.000000	0.000000	0.000000
354.999570	__gene_J_rbs	223.000000	0.000000	0.000000
354.999570	__gene_K_rbs	242.000000	0.000000	0.000000
354.999570	__ribosome	0.000000	0.000000	0.000000
354.999570	bound_ecolipol	1876.000000	0.000000	0.000000
354.999570	bound_ribosome	100.000000	0.000000	0.000000
354.999570	ecoli_genome	124.000000	0.000000	0.000000
354.999570	ecoli_transcript	26990.000000	0.000000	0.000000
354.999570	ecolipol	48.000000	0.000000	0.000000
354.999570	gene_A	16.000000	20.000000	0.000000
354.999570	gene_A*	17.000000	20.000000	0.000000
354.999570	gene_B	350.000000	250.000000	0.008000
354.999570	gene_C	220.000000	240.000000	0.012500
354.999570	gene_D	185.000000	235.000000	0.000000
354.999570	gene_E	155.000000	231.000000	0.004329
354.999570	gene_F	88.000000	160.000000	0.018750
354.999570	gene_G	23.000000	112.000000	0.178571
354.999570	gene_H	0.000000	72.000000	0.263889
354.999570	gene_J	90.000000	224.000000	0.223214
354.999570	gene_K	263.000000	242.000000	0.008264
354.999570	promoter_A	1.000000	0.000000	0.000000
354.999570	promoter_B1	0.000000	0.000000	0.000000
354.999570	promoter_D	0.000000	0.000000	0.000000
359.999083	__gene_A*_rbs	20.000000	0.000000	0.000000
359.999083	__gene_A_rbs	20.000000	0.000000	0.000000
359.999083	__gene_B_rbs	254.000000	0.000000	0.000000
359.999083	__gene_C_rbs	244.000000	0.000000	0.000000
359.999083	__gene_D_rbs	238.000000	0.000000	0.000000
359.999083	__gene_E_rbs	235.000000	0.000000	0.000000
359.999083	__gene_F_rbs	163.000000	0.000000	0.000000
359.999083	__gene_G_rbs	115.000000	0.000000	0.000000
359.999083	__gene_H_rbs	73.000000	0.000000	0.000000
359.999083	__gene_J_rbs	228.000000	0.000000	0.000000
359.999083	__gene_K_rbs	245.000000	0.000000	0.000000
359.999083	__ribosome	0.000000	0.000000	0.000000
359.999083	bound_ecolipol	1891.000000	0.000000	0.000000
359.999083	bound_ribosome	100.000000	0.000000	0.000000
359.999083	ecoli_genome	109.000000	0.000000	0.000000
359.999083	ecoli_transcript	27369.000000	0.000000	0.000000
359.999083	ecolipol	34.000000	0.000000	0.000000
359.999083	gene_A	16.000000	20.000000	0.000000
359.999083	gene_A*	17.000000	20.000000	0.000000
359.999083	gene_B	351.000000	254.000000	0.003937
359.999083	gene_C	221.000000	244.000000	0.016393
359.999083	gene_D	185.000000	238.000000	0.000000
359.999083	gene_E	156.000000	235.000000	0.008511
359.999083	gene_F	89.000000	163.000000	0.018405
359.999083	gene_G	23.000000	115.000000	0.173913
359.999083	gene_H	0.000000	73.000000	0.260274
359.999083	gene_J	91.000000	228.000000	0.219298
359.999083	gene_K	264.000000	246.000000	0.004065
359.999083	promoter_A	1.000000	0.000000	0.000000
359.999083	promoter_B1	0.000000	0.000000	0.000000
359.999083	promoter_D	0.000000	0.000000	0.000000
364.999062	__gene_A*_rbs	20.000000	0.000000	0.000000
364.999062	__gene_A_rbs	20.000000	0.000000	0.000000
364.999062	__gene_B_rbs	257.000000	0.000000	0.000000
364.999062	__gene_C_rbs	247.000000	0.000000	0.000000
364.999062	__gene_D_rbs	242.000000	0.000000	0.000000
364.999062	__gene_E_rbs	238.000000	0.000000	0.000000
364.999062	__gene_F_rbs	166.000000	0.000000	0.000000
364.999062	__gene_G_rbs	117.000000	0.000000	0.000000
364.999062	__gene_H_rbs	75.000000	0.000000	0.000000
364.999062	__gene_J_rbs	232.000000	0.000000	0.000000
364.999062	__gene_K_rbs	249.000000	0.000000	0.000000
364.999062	__ribosome	0.000000	0.000000	0.000000
364.999062	bound_ecolipol	1874.000000	0.000000	0.000000
364.999062	bound_ribosome	100.000000	0.000000	0.000000
364.999062	ecoli_genome	126.000000	0.000000	0.000000
364.999062	ecoli_transcript	27784.000000	0.000000	0.000000
364.999062	ecolipol	50.000000	0.000000	0.000000
364.999062	gene_A	16.000000	20.000000	0.000000
364.999062	gene_A*	17.000000	20.000000	0.000000
364.999062	gene_B	352.000000	257.000000	0.000000
364.999062	gene_C	223.000000	247.000000	0.008097
364.999062	gene_D	185.000000	242.000000	0.008264
364.999062	gene_E	156.000000	238.000000	0.016807
364.999062	gene_F	89.000000	166.000000	0.018072
364.999062	gene_G	23.000000	117.000000	0.170940
364.999062	gene_H	0.000000	75.000000	0.253333
364.999062	gene_J	91.000000	232.000000	0.215517
364.999062	gene_K	265.000000	249.000000	0.000000
364.999062	promoter_A	1.000000	0.000000	0.000000
364.999062	promoter_B1	0.000000	0.000000	0.000000
364.999062	promoter_D	0.000000	0.000000	0.000000
369.999003	__gene_A*_rbs	20.000000	0.000000	0.000000
369.999003	__gene_A_rbs	20.000000	0.000000	0.000000
369.999003	__gene_B_rbs	261.000000	0.000000	0.000000
369.999003	__gene_C_rbs	251.000000	0.000000	0.000000
369.999003	__gene_D_rbs	245.000000	0.000000	0.000000
369.999003	__gene_E_rbs	241.000000	0.000000	0.000000
369.999003	__gene_F_rbs	170.000000	0.000000	0.000000
369.999003	__gene_G_rbs	118.000000	0.000000	0.000000
369.999003	__gene_H_rbs	77.000000	0.000000	0.000000
369.999003	__gene_J_rbs	234.000000	0.000000	0.000000
369.999003	__gene_K_rbs	253.000000	0.000000	0.000000
369.999003	__ribosome	0.000000	0.000000	0.000000
369.999003	bound_ecolipol	1885.000000	0.000000	0.000000
369.999003	bound_ribosome	100.000000	0.000000	0.000000
369.999003	ecoli_genome	115.000000	0.000000	0.000000
369.999003	ecoli_transcript	28185.000000	0.000000	0.000000
369.999003	ecolipol	41.000000	0.000000	0.000000
369.999003	gene_A	16.000000	20.000000	0.000000
369.999003	gene_A*	17.000000	20.000000	0.000000
369.999003	gene_B	352.000000	261.000000	0.003831
369.999003	gene_C	225.000000	251.000000	0.003984
369.999003	gene_D	185.000000	245.000000	0.008163
369.999003	gene_E	158.000000	241.000000	0.012448
369.999003	gene_F	90.000000	170.000000	0.011765
369.999003	gene_G	24.000000	118.000000	0.161017
369.999003	gene_H	0.000000	77.000000	0.246753
369.999003	gene_J	91.000000	235.000000	0.217021
369.999003	gene_K	265.000000	253.000000	0.007905
369.999003	promoter_A	1.000000	0.000000	0.000000
369.999003	promoter_B1	0.000000	0.000000	0.000000
369.999003	promoter_D	0.000000	0.000000	0.000000
374.999527	__gene_A*_rbs	20.000000	0.000000	0.000000
374.999527	__gene_A_rbs	21.000000	0.000000	0.000000
374.999527	__gene_B_rbs	265.000000	0.000000	0.000000
374.999527	__gene_C_rbs	255.000000	0.000000	0.000000
374.999527	__gene_D_rbs	248.000000	0.000000	0.000000
374.999527	__gene_E_rbs	245.000000	0.000000	0.000000
374.999527	__gene_F_rbs	172.000000	0.000000	0.000000
374.999527	__gene_G_rbs	120.000000	0.000000	0.000000
374.999527	__gene_H_rbs	80.000000	0.000000	0.000000
374.999527	__gene_J_rbs	239.000000	0.000000	0.000000
374.999527	__gene_K_rbs	257.000000	0.000000	0.000000
374.999527	__ribosome	0.000000	0.000000	0.000000
374.999527	bound_ecolipol	1878.000000	0.000000	0.000000
374.999527	bound_ribosome	100.000000	0.000000	0.000000
374.999527	ecoli_genome	122.000000	0.000000	0.000000
374.999527	ecoli_transcript	28566.000000	0.000000	0.000000
374.999527	ecolipol	48.000000	0.000000	0.000000
374.999527	gene_A	16.000000	21.000000	0.000000
374.999527	gene_A*	17.000000	20.000000	0.000000
374.999527	gene_B	352.000000	265.000000	0.007547
374.999527	gene_C	225.000000	255.000000	0.007843
374.999527	gene_D	185.000000	249.000000	0.012048
374.999527	gene_E	160.000000	245.000000	0.008163
374.999527	gene_F	90.000000	172.000000	0.011628
374.999527	gene_G	24.000000	120.000000	0.158333
374.999527	gene_H	0.000000	80.000000	0.237500
374.999527	gene_J	91.000000	239.000000	0.213389
374.999527	gene_K	267.000000	257.000000	0.000000
374.999527	promoter_A	1.000000	0.000000	0.000000
374.999527	promoter_B1	0.000000	0.000000	0.000000
374.999527	promoter_D	0.000000	0.000000	0.000000
379.999224	__gene_A*_rbs	20.000000	0.000000	0.000000
379.999224	__gene_A_rbs	21.000000	0.000000	0.000000
379.999224	__gene_B_rbs	268.000000	0.000000	0.000000
379.999224	__gene_C_rbs	257.000000	0.000000	0.000000
379.999224	__gene_D_rbs	252.000000	0.000000	0.000000
379.999224	__gene_E_rbs	249.000000	0.000000	0.000000
379.999224	__gene_F_rbs	174.000000	0.000000	0.000000
379.999224	__gene_G_rbs	121.000000	0.000000	0.000000
379.999224	__gene_H_rbs	82.000000	0.000000	0.000000
379.999224	__gene_J_rbs	243.000000	0.000000	0.000000
379.999224	__gene_K_rbs	260.000000	0.000000	0.000000
379.999224	__ribosome	0.000000	0.000000	0.000000
379.999224	bound_ecolipol	1880.000000	0.000000	0.000000
379.999224	bound_ribosome	100.000000	0.000000	0.000000
379.999224	ecoli_genome	120.000000	0.000000	0.000000
379.999224	ecoli_transcript	28914.000000	0.000000	0.000000
379.999224	ecolipol	45.000000	0.000000	0.000000
379.999224	gene_A	16.000000	21.000000	0.000000
379.999224	gene_A*	17.000000	20.000000	0.050000
379.999224	gene_B	353.000000	268.000000	0.003731
379.999224	gene_C	226.000000	258.000000	0.003876
379.999224	gene_D	187.000000	252.000000	0.003968
379.999224	gene_E	161.000000	249.000000	0.004016
379.999224	gene_F	90.000000	174.000000	0.017241
379.999224	gene_G	24.000000	121.000000	0.157025
379.999224	gene_H	0.000000	82.000000	0.231707
379.999224	gene_J	91.000000	243.000000	0.213992
379.999224	gene_K	267.000000	260.000000	0.007692
379.999224	promoter_A	1.000000	0.000000	0.000000
379.999224	promoter_B1	0.000000	0.000000	0.000000
379.999224	promoter_D	0.000000	0.000000	0.000000
384.999066	__gene_A*_rbs	20.000000	0.000000	0.000000
384.999066	__gene_A_rbs	21.000000	0.000000	0.000000
384.999066	__gene_B_rbs	272.000000	0.000000	0.000000
384.999066	__gene_C_rbs	259.000000	0.000000	0.000000
384.999066	__gene_D_rbs	256.000000	0.000000	0.000000
384.999066	__gene_E_rbs	252.000000	0.000000	0.000000
384.999066	__gene_F_rbs	177.000000	0.000000	0.000000
384.999066	__gene_G_rbs	125.000000	0.000000	0.000000
384.999066	__gene_H_rbs	83.000000	0.000000	0.000000
384.999066	__gene_J_rbs	246.000000	0.000000	0.000000
384.999066	__gene_K_rbs	263.000000	0.000000	0.000000
384.999066	__ribosome	0.000000	0.000000	0.000000
384.999066	bound_ecolipol	1875.000000	0.000000	0.000000
384.999066	bound_ribosome	100.000000	0.000000	0.000000
384.999066	ecoli_genome	125.000000	0.000000	0.000000
384.999066	ecoli_transcript	29303.000000	0.000000	0.000000
384.999066	ecolipol	51.000000	0.000000	0.000000
384.999066	gene_A	16.000000	21.000000	0.000000
384.999066	gene_A*	17.000000	20.000000	0.050000
384.999066	gene_B	354.000000	272.000000	0.003676
384.999066	gene_C	227.000000	262.000000	0.003817
384.999066	gene_D	187.000000	256.000000	0.003906
384.999066	gene_E	162.000000	252.000000	0.000000
384.999066	gene_F	91.000000	177.000000	0.022599
384.999066	gene_G	24.000000	125.000000	0.152000
384.999066	gene_H	0.000000	83.000000	0.228916
384.999066	gene_J	92.000000	246.000000	0.207317
384.999066	gene_K	269.000000	263.000000	0.011407
384.999066	promoter_A	1.000000	0.000000	0.000000
384.999066	promoter_B1	0.000000	0.000000	0.000000
384.999066	promoter_D	0.000000	0.000000	0.000000
389.999468	__gene_A*_rbs	21.000000	0.000000	0.000000
389.999468	__gene_A_rbs	21.000000	0.000000	0.000000
389.999468	__gene_B_rbs	275.000000	0.000000	0.000000
389.999468	__gene_C_rbs	263.000000	0.000000	0.000000
389.999468	__gene_D_rbs	260.000000	0.000000	0.000000
389.999468	__gene_E_rbs	256.000000	0.000000	0.000000
389.999468	__gene_F_rbs	180.000000	0.000000	0.000000
389.999468	__gene_G_rbs	127.000000	0.000000	0.000000
389.999468	__gene_H_rbs	84.000000	0.000000	0.000000
389.999468	__gene_J_rbs	250.000000	0.000000	0.000000
389.999468	__gene_K_rbs	267.000000	0.000000	0.000000
389.999468	__ribosome	0.000000	0.000000	0.000000
389.999468	bound_ecolipol	1883.000000	0.000000	0.000000
389.999468	bound_ribosome	100.000000	0.000000	0.000000
389.999468	ecoli_genome	117.000000	0.000000	0.000000
389.999468	ecoli_transcript	29666.000000	0.000000	0.000000
389.999468	ecolipol	43.000000	0.000000	0.000000
389.999468	gene_A	16.000000	21.000000	0.000000
389.999468	gene_A*	17.000000	21.000000	0.047619
389.999468	gene_B	354.000000	275.000000	0.003636
389.999468	gene_C	227.000000	265.000000	0.003774
389.999468	gene_D	188.000000	260.000000	0.000000
389.999468	gene_E	162.000000	256.000000	0.000000
389.999468	gene_F	91.000000	180.000000	0.027778
389.999468	gene_G	24.000000	127.000000	0.149606
389.999468	gene_H	0.000000	84.000000	0.238095
389.999468	gene_J	92.000000	250.000000	0.204000
389.999468	gene_K	272.000000	267.000000	0.007491
389.999468	promoter_A	1.000000	0.000000	0.000000
389.999468	promoter_B1	0.000000	0.000000	0.000000
389.999468	promoter_D	0.000000	0.000000	0.000000
394.999018	__gene_A*_rbs	21.000000	0.000000	0.000000
394.999018	__gene_A_rbs	21.000000	0.000000	0.000000
394.999018	__gene_B_rbs	279.000000	0.000000	0.000000
394.999018	__gene_C_rbs	268.000000	0.000000	0.000000
394.999018	__gene_D_rbs	262.000000	0.000000	0.000000
394.999018	__gene_E_rbs	260.000000	0.000000	0.000000
394.999018	__gene_F_rbs	183.000000	0.000000	0.000000
394.999018	__gene_G_rbs	128.000000	0.000000	0.000000
394.999018	__gene_H_rbs	85.000000	0.000000	0.000000
394.999018	__gene_J_rbs	253.000000	0.000000	0.000000
394.999018	__gene_K_rbs	271.000000	0.000000	0.000000
394.999018	__ribosome	0.000000	0.000000	0.000000
394.999018	bound_ecolipol	1883.000000	0.000000	0.000000
394.999018	bound_ribosome	100.000000	0.000000	0.000000
394.999018	ecoli_genome	117.000000	0.000000	0.000000
394.999018	ecoli_transcript	30037.000000	0.000000	0.000000
394.999018	ecolipol	44.000000	0.000000	0.000000
394.999018	gene_A	16.000000	21.000000	0.000000
394.999018	gene_A*	17.000000	21.000000	0.047619
394.999018	gene_B	354.000000	279.000000	0.007168
394.999018	gene_C	228.000000	268.000000	0.003731
394.999018	gene_D	188.000000	262.000000	0.000000
394.999018	gene_E	162.000000	260.000000	0.000000
394.999018	gene_F	91.000000	183.000000	0.027322
394.999018	gene_G	24.000000	128.000000	0.148438
394.999018	gene_H	0.000000	85.000000	0.235294
394.999018	gene_J	92.000000	253.000000	0.205534
394.999018	gene_K	274.000000	271.000000	0.000000
394.999018	promoter_A	1.000000	0.000000	0.000000
394.999018	promoter_B1	0.000000	0.000000	0.000000
394.999018	promoter_D	0.000000	0.000000	0.000000
399.999001	__gene_A*_rbs	21.000000	0.000000	0.000000
399.999001	__gene_A_rbs	21.000000	0.000000	0.000000
399.999001	__gene_B_rbs	283.000000	0.000000	0.000000
399.999001	__gene_C_rbs	272.000000	0.000000	0.000000
399.999001	__gene_D_rbs	266.000000	0.000000	0.000000
399.999001	__gene_E_rbs	263.000000	0.000000	0.000000
399.999001	__gene_F_rbs	186.000000	0.000000	0.000000
399.999001	__gene_G_rbs	130.000000	0.000000	0.000000
399.999001	__gene_H_rbs	87.000000	0.000000	0.000000
399.999001	__gene_J_rbs	257.000000	0.000000	0.000000
399.999001	__gene_K_rbs	274.000000	0.000000	0.000000
399.999001	__ribosome	0.000000	0.000000	0.000000
399.999001	bound_ecolipol	1883.000000	0.000000	0.000000
399.999001	bound_ribosome	100.000000	0.000000	0.000000
399.999001	ecoli_genome	117.000000	0.000000	0.000000
399.999001	ecoli_transcript	30399.000000	0.000000	0.000000
399.999001	ecolipol	47.000000	0.000000	0.000000
399.999001	gene_A	16.000000	21.000000	0.000000
399.999001	gene_A*	17.000000	21.000000	0.047619
399.999001	gene_B	355.000000	283.000000	0.003534
399.999001	gene_C	228.000000	272.000000	0.003676
399.999001	gene_D	188.000000	266.000000	0.000000
399.999001	gene_E	162.000000	263.000000	0.003802
399.999001	gene_F	91.000000	186.000000	0.026882
399.999001	gene_G	24.000000	130.000000	0.146154
399.999001	gene_H	0.000000	87.000000	0.229885
399.999001	gene_J	92.000000	257.000000	0.202335
399.999001	gene_K	274.000000	274.000000	0.000000
399.999001	promoter_A	1.000000	0.000000	0.000000
399.999001	promoter_B1	0.000000	0.000000	0.000000
399.999001	promoter_D	0.000000	0.000000	0.000000
404.999014	__gene_A*_rbs	21.000000	0.000000	0.000000
404.999014	__gene_A_rbs	22.000000	0.000000	0.000000
404.999014	__gene_B_rbs	286.000000	0.000000	0.000000
404.999014	__gene_C_rbs	276.000000	0.000000	0.000000
404.999014	__gene_D_rbs	270.000000	0.000000	0.000000
404.999014	__gene_E_rbs	266.000000	0.000000	0.000000
404.999014	__gene_F_rbs	188.000000	0.000000	0.000000
404.999014	__gene_G_rbs	132.000000	0.000000	0.000000
404.999014	__gene_H_rbs	90.000000	0.000000	0.000000
404.999014	__gene_J_rbs	259.000000	0.000000	0.000000
404.999014	__gene_K_rbs	278.000000	0.000000	0.000000
404.999014	__ribosome	1.000000	0.000000	0.000000
404.999014	bound_ecolipol	1887.000000	0.000000	0.000000
404.999014	bound_ribosome	100.000000	0.000000	0.000000
404.999014	ecoli_genome	113.000000	0.000000	0.000000
404.999014	ecoli_transcript	30755.000000	0.000000	0.000000
404.999014	ecolipol	41.000000	0.000000	0.000000
404.999014	gene_A	16.000000	22.000000	0.000000
404.999014	gene_A*	17.000000	21.000000	0.047619
404.999014	gene_B	356.000000	286.000000	0.000000
404.999014	gene_C	229.000000	276.000000	0.000000
404.999014	gene_D	188.000000	270.000000	0.003704
404.999014	gene_E	163.000000	266.000000	0.003759
404.999014	gene_F	92.000000	188.000000	0.021277
404.999014	gene_G	24.000000	132.000000	0.143939
404.999014	gene_H	0.000000	90.000000	0.222222
404.999014	gene_J	92.000000	260.000000	0.203846
404.999014	gene_K	274.000000	278.000000	0.000000
404.999014	promoter_A	1.000000	0.000000	0.000000
404.999014	promoter_B1	0.000000	0.000000	0.000000
404.999014	promoter_D	0.000000	0.000000	0.000000
409.999011	__gene_A*_rbs	21.000000	0.000000	0.000000
409.999011	__gene_A_rbs	23.000000	0.000000	0.000000
409.999011	__gene_B_rbs	289.000000	0.000000	0.000000
409.999011	__gene_C_rbs	279.000000	0.000000	0.000000
409.999011	__gene_D_rbs	274.000000	0.000000	0.000000
409.999011	__gene_E_rbs	270.000000	0.000000	0.000000
409.999011	__gene_F_rbs	190.000000	0.000000	0.000000
409.999011	__gene_G_rbs	136.000000	0.000000	0.000000
409.999011	__gene_H_rbs	91.000000	0.000000	0.000000
409.999011	__gene_J_rbs	262.000000	0.000000	0.000000
409.999011	__gene_K_rbs	282.000000	0.000000	0.000000
409.999011	__ribosome	0.000000	0.000000	0.000000
409.999011	bound_ecolipol	1885.000000	0.000000	0.000000
409.999011	bound_ribosome	100.000000	0.000000	0.000000
409.999011	ecoli_genome	115.000000	0.000000	0.000000
409.999011	ecoli_transcript	31123.000000	0.000000	0.000000
409.999011	ecolipol	42.000000	0.000000	0.000000
409.999011	gene_A	16.000000	23.000000	0.000000
409.999011	gene_A*	17.000000	21.000000	0.047619
409.999011	gene_B	356.000000	289.000000	0.003460
409.999011	gene_C	229.000000	279.000000	0.000000
409.999011	gene_D	188.000000	274.000000	0.003650
409.999011	gene_E	163.000000	270.000000	0.003704
409.999011	gene_F	92.000000	190.000000	0.021053
409.999011	gene_G	24.000000	136.000000	0.139706
409.999011	gene_H	0.000000	91.000000	0.219780
409.999011	gene_J	93.000000	263.000000	0.201521
409.999011	gene_K	274.000000	282.000000	0.000000
409.999011	promoter_A	1.000000	0.000000	0.000000
409.999011	promoter_B1	0.000000	0.000000	0.000000
409.999011	promoter_D	0.000000	0.000000	0.000000
414.999012	__gene_A*_rbs	21.000000	0.000000	0.000000
414.999012	__gene_A_rbs	23.000000	0.000000	0.000000
414.999012	__gene_B_rbs	292.000000	0.000000	0.000000
414.999012	__gene_C_rbs	283.000000	0.000000	0.000000
414.999012	__gene_D_rbs	277.000000	0.000000	0.000000
414.999012	__gene_E_rbs	273.000000	0.000000	0.000000
414.999012	__gene_F_rbs	194.000000	0.000000	0.000000
414.999012	__gene_G_rbs	137.000000	0.000000	0.000000
414.999012	__gene_H_rbs	93.000000	0.000000	0.000000
414.999012	__gene_J_rbs	267.000000	0.000000	0.000000
414.999012	__gene_K_rbs	285.000000	0.000000	0.000000
414.999012	__ribosome	0.000000	0.000000	0.000000
414.999012	bound_ecolipol	1874.000000	0.000000	0.000000
414.999012	bound_ribosome	100.000000	0.000000	0.000000
414.999012	ecoli_genome	126.000000	0.000000	0.000000
414.999012	ecoli_transcript	31454.000000	0.000000	0.000000
414.999012	ecolipol	52.000000	0.000000	0.000000
414.999012	gene_A	16.000000	23.000000	0.000000
414.999012	gene_A*	18.000000	21.000000	0.000000
414.999012	gene_B	356.000000	292.000000	0.006849
414.999012	gene_C	229.000000	283.000000	0.000000
414.999012	gene_D	188.000000	277.000000	0.003610
414.999012	gene_E	164.000000	273.000000	0.000000
414.999012	gene_F	92.000000	194.000000	0.025773
414.999012	gene_G	24.000000	137.000000	0.138686
414.999012	gene_H	0.000000	93.000000	0.215054
414.999012	gene_J	94.000000	267.000000	0.194757
414.999012	gene_K	274.000000	285.000000	0.003509
414.999012	promoter_A	1.000000	0.000000	0.000000
414.999012	promoter_B1	0.000000	0.000000	0.000000
414.999012	promoter_D	0.000000	0.000000	0.000000
419.999063	__gene_A*_rbs	22.000000	0.000000	0.000000
419.999063	__gene_A_rbs	23.000000	0.000000	0.000000
419.999063	__gene_B_rbs	297.000000	0.000000	0.000000
419.999063	__gene_C_rbs	287.000000	0.000000	0.000000
419.999063	__gene_D_rbs	281.000000	0.000000	0.000000
419.999063	__gene_E_rbs	277.000000	0.000000	0.000000
419.999063	__gene_F_rbs	197.000000	0.000000	0.000000
419.999063	__gene_G_rbs	139.000000	0.000000	0.000000
419.999063	__gene_H_rbs	95.000000	0.000000	0.000000
419.999063	__gene_J_rbs	271.000000	0.000000	0.000000
419.999063	__gene_K_rbs	289.000000	0.000000	0.000000
419.999063	__ribosome	0.000000	0.000000	0.000000
419.999063	bound_ecolipol	1885.000000	0.000000	0.000000
419.999063	bound_ribosome	100.000000	0.000000	0.000000
419.999063	ecoli_genome	115.000000	0.000000	0.000000
419.999063	ecoli_transcript	31809.000000	0.000000	0.000000
419.999063	ecolipol	41.000000	0.000000	0.000000
419.999063	gene_A	16.000000	23.000000	0.000000
419.999063	gene_A*	18.000000	22.000000	0.000000
419.999063	gene_B	357.000000	297.000000	0.006734
419.999063	gene_C	229.000000	287.000000	0.000000
419.999063	gene_D	189.000000	281.000000	0.000000
419.999063	gene_E	164.000000	277.000000	0.007220
419.999063	gene_F	92.000000	197.000000	0.025381
419.999063	gene_G	24.000000	139.000000	0.136691
419.999063	gene_H	0.000000	95.000000	0.210526
419.999063	gene_J	94.000000	271.000000	0.191882
419.999063	gene_K	275.000000	289.000000	0.000000
419.999063	promoter_A	1.000000	0.000000	0.000000
419.999063	promoter_B1	0.000000	0.000000	0.000000
419.999063	promoter_D	0.000000	0.000000	0.000000
424.999195	__gene_A*_rbs	23.000000	0.000000	0.000000
424.999195	__gene_A_rbs	23.000000	0.000000	0.000000
424.999195	__gene_B_rbs	300.000000	0.000000	0.000000
424.999195	__gene_C_rbs	291.000000	0.000000	0.000000
424.999195	__gene_D_rbs	285.000000	0.000000	0.000000
424.999195	__gene_E_rbs	281.000000	0.000000	0.000000
424.999195	__gene_F_rbs	199.000000	0.000000	0.000000
424.999195	__gene_G_rbs	141.000000	0.000000	0.000000
424.999195	__gene_H_rbs	97.000000	0.000000	0.000000
424.999195	__gene_J_rbs	274.000000	0.000000	0.000000
424.999195	__gene_K_rbs	292.000000	0.000000	0.000000
424.999195	__ribosome	0.000000	0.000000	0.000000
424.999195	bound_ecolipol	1885.000000	0.000000	0.000000
424.999195	bound_ribosome	100.000000	0.000000	0.000000
424.999195	ecoli_genome	115.000000	0.000000	0.000000
424.999195	ecoli_transcript	32212.000000	0.000000	0.000000
424.999195	ecolipol	39.000000	0.000000	0.000000
424.999195	gene_A	16.000000	23.000000	0.000000
424.999195	gene_A*	18.000000	23.000000	0.000000
424.999195	gene_B	358.000000	300.000000	0.003333
424.999195	gene_C	229.000000	291.000000	0.010309
424.999195	gene_D	189.000000	285.000000	0.000000
424.999195	gene_E	164.000000	281.000000	0.007117
424.999195	gene_F	94.000000	199.000000	0.015075
424.999195	gene_G	24.000000	141.000000	0.134752
424.999195	gene_H	0.000000	97.000000	0.206186
424.999195	gene_J	94.000000	274.000000	0.189781
424.999195	gene_K	275.000000	292.000000	0.000000
424.999195	promoter_A	1.000000	0.000000	0.000000
424.999195	promoter_B1	0.000000	0.000000	0.000000
424.999195	promoter_D	0.000000	0.000000	0.000000
429.999090	__gene_A*_rbs	23.000000	0.000000	0.000000
429.999090	__gene_A_rbs	23.000000	0.000000	0.000000
429.999090	__gene_B_rbs	302.000000	0.000000	0.000000
429.999090	__gene_C_rbs	293.000000	0.000000	0.000000
429.999090	__gene_D_rbs	288.000000	0.000000	0.000000
429.999090	__gene_E_rbs	284.000000	0.000000	0.000000
429.999090	__gene_F_rbs	203.000000	0.000000	0.000000
429.999090	__gene_G_rbs	145.000000	0.000000	0.000000
429.999090	__gene_H_rbs	99.000000	0.000000	0.000000
429.999090	__gene_J_rbs	278.000000	0.000000	0.000000
429.999090	__gene_K_rbs	294.000000	0.000000	0.000000
429.999090	__ribosome	0.000000	0.000000	0.000000
429.999090	bound_ecolipol	1884.000000	0.000000	0.000000
429.999090	bound_ribosome	100.000000	0.000000	0.000000
429.999090	ecoli_genome	116.000000	0.000000	0.000000
429.999090	ecoli_transcript	32574.000000	0.000000	0.000000
429.999090	ecolipol	40.000000	0.000000	0.000000
429.999090	gene_A	16.000000	23.000000	0.000000
429.999090	gene_A*	18.000000	23.000000	0.000000
429.999090	gene_B	359.000000	303.000000	0.003300
429.999090	gene_C	229.000000	293.000000	0.013652
429.999090	gene_D	189.000000	288.000000	0.003472
429.999090	gene_E	166.000000	284.000000	0.000000
429.999090	gene_F	96.000000	203.000000	0.004926
429.999090	gene_G	24.000000	145.000000	0.131034
429.999090	gene_H	0.000000	99.000000	0.202020
429.999090	gene_J	95.000000	278.000000	0.187050
429.999090	gene_K	275.000000	295.000000	0.006780
429.999090	promoter_A	1.000000	0.000000	0.000000
429.999090	promoter_B1	0.000000	0.000000	0.000000
429.999090	promoter_D	0.000000	0.000000	0.000000
434.999039	__gene_A*_rbs	23.000000	0.000000	0.000000
434.999039	__gene_A_rbs	23.000000	0.000000	0.000000
434.999039	__gene_B_rbs	306.000000	0.000000	0.000000
434.999039	__gene_C_rbs	297.000000	0.000000	0.000000
434.999039	__gene_D_rbs	292.000000	0.000000	0.000000
434.999039	__gene_E_rbs	288.000000	0.000000	0.000000
434.999039	__gene_F_rbs	204.000000	0.000000	0.000000
434.999039	__gene_G_rbs	147.000000	0.000000	0.000000
434.999039	__gene_H_rbs	99.000000	0.000000	0.000000
434.999039	__gene_J_rbs	282.000000	0.000000	0.000000
434.999039	__gene_K_rbs	299.000000	0.000000	0.000000
434.999039	__ribosome	0.000000	0.000000	0.000000
434.999039	bound_ecolipol	1881.000000	0.000000	0.000000
434.999039	bound_ribosome	100.000000	0.000000	0.000000
434.999039	ecoli_genome	119.000000	0.000000	0.000000
434.999039	ecoli_transcript	32932.000000	0.000000	0.000000
434.999039	ecolipol	48.000000	0.000000	0.000000
434.999039	gene_A	16.000000	23.000000	0.000000
434.999039	gene_A*	18.000000	23.000000	0.000000
434.999039	gene_B	359.000000	306.000000	0.003268
434.999039	gene_C	232.000000	297.000000	0.003367
434.999039	gene_D	189.000000	292.000000	0.003425
434.999039	gene_E	166.000000	288.000000	0.000000
434.999039	gene_F	96.000000	204.000000	0.009804
434.999039	gene_G	24.000000	147.000000	0.136054
434.999039	gene_H	0.000000	99.000000	0.202020
434.999039	gene_J	95.000000	282.000000	0.187943
434.999039	gene_K	276.000000	299.000000	0.006689
434.999039	promoter_A	1.000000	0.000000	0.000000
434.999039	promoter_B1	0.000000	0.000000	0.000000
434.999039	promoter_D	0.000000	0.000000	0.000000
439.999142	__gene_A*_rbs	23.000000	0.000000	0.000000
439.999142	__gene_A_rbs	23.000000	0.000000	0.000000
439.999142	__gene_B_rbs	310.000000	0.000000	0.000000
439.999142	__gene_C_rbs	301.000000	0.000000	0.000000
439.999142	__gene_D_rbs	294.000000	0.000000	0.000000
439.999142	__gene_E_rbs	291.000000	0.000000	0.000000
439.999142	__gene_F_rbs	207.000000	0.000000	0.000000
439.999142	__gene_G_rbs	149.000000	0.000000	0.000000
439.999142	__gene_H_rbs	101.000000	0.000000	0.000000
439.999142	__gene_J_rbs	285.000000	0.000000	0.000000
439.999142	__gene_K_rbs	303.000000	0.000000	0.000000
439.999142	__ribosome	0.000000	0.000000	0.000000
439.999142	bound_ecolipol	1883.000000	0.000000	0.000000
439.999142	bound_ribosome	100.000000	0.000000	0.000000
439.999142	ecoli_genome	117.000000	0.000000	0.000000
439.999142	ecoli_transcript	33289.000000	0.000000	0.000000
439.999142	ecolipol	48.000000	0.000000	0.000000
439.999142	gene_A	16.000000	23.000000	0.000000
439.999142	gene_A*	18.000000	23.000000	0.000000
439.999142	gene_B	359.000000	310.000000	0.006452
439.999142	gene_C	233.000000	301.000000	0.000000
439.999142	gene_D	189.000000	294.000000	0.003401
439.999142	gene_E	166.000000	291.000000	0.003436
439.999142	gene_F	96.000000	207.000000	0.009662
439.999142	gene_G	24.000000	149.000000	0.134228
439.999142	gene_H	0.000000	101.000000	0.198020
439.999142	gene_J	95.000000	285.000000	0.189474
439.999142	gene_K	278.000000	303.000000	0.000000
439.999142	promoter_A	1.000000	0.000000	0.000000
439.999142	promoter_B1	0.000000	0.000000	0.000000
439.999142	promoter_D	0.000000	0.000000	0.000000
444.999027	__gene_A*_rbs	23.000000	0.000000	0.000000
444.999027	__gene_A_rbs	23.000000	0.000000	0.000000
444.999027	__gene_B_rbs	312.000000	0.000000	0.000000
444.999027	__gene_C_rbs	305.000000	0.000000	0.000000
444.999027	__gene_D_rbs	298.000000	0.000000	0.000000
444.999027	__gene_E_rbs	294.000000	0.000000	0.000000
444.999027	__gene_F_rbs	209.000000	0.000000	0.000000
444.999027	__gene_G_rbs	150.000000	0.000000	0.000000
444.999027	__gene_H_rbs	101.000000	0.000000	0.000000
444.999027	__gene_J_rbs	289.000000	0.000000	0.000000
444.999027	__gene_K_rbs	306.000000	0.000000	0.000000
444.999027	__ribosome	0.000000	0.000000	0.000000
444.999027	bound_ecolipol	1891.000000	0.000000	0.000000
444.999027	bound_ribosome	100.000000	0.000000	0.000000
444.999027	ecoli_genome	109.000000	0.000000	0.000000
444.999027	ecoli_transcript	33655.000000	0.000000	0.000000
444.999027	ecolipol	42.000000	0.000000	0.000000
444.999027	gene_A	16.000000	23.000000	0.000000
444.999027	gene_A*	18.000000	23.000000	0.000000
444.999027	gene_B	360.000000	313.000000	0.009585
444.999027	gene_C	233.000000	305.000000	0.003279
444.999027	gene_D	190.000000	298.000000	0.000000
444.999027	gene_E	167.000000	294.000000	0.000000
444.999027	gene_F	96.000000	209.000000	0.009569
444.999027	gene_G	24.000000	150.000000	0.140000
444.999027	gene_H	0.000000	101.000000	0.198020
444.999027	gene_J	96.000000	289.000000	0.183391
444.999027	gene_K	278.000000	306.000000	0.000000
444.999027	promoter_A	1.000000	0.000000	0.000000
444.999027	promoter_B1	0.000000	0.000000	0.000000
444.999027	promoter_D	0.000000	0.000000	0.000000
449.999108	__gene_A*_rbs	23.000000	0.000000	0.000000
449.999108	__gene_A_rbs	23.000000	0.000000	0.000000
449.999108	__gene_B_rbs	317.000000	0.000000	0.000000
449.999108	__gene_C_rbs	308.000000	0.000000	0.000000
449.999108	__gene_D_rbs	302.000000	0.000000	0.000000
449.999108	__gene_E_rbs	298.000000	0.000000	0.000000
449.999108	__gene_F_rbs	211.000000	0.000000	0.000000
449.999108	__gene_G_rbs	151.000000	0.000000	0.000000
449.999108	__gene_H_rbs	104.000000	0.000000	0.000000
449.999108	__gene_J_rbs	293.000000	0.000000	0.000000
449.999108	__gene_K_rbs	308.000000	0.000000	0.000000
449.999108	__ribosome	0.000000	0.000000	0.000000
449.999108	bound_ecolipol	1892.000000	0.000000	0.000000
449.999108	bound_ribosome	100.000000	0.000000	0.000000
449.999108	ecoli_genome	108.000000	0.000000	0.000000
449.999108	ecoli_transcript	34043.000000	0.000000	0.000000
449.999108	ecolipol	40.000000	0.000000	0.000000
449.999108	gene_A	16.000000	23.000000	0.000000
449.999108	gene_A*	18.000000	23.000000	0.000000
449.999108	gene_B	360.000000	317.000000	0.012618
449.999108	gene_C	233.000000	308.000000	0.003247
449.999108	gene_D	190.000000	302.000000	0.000000
449.999108	gene_E	167.000000	298.000000	0.000000
449.999108	gene_F	96.000000	211.000000	0.009479
449.999108	gene_G	25.000000	151.000000	0.132450
449.999108	gene_H	0.000000	104.000000	0.192308
449.999108	gene_J	96.000000	293.000000	0.180887
449.999108	gene_K	278.000000	309.000000	0.000000
449.999108	promoter_A	1.000000	0.000000	0.000000
449.999108	promoter_B1	0.000000	0.000000	0.000000
449.999108	promoter_D	0.000000	0.000000	0.000000
454.999037	__gene_A*_rbs	23.000000	0.000000	0.000000
454.999037	__gene_A_rbs	23.000000	0.000000	0.000000
454.999037	__gene_B_rbs	320.000000	0.000000	0.000000
454.999037	__gene_C_rbs	310.000000	0.000000	0.000000
454.999037	__gene_D_rbs	306.000000	0.000000	0.000000
454.999037	__gene_E_rbs	301.000000	0.000000	0.000000
454.999037	__gene_F_rbs	213.000000	0.000000	0.000000
454.999037	__gene_G_rbs	155.000000	0.000000	0.000000
454.999037	__gene_H_rbs	106.000000	0.000000	0.000000
454.999037	__gene_J_rbs	295.000000	0.000000	0.000000
454.999037	__gene_K_rbs	311.000000	0.000000	0.000000
454.999037	__ribosome	0.000000	0.000000	0.000000
454.999037	bound_ecolipol	1887.000000	0.000000	0.000000
454.999037	bound_ribosome	100.000000	0.000000	0.000000
454.999037	ecoli_genome	113.000000	0.000000	0.000000
454.999037	ecoli_transcript	34445.000000	0.000000	0.000000
454.999037	ecolipol	45.000000	0.000000	0.000000
454.999037	gene_A	16.000000	23.000000	0.000000
454.999037	gene_A*	18.000000	23.000000	0.000000
454.999037	gene_B	361.000000	320.000000	0.012500
454.999037	gene_C	234.000000	310.000000	0.000000
454.999037	gene_D	190.000000	306.000000	0.000000
454.999037	gene_E	167.000000	301.000000	0.000000
454.999037	gene_F	96.000000	213.000000	0.009390
454.999037	gene_G	25.000000	155.000000	0.129032
454.999037	gene_H	0.000000	106.000000	0.188679
454.999037	gene_J	97.000000	295.000000	0.183051
454.999037	gene_K	278.000000	312.000000	0.000000
454.999037	promoter_A	1.000000	0.000000	0.000000
454.999037	promoter_B1	0.000000	0.000000	0.000000
454.999037	promoter_D	0.000000	0.000000	0.000000
459.999363	__gene_A*_rbs	23.000000	0.000000	0.000000
459.999363	__gene_A_rbs	23.000000	0.000000	0.000000
459.999363	__gene_B_rbs	324.000000	0.000000	0.000000
459.999363	__gene_C_rbs	313.000000	0.000000	0.000000
459.999363	__gene_D_rbs	309.000000	0.000000	0.000000
459.999363	__gene_E_rbs	305.000000	0.000000	0.000000
459.999363	__gene_F_rbs	215.000000	0.000000	0.000000
459.999363	__gene_G_rbs	158.000000	0.000000	0.000000
459.999363	__gene_H_rbs	106.000000	0.000000	0.000000
459.999363	__gene_J_rbs	299.000000	0.000000	0.000000
459.999363	__gene_K_rbs	315.000000	0.000000	0.000000
459.999363	__ribosome	0.000000	0.000000	0.000000
459.999363	bound_ecolipol	1894.000000	0.000000	0.000000
459.999363	bound_ribosome	100.000000	0.000000	0.000000
459.999363	ecoli_genome	106.000000	0.000000	0.000000
459.999363	ecoli_transcript	34814.000000	0.000000	0.000000
459.999363	ecolipol	36.000000	0.000000	0.000000
459.999363	gene_A	16.000000	23.000000	0.000000
459.999363	gene_A*	18.000000	23.000000	0.000000
459.999363	gene_B	363.000000	324.000000	0.009259
459.999363	gene_C	234.000000	314.000000	0.000000
459.999363	gene_D	190.000000	309.000000	0.003236
459.999363	gene_E	167.000000	305.000000	0.000000
459.999363	gene_F	97.000000	215.000000	0.004651
459.999363	gene_G	25.000000	158.000000	0.126582
459.999363	gene_H	0.000000	106.000000	0.188679
459.999363	gene_J	97.000000	299.000000	0.180602
459.999363	gene_K	278.000000	316.000000	0.003165
459.999363	promoter_A	1.000000	0.000000	0.000000
459.999363	promoter_B1	0.000000	0.000000	0.000000
459.999363	promoter_D	0.000000	0.000000	0.000000
464.999068	__gene_A*_rbs	23.000000	0.000000	0.000000
464.999068	__gene_A_rbs	23.000000	0.000000	0.000000
464.999068	__gene_B_rbs	328.000000	0.000000	0.000000
464.999068	__gene_C_rbs	318.000000	0.000000	0.000000
464.999068	__gene_D_rbs	312.000000	0.000000	0.000000
464.999068	__gene_E_rbs	309.000000	0.000000	0.000000
464.999068	__gene_F_rbs	218.000000	0.000000	0.000000
464.999068	__gene_G_rbs	161.000000	0.000000	0.000000
464.999068	__gene_H_rbs	108.000000	0.000000	0.000000
464.999068	__gene_J_rbs	302.000000	0.000000	0.000000
464.999068	__gene_K_rbs	320.000000	0.000000	0.000000
464.999068	__ribosome	0.000000	0.000000	0.000000
464.999068	bound_ecolipol	1886.000000	0.000000	0.000000
464.999068	bound_ribosome	100.000000	0.000000	0.000000
464.999068	ecoli_genome	114.000000	0.000000	0.000000
464.999068	ecoli_transcript	35193.000000	0.000000	0.000000
464.999068	ecolipol	44.000000	0.000000	0.000000
464.999068	gene_A	16.000000	23.000000	0.000000
464.999068	gene_A*	18.000000	23.000000	0.000000
464.999068	gene_B	364.000000	328.000000	0.006098
464.999068	gene_C	234.000000	318.000000	0.003145
464.999068	gene_D	190.000000	312.000000	0.006410
464.999068	gene_E	167.000000	309.000000	0.000000
464.999068	gene_F	97.000000	218.000000	0.004587
464.999068	gene_G	25.000000	161.000000	0.124224
464.999068	gene_H	0.000000	108.000000	0.185185
464.999068	gene_J	97.000000	302.000000	0.178808
464.999068	gene_K	279.000000	320.000000	0.000000
464.999068	promoter_A	1.000000	0.000000	0.000000
464.999068	promoter_B1	0.000000	0.000000	0.000000
464.999068	promoter_D	0.000000	0.000000	0.000000
469.999121	__gene_A*_rbs	23.000000	0.000000	0.000000
469.999121	__gene_A_rbs	23.000000	0.000000	0.000000
469.999121	__gene_B_rbs	332.000000	0.000000	0.000000
469.999121	__gene_C_rbs	320.000000	0.000000	0.000000
469.999121	__gene_D_rbs	315.000000	0.000000	0.000000
469.999121	__gene_E_rbs	311.000000	0.000000	0.000000
469.999121	__gene_F_rbs	221.000000	0.000000	0.000000
469.999121	__gene_G_rbs	164.000000	0.000000	0.000000
469.999121	__gene_H_rbs	111.000000	0.000000	0.000000
469.999121	__gene_J_rbs	306.000000	0.000000	0.000000
469.999121	__gene_K_rbs	323.000000	0.000000	0.000000
469.999121	__ribosome	0.000000	0.000000	0.000000
469.999121	bound_ecolipol	1886.000000	0.000000	0.000000
469.999121	bound_ribosome	100.000000	0.000000	0.000000
469.999121	ecoli_genome	114.000000	0.000000	0.000000
469.999121	ecoli_transcript	35574.000000	0.000000	0.000000
469.999121	ecolipol	41.000000	0.000000	0.000000
469.999121	gene_A	16.000000	23.000000	0.000000
469.999121	gene_A*	18.000000	23.000000	0.000000
469.999121	gene_B	366.000000	332.000000	0.000000
469.999121	gene_C	235.000000	321.000000	0.000000
469.999121	gene_D	190.000000	315.000000	0.006349
469.999121	gene_E	167.000000	312.000000	0.003205
469.999121	gene_F	97.000000	221.000000	0.004525
469.999121	gene_G	25.000000	164.000000	0.121951
469.999121	gene_H	0.000000	111.000000	0.180180
469.999121	gene_J	97.000000	306.000000	0.176471
469.999121	gene_K	279.000000	323.000000	0.006192
469.999121	promoter_A	1.000000	0.000000	0.000000
469.999121	promoter_B1	0.000000	0.000000	0.000000
469.999121	promoter_D	0.000000	0.000000	0.000000
474.999193	__gene_A*_rbs	23.000000	0.000000	0.000000
474.999193	__gene_A_rbs	24.000000	0.000000	0.000000
474.999193	__gene_B_rbs	335.000000	0.000000	0.000000
474.999193	__gene_C_rbs	325.000000	0.000000	0.000000
474.999193	__gene_D_rbs	319.000000	0.000000	0.000000
474.999193	__gene_E_rbs	315.000000	0.000000	0.000000
474.999193	__gene_F_rbs	223.000000	0.000000	0.000000
474.999193	__gene_G_rbs	166.000000	0.000000	0.000000
474.999193	__gene_H_rbs	112.000000	0.000000	0.000000
474.999193	__gene_J_rbs	310.000000	0.000000	0.000000
474.999193	__gene_K_rbs	327.000000	0.000000	0.000000
474.999193	__ribosome	0.000000	0.000000	0.000000
474.999193	bound_ecolipol	1885.000000	0.000000	0.000000
474.999193	bound_ribosome	100.000000	0.000000	0.000000
474.999193	ecoli_genome	115.000000	0.000000	0.000000
474.999193	ecoli_transcript	35938.000000	0.000000	0.000000
474.999193	ecolipol	43.000000	0.000000	0.000000
474.999193	gene_A	16.000000	24.000000	0.000000
474.999193	gene_A*	18.000000	23.000000	0.000000
474.999193	gene_B	366.000000	335.000000	0.002985
474.999193	gene_C	235.000000	325.000000	0.003077
474.999193	gene_D	191.000000	319.000000	0.006270
474.999193	gene_E	167.000000	315.000000	0.003175
474.999193	gene_F	98.000000	223.000000	0.000000
474.999193	gene_G	25.000000	166.000000	0.120482
474.999193	gene_H	0.000000	112.000000	0.178571
474.999193	gene_J	97.000000	310.000000	0.177419
474.999193	gene_K	281.000000	327.000000	0.000000
474.999193	promoter_A	1.000000	0.000000	0.000000
474.999193	promoter_B1	0.000000	0.000000	0.000000
474.999193	promoter_D	0.000000	0.000000	0.000000
479.999315	__gene_A*_rbs	23.000000	0.000000	0.000000
479.999315	__gene_A_rbs	24.000000	0.000000	0.000000
479.999315	__gene_B_rbs	339.000000	0.000000	0.000000
479.999315	__gene_C_rbs	329.000000	0.000000	0.000000
479.999315	__gene_D_rbs	323.000000	0.000000	0.000000
479.999315	__gene_E_rbs	319.000000	0.000000	0.000000
479.999315	__gene_F_rbs	225.000000	0.000000	0.000000
479.999315	__gene_G_rbs	168.000000	0.000000	0.000000
479.999315	__gene_H_rbs	114.000000	0.000000	0.000000
479.999315	__gene_J_rbs	313.000000	0.000000	0.000000
479.999315	__gene_K_rbs	331.000000	0.000000	0.000000
479.999315	__ribosome	0.000000	0.000000	0.000000
479.999315	bound_ecolipol	1892.000000	0.000000	0.000000
479.999315	bound_ribosome	100.000000	0.000000	0.000000
479.999315	ecoli_genome	108.000000	0.000000	0.000000
479.999315	ecoli_transcript	36301.000000	0.000000	0.000000
479.999315	ecolipol	37.000000	0.000000	0.000000
479.999315	gene_A	16.000000	24.000000	0.000000
479.999315	gene_A*	18.000000	23.000000	0.000000
479.999315	gene_B	366.000000	339.000000	0.002950
479.999315	gene_C	235.000000	329.000000	0.006079
479.999315	gene_D	192.000000	323.000000	0.006192
479.999315	gene_E	168.000000	319.000000	0.000000
479.999315	gene_F	98.000000	225.000000	0.000000
479.999315	gene_G	25.000000	168.000000	0.119048
479.999315	gene_H	0.000000	114.000000	0.175439
479.999315	gene_J	97.000000	313.000000	0.175719
479.999315	gene_K	281.000000	331.000000	0.000000
479.999315	promoter_A	1.000000	0.000000	0.000000
479.999315	promoter_B1	0.000000	0.000000	0.000000
479.999315	promoter_D	0.000000	0.000000	0.000000
484.999023	__gene_A*_rbs	23.000000	0.000000	0.000000
484.999023	__gene_A_rbs	24.000000	0.000000	0.000000
484.999023	__gene_B_rbs	343.000000	0.000000	0.000000
484.999023	__gene_C_rbs	332.000000	0.000000	0.000000
484.999023	__gene_D_rbs	325.000000	0.000000	0.000000
484.999023	__gene_E_rbs	322.000000	0.000000	0.000000
484.999023	__gene_F_rbs	228.000000	0.000000	0.000000
484.999023	__gene_G_rbs	170.000000	0.000000	0.000000
484.999023	__gene_H_rbs	116.000000	0.000000	0.000000
484.999023	__gene_J_rbs	316.000000	0.000000	0.000000
484.999023	__gene_K_rbs	334.000000	0.000000	0.000000
484.999023	__ribosome	0.000000	0.000000	0.000000
484.999023	bound_ecolipol	1883.000000	0.000000	0.000000
484.999023	bound_ribosome	100.000000	0.000000	0.000000
484.999023	ecoli_genome	117.000000	0.000000	0.000000
484.999023	ecoli_transcript	36660.000000	0.000000	0.000000
484.999023	ecolipol	45.000000	0.000000	0.000000
484.999023	gene_A	16.000000	24.000000	0.000000
484.999023	gene_A*	18.000000	23.000000	0.000000
484.999023	gene_B	367.000000	343.000000	0.000000
484.999023	gene_C	236.000000	332.000000	0.006024
484.999023	gene_D	192.000000	326.000000	0.006135
484.999023	gene_E	168.000000	323.000000	0.000000
484.999023	gene_F	98.000000	228.000000	0.000000
484.999023	gene_G	25.000000	170.000000	0.117647
484.999023	gene_H	0.000000	117.000000	0.179487
484.999023	gene_J	97.000000	316.000000	0.174051
484.999023	gene_K	281.000000	334.000000	0.000000
484.999023	promoter_A	1.000000	0.000000	0.000000
484.999023	promoter_B1	0.000000	0.000000	0.000000
484.999023	promoter_D	0.000000	0.000000	0.000000
489.999032	__gene_A*_rbs	24.000000	0.000000	0.000000
489.999032	__gene_A_rbs	24.000000	0.000000	0.000000
489.999032	__gene_B_rbs	347.000000	0.000000	0.000000
489.999032	__gene_C_rbs	336.000000	0.000000	0.000000
489.999032	__gene_D_rbs	330.000000	0.000000	0.000000
489.999032	__gene_E_rbs	326.000000	0.000000	0.000000
489.999032	__gene_F_rbs	231.000000	0.000000	0.000000
489.999032	__gene_G_rbs	172.000000	0.000000	0.000000
489.999032	__gene_H_rbs	119.000000	0.000000	0.000000
489.999032	__gene_J_rbs	320.000000	0.000000	0.000000
489.999032	__gene_K_rbs	338.000000	0.000000	0.000000
489.999032	__ribosome	0.000000	0.000000	0.000000
489.999032	bound_ecolipol	1885.000000	0.000000	0.000000
489.999032	bound_ribosome	100.000000	0.000000	0.000000
489.999032	ecoli_genome	115.000000	0.000000	0.000000
489.999032	ecoli_transcript	37026.000000	0.000000	0.000000
489.999032	ecolipol	43.000000	0.000000	0.000000
489.999032	gene_A	16.000000	24.000000	0.000000
489.999032	gene_A*	18.000000	24.000000	0.000000
489.999032	gene_B	367.000000	347.000000	0.000000
489.999032	gene_C	237.000000	336.000000	0.002976
489.999032	gene_D	192.000000	330.000000	0.009091
489.999032	gene_E	168.000000	326.000000	0.000000
489.999032	gene_F	98.000000	231.000000	0.000000
489.999032	gene_G	25.000000	172.000000	0.116279
489.999032	gene_H	0.000000	119.000000	0.176471
489.999032	gene_J	97.000000	320.000000	0.171875
489.999032	gene_K	281.000000	338.000000	0.000000
489.999032	promoter_A	1.000000	0.000000	0.000000
489.999032	promoter_B1	0.000000	0.000000	0.000000
489.999032	promoter_D	0.000000	0.000000	0.000000
494.999333	__gene_A*_rbs	24.000000	0.000000	0.000000
494.999333	__gene_A_rbs	24.000000	0.000000	0.000000
494.999333	__gene_B_rbs	350.000000	0.000000	0.000000
494.999333	__gene_C_rbs	340.000000	0.000000	0.000000
494.999333	__gene_D_rbs	334.000000	0.000000	0.000000
494.999333	__gene_E_rbs	329.000000	0.000000	0.000000
494.999333	__gene_F_rbs	233.000000	0.000000	0.000000
494.999333	__gene_G_rbs	173.000000	0.000000	0.000000
494.999333	__gene_H_rbs	120.000000	0.000000	0.000000
494.999333	__gene_J_rbs	323.000000	0.000000	0.000000
494.999333	__gene_K_rbs	342.000000	0.000000	0.000000
494.999333	__ribosome	0.000000	0.000000	0.000000
494.999333	bound_ecolipol	1886.000000	0.000000	0.000000
494.999333	bound_ribosome	100.000000	0.000000	0.000000
494.999333	ecoli_genome	114.000000	0.000000	0.000000
494.999333	ecoli_transcript	37401.000000	0.000000	0.000000
494.999333	ecolipol	41.000000	0.000000	0.000000
494.999333	gene_A	16.000000	24.000000	0.000000
494.999333	gene_A*	18.000000	24.000000	0.000000
494.999333	gene_B	367.000000	350.000000	0.000000
494.999333	gene_C	238.000000	340.000000	0.005882
494.999333	gene_D	194.000000	334.000000	0.002994
494.999333	gene_E	168.000000	329.000000	0.000000
494.999333	gene_F	98.000000	233.000000	0.004292
494.999333	gene_G	25.000000	173.000000	0.115607
494.999333	gene_H	0.000000	120.000000	0.175000
494.999333	gene_J	97.000000	323.000000	0.170279
494.999333	gene_K	281.000000	342.000000	0.000000
494.999333	promoter_A	1.000000	0.000000	0.000000
494.999333	promoter_B1	0.000000	0.000000	0.000000
494.999333	promoter_D	0.000000	0.000000	0.000000
499.999232	__gene_A*_rbs	24.000000	0.000000	0.000000
499.999232	__gene_A_rbs	25.000000	0.000000	0.000000
499.999232	__gene_B_rbs	354.000000	0.000000	0.000000
499.999232	__gene_C_rbs	344.000000	0.000000	0.000000
499.999232	__gene_D_rbs	337.000000	0.000000	0.000000
499.999232	__gene_E_rbs	333.000000	0.000000	0.000000
499.999232	__gene_F_rbs	236.000000	0.000000	0.000000
499.999232	__gene_G_rbs	174.000000	0.000000	0.000000
499.999232	__gene_H_rbs	122.000000	0.000000	0.000000
499.999232	__gene_J_rbs	327.000000	0.000000	0.000000
499.999232	__gene_K_rbs	345.000000	0.000000	0.000000
499.999232	__ribosome	0.000000	0.000000	0.000000
499.999232	bound_ecolipol	1880.000000	0.000000	0.000000
499.999232	bound_ribosome	100.000000	0.000000	0.000000
499.999232	ecoli_genome	120.000000	0.000000	0.000000
499.999232	ecoli_transcript	37807.000000	0.000000	0.000000
499.999232	ecolipol	49.000000	0.000000	0.000000
499.999232	gene_A	16.000000	25.000000	0.000000
499.999232	gene_A*	18.000000	24.000000	0.000000
499.999232	gene_B	367.000000	354.000000	0.000000
499.999232	gene_C	238.000000	344.000000	0.005814
499.999232	gene_D	194.000000	338.000000	0.002959
499.999232	gene_E	168.000000	333.000000	0.000000
499.999232	gene_F	98.000000	236.000000	0.004237
499.999232	gene_G	25.000000	174.000000	0.114943
499.999232	gene_H	0.000000	122.000000	0.172131
499.999232	gene_J	97.000000	327.000000	0.168196
499.999232	gene_K	281.000000	345.000000	0.000000
499.999232	promoter_A	1.000000	0.000000	0.000000
499.999232	promoter_B1	0.000000	0.000000	0.000000
499.999232	promoter_D	0.000000	0.000000	0.000000
504.999033	__gene_A*_rbs	24.000000	0.000000	0.000000
504.999033	__gene_A_rbs	25.000000	0.000000	0.000000
504.999033	__gene_B_rbs	358.000000	0.000000	0.000000
504.999033	__gene_C_rbs	347.000000	0.000000	0.000000
504.999033	__gene_D_rbs	342.000000	0.000000	0.000000
504.999033	__gene_E_rbs	337.000000	0.000000	0.000000
504.999033	__gene_F_rbs	239.000000	0.000000	0.000000
504.999033	__gene_G_rbs	177.000000	0.000000	0.000000
504.999033	__gene_H_rbs	123.000000	0.000000	0.000000
504.999033	__gene_J_rbs	330.000000	0.000000	0.000000
504.999033	__gene_K_rbs	349.000000	0.000000	0.000000
504.999033	__ribosome	0.000000	0.000000	0.000000
504.999033	bound_ecolipol	1881.000000	0.000000	0.000000
504.999033	bound_ribosome	100.000000	0.000000	0.000000
504.999033	ecoli_genome	119.000000	0.000000	0.000000
504.999033	ecoli_transcript	38223.000000	0.000000	0.000000
504.999033	ecolipol	47.000000	0.000000	0.000000
504.999033	gene_A	16.000000	25.000000	0.000000
504.999033	gene_A*	18.000000	24.000000	0.000000
504.999033	gene_B	367.000000	358.000000	0.002793
504.999033	gene_C	240.000000	347.000000	0.000000
504.999033	gene_D	195.000000	342.000000	0.000000
504.999033	gene_E	168.000000	337.000000	0.000000
504.999033	gene_F	98.000000	239.000000	0.008368
504.999033	gene_G	25.000000	177.000000	0.118644
504.999033	gene_H	0.000000	123.000000	0.170732
504.999033	gene_J	97.000000	330.000000	0.166667
504.999033	gene_K	281.000000	349.000000	0.000000
504.999033	promoter_A	1.000000	0.000000	0.000000
504.999033	promoter_B1	0.000000	0.000000	0.000000
504.999033	promoter_D	0.000000	0.000000	0.000000
509.999237	__gene_A*_rbs	24.000000	0.000000	0.000000
509.999237	__gene_A_rbs	25.000000	0.000000	0.000000
509.999237	__gene_B_rbs	361.000000	0.000000	0.000000
509.999237	__gene_C_rbs	351.000000	0.000000	0.000000
509.999237	__gene_D_rbs	345.000000	0.000000	0.000000
509.999237	__gene_E_rbs	340.000000	0.000000	0.000000
509.999237	__gene_F_rbs	240.000000	0.000000	0.000000
509.999237	__gene_G_rbs	179.000000	0.000000	0.000000
509.999237	__gene_H_rbs	125.000000	0.000000	0.000000
509.999237	__gene_J_rbs	334.000000	0.000000	0.000000
509.999237	__gene_K_rbs	353.000000	0.000000	0.000000
509.999237	__ribosome	0.000000	0.000000	0.000000
509.999237	bound_ecolipol	1880.000000	0.000000	0.000000
509.999237	bound_ribosome	100.000000	0.000000	0.000000
509.999237	ecoli_genome	120.000000	0.000000	0.000000
509.999237	ecoli_transcript	38584.000000	0.000000	0.000000
509.999237	ecolipol	47.000000	0.000000	0.000000
509.999237	gene_A	16.000000	25.000000	0.000000
509.999237	gene_A*	18.000000	24.000000	0.000000
509.999237	gene_B	367.000000	361.000000	0.002770
509.999237	gene_C	240.000000	351.000000	0.000000
509.999237	gene_D	195.000000	345.000000	0.000000
509.999237	gene_E	168.000000	340.000000	0.000000
509.999237	gene_F	98.000000	240.000000	0.008333
509.999237	gene_G	25.000000	179.000000	0.117318
509.999237	gene_H	0.000000	125.000000	0.168000
509.999237	gene_J	97.000000	334.000000	0.164671
509.999237	gene_K	281.000000	353.000000	0.000000
509.999237	promoter_A	1.000000	0.000000	0.000000
509.999237	promoter_B1	0.000000	0.000000	0.000000
509.999237	promoter_D	0.000000	0.000000	0.000000
514.999080	__gene_A*_rbs	25.000000	0.000000	0.000000
514.999080	__gene_A_rbs	25.000000	0.000000	0.000000
514.999080	__gene_B_rbs	365.000000	0.000000	0.000000
514.999080	__gene_C_rbs	355.000000	0.000000	0.000000
514.999080	__gene_D_rbs	348.000000	0.000000	0.000000
514.999080	__gene_E_rbs	344.000000	0.000000	0.000000
514.999080	__gene_F_rbs	244.000000	0.000000	0.000000
514.999080	__gene_G_rbs	181.000000	0.000000	0.000000
514.999080	__gene_H_rbs	125.000000	0.000000	0.000000
514.999080	__gene_J_rbs	337.000000	0.000000	0.000000
514.999080	__gene_K_rbs	356.000000	0.000000	0.000000
514.999080	__ribosome	0.000000	0.000000	0.000000
514.999080	bound_ecolipol	1883.000000	0.000000	0.000000
514.999080	bound_ribosome	100.000000	0.000000	0.000000
514.999080	ecoli_genome	117.000000	0.000000	0.000000
514.999080	ecoli_transcript	38956.000000	0.000000	0.000000
514.999080	ecolipol	45.000000	0.000000	0.000000
514.999080	gene_A	16.000000	25.000000	0.000000
514.999080	gene_A*	18.000000	25.000000	0.000000
514.999080	gene_B	367.000000	365.000000	0.002740
514.999080	gene_C	240.000000	355.000000	0.000000
514.999080	gene_D	195.000000	348.000000	0.000000
514.999080	gene_E	168.000000	344.000000	0.000000
514.999080	gene_F	98.000000	244.000000	0.008197
514.999080	gene_G	25.000000	181.000000	0.116022
514.999080	gene_H	0.000000	125.000000	0.168000
514.999080	gene_J	97.000000	337.000000	0.163205
514.999080	gene_K	281.000000	357.000000	0.000000
514.999080	promoter_A	1.000000	0.000000	0.000000
514.999080	promoter_B1	0.000000	0.000000	0.000000
514.999080	promoter_D	0.000000	0.000000	0.000000
519.999101	__gene_A*_rbs	25.000000	0.000000	0.000000
519.999101	__gene_A_rbs	25.000000	0.000000	0.000000
519.999101	__gene_B_rbs	368.000000	0.000000	0.000000
519.999101	__gene_C_rbs	359.000000	0.000000	0.000000
519.999101	__gene_D_rbs	352.000000	0.000000	0.000000
519.999101	__gene_E_rbs	348.000000	0.000000	0.000000
519.999101	__gene_F_rbs	246.000000	0.000000	0.000000
519.999101	__gene_G_rbs	184.000000	0.000000	0.000000
519.999101	__gene_H_rbs	125.000000	0.000000	0.000000
519.999101	__gene_J_rbs	341.000000	0.000000	0.000000
519.999101	__gene_K_rbs	361.000000	0.000000	0.000000
519.999101	__ribosome	0.000000	0.000000	0.000000
519.999101	bound_ecolipol	1885.000000	0.000000	0.000000
519.999101	bound_ribosome	100.000000	0.000000	0.000000
519.999101	ecoli_genome	115.000000	0.000000	0.000000
519.999101	ecoli_transcript	39340.000000	0.000000	0.000000
519.999101	ecolipol	46.000000	0.000000	0.000000
519.999101	gene_A	16.000000	25.000000	0.000000
519.999101	gene_A*	18.000000	25.000000	0.000000
519.999101	gene_B	368.000000	368.000000	0.000000
519.999101	gene_C	240.000000	359.000000	0.000000
519.999101	gene_D	195.000000	352.000000	0.000000
519.999101	gene_E	168.000000	348.000000	0.000000
519.999101	gene_F	98.000000	246.000000	0.008130
519.999101	gene_G	25.000000	184.000000	0.114130
519.999101	gene_H	0.000000	126.000000	0.166667
519.999101	gene_J	98.000000	341.000000	0.161290
519.999101	gene_K	281.000000	361.000000	0.002770
519.999101	promoter_A	1.000000	0.000000	0.000000
519.999101	promoter_B1	0.000000	0.000000	0.000000
519.999101	promoter_D	0.000000	0.000000	0.000000
524.999273	__gene_A*_rbs	25.000000	0.000000	0.000000
524.999273	__gene_A_rbs	25.000000	0.000000	0.000000
524.999273	__gene_B_rbs	372.000000	0.000000	0.000000
524.999273	__gene_C_rbs	362.000000	0.000000	0.000000
524.999273	__gene_D_rbs	356.000000	0.000000	0.000000
524.999273	__gene_E_rbs	352.000000	0.000000	0.000000
524.999273	__gene_F_rbs	249.000000	0.000000	0.000000
524.999273	__gene_G_rbs	185.000000	0.000000	0.000000
524.999273	__gene_H_rbs	126.000000	0.000000	0.000000
524.999273	__gene_J_rbs	345.000000	0.000000	0.000000
524.999273	__gene_K_rbs	364.000000	0.000000	0.000000
524.999273	__ribosome	0.000000	0.000000	0.000000
524.999273	bound_ecolipol	1893.000000	0.000000	0.000000
524.999273	bound_ribosome	100.000000	0.000000	0.000000
524.999273	ecoli_genome	107.000000	0.000000	0.000000
524.999273	ecoli_transcript	39707.000000	0.000000	0.000000
524.999273	ecolipol	38.000000	0.000000	0.000000
524.999273	gene_A	16.000000	25.000000	0.000000
524.999273	gene_A*	18.000000	25.000000	0.000000
524.999273	gene_B	368.000000	372.000000	0.002688
524.999273	gene_C	240.000000	362.000000	0.000000
524.999273	gene_D	195.000000	356.000000	0.000000
524.999273	gene_E	168.000000	352.000000	0.000000
524.999273	gene_F	98.000000	249.000000	0.008032
524.999273	gene_G	26.000000	185.000000	0.108108
524.999273	gene_H	0.000000	126.000000	0.166667
524.999273	gene_J	98.000000	345.000000	0.159420
524.999273	gene_K	281.000000	364.000000	0.002747
524.999273	promoter_A	1.000000	0.000000	0.000000
524.999273	promoter_B1	0.000000	0.000000	0.000000
524.999273	promoter_D	0.000000	0.000000	0.000000
529.999067	__gene_A*_rbs	25.000000	0.000000	0.000000
529.999067	__gene_A_rbs	26.000000	0.000000	0.000000
529.999067	__gene_B_rbs	376.000000	0.000000	0.000000
529.999067	__gene_C_rbs	365.000000	0.000000	0.000000
529.999067	__gene_D_rbs	360.000000	0.000000	0.000000
529.999067	__gene_E_rbs	355.000000	0.000000	0.000000
529.999067	__gene_F_rbs	253.000000	0.000000	0.000000
529.999067	__gene_G_rbs	187.000000	0.000000	0.000000
529.999067	__gene_H_rbs	127.000000	0.000000	0.000000
529.999067	__gene_J_rbs	349.000000	0.000000	0.000000
529.999067	__gene_K_rbs	367.000000	0.000000	0.000000
529.999067	__ribosome	0.000000	0.000000	0.000000
529.999067	bound_ecolipol	1882.000000	0.000000	0.000000
529.999067	bound_ribosome	100.000000	0.000000	0.000000
529.999067	ecoli_genome	118.000000	0.000000	0.000000
529.999067	ecoli_transcript	40087.000000	0.000000	0.000000
529.999067	ecolipol	50.000000	0.000000	0.000000
529.999067	gene_A	16.000000	26.000000	0.000000
529.999067	gene_A*	18.000000	25.000000	0.000000
529.999067	gene_B	368.000000	376.000000	0.005319
529.999067	gene_C	240.000000	365.000000	0.000000
529.999067	gene_D	195.000000	360.000000	0.000000
529.999067	gene_E	168.000000	355.000000	0.000000
529.999067	gene_F	98.000000	253.000000	0.007905
529.999067	gene_G	26.000000	187.000000	0.106952
529.999067	gene_H	0.000000	127.000000	0.165354
529.999067	gene_J	99.000000	349.000000	0.157593
529.999067	gene_K	282.000000	367.000000	0.000000
529.999067	promoter_A	1.000000	0.000000	0.000000
529.999067	promoter_B1	0.000000	0.000000	0.000000
529.999067	promoter_D	0.000000	0.000000	0.000000
534.999264	__gene_A*_rbs	25.000000	0.000000	0.000000
534.999264	__gene_A_rbs	26.000000	0.000000	0.000000
534.999264	__gene_B_rbs	379.000000	0.000000	0.000000
534.999264	__gene_C_rbs	369.000000	0.000000	0.000000
534.999264	__gene_D_rbs	364.000000	0.000000	0.000000
534.999264	__gene_E_rbs	359.000000	0.000000	0.000000
534.999264	__gene_F_rbs	257.000000	0.000000	0.000000
534.999264	__gene_G_rbs	187.000000	0.000000	0.000000
534.999264	__gene_H_rbs	127.000000	0.000000	0.000000
534.999264	__gene_J_rbs	352.000000	0.000000	0.000000
534.999264	__gene_K_rbs	371.000000	0.000000	0.000000
534.999264	__ribosome	0.000000	0.000000	0.000000
534.999264	bound_ecolipol	1885.000000	0.000000	0.000000
534.999264	bound_ribosome	100.000000	0.000000	0.000000
534.999264	ecoli_genome	115.000000	0.000000	0.000000
534.999264	ecoli_transcript	40492.000000	0.000000	0.000000
534.999264	ecolipol	49.000000	0.000000	0.000000
534.999264	gene_A	16.000000	26.000000	0.000000
534.999264	gene_A*	18.000000	25.000000	0.000000
534.999264	gene_B	369.000000	379.000000	0.005277
534.999264	gene_C	240.000000	369.000000	0.000000
534.999264	gene_D	195.000000	364.000000	0.000000
534.999264	gene_E	168.000000	359.000000	0.000000
534.999264	gene_F	99.000000	257.000000	0.007782
534.999264	gene_G	26.000000	187.000000	0.106952
534.999264	gene_H	0.000000	127.000000	0.165354
534.999264	gene_J	99.000000	352.000000	0.156250
534.999264	gene_K	282.000000	371.000000	0.000000
534.999264	promoter_A	1.000000	0.000000	0.000000
534.999264	promoter_B1	0.000000	0.000000	0.000000
534.999264	promoter_D	0.000000	0.000000	0.000000
539.999122	__gene_A*_rbs	25.000000	0.000000	0.000000
539.999122	__gene_A_rbs	26.000000	0.000000	0.000000
539.999122	__gene_B_rbs	383.000000	0.000000	0.000000
539.999122	__gene_C_rbs	372.000000	0.000000	0.000000
539.999122	__gene_D_rbs	367.000000	0.000000	0.000000
539.999122	__gene_E_rbs	363.000000	0.000000	0.000000
539.999122	__gene_F_rbs	259.000000	0.000000	0.000000
539.999122	__gene_G_rbs	188.000000	0.000000	0.000000
539.999122	__gene_H_rbs	128.000000	0.000000	0.000000
539.999122	__gene_J_rbs	355.000000	0.000000	0.000000
539.999122	__gene_K_rbs	374.000000	0.000000	0.000000
539.999122	__ribosome	0.000000	0.000000	0.000000
539.999122	bound_ecolipol	1886.000000	0.000000	0.000000
539.999122	bound_ribosome	100.000000	0.000000	0.000000
539.999122	ecoli_genome	114.000000	0.000000	0.000000
539.999122	ecoli_transcript	40882.000000	0.000000	0.000000
539.999122	ecolipol	48.000000	0.000000	0.000000
539.999122	gene_A	16.000000	26.000000	0.000000
539.999122	gene_A*	18.000000	25.000000	0.000000
539.999122	gene_B	369.000000	383.000000	0.005222
539.999122	gene_C	240.000000	372.000000	0.000000
539.999122	gene_D	195.000000	367.000000	0.000000
539.999122	gene_E	168.000000	363.000000	0.000000
539.999122	gene_F	99.000000	259.000000	0.007722
539.999122	gene_G	26.000000	188.000000	0.106383
539.999122	gene_H	0.000000	128.000000	0.164062
539.999122	gene_J	99.000000	355.000000	0.154930
539.999122	gene_K	282.000000	374.000000	0.000000
539.999122	promoter_A	1.000000	0.000000	0.000000
539.999122	promoter_B1	0.000000	0.000000	0.000000
539.999122	promoter_D	0.000000	0.000000	0.000000
544.999433	__gene_A*_rbs	26.000000	0.000000	0.000000
544.999433	__gene_A_rbs	26.000000	0.000000	0.000000
544.999433	__gene_B_rbs	387.000000	0.000000	0.000000
544.999433	__gene_C_rbs	376.000000	0.000000	0.000000
544.999433	__gene_D_rbs	371.000000	0.000000	0.000000
544.999433	__gene_E_rbs	366.000000	0.000000	0.000000
544.999433	__gene_F_rbs	261.000000	0.000000	0.000000
544.999433	__gene_G_rbs	191.000000	0.000000	0.000000
544.999433	__gene_H_rbs	129.000000	0.000000	0.000000
544.999433	__gene_J_rbs	358.000000	0.000000	0.000000
544.999433	__gene_K_rbs	378.000000	0.000000	0.000000
544.999433	__ribosome	0.000000	0.000000	0.000000
544.999433	bound_ecolipol	1893.000000	0.000000	0.000000
544.999433	bound_ribosome	100.000000	0.000000	0.000000
544.999433	ecoli_genome	107.000000	0.000000	0.000000
544.999433	ecoli_transcript	41228.000000	0.000000	0.000000
544.999433	ecolipol	39.000000	0.000000	0.000000
544.999433	gene_A	16.000000	26.000000	0.000000
544.999433	gene_A*	18.000000	26.000000	0.000000
544.999433	gene_B	371.000000	387.000000	0.000000
544.999433	gene_C	240.000000	376.000000	0.002660
544.999433	gene_D	195.000000	371.000000	0.000000
544.999433	gene_E	168.000000	366.000000	0.000000
544.999433	gene_F	100.000000	261.000000	0.003831
544.999433	gene_G	26.000000	191.000000	0.104712
544.999433	gene_H	0.000000	130.000000	0.169231
544.999433	gene_J	99.000000	359.000000	0.155989
544.999433	gene_K	282.000000	378.000000	0.000000
544.999433	promoter_A	1.000000	0.000000	0.000000
544.999433	promoter_B1	0.000000	0.000000	0.000000
544.999433	promoter_D	0.000000	0.000000	0.000000
549.999202	__gene_A*_rbs	26.000000	0.000000	0.000000
549.999202	__gene_A_rbs	26.000000	0.000000	0.000000
549.999202	__gene_B_rbs	390.000000	0.000000	0.000000
549.999202	__gene_C_rbs	380.000000	0.000000	0.000000
549.999202	__gene_D_rbs	373.000000	0.000000	0.000000
549.999202	__gene_E_rbs	370.000000	0.000000	0.000000
549.999202	__gene_F_rbs	264.000000	0.000000	0.000000
549.999202	__gene_G_rbs	193.000000	0.000000	0.000000
549.999202	__gene_H_rbs	130.000000	0.000000	0.000000
549.999202	__gene_J_rbs	363.000000	0.000000	0.000000
549.999202	__gene_K_rbs	382.000000	0.000000	0.000000
549.999202	__ribosome	0.000000	0.000000	0.000000
549.999202	bound_ecolipol	1879.000000	0.000000	0.000000
549.999202	bound_ribosome	100.000000	0.000000	0.000000
549.999202	ecoli_genome	121.000000	0.000000	0.000000
549.999202	ecoli_transcript	41606.000000	0.000000	0.000000
549.999202	ecolipol	50.000000	0.000000	0.000000
549.999202	gene_A	16.000000	26.000000	0.000000
549.999202	gene_A*	18.000000	26.000000	0.000000
549.999202	gene_B	371.000000	390.000000	0.000000
549.999202	gene_C	240.000000	380.000000	0.002632
549.999202	gene_D	195.000000	374.000000	0.000000
549.999202	gene_E	168.000000	370.000000	0.000000
549.999202	gene_F	100.000000	264.000000	0.003788
549.999202	gene_G	26.000000	193.000000	0.103627
549.999202	gene_H	0.000000	130.000000	0.169231
549.999202	gene_J	100.000000	363.000000	0.154270
549.999202	gene_K	282.000000	382.000000	0.000000
549.999202	promoter_A	1.000000	0.000000	0.000000
549.999202	promoter_B1	0.000000	0.000000	0.000000
549.999202	promoter_D	0.000000	0.000000	0.000000
554.999464	__gene_A*_rbs	26.000000	0.000000	0.000000
554.999464	__gene_A_rbs	26.000000	0.000000	0.000000
554.999464	__gene_B_rbs	394.000000	0.000000	0.000000
554.999464	__gene_C_rbs	384.000000	0.000000	0.000000
554.999464	__gene_D_rbs	378.000000	0.000000	0.000000
554.999464	__gene_E_rbs	374.000000	0.000000	0.000000
554.999464	__gene_F_rbs	266.000000	0.000000	0.000000
554.999464	__gene_G_rbs	196.000000	0.000000	0.000000
554.999464	__gene_H_rbs	130.000000	0.000000	0.000000
554.999464	__gene_J_rbs	367.000000	0.000000	0.000000
554.999464	__gene_K_rbs	386.000000	0.000000	0.000000
554.999464	__ribosome	0.000000	0.000000	0.000000
554.999464	bound_ecolipol	1888.000000	0.000000	0.000000
554.999464	bound_ribosome	100.000000	0.000000	0.000000
554.999464	ecoli_genome	112.000000	0.000000	0.000000
554.999464	ecoli_transcript	42002.000000	0.000000	0.000000
554.999464	ecolipol	43.000000	0.000000	0.000000
554.999464	gene_A	16.000000	26.000000	0.000000
554.999464	gene_A*	18.000000	26.000000	0.000000
554.999464	gene_B	371.000000	394.000000	0.002538
554.999464	gene_C	241.000000	384.000000	0.000000
554.999464	gene_D	195.000000	378.000000	0.000000
554.999464	gene_E	168.000000	374.000000	0.000000
554.999464	gene_F	100.000000	266.000000	0.007519
554.999464	gene_G	26.000000	196.000000	0.102041
554.999464	gene_H	0.000000	130.000000	0.169231
554.999464	gene_J	101.000000	367.000000	0.149864
554.999464	gene_K	282.000000	386.000000	0.000000
554.999464	promoter_A	1.000000	0.000000	0.000000
554.999464	promoter_B1	0.000000	0.000000	0.000000
554.999464	promoter_D	0.000000	0.000000	0.000000
559.999443	__gene_A*_rbs	26.000000	0.000000	0.000000
559.999443	__gene_A_rbs	26.000000	0.000000	0.000000
559.999443	__gene_B_rbs	398.000000	0.000000	0.000000
559.999443	__gene_C_rbs	387.000000	0.000000	0.000000
559.999443	__gene_D_rbs	381.000000	0.000000	0.000000
559.999443	__gene_E_rbs	377.000000	0.000000	0.000000
559.999443	__gene_F_rbs	270.000000	0.000000	0.000000
559.999443	__gene_G_rbs	197.000000	0.000000	0.000000
559.999443	__gene_H_rbs	131.000000	0.000000	0.000000
559.999443	__gene_J_rbs	370.000000	0.000000	0.000000
559.999443	__gene_K_rbs	389.000000	0.000000	0.000000
559.999443	__ribosome	0.000000	0.000000	0.000000
559.999443	bound_ecolipol	1879.000000	0.000000	0.000000
559.999443	bound_ribosome	100.000000	0.000000	0.000000
559.999443	ecoli_genome	121.000000	0.000000	0.000000
559.999443	ecoli_transcript	42388.000000	0.000000	0.000000
559.999443	ecolipol	49.000000	0.000000	0.000000
559.999443	gene_A	16.000000	26.000000	0.000000
559.999443	gene_A*	18.000000	26.000000	0.000000
559.999443	gene_B	371.000000	398.000000	0.002513
559.999443	gene_C	241.000000	387.000000	0.000000
559.999443	gene_D	195.000000	381.000000	0.000000
559.999443	gene_E	168.000000	377.000000	0.000000
559.999443	gene_F	100.000000	270.000000	0.007407
559.999443	gene_G	26.000000	197.000000	0.101523
559.999443	gene_H	0.000000	131.000000	0.167939
559.999443	gene_J	101.000000	370.000000	0.148649
559.999443	gene_K	282.000000	389.000000	0.000000
559.999443	promoter_A	1.000000	0.000000	0.000000
559.999443	promoter_B1	0.000000	0.000000	0.000000
559.999443	promoter_D	0.000000	0.000000	0.000000
564.999709	__gene_A*_rbs	26.000000	0.000000	0.000000
564.999709	__gene_A_rbs	26.000000	0.000000	0.000000
564.999709	__gene_B_rbs	401.000000	0.000000	0.000000
564.999709	__gene_C_rbs	391.000000	0.000000	0.000000
564.999709	__gene_D_rbs	385.000000	0.000000	0.000000
564.999709	__gene_E_rbs	381.000000	0.000000	0.000000
564.999709	__gene_F_rbs	272.000000	0.000000	0.000000
564.999709	__gene_G_rbs	198.000000	0.000000	0.000000
564.999709	__gene_H_rbs	134.000000	0.000000	0.000000
564.999709	__gene_J_rbs	374.000000	0.000000	0.000000
564.999709	__gene_K_rbs	393.000000	0.000000	0.000000
564.999709	__ribosome	0.000000	0.000000	0.000000
564.999709	bound_ecolipol	1882.000000	0.000000	0.000000
564.999709	bound_ribosome	100.000000	0.000000	0.000000
564.999709	ecoli_genome	118.000000	0.000000	0.000000
564.999709	ecoli_transcript	42741.000000	0.000000	0.000000
564.999709	ecolipol	44.000000	0.000000	0.000000
564.999709	gene_A	16.000000	26.000000	0.000000
564.999709	gene_A*	18.000000	26.000000	0.000000
564.999709	gene_B	372.000000	401.000000	0.000000
564.999709	gene_C	241.000000	391.000000	0.000000
564.999709	gene_D	195.000000	385.000000	0.000000
564.999709	gene_E	168.000000	381.000000	0.000000
564.999709	gene_F	100.000000	272.000000	0.007353
564.999709	gene_G	26.000000	198.000000	0.106061
564.999709	gene_H	0.000000	134.000000	0.164179
564.999709	gene_J	101.000000	374.000000	0.147059
564.999709	gene_K	282.000000	393.000000	0.000000
564.999709	promoter_A	0.000000	0.000000	0.000000
564.999709	promoter_B1	0.000000	0.000000	0.000000
564.999709	promoter_D	0.000000	0.000000	0.000000
569.999065	__gene_A*_rbs	26.000000	0.000000	0.000000
569.999065	__gene_A_rbs	27.000000	0.000000	0.000000
569.999065	__gene_B_rbs	405.000000	0.000000	0.000000
569.999065	__gene_C_rbs	395.000000	0.000000	0.000000
569.999065	__gene_D_rbs	389.000000	0.000000	0.000000
569.999065	__gene_E_rbs	384.000000	0.000000	0.000000
569.999065	__gene_F_rbs	276.000000	0.000000	0.000000
569.999065	__gene_G_rbs	201.000000	0.000000	0.000000
569.999065	__gene_H_rbs	135.000000	0.000000	0.000000
569.999065	__gene_J_rbs	378.000000	0.000000	0.000000
569.999065	__gene_K_rbs	397.000000	0.000000	0.000000
569.999065	__ribosome	0.000000	0.000000	0.000000
569.999065	bound_ecolipol	1870.000000	0.000000	0.000000
569.999065	bound_ribosome	100.000000	0.000000	0.000000
569.999065	ecoli_genome	130.000000	0.000000	0.000000
569.999065	ecoli_transcript	43108.000000	0.000000	0.000000
569.999065	ecolipol	58.000000	0.000000	0.000000
569.999065	gene_A	16.000000	27.000000	0.000000
569.999065	gene_A*	18.000000	26.000000	0.000000
569.999065	gene_B	372.000000	405.000000	0.000000
569.999065	gene_C	241.000000	395.000000	0.000000
569.999065	gene_D	195.000000	389.000000	0.000000
569.999065	gene_E	168.000000	384.000000	0.000000
569.999065	gene_F	100.000000	276.000000	0.007246
569.999065	gene_G	26.000000	201.000000	0.104478
569.999065	gene_H	0.000000	135.000000	0.162963
569.999065	gene_J	101.000000	378.000000	0.145503
569.999065	gene_K	282.000000	397.000000	0.000000
569.999065	promoter_A	1.000000	0.000000	0.000000
569.999065	promoter_B1	0.000000	0.000000	0.000000
569.999065	promoter_D	0.000000	0.000000	0.000000
574.999034	__gene_A*_rbs	26.000000	0.000000	0.000000
574.999034	__gene_A_rbs	27.000000	0.000000	0.000000
574.999034	__gene_B_rbs	408.000000	0.000000	0.000000
574.999034	__gene_C_rbs	399.000000	0.000000	0.000000
574.999034	__gene_D_rbs	393.000000	0.000000	0.000000
574.999034	__gene_E_rbs	388.000000	0.000000	0.000000
574.999034	__gene_F_rbs	280.000000	0.000000	0.000000
574.999034	__gene_G_rbs	204.000000	0.000000	0.000000
574.999034	__gene_H_rbs	136.000000	0.000000	0.000000
574.999034	__gene_J_rbs	382.000000	0.000000	0.000000
574.999034	__gene_K_rbs	400.000000	0.000000	0.000000
574.999034	__ribosome	0.000000	0.000000	0.000000
574.999034	bound_ecolipol	1891.000000	0.000000	0.000000
574.999034	bound_ribosome	100.000000	0.000000	0.000000
574.999034	ecoli_genome	109.000000	0.000000	0.000000
574.999034	ecoli_transcript	43481.000000	0.000000	0.000000
574.999034	ecolipol	35.000000	0.000000	0.000000
574.999034	gene_A	16.000000	27.000000	0.000000
574.999034	gene_A*	18.000000	26.000000	0.000000
574.999034	gene_B	372.000000	408.000000	0.000000
574.999034	gene_C	241.000000	399.000000	0.000000
574.999034	gene_D	195.000000	393.000000	0.000000
574.999034	gene_E	168.000000	388.000000	0.000000
574.999034	gene_F	101.000000	280.000000	0.007143
574.999034	gene_G	26.000000	204.000000	0.102941
574.999034	gene_H	0.000000	136.000000	0.161765
574.999034	gene_J	101.000000	382.000000	0.143979
574.999034	gene_K	282.000000	400.000000	0.000000
574.999034	promoter_A	1.000000	0.000000	0.000000
574.999034	promoter_B1	0.000000	0.000000	0.000000
574.999034	promoter_D	0.000000	0.000000	0.000000
579.999103	__gene_A*_rbs	26.000000	0.000000	0.000000
579.999103	__gene_A_rbs	27.000000	0.000000	0.000000
579.999103	__gene_B_rbs	412.000000	0.000000	0.000000
579.999103	__gene_C_rbs	402.000000	0.000000	0.000000
579.999103	__gene_D_rbs	396.000000	0.000000	0.000000
579.999103	__gene_E_rbs	392.000000	0.000000	0.000000
579.999103	__gene_F_rbs	283.000000	0.000000	0.000000
579.999103	__gene_G_rbs	207.000000	0.000000	0.000000
579.999103	__gene_H_rbs	137.000000	0.000000	0.000000
579.999103	__gene_J_rbs	385.000000	0.000000	0.000000
579.999103	__gene_K_rbs	403.000000	0.000000	0.000000
579.999103	__ribosome	0.000000	0.000000	0.000000
579.999103	bound_ecolipol	1878.000000	0.000000	0.000000
579.999103	bound_ribosome	100.000000	0.000000	0.000000
579.999103	ecoli_genome	122.000000	0.000000	0.000000
579.999103	ecoli_transcript	43887.000000	0.000000	0.000000
579.999103	ecolipol	45.000000	0.000000	0.000000
579.999103	gene_A	16.000000	27.000000	0.000000
579.999103	gene_A*	18.000000	26.000000	0.000000
579.999103	gene_B	372.000000	412.000000	0.000000
579.999103	gene_C	241.000000	402.000000	0.000000
579.999103	gene_D	195.000000	396.000000	0.000000
579.999103	gene_E	168.000000	392.000000	0.000000
579.999103	gene_F	101.000000	283.000000	0.007067
579.999103	gene_G	26.000000	207.000000	0.101449
579.999103	gene_H	0.000000	137.000000	0.160584
579.999103	gene_J	101.000000	385.000000	0.142857
579.999103	gene_K	282.000000	403.000000	0.000000
579.999103	promoter_A	1.000000	0.000000	0.000000
579.999103	promoter_B1	0.000000	0.000000	0.000000
579.999103	promoter_D	0.000000	0.000000	0.000000
584.999008	__gene_A*_rbs	27.000000	0.000000	0.000000
584.999008	__gene_A_rbs	27.000000	0.000000	0.000000
584.999008	__gene_B_rbs	416.000000	0.000000	0.000000
584.999008	__gene_C_rbs	405.000000	0.000000	0.000000
584.999008	__gene_D_rbs	400.000000	0.000000	0.000000
584.999008	__gene_E_rbs	395.000000	0.000000	0.000000
584.999008	__gene_F_rbs	285.000000	0.000000	0.000000
584.999008	__gene_G_rbs	210.000000	0.000000	0.000000
584.999008	__gene_H_rbs	140.000000	0.000000	0.000000
584.999008	__gene_J_rbs	389.000000	0.000000	0.000000
584.999008	__gene_K_rbs	407.000000	0.000000	0.000000
584.999008	__ribosome	0.000000	0.000000	0.000000
584.999008	bound_ecolipol	1884.000000	0.000000	0.000000
584.999008	bound_ribosome	100.000000	0.000000	0.000000
584.999008	ecoli_genome	116.000000	0.000000	0.000000
584.999008	ecoli_transcript	44256.000000	0.000000	0.000000
584.999008	ecolipol	38.000000	0.000000	0.000000
584.999008	gene_A	16.000000	27.000000	0.000000
584.999008	gene_A*	18.000000	27.000000	0.000000
584.999008	gene_B	372.000000	416.000000	0.000000
584.999008	gene_C	241.000000	405.000000	0.000000
584.999008	gene_D	195.000000	400.000000	0.002500
584.999008	gene_E	168.000000	395.000000	0.000000
584.999008	gene_F	101.000000	285.000000	0.007018
584.999008	gene_G	27.000000	210.000000	0.095238
584.999008	gene_H	0.000000	140.000000	0.157143
584.999008	gene_J	101.000000	389.000000	0.141388
584.999008	gene_K	282.000000	407.000000	0.000000
584.999008	promoter_A	1.000000	0.000000	0.000000
584.999008	promoter_B1	0.000000	0.000000	0.000000
584.999008	promoter_D	0.000000	0.000000	0.000000
589.999001	__gene_A*_rbs	27.000000	0.000000	0.000000
589.999001	__gene_A_rbs	27.000000	0.000000	0.000000
589.999001	__gene_B_rbs	420.000000	0.000000	0.000000
589.999001	__gene_C_rbs	409.000000	0.000000	0.000000
589.999001	__gene_D_rbs	404.000000	0.000000	0.000000
589.999001	__gene_E_rbs	399.000000	0.000000	0.000000
589.999001	__gene_F_rbs	287.000000	0.000000	0.000000
589.999001	__gene_G_rbs	211.000000	0.000000	0.000000
589.999001	__gene_H_rbs	142.000000	0.000000	0.000000
589.999001	__gene_J_rbs	393.000000	0.000000	0.000000
589.999001	__gene_K_rbs	411.000000	0.000000	0.000000
589.999001	__ribosome	0.000000	0.000000	0.000000
589.999001	bound_ecolipol	1878.000000	0.000000	0.000000
589.999001	bound_ribosome	100.000000	0.000000	0.000000
589.999001	ecoli_genome	122.000000	0.000000	0.000000
589.999001	ecoli_transcript	44648.000000	0.000000	0.000000
589.999001	ecolipol	48.000000	0.000000	0.000000
589.999001	gene_A	16.000000	27.000000	0.000000
589.999001	gene_A*	18.000000	27.000000	0.000000
589.999001	gene_B	372.000000	420.000000	0.000000
589.999001	gene_C	241.000000	409.000000	0.000000
589.999001	gene_D	195.000000	404.000000	0.002475
589.999001	gene_E	168.000000	399.000000	0.000000
589.999001	gene_F	101.000000	287.000000	0.006969
589.999001	gene_G	27.000000	211.000000	0.094787
589.999001	gene_H	0.000000	142.000000	0.154930
589.999001	gene_J	101.000000	393.000000	0.139949
589.999001	gene_K	282.000000	411.000000	0.000000
589.999001	promoter_A	1.000000	0.000000	0.000000
589.999001	promoter_B1	0.000000	0.000000	0.000000
589.999001	promoter_D	0.000000	0.000000	0.000000
594.999594	__gene_A*_rbs	27.000000	0.000000	0.000000
594.999594	__gene_A_rbs	27.000000	0.000000	0.000000
594.999594	__gene_B_rbs	423.000000	0.000000	0.000000
594.999594	__gene_C_rbs	413.000000	0.000000	0.000000
594.999594	__gene_D_rbs	407.000000	0.000000	0.000000
594.999594	__gene_E_rbs	404.000000	0.000000	0.000000
594.999594	__gene_F_rbs	290.000000	0.000000	0.000000
594.999594	__gene_G_rbs	213.000000	0.000000	0.000000
594.999594	__gene_H_rbs	144.000000	0.000000	0.000000
594.999594	__gene_J_rbs	396.000000	0.000000	0.000000
594.999594	__gene_K_rbs	414.000000	0.000000	0.000000
594.999594	__ribosome	0.000000	0.000000	0.000000
594.999594	bound_ecolipol	1881.000000	0.000000	0.000000
594.999594	bound_ribosome	100.000000	0.000000	0.000000
594.999594	ecoli_genome	119.000000	0.000000	0.000000
594.999594	ecoli_transcript	45035.000000	0.000000	0.000000
594.999594	ecolipol	46.000000	0.000000	0.000000
594.999594	gene_A	16.000000	27.000000	0.000000
594.999594	gene_A*	18.000000	27.000000	0.000000
594.999594	gene_B	372.000000	423.000000	0.000000
594.999594	gene_C	241.000000	413.000000	0.000000
594.999594	gene_D	195.000000	407.000000	0.002457
594.999594	gene_E	168.000000	404.000000	0.000000
594.999594	gene_F	101.000000	290.000000	0.006897
594.999594	gene_G	27.000000	213.000000	0.093897
594.999594	gene_H	0.000000	144.000000	0.152778
594.999594	gene_J	101.000000	396.000000	0.138889
594.999594	gene_K	282.000000	414.000000	0.000000
594.999594	promoter_A	1.000000	0.000000	0.000000
594.999594	promoter_B1	0.000000	0.000000	0.000000
594.999594	promoter_D	0.000000	0.000000	0.000000
599.999041	__gene_A*_rbs	27.000000	0.000000	0.000000
599.999041	__gene_A_rbs	28.000000	0.000000	0.000000
599.999041	__gene_B_rbs	427.000000	0.000000	0.000000
599.999041	__gene_C_rbs	416.000000	0.000000	0.000000
599.999041	__gene_D_rbs	411.000000	0.000000	0.000000
599.999041	__gene_E_rbs	407.000000	0.000000	0.000000
599.999041	__gene_F_rbs	293.000000	0.000000	0.000000
599.999041	__gene_G_rbs	216.000000	0.000000	0.000000
599.999041	__gene_H_rbs	145.000000	0.000000	0.000000
599.999041	__gene_J_rbs	400.000000	0.000000	0.000000
599.999041	__gene_K_rbs	418.000000	0.000000	0.000000
599.999041	__ribosome	0.000000	0.000000	0.000000
599.999041	bound_ecolipol	1884.000000	0.000000	0.000000
599.999041	bound_ribosome	100.000000	0.000000	0.000000
599.999041	ecoli_genome	116.000000	0.000000	0.000000
599.999041	ecoli_transcript	45406.000000	0.000000	0.000000
599.999041	ecolipol	39.000000	0.000000	0.000000
599.999041	gene_A	16.000000	28.000000	0.000000
599.999041	gene_A*	18.000000	27.000000	0.000000
599.999041	gene_B	372.000000	427.000000	0.000000
599.999041	gene_C	241.000000	416.000000	0.002404
599.999041	gene_D	196.000000	411.000000	0.000000
599.999041	gene_E	168.000000	407.000000	0.000000
599.999041	gene_F	102.000000	293.000000	0.003413
599.999041	gene_G	27.000000	216.000000	0.092593
599.999041	gene_H	0.000000	145.000000	0.151724
599.999041	gene_J	101.000000	400.000000	0.137500
599.999041	gene_K	282.000000	418.000000	0.002392
599.999041	promoter_A	0.000000	0.000000	0.000000
599.999041	promoter_B1	0.000000	0.000000	0.000000
599.999041	promoter_D	0.000000	0.000000	0.000000
604.999052	__gene_A*_rbs	27.000000	0.000000	0.000000
604.999052	__gene_A_rbs	28.000000	0.000000	0.000000
604.999052	__gene_B_rbs	430.000000	0.000000	0.000000
604.999052	__gene_C_rbs	420.000000	0.000000	0.000000
604.999052	__gene_D_rbs	414.000000	0.000000	0.000000
604.999052	__gene_E_rbs	411.000000	0.000000	0.000000
604.999052	__gene_F_rbs	295.000000	0.000000	0.000000
604.999052	__gene_G_rbs	218.000000	0.000000	0.000000
604.999052	__gene_H_rbs	147.000000	0.000000	0.000000
604.999052	__gene_J_rbs	404.000000	0.000000	0.000000
604.999052	__gene_K_rbs	422.000000	0.000000	0.000000
604.999052	__ribosome	0.000000	0.000000	0.000000
604.999052	bound_ecolipol	1889.000000	0.000000	0.000000
604.999052	bound_ribosome	100.000000	0.000000	0.000000
604.999052	ecoli_genome	111.000000	0.000000	0.000000
604.999052	ecoli_transcript	45777.000000	0.000000	0.000000
604.999052	ecolipol	35.000000	0.000000	0.000000
604.999052	gene_A	16.000000	28.000000	0.000000
604.999052	gene_A*	18.000000	27.000000	0.000000
604.999052	gene_B	372.000000	430.000000	0.000000
604.999052	gene_C	241.000000	420.000000	0.002381
604.999052	gene_D	196.000000	415.000000	0.000000
604.999052	gene_E	168.000000	411.000000	0.000000
604.999052	gene_F	102.000000	295.000000	0.003390
604.999052	gene_G	27.000000	218.000000	0.091743
604.999052	gene_H	0.000000	147.000000	0.149660
604.999052	gene_J	101.000000	404.000000	0.136139
604.999052	gene_K	283.000000	422.000000	0.002370
604.999052	promoter_A	1.000000	0.000000	0.000000
604.999052	promoter_B1	0.000000	0.000000	0.000000
604.999052	promoter_D	0.000000	0.000000	0.000000
609.999482	__gene_A*_rbs	27.000000	0.000000	0.000000
609.999482	__gene_A_rbs	28.000000	0.000000	0.000000
609.999482	__gene_B_rbs	434.000000	0.000000	0.000000
609.999482	__gene_C_rbs	424.000000	0.000000	0.000000
609.999482	__gene_D_rbs	417.000000	0.000000	0.000000
609.999482	__gene_E_rbs	414.000000	0.000000	0.000000
609.999482	__gene_F_rbs	299.000000	0.000000	0.000000
609.999482	__gene_G_rbs	219.000000	0.000000	0.000000
609.999482	__gene_H_rbs	148.000000	0.000000	0.000000
609.999482	__gene_J_rbs	408.000000	0.000000	0.000000
609.999482	__gene_K_rbs	425.000000	0.000000	0.000000
609.999482	__ribosome	0.000000	0.000000	0.000000
609.999482	bound_ecolipol	1891.000000	0.000000	0.000000
609.999482	bound_ribosome	100.000000	0.000000	0.000000
609.999482	ecoli_genome	109.000000	0.000000	0.000000
609.999482	ecoli_transcript	46150.000000	0.000000	0.000000
609.999482	ecolipol	35.000000	0.000000	0.000000
609.999482	gene_A	16.000000	28.000000	0.000000
609.999482	gene_A*	18.000000	27.000000	0.000000
609.999482	gene_B	372.000000	434.000000	0.000000
609.999482	gene_C	242.000000	424.000000	0.000000
609.999482	gene_D	196.000000	418.000000	0.002392
609.999482	gene_E	168.000000	414.000000	0.000000
609.999482	gene_F	102.000000	299.000000	0.003344
609.999482	gene_G	27.000000	219.000000	0.091324
609.999482	gene_H	0.000000	148.000000	0.155405
609.999482	gene_J	101.000000	408.000000	0.134804
609.999482	gene_K	284.000000	425.000000	0.000000
609.999482	promoter_A	1.000000	0.000000	0.000000
609.999482	promoter_B1	0.000000	0.000000	0.000000
609.999482	promoter_D	0.000000	0.000000	0.000000
614.999031	__gene_A*_rbs	28.000000	0.000000	0.000000
614.999031	__gene_A_rbs	28.000000	0.000000	0.000000
614.999031	__gene_B_rbs	437.000000	0.000000	0.000000
614.999031	__gene_C_rbs	427.000000	0.000000	0.000000
614.999031	__gene_D_rbs	421.000000	0.000000	0.000000
614.999031	__gene_E_rbs	418.000000	0.000000	0.000000
614.999031	__gene_F_rbs	301.000000	0.000000	0.000000
614.999031	__gene_G_rbs	222.000000	0.000000	0.000000
614.999031	__gene_H_rbs	150.000000	0.000000	0.000000
614.999031	__gene_J_rbs	412.000000	0.000000	0.000000
614.999031	__gene_K_rbs	429.000000	0.000000	0.000000
614.999031	__ribosome	0.000000	0.000000	0.000000
614.999031	bound_ecolipol	1893.000000	0.000000	0.000000
614.999031	bound_ribosome	100.000000	0.000000	0.000000
614.999031	ecoli_genome	107.000000	0.000000	0.000000
614.999031	ecoli_transcript	46532.000000	0.000000	0.000000
614.999031	ecolipol	37.000000	0.000000	0.000000
614.999031	gene_A	16.000000	28.000000	0.000000
614.999031	gene_A*	18.000000	28.000000	0.000000
614.999031	gene_B	372.000000	437.000000	0.000000
614.999031	gene_C	242.000000	427.000000	0.000000
614.999031	gene_D	196.000000	421.000000	0.002375
614.999031	gene_E	168.000000	418.000000	0.000000
614.999031	gene_F	102.000000	301.000000	0.003322
614.999031	gene_G	27.000000	222.000000	0.090090
614.999031	gene_H	0.000000	150.000000	0.153333
614.999031	gene_J	101.000000	412.000000	0.133495
614.999031	gene_K	284.000000	429.000000	0.000000
614.999031	promoter_A	1.000000	0.000000	0.000000
614.999031	promoter_B1	0.000000	0.000000	0.000000
614.999031	promoter_D	0.000000	0.000000	0.000000
619.999026	__gene_A*_rbs	28.000000	0.000000	0.000000
619.999026	__gene_A_rbs	28.000000	0.000000	0.000000
619.999026	__gene_B_rbs	441.000000	0.000000	0.000000
619.999026	__gene_C_rbs	431.000000	0.000000	0.000000
619.999026	__gene_D_rbs	425.000000	0.000000	0.000000
619.999026	__gene_E_rbs	421.000000	0.000000	0.000000
619.999026	__gene_F_rbs	302.000000	0.000000	0.000000
619.999026	__gene_G_rbs	225.000000	0.000000	0.000000
619.999026	__gene_H_rbs	150.000000	0.000000	0.000000
619.999026	__gene_J_rbs	415.000000	0.000000	0.000000
619.999026	__gene_K_rbs	433.000000	0.000000	0.000000
619.999026	__ribosome	0.000000	0.000000	0.000000
619.999026	bound_ecolipol	1883.000000	0.000000	0.000000
619.999026	bound_ribosome	100.000000	0.000000	0.000000
619.999026	ecoli_genome	117.000000	0.000000	0.000000
619.999026	ecoli_transcript	46951.000000	0.000000	0.000000
619.999026	ecolipol	47.000000	0.000000	0.000000
619.999026	gene_A	16.000000	28.000000	0.000000
619.999026	gene_A*	18.000000	28.000000	0.000000
619.999026	gene_B	372.000000	441.000000	0.002268
619.999026	gene_C	242.000000	431.000000	0.000000
619.999026	gene_D	196.000000	425.000000	0.002353
619.999026	gene_E	168.000000	421.000000	0.000000
619.999026	gene_F	103.000000	302.000000	0.000000
619.999026	gene_G	27.000000	225.000000	0.088889
619.999026	gene_H	0.000000	150.000000	0.153333
619.999026	gene_J	101.000000	415.000000	0.132530
619.999026	gene_K	284.000000	433.000000	0.000000
619.999026	promoter_A	1.000000	0.000000	0.000000
619.999026	promoter_B1	0.000000	0.000000	0.000000
619.999026	promoter_D	0.000000	0.000000	0.000000
624.999008	__gene_A*_rbs	28.000000	0.000000	0.000000
624.999008	__gene_A_rbs	29.000000	0.000000	0.000000
624.999008	__gene_B_rbs	444.000000	0.000000	0.000000
624.999008	__gene_C_rbs	434.000000	0.000000	0.000000
624.999008	__gene_D_rbs	428.000000	0.000000	0.000000
624.999008	__gene_E_rbs	424.000000	0.000000	0.000000
624.999008	__gene_F_rbs	305.000000	0.000000	0.000000
624.999008	__gene_G_rbs	228.000000	0.000000	0.000000
624.999008	__gene_H_rbs	151.000000	0.000000	0.000000
624.999008	__gene_J_rbs	418.000000	0.000000	0.000000
624.999008	__gene_K_rbs	436.000000	0.000000	0.000000
624.999008	__ribosome	0.000000	0.000000	0.000000
624.999008	bound_ecolipol	1892.000000	0.000000	0.000000
624.999008	bound_ribosome	100.000000	0.000000	0.000000
624.999008	ecoli_genome	108.000000	0.000000	0.000000
624.999008	ecoli_transcript	47325.000000	0.000000	0.000000
624.999008	ecolipol	36.000000	0.000000	0.000000
624.999008	gene_A	16.000000	29.000000	0.000000
624.999008	gene_A*	18.000000	28.000000	0.000000
624.999008	gene_B	372.000000	444.000000	0.002252
624.999008	gene_C	242.000000	434.000000	0.000000
624.999008	gene_D	196.000000	428.000000	0.002336
624.999008	gene_E	168.000000	424.000000	0.000000
624.999008	gene_F	103.000000	305.000000	0.000000
624.999008	gene_G	27.000000	228.000000	0.087719
624.999008	gene_H	0.000000	151.000000	0.152318
624.999008	gene_J	101.000000	419.000000	0.131265
624.999008	gene_K	284.000000	436.000000	0.000000
624.999008	promoter_A	1.000000	0.000000	0.000000
624.999008	promoter_B1	0.000000	0.000000	0.000000
624.999008	promoter_D	0.000000	0.000000	0.000000
629.999092	__gene_A*_rbs	28.000000	0.000000	0.000000
629.999092	__gene_A_rbs	29.000000	0.000000	0.000000
629.999092	__gene_B_rbs	448.000000	0.000000	0.000000
629.999092	__gene_C_rbs	438.000000	0.000000	0.000000
629.999092	__gene_D_rbs	432.000000	0.000000	0.000000
629.999092	__gene_E_rbs	428.000000	0.000000	0.000000
629.999092	__gene_F_rbs	309.000000	0.000000	0.000000
629.999092	__gene_G_rbs	231.000000	0.000000	0.000000
629.999092	__gene_H_rbs	153.000000	0.000000	0.000000
629.999092	__gene_J_rbs	422.000000	0.000000	0.000000
629.999092	__gene_K_rbs	439.000000	0.000000	0.000000
629.999092	__ribosome	0.000000	0.000000	0.000000
629.999092	bound_ecolipol	1885.000000	0.000000	0.000000
629.999092	bound_ribosome	100.000000	0.000000	0.000000
629.999092	ecoli_genome	115.000000	0.000000	0.000000
629.999092	ecoli_transcript	47722.000000	0.000000	0.000000
629.999092	ecolipol	43.000000	0.000000	0.000000
629.999092	gene_A	16.000000	29.000000	0.000000
629.999092	gene_A*	18.000000	28.000000	0.000000
629.999092	gene_B	373.000000	448.000000	0.000000
629.999092	gene_C	242.000000	438.000000	0.000000
629.999092	gene_D	197.000000	432.000000	0.002315
629.999092	gene_E	168.000000	428.000000	0.000000
629.999092	gene_F	103.000000	309.000000	0.000000
629.999092	gene_G	27.000000	231.000000	0.090909
629.999092	gene_H	0.000000	153.000000	0.150327
629.999092	gene_J	101.000000	422.000000	0.130332
629.999092	gene_K	284.000000	439.000000	0.000000
629.999092	promoter_A	1.000000	0.000000	0.000000
629.999092	promoter_B1	0.000000	0.000000	0.000000
629.999092	promoter_D	0.000000	0.000000	0.000000
634.999126	__gene_A*_rbs	28.000000	0.000000	0.000000
634.999126	__gene_A_rbs	29.000000	0.000000	0.000000
634.999126	__gene_B_rbs	452.000000	0.000000	0.000000
634.999126	__gene_C_rbs	441.000000	0.000000	0.000000
634.999126	__gene_D_rbs	435.000000	0.000000	0.000000
634.999126	__gene_E_rbs	432.000000	0.000000	0.000000
634.999126	__gene_F_rbs	312.000000	0.000000	0.000000
634.999126	__gene_G_rbs	233.000000	0.000000	0.000000
634.999126	__gene_H_rbs	154.000000	0.000000	0.000000
634.999126	__gene_J_rbs	424.000000	0.000000	0.000000
634.999126	__gene_K_rbs	443.000000	0.000000	0.000000
634.999126	__ribosome	0.000000	0.000000	0.000000
634.999126	bound_ecolipol	1884.000000	0.000000	0.000000
634.999126	bound_ribosome	100.000000	0.000000	0.000000
634.999126	ecoli_genome	116.000000	0.000000	0.000000
634.999126	ecoli_transcript	48104.000000	0.000000	0.000000
634.999126	ecolipol	42.000000	0.000000	0.000000
634.999126	gene_A	16.000000	29.000000	0.000000
634.999126	gene_A*	18.000000	28.000000	0.000000
634.999126	gene_B	373.000000	452.000000	0.000000
634.999126	gene_C	242.000000	441.000000	0.000000
634.999126	gene_D	197.000000	435.000000	0.002299
634.999126	gene_E	168.000000	432.000000	0.000000
634.999126	gene_F	103.000000	312.000000	0.000000
634.999126	gene_G	27.000000	233.000000	0.090129
634.999126	gene_H	0.000000	154.000000	0.149351
634.999126	gene_J	101.000000	424.000000	0.129717
634.999126	gene_K	284.000000	443.000000	0.000000
634.999126	promoter_A	1.000000	0.000000	0.000000
634.999126	promoter_B1	0.000000	0.000000	0.000000
634.999126	promoter_D	0.000000	0.000000	0.000000
639.999153	__gene_A*_rbs	29.000000	0.000000	0.000000
639.999153	__gene_A_rbs	29.000000	0.000000	0.000000
639.999153	__gene_B_rbs	455.000000	0.000000	0.000000
639.999153	__gene_C_rbs	445.000000	0.000000	0.000000
639.999153	__gene_D_rbs	439.000000	0.000000	0.000000
639.999153	__gene_E_rbs	435.000000	0.000000	0.000000
639.999153	__gene_F_rbs	313.000000	0.000000	0.000000
639.999153	__gene_G_rbs	236.000000	0.000000	0.000000
639.999153	__gene_H_rbs	156.000000	0.000000	0.000000
639.999153	__gene_J_rbs	428.000000	0.000000	0.000000
639.999153	__gene_K_rbs	447.000000	0.000000	0.000000
639.999153	__ribosome	0.000000	0.000000	0.000000
639.999153	bound_ecolipol	1884.000000	0.000000	0.000000
639.999153	bound_ribosome	100.000000	0.000000	0.000000
639.999153	ecoli_genome	116.000000	0.000000	0.000000
639.999153	ecoli_transcript	48465.000000	0.000000	0.000000
639.999153	ecolipol	42.000000	0.000000	0.000000
639.999153	gene_A	16.000000	29.000000	0.000000
639.999153	gene_A*	18.000000	29.000000	0.000000
639.999153	gene_B	373.000000	455.000000	0.000000
639.999153	gene_C	242.000000	445.000000	0.000000
639.999153	gene_D	197.000000	439.000000	0.002278
639.999153	gene_E	168.000000	435.000000	0.000000
639.999153	gene_F	103.000000	313.000000	0.000000
639.999153	gene_G	27.000000	236.000000	0.088983
639.999153	gene_H	0.000000	156.000000	0.147436
639.999153	gene_J	101.000000	428.000000	0.128505
639.999153	gene_K	284.000000	447.000000	0.000000
639.999153	promoter_A	1.000000	0.000000	0.000000
639.999153	promoter_B1	0.000000	0.000000	0.000000
639.999153	promoter_D	0.000000	0.000000	0.000000
644.999139	__gene_A*_rbs	29.000000	0.000000	0.000000
644.999139	__gene_A_rbs	29.000000	0.000000	0.000000
644.999139	__gene_B_rbs	458.000000	0.000000	0.000000
644.999139	__gene_C_rbs	448.000000	0.000000	0.000000
644.999139	__gene_D_rbs	443.000000	0.000000	0.000000
644.999139	__gene_E_rbs	438.000000	0.000000	0.000000
644.999139	__gene_F_rbs	316.000000	0.000000	0.000000
644.999139	__gene_G_rbs	239.000000	0.000000	0.000000
644.999139	__gene_H_rbs	159.000000	0.000000	0.000000
644.999139	__gene_J_rbs	432.000000	0.000000	0.000000
644.999139	__gene_K_rbs	450.000000	0.000000	0.000000
644.999139	__ribosome	0.000000	0.000000	0.000000
644.999139	bound_ecolipol	1879.000000	0.000000	0.000000
644.999139	bound_ribosome	100.000000	0.000000	0.000000
644.999139	ecoli_genome	121.000000	0.000000	0.000000
644.999139	ecoli_transcript	48849.000000	0.000000	0.000000
644.999139	ecolipol	47.000000	0.000000	0.000000
644.999139	gene_A	16.000000	29.000000	0.000000
644.999139	gene_A*	18.000000	29.000000	0.000000
644.999139	gene_B	373.000000	458.000000	0.000000
644.999139	gene_C	242.000000	448.000000	0.000000
644.999139	gene_D	198.000000	443.000000	0.002257
644.999139	gene_E	168.000000	438.000000	0.000000
644.999139	gene_F	103.000000	316.000000	0.000000
644.999139	gene_G	27.000000	239.000000	0.087866
644.999139	gene_H	0.000000	159.000000	0.144654
644.999139	gene_J	101.000000	432.000000	0.127315
644.999139	gene_K	284.000000	450.000000	0.000000
644.999139	promoter_A	1.000000	0.000000	0.000000
644.999139	promoter_B1	0.000000	0.000000	0.000000
644.999139	promoter_D	0.000000	0.000000	0.000000
649.999097	__gene_A*_rbs	29.000000	0.000000	0.000000
649.999097	__gene_A_rbs	29.000000	0.000000	0.000000
649.999097	__gene_B_rbs	462.000000	0.000000	0.000000
649.999097	__gene_C_rbs	453.000000	0.000000	0.000000
649.999097	__gene_D_rbs	446.000000	0.000000	0.000000
649.999097	__gene_E_rbs	442.000000	0.000000	0.000000
649.999097	__gene_F_rbs	319.000000	0.000000	0.000000
649.999097	__gene_G_rbs	243.000000	0.000000	0.000000
649.999097	__gene_H_rbs	160.000000	0.000000	0.000000
649.999097	__gene_J_rbs	436.000000	0.000000	0.000000
649.999097	__gene_K_rbs	454.000000	0.000000	0.000000
649.999097	__ribosome	0.000000	0.000000	0.000000
649.999097	bound_ecolipol	1889.000000	0.000000	0.000000
649.999097	bound_ribosome	100.000000	0.000000	0.000000
649.999097	ecoli_genome	111.000000	0.000000	0.000000
649.999097	ecoli_transcript	49219.000000	0.000000	0.000000
649.999097	ecolipol	37.000000	0.000000	0.000000
649.999097	gene_A	16.000000	29.000000	0.000000
649.999097	gene_A*	18.000000	29.000000	0.000000
649.999097	gene_B	373.000000	462.000000	0.000000
649.999097	gene_C	242.000000	453.000000	0.000000
649.999097	gene_D	198.000000	446.000000	0.002242
649.999097	gene_E	168.000000	442.000000	0.000000
649.999097	gene_F	103.000000	319.000000	0.000000
649.999097	gene_G	27.000000	243.000000	0.086420
649.999097	gene_H	0.000000	160.000000	0.143750
649.999097	gene_J	101.000000	436.000000	0.126147
649.999097	gene_K	284.000000	454.000000	0.000000
649.999097	promoter_A	1.000000	0.000000	0.000000
649.999097	promoter_B1	0.000000	0.000000	0.000000
649.999097	promoter_D	0.000000	0.000000	0.000000
654.999447	__gene_A*_rbs	29.000000	0.000000	0.000000
654.999447	__gene_A_rbs	29.000000	0.000000	0.000000
654.999447	__gene_B_rbs	465.000000	0.000000	0.000000
654.999447	__gene_C_rbs	456.000000	0.000000	0.000000
654.999447	__gene_D_rbs	450.000000	0.000000	0.000000
654.999447	__gene_E_rbs	446.000000	0.000000	0.000000
654.999447	__gene_F_rbs	322.000000	0.000000	0.000000
654.999447	__gene_G_rbs	244.000000	0.000000	0.000000
654.999447	__gene_H_rbs	163.000000	0.000000	0.000000
654.999447	__gene_J_rbs	440.000000	0.000000	0.000000
654.999447	__gene_K_rbs	458.000000	0.000000	0.000000
654.999447	__ribosome	0.000000	0.000000	0.000000
654.999447	bound_ecolipol	1882.000000	0.000000	0.000000
654.999447	bound_ribosome	100.000000	0.000000	0.000000
654.999447	ecoli_genome	118.000000	0.000000	0.000000
654.999447	ecoli_transcript	49626.000000	0.000000	0.000000
654.999447	ecolipol	43.000000	0.000000	0.000000
654.999447	gene_A	16.000000	29.000000	0.000000
654.999447	gene_A*	18.000000	29.000000	0.000000
654.999447	gene_B	373.000000	465.000000	0.000000
654.999447	gene_C	242.000000	456.000000	0.000000
654.999447	gene_D	198.000000	450.000000	0.002222
654.999447	gene_E	168.000000	446.000000	0.000000
654.999447	gene_F	103.000000	322.000000	0.000000
654.999447	gene_G	27.000000	244.000000	0.086066
654.999447	gene_H	0.000000	163.000000	0.141104
654.999447	gene_J	101.000000	440.000000	0.125000
654.999447	gene_K	284.000000	458.000000	0.000000
654.999447	promoter_A	1.000000	0.000000	0.000000
654.999447	promoter_B1	0.000000	0.000000	0.000000
654.999447	promoter_D	0.000000	0.000000	0.000000
659.999247	__gene_A*_rbs	29.000000	0.000000	0.000000
659.999247	__gene_A_rbs	30.000000	0.000000	0.000000
659.999247	__gene_B_rbs	469.000000	0.000000	0.000000
659.999247	__gene_C_rbs	459.000000	0.000000	0.000000
659.999247	__gene_D_rbs	454.000000	0.000000	0.000000
659.999247	__gene_E_rbs	450.000000	0.000000	0.000000
659.999247	__gene_F_rbs	325.000000	0.000000	0.000000
659.999247	__gene_G_rbs	244.000000	0.000000	0.000000
659.999247	__gene_H_rbs	165.000000	0.000000	0.000000
659.999247	__gene_J_rbs	443.000000	0.000000	0.000000
659.999247	__gene_K_rbs	461.000000	0.000000	0.000000
659.999247	__ribosome	0.000000	0.000000	0.000000
659.999247	bound_ecolipol	1878.000000	0.000000	0.000000
659.999247	bound_ribosome	100.000000	0.000000	0.000000
659.999247	ecoli_genome	122.000000	0.000000	0.000000
659.999247	ecoli_transcript	50007.000000	0.000000	0.000000
659.999247	ecolipol	46.000000	0.000000	0.000000
659.999247	gene_A	16.000000	30.000000	0.000000
659.999247	gene_A*	18.000000	29.000000	0.000000
659.999247	gene_B	373.000000	469.000000	0.000000
659.999247	gene_C	242.000000	459.000000	0.000000
659.999247	gene_D	199.000000	454.000000	0.000000
659.999247	gene_E	168.000000	450.000000	0.000000
659.999247	gene_F	103.000000	325.000000	0.000000
659.999247	gene_G	27.000000	244.000000	0.090164
659.999247	gene_H	0.000000	165.000000	0.139394
659.999247	gene_J	101.000000	443.000000	0.124153
659.999247	gene_K	284.000000	461.000000	0.000000
659.999247	promoter_A	1.000000	0.000000	0.000000
659.999247	promoter_B1	0.000000	0.000000	0.000000
659.999247	promoter_D	0.000000	0.000000	0.000000
664.999221	__gene_A*_rbs	29.000000	0.000000	0.000000
664.999221	__gene_A_rbs	30.000000	0.000000	0.000000
664.999221	__gene_B_rbs	472.000000	0.000000	0.000000
664.999221	__gene_C_rbs	463.000000	0.000000	0.000000
664.999221	__gene_D_rbs	457.000000	0.000000	0.000000
664.999221	__gene_E_rbs	453.000000	0.000000	0.000000
664.999221	__gene_F_rbs	329.000000	0.000000	0.000000
664.999221	__gene_G_rbs	244.000000	0.000000	0.000000
664.999221	__gene_H_rbs	169.000000	0.000000	0.000000
664.999221	__gene_J_rbs	447.000000	0.000000	0.000000
664.999221	__gene_K_rbs	465.000000	0.000000	0.000000
664.999221	__ribosome	0.000000	0.000000	0.000000
664.999221	bound_ecolipol	1877.000000	0.000000	0.000000
664.999221	bound_ribosome	100.000000	0.000000	0.000000
664.999221	ecoli_genome	123.000000	0.000000	0.000000
664.999221	ecoli_transcript	50402.000000	0.000000	0.000000
664.999221	ecolipol	48.000000	0.000000	0.000000
664.999221	gene_A	16.000000	30.000000	0.000000
664.999221	gene_A*	18.000000	29.000000	0.000000
664.999221	gene_B	373.000000	472.000000	0.000000
664.999221	gene_C	242.000000	463.000000	0.000000
664.999221	gene_D	199.000000	457.000000	0.000000
664.999221	gene_E	168.000000	453.000000	0.000000
664.999221	gene_F	103.000000	329.000000	0.000000
664.999221	gene_G	27.000000	244.000000	0.090164
664.999221	gene_H	0.000000	169.000000	0.136095
664.999221	gene_J	101.000000	447.000000	0.123043
664.999221	gene_K	284.000000	465.000000	0.000000
664.999221	promoter_A	1.000000	0.000000	0.000000
664.999221	promoter_B1	0.000000	0.000000	0.000000
664.999221	promoter_D	0.000000	0.000000	0.000000
669.999400	__gene_A*_rbs	29.000000	0.000000	0.000000
669.999400	__gene_A_rbs	30.000000	0.000000	0.000000
669.999400	__gene_B_rbs	476.000000	0.000000	0.000000
669.999400	__gene_C_rbs	467.000000	0.000000	0.000000
669.999400	__gene_D_rbs	460.000000	0.000000	0.000000
669.999400	__gene_E_rbs	457.000000	0.000000	0.000000
669.999400	__gene_F_rbs	332.000000	0.000000	0.000000
669.999400	__gene_G_rbs	247.000000	0.000000	0.000000
669.999400	__gene_H_rbs	171.000000	0.000000	0.000000
669.999400	__gene_J_rbs	451.000000	0.000000	0.000000
669.999400	__gene_K_rbs	468.000000	0.000000	0.000000
669.999400	__ribosome	0.000000	0.000000	0.000000
669.999400	bound_ecolipol	1881.000000	0.000000	0.000000
669.999400	bound_ribosome	100.000000	0.000000	0.000000
669.999400	ecoli_genome	119.000000	0.000000	0.000000
669.999400	ecoli_transcript	50779.000000	0.000000	0.000000
669.999400	ecolipol	45.000000	0.000000	0.000000
669.999400	gene_A	16.000000	30.000000	0.000000
669.999400	gene_A*	18.000000	29.000000	0.000000
669.999400	gene_B	373.000000	476.000000	0.000000
669.999400	gene_C	242.000000	467.000000	0.000000
669.999400	gene_D	199.000000	460.000000	0.000000
669.999400	gene_E	168.000000	457.000000	0.000000
669.999400	gene_F	103.000000	332.000000	0.000000
669.999400	gene_G	27.000000	247.000000	0.089069
669.999400	gene_H	0.000000	171.000000	0.134503
669.999400	gene_J	101.000000	451.000000	0.121951
669.999400	gene_K	284.000000	468.000000	0.000000
669.999400	promoter_A	1.000000	0.000000	0.000000
669.999400	promoter_B1	0.000000	0.000000	0.000000
669.999400	promoter_D	0.000000	0.000000	0.000000
674.999010	__gene_A*_rbs	30.000000	0.000000	0.000000
674.999010	__gene_A_rbs	30.000000	0.000000	0.000000
674.999010	__gene_B_rbs	479.000000	0.000000	0.000000
674.999010	__gene_C_rbs	470.000000	0.000000	0.000000
674.999010	__gene_D_rbs	464.000000	0.000000	0.000000
674.999010	__gene_E_rbs	460.000000	0.000000	0.000000
674.999010	__gene_F_rbs	334.000000	0.000000	0.000000
674.999010	__gene_G_rbs	249.000000	0.000000	0.000000
674.999010	__gene_H_rbs	171.000000	0.000000	0.000000
674.999010	__gene_J_rbs	454.000000	0.000000	0.000000
674.999010	__gene_K_rbs	471.000000	0.000000	0.000000
674.999010	__ribosome	0.000000	0.000000	0.000000
674.999010	bound_ecolipol	1890.000000	0.000000	0.000000
674.999010	bound_ribosome	100.000000	0.000000	0.000000
674.999010	ecoli_genome	110.000000	0.000000	0.000000
674.999010	ecoli_transcript	51170.000000	0.000000	0.000000
674.999010	ecolipol	37.000000	0.000000	0.000000
674.999010	gene_A	16.000000	30.000000	0.000000
674.999010	gene_A*	18.000000	30.000000	0.000000
674.999010	gene_B	373.000000	479.000000	0.000000
674.999010	gene_C	242.000000	470.000000	0.000000
674.999010	gene_D	199.000000	464.000000	0.000000
674.999010	gene_E	168.000000	460.000000	0.000000
674.999010	gene_F	103.000000	334.000000	0.000000
674.999010	gene_G	27.000000	249.000000	0.088353
674.999010	gene_H	0.000000	171.000000	0.134503
674.999010	gene_J	101.000000	454.000000	0.121145
674.999010	gene_K	284.000000	471.000000	0.000000
674.999010	promoter_A	1.000000	0.000000	0.000000
674.999010	promoter_B1	0.000000	0.000000	0.000000
674.999010	promoter_D	0.000000	0.000000	0.000000
679.999039	__gene_A*_rbs	30.000000	0.000000	0.000000
679.999039	__gene_A_rbs	30.000000	0.000000	0.000000
679.999039	__gene_B_rbs	483.000000	0.000000	0.000000
679.999039	__gene_C_rbs	473.000000	0.000000	0.000000
679.999039	__gene_D_rbs	468.000000	0.000000	0.000000
679.999039	__gene_E_rbs	464.000000	0.000000	0.000000
679.999039	__gene_F_rbs	336.000000	0.000000	0.000000
679.999039	__gene_G_rbs	250.000000	0.000000	0.000000
679.999039	__gene_H_rbs	171.000000	0.000000	0.000000
679.999039	__gene_J_rbs	457.000000	0.000000	0.000000
679.999039	__gene_K_rbs	474.000000	0.000000	0.000000
679.999039	__ribosome	0.000000	0.000000	0.000000
679.999039	bound_ecolipol	1883.000000	0.000000	0.000000
679.999039	bound_ribosome	100.000000	0.000000	0.000000
679.999039	ecoli_genome	117.000000	0.000000	0.000000
679.999039	ecoli_transcript	51557.000000	0.000000	0.000000
679.999039	ecolipol	43.000000	0.000000	0.000000
679.999039	gene_A	16.000000	30.000000	0.000000
679.999039	gene_A*	18.000000	30.000000	0.000000
679.999039	gene_B	373.000000	483.000000	0.000000
679.999039	gene_C	242.000000	473.000000	0.000000
679.999039	gene_D	199.000000	468.000000	0.000000
679.999039	gene_E	168.000000	464.000000	0.000000
679.999039	gene_F	103.000000	336.000000	0.000000
679.999039	gene_G	27.000000	250.000000	0.088000
679.999039	gene_H	0.000000	171.000000	0.134503
679.999039	gene_J	101.000000	457.000000	0.120350
679.999039	gene_K	284.000000	474.000000	0.000000
679.999039	promoter_A	1.000000	0.000000	0.000000
679.999039	promoter_B1	0.000000	0.000000	0.000000
679.999039	promoter_D	0.000000	0.000000	0.000000
684.999188	__gene_A*_rbs	30.000000	0.000000	0.000000
684.999188	__gene_A_rbs	31.000000	0.000000	0.000000
684.999188	__gene_B_rbs	487.000000	0.000000	0.000000
684.999188	__gene_C_rbs	475.000000	0.000000	0.000000
684.999188	__gene_D_rbs	472.000000	0.000000	0.000000
684.999188	__gene_E_rbs	467.000000	0.000000	0.000000
684.999188	__gene_F_rbs	339.000000	0.000000	0.000000
684.999188	__gene_G_rbs	252.000000	0.000000	0.000000
684.999188	__gene_H_rbs	172.000000	0.000000	0.000000
684.999188	__gene_J_rbs	461.000000	0.000000	0.000000
684.999188	__gene_K_rbs	478.000000	0.000000	0.000000
684.999188	__ribosome	0.000000	0.000000	0.000000
684.999188	bound_ecolipol	1882.000000	0.000000	0.000000
684.999188	bound_ribosome	100.000000	0.000000	0.000000
684.999188	ecoli_genome	118.000000	0.000000	0.000000
684.999188	ecoli_transcript	51958.000000	0.000000	0.000000
684.999188	ecolipol	46.000000	0.000000	0.000000
684.999188	gene_A	16.000000	31.000000	0.000000
684.999188	gene_A*	18.000000	30.000000	0.000000
684.999188	gene_B	373.000000	487.000000	0.000000
684.999188	gene_C	242.000000	475.000000	0.000000
684.999188	gene_D	199.000000	472.000000	0.000000
684.999188	gene_E	168.000000	467.000000	0.000000
684.999188	gene_F	103.000000	339.000000	0.000000
684.999188	gene_G	27.000000	252.000000	0.087302
684.999188	gene_H	0.000000	172.000000	0.133721
684.999188	gene_J	101.000000	461.000000	0.119306
684.999188	gene_K	284.000000	478.000000	0.000000
684.999188	promoter_A	1.000000	0.000000	0.000000
684.999188	promoter_B1	0.000000	0.000000	0.000000
684.999188	promoter_D	0.000000	0.000000	0.000000
689.999162	__gene_A*_rbs	30.000000	0.000000	0.000000
689.999162	__gene_A_rbs	31.000000	0.000000	0.000000
689.999162	__gene_B_rbs	490.000000	0.000000	0.000000
689.999162	__gene_C_rbs	480.000000	0.000000	0.000000
689.999162	__gene_D_rbs	474.000000	0.000000	0.000000
689.999162	__gene_E_rbs	471.000000	0.000000	0.000000
689.999162	__gene_F_rbs	341.000000	0.000000	0.000000
689.999162	__gene_G_rbs	255.000000	0.000000	0.000000
689.999162	__gene_H_rbs	173.000000	0.000000	0.000000
689.999162	__gene_J_rbs	464.000000	0.000000	0.000000
689.999162	__gene_K_rbs	481.000000	0.000000	0.000000
689.999162	__ribosome	0.000000	0.000000	0.000000
689.999162	bound_ecolipol	1890.000000	0.000000	0.000000
689.999162	bound_ribosome	100.000000	0.000000	0.000000
689.999162	ecoli_genome	110.000000	0.000000	0.000000
689.999162	ecoli_transcript	52329.000000	0.000000	0.000000
689.999162	ecolipol	39.000000	0.000000	0.000000
689.999162	gene_A	16.000000	31.000000	0.000000
689.999162	gene_A*	18.000000	30.000000	0.000000
689.999162	gene_B	373.000000	490.000000	0.000000
689.999162	gene_C	242.000000	480.000000	0.000000
689.999162	gene_D	199.000000	474.000000	0.000000
689.999162	gene_E	168.000000	471.000000	0.000000
689.999162	gene_F	103.000000	341.000000	0.000000
689.999162	gene_G	27.000000	255.000000	0.086275
689.999162	gene_H	0.000000	173.000000	0.132948
689.999162	gene_J	101.000000	464.000000	0.118534
689.999162	gene_K	284.000000	481.000000	0.000000
689.999162	promoter_A	1.000000	0.000000	0.000000
689.999162	promoter_B1	0.000000	0.000000	0.000000
689.999162	promoter_D	0.000000	0.000000	0.000000
694.999123	__gene_A*_rbs	30.000000	0.000000	0.000000
694.999123	__gene_A_rbs	31.000000	0.000000	0.000000
694.999123	__gene_B_rbs	493.000000	0.000000	0.000000
694.999123	__gene_C_rbs	483.000000	0.000000	0.000000
694.999123	__gene_D_rbs	477.000000	0.000000	0.000000
694.999123	__gene_E_rbs	474.000000	0.000000	0.000000
694.999123	__gene_F_rbs	344.000000	0.000000	0.000000
694.999123	__gene_G_rbs	258.000000	0.000000	0.000000
694.999123	__gene_H_rbs	174.000000	0.000000	0.000000
694.999123	__gene_J_rbs	469.000000	0.000000	0.000000
694.999123	__gene_K_rbs	485.000000	0.000000	0.000000
694.999123	__ribosome	0.000000	0.000000	0.000000
694.999123	bound_ecolipol	1881.000000	0.000000	0.000000
694.999123	bound_ribosome	100.000000	0.000000	0.000000
694.999123	ecoli_genome	119.000000	0.000000	0.000000
694.999123	ecoli_transcript	52737.000000	0.000000	0.000000
694.999123	ecolipol	50.000000	0.000000	0.000000
694.999123	gene_A	16.000000	31.000000	0.000000
694.999123	gene_A*	18.000000	30.000000	0.000000
694.999123	gene_B	373.000000	493.000000	0.000000
694.999123	gene_C	242.000000	483.000000	0.000000
694.999123	gene_D	199.000000	477.000000	0.000000
694.999123	gene_E	168.000000	474.000000	0.000000
694.999123	gene_F	103.000000	344.000000	0.000000
694.999123	gene_G	27.000000	258.000000	0.085271
694.999123	gene_H	0.000000	174.000000	0.132184
694.999123	gene_J	101.000000	469.000000	0.117271
694.999123	gene_K	284.000000	485.000000	0.000000
694.999123	promoter_A	1.000000	0.000000	0.000000
694.999123	promoter_B1	0.000000	0.000000	0.000000
694.999123	promoter_D	0.000000	0.000000	0.000000
699.999058	__gene_A*_rbs	31.000000	0.000000	0.000000
699.999058	__gene_A_rbs	31.000000	0.000000	0.000000
699.999058	__gene_B_rbs	497.000000	0.000000	0.000000
699.999058	__gene_C_rbs	487.000000	0.000000	0.000000
699.999058	__gene_D_rbs	481.000000	0.000000	0.000000
699.999058	__gene_E_rbs	477.000000	0.000000	0.000000
699.999058	__gene_F_rbs	347.000000	0.000000	0.000000
699.999058	__gene_G_rbs	260.000000	0.000000	0.000000
699.999058	__gene_H_rbs	176.000000	0.000000	0.000000
699.999058	__gene_J_rbs	472.000000	0.000000	0.000000
699.999058	__gene_K_rbs	489.000000	0.000000	0.000000
699.999058	__ribosome	0.000000	0.000000	0.000000
699.999058	bound_ecolipol	1881.000000	0.000000	0.000000
699.999058	bound_ribosome	100.000000	0.000000	0.000000
699.999058	ecoli_genome	119.000000	0.000000	0.000000
699.999058	ecoli_transcript	53099.000000	0.000000	0.000000
699.999058	ecolipol	49.000000	0.000000	0.000000
699.999058	gene_A	16.000000	31.000000	0.000000
699.999058	gene_A*	18.000000	31.000000	0.000000
699.999058	gene_B	373.000000	497.000000	0.000000
699.999058	gene_C	242.000000	487.000000	0.000000
699.999058	gene_D	199.000000	481.000000	0.000000
699.999058	gene_E	168.000000	477.000000	0.000000
699.999058	gene_F	103.000000	347.000000	0.000000
699.999058	gene_G	27.000000	260.000000	0.084615
699.999058	gene_H	0.000000	176.000000	0.130682
699.999058	gene_J	101.000000	472.000000	0.116525
699.999058	gene_K	284.000000	489.000000	0.000000
699.999058	promoter_A	1.000000	0.000000	0.000000
699.999058	promoter_B1	0.000000	0.000000	0.000000
699.999058	promoter_D	0.000000	0.000000	0.000000
704.999137	__gene_A*_rbs	31.000000	0.000000	0.000000
704.999137	__gene_A_rbs	31.000000	0.000000	0.000000
704.999137	__gene_B_rbs	501.000000	0.000000	0.000000
704.999137	__gene_C_rbs	491.000000	0.000000	0.000000
704.999137	__gene_D_rbs	484.000000	0.000000	0.000000
704.999137	__gene_E_rbs	481.000000	0.000000	0.000000
704.999137	__gene_F_rbs	350.000000	0.000000	0.000000
704.999137	__gene_G_rbs	261.000000	0.000000	0.000000
704.999137	__gene_H_rbs	177.000000	0.000000	0.000000
704.999137	__gene_J_rbs	475.000000	0.000000	0.000000
704.999137	__gene_K_rbs	493.000000	0.000000	0.000000
704.999137	__ribosome	0.000000	0.000000	0.000000
704.999137	bound_ecolipol	1891.000000	0.000000	0.000000
704.999137	bound_ribosome	100.000000	0.000000	0.000000
704.999137	ecoli_genome	109.000000	0.000000	0.000000
704.999137	ecoli_transcript	53491.000000	0.000000	0.000000
704.999137	ecolipol	40.000000	0.000000	0.000000
704.999137	gene_A	16.000000	31.000000	0.000000
704.999137	gene_A*	18.000000	31.000000	0.000000
704.999137	gene_B	373.000000	501.000000	0.000000
704.999137	gene_C	242.000000	491.000000	0.000000
704.999137	gene_D	199.000000	484.000000	0.000000
704.999137	gene_E	168.000000	481.000000	0.000000
704.999137	gene_F	103.000000	350.000000	0.000000
704.999137	gene_G	27.000000	261.000000	0.084291
704.999137	gene_H	0.000000	177.000000	0.129944
704.999137	gene_J	101.000000	475.000000	0.115789
704.999137	gene_K	284.000000	493.000000	0.000000
704.999137	promoter_A	1.000000	0.000000	0.000000
704.999137	promoter_B1	0.000000	0.000000	0.000000
704.999137	promoter_D	0.000000	0.000000	0.000000
709.999082	__gene_A*_rbs	31.000000	0.000000	0.000000
709.999082	__gene_A_rbs	31.000000	0.000000	0.000000
709.999082	__gene_B_rbs	505.000000	0.000000	0.000000
709.999082	__gene_C_rbs	494.000000	0.000000	0.000000
709.999082	__gene_D_rbs	488.000000	0.000000	0.000000
709.999082	__gene_E_rbs	484.000000	0.000000	0.000000
709.999082	__gene_F_rbs	352.000000	0.000000	0.000000
709.999082	__gene_G_rbs	263.000000	0.000000	0.000000
709.999082	__gene_H_rbs	178.000000	0.000000	0.000000
709.999082	__gene_J_rbs	478.000000	0.000000	0.000000
709.999082	__gene_K_rbs	496.000000	0.000000	0.000000
709.999082	__ribosome	0.000000	0.000000	0.000000
709.999082	bound_ecolipol	1895.000000	0.000000	0.000000
709.999082	bound_ribosome	100.000000	0.000000	0.000000
709.999082	ecoli_genome	105.000000	0.000000	0.000000
709.999082	ecoli_transcript	53850.000000	0.000000	0.000000
709.999082	ecolipol	39.000000	0.000000	0.000000
709.999082	gene_A	16.000000	31.000000	0.000000
709.999082	gene_A*	18.000000	31.000000	0.000000
709.999082	gene_B	373.000000	505.000000	0.000000
709.999082	gene_C	242.000000	494.000000	0.000000
709.999082	gene_D	199.000000	488.000000	0.000000
709.999082	gene_E	168.000000	484.000000	0.000000
709.999082	gene_F	103.000000	352.000000	0.000000
709.999082	gene_G	27.000000	263.000000	0.083650
709.999082	gene_H	0.000000	178.000000	0.129213
709.999082	gene_J	101.000000	478.000000	0.115063
709.999082	gene_K	284.000000	496.000000	0.000000
709.999082	promoter_A	1.000000	0.000000	0.000000
709.999082	promoter_B1	0.000000	0.000000	0.000000
709.999082	promoter_D	0.000000	0.000000	0.000000
714.999080	__gene_A*_rbs	31.000000	0.000000	0.000000
714.999080	__gene_A_rbs	32.000000	0.000000	0.000000
714.999080	__gene_B_rbs	508.000000	0.000000	0.000000
714.999080	__gene_C_rbs	498.000000	0.000000	0.000000
714.999080	__gene_D_rbs	492.000000	0.000000	0.000000
714.999080	__gene_E_rbs	487.000000	0.000000	0.000000
714.999080	__gene_F_rbs	354.000000	0.000000	0.000000
714.999080	__gene_G_rbs	265.000000	0.000000	0.000000
714.999080	__gene_H_rbs	179.000000	0.000000	0.000000
714.999080	__gene_J_rbs	482.000000	0.000000	0.000000
714.999080	__gene_K_rbs	500.000000	0.000000	0.000000
714.999080	__ribosome	0.000000	0.000000	0.000000
714.999080	bound_ecolipol	1890.000000	0.000000	0.000000
714.999080	bound_ribosome	100.000000	0.000000	0.000000
714.999080	ecoli_genome	110.000000	0.000000	0.000000
714.999080	ecoli_transcript	54193.000000	0.000000	0.000000
714.999080	ecolipol	43.000000	0.000000	0.000000
714.999080	gene_A	16.000000	32.000000	0.000000
714.999080	gene_A*	18.000000	31.000000	0.000000
714.999080	gene_B	373.000000	508.000000	0.000000
714.999080	gene_C	242.000000	498.000000	0.000000
714.999080	gene_D	199.000000	492.000000	0.000000
714.999080	gene_E	168.000000	487.000000	0.000000
714.999080	gene_F	103.000000	354.000000	0.000000
714.999080	gene_G	27.000000	265.000000	0.083019
714.999080	gene_H	0.000000	179.000000	0.128492
714.999080	gene_J	101.000000	482.000000	0.114108
714.999080	gene_K	284.000000	500.000000	0.000000
714.999080	promoter_A	1.000000	0.000000	0.000000
714.999080	promoter_B1	0.000000	0.000000	0.000000
714.999080	promoter_D	0.000000	0.000000	0.000000
719.999610	__gene_A*_rbs	31.000000	0.000000	0.000000
719.999610	__gene_A_rbs	32.000000	0.000000	0.000000
719.999610	__gene_B_rbs	511.000000	0.000000	0.000000
719.999610	__gene_C_rbs	502.000000	0.000000	0.000000
719.999610	__gene_D_rbs	495.000000	0.000000	0.000000
719.999610	__gene_E_rbs	491.000000	0.000000	0.000000
719.999610	__gene_F_rbs	355.000000	0.000000	0.000000
719.999610	__gene_G_rbs	268.000000	0.000000	0.000000
719.999610	__gene_H_rbs	179.000000	0.000000	0.000000
719.999610	__gene_J_rbs	485.000000	0.000000	0.000000
719.999610	__gene_K_rbs	503.000000	0.000000	0.000000
719.999610	__ribosome	0.000000	0.000000	0.000000
719.999610	bound_ecolipol	1885.000000	0.000000	0.000000
719.999610	bound_ribosome	100.000000	0.000000	0.000000
719.999610	ecoli_genome	115.000000	0.000000	0.000000
719.999610	ecoli_transcript	54592.000000	0.000000	0.000000
719.999610	ecolipol	49.000000	0.000000	0.000000
719.999610	gene_A	16.000000	32.000000	0.000000
719.999610	gene_A*	18.000000	31.000000	0.000000
719.999610	gene_B	373.000000	511.000000	0.000000
719.999610	gene_C	242.000000	502.000000	0.000000
719.999610	gene_D	199.000000	495.000000	0.000000
719.999610	gene_E	168.000000	491.000000	0.000000
719.999610	gene_F	103.000000	355.000000	0.000000
719.999610	gene_G	27.000000	268.000000	0.082090
719.999610	gene_H	0.000000	179.000000	0.128492
719.999610	gene_J	101.000000	485.000000	0.113402
719.999610	gene_K	284.000000	503.000000	0.000000
719.999610	promoter_A	1.000000	0.000000	0.000000
719.999610	promoter_B1	0.000000	0.000000	0.000000
719.999610	promoter_D	0.000000	0.000000	0.000000
724.999280	__gene_A*_rbs	32.000000	0.000000	0.000000
724.999280	__gene_A_rbs	32.000000	0.000000	0.000000
724.999280	__gene_B_rbs	515.000000	0.000000	0.000000
724.999280	__gene_C_rbs	505.000000	0.000000	0.000000
724.999280	__gene_D_rbs	499.000000	0.000000	0.000000
724.999280	__gene_E_rbs	495.000000	0.000000	0.000000
724.999280	__gene_F_rbs	357.000000	0.000000	0.000000
724.999280	__gene_G_rbs	270.000000	0.000000	0.000000
724.999280	__gene_H_rbs	181.000000	0.000000	0.000000
724.999280	__gene_J_rbs	489.000000	0.000000	0.000000
724.999280	__gene_K_rbs	507.000000	0.000000	0.000000
724.999280	__ribosome	0.000000	0.000000	0.000000
724.999280	bound_ecolipol	1893.000000	0.000000	0.000000
724.999280	bound_ribosome	100.000000	0.000000	0.000000
724.999280	ecoli_genome	107.000000	0.000000	0.000000
724.999280	ecoli_transcript	54955.000000	0.000000	0.000000
724.999280	ecolipol	39.000000	0.000000	0.000000
724.999280	gene_A	16.000000	32.000000	0.000000
724.999280	gene_A*	18.000000	32.000000	0.000000
724.999280	gene_B	373.000000	515.000000	0.000000
724.999280	gene_C	242.000000	505.000000	0.000000
724.999280	gene_D	199.000000	499.000000	0.000000
724.999280	gene_E	168.000000	495.000000	0.000000
724.999280	gene_F	103.000000	357.000000	0.000000
724.999280	gene_G	27.000000	270.000000	0.081481
724.999280	gene_H	0.000000	181.000000	0.127072
724.999280	gene_J	101.000000	489.000000	0.112474
724.999280	gene_K	284.000000	507.000000	0.000000
724.999280	promoter_A	0.000000	0.000000	0.000000
724.999280	promoter_B1	0.000000	0.000000	0.000000
724.999280	promoter_D	0.000000	0.000000	0.000000
729.999068	__gene_A*_rbs	32.000000	0.000000	0.000000
729.999068	__gene_A_rbs	34.000000	0.000000	0.000000
729.999068	__gene_B_rbs	518.000000	0.000000	0.000000
729.999068	__gene_C_rbs	508.000000	0.000000	0.000000
729.999068	__gene_D_rbs	503.000000	0.000000	0.000000
729.999068	__gene_E_rbs	498.000000	0.000000	0.000000
729.999068	__gene_F_rbs	359.000000	0.000000	0.000000
729.999068	__gene_G_rbs	273.000000	0.000000	0.000000
729.999068	__gene_H_rbs	183.000000	0.000000	0.000000
729.999068	__gene_J_rbs	492.000000	0.000000	0.000000
729.999068	__gene_K_rbs	511.000000	0.000000	0.000000
729.999068	__ribosome	0.000000	0.000000	0.000000
729.999068	bound_ecolipol	1896.000000	0.000000	0.000000
729.999068	bound_ribosome	100.000000	0.000000	0.000000
729.999068	ecoli_genome	104.000000	0.000000	0.000000
729.999068	ecoli_transcript	55317.000000	0.000000	0.000000
729.999068	ecolipol	36.000000	0.000000	0.000000
729.999068	gene_A	16.000000	34.000000	0.000000
729.999068	gene_A*	18.000000	32.000000	0.000000
729.999068	gene_B	373.000000	518.000000	0.000000
729.999068	gene_C	242.000000	508.000000	0.000000
729.999068	gene_D	199.000000	503.000000	0.000000
729.999068	gene_E	168.000000	498.000000	0.000000
729.999068	gene_F	103.000000	359.000000	0.000000
729.999068	gene_G	27.000000	273.000000	0.080586
729.999068	gene_H	0.000000	183.000000	0.125683
729.999068	gene_J	101.000000	492.000000	0.111789
729.999068	gene_K	284.000000	511.000000	0.000000
729.999068	promoter_A	1.000000	0.000000	0.000000
729.999068	promoter_B1	0.000000	0.000000	0.000000
729.999068	promoter_D	0.000000	0.000000	0.000000
734.999135	__gene_A*_rbs	32.000000	0.000000	0.000000
734.999135	__gene_A_rbs	34.000000	0.000000	0.000000
734.999135	__gene_B_rbs	522.000000	0.000000	0.000000
734.999135	__gene_C_rbs	512.000000	0.000000	0.000000
734.999135	__gene_D_rbs	507.000000	0.000000	0.000000
734.999135	__gene_E_rbs	502.000000	0.000000	0.000000
734.999135	__gene_F_rbs	362.000000	0.000000	0.000000
734.999135	__gene_G_rbs	275.000000	0.000000	0.000000
734.999135	__gene_H_rbs	185.000000	0.000000	0.000000
734.999135	__gene_J_rbs	495.000000	0.000000	0.000000
734.999135	__gene_K_rbs	515.000000	0.000000	0.000000
734.999135	__ribosome	0.000000	0.000000	0.000000
734.999135	bound_ecolipol	1899.000000	0.000000	0.000000
734.999135	bound_ribosome	100.000000	0.000000	0.000000
734.999135	ecoli_genome	101.000000	0.000000	0.000000
734.999135	ecoli_transcript	55651.000000	0.000000	0.000000
734.999135	ecolipol	31.000000	0.000000	0.000000
734.999135	gene_A	16.000000	34.000000	0.000000
734.999135	gene_A*	18.000000	32.000000	0.000000
734.999135	gene_B	373.000000	522.000000	0.000000
734.999135	gene_C	242.000000	512.000000	0.000000
734.999135	gene_D	199.000000	507.000000	0.000000
734.999135	gene_E	168.000000	502.000000	0.000000
734.999135	gene_F	103.000000	362.000000	0.000000
734.999135	gene_G	27.000000	275.000000	0.080000
734.999135	gene_H	0.000000	185.000000	0.124324
734.999135	gene_J	101.000000	495.000000	0.111111
734.999135	gene_K	284.000000	515.000000	0.000000
734.999135	promoter_A	1.000000	0.000000	0.000000
734.999135	promoter_B1	0.000000	0.000000	0.000000
734.999135	promoter_D	0.000000	0.000000	0.000000
739.999088	__gene_A*_rbs	32.000000	0.000000	0.000000
739.999088	__gene_A_rbs	34.000000	0.000000	0.000000
739.999088	__gene_B_rbs	526.000000	0.000000	0.000000
739.999088	__gene_C_rbs	516.000000	0.000000	0.000000
739.999088	__gene_D_rbs	510.000000	0.000000	0.000000
739.999088	__gene_E_rbs	506.000000	0.000000	0.000000
739.999088	__gene_F_rbs	365.000000	0.000000	0.000000
739.999088	__gene_G_rbs	278.000000	0.000000	0.000000
739.999088	__gene_H_rbs	186.000000	0.000000	0.000000
739.999088	__gene_J_rbs	499.000000	0.000000	0.000000
739.999088	__gene_K_rbs	518.000000	0.000000	0.000000
739.999088	__ribosome	0.000000	0.000000	0.000000
739.999088	bound_ecolipol	1898.000000	0.000000	0.000000
739.999088	bound_ribosome	100.000000	0.000000	0.000000
739.999088	ecoli_genome	102.000000	0.000000	0.000000
739.999088	ecoli_transcript	55989.000000	0.000000	0.000000
739.999088	ecolipol	33.000000	0.000000	0.000000
739.999088	gene_A	16.000000	34.000000	0.000000
739.999088	gene_A*	18.000000	32.000000	0.000000
739.999088	gene_B	373.000000	526.000000	0.000000
739.999088	gene_C	242.000000	516.000000	0.000000
739.999088	gene_D	199.000000	510.000000	0.000000
739.999088	gene_E	168.000000	506.000000	0.000000
739.999088	gene_F	103.000000	365.000000	0.000000
739.999088	gene_G	27.000000	278.000000	0.079137
739.999088	gene_H	0.000000	186.000000	0.123656
739.999088	gene_J	101.000000	499.000000	0.110220
739.999088	gene_K	284.000000	518.000000	0.000000
739.999088	promoter_A	1.000000	0.000000	0.000000
739.999088	promoter_B1	0.000000	0.000000	0.000000
739.999088	promoter_D	0.000000	0.000000	0.000000
744.999604	__gene_A*_rbs	34.000000	0.000000	0.000000
744.999604	__gene_A_rbs	34.000000	0.000000	0.000000
744.999604	__gene_B_rbs	530.000000	0.000000	0.000000
744.999604	__gene_C_rbs	519.000000	0.000000	0.000000
744.999604	__gene_D_rbs	514.000000	0.000000	0.000000
744.999604	__gene_E_rbs	510.000000	0.000000	0.000000
744.999604	__gene_F_rbs	366.000000	0.000000	0.000000
744.999604	__gene_G_rbs	279.000000	0.000000	0.000000
744.999604	__gene_H_rbs	187.000000	0.000000	0.000000
744.999604	__gene_J_rbs	503.000000	0.000000	0.000000
744.999604	__gene_K_rbs	521.000000	0.000000	0.000000
744.999604	__ribosome	0.000000	0.000000	0.000000
744.999604	bound_ecolipol	1887.000000	0.000000	0.000000
744.999604	bound_ribosome	100.000000	0.000000	0.000000
744.999604	ecoli_genome	113.000000	0.000000	0.000000
744.999604	ecoli_transcript	56354.000000	0.000000	0.000000
744.999604	ecolipol	41.000000	0.000000	0.000000
744.999604	gene_A	16.000000	34.000000	0.000000
744.999604	gene_A*	18.000000	34.000000	0.000000
744.999604	gene_B	373.000000	530.000000	0.000000
744.999604	gene_C	242.000000	519.000000	0.000000
744.999604	gene_D	199.000000	514.000000	0.000000
744.999604	gene_E	168.000000	510.000000	0.000000
744.999604	gene_F	103.000000	366.000000	0.000000
744.999604	gene_G	27.000000	279.000000	0.078853
744.999604	gene_H	0.000000	187.000000	0.122995
744.999604	gene_J	101.000000	503.000000	0.109344
744.999604	gene_K	284.000000	521.000000	0.000000
744.999604	promoter_A	0.000000	0.000000	0.000000
744.999604	promoter_B1	0.000000	0.000000	0.000000
744.999604	promoter_D	0.000000	0.000000	0.000000
749.999147	__gene_A*_rbs	34.000000	0.000000	0.000000
749.999147	__gene_A_rbs	35.000000	0.000000	0.000000
749.999147	__gene_B_rbs	534.000000	0.000000	0.000000
749.999147	__gene_C_rbs	523.000000	0.000000	0.000000
749.999147	__gene_D_rbs	517.000000	0.000000	0.000000
749.999147	__gene_E_rbs	513.000000	0.000000	0.000000
749.999147	__gene_F_rbs	368.000000	0.000000	0.000000
749.999147	__gene_G_rbs	283.000000	0.000000	0.000000
749.999147	__gene_H_rbs	188.000000	0.000000	0.000000
749.999147	__gene_J_rbs	506.000000	0.000000	0.000000
749.999147	__gene_K_rbs	525.000000	0.000000	0.000000
749.999147	__ribosome	0.000000	0.000000	0.000000
749.999147	bound_ecolipol	1888.000000	0.000000	0.000000
749.999147	bound_ribosome	100.000000	0.000000	0.000000
749.999147	ecoli_genome	112.000000	0.000000	0.000000
749.999147	ecoli_transcript	56736.000000	0.000000	0.000000
749.999147	ecolipol	43.000000	0.000000	0.000000
749.999147	gene_A	16.000000	35.000000	0.000000
749.999147	gene_A*	18.000000	34.000000	0.000000
749.999147	gene_B	373.000000	534.000000	0.000000
749.999147	gene_C	242.000000	523.000000	0.000000
749.999147	gene_D	199.000000	517.000000	0.000000
749.999147	gene_E	168.000000	513.000000	0.000000
749.999147	gene_F	103.000000	368.000000	0.000000
749.999147	gene_G	27.000000	283.000000	0.077739
749.999147	gene_H	0.000000	188.000000	0.122340
749.999147	gene_J	101.000000	506.000000	0.108696
749.999147	gene_K	284.000000	525.000000	0.000000
749.999147	promoter_A	1.000000	0.000000	0.000000
749.999147	promoter_B1	0.000000	0.000000	0.000000
749.999147	promoter_D	0.000000	0.000000	0.000000
754.999398	__gene_A*_rbs	34.000000	0.000000	0.000000
754.999398	__gene_A_rbs	35.000000	0.000000	0.000000
754.999398	__gene_B_rbs	537.000000	0.000000	0.000000
754.999398	__gene_C_rbs	527.000000	0.000000	0.000000
754.999398	__gene_D_rbs	521.000000	0.000000	0.000000
754.999398	__gene_E_rbs	517.000000	0.000000	0.000000
754.999398	__gene_F_rbs	370.000000	0.000000	0.000000
754.999398	__gene_G_rbs	283.000000	0.000000	0.000000
754.999398	__gene_H_rbs	190.000000	0.000000	0.000000
754.999398	__gene_J_rbs	510.000000	0.000000	0.000000
754.999398	__gene_K_rbs	528.000000	0.000000	0.000000
754.999398	__ribosome	0.000000	0.000000	0.000000
754.999398	bound_ecolipol	1884.000000	0.000000	0.000000
754.999398	bound_ribosome	100.000000	0.000000	0.000000
754.999398	ecoli_genome	116.000000	0.000000	0.000000
754.999398	ecoli_transcript	57117.000000	0.000000	0.000000
754.999398	ecolipol	50.000000	0.000000	0.000000
754.999398	gene_A	16.000000	35.000000	0.000000
754.999398	gene_A*	18.000000	34.000000	0.000000
754.999398	gene_B	373.000000	537.000000	0.000000
754.999398	gene_C	242.000000	527.000000	0.000000
754.999398	gene_D	199.000000	521.000000	0.000000
754.999398	gene_E	168.000000	517.000000	0.000000
754.999398	gene_F	103.000000	370.000000	0.000000
754.999398	gene_G	27.000000	283.000000	0.077739
754.999398	gene_H	0.000000	190.000000	0.121053
754.999398	gene_J	101.000000	510.000000	0.107843
754.999398	gene_K	284.000000	528.000000	0.000000
754.999398	promoter_A	1.000000	0.000000	0.000000
754.999398	promoter_B1	0.000000	0.000000	0.000000
754.999398	promoter_D	0.000000	0.000000	0.000000
759.999301	__gene_A*_rbs	34.000000	0.000000	0.000000
759.999301	__gene_A_rbs	35.000000	0.000000	0.000000
759.999301	__gene_B_rbs	541.000000	0.000000	0.000000
759.999301	__gene_C_rbs	531.000000	0.000000	0.000000
759.999301	__gene_D_rbs	525.000000	0.000000	0.000000
759.999301	__gene_E_rbs	521.000000	0.000000	0.000000
759.999301	__gene_F_rbs	373.000000	0.000000	0.000000
759.999301	__gene_G_rbs	284.000000	0.000000	0.000000
759.999301	__gene_H_rbs	192.000000	0.000000	0.000000
759.999301	__gene_J_rbs	514.000000	0.000000	0.000000
759.999301	__gene_K_rbs	533.000000	0.000000	0.000000
759.999301	__ribosome	0.000000	0.000000	0.000000
759.999301	bound_ecolipol	1889.000000	0.000000	0.000000
759.999301	bound_ribosome	100.000000	0.000000	0.000000
759.999301	ecoli_genome	111.000000	0.000000	0.000000
759.999301	ecoli_transcript	57501.000000	0.000000	0.000000
759.999301	ecolipol	45.000000	0.000000	0.000000
759.999301	gene_A	16.000000	35.000000	0.000000
759.999301	gene_A*	18.000000	34.000000	0.000000
759.999301	gene_B	373.000000	541.000000	0.000000
759.999301	gene_C	242.000000	531.000000	0.000000
759.999301	gene_D	199.000000	525.000000	0.000000
759.999301	gene_E	168.000000	521.000000	0.000000
759.999301	gene_F	103.000000	373.000000	0.000000
759.999301	gene_G	27.000000	284.000000	0.077465
759.999301	gene_H	0.000000	192.000000	0.119792
759.999301	gene_J	101.000000	514.000000	0.107004
759.999301	gene_K	284.000000	533.000000	0.000000
759.999301	promoter_A	1.000000	0.000000	0.000000
759.999301	promoter_B1	0.000000	0.000000	0.000000
759.999301	promoter_D	0.000000	0.000000	0.000000
764.999393	__gene_A*_rbs	35.000000	0.000000	0.000000
764.999393	__gene_A_rbs	35.000000	0.000000	0.000000
764.999393	__gene_B_rbs	544.000000	0.000000	0.000000
764.999393	__gene_C_rbs	534.000000	0.000000	0.000000
764.999393	__gene_D_rbs	528.000000	0.000000	0.000000
764.999393	__gene_E_rbs	524.000000	0.000000	0.000000
764.999393	__gene_F_rbs	374.000000	0.000000	0.000000
764.999393	__gene_G_rbs	286.000000	0.000000	0.000000
764.999393	__gene_H_rbs	194.000000	0.000000	0.000000
764.999393	__gene_J_rbs	517.000000	0.000000	0.000000
764.999393	__gene_K_rbs	536.000000	0.000000	0.000000
764.999393	__ribosome	0.000000	0.000000	0.000000
764.999393	bound_ecolipol	1892.000000	0.000000	0.000000
764.999393	bound_ribosome	100.000000	0.000000	0.000000
764.999393	ecoli_genome	108.000000	0.000000	0.000000
764.999393	ecoli_transcript	57882.000000	0.000000	0.000000
764.999393	ecolipol	44.000000	0.000000	0.000000
764.999393	gene_A	16.000000	35.000000	0.000000
764.999393	gene_A*	18.000000	35.000000	0.000000
764.999393	gene_B	373.000000	544.000000	0.000000
764.999393	gene_C	242.000000	534.000000	0.000000
764.999393	gene_D	199.000000	528.000000	0.000000
764.999393	gene_E	168.000000	524.000000	0.000000
764.999393	gene_F	103.000000	374.000000	0.000000
764.999393	gene_G	27.000000	286.000000	0.076923
764.999393	gene_H	0.000000	194.000000	0.118557
764.999393	gene_J	101.000000	517.000000	0.106383
764.999393	gene_K	284.000000	536.000000	0.000000
764.999393	promoter_A	1.000000	0.000000	0.000000
764.999393	promoter_B1	0.000000	0.000000	0.000000
764.999393	promoter_D	0.000000	0.000000	0.000000
769.999114	__gene_A*_rbs	35.000000	0.000000	0.000000
769.999114	__gene_A_rbs	35.000000	0.000000	0.000000
769.999114	__gene_B_rbs	547.000000	0.000000	0.000000
769.999114	__gene_C_rbs	538.000000	0.000000	0.000000
769.999114	__gene_D_rbs	532.000000	0.000000	0.000000
769.999114	__gene_E_rbs	527.000000	0.000000	0.000000
769.999114	__gene_F_rbs	377.000000	0.000000	0.000000
769.999114	__gene_G_rbs	288.000000	0.000000	0.000000
769.999114	__gene_H_rbs	194.000000	0.000000	0.000000
769.999114	__gene_J_rbs	521.000000	0.000000	0.000000
769.999114	__gene_K_rbs	540.000000	0.000000	0.000000
769.999114	__ribosome	0.000000	0.000000	0.000000
769.999114	bound_ecolipol	1885.000000	0.000000	0.000000
769.999114	bound_ribosome	100.000000	0.000000	0.000000
769.999114	ecoli_genome	115.000000	0.000000	0.000000
769.999114	ecoli_transcript	58250.000000	0.000000	0.000000
769.999114	ecolipol	49.000000	0.000000	0.000000
769.999114	gene_A	16.000000	35.000000	0.000000
769.999114	gene_A*	18.000000	35.000000	0.000000
769.999114	gene_B	373.000000	547.000000	0.000000
769.999114	gene_C	242.000000	538.000000	0.000000
769.999114	gene_D	199.000000	532.000000	0.000000
769.999114	gene_E	168.000000	527.000000	0.000000
769.999114	gene_F	103.000000	377.000000	0.000000
769.999114	gene_G	27.000000	288.000000	0.076389
769.999114	gene_H	0.000000	194.000000	0.118557
769.999114	gene_J	101.000000	521.000000	0.105566
769.999114	gene_K	284.000000	540.000000	0.000000
769.999114	promoter_A	1.000000	0.000000	0.000000
769.999114	promoter_B1	0.000000	0.000000	0.000000
769.999114	promoter_D	0.000000	0.000000	0.000000
774.999462	__gene_A*_rbs	35.000000	0.000000	0.000000
774.999462	__gene_A_rbs	35.000000	0.000000	0.000000
774.999462	__gene_B_rbs	551.000000	0.000000	0.000000
774.999462	__gene_C_rbs	541.000000	0.000000	0.000000
774.999462	__gene_D_rbs	535.000000	0.000000	0.000000
774.999462	__gene_E_rbs	531.000000	0.000000	0.000000
774.999462	__gene_F_rbs	380.000000	0.000000	0.000000
774.999462	__gene_G_rbs	289.000000	0.000000	0.000000
774.999462	__gene_H_rbs	195.000000	0.000000	0.000000
774.999462	__gene_J_rbs	525.000000	0.000000	0.000000
774.999462	__gene_K_rbs	543.000000	0.000000	0.000000
774.999462	__ribosome	0.000000	0.000000	0.000000
774.999462	bound_ecolipol	1887.000000	0.000000	0.000000
774.999462	bound_ribosome	100.000000	0.000000	0.000000
774.999462	ecoli_genome	113.000000	0.000000	0.000000
774.999462	ecoli_transcript	58603.000000	0.000000	0.000000
774.999462	ecolipol	48.000000	0.000000	0.000000
774.999462	gene_A	16.000000	35.000000	0.000000
774.999462	gene_A*	18.000000	35.000000	0.000000
774.999462	gene_B	373.000000	551.000000	0.000000
774.999462	gene_C	242.000000	541.000000	0.000000
774.999462	gene_D	199.000000	535.000000	0.000000
774.999462	gene_E	168.000000	531.000000	0.000000
774.999462	gene_F	103.000000	380.000000	0.000000
774.999462	gene_G	27.000000	289.000000	0.076125
774.999462	gene_H	0.000000	195.000000	0.117949
774.999462	gene_J	101.000000	525.000000	0.104762
774.999462	gene_K	284.000000	543.000000	0.000000
774.999462	promoter_A	1.000000	0.000000	0.000000
774.999462	promoter_B1	0.000000	0.000000	0.000000
774.999462	promoter_D	0.000000	0.000000	0.000000
779.999336	__gene_A*_rbs	35.000000	0.000000	0.000000
779.999336	__gene_A_rbs	35.000000	0.000000	0.000000
779.999336	__gene_B_rbs	555.000000	0.000000	0.000000
779.999336	__gene_C_rbs	544.000000	0.000000	0.000000
779.999336	__gene_D_rbs	539.000000	0.000000	0.000000
779.999336	__gene_E_rbs	534.000000	0.000000	0.000000
779.999336	__gene_F_rbs	382.000000	0.000000	0.000000
779.999336	__gene_G_rbs	292.000000	0.000000	0.000000
779.999336	__gene_H_rbs	197.000000	0.000000	0.000000
779.999336	__gene_J_rbs	529.000000	0.000000	0.000000
779.999336	__gene_K_rbs	546.000000	0.000000	0.000000
779.999336	__ribosome	0.000000	0.000000	0.000000
779.999336	bound_ecolipol	1881.000000	0.000000	0.000000
779.999336	bound_ribosome	100.000000	0.000000	0.000000
779.999336	ecoli_genome	119.000000	0.000000	0.000000
779.999336	ecoli_transcript	58982.000000	0.000000	0.000000
779.999336	ecolipol	52.000000	0.000000	0.000000
779.999336	gene_A	16.000000	35.000000	0.000000
779.999336	gene_A*	18.000000	35.000000	0.000000
779.999336	gene_B	373.000000	555.000000	0.000000
779.999336	gene_C	242.000000	544.000000	0.000000
779.999336	gene_D	199.000000	539.000000	0.000000
779.999336	gene_E	168.000000	534.000000	0.000000
779.999336	gene_F	103.000000	382.000000	0.000000
779.999336	gene_G	27.000000	292.000000	0.075342
779.999336	gene_H	0.000000	197.000000	0.116751
779.999336	gene_J	101.000000	529.000000	0.103970
779.999336	gene_K	284.000000	546.000000	0.000000
779.999336	promoter_A	1.000000	0.000000	0.000000
779.999336	promoter_B1	0.000000	0.000000	0.000000
779.999336	promoter_D	0.000000	0.000000	0.000000
784.999524	__gene_A*_rbs	35.000000	0.000000	0.000000
784.999524	__gene_A_rbs	35.000000	0.000000	0.000000
784.999524	__gene_B_rbs	558.000000	0.000000	0.000000
784.999524	__gene_C_rbs	548.000000	0.000000	0.000000
784.999524	__gene_D_rbs	542.000000	0.000000	0.000000
784.999524	__gene_E_rbs	538.000000	0.000000	0.000000
784.999524	__gene_F_rbs	384.000000	0.000000	0.000000
784.999524	__gene_G_rbs	294.000000	0.000000	0.000000
784.999524	__gene_H_rbs	199.000000	0.000000	0.000000
784.999524	__gene_J_rbs	531.000000	0.000000	0.000000
784.999524	__gene_K_rbs	550.000000	0.000000	0.000000
784.999524	__ribosome	0.000000	0.000000	0.000000
784.999524	bound_ecolipol	1892.000000	0.000000	0.000000
784.999524	bound_ribosome	100.000000	0.000000	0.000000
784.999524	ecoli_genome	108.000000	0.000000	0.000000
784.999524	ecoli_transcript	59359.000000	0.000000	0.000000
784.999524	ecolipol	41.000000	0.000000	0.000000
784.999524	gene_A	16.000000	35.000000	0.000000
784.999524	gene_A*	18.000000	35.000000	0.000000
784.999524	gene_B	373.000000	558.000000	0.000000
784.999524	gene_C	242.000000	548.000000	0.000000
784.999524	gene_D	199.000000	542.000000	0.000000
784.999524	gene_E	168.000000	538.000000	0.000000
784.999524	gene_F	103.000000	384.000000	0.000000
784.999524	gene_G	27.000000	294.000000	0.074830
784.999524	gene_H	0.000000	199.000000	0.115578
784.999524	gene_J	101.000000	531.000000	0.103578
784.999524	gene_K	284.000000	550.000000	0.000000
784.999524	promoter_A	1.000000	0.000000	0.000000
784.999524	promoter_B1	0.000000	0.000000	0.000000
784.999524	promoter_D	0.000000	0.000000	0.000000
789.999149	__gene_A*_rbs	35.000000	0.000000	0.000000
789.999149	__gene_A_rbs	35.000000	0.000000	0.000000
789.999149	__gene_B_rbs	562.000000	0.000000	0.000000
789.999149	__gene_C_rbs	552.000000	0.000000	0.000000
789.999149	__gene_D_rbs	546.000000	0.000000	0.000000
789.999149	__gene_E_rbs	542.000000	0.000000	0.000000
789.999149	__gene_F_rbs	384.000000	0.000000	0.000000
789.999149	__gene_G_rbs	296.000000	0.000000	0.000000
789.999149	__gene_H_rbs	199.000000	0.000000	0.000000
789.999149	__gene_J_rbs	535.000000	0.000000	0.000000
789.999149	__gene_K_rbs	554.000000	0.000000	0.000000
789.999149	__ribosome	0.000000	0.000000	0.000000
789.999149	bound_ecolipol	1883.000000	0.000000	0.000000
789.999149	bound_ribosome	100.000000	0.000000	0.000000
789.999149	ecoli_genome	117.000000	0.000000	0.000000
789.999149	ecoli_transcript	59755.000000	0.000000	0.000000
789.999149	ecolipol	53.000000	0.000000	0.000000
789.999149	gene_A	16.000000	35.000000	0.000000
789.999149	gene_A*	18.000000	35.000000	0.000000
789.999149	gene_B	373.000000	562.000000	0.000000
789.999149	gene_C	242.000000	552.000000	0.000000
789.999149	gene_D	199.000000	546.000000	0.000000
789.999149	gene_E	168.000000	542.000000	0.000000
789.999149	gene_F	103.000000	384.000000	0.000000
789.999149	gene_G	27.000000	296.000000	0.074324
789.999149	gene_H	0.000000	199.000000	0.115578
789.999149	gene_J	101.000000	535.000000	0.102804
789.999149	gene_K	284.000000	554.000000	0.000000
789.999149	promoter_A	1.000000	0.000000	0.000000
789.999149	promoter_B1	0.000000	0.000000	0.000000
789.999149	promoter_D	0.000000	0.000000	0.000000
794.999130	__gene_A*_rbs	35.000000	0.000000	0.000000
794.999130	__gene_A_rbs	35.000000	0.000000	0.000000
794.999130	__gene_B_rbs	566.000000	0.000000	0.000000
794.999130	__gene_C_rbs	555.000000	0.000000	0.000000
794.999130	__gene_D_rbs	549.000000	0.000000	0.000000
794.999130	__gene_E_rbs	545.000000	0.000000	0.000000
794.999130	__gene_F_rbs	386.000000	0.000000	0.000000
794.999130	__gene_G_rbs	297.000000	0.000000	0.000000
794.999130	__gene_H_rbs	200.000000	0.000000	0.000000
794.999130	__gene_J_rbs	539.000000	0.000000	0.000000
794.999130	__gene_K_rbs	558.000000	0.000000	0.000000
794.999130	__ribosome	0.000000	0.000000	0.000000
794.999130	bound_ecolipol	1893.000000	0.000000	0.000000
794.999130	bound_ribosome	100.000000	0.000000	0.000000
794.999130	ecoli_genome	107.000000	0.000000	0.000000
794.999130	ecoli_transcript	60125.000000	0.000000	0.000000
794.999130	ecolipol	43.000000	0.000000	0.000000
794.999130	gene_A	16.000000	35.000000	0.000000
794.999130	gene_A*	18.000000	35.000000	0.000000
794.999130	gene_B	373.000000	566.000000	0.000000
794.999130	gene_C	242.000000	555.000000	0.000000
794.999130	gene_D	199.000000	549.000000	0.000000
794.999130	gene_E	168.000000	545.000000	0.000000
794.999130	gene_F	103.000000	386.000000	0.000000
794.999130	gene_G	27.000000	297.000000	0.074074
794.999130	gene_H	0.000000	200.000000	0.115000
794.999130	gene_J	101.000000	539.000000	0.102041
794.999130	gene_K	284.000000	558.000000	0.000000
794.999130	promoter_A	1.000000	0.000000	0.000000
794.999130	promoter_B1	0.000000	0.000000	0.000000
794.999130	promoter_D	0.000000	0.000000	0.000000
799.999394	__gene_A*_rbs	35.000000	0.000000	0.000000
799.999394	__gene_A_rbs	35.000000	0.000000	0.000000
799.999394	__gene_B_rbs	570.000000	0.000000	0.000000
799.999394	__gene_C_rbs	559.000000	0.000000	0.000000
799.999394	__gene_D_rbs	553.000000	0.000000	0.000000
799.999394	__gene_E_rbs	549.000000	0.000000	0.000000
799.999394	__gene_F_rbs	388.000000	0.000000	0.000000
799.999394	__gene_G_rbs	300.000000	0.000000	0.000000
799.999394	__gene_H_rbs	202.000000	0.000000	0.000000
799.999394	__gene_J_rbs	542.000000	0.000000	0.000000
799.999394	__gene_K_rbs	561.000000	0.000000	0.000000
799.999394	__ribosome	0.000000	0.000000	0.000000
799.999394	bound_ecolipol	1895.000000	0.000000	0.000000
799.999394	bound_ribosome	100.000000	0.000000	0.000000
799.999394	ecoli_genome	105.000000	0.000000	0.000000
799.999394	ecoli_transcript	60494.000000	0.000000	0.000000
799.999394	ecolipol	39.000000	0.000000	0.000000
799.999394	gene_A	16.000000	35.000000	0.000000
799.999394	gene_A*	18.000000	35.000000	0.000000
799.999394	gene_B	373.000000	570.000000	0.000000
799.999394	gene_C	242.000000	559.000000	0.000000
799.999394	gene_D	199.000000	553.000000	0.000000
799.999394	gene_E	168.000000	549.000000	0.000000
799.999394	gene_F	103.000000	388.000000	0.000000
799.999394	gene_G	27.000000	300.000000	0.073333
799.999394	gene_H	0.000000	202.000000	0.113861
799.999394	gene_J	101.000000	542.000000	0.101476
799.999394	gene_K	284.000000	561.000000	0.000000
799.999394	promoter_A	1.000000	0.000000	0.000000
799.999394	promoter_B1	0.000000	0.000000	0.000000
799.999394	promoter_D	0.000000	0.000000	0.000000
804.999410	__gene_A*_rbs	35.000000	0.000000	0.000000
804.999410	__gene_A_rbs	35.000000	0.000000	0.000000
804.999410	__gene_B_rbs	574.000000	0.000000	0.000000
804.999410	__gene_C_rbs	563.000000	0.000000	0.000000
804.999410	__gene_D_rbs	557.000000	0.000000	0.000000
804.999410	__gene_E_rbs	553.000000	0.000000	0.000000
804.999410	__gene_F_rbs	391.000000	0.000000	0.000000
804.999410	__gene_G_rbs	302.000000	0.000000	0.000000
804.999410	__gene_H_rbs	203.000000	0.000000	0.000000
804.999410	__gene_J_rbs	546.000000	0.000000	0.000000
804.999410	__gene_K_rbs	565.000000	0.000000	0.000000
804.999410	__ribosome	0.000000	0.000000	0.000000
804.999410	bound_ecolipol	1898.000000	0.000000	0.000000
804.999410	bound_ribosome	100.000000	0.000000	0.000000
804.999410	ecoli_genome	102.000000	0.000000	0.000000
804.999410	ecoli_transcript	60863.000000	0.000000	0.000000
804.999410	ecolipol	37.000000	0.000000	0.000000
804.999410	gene_A	16.000000	35.000000	0.000000
804.999410	gene_A*	18.000000	35.000000	0.000000
804.999410	gene_B	373.000000	574.000000	0.000000
804.999410	gene_C	242.000000	563.000000	0.000000
804.999410	gene_D	199.000000	557.000000	0.000000
804.999410	gene_E	168.000000	553.000000	0.000000
804.999410	gene_F	103.000000	391.000000	0.000000
804.999410	gene_G	27.000000	302.000000	0.072848
804.999410	gene_H	0.000000	203.000000	0.113300
804.999410	gene_J	101.000000	546.000000	0.100733
804.999410	gene_K	284.000000	565.000000	0.000000
804.999410	promoter_A	1.000000	0.000000	0.000000
804.999410	promoter_B1	0.000000	0.000000	0.000000
804.999410	promoter_D	0.000000	0.000000	0.000000
809.999085	__gene_A*_rbs	35.000000	0.000000	0.000000
809.999085	__gene_A_rbs	35.000000	0.000000	0.000000
809.999085	__gene_B_rbs	577.000000	0.000000	0.000000
809.999085	__gene_C_rbs	567.000000	0.000000	0.000000
809.999085	__gene_D_rbs	560.000000	0.000000	0.000000
809.999085	__gene_E_rbs	556.000000	0.000000	0.000000
809.999085	__gene_F_rbs	393.000000	0.000000	0.000000
809.999085	__gene_G_rbs	304.000000	0.000000	0.000000
809.999085	__gene_H_rbs	204.000000	0.000000	0.000000
809.999085	__gene_J_rbs	550.000000	0.000000	0.000000
809.999085	__gene_K_rbs	569.000000	0.000000	0.000000
809.999085	__ribosome	0.000000	0.000000	0.000000
809.999085	bound_ecolipol	1888.000000	0.000000	0.000000
809.999085	bound_ribosome	100.000000	0.000000	0.000000
809.999085	ecoli_genome	112.000000	0.000000	0.000000
809.999085	ecoli_transcript	61241.000000	0.000000	0.000000
809.999085	ecolipol	45.000000	0.000000	0.000000
809.999085	gene_A	16.000000	35.000000	0.000000
809.999085	gene_A*	18.000000	35.000000	0.000000
809.999085	gene_B	373.000000	577.000000	0.000000
809.999085	gene_C	242.000000	567.000000	0.000000
809.999085	gene_D	199.000000	560.000000	0.000000
809.999085	gene_E	168.000000	556.000000	0.000000
809.999085	gene_F	103.000000	393.000000	0.000000
809.999085	gene_G	27.000000	304.000000	0.072368
809.999085	gene_H	0.000000	204.000000	0.112745
809.999085	gene_J	101.000000	550.000000	0.100000
809.999085	gene_K	284.000000	569.000000	0.000000
809.999085	promoter_A	1.000000	0.000000	0.000000
809.999085	promoter_B1	0.000000	0.000000	0.000000
809.999085	promoter_D	0.000000	0.000000	0.000000
814.999205	__gene_A*_rbs	35.000000	0.000000	0.000000
814.999205	__gene_A_rbs	35.000000	0.000000	0.000000
814.999205	__gene_B_rbs	581.000000	0.000000	0.000000
814.999205	__gene_C_rbs	570.000000	0.000000	0.000000
814.999205	__gene_D_rbs	564.000000	0.000000	0.000000
814.999205	__gene_E_rbs	560.000000	0.000000	0.000000
814.999205	__gene_F_rbs	396.000000	0.000000	0.000000
814.999205	__gene_G_rbs	304.000000	0.000000	0.000000
814.999205	__gene_H_rbs	207.000000	0.000000	0.000000
814.999205	__gene_J_rbs	553.000000	0.000000	0.000000
814.999205	__gene_K_rbs	572.000000	0.000000	0.000000
814.999205	__ribosome	0.000000	0.000000	0.000000
814.999205	bound_ecolipol	1889.000000	0.000000	0.000000
814.999205	bound_ribosome	100.000000	0.000000	0.000000
814.999205	ecoli_genome	111.000000	0.000000	0.000000
814.999205	ecoli_transcript	61622.000000	0.000000	0.000000
814.999205	ecolipol	46.000000	0.000000	0.000000
814.999205	gene_A	16.000000	35.000000	0.000000
814.999205	gene_A*	18.000000	35.000000	0.000000
814.999205	gene_B	373.000000	581.000000	0.000000
814.999205	gene_C	242.000000	570.000000	0.000000
814.999205	gene_D	199.000000	564.000000	0.000000
814.999205	gene_E	168.000000	560.000000	0.000000
814.999205	gene_F	103.000000	396.000000	0.000000
814.999205	gene_G	27.000000	304.000000	0.072368
814.999205	gene_H	0.000000	207.000000	0.111111
814.999205	gene_J	101.000000	553.000000	0.099458
814.999205	gene_K	284.000000	572.000000	0.000000
814.999205	promoter_A	1.000000	0.000000	0.000000
814.999205	promoter_B1	0.000000	0.000000	0.000000
814.999205	promoter_D	0.000000	0.000000	0.000000
819.999009	__gene_A*_rbs	35.000000	0.000000	0.000000
819.999009	__gene_A_rbs	35.000000	0.000000	0.000000
819.999009	__gene_B_rbs	585.000000	0.000000	0.000000
819.999009	__gene_C_rbs	574.000000	0.000000	0.000000
819.999009	__gene_D_rbs	568.000000	0.000000	0.000000
819.999009	__gene_E_rbs	564.000000	0.000000	0.000000
819.999009	__gene_F_rbs	399.000000	0.000000	0.000000
819.999009	__gene_G_rbs	305.000000	0.000000	0.000000
819.999009	__gene_H_rbs	208.000000	0.000000	0.000000
819.999009	__gene_J_rbs	557.000000	0.000000	0.000000
819.999009	__gene_K_rbs	576.000000	0.000000	0.000000
819.999009	__ribosome	0.000000	0.000000	0.000000
819.999009	bound_ecolipol	1891.000000	0.000000	0.000000
819.999009	bound_ribosome	100.000000	0.000000	0.000000
819.999009	ecoli_genome	109.000000	0.000000	0.000000
819.999009	ecoli_transcript	62024.000000	0.000000	0.000000
819.999009	ecolipol	43.000000	0.000000	0.000000
819.999009	gene_A	16.000000	35.000000	0.000000
819.999009	gene_A*	18.000000	35.000000	0.000000
819.999009	gene_B	373.000000	585.000000	0.000000
819.999009	gene_C	242.000000	574.000000	0.000000
819.999009	gene_D	199.000000	568.000000	0.000000
819.999009	gene_E	168.000000	564.000000	0.000000
819.999009	gene_F	103.000000	399.000000	0.000000
819.999009	gene_G	27.000000	305.000000	0.072131
819.999009	gene_H	0.000000	208.000000	0.110577
819.999009	gene_J	101.000000	557.000000	0.098743
819.999009	gene_K	284.000000	576.000000	0.000000
819.999009	promoter_A	1.000000	0.000000	0.000000
819.999009	promoter_B1	0.000000	0.000000	0.000000
819.999009	promoter_D	0.000000	0.000000	0.000000
824.999351	__gene_A*_rbs	35.000000	0.000000	0.000000
824.999351	__gene_A_rbs	35.000000	0.000000	0.000000
824.999351	__gene_B_rbs	588.000000	0.000000	0.000000
824.999351	__gene_C_rbs	578.000000	0.000000	0.000000
824.999351	__gene_D_rbs	572.000000	0.000000	0.000000
824.999351	__gene_E_rbs	567.000000	0.000000	0.000000
824.999351	__gene_F_rbs	401.000000	0.000000	0.000000
824.999351	__gene_G_rbs	308.000000	0.000000	0.000000
824.999351	__gene_H_rbs	209.000000	0.000000	0.000000
824.999351	__gene_J_rbs	561.000000	0.000000	0.000000
824.999351	__gene_K_rbs	579.000000	0.000000	0.000000
824.999351	__ribosome	0.000000	0.000000	0.000000
824.999351	bound_ecolipol	1893.000000	0.000000	0.000000
824.999351	bound_ribosome	100.000000	0.000000	0.000000
824.999351	ecoli_genome	107.000000	0.000000	0.000000
824.999351	ecoli_transcript	62417.000000	0.000000	0.000000
824.999351	ecolipol	43.000000	0.000000	0.000000
824.999351	gene_A	16.000000	35.000000	0.000000
824.999351	gene_A*	18.000000	35.000000	0.000000
824.999351	gene_B	373.000000	588.000000	0.000000
824.999351	gene_C	242.000000	578.000000	0.000000
824.999351	gene_D	199.000000	572.000000	0.000000
824.999351	gene_E	168.000000	567.000000	0.000000
824.999351	gene_F	103.000000	401.000000	0.000000
824.999351	gene_G	27.000000	308.000000	0.071429
824.999351	gene_H	0.000000	209.000000	0.110048
824.999351	gene_J	101.000000	561.000000	0.098039
824.999351	gene_K	284.000000	579.000000	0.000000
824.999351	promoter_A	1.000000	0.000000	0.000000
824.999351	promoter_B1	0.000000	0.000000	0.000000
824.999351	promoter_D	0.000000	0.000000	0.000000
829.999123	__gene_A*_rbs	35.000000	0.000000	0.000000
829.999123	__gene_A_rbs	35.000000	0.000000	0.000000
829.999123	__gene_B_rbs	592.000000	0.000000	0.000000
829.999123	__gene_C_rbs	581.000000	0.000000	0.000000
829.999123	__gene_D_rbs	575.000000	0.000000	0.000000
829.999123	__gene_E_rbs	570.000000	0.000000	0.000000
829.999123	__gene_F_rbs	404.000000	0.000000	0.000000
829.999123	__gene_G_rbs	308.000000	0.000000	0.000000
829.999123	__gene_H_rbs	209.000000	0.000000	0.000000
829.999123	__gene_J_rbs	564.000000	0.000000	0.000000
829.999123	__gene_K_rbs	583.000000	0.000000	0.000000
829.999123	__ribosome	0.000000	0.000000	0.000000
829.999123	bound_ecolipol	1890.000000	0.000000	0.000000
829.999123	bound_ribosome	100.000000	0.000000	0.000000
829.999123	ecoli_genome	110.000000	0.000000	0.000000
829.999123	ecoli_transcript	62785.000000	0.000000	0.000000
829.999123	ecolipol	45.000000	0.000000	0.000000
829.999123	gene_A	16.000000	35.000000	0.000000
829.999123	gene_A*	18.000000	35.000000	0.000000
829.999123	gene_B	373.000000	592.000000	0.000000
829.999123	gene_C	242.000000	581.000000	0.000000
829.999123	gene_D	199.000000	575.000000	0.000000
829.999123	gene_E	168.000000	570.000000	0.000000
829.999123	gene_F	103.000000	404.000000	0.000000
829.999123	gene_G	27.000000	308.000000	0.071429
829.999123	gene_H	0.000000	209.000000	0.110048
829.999123	gene_J	101.000000	564.000000	0.097518
829.999123	gene_K	284.000000	583.000000	0.000000
829.999123	promoter_A	1.000000	0.000000	0.000000
829.999123	promoter_B1	0.000000	0.000000	0.000000
829.999123	promoter_D	0.000000	0.000000	0.000000
834.999448	__gene_A*_rbs	35.000000	0.000000	0.000000
834.999448	__gene_A_rbs	35.000000	0.000000	0.000000
834.999448	__gene_B_rbs	595.000000	0.000000	0.000000
834.999448	__gene_C_rbs	585.000000	0.000000	0.000000
834.999448	__gene_D_rbs	579.000000	0.000000	0.000000
834.999448	__gene_E_rbs	575.000000	0.000000	0.000000
834.999448	__gene_F_rbs	406.000000	0.000000	0.000000
834.999448	__gene_G_rbs	310.000000	0.000000	0.000000
834.999448	__gene_H_rbs	209.000000	0.000000	0.000000
834.999448	__gene_J_rbs	568.000000	0.000000	0.000000
834.999448	__gene_K_rbs	587.000000	0.000000	0.000000
834.999448	__ribosome	0.000000	0.000000	0.000000
834.999448	bound_ecolipol	1882.000000	0.000000	0.000000
834.999448	bound_ribosome	100.000000	0.000000	0.000000
834.999448	ecoli_genome	118.000000	0.000000	0.000000
834.999448	ecoli_transcript	63168.000000	0.000000	0.000000
834.999448	ecolipol	51.000000	0.000000	0.000000
834.999448	gene_A	16.000000	35.000000	0.000000
834.999448	gene_A*	18.000000	35.000000	0.000000
834.999448	gene_B	373.000000	595.000000	0.000000
834.999448	gene_C	242.000000	585.000000	0.000000
834.999448	gene_D	199.000000	579.000000	0.000000
834.999448	gene_E	168.000000	575.000000	0.000000
834.999448	gene_F	103.000000	406.000000	0.000000
834.999448	gene_G	27.000000	310.000000	0.070968
834.999448	gene_H	0.000000	209.000000	0.110048
834.999448	gene_J	101.000000	568.000000	0.096831
834.999448	gene_K	284.000000	587.000000	0.000000
834.999448	promoter_A	1.000000	0.000000	0.000000
834.999448	promoter_B1	0.000000	0.000000	0.000000
834.999448	promoter_D	0.000000	0.000000	0.000000
839.999325	__gene_A*_rbs	35.000000	0.000000	0.000000
839.999325	__gene_A_rbs	36.000000	0.000000	0.000000
839.999325	__gene_B_rbs	599.000000	0.000000	0.000000
839.999325	__gene_C_rbs	589.000000	0.000000	0.000000
839.999325	__gene_D_rbs	583.000000	0.000000	0.000000
839.999325	__gene_E_rbs	578.000000	0.000000	0.000000
839.999325	__gene_F_rbs	410.000000	0.000000	0.000000
839.999325	__gene_G_rbs	312.000000	0.000000	0.000000
839.999325	__gene_H_rbs	212.000000	0.000000	0.000000
839.999325	__gene_J_rbs	572.000000	0.000000	0.000000
839.999325	__gene_K_rbs	591.000000	0.000000	0.000000
839.999325	__ribosome	0.000000	0.000000	0.000000
839.999325	bound_ecolipol	1879.000000	0.000000	0.000000
839.999325	bound_ribosome	100.000000	0.000000	0.000000
839.999325	ecoli_genome	121.000000	0.000000	0.000000
839.999325	ecoli_transcript	63544.000000	0.000000	0.000000
839.999325	ecolipol	54.000000	0.000000	0.000000
839.999325	gene_A	16.000000	36.000000	0.000000
839.999325	gene_A*	18.000000	35.000000	0.000000
839.999325	gene_B	373.000000	599.000000	0.000000
839.999325	gene_C	242.000000	589.000000	0.000000
839.999325	gene_D	199.000000	583.000000	0.000000
839.999325	gene_E	168.000000	578.000000	0.000000
839.999325	gene_F	103.000000	410.000000	0.000000
839.999325	gene_G	27.000000	312.000000	0.070513
839.999325	gene_H	0.000000	212.000000	0.108491
839.999325	gene_J	101.000000	572.000000	0.096154
839.999325	gene_K	284.000000	591.000000	0.000000
839.999325	promoter_A	1.000000	0.000000	0.000000
839.999325	promoter_B1	0.000000	0.000000	0.000000
839.999325	promoter_D	0.000000	0.000000	0.000000
844.999268	__gene_A*_rbs	35.000000	0.000000	0.000000
844.999268	__gene_A_rbs	36.000000	0.000000	0.000000
844.999268	__gene_B_rbs	603.000000	0.000000	0.000000
844.999268	__gene_C_rbs	592.000000	0.000000	0.000000
844.999268	__gene_D_rbs	587.000000	0.000000	0.000000
844.999268	__gene_E_rbs	582.000000	0.000000	0.000000
844.999268	__gene_F_rbs	412.000000	0.000000	0.000000
844.999268	__gene_G_rbs	314.000000	0.000000	0.000000
844.999268	__gene_H_rbs	212.000000	0.000000	0.000000
844.999268	__gene_J_rbs	576.000000	0.000000	0.000000
844.999268	__gene_K_rbs	594.000000	0.000000	0.000000
844.999268	__ribosome	0.000000	0.000000	0.000000
844.999268	bound_ecolipol	1894.000000	0.000000	0.000000
844.999268	bound_ribosome	100.000000	0.000000	0.000000
844.999268	ecoli_genome	106.000000	0.000000	0.000000
844.999268	ecoli_transcript	63901.000000	0.000000	0.000000
844.999268	ecolipol	39.000000	0.000000	0.000000
844.999268	gene_A	16.000000	36.000000	0.000000
844.999268	gene_A*	18.000000	35.000000	0.000000
844.999268	gene_B	373.000000	603.000000	0.000000
844.999268	gene_C	242.000000	592.000000	0.000000
844.999268	gene_D	199.000000	587.000000	0.000000
844.999268	gene_E	168.000000	582.000000	0.000000
844.999268	gene_F	103.000000	412.000000	0.000000
844.999268	gene_G	27.000000	314.000000	0.070064
844.999268	gene_H	0.000000	212.000000	0.108491
844.999268	gene_J	101.000000	576.000000	0.095486
844.999268	gene_K	284.000000	594.000000	0.000000
844.999268	promoter_A	1.000000	0.000000	0.000000
844.999268	promoter_B1	0.000000	0.000000	0.000000
844.999268	promoter_D	0.000000	0.000000	0.000000
849.999259	__gene_A*_rbs	35.000000	0.000000	0.000000
849.999259	__gene_A_rbs	36.000000	0.000000	0.000000
849.999259	__gene_B_rbs	606.000000	0.000000	0.000000
849.999259	__gene_C_rbs	596.000000	0.000000	0.000000
849.999259	__gene_D_rbs	590.000000	0.000000	0.000000
849.999259	__gene_E_rbs	586.000000	0.000000	0.000000
849.999259	__gene_F_rbs	413.000000	0.000000	0.000000
849.999259	__gene_G_rbs	317.000000	0.000000	0.000000
849.999259	__gene_H_rbs	213.000000	0.000000	0.000000
849.999259	__gene_J_rbs	579.000000	0.000000	0.000000
849.999259	__gene_K_rbs	598.000000	0.000000	0.000000
849.999259	__ribosome	0.000000	0.000000	0.000000
849.999259	bound_ecolipol	1890.000000	0.000000	0.000000
849.999259	bound_ribosome	100.000000	0.000000	0.000000
849.999259	ecoli_genome	110.000000	0.000000	0.000000
849.999259	ecoli_transcript	64288.000000	0.000000	0.000000
849.999259	ecolipol	46.000000	0.000000	0.000000
849.999259	gene_A	16.000000	36.000000	0.000000
849.999259	gene_A*	18.000000	35.000000	0.000000
849.999259	gene_B	373.000000	606.000000	0.000000
849.999259	gene_C	242.000000	596.000000	0.000000
849.999259	gene_D	199.000000	590.000000	0.000000
849.999259	gene_E	168.000000	586.000000	0.000000
849.999259	gene_F	103.000000	413.000000	0.000000
849.999259	gene_G	27.000000	317.000000	0.069401
849.999259	gene_H	0.000000	213.000000	0.107981
849.999259	gene_J	101.000000	579.000000	0.094991
849.999259	gene_K	284.000000	598.000000	0.000000
849.999259	promoter_A	1.000000	0.000000	0.000000
849.999259	promoter_B1	0.000000	0.000000	0.000000
849.999259	promoter_D	0.000000	0.000000	0.000000
854.999094	__gene_A*_rbs	36.000000	0.000000	0.000000
854.999094	__gene_A_rbs	37.000000	0.000000	0.000000
854.999094	__gene_B_rbs	609.000000	0.000000	0.000000
854.999094	__gene_C_rbs	600.000000	0.000000	0.000000
854.999094	__gene_D_rbs	594.000000	0.000000	0.000000
854.999094	__gene_E_rbs	589.000000	0.000000	0.000000
854.999094	__gene_F_rbs	415.000000	0.000000	0.000000
854.999094	__gene_G_rbs	317.000000	0.000000	0.000000
854.999094	__gene_H_rbs	213.000000	0.000000	0.000000
854.999094	__gene_J_rbs	583.000000	0.000000	0.000000
854.999094	__gene_K_rbs	602.000000	0.000000	0.000000
854.999094	__ribosome	0.000000	0.000000	0.000000
854.999094	bound_ecolipol	1888.000000	0.000000	0.000000
854.999094	bound_ribosome	100.000000	0.000000	0.000000
854.999094	ecoli_genome	112.000000	0.000000	0.000000
854.999094	ecoli_transcript	64666.000000	0.000000	0.000000
854.999094	ecolipol	47.000000	0.000000	0.000000
854.999094	gene_A	16.000000	37.000000	0.000000
854.999094	gene_A*	18.000000	36.000000	0.000000
854.999094	gene_B	373.000000	609.000000	0.000000
854.999094	gene_C	242.000000	600.000000	0.000000
854.999094	gene_D	199.000000	594.000000	0.000000
854.999094	gene_E	168.000000	589.000000	0.000000
854.999094	gene_F	103.000000	415.000000	0.000000
854.999094	gene_G	27.000000	317.000000	0.069401
854.999094	gene_H	0.000000	213.000000	0.107981
854.999094	gene_J	101.000000	583.000000	0.094340
854.999094	gene_K	284.000000	602.000000	0.000000
854.999094	promoter_A	0.000000	0.000000	0.000000
854.999094	promoter_B1	0.000000	0.000000	0.000000
854.999094	promoter_D	0.000000	0.000000	0.000000
859.999065	__gene_A*_rbs	36.000000	0.000000	0.000000
859.999065	__gene_A_rbs	37.000000	0.000000	0.000000
859.999065	__gene_B_rbs	613.000000	0.000000	0.000000
859.999065	__gene_C_rbs	603.000000	0.000000	0.000000
859.999065	__gene_D_rbs	598.000000	0.000000	0.000000
859.999065	__gene_E_rbs	593.000000	0.000000	0.000000
859.999065	__gene_F_rbs	418.000000	0.000000	0.000000
859.999065	__gene_G_rbs	319.000000	0.000000	0.000000
859.999065	__gene_H_rbs	214.000000	0.000000	0.000000
859.999065	__gene_J_rbs	587.000000	0.000000	0.000000
859.999065	__gene_K_rbs	605.000000	0.000000	0.000000
859.999065	__ribosome	0.000000	0.000000	0.000000
859.999065	bound_ecolipol	1891.000000	0.000000	0.000000
859.999065	bound_ribosome	100.000000	0.000000	0.000000
859.999065	ecoli_genome	109.000000	0.000000	0.000000
859.999065	ecoli_transcript	65016.000000	0.000000	0.000000
859.999065	ecolipol	42.000000	0.000000	0.000000
859.999065	gene_A	16.000000	37.000000	0.000000
859.999065	gene_A*	18.000000	36.000000	0.000000
859.999065	gene_B	373.000000	613.000000	0.000000
859.999065	gene_C	242.000000	603.000000	0.000000
859.999065	gene_D	199.000000	598.000000	0.000000
859.999065	gene_E	168.000000	593.000000	0.000000
859.999065	gene_F	103.000000	418.000000	0.000000
859.999065	gene_G	27.000000	319.000000	0.068966
859.999065	gene_H	0.000000	214.000000	0.107477
859.999065	gene_J	101.000000	587.000000	0.093697
859.999065	gene_K	284.000000	605.000000	0.000000
859.999065	promoter_A	1.000000	0.000000	0.000000
859.999065	promoter_B1	0.000000	0.000000	0.000000
859.999065	promoter_D	0.000000	0.000000	0.000000
864.999088	__gene_A*_rbs	36.000000	0.000000	0.000000
864.999088	__gene_A_rbs	37.000000	0.000000	0.000000
864.999088	__gene_B_rbs	617.000000	0.000000	0.000000
864.999088	__gene_C_rbs	607.000000	0.000000	0.000000
864.999088	__gene_D_rbs	601.000000	0.000000	0.000000
864.999088	__gene_E_rbs	597.000000	0.000000	0.000000
864.999088	__gene_F_rbs	421.000000	0.000000	0.000000
864.999088	__gene_G_rbs	321.000000	0.000000	0.000000
864.999088	__gene_H_rbs	215.000000	0.000000	0.000000
864.999088	__gene_J_rbs	591.000000	0.000000	0.000000
864.999088	__gene_K_rbs	609.000000	0.000000	0.000000
864.999088	__ribosome	0.000000	0.000000	0.000000
864.999088	bound_ecolipol	1875.000000	0.000000	0.000000
864.999088	bound_ribosome	100.000000	0.000000	0.000000
864.999088	ecoli_genome	125.000000	0.000000	0.000000
864.999088	ecoli_transcript	65430.000000	0.000000	0.000000
864.999088	ecolipol	60.000000	0.000000	0.000000
864.999088	gene_A	16.000000	37.000000	0.000000
864.999088	gene_A*	18.000000	36.000000	0.000000
864.999088	gene_B	373.000000	617.000000	0.000000
864.999088	gene_C	242.000000	607.000000	0.000000
864.999088	gene_D	199.000000	601.000000	0.000000
864.999088	gene_E	168.000000	597.000000	0.000000
864.999088	gene_F	103.000000	421.000000	0.000000
864.999088	gene_G	27.000000	321.000000	0.068536
864.999088	gene_H	0.000000	215.000000	0.106977
864.999088	gene_J	101.000000	591.000000	0.093063
864.999088	gene_K	284.000000	609.000000	0.000000
864.999088	promoter_A	1.000000	0.000000	0.000000
864.999088	promoter_B1	0.000000	0.000000	0.000000
864.999088	promoter_D	0.000000	0.000000	0.000000
869.999030	__gene_A*_rbs	37.000000	0.000000	0.000000
869.999030	__gene_A_rbs	37.000000	0.000000	0.000000
869.999030	__gene_B_rbs	621.000000	0.000000	0.000000
869.999030	__gene_C_rbs	611.000000	0.000000	0.000000
869.999030	__gene_D_rbs	604.000000	0.000000	0.000000
869.999030	__gene_E_rbs	600.000000	0.000000	0.000000
869.999030	__gene_F_rbs	423.000000	0.000000	0.000000
869.999030	__gene_G_rbs	323.000000	0.000000	0.000000
869.999030	__gene_H_rbs	216.000000	0.000000	0.000000
869.999030	__gene_J_rbs	594.000000	0.000000	0.000000
869.999030	__gene_K_rbs	613.000000	0.000000	0.000000
869.999030	__ribosome	0.000000	0.000000	0.000000
869.999030	bound_ecolipol	1886.000000	0.000000	0.000000
869.999030	bound_ribosome	100.000000	0.000000	0.000000
869.999030	ecoli_genome	114.000000	0.000000	0.000000
869.999030	ecoli_transcript	65786.000000	0.000000	0.000000
869.999030	ecolipol	48.000000	0.000000	0.000000
869.999030	gene_A	16.000000	37.000000	0.000000
869.999030	gene_A*	18.000000	37.000000	0.000000
869.999030	gene_B	373.000000	621.000000	0.000000
869.999030	gene_C	242.000000	611.000000	0.000000
869.999030	gene_D	199.000000	604.000000	0.000000
869.999030	gene_E	168.000000	600.000000	0.000000
869.999030	gene_F	103.000000	423.000000	0.000000
869.999030	gene_G	27.000000	323.000000	0.068111
869.999030	gene_H	0.000000	216.000000	0.106481
869.999030	gene_J	101.000000	594.000000	0.092593
869.999030	gene_K	284.000000	613.000000	0.000000
869.999030	promoter_A	1.000000	0.000000	0.000000
869.999030	promoter_B1	0.000000	0.000000	0.000000
869.999030	promoter_D	0.000000	0.000000	0.000000
874.999402	__gene_A*_rbs	37.000000	0.000000	0.000000
874.999402	__gene_A_rbs	37.000000	0.000000	0.000000
874.999402	__gene_B_rbs	625.000000	0.000000	0.000000
874.999402	__gene_C_rbs	614.000000	0.000000	0.000000
874.999402	__gene_D_rbs	608.000000	0.000000	0.000000
874.999402	__gene_E_rbs	604.000000	0.000000	0.000000
874.999402	__gene_F_rbs	427.000000	0.000000	0.000000
874.999402	__gene_G_rbs	326.000000	0.000000	0.000000
874.999402	__gene_H_rbs	217.000000	0.000000	0.000000
874.999402	__gene_J_rbs	598.000000	0.000000	0.000000
874.999402	__gene_K_rbs	617.000000	0.000000	0.000000
874.999402	__ribosome	0.000000	0.000000	0.000000
874.999402	bound_ecolipol	1886.000000	0.000000	0.000000
874.999402	bound_ribosome	100.000000	0.000000	0.000000
874.999402	ecoli_genome	114.000000	0.000000	0.000000
874.999402	ecoli_transcript	66191.000000	0.000000	0.000000
874.999402	ecolipol	46.000000	0.000000	0.000000
874.999402	gene_A	16.000000	37.000000	0.000000
874.999402	gene_A*	18.000000	37.000000	0.000000
874.999402	gene_B	373.000000	625.000000	0.000000
874.999402	gene_C	242.000000	614.000000	0.000000
874.999402	gene_D	199.000000	608.000000	0.000000
874.999402	gene_E	168.000000	604.000000	0.000000
874.999402	gene_F	103.000000	427.000000	0.000000
874.999402	gene_G	27.000000	326.000000	0.067485
874.999402	gene_H	0.000000	217.000000	0.105991
874.999402	gene_J	101.000000	598.000000	0.091973
874.999402	gene_K	284.000000	617.000000	0.000000
874.999402	promoter_A	1.000000	0.000000	0.000000
874.999402	promoter_B1	0.000000	0.000000	0.000000
874.999402	promoter_D	0.000000	0.000000	0.000000
879.999012	__gene_A*_rbs	37.000000	0.000000	0.000000
879.999012	__gene_A_rbs	37.000000	0.000000	0.000000
879.999012	__gene_B_rbs	628.000000	0.000000	0.000000
879.999012	__gene_C_rbs	618.000000	0.000000	0.000000
879.999012	__gene_D_rbs	612.000000	0.000000	0.000000
879.999012	__gene_E_rbs	608.000000	0.000000	0.000000
879.999012	__gene_F_rbs	429.000000	0.000000	0.000000
879.999012	__gene_G_rbs	327.000000	0.000000	0.000000
879.999012	__gene_H_rbs	219.000000	0.000000	0.000000
879.999012	__gene_J_rbs	601.000000	0.000000	0.000000
879.999012	__gene_K_rbs	620.000000	0.000000	0.000000
879.999012	__ribosome	0.000000	0.000000	0.000000
879.999012	bound_ecolipol	1882.000000	0.000000	0.000000
879.999012	bound_ribosome	100.000000	0.000000	0.000000
879.999012	ecoli_genome	118.000000	0.000000	0.000000
879.999012	ecoli_transcript	66556.000000	0.000000	0.000000
879.999012	ecolipol	49.000000	0.000000	0.000000
879.999012	gene_A	16.000000	37.000000	0.000000
879.999012	gene_A*	18.000000	37.000000	0.000000
879.999012	gene_B	373.000000	628.000000	0.000000
879.999012	gene_C	242.000000	618.000000	0.000000
879.999012	gene_D	199.000000	612.000000	0.000000
879.999012	gene_E	168.000000	608.000000	0.000000
879.999012	gene_F	103.000000	429.000000	0.000000
879.999012	gene_G	27.000000	327.000000	0.067278
879.999012	gene_H	0.000000	219.000000	0.105023
879.999012	gene_J	101.000000	601.000000	0.091514
879.999012	gene_K	284.000000	620.000000	0.000000
879.999012	promoter_A	1.000000	0.000000	0.000000
879.999012	promoter_B1	0.000000	0.000000	0.000000
879.999012	promoter_D	0.000000	0.000000	0.000000
884.999140	__gene_A*_rbs	37.000000	0.000000	0.000000
884.999140	__gene_A_rbs	37.000000	0.000000	0.000000
884.999140	__gene_B_rbs	632.000000	0.000000	0.000000
884.999140	__gene_C_rbs	622.000000	0.000000	0.000000
884.999140	__gene_D_rbs	616.000000	0.000000	0.000000
884.999140	__gene_E_rbs	612.000000	0.000000	0.000000
884.999140	__gene_F_rbs	432.000000	0.000000	0.000000
884.999140	__gene_G_rbs	329.000000	0.000000	0.000000
884.999140	__gene_H_rbs	222.000000	0.000000	0.000000
884.999140	__gene_J_rbs	605.000000	0.000000	0.000000
884.999140	__gene_K_rbs	624.000000	0.000000	0.000000
884.999140	__ribosome	0.000000	0.000000	0.000000
884.999140	bound_ecolipol	1891.000000	0.000000	0.000000
884.999140	bound_ribosome	100.000000	0.000000	0.000000
884.999140	ecoli_genome	109.000000	0.000000	0.000000
884.999140	ecoli_transcript	66972.000000	0.000000	0.000000
884.999140	ecolipol	40.000000	0.000000	0.000000
884.999140	gene_A	16.000000	37.000000	0.000000
884.999140	gene_A*	18.000000	37.000000	0.000000
884.999140	gene_B	373.000000	632.000000	0.000000
884.999140	gene_C	242.000000	622.000000	0.000000
884.999140	gene_D	199.000000	616.000000	0.000000
884.999140	gene_E	168.000000	612.000000	0.000000
884.999140	gene_F	103.000000	432.000000	0.000000
884.999140	gene_G	27.000000	329.000000	0.066869
884.999140	gene_H	0.000000	222.000000	0.103604
884.999140	gene_J	101.000000	605.000000	0.090909
884.999140	gene_K	284.000000	624.000000	0.000000
884.999140	promoter_A	1.000000	0.000000	0.000000
884.999140	promoter_B1	0.000000	0.000000	0.000000
884.999140	promoter_D	0.000000	0.000000	0.000000
889.999227	__gene_A*_rbs	37.000000	0.000000	0.000000
889.999227	__gene_A_rbs	37.000000	0.000000	0.000000
889.999227	__gene_B_rbs	635.000000	0.000000	0.000000
889.999227	__gene_C_rbs	626.000000	0.000000	0.000000
889.999227	__gene_D_rbs	620.000000	0.000000	0.000000
889.999227	__gene_E_rbs	615.000000	0.000000	0.000000
889.999227	__gene_F_rbs	435.000000	0.000000	0.000000
889.999227	__gene_G_rbs	329.000000	0.000000	0.000000
889.999227	__gene_H_rbs	222.000000	0.000000	0.000000
889.999227	__gene_J_rbs	609.000000	0.000000	0.000000
889.999227	__gene_K_rbs	628.000000	0.000000	0.000000
889.999227	__ribosome	0.000000	0.000000	0.000000
889.999227	bound_ecolipol	1888.000000	0.000000	0.000000
889.999227	bound_ribosome	100.000000	0.000000	0.000000
889.999227	ecoli_genome	112.000000	0.000000	0.000000
889.999227	ecoli_transcript	67355.000000	0.000000	0.000000
889.999227	ecolipol	42.000000	0.000000	0.000000
889.999227	gene_A	16.000000	37.000000	0.000000
889.999227	gene_A*	18.000000	37.000000	0.000000
889.999227	gene_B	373.000000	635.000000	0.000000
889.999227	gene_C	242.000000	626.000000	0.000000
889.999227	gene_D	199.000000	620.000000	0.000000
889.999227	gene_E	168.000000	615.000000	0.000000
889.999227	gene_F	103.000000	435.000000	0.000000
889.999227	gene_G	27.000000	329.000000	0.066869
889.999227	gene_H	0.000000	222.000000	0.103604
889.999227	gene_J	101.000000	609.000000	0.090312
889.999227	gene_K	284.000000	628.000000	0.000000
889.999227	promoter_A	1.000000	0.000000	0.000000
889.999227	promoter_B1	0.000000	0.000000	0.000000
889.999227	promoter_D	0.000000	0.000000	0.000000
894.999294	__gene_A*_rbs	37.000000	0.000000	0.000000
894.999294	__gene_A_rbs	37.000000	0.000000	0.000000
894.999294	__gene_B_rbs	639.000000	0.000000	0.000000
894.999294	__gene_C_rbs	629.000000	0.000000	0.000000
894.999294	__gene_D_rbs	623.000000	0.000000	0.000000
894.999294	__gene_E_rbs	619.000000	0.000000	0.000000
894.999294	__gene_F_rbs	438.000000	0.000000	0.000000
894.999294	__gene_G_rbs	331.000000	0.000000	0.000000
894.999294	__gene_H_rbs	223.000000	0.000000	0.000000
894.999294	__gene_J_rbs	613.000000	0.000000	0.000000
894.999294	__gene_K_rbs	630.000000	0.000000	0.000000
894.999294	__ribosome	0.000000	0.000000	0.000000
894.999294	bound_ecolipol	1888.000000	0.000000	0.000000
894.999294	bound_ribosome	100.000000	0.000000	0.000000
894.999294	ecoli_genome	112.000000	0.000000	0.000000
894.999294	ecoli_transcript	67747.000000	0.000000	0.000000
894.999294	ecolipol	43.000000	0.000000	0.000000
894.999294	gene_A	16.000000	37.000000	0.000000
894.999294	gene_A*	18.000000	37.000000	0.000000
894.999294	gene_B	373.000000	639.000000	0.000000
894.999294	gene_C	242.000000	629.000000	0.000000
894.999294	gene_D	199.000000	623.000000	0.000000
894.999294	gene_E	168.000000	619.000000	0.000000
894.999294	gene_F	103.000000	438.000000	0.000000
894.999294	gene_G	27.000000	331.000000	0.066465
894.999294	gene_H	0.000000	223.000000	0.103139
894.999294	gene_J	101.000000	613.000000	0.089723
894.999294	gene_K	284.000000	630.000000	0.000000
894.999294	promoter_A	1.000000	0.000000	0.000000
894.999294	promoter_B1	0.000000	0.000000	0.000000
894.999294	promoter_D	0.000000	0.000000	0.000000
899.999085	__gene_A*_rbs	37.000000	0.000000	0.000000
899.999085	__gene_A_rbs	38.000000	0.000000	0.000000
899.999085	__gene_B_rbs	642.000000	0.000000	0.000000
899.999085	__gene_C_rbs	632.000000	0.000000	0.000000
899.999085	__gene_D_rbs	627.000000	0.000000	0.000000
899.999085	__gene_E_rbs	623.000000	0.000000	0.000000
899.999085	__gene_F_rbs	440.000000	0.000000	0.000000
899.999085	__gene_G_rbs	334.000000	0.000000	0.000000
899.999085	__gene_H_rbs	224.000000	0.000000	0.000000
899.999085	__gene_J_rbs	616.000000	0.000000	0.000000
899.999085	__gene_K_rbs	634.000000	0.000000	0.000000
899.999085	__ribosome	0.000000	0.000000	0.000000
899.999085	bound_ecolipol	1882.000000	0.000000	0.000000
899.999085	bound_ribosome	100.000000	0.000000	0.000000
899.999085	ecoli_genome	118.000000	0.000000	0.000000
899.999085	ecoli_transcript	68132.000000	0.000000	0.000000
899.999085	ecolipol	48.000000	0.000000	0.000000
899.999085	gene_A	16.000000	38.000000	0.000000
899.999085	gene_A*	18.000000	37.000000	0.000000
899.999085	gene_B	373.000000	642.000000	0.000000
899.999085	gene_C	242.000000	632.000000	0.000000
899.999085	gene_D	199.000000	627.000000	0.000000
899.999085	gene_E	168.000000	623.000000	0.000000
899.999085	gene_F	103.000000	440.000000	0.000000
899.999085	gene_G	27.000000	334.000000	0.065868
899.999085	gene_H	0.000000	224.000000	0.102679
899.999085	gene_J	101.000000	616.000000	0.089286
899.999085	gene_K	284.000000	634.000000	0.000000
899.999085	promoter_A	0.000000	0.000000	0.000000
899.999085	promoter_B1	0.000000	0.000000	0.000000
899.999085	promoter_D	0.000000	0.000000	0.000000
904.999441	__gene_A*_rbs	37.000000	0.000000	0.000000
904.999441	__gene_A_rbs	38.000000	0.000000	0.000000
904.999441	__gene_B_rbs	646.000000	0.000000	0.000000
904.999441	__gene_C_rbs	635.000000	0.000000	0.000000
904.999441	__gene_D_rbs	630.000000	0.000000	0.000000
904.999441	__gene_E_rbs	627.000000	0.000000	0.000000
904.999441	__gene_F_rbs	443.000000	0.000000	0.000000
904.999441	__gene_G_rbs	335.000000	0.000000	0.000000
904.999441	__gene_H_rbs	224.000000	0.000000	0.000000
904.999441	__gene_J_rbs	620.000000	0.000000	0.000000
904.999441	__gene_K_rbs	638.000000	0.000000	0.000000
904.999441	__ribosome	0.000000	0.000000	0.000000
904.999441	bound_ecolipol	1884.000000	0.000000	0.000000
904.999441	bound_ribosome	100.000000	0.000000	0.000000
904.999441	ecoli_genome	116.000000	0.000000	0.000000
904.999441	ecoli_transcript	68507.000000	0.000000	0.000000
904.999441	ecolipol	46.000000	0.000000	0.000000
904.999441	gene_A	16.000000	38.000000	0.000000
904.999441	gene_A*	18.000000	37.000000	0.000000
904.999441	gene_B	373.000000	646.000000	0.000000
904.999441	gene_C	242.000000	635.000000	0.000000
904.999441	gene_D	199.000000	630.000000	0.000000
904.999441	gene_E	168.000000	627.000000	0.000000
904.999441	gene_F	103.000000	443.000000	0.000000
904.999441	gene_G	27.000000	335.000000	0.065672
904.999441	gene_H	0.000000	224.000000	0.102679
904.999441	gene_J	101.000000	620.000000	0.088710
904.999441	gene_K	284.000000	638.000000	0.000000
904.999441	promoter_A	1.000000	0.000000	0.000000
904.999441	promoter_B1	0.000000	0.000000	0.000000
904.999441	promoter_D	0.000000	0.000000	0.000000
909.999303	__gene_A*_rbs	37.000000	0.000000	0.000000
909.999303	__gene_A_rbs	38.000000	0.000000	0.000000
909.999303	__gene_B_rbs	650.000000	0.000000	0.000000
909.999303	__gene_C_rbs	639.000000	0.000000	0.000000
909.999303	__gene_D_rbs	633.000000	0.000000	0.000000
909.999303	__gene_E_rbs	630.000000	0.000000	0.000000
909.999303	__gene_F_rbs	446.000000	0.000000	0.000000
909.999303	__gene_G_rbs	336.000000	0.000000	0.000000
909.999303	__gene_H_rbs	226.000000	0.000000	0.000000
909.999303	__gene_J_rbs	624.000000	0.000000	0.000000
909.999303	__gene_K_rbs	641.000000	0.000000	0.000000
909.999303	__ribosome	0.000000	0.000000	0.000000
909.999303	bound_ecolipol	1895.000000	0.000000	0.000000
909.999303	bound_ribosome	100.000000	0.000000	0.000000
909.999303	ecoli_genome	105.000000	0.000000	0.000000
909.999303	ecoli_transcript	68866.000000	0.000000	0.000000
909.999303	ecolipol	35.000000	0.000000	0.000000
909.999303	gene_A	16.000000	38.000000	0.000000
909.999303	gene_A*	18.000000	37.000000	0.000000
909.999303	gene_B	373.000000	650.000000	0.000000
909.999303	gene_C	242.000000	639.000000	0.000000
909.999303	gene_D	199.000000	633.000000	0.000000
909.999303	gene_E	168.000000	630.000000	0.000000
909.999303	gene_F	103.000000	446.000000	0.000000
909.999303	gene_G	27.000000	336.000000	0.065476
909.999303	gene_H	0.000000	226.000000	0.101770
909.999303	gene_J	101.000000	624.000000	0.088141
909.999303	gene_K	284.000000	641.000000	0.000000
909.999303	promoter_A	1.000000	0.000000	0.000000
909.999303	promoter_B1	0.000000	0.000000	0.000000
909.999303	promoter_D	0.000000	0.000000	0.000000
914.999031	__gene_A*_rbs	37.000000	0.000000	0.000000
914.999031	__gene_A_rbs	38.000000	0.000000	0.000000
914.999031	__gene_B_rbs	654.000000	0.000000	0.000000
914.999031	__gene_C_rbs	643.000000	0.000000	0.000000
914.999031	__gene_D_rbs	637.000000	0.000000	0.000000
914.999031	__gene_E_rbs	633.000000	0.000000	0.000000
914.999031	__gene_F_rbs	449.000000	0.000000	0.000000
914.999031	__gene_G_rbs	338.000000	0.000000	0.000000
914.999031	__gene_H_rbs	228.000000	0.000000	0.000000
914.999031	__gene_J_rbs	628.000000	0.000000	0.000000
914.999031	__gene_K_rbs	645.000000	0.000000	0.000000
914.999031	__ribosome	0.000000	0.000000	0.000000
914.999031	bound_ecolipol	1884.000000	0.000000	0.000000
914.999031	bound_ribosome	100.000000	0.000000	0.000000
914.999031	ecoli_genome	116.000000	0.000000	0.000000
914.999031	ecoli_transcript	69237.000000	0.000000	0.000000
914.999031	ecolipol	45.000000	0.000000	0.000000
914.999031	gene_A	16.000000	38.000000	0.000000
914.999031	gene_A*	18.000000	37.000000	0.000000
914.999031	gene_B	373.000000	654.000000	0.000000
914.999031	gene_C	242.000000	643.000000	0.000000
914.999031	gene_D	199.000000	637.000000	0.000000
914.999031	gene_E	168.000000	633.000000	0.000000
914.999031	gene_F	103.000000	449.000000	0.000000
914.999031	gene_G	27.000000	338.000000	0.065089
914.999031	gene_H	0.000000	228.000000	0.100877
914.999031	gene_J	101.000000	628.000000	0.087580
914.999031	gene_K	284.000000	645.000000	0.000000
914.999031	promoter_A	1.000000	0.000000	0.000000
914.999031	promoter_B1	0.000000	0.000000	0.000000
914.999031	promoter_D	0.000000	0.000000	0.000000
919.999304	__gene_A*_rbs	38.000000	0.000000	0.000000
919.999304	__gene_A_rbs	39.000000	0.000000	0.000000
919.999304	__gene_B_rbs	658.000000	0.000000	0.000000
919.999304	__gene_C_rbs	647.000000	0.000000	0.000000
919.999304	__gene_D_rbs	640.000000	0.000000	0.000000
919.999304	__gene_E_rbs	637.000000	0.000000	0.000000
919.999304	__gene_F_rbs	453.000000	0.000000	0.000000
919.999304	__gene_G_rbs	342.000000	0.000000	0.000000
919.999304	__gene_H_rbs	228.000000	0.000000	0.000000
919.999304	__gene_J_rbs	631.000000	0.000000	0.000000
919.999304	__gene_K_rbs	649.000000	0.000000	0.000000
919.999304	__ribosome	0.000000	0.000000	0.000000
919.999304	bound_ecolipol	1891.000000	0.000000	0.000000
919.999304	bound_ribosome	100.000000	0.000000	0.000000
919.999304	ecoli_genome	109.000000	0.000000	0.000000
919.999304	ecoli_transcript	69616.000000	0.000000	0.000000
919.999304	ecolipol	36.000000	0.000000	0.000000
919.999304	gene_A	16.000000	39.000000	0.000000
919.999304	gene_A*	18.000000	38.000000	0.000000
919.999304	gene_B	373.000000	658.000000	0.000000
919.999304	gene_C	242.000000	647.000000	0.000000
919.999304	gene_D	199.000000	640.000000	0.000000
919.999304	gene_E	168.000000	637.000000	0.000000
919.999304	gene_F	103.000000	453.000000	0.000000
919.999304	gene_G	27.000000	342.000000	0.064327
919.999304	gene_H	0.000000	228.000000	0.100877
919.999304	gene_J	101.000000	631.000000	0.087163
919.999304	gene_K	284.000000	649.000000	0.000000
919.999304	promoter_A	1.000000	0.000000	0.000000
919.999304	promoter_B1	0.000000	0.000000	0.000000
919.999304	promoter_D	0.000000	0.000000	0.000000
924.999143	__gene_A*_rbs	38.000000	0.000000	0.000000
924.999143	__gene_A_rbs	39.000000	0.000000	0.000000
924.999143	__gene_B_rbs	662.000000	0.000000	0.000000
924.999143	__gene_C_rbs	650.000000	0.000000	0.000000
924.999143	__gene_D_rbs	644.000000	0.000000	0.000000
924.999143	__gene_E_rbs	639.000000	0.000000	0.000000
924.999143	__gene_F_rbs	455.000000	0.000000	0.000000
924.999143	__gene_G_rbs	344.000000	0.000000	0.000000
924.999143	__gene_H_rbs	228.000000	0.000000	0.000000
924.999143	__gene_J_rbs	634.000000	0.000000	0.000000
924.999143	__gene_K_rbs	652.000000	0.000000	0.000000
924.999143	__ribosome	0.000000	0.000000	0.000000
924.999143	bound_ecolipol	1877.000000	0.000000	0.000000
924.999143	bound_ribosome	100.000000	0.000000	0.000000
924.999143	ecoli_genome	123.000000	0.000000	0.000000
924.999143	ecoli_transcript	70012.000000	0.000000	0.000000
924.999143	ecolipol	49.000000	0.000000	0.000000
924.999143	gene_A	16.000000	39.000000	0.000000
924.999143	gene_A*	18.000000	38.000000	0.000000
924.999143	gene_B	373.000000	662.000000	0.000000
924.999143	gene_C	242.000000	650.000000	0.000000
924.999143	gene_D	199.000000	644.000000	0.000000
924.999143	gene_E	168.000000	639.000000	0.000000
924.999143	gene_F	103.000000	455.000000	0.000000
924.999143	gene_G	27.000000	344.000000	0.063953
924.999143	gene_H	0.000000	228.000000	0.100877
924.999143	gene_J	101.000000	634.000000	0.086751
924.999143	gene_K	284.000000	652.000000	0.000000
924.999143	promoter_A	1.000000	0.000000	0.000000
924.999143	promoter_B1	0.000000	0.000000	0.000000
924.999143	promoter_D	0.000000	0.000000	0.000000
929.999074	__gene_A*_rbs	38.000000	0.000000	0.000000
929.999074	__gene_A_rbs	39.000000	0.000000	0.000000
929.999074	__gene_B_rbs	665.000000	0.000000	0.000000
929.999074	__gene_C_rbs	654.000000	0.000000	0.000000
929.999074	__gene_D_rbs	648.000000	0.000000	0.000000
929.999074	__gene_E_rbs	643.000000	0.000000	0.000000
929.999074	__gene_F_rbs	458.000000	0.000000	0.000000
929.999074	__gene_G_rbs	345.000000	0.000000	0.000000
929.999074	__gene_H_rbs	231.000000	0.000000	0.000000
929.999074	__gene_J_rbs	637.000000	0.000000	0.000000
929.999074	__gene_K_rbs	656.000000	0.000000	0.000000
929.999074	__ribosome	0.000000	0.000000	0.000000
929.999074	bound_ecolipol	1878.000000	0.000000	0.000000
929.999074	bound_ribosome	100.000000	0.000000	0.000000
929.999074	ecoli_genome	122.000000	0.000000	0.000000
929.999074	ecoli_transcript	70387.000000	0.000000	0.000000
929.999074	ecolipol	47.000000	0.000000	0.000000
929.999074	gene_A	16.000000	39.000000	0.000000
929.999074	gene_A*	18.000000	38.000000	0.000000
929.999074	gene_B	373.000000	665.000000	0.000000
929.999074	gene_C	242.000000	654.000000	0.000000
929.999074	gene_D	199.000000	648.000000	0.000000
929.999074	gene_E	168.000000	643.000000	0.000000
929.999074	gene_F	103.000000	458.000000	0.000000
929.999074	gene_G	27.000000	345.000000	0.063768
929.999074	gene_H	0.000000	231.000000	0.099567
929.999074	gene_J	101.000000	637.000000	0.086342
929.999074	gene_K	284.000000	656.000000	0.000000
929.999074	promoter_A	1.000000	0.000000	0.000000
929.999074	promoter_B1	0.000000	0.000000	0.000000
929.999074	promoter_D	0.000000	0.000000	0.000000
934.999172	__gene_A*_rbs	39.000000	0.000000	0.000000
934.999172	__gene_A_rbs	39.000000	0.000000	0.000000
934.999172	__gene_B_rbs	668.000000	0.000000	0.000000
934.999172	__gene_C_rbs	658.000000	0.000000	0.000000
934.999172	__gene_D_rbs	651.000000	0.000000	0.000000
934.999172	__gene_E_rbs	647.000000	0.000000	0.000000
934.999172	__gene_F_rbs	460.000000	0.000000	0.000000
934.999172	__gene_G_rbs	347.000000	0.000000	0.000000
934.999172	__gene_H_rbs	234.000000	0.000000	0.000000
934.999172	__gene_J_rbs	641.000000	0.000000	0.000000
934.999172	__gene_K_rbs	659.000000	0.000000	0.000000
934.999172	__ribosome	0.000000	0.000000	0.000000
934.999172	bound_ecolipol	1881.000000	0.000000	0.000000
934.999172	bound_ribosome	100.000000	0.000000	0.000000
934.999172	ecoli_genome	119.000000	0.000000	0.000000
934.999172	ecoli_transcript	70765.000000	0.000000	0.000000
934.999172	ecolipol	42.000000	0.000000	0.000000
934.999172	gene_A	16.000000	39.000000	0.000000
934.999172	gene_A*	18.000000	39.000000	0.000000
934.999172	gene_B	373.000000	668.000000	0.000000
934.999172	gene_C	242.000000	658.000000	0.000000
934.999172	gene_D	199.000000	651.000000	0.000000
934.999172	gene_E	168.000000	647.000000	0.000000
934.999172	gene_F	103.000000	460.000000	0.000000
934.999172	gene_G	27.000000	347.000000	0.063401
934.999172	gene_H	0.000000	234.000000	0.098291
934.999172	gene_J	101.000000	641.000000	0.085803
934.999172	gene_K	284.000000	659.000000	0.000000
934.999172	promoter_A	1.000000	0.000000	0.000000
934.999172	promoter_B1	0.000000	0.000000	0.000000
934.999172	promoter_D	0.000000	0.000000	0.000000
939.999256	__gene_A*_rbs	39.000000	0.000000	0.000000
939.999256	__gene_A_rbs	39.000000	0.000000	0.000000
939.999256	__gene_B_rbs	672.000000	0.000000	0.000000
939.999256	__gene_C_rbs	661.000000	0.000000	0.000000
939.999256	__gene_D_rbs	655.000000	0.000000	0.000000
939.999256	__gene_E_rbs	651.000000	0.000000	0.000000
939.999256	__gene_F_rbs	464.000000	0.000000	0.000000
939.999256	__gene_G_rbs	350.000000	0.000000	0.000000
939.999256	__gene_H_rbs	236.000000	0.000000	0.000000
939.999256	__gene_J_rbs	644.000000	0.000000	0.000000
939.999256	__gene_K_rbs	663.000000	0.000000	0.000000
939.999256	__ribosome	0.000000	0.000000	0.000000
939.999256	bound_ecolipol	1888.000000	0.000000	0.000000
939.999256	bound_ribosome	100.000000	0.000000	0.000000
939.999256	ecoli_genome	112.000000	0.000000	0.000000
939.999256	ecoli_transcript	71164.000000	0.000000	0.000000
939.999256	ecolipol	37.000000	0.000000	0.000000
939.999256	gene_A	16.000000	39.000000	0.000000
939.999256	gene_A*	18.000000	39.000000	0.000000
939.999256	gene_B	373.000000	672.000000	0.000000
939.999256	gene_C	242.000000	661.000000	0.000000
939.999256	gene_D	199.000000	655.000000	0.000000
939.999256	gene_E	168.000000	651.000000	0.000000
939.999256	gene_F	103.000000	464.000000	0.000000
939.999256	gene_G	27.000000	350.000000	0.062857
939.999256	gene_H	0.000000	236.000000	0.097458
939.999256	gene_J	101.000000	644.000000	0.085404
939.999256	gene_K	284.000000	663.000000	0.000000
939.999256	promoter_A	1.000000	0.000000	0.000000
939.999256	promoter_B1	0.000000	0.000000	0.000000
939.999256	promoter_D	0.000000	0.000000	0.000000
944.999157	__gene_A*_rbs	39.000000	0.000000	0.000000
944.999157	__gene_A_rbs	39.000000	0.000000	0.000000
944.999157	__gene_B_rbs	676.000000	0.000000	0.000000
944.999157	__gene_C_rbs	665.000000	0.000000	0.000000
944.999157	__gene_D_rbs	658.000000	0.000000	0.000000
944.999157	__gene_E_rbs	655.000000	0.000000	0.000000
944.999157	__gene_F_rbs	466.000000	0.000000	0.000000
944.999157	__gene_G_rbs	352.000000	0.000000	0.000000
944.999157	__gene_H_rbs	236.000000	0.000000	0.000000
944.999157	__gene_J_rbs	648.000000	0.000000	0.000000
944.999157	__gene_K_rbs	667.000000	0.000000	0.000000
944.999157	__ribosome	0.000000	0.000000	0.000000
944.999157	bound_ecolipol	1881.000000	0.000000	0.000000
944.999157	bound_ribosome	100.000000	0.000000	0.000000
944.999157	ecoli_genome	119.000000	0.000000	0.000000
944.999157	ecoli_transcript	71543.000000	0.000000	0.000000
944.999157	ecolipol	46.000000	0.000000	0.000000
944.999157	gene_A	16.000000	39.000000	0.000000
944.999157	gene_A*	18.000000	39.000000	0.000000
944.999157	gene_B	373.000000	676.000000	0.000000
944.999157	gene_C	242.000000	665.000000	0.000000
944.999157	gene_D	199.000000	658.000000	0.000000
944.999157	gene_E	168.000000	655.000000	0.000000
944.999157	gene_F	103.000000	466.000000	0.000000
944.999157	gene_G	27.000000	352.000000	0.062500
944.999157	gene_H	0.000000	236.000000	0.097458
944.999157	gene_J	101.000000	648.000000	0.084877
944.999157	gene_K	284.000000	667.000000	0.000000
944.999157	promoter_A	1.000000	0.000000	0.000000
944.999157	promoter_B1	0.000000	0.000000	0.000000
944.999157	promoter_D	0.000000	0.000000	0.000000
949.999170	__gene_A*_rbs	39.000000	0.000000	0.000000
949.999170	__gene_A_rbs	39.000000	0.000000	0.000000
949.999170	__gene_B_rbs	680.000000	0.000000	0.000000
949.999170	__gene_C_rbs	669.000000	0.000000	0.000000
949.999170	__gene_D_rbs	662.000000	0.000000	0.000000
949.999170	__gene_E_rbs	658.000000	0.000000	0.000000
949.999170	__gene_F_rbs	467.000000	0.000000	0.000000
949.999170	__gene_G_rbs	353.000000	0.000000	0.000000
949.999170	__gene_H_rbs	236.000000	0.000000	0.000000
949.999170	__gene_J_rbs	652.000000	0.000000	0.000000
949.999170	__gene_K_rbs	671.000000	0.000000	0.000000
949.999170	__ribosome	0.000000	0.000000	0.000000
949.999170	bound_ecolipol	1893.000000	0.000000	0.000000
949.999170	bound_ribosome	100.000000	0.000000	0.000000
949.999170	ecoli_genome	107.000000	0.000000	0.000000
949.999170	ecoli_transcript	71909.000000	0.000000	0.000000
949.999170	ecolipol	34.000000	0.000000	0.000000
949.999170	gene_A	16.000000	39.000000	0.000000
949.999170	gene_A*	18.000000	39.000000	0.000000
949.999170	gene_B	373.000000	680.000000	0.000000
949.999170	gene_C	242.000000	669.000000	0.000000
949.999170	gene_D	199.000000	662.000000	0.000000
949.999170	gene_E	168.000000	658.000000	0.000000
949.999170	gene_F	103.000000	467.000000	0.000000
949.999170	gene_G	27.000000	353.000000	0.062323
949.999170	gene_H	0.000000	236.000000	0.097458
949.999170	gene_J	101.000000	652.000000	0.084356
949.999170	gene_K	284.000000	671.000000	0.000000
949.999170	promoter_A	1.000000	0.000000	0.000000
949.999170	promoter_B1	1.000000	0.000000	0.000000
949.999170	promoter_D	0.000000	0.000000	0.000000
954.999042	__gene_A*_rbs	39.000000	0.000000	0.000000
954.999042	__gene_A_rbs	39.000000	0.000000	0.000000
954.999042	__gene_B_rbs	684.000000	0.000000	0.000000
954.999042	__gene_C_rbs	672.000000	0.000000	0.000000
954.999042	__gene_D_rbs	666.000000	0.000000	0.000000
954.999042	__gene_E_rbs	662.000000	0.000000	0.000000
954.999042	__gene_F_rbs	469.000000	0.000000	0.000000
954.999042	__gene_G_rbs	355.000000	0.000000	0.000000
954.999042	__gene_H_rbs	238.000000	0.000000	0.000000
954.999042	__gene_J_rbs	655.000000	0.000000	0.000000
954.999042	__gene_K_rbs	675.000000	0.000000	0.000000
954.999042	__ribosome	0.000000	0.000000	0.000000
954.999042	bound_ecolipol	1882.000000	0.000000	0.000000
954.999042	bound_ribosome	100.000000	0.000000	0.000000
954.999042	ecoli_genome	118.000000	0.000000	0.000000
954.999042	ecoli_transcript	72261.000000	0.000000	0.000000
954.999042	ecolipol	46.000000	0.000000	0.000000
954.999042	gene_A	16.000000	39.000000	0.000000
954.999042	gene_A*	18.000000	39.000000	0.000000
954.999042	gene_B	373.000000	684.000000	0.000000
954.999042	gene_C	242.000000	672.000000	0.000000
954.999042	gene_D	199.000000	666.000000	0.000000
954.999042	gene_E	168.000000	662.000000	0.000000
954.999042	gene_F	103.000000	469.000000	0.000000
954.999042	gene_G	27.000000	355.000000	0.061972
954.999042	gene_H	0.000000	238.000000	0.096639
954.999042	gene_J	101.000000	655.000000	0.083969
954.999042	gene_K	284.000000	675.000000	0.000000
954.999042	promoter_A	1.000000	0.000000	0.000000
954.999042	promoter_B1	0.000000	0.000000	0.000000
954.999042	promoter_D	0.000000	0.000000	0.000000
959.999186	__gene_A*_rbs	39.000000	0.000000	0.000000
959.999186	__gene_A_rbs	39.000000	0.000000	0.000000
959.999186	__gene_B_rbs	688.000000	0.000000	0.000000
959.999186	__gene_C_rbs	676.000000	0.000000	0.000000
959.999186	__gene_D_rbs	670.000000	0.000000	0.000000
959.999186	__gene_E_rbs	665.000000	0.000000	0.000000
959.999186	__gene_F_rbs	472.000000	0.000000	0.000000
959.999186	__gene_G_rbs	357.000000	0.000000	0.000000
959.999186	__gene_H_rbs	240.000000	0.000000	0.000000
959.999186	__gene_J_rbs	659.000000	0.000000	0.000000
959.999186	__gene_K_rbs	678.000000	0.000000	0.000000
959.999186	__ribosome	0.000000	0.000000	0.000000
959.999186	bound_ecolipol	1887.000000	0.000000	0.000000
959.999186	bound_ribosome	100.000000	0.000000	0.000000
959.999186	ecoli_genome	113.000000	0.000000	0.000000
959.999186	ecoli_transcript	72645.000000	0.000000	0.000000
959.999186	ecolipol	45.000000	0.000000	0.000000
959.999186	gene_A	16.000000	39.000000	0.000000
959.999186	gene_A*	18.000000	39.000000	0.000000
959.999186	gene_B	373.000000	688.000000	0.000000
959.999186	gene_C	242.000000	676.000000	0.000000
959.999186	gene_D	199.000000	670.000000	0.000000
959.999186	gene_E	168.000000	665.000000	0.000000
959.999186	gene_F	103.000000	472.000000	0.000000
959.999186	gene_G	27.000000	357.000000	0.061625
959.999186	gene_H	0.000000	240.000000	0.095833
959.999186	gene_J	101.000000	659.000000	0.083460
959.999186	gene_K	284.000000	678.000000	0.000000
959.999186	promoter_A	1.000000	0.000000	0.000000
959.999186	promoter_B1	0.000000	0.000000	0.000000
959.999186	promoter_D	0.000000	0.000000	0.000000
964.999165	__gene_A*_rbs	39.000000	0.000000	0.000000
964.999165	__gene_A_rbs	39.000000	0.000000	0.000000
964.999165	__gene_B_rbs	691.000000	0.000000	0.000000
964.999165	__gene_C_rbs	679.000000	0.000000	0.000000
964.999165	__gene_D_rbs	673.000000	0.000000	0.000000
964.999165	__gene_E_rbs	669.000000	0.000000	0.000000
964.999165	__gene_F_rbs	472.000000	0.000000	0.000000
964.999165	__gene_G_rbs	358.000000	0.000000	0.000000
964.999165	__gene_H_rbs	241.000000	0.000000	0.000000
964.999165	__gene_J_rbs	663.000000	0.000000	0.000000
964.999165	__gene_K_rbs	681.000000	0.000000	0.000000
964.999165	__ribosome	0.000000	0.000000	0.000000
964.999165	bound_ecolipol	1880.000000	0.000000	0.000000
964.999165	bound_ribosome	100.000000	0.000000	0.000000
964.999165	ecoli_genome	120.000000	0.000000	0.000000
964.999165	ecoli_transcript	73047.000000	0.000000	0.000000
964.999165	ecolipol	53.000000	0.000000	0.000000
964.999165	gene_A	16.000000	39.000000	0.000000
964.999165	gene_A*	18.000000	39.000000	0.000000
964.999165	gene_B	373.000000	691.000000	0.000000
964.999165	gene_C	242.000000	679.000000	0.000000
964.999165	gene_D	199.000000	673.000000	0.000000
964.999165	gene_E	168.000000	669.000000	0.000000
964.999165	gene_F	103.000000	472.000000	0.000000
964.999165	gene_G	27.000000	358.000000	0.061453
964.999165	gene_H	0.000000	241.000000	0.095436
964.999165	gene_J	101.000000	663.000000	0.082956
964.999165	gene_K	284.000000	681.000000	0.000000
964.999165	promoter_A	1.000000	0.000000	0.000000
964.999165	promoter_B1	0.000000	0.000000	0.000000
964.999165	promoter_D	0.000000	0.000000	0.000000
969.999105	__gene_A*_rbs	39.000000	0.000000	0.000000
969.999105	__gene_A_rbs	39.000000	0.000000	0.000000
969.999105	__gene_B_rbs	695.000000	0.000000	0.000000
969.999105	__gene_C_rbs	683.000000	0.000000	0.000000
969.999105	__gene_D_rbs	677.000000	0.000000	0.000000
969.999105	__gene_E_rbs	673.000000	0.000000	0.000000
969.999105	__gene_F_rbs	475.000000	0.000000	0.000000
969.999105	__gene_G_rbs	362.000000	0.000000	0.000000
969.999105	__gene_H_rbs	243.000000	0.000000	0.000000
969.999105	__gene_J_rbs	666.000000	0.000000	0.000000
969.999105	__gene_K_rbs	685.000000	0.000000	0.000000
969.999105	__ribosome	0.000000	0.000000	0.000000
969.999105	bound_ecolipol	1890.000000	0.000000	0.000000
969.999105	bound_ribosome	100.000000	0.000000	0.000000
969.999105	ecoli_genome	110.000000	0.000000	0.000000
969.999105	ecoli_transcript	73390.000000	0.000000	0.000000
969.999105	ecolipol	43.000000	0.000000	0.000000
969.999105	gene_A	16.000000	39.000000	0.000000
969.999105	gene_A*	18.000000	39.000000	0.000000
969.999105	gene_B	373.000000	695.000000	0.000000
969.999105	gene_C	242.000000	683.000000	0.000000
969.999105	gene_D	199.000000	677.000000	0.000000
969.999105	gene_E	168.000000	673.000000	0.000000
969.999105	gene_F	103.000000	475.000000	0.000000
969.999105	gene_G	27.000000	362.000000	0.060773
969.999105	gene_H	0.000000	243.000000	0.094650
969.999105	gene_J	101.000000	666.000000	0.082583
969.999105	gene_K	284.000000	685.000000	0.000000
969.999105	promoter_A	1.000000	0.000000	0.000000
969.999105	promoter_B1	0.000000	0.000000	0.000000
969.999105	promoter_D	0.000000	0.000000	0.000000
974.999087	__gene_A*_rbs	39.000000	0.000000	0.000000
974.999087	__gene_A_rbs	39.000000	0.000000	0.000000
974.999087	__gene_B_rbs	698.000000	0.000000	0.000000
974.999087	__gene_C_rbs	687.000000	0.000000	0.000000
974.999087	__gene_D_rbs	681.000000	0.000000	0.000000
974.999087	__gene_E_rbs	677.000000	0.000000	0.000000
974.999087	__gene_F_rbs	476.000000	0.000000	0.000000
974.999087	__gene_G_rbs	364.000000	0.000000	0.000000
974.999087	__gene_H_rbs	245.000000	0.000000	0.000000
974.999087	__gene_J_rbs	670.000000	0.000000	0.000000
974.999087	__gene_K_rbs	689.000000	0.000000	0.000000
974.999087	__ribosome	0.000000	0.000000	0.000000
974.999087	bound_ecolipol	1892.000000	0.000000	0.000000
974.999087	bound_ribosome	100.000000	0.000000	0.000000
974.999087	ecoli_genome	108.000000	0.000000	0.000000
974.999087	ecoli_transcript	73766.000000	0.000000	0.000000
974.999087	ecolipol	40.000000	0.000000	0.000000
974.999087	gene_A	16.000000	39.000000	0.000000
974.999087	gene_A*	18.000000	39.000000	0.000000
974.999087	gene_B	373.000000	698.000000	0.000000
974.999087	gene_C	242.000000	687.000000	0.000000
974.999087	gene_D	199.000000	681.000000	0.000000
974.999087	gene_E	168.000000	677.000000	0.000000
974.999087	gene_F	103.000000	476.000000	0.000000
974.999087	gene_G	27.000000	364.000000	0.060440
974.999087	gene_H	0.000000	245.000000	0.093878
974.999087	gene_J	101.000000	670.000000	0.082090
974.999087	gene_K	284.000000	689.000000	0.000000
974.999087	promoter_A	1.000000	0.000000	0.000000
974.999087	promoter_B1	0.000000	0.000000	0.000000
974.999087	promoter_D	0.000000	0.000000	0.000000
979.999285	__gene_A*_rbs	39.000000	0.000000	0.000000
979.999285	__gene_A_rbs	40.000000	0.000000	0.000000
979.999285	__gene_B_rbs	702.000000	0.000000	0.000000
979.999285	__gene_C_rbs	691.000000	0.000000	0.000000
979.999285	__gene_D_rbs	684.000000	0.000000	0.000000
979.999285	__gene_E_rbs	680.000000	0.000000	0.000000
979.999285	__gene_F_rbs	479.000000	0.000000	0.000000
979.999285	__gene_G_rbs	365.000000	0.000000	0.000000
979.999285	__gene_H_rbs	245.000000	0.000000	0.000000
979.999285	__gene_J_rbs	674.000000	0.000000	0.000000
979.999285	__gene_K_rbs	693.000000	0.000000	0.000000
979.999285	__ribosome	0.000000	0.000000	0.000000
979.999285	bound_ecolipol	1880.000000	0.000000	0.000000
979.999285	bound_ribosome	100.000000	0.000000	0.000000
979.999285	ecoli_genome	120.000000	0.000000	0.000000
979.999285	ecoli_transcript	74140.000000	0.000000	0.000000
979.999285	ecolipol	50.000000	0.000000	0.000000
979.999285	gene_A	16.000000	40.000000	0.000000
979.999285	gene_A*	18.000000	39.000000	0.000000
979.999285	gene_B	373.000000	702.000000	0.000000
979.999285	gene_C	242.000000	691.000000	0.000000
979.999285	gene_D	199.000000	684.000000	0.000000
979.999285	gene_E	168.000000	680.000000	0.000000
979.999285	gene_F	103.000000	479.000000	0.000000
979.999285	gene_G	27.000000	365.000000	0.060274
979.999285	gene_H	0.000000	245.000000	0.093878
979.999285	gene_J	101.000000	674.000000	0.081602
979.999285	gene_K	284.000000	693.000000	0.000000
979.999285	promoter_A	1.000000	0.000000	0.000000
979.999285	promoter_B1	0.000000	0.000000	0.000000
979.999285	promoter_D	0.000000	0.000000	0.000000
984.999414	__gene_A*_rbs	39.000000	0.000000	0.000000
984.999414	__gene_A_rbs	40.000000	0.000000	0.000000
984.999414	__gene_B_rbs	705.000000	0.000000	0.000000
984.999414	__gene_C_rbs	695.000000	0.000000	0.000000
984.999414	__gene_D_rbs	688.000000	0.000000	0.000000
984.999414	__gene_E_rbs	684.000000	0.000000	0.000000
984.999414	__gene_F_rbs	482.000000	0.000000	0.000000
984.999414	__gene_G_rbs	368.000000	0.000000	0.000000
984.999414	__gene_H_rbs	247.000000	0.000000	0.000000
984.999414	__gene_J_rbs	677.000000	0.000000	0.000000
984.999414	__gene_K_rbs	697.000000	0.000000	0.000000
984.999414	__ribosome	0.000000	0.000000	0.000000
984.999414	bound_ecolipol	1883.000000	0.000000	0.000000
984.999414	bound_ribosome	100.000000	0.000000	0.000000
984.999414	ecoli_genome	117.000000	0.000000	0.000000
984.999414	ecoli_transcript	74537.000000	0.000000	0.000000
984.999414	ecolipol	49.000000	0.000000	0.000000
984.999414	gene_A	16.000000	40.000000	0.000000
984.999414	gene_A*	18.000000	39.000000	0.000000
984.999414	gene_B	373.000000	705.000000	0.000000
984.999414	gene_C	242.000000	695.000000	0.000000
984.999414	gene_D	199.000000	688.000000	0.000000
984.999414	gene_E	168.000000	684.000000	0.000000
984.999414	gene_F	103.000000	482.000000	0.000000
984.999414	gene_G	27.000000	368.000000	0.059783
984.999414	gene_H	0.000000	247.000000	0.093117
984.999414	gene_J	101.000000	677.000000	0.081241
984.999414	gene_K	284.000000	697.000000	0.000000
984.999414	promoter_A	1.000000	0.000000	0.000000
984.999414	promoter_B1	0.000000	0.000000	0.000000
984.999414	promoter_D	0.000000	0.000000	0.000000
989.999469	__gene_A*_rbs	39.000000	0.000000	0.000000
989.999469	__gene_A_rbs	40.000000	0.000000	0.000000
989.999469	__gene_B_rbs	709.000000	0.000000	0.000000
989.999469	__gene_C_rbs	699.000000	0.000000	0.000000
989.999469	__gene_D_rbs	692.000000	0.000000	0.000000
989.999469	__gene_E_rbs	687.000000	0.000000	0.000000
989.999469	__gene_F_rbs	486.000000	0.000000	0.000000
989.999469	__gene_G_rbs	369.000000	0.000000	0.000000
989.999469	__gene_H_rbs	249.000000	0.000000	0.000000
989.999469	__gene_J_rbs	681.000000	0.000000	0.000000
989.999469	__gene_K_rbs	701.000000	0.000000	0.000000
989.999469	__ribosome	0.000000	0.000000	0.000000
989.999469	bound_ecolipol	1897.000000	0.000000	0.000000
989.999469	bound_ribosome	100.000000	0.000000	0.000000
989.999469	ecoli_genome	103.000000	0.000000	0.000000
989.999469	ecoli_transcript	74926.000000	0.000000	0.000000
989.999469	ecolipol	33.000000	0.000000	0.000000
989.999469	gene_A	16.000000	40.000000	0.000000
989.999469	gene_A*	18.000000	39.000000	0.000000
989.999469	gene_B	373.000000	709.000000	0.000000
989.999469	gene_C	242.000000	699.000000	0.000000
989.999469	gene_D	199.000000	692.000000	0.000000
989.999469	gene_E	168.000000	687.000000	0.000000
989.999469	gene_F	103.000000	486.000000	0.000000
989.999469	gene_G	27.000000	369.000000	0.059621
989.999469	gene_H	0.000000	249.000000	0.092369
989.999469	gene_J	101.000000	681.000000	0.080764
989.999469	gene_K	284.000000	701.000000	0.000000
989.999469	promoter_A	1.000000	0.000000	0.000000
989.999469	promoter_B1	0.000000	0.000000	0.000000
989.999469	promoter_D	0.000000	0.000000	0.000000
994.999254	__gene_A*_rbs	39.000000	0.000000	0.000000
994.999254	__gene_A_rbs	41.000000	0.000000	0.000000
994.999254	__gene_B_rbs	713.000000	0.000000	0.000000
994.999254	__gene_C_rbs	702.000000	0.000000	0.000000
994.999254	__gene_D_rbs	696.000000	0.000000	0.000000
994.999254	__gene_E_rbs	691.000000	0.000000	0.000000
994.999254	__gene_F_rbs	488.000000	0.000000	0.000000
994.999254	__gene_G_rbs	370.000000	0.000000	0.000000
994.999254	__gene_H_rbs	250.000000	0.000000	0.000000
994.999254	__gene_J_rbs	684.000000	0.000000	0.000000
994.999254	__gene_K_rbs	704.000000	0.000000	0.000000
994.999254	__ribosome	0.000000	0.000000	0.000000
994.999254	bound_ecolipol	1883.000000	0.000000	0.000000
994.999254	bound_ribosome	100.000000	0.000000	0.000000
994.999254	ecoli_genome	117.000000	0.000000	0.000000
994.999254	ecoli_transcript	75311.000000	0.000000	0.000000
994.999254	ecolipol	48.000000	0.000000	0.000000
994.999254	gene_A	16.000000	41.000000	0.000000
994.999254	gene_A*	18.000000	39.000000	0.000000
994.999254	gene_B	373.000000	713.000000	0.000000
994.999254	gene_C	242.000000	702.000000	0.000000
994.999254	gene_D	199.000000	696.000000	0.000000
994.999254	gene_E	168.000000	691.000000	0.000000
994.999254	gene_F	103.000000	488.000000	0.000000
994.999254	gene_G	27.000000	370.000000	0.059459
994.999254	gene_H	0.000000	250.000000	0.092000
994.999254	gene_J	101.000000	684.000000	0.080409
994.999254	gene_K	284.000000	704.000000	0.000000
994.999254	promoter_A	1.000000	0.000000	0.000000
994.999254	promoter_B1	0.000000	0.000000	0.000000
994.999254	promoter_D	0.000000	0.000000	0.000000
999.999025	__gene_A*_rbs	40.000000	0.000000	0.000000
999.999025	__gene_A_rbs	41.000000	0.000000	0.000000
999.999025	__gene_B_rbs	716.000000	0.000000	0.000000
999.999025	__gene_C_rbs	706.000000	0.000000	0.000000
999.999025	__gene_D_rbs	700.000000	0.000000	0.000000
999.999025	__gene_E_rbs	695.000000	0.000000	0.000000
999.999025	__gene_F_rbs	490.000000	0.000000	0.000000
999.999025	__gene_G_rbs	371.000000	0.000000	0.000000
999.999025	__gene_H_rbs	252.000000	0.000000	0.000000
999.999025	__gene_J_rbs	688.000000	0.000000	0.000000
999.999025	__gene_K_rbs	707.000000	0.000000	0.000000
999.999025	__ribosome	0.000000	0.000000	0.000000
999.999025	bound_ecolipol	1889.000000	0.000000	0.000000
999.999025	bound_ribosome	100.000000	0.000000	0.000000
999.999025	ecoli_genome	111.000000	0.000000	0.000000
999.999025	ecoli_transcript	75692.000000	0.000000	0.000000
999.999025	ecolipol	43.000000	0.000000	0.000000
999.999025	gene_A	16.000000	41.000000	0.000000
999.999025	gene_A*	18.000000	40.000000	0.000000
999.999025	gene_B	373.000000	716.000000	0.000000
999.999025	gene_C	242.000000	706.000000	0.000000
999.999025	gene_D	199.000000	700.000000	0.000000
999.999025	gene_E	168.000000	695.000000	0.000000
999.999025	gene_F	103.000000	490.000000	0.000000
999.999025	gene_G	27.000000	371.000000	0.059299
999.999025	gene_H	0.000000	252.000000	0.091270
999.999025	gene_J	101.000000	688.000000	0.079942
999.999025	gene_K	284.000000	707.000000	0.000000
999.999025	promoter_A	1.000000	0.000000	0.000000
999.999025	promoter_B1	0.000000	0.000000	0.000000
999.999025	promoter_D	0.000000	0.000000	0.000000
1004.999128	__gene_A*_rbs	40.000000	0.000000	0.000000
1004.999128	__gene_A_rbs	41.000000	0.000000	0.000000
1004.999128	__gene_B_rbs	719.000000	0.000000	0.000000
1004.999128	__gene_C_rbs	709.000000	0.000000	0.000000
1004.999128	__gene_D_rbs	704.000000	0.000000	0.000000
1004.999128	__gene_E_rbs	699.000000	0.000000	0.000000
1004.999128	__gene_F_rbs	494.000000	0.000000	0.000000
1004.999128	__gene_G_rbs	371.000000	0.000000	0.000000
1004.999128	__gene_H_rbs	254.000000	0.000000	0.000000
1004.999128	__gene_J_rbs	692.000000	0.000000	0.000000
1004.999128	__gene_K_rbs	711.000000	0.000000	0.000000
1004.999128	__ribosome	0.000000	0.000000	0.000000
1004.999128	bound_ecolipol	1889.000000	0.000000	0.000000
1004.999128	bound_ribosome	100.000000	0.000000	0.000000
1004.999128	ecoli_genome	111.000000	0.000000	0.000000
1004.999128	ecoli_transcript	76063.000000	0.000000	0.000000
1004.999128	ecolipol	42.000000	0.000000	0.000000
1004.999128	gene_A	16.000000	41.000000	0.000000
1004.999128	gene_A*	18.000000	40.000000	0.000000
1004.999128	gene_B	373.000000	719.000000	0.000000
1004.999128	gene_C	242.000000	709.000000	0.000000
1004.999128	gene_D	199.000000	704.000000	0.000000
1004.999128	gene_E	168.000000	699.000000	0.000000
1004.999128	gene_F	103.000000	494.000000	0.000000
1004.999128	gene_G	27.000000	371.000000	0.059299
1004.999128	gene_H	0.000000	254.000000	0.090551
1004.999128	gene_J	101.000000	692.000000	0.079480
1004.999128	gene_K	284.000000	711.000000	0.000000
1004.999128	promoter_A	1.000000	0.000000	0.000000
1004.999128	promoter_B1	0.000000	0.000000	0.000000
1004.999128	promoter_D	0.000000	0.000000	0.000000
1009.999181	__gene_A*_rbs	41.000000	0.000000	0.000000
1009.999181	__gene_A_rbs	41.000000	0.000000	0.000000
1009.999181	__gene_B_rbs	723.000000	0.000000	0.000000
1009.999181	__gene_C_rbs	713.000000	0.000000	0.000000
1009.999181	__gene_D_rbs	707.000000	0.000000	0.000000
1009.999181	__gene_E_rbs	702.000000	0.000000	0.000000
1009.999181	__gene_F_rbs	496.000000	0.000000	0.000000
1009.999181	__gene_G_rbs	373.000000	0.000000	0.000000
1009.999181	__gene_H_rbs	254.000000	0.000000	0.000000
1009.999181	__gene_J_rbs	696.000000	0.000000	0.000000
1009.999181	__gene_K_rbs	715.000000	0.000000	0.000000
1009.999181	__ribosome	0.000000	0.000000	0.000000
1009.999181	bound_ecolipol	1889.000000	0.000000	0.000000
1009.999181	bound_ribosome	100.000000	0.000000	0.000000
1009.999181	ecoli_genome	111.000000	0.000000	0.000000
1009.999181	ecoli_transcript	76446.000000	0.000000	0.000000
1009.999181	ecolipol	42.000000	0.000000	0.000000
1009.999181	gene_A	16.000000	41.000000	0.000000
1009.999181	gene_A*	18.000000	41.000000	0.000000
1009.999181	gene_B	373.000000	723.000000	0.000000
1009.999181	gene_C	242.000000	713.000000	0.000000
1009.999181	gene_D	199.000000	707.000000	0.000000
1009.999181	gene_E	168.000000	702.000000	0.000000
1009.999181	gene_F	103.000000	496.000000	0.000000
1009.999181	gene_G	27.000000	373.000000	0.058981
1009.999181	gene_H	0.000000	254.000000	0.090551
1009.999181	gene_J	101.000000	696.000000	0.079023
1009.999181	gene_K	284.000000	715.000000	0.000000
1009.999181	promoter_A	1.000000	0.000000	0.000000
1009.999181	promoter_B1	0.000000	0.000000	0.000000
1009.999181	promoter_D	0.000000	0.000000	0.000000
1014.999038	__gene_A*_rbs	41.000000	0.000000	0.000000
1014.999038	__gene_A_rbs	41.000000	0.000000	0.000000
1014.999038	__gene_B_rbs	726.000000	0.000000	0.000000
1014.999038	__gene_C_rbs	716.000000	0.000000	0.000000
1014.999038	__gene_D_rbs	711.000000	0.000000	0.000000
1014.999038	__gene_E_rbs	706.000000	0.000000	0.000000
1014.999038	__gene_F_rbs	500.000000	0.000000	0.000000
1014.999038	__gene_G_rbs	375.000000	0.000000	0.000000
1014.999038	__gene_H_rbs	255.000000	0.000000	0.000000
1014.999038	__gene_J_rbs	700.000000	0.000000	0.000000
1014.999038	__gene_K_rbs	718.000000	0.000000	0.000000
1014.999038	__ribosome	0.000000	0.000000	0.000000
1014.999038	bound_ecolipol	1893.000000	0.000000	0.000000
1014.999038	bound_ribosome	100.000000	0.000000	0.000000
1014.999038	ecoli_genome	107.000000	0.000000	0.000000
1014.999038	ecoli_transcript	76809.000000	0.000000	0.000000
1014.999038	ecolipol	36.000000	0.000000	0.000000
1014.999038	gene_A	16.000000	41.000000	0.000000
1014.999038	gene_A*	18.000000	41.000000	0.000000
1014.999038	gene_B	373.000000	726.000000	0.000000
1014.999038	gene_C	242.000000	716.000000	0.000000
1014.999038	gene_D	199.000000	711.000000	0.000000
1014.999038	gene_E	168.000000	706.000000	0.000000
1014.999038	gene_F	103.000000	500.000000	0.000000
1014.999038	gene_G	27.000000	375.000000	0.058667
1014.999038	gene_H	0.000000	255.000000	0.090196
1014.999038	gene_J	101.000000	700.000000	0.078571
1014.999038	gene_K	284.000000	718.000000	0.000000
1014.999038	promoter_A	1.000000	0.000000	0.000000
1014.999038	promoter_B1	0.000000	0.000000	0.000000
1014.999038	promoter_D	0.000000	0.000000	0.000000
1019.999343	__gene_A*_rbs	41.000000	0.000000	0.000000
1019.999343	__gene_A_rbs	42.000000	0.000000	0.000000
1019.999343	__gene_B_rbs	730.000000	0.000000	0.000000
1019.999343	__gene_C_rbs	720.000000	0.000000	0.000000
1019.999343	__gene_D_rbs	714.000000	0.000000	0.000000
1019.999343	__gene_E_rbs	710.000000	0.000000	0.000000
1019.999343	__gene_F_rbs	502.000000	0.000000	0.000000
1019.999343	__gene_G_rbs	377.000000	0.000000	0.000000
1019.999343	__gene_H_rbs	255.000000	0.000000	0.000000
1019.999343	__gene_J_rbs	703.000000	0.000000	0.000000
1019.999343	__gene_K_rbs	722.000000	0.000000	0.000000
1019.999343	__ribosome	0.000000	0.000000	0.000000
1019.999343	bound_ecolipol	1884.000000	0.000000	0.000000
1019.999343	bound_ribosome	100.000000	0.000000	0.000000
1019.999343	ecoli_genome	116.000000	0.000000	0.000000
1019.999343	ecoli_transcript	77173.000000	0.000000	0.000000
1019.999343	ecolipol	46.000000	0.000000	0.000000
1019.999343	gene_A	16.000000	42.000000	0.000000
1019.999343	gene_A*	18.000000	41.000000	0.000000
1019.999343	gene_B	373.000000	730.000000	0.000000
1019.999343	gene_C	242.000000	720.000000	0.000000
1019.999343	gene_D	199.000000	714.000000	0.000000
1019.999343	gene_E	168.000000	710.000000	0.000000
1019.999343	gene_F	103.000000	502.000000	0.000000
1019.999343	gene_G	27.000000	377.000000	0.058355
1019.999343	gene_H	0.000000	255.000000	0.090196
1019.999343	gene_J	101.000000	703.000000	0.078236
1019.999343	gene_K	284.000000	722.000000	0.000000
1019.999343	promoter_A	0.000000	0.000000	0.000000
1019.999343	promoter_B1	0.000000	0.000000	0.000000
1019.999343	promoter_D	0.000000	0.000000	0.000000
1024.999074	__gene_A*_rbs	41.000000	0.000000	0.000000
1024.999074	__gene_A_rbs	42.000000	0.000000	0.000000
1024.999074	__gene_B_rbs	734.000000	0.000000	0.000000
1024.999074	__gene_C_rbs	724.000000	0.000000	0.000000
1024.999074	__gene_D_rbs	718.000000	0.000000	0.000000
1024.999074	__gene_E_rbs	713.000000	0.000000	0.000000
1024.999074	__gene_F_rbs	504.000000	0.000000	0.000000
1024.999074	__gene_G_rbs	379.000000	0.000000	0.000000
1024.999074	__gene_H_rbs	257.000000	0.000000	0.000000
1024.999074	__gene_J_rbs	706.000000	0.000000	0.000000
1024.999074	__gene_K_rbs	726.000000	0.000000	0.000000
1024.999074	__ribosome	0.000000	0.000000	0.000000
1024.999074	bound_ecolipol	1873.000000	0.000000	0.000000
1024.999074	bound_ribosome	100.000000	0.000000	0.000000
1024.999074	ecoli_genome	127.000000	0.000000	0.000000
1024.999074	ecoli_transcript	77535.000000	0.000000	0.000000
1024.999074	ecolipol	55.000000	0.000000	0.000000
1024.999074	gene_A	16.000000	42.000000	0.000000
1024.999074	gene_A*	18.000000	41.000000	0.000000
1024.999074	gene_B	373.000000	734.000000	0.000000
1024.999074	gene_C	242.000000	724.000000	0.000000
1024.999074	gene_D	199.000000	718.000000	0.000000
1024.999074	gene_E	168.000000	713.000000	0.000000
1024.999074	gene_F	103.000000	504.000000	0.000000
1024.999074	gene_G	27.000000	379.000000	0.058047
1024.999074	gene_H	0.000000	257.000000	0.089494
1024.999074	gene_J	101.000000	706.000000	0.077904
1024.999074	gene_K	284.000000	726.000000	0.000000
1024.999074	promoter_A	1.000000	0.000000	0.000000
1024.999074	promoter_B1	0.000000	0.000000	0.000000
1024.999074	promoter_D	0.000000	0.000000	0.000000
1029.999027	__gene_A*_rbs	41.000000	0.000000	0.000000
1029.999027	__gene_A_rbs	42.000000	0.000000	0.000000
1029.999027	__gene_B_rbs	737.000000	0.000000	0.000000
1029.999027	__gene_C_rbs	727.000000	0.000000	0.000000
1029.999027	__gene_D_rbs	722.000000	0.000000	0.000000
1029.999027	__gene_E_rbs	717.000000	0.000000	0.000000
1029.999027	__gene_F_rbs	508.000000	0.000000	0.000000
1029.999027	__gene_G_rbs	380.000000	0.000000	0.000000
1029.999027	__gene_H_rbs	259.000000	0.000000	0.000000
1029.999027	__gene_J_rbs	710.000000	0.000000	0.000000
1029.999027	__gene_K_rbs	729.000000	0.000000	0.000000
1029.999027	__ribosome	0.000000	0.000000	0.000000
1029.999027	bound_ecolipol	1893.000000	0.000000	0.000000
1029.999027	bound_ribosome	100.000000	0.000000	0.000000
1029.999027	ecoli_genome	107.000000	0.000000	0.000000
1029.999027	ecoli_transcript	77911.000000	0.000000	0.000000
1029.999027	ecolipol	37.000000	0.000000	0.000000
1029.999027	gene_A	16.000000	42.000000	0.000000
1029.999027	gene_A*	18.000000	41.000000	0.000000
1029.999027	gene_B	373.000000	737.000000	0.000000
1029.999027	gene_C	242.000000	727.000000	0.000000
1029.999027	gene_D	199.000000	722.000000	0.000000
1029.999027	gene_E	168.000000	717.000000	0.000000
1029.999027	gene_F	103.000000	508.000000	0.000000
1029.999027	gene_G	27.000000	380.000000	0.057895
1029.999027	gene_H	0.000000	259.000000	0.088803
1029.999027	gene_J	101.000000	710.000000	0.077465
1029.999027	gene_K	284.000000	729.000000	0.000000
1029.999027	promoter_A	1.000000	0.000000	0.000000
1029.999027	promoter_B1	0.000000	0.000000	0.000000
1029.999027	promoter_D	0.000000	0.000000	0.000000
1034.999205	__gene_A*_rbs	42.000000	0.000000	0.000000
1034.999205	__gene_A_rbs	42.000000	0.000000	0.000000
1034.999205	__gene_B_rbs	741.000000	0.000000	0.000000
1034.999205	__gene_C_rbs	731.000000	0.000000	0.000000
1034.999205	__gene_D_rbs	725.000000	0.000000	0.000000
1034.999205	__gene_E_rbs	721.000000	0.000000	0.000000
1034.999205	__gene_F_rbs	511.000000	0.000000	0.000000
1034.999205	__gene_G_rbs	382.000000	0.000000	0.000000
1034.999205	__gene_H_rbs	260.000000	0.000000	0.000000
1034.999205	__gene_J_rbs	714.000000	0.000000	0.000000
1034.999205	__gene_K_rbs	733.000000	0.000000	0.000000
1034.999205	__ribosome	0.000000	0.000000	0.000000
1034.999205	bound_ecolipol	1892.000000	0.000000	0.000000
1034.999205	bound_ribosome	100.000000	0.000000	0.000000
1034.999205	ecoli_genome	108.000000	0.000000	0.000000
1034.999205	ecoli_transcript	78289.000000	0.000000	0.000000
1034.999205	ecolipol	35.000000	0.000000	0.000000
1034.999205	gene_A	16.000000	42.000000	0.000000
1034.999205	gene_A*	18.000000	42.000000	0.000000
1034.999205	gene_B	373.000000	741.000000	0.000000
1034.999205	gene_C	242.000000	731.000000	0.000000
1034.999205	gene_D	199.000000	725.000000	0.000000
1034.999205	gene_E	168.000000	721.000000	0.000000
1034.999205	gene_F	103.000000	511.000000	0.000000
1034.999205	gene_G	27.000000	382.000000	0.057592
1034.999205	gene_H	0.000000	260.000000	0.088462
1034.999205	gene_J	101.000000	714.000000	0.077031
1034.999205	gene_K	284.000000	733.000000	0.000000
1034.999205	promoter_A	1.000000	0.000000	0.000000
1034.999205	promoter_B1	0.000000	0.000000	0.000000
1034.999205	promoter_D	0.000000	0.000000	0.000000
1039.999280	__gene_A*_rbs	42.000000	0.000000	0.000000
1039.999280	__gene_A_rbs	42.000000	0.000000	0.000000
1039.999280	__gene_B_rbs	745.000000	0.000000	0.000000
1039.999280	__gene_C_rbs	735.000000	0.000000	0.000000
1039.999280	__gene_D_rbs	729.000000	0.000000	0.000000
1039.999280	__gene_E_rbs	725.000000	0.000000	0.000000
1039.999280	__gene_F_rbs	515.000000	0.000000	0.000000
1039.999280	__gene_G_rbs	385.000000	0.000000	0.000000
1039.999280	__gene_H_rbs	261.000000	0.000000	0.000000
1039.999280	__gene_J_rbs	718.000000	0.000000	0.000000
1039.999280	__gene_K_rbs	737.000000	0.000000	0.000000
1039.999280	__ribosome	0.000000	0.000000	0.000000
1039.999280	bound_ecolipol	1881.000000	0.000000	0.000000
1039.999280	bound_ribosome	100.000000	0.000000	0.000000
1039.999280	ecoli_genome	119.000000	0.000000	0.000000
1039.999280	ecoli_transcript	78695.000000	0.000000	0.000000
1039.999280	ecolipol	45.000000	0.000000	0.000000
1039.999280	gene_A	16.000000	42.000000	0.000000
1039.999280	gene_A*	18.000000	42.000000	0.000000
1039.999280	gene_B	373.000000	745.000000	0.000000
1039.999280	gene_C	242.000000	735.000000	0.000000
1039.999280	gene_D	199.000000	729.000000	0.000000
1039.999280	gene_E	168.000000	725.000000	0.000000
1039.999280	gene_F	103.000000	515.000000	0.000000
1039.999280	gene_G	27.000000	385.000000	0.057143
1039.999280	gene_H	0.000000	261.000000	0.088123
1039.999280	gene_J	101.000000	718.000000	0.076602
1039.999280	gene_K	284.000000	737.000000	0.000000
1039.999280	promoter_A	1.000000	0.000000	0.000000
1039.999280	promoter_B1	0.000000	0.000000	0.000000
1039.999280	promoter_D	0.000000	0.000000	0.000000
1044.999160	__gene_A*_rbs	42.000000	0.000000	0.000000
1044.999160	__gene_A_rbs	42.000000	0.000000	0.000000
1044.999160	__gene_B_rbs	748.000000	0.000000	0.000000
1044.999160	__gene_C_rbs	738.000000	0.000000	0.000000
1044.999160	__gene_D_rbs	732.000000	0.000000	0.000000
1044.999160	__gene_E_rbs	728.000000	0.000000	0.000000
1044.999160	__gene_F_rbs	518.000000	0.000000	0.000000
1044.999160	__gene_G_rbs	388.000000	0.000000	0.000000
1044.999160	__gene_H_rbs	263.000000	0.000000	0.000000
1044.999160	__gene_J_rbs	721.000000	0.000000	0.000000
1044.999160	__gene_K_rbs	740.000000	0.000000	0.000000
1044.999160	__ribosome	0.000000	0.000000	0.000000
1044.999160	bound_ecolipol	1893.000000	0.000000	0.000000
1044.999160	bound_ribosome	100.000000	0.000000	0.000000
1044.999160	ecoli_genome	107.000000	0.000000	0.000000
1044.999160	ecoli_transcript	79068.000000	0.000000	0.000000
1044.999160	ecolipol	30.000000	0.000000	0.000000
1044.999160	gene_A	16.000000	42.000000	0.000000
1044.999160	gene_A*	18.000000	42.000000	0.000000
1044.999160	gene_B	373.000000	748.000000	0.000000
1044.999160	gene_C	242.000000	738.000000	0.000000
1044.999160	gene_D	199.000000	732.000000	0.000000
1044.999160	gene_E	168.000000	728.000000	0.000000
1044.999160	gene_F	103.000000	518.000000	0.000000
1044.999160	gene_G	27.000000	388.000000	0.056701
1044.999160	gene_H	0.000000	263.000000	0.087452
1044.999160	gene_J	101.000000	721.000000	0.076283
1044.999160	gene_K	284.000000	740.000000	0.000000
1044.999160	promoter_A	1.000000	0.000000	0.000000
1044.999160	promoter_B1	0.000000	0.000000	0.000000
1044.999160	promoter_D	0.000000	0.000000	0.000000
1049.999300	__gene_A*_rbs	42.000000	0.000000	0.000000
1049.999300	__gene_A_rbs	42.000000	0.000000	0.000000
1049.999300	__gene_B_rbs	752.000000	0.000000	0.000000
1049.999300	__gene_C_rbs	742.000000	0.000000	0.000000
1049.999300	__gene_D_rbs	736.000000	0.000000	0.000000
1049.999300	__gene_E_rbs	732.000000	0.000000	0.000000
1049.999300	__gene_F_rbs	521.000000	0.000000	0.000000
1049.999300	__gene_G_rbs	389.000000	0.000000	0.000000
1049.999300	__gene_H_rbs	265.000000	0.000000	0.000000
1049.999300	__gene_J_rbs	725.000000	0.000000	0.000000
1049.999300	__gene_K_rbs	743.000000	0.000000	0.000000
1049.999300	__ribosome	0.000000	0.000000	0.000000
1049.999300	bound_ecolipol	1884.000000	0.000000	0.000000
1049.999300	bound_ribosome	100.000000	0.000000	0.000000
1049.999300	ecoli_genome	116.000000	0.000000	0.000000
1049.999300	ecoli_transcript	79424.000000	0.000000	0.000000
1049.999300	ecolipol	41.000000	0.000000	0.000000
1049.999300	gene_A	16.000000	42.000000	0.000000
1049.999300	gene_A*	18.000000	42.000000	0.000000
1049.999300	gene_B	373.000000	752.000000	0.000000
1049.999300	gene_C	242.000000	742.000000	0.000000
1049.999300	gene_D	199.000000	736.000000	0.000000
1049.999300	gene_E	168.000000	732.000000	0.000000
1049.999300	gene_F	103.000000	521.000000	0.000000
1049.999300	gene_G	27.000000	389.000000	0.056555
1049.999300	gene_H	0.000000	265.000000	0.086792
1049.999300	gene_J	101.000000	725.000000	0.075862
1049.999300	gene_K	284.000000	743.000000	0.000000
1049.999300	promoter_A	1.000000	0.000000	0.000000
1049.999300	promoter_B1	0.000000	0.000000	0.000000
1049.999300	promoter_D	0.000000	0.000000	0.000000
1054.999049	__gene_A*_rbs	42.000000	0.000000	0.000000
1054.999049	__gene_A_rbs	42.000000	0.000000	0.000000
1054.999049	__gene_B_rbs	756.000000	0.000000	0.000000
1054.999049	__gene_C_rbs	745.000000	0.000000	0.000000
1054.999049	__gene_D_rbs	740.000000	0.000000	0.000000
1054.999049	__gene_E_rbs	736.000000	0.000000	0.000000
1054.999049	__gene_F_rbs	524.000000	0.000000	0.000000
1054.999049	__gene_G_rbs	392.000000	0.000000	0.000000
1054.999049	__gene_H_rbs	266.000000	0.000000	0.000000
1054.999049	__gene_J_rbs	729.000000	0.000000	0.000000
1054.999049	__gene_K_rbs	748.000000	0.000000	0.000000
1054.999049	__ribosome	0.000000	0.000000	0.000000
1054.999049	bound_ecolipol	1871.000000	0.000000	0.000000
1054.999049	bound_ribosome	100.000000	0.000000	0.000000
1054.999049	ecoli_genome	129.000000	0.000000	0.000000
1054.999049	ecoli_transcript	79807.000000	0.000000	0.000000
1054.999049	ecolipol	53.000000	0.000000	0.000000
1054.999049	gene_A	16.000000	42.000000	0.000000
1054.999049	gene_A*	18.000000	42.000000	0.000000
1054.999049	gene_B	373.000000	756.000000	0.000000
1054.999049	gene_C	242.000000	745.000000	0.000000
1054.999049	gene_D	199.000000	740.000000	0.000000
1054.999049	gene_E	168.000000	736.000000	0.000000
1054.999049	gene_F	103.000000	524.000000	0.000000
1054.999049	gene_G	27.000000	392.000000	0.056122
1054.999049	gene_H	0.000000	266.000000	0.086466
1054.999049	gene_J	101.000000	729.000000	0.075446
1054.999049	gene_K	284.000000	748.000000	0.000000
1054.999049	promoter_A	1.000000	0.000000	0.000000
1054.999049	promoter_B1	0.000000	0.000000	0.000000
1054.999049	promoter_D	0.000000	0.000000	0.000000
1059.999094	__gene_A*_rbs	42.000000	0.000000	0.000000
1059.999094	__gene_A_rbs	42.000000	0.000000	0.000000
1059.999094	__gene_B_rbs	760.000000	0.000000	0.000000
1059.999094	__gene_C_rbs	749.000000	0.000000	0.000000
1059.999094	__gene_D_rbs	744.000000	0.000000	0.000000
1059.999094	__gene_E_rbs	739.000000	0.000000	0.000000
1059.999094	__gene_F_rbs	526.000000	0.000000	0.000000
1059.999094	__gene_G_rbs	396.000000	0.000000	0.000000
1059.999094	__gene_H_rbs	267.000000	0.000000	0.000000
1059.999094	__gene_J_rbs	733.000000	0.000000	0.000000
1059.999094	__gene_K_rbs	751.000000	0.000000	0.000000
1059.999094	__ribosome	0.000000	0.000000	0.000000
1059.999094	bound_ecolipol	1888.000000	0.000000	0.000000
1059.999094	bound_ribosome	100.000000	0.000000	0.000000
1059.999094	ecoli_genome	112.000000	0.000000	0.000000
1059.999094	ecoli_transcript	80176.000000	0.000000	0.000000
1059.999094	ecolipol	36.000000	0.000000	0.000000
1059.999094	gene_A	16.000000	42.000000	0.000000
1059.999094	gene_A*	18.000000	42.000000	0.000000
1059.999094	gene_B	373.000000	760.000000	0.000000
1059.999094	gene_C	242.000000	749.000000	0.000000
1059.999094	gene_D	199.000000	744.000000	0.000000
1059.999094	gene_E	168.000000	739.000000	0.000000
1059.999094	gene_F	103.000000	526.000000	0.000000
1059.999094	gene_G	27.000000	396.000000	0.055556
1059.999094	gene_H	0.000000	267.000000	0.086142
1059.999094	gene_J	101.000000	733.000000	0.075034
1059.999094	gene_K	284.000000	751.000000	0.000000
1059.999094	promoter_A	1.000000	0.000000	0.000000
1059.999094	promoter_B1	0.000000	0.000000	0.000000
1059.999094	promoter_D	0.000000	0.000000	0.000000
1064.999386	__gene_A*_rbs	42.000000	0.000000	0.000000
1064.999386	__gene_A_rbs	42.000000	0.000000	0.000000
1064.999386	__gene_B_rbs	763.000000	0.000000	0.000000
1064.999386	__gene_C_rbs	753.000000	0.000000	0.000000
1064.999386	__gene_D_rbs	747.000000	0.000000	0.000000
1064.999386	__gene_E_rbs	743.000000	0.000000	0.000000
1064.999386	__gene_F_rbs	528.000000	0.000000	0.000000
1064.999386	__gene_G_rbs	396.000000	0.000000	0.000000
1064.999386	__gene_H_rbs	269.000000	0.000000	0.000000
1064.999386	__gene_J_rbs	737.000000	0.000000	0.000000
1064.999386	__gene_K_rbs	755.000000	0.000000	0.000000
1064.999386	__ribosome	0.000000	0.000000	0.000000
1064.999386	bound_ecolipol	1873.000000	0.000000	0.000000
1064.999386	bound_ribosome	100.000000	0.000000	0.000000
1064.999386	ecoli_genome	127.000000	0.000000	0.000000
1064.999386	ecoli_transcript	80563.000000	0.000000	0.000000
1064.999386	ecolipol	53.000000	0.000000	0.000000
1064.999386	gene_A	16.000000	42.000000	0.000000
1064.999386	gene_A*	18.000000	42.000000	0.000000
1064.999386	gene_B	373.000000	763.000000	0.000000
1064.999386	gene_C	242.000000	753.000000	0.000000
1064.999386	gene_D	199.000000	747.000000	0.000000
1064.999386	gene_E	168.000000	743.000000	0.000000
1064.999386	gene_F	103.000000	528.000000	0.000000
1064.999386	gene_G	27.000000	396.000000	0.055556
1064.999386	gene_H	0.000000	269.000000	0.085502
1064.999386	gene_J	101.000000	737.000000	0.074627
1064.999386	gene_K	284.000000	755.000000	0.000000
1064.999386	promoter_A	1.000000	0.000000	0.000000
1064.999386	promoter_B1	0.000000	0.000000	0.000000
1064.999386	promoter_D	0.000000	0.000000	0.000000
1069.999339	__gene_A*_rbs	42.000000	0.000000	0.000000
1069.999339	__gene_A_rbs	43.000000	0.000000	0.000000
1069.999339	__gene_B_rbs	768.000000	0.000000	0.000000
1069.999339	__gene_C_rbs	756.000000	0.000000	0.000000
1069.999339	__gene_D_rbs	751.000000	0.000000	0.000000
1069.999339	__gene_E_rbs	747.000000	0.000000	0.000000
1069.999339	__gene_F_rbs	532.000000	0.000000	0.000000
1069.999339	__gene_G_rbs	398.000000	0.000000	0.000000
1069.999339	__gene_H_rbs	270.000000	0.000000	0.000000
1069.999339	__gene_J_rbs	740.000000	0.000000	0.000000
1069.999339	__gene_K_rbs	758.000000	0.000000	0.000000
1069.999339	__ribosome	0.000000	0.000000	0.000000
1069.999339	bound_ecolipol	1880.000000	0.000000	0.000000
1069.999339	bound_ribosome	100.000000	0.000000	0.000000
1069.999339	ecoli_genome	120.000000	0.000000	0.000000
1069.999339	ecoli_transcript	80939.000000	0.000000	0.000000
1069.999339	ecolipol	47.000000	0.000000	0.000000
1069.999339	gene_A	16.000000	43.000000	0.000000
1069.999339	gene_A*	18.000000	42.000000	0.000000
1069.999339	gene_B	373.000000	768.000000	0.000000
1069.999339	gene_C	242.000000	756.000000	0.000000
1069.999339	gene_D	199.000000	751.000000	0.000000
1069.999339	gene_E	168.000000	747.000000	0.000000
1069.999339	gene_F	103.000000	532.000000	0.000000
1069.999339	gene_G	27.000000	398.000000	0.055276
1069.999339	gene_H	0.000000	270.000000	0.085185
1069.999339	gene_J	101.000000	740.000000	0.074324
1069.999339	gene_K	284.000000	758.000000	0.000000
1069.999339	promoter_A	1.000000	0.000000	0.000000
1069.999339	promoter_B1	0.000000	0.000000	0.000000
1069.999339	promoter_D	0.000000	0.000000	0.000000
1074.999172	__gene_A*_rbs	42.000000	0.000000	0.000000
1074.999172	__gene_A_rbs	43.000000	0.000000	0.000000
1074.999172	__gene_B_rbs	771.000000	0.000000	0.000000
1074.999172	__gene_C_rbs	760.000000	0.000000	0.000000
1074.999172	__gene_D_rbs	754.000000	0.000000	0.000000
1074.999172	__gene_E_rbs	751.000000	0.000000	0.000000
1074.999172	__gene_F_rbs	533.000000	0.000000	0.000000
1074.999172	__gene_G_rbs	400.000000	0.000000	0.000000
1074.999172	__gene_H_rbs	272.000000	0.000000	0.000000
1074.999172	__gene_J_rbs	744.000000	0.000000	0.000000
1074.999172	__gene_K_rbs	762.000000	0.000000	0.000000
1074.999172	__ribosome	0.000000	0.000000	0.000000
1074.999172	bound_ecolipol	1893.000000	0.000000	0.000000
1074.999172	bound_ribosome	100.000000	0.000000	0.000000
1074.999172	ecoli_genome	107.000000	0.000000	0.000000
1074.999172	ecoli_transcript	81282.000000	0.000000	0.000000
1074.999172	ecolipol	37.000000	0.000000	0.000000
1074.999172	gene_A	16.000000	43.000000	0.000000
1074.999172	gene_A*	18.000000	42.000000	0.000000
1074.999172	gene_B	373.000000	771.000000	0.000000
1074.999172	gene_C	242.000000	760.000000	0.000000
1074.999172	gene_D	199.000000	754.000000	0.000000
1074.999172	gene_E	168.000000	751.000000	0.000000
1074.999172	gene_F	103.000000	533.000000	0.000000
1074.999172	gene_G	27.000000	400.000000	0.055000
1074.999172	gene_H	0.000000	272.000000	0.084559
1074.999172	gene_J	101.000000	744.000000	0.073925
1074.999172	gene_K	284.000000	762.000000	0.000000
1074.999172	promoter_A	1.000000	0.000000	0.000000
1074.999172	promoter_B1	0.000000	0.000000	0.000000
1074.999172	promoter_D	0.000000	0.000000	0.000000
1079.999012	__gene_A*_rbs	42.000000	0.000000	0.000000
1079.999012	__gene_A_rbs	43.000000	0.000000	0.000000
1079.999012	__gene_B_rbs	774.000000	0.000000	0.000000
1079.999012	__gene_C_rbs	764.000000	0.000000	0.000000
1079.999012	__gene_D_rbs	757.000000	0.000000	0.000000
1079.999012	__gene_E_rbs	754.000000	0.000000	0.000000
1079.999012	__gene_F_rbs	535.000000	0.000000	0.000000
1079.999012	__gene_G_rbs	401.000000	0.000000	0.000000
1079.999012	__gene_H_rbs	273.000000	0.000000	0.000000
1079.999012	__gene_J_rbs	747.000000	0.000000	0.000000
1079.999012	__gene_K_rbs	766.000000	0.000000	0.000000
1079.999012	__ribosome	0.000000	0.000000	0.000000
1079.999012	bound_ecolipol	1889.000000	0.000000	0.000000
1079.999012	bound_ribosome	100.000000	0.000000	0.000000
1079.999012	ecoli_genome	111.000000	0.000000	0.000000
1079.999012	ecoli_transcript	81659.000000	0.000000	0.000000
1079.999012	ecolipol	41.000000	0.000000	0.000000
1079.999012	gene_A	16.000000	43.000000	0.000000
1079.999012	gene_A*	18.000000	42.000000	0.000000
1079.999012	gene_B	373.000000	774.000000	0.000000
1079.999012	gene_C	242.000000	764.000000	0.000000
1079.999012	gene_D	199.000000	757.000000	0.000000
1079.999012	gene_E	168.000000	754.000000	0.000000
1079.999012	gene_F	103.000000	535.000000	0.000000
1079.999012	gene_G	27.000000	401.000000	0.054863
1079.999012	gene_H	0.000000	273.000000	0.084249
1079.999012	gene_J	101.000000	747.000000	0.073628
1079.999012	gene_K	284.000000	766.000000	0.000000
1079.999012	promoter_A	1.000000	0.000000	0.000000
1079.999012	promoter_B1	0.000000	0.000000	0.000000
1079.999012	promoter_D	0.000000	0.000000	0.000000
1084.999000	__gene_A*_rbs	43.000000	0.000000	0.000000
1084.999000	__gene_A_rbs	43.000000	0.000000	0.000000
1084.999000	__gene_B_rbs	778.000000	0.000000	0.000000
1084.999000	__gene_C_rbs	768.000000	0.000000	0.000000
1084.999000	__gene_D_rbs	761.000000	0.000000	0.000000
1084.999000	__gene_E_rbs	757.000000	0.000000	0.000000
1084.999000	__gene_F_rbs	537.000000	0.000000	0.000000
1084.999000	__gene_G_rbs	404.000000	0.000000	0.000000
1084.999000	__gene_H_rbs	274.000000	0.000000	0.000000
1084.999000	__gene_J_rbs	751.000000	0.000000	0.000000
1084.999000	__gene_K_rbs	770.000000	0.000000	0.000000
1084.999000	__ribosome	0.000000	0.000000	0.000000
1084.999000	bound_ecolipol	1877.000000	0.000000	0.000000
1084.999000	bound_ribosome	100.000000	0.000000	0.000000
1084.999000	ecoli_genome	123.000000	0.000000	0.000000
1084.999000	ecoli_transcript	82072.000000	0.000000	0.000000
1084.999000	ecolipol	54.000000	0.000000	0.000000
1084.999000	gene_A	16.000000	43.000000	0.000000
1084.999000	gene_A*	18.000000	43.000000	0.000000
1084.999000	gene_B	373.000000	778.000000	0.000000
1084.999000	gene_C	242.000000	768.000000	0.000000
1084.999000	gene_D	199.000000	761.000000	0.000000
1084.999000	gene_E	168.000000	757.000000	0.000000
1084.999000	gene_F	103.000000	537.000000	0.000000
1084.999000	gene_G	27.000000	404.000000	0.054455
1084.999000	gene_H	0.000000	274.000000	0.083942
1084.999000	gene_J	101.000000	751.000000	0.073236
1084.999000	gene_K	284.000000	770.000000	0.000000
1084.999000	promoter_A	1.000000	0.000000	0.000000
1084.999000	promoter_B1	0.000000	0.000000	0.000000
1084.999000	promoter_D	0.000000	0.000000	0.000000
1089.999046	__gene_A*_rbs	43.000000	0.000000	0.000000
1089.999046	__gene_A_rbs	43.000000	0.000000	0.000000
1089.999046	__gene_B_rbs	781.000000	0.000000	0.000000
1089.999046	__gene_C_rbs	771.000000	0.000000	0.000000
1089.999046	__gene_D_rbs	765.000000	0.000000	0.000000
1089.999046	__gene_E_rbs	760.000000	0.000000	0.000000
1089.999046	__gene_F_rbs	540.000000	0.000000	0.000000
1089.999046	__gene_G_rbs	407.000000	0.000000	0.000000
1089.999046	__gene_H_rbs	275.000000	0.000000	0.000000
1089.999046	__gene_J_rbs	755.000000	0.000000	0.000000
1089.999046	__gene_K_rbs	773.000000	0.000000	0.000000
1089.999046	__ribosome	0.000000	0.000000	0.000000
1089.999046	bound_ecolipol	1886.000000	0.000000	0.000000
1089.999046	bound_ribosome	100.000000	0.000000	0.000000
1089.999046	ecoli_genome	114.000000	0.000000	0.000000
1089.999046	ecoli_transcript	82446.000000	0.000000	0.000000
1089.999046	ecolipol	47.000000	0.000000	0.000000
1089.999046	gene_A	16.000000	43.000000	0.000000
1089.999046	gene_A*	18.000000	43.000000	0.000000
1089.999046	gene_B	373.000000	781.000000	0.000000
1089.999046	gene_C	242.000000	771.000000	0.000000
1089.999046	gene_D	199.000000	765.000000	0.000000
1089.999046	gene_E	168.000000	760.000000	0.000000
1089.999046	gene_F	103.000000	540.000000	0.000000
1089.999046	gene_G	27.000000	407.000000	0.054054
1089.999046	gene_H	0.000000	275.000000	0.083636
1089.999046	gene_J	101.000000	755.000000	0.072848
1089.999046	gene_K	284.000000	773.000000	0.000000
1089.999046	promoter_A	1.000000	0.000000	0.000000
1089.999046	promoter_B1	0.000000	0.000000	0.000000
1089.999046	promoter_D	0.000000	0.000000	0.000000
1094.999100	__gene_A*_rbs	43.000000	0.000000	0.000000
1094.999100	__gene_A_rbs	43.000000	0.000000	0.000000
1094.999100	__gene_B_rbs	784.000000	0.000000	0.000000
1094.999100	__gene_C_rbs	775.000000	0.000000	0.000000
1094.999100	__gene_D_rbs	768.000000	0.000000	0.000000
1094.999100	__gene_E_rbs	764.000000	0.000000	0.000000
1094.999100	__gene_F_rbs	541.000000	0.000000	0.000000
1094.999100	__gene_G_rbs	407.000000	0.000000	0.000000
1094.999100	__gene_H_rbs	275.000000	0.000000	0.000000
1094.999100	__gene_J_rbs	758.000000	0.000000	0.000000
1094.999100	__gene_K_rbs	777.000000	0.000000	0.000000
1094.999100	__ribosome	0.000000	0.000000	0.000000
1094.999100	bound_ecolipol	1889.000000	0.000000	0.000000
1094.999100	bound_ribosome	100.000000	0.000000	0.000000
1094.999100	ecoli_genome	111.000000	0.000000	0.000000
1094.999100	ecoli_transcript	82818.000000	0.000000	0.000000
1094.999100	ecolipol	46.000000	0.000000	0.000000
1094.999100	gene_A	16.000000	43.000000	0.000000
1094.999100	gene_A*	18.000000	43.000000	0.000000
1094.999100	gene_B	373.000000	784.000000	0.000000
1094.999100	gene_C	242.000000	775.000000	0.000000
1094.999100	gene_D	199.000000	768.000000	0.000000
1094.999100	gene_E	168.000000	764.000000	0.000000
1094.999100	gene_F	103.000000	541.000000	0.000000
1094.999100	gene_G	27.000000	407.000000	0.054054
1094.999100	gene_H	0.000000	275.000000	0.083636
1094.999100	gene_J	101.000000	758.000000	0.072559
1094.999100	gene_K	284.000000	777.000000	0.000000
1094.999100	promoter_A	1.000000	0.000000	0.000000
1094.999100	promoter_B1	0.000000	0.000000	0.000000
1094.999100	promoter_D	0.000000	0.000000	0.000000
1099.999234	__gene_A*_rbs	43.000000	0.000000	0.000000
1099.999234	__gene_A_rbs	43.000000	0.000000	0.000000
1099.999234	__gene_B_rbs	788.000000	0.000000	0.000000
1099.999234	__gene_C_rbs	778.000000	0.000000	0.000000
1099.999234	__gene_D_rbs	772.000000	0.000000	0.000000
1099.999234	__gene_E_rbs	768.000000	0.000000	0.000000
1099.999234	__gene_F_rbs	543.000000	0.000000	0.000000
1099.999234	__gene_G_rbs	409.000000	0.000000	0.000000
1099.999234	__gene_H_rbs	278.000000	0.000000	0.000000
1099.999234	__gene_J_rbs	760.000000	0.000000	0.000000
1099.999234	__gene_K_rbs	780.000000	0.000000	0.000000
1099.999234	__ribosome	0.000000	0.000000	0.000000
1099.999234	bound_ecolipol	1885.000000	0.000000	0.000000
1099.999234	bound_ribosome	100.000000	0.000000	0.000000
1099.999234	ecoli_genome	115.000000	0.000000	0.000000
1099.999234	ecoli_transcript	83200.000000	0.000000	0.000000
1099.999234	ecolipol	50.000000	0.000000	0.000000
1099.999234	gene_A	16.000000	43.000000	0.000000
1099.999234	gene_A*	18.000000	43.000000	0.000000
1099.999234	gene_B	373.000000	788.000000	0.000000
1099.999234	gene_C	242.000000	778.000000	0.000000
1099.999234	gene_D	199.000000	772.000000	0.000000
1099.999234	gene_E	168.000000	768.000000	0.000000
1099.999234	gene_F	103.000000	543.000000	0.000000
1099.999234	gene_G	27.000000	409.000000	0.053790
1099.999234	gene_H	0.000000	278.000000	0.082734
1099.999234	gene_J	101.000000	760.000000	0.072368
1099.999234	gene_K	284.000000	780.000000	0.000000
1099.999234	promoter_A	1.000000	0.000000	0.000000
1099.999234	promoter_B1	0.000000	0.000000	0.000000
1099.999234	promoter_D	0.000000	0.000000	0.000000
1104.999135	__gene_A*_rbs	43.000000	0.000000	0.000000
1104.999135	__gene_A_rbs	43.000000	0.000000	0.000000
1104.999135	__gene_B_rbs	792.000000	0.000000	0.000000
1104.999135	__gene_C_rbs	782.000000	0.000000	0.000000
1104.999135	__gene_D_rbs	776.000000	0.000000	0.000000
1104.999135	__gene_E_rbs	771.000000	0.000000	0.000000
1104.999135	__gene_F_rbs	545.000000	0.000000	0.000000
1104.999135	__gene_G_rbs	411.000000	0.000000	0.000000
1104.999135	__gene_H_rbs	281.000000	0.000000	0.000000
1104.999135	__gene_J_rbs	764.000000	0.000000	0.000000
1104.999135	__gene_K_rbs	783.000000	0.000000	0.000000
1104.999135	__ribosome	0.000000	0.000000	0.000000
1104.999135	bound_ecolipol	1885.000000	0.000000	0.000000
1104.999135	bound_ribosome	100.000000	0.000000	0.000000
1104.999135	ecoli_genome	115.000000	0.000000	0.000000
1104.999135	ecoli_transcript	83619.000000	0.000000	0.000000
1104.999135	ecolipol	50.000000	0.000000	0.000000
1104.999135	gene_A	16.000000	43.000000	0.000000
1104.999135	gene_A*	18.000000	43.000000	0.000000
1104.999135	gene_B	373.000000	792.000000	0.000000
1104.999135	gene_C	242.000000	782.000000	0.000000
1104.999135	gene_D	199.000000	776.000000	0.000000
1104.999135	gene_E	168.000000	771.000000	0.000000
1104.999135	gene_F	103.000000	545.000000	0.000000
1104.999135	gene_G	27.000000	411.000000	0.053528
1104.999135	gene_H	0.000000	281.000000	0.081851
1104.999135	gene_J	101.000000	764.000000	0.071990
1104.999135	gene_K	284.000000	783.000000	0.000000
1104.999135	promoter_A	1.000000	0.000000	0.000000
1104.999135	promoter_B1	0.000000	0.000000	0.000000
1104.999135	promoter_D	0.000000	0.000000	0.000000
1109.999032	__gene_A*_rbs	43.000000	0.000000	0.000000
1109.999032	__gene_A_rbs	43.000000	0.000000	0.000000
1109.999032	__gene_B_rbs	796.000000	0.000000	0.000000
1109.999032	__gene_C_rbs	785.000000	0.000000	0.000000
1109.999032	__gene_D_rbs	779.000000	0.000000	0.000000
1109.999032	__gene_E_rbs	775.000000	0.000000	0.000000
1109.999032	__gene_F_rbs	548.000000	0.000000	0.000000
1109.999032	__gene_G_rbs	412.000000	0.000000	0.000000
1109.999032	__gene_H_rbs	281.000000	0.000000	0.000000
1109.999032	__gene_J_rbs	768.000000	0.000000	0.000000
1109.999032	__gene_K_rbs	786.000000	0.000000	0.000000
1109.999032	__ribosome	0.000000	0.000000	0.000000
1109.999032	bound_ecolipol	1887.000000	0.000000	0.000000
1109.999032	bound_ribosome	100.000000	0.000000	0.000000
1109.999032	ecoli_genome	113.000000	0.000000	0.000000
1109.999032	ecoli_transcript	84020.000000	0.000000	0.000000
1109.999032	ecolipol	49.000000	0.000000	0.000000
1109.999032	gene_A	16.000000	43.000000	0.000000
1109.999032	gene_A*	18.000000	43.000000	0.000000
1109.999032	gene_B	373.000000	796.000000	0.000000
1109.999032	gene_C	242.000000	785.000000	0.000000
1109.999032	gene_D	199.000000	779.000000	0.000000
1109.999032	gene_E	168.000000	775.000000	0.000000
1109.999032	gene_F	103.000000	548.000000	0.000000
1109.999032	gene_G	27.000000	412.000000	0.053398
1109.999032	gene_H	0.000000	281.000000	0.081851
1109.999032	gene_J	101.000000	768.000000	0.071615
1109.999032	gene_K	284.000000	786.000000	0.000000
1109.999032	promoter_A	1.000000	0.000000	0.000000
1109.999032	promoter_B1	0.000000	0.000000	0.000000
1109.999032	promoter_D	0.000000	0.000000	0.000000
1114.999043	__gene_A*_rbs	43.000000	0.000000	0.000000
1114.999043	__gene_A_rbs	43.000000	0.000000	0.000000
1114.999043	__gene_B_rbs	799.000000	0.000000	0.000000
1114.999043	__gene_C_rbs	788.000000	0.000000	0.000000
1114.999043	__gene_D_rbs	783.000000	0.000000	0.000000
1114.999043	__gene_E_rbs	779.000000	0.000000	0.000000
1114.999043	__gene_F_rbs	549.000000	0.000000	0.000000
1114.999043	__gene_G_rbs	414.000000	0.000000	0.000000
1114.999043	__gene_H_rbs	283.000000	0.000000	0.000000
1114.999043	__gene_J_rbs	772.000000	0.000000	0.000000
1114.999043	__gene_K_rbs	790.000000	0.000000	0.000000
1114.999043	__ribosome	0.000000	0.000000	0.000000
1114.999043	bound_ecolipol	1893.000000	0.000000	0.000000
1114.999043	bound_ribosome	100.000000	0.000000	0.000000
1114.999043	ecoli_genome	107.000000	0.000000	0.000000
1114.999043	ecoli_transcript	84394.000000	0.000000	0.000000
1114.999043	ecolipol	41.000000	0.000000	0.000000
1114.999043	gene_A	16.000000	43.000000	0.000000
1114.999043	gene_A*	18.000000	43.000000	0.000000
1114.999043	gene_B	373.000000	799.000000	0.000000
1114.999043	gene_C	242.000000	788.000000	0.000000
1114.999043	gene_D	199.000000	783.000000	0.000000
1114.999043	gene_E	168.000000	779.000000	0.000000
1114.999043	gene_F	103.000000	549.000000	0.000000
1114.999043	gene_G	27.000000	414.000000	0.053140
1114.999043	gene_H	0.000000	283.000000	0.081272
1114.999043	gene_J	101.000000	772.000000	0.071244
1114.999043	gene_K	284.000000	790.000000	0.000000
1114.999043	promoter_A	0.000000	0.000000	0.000000
1114.999043	promoter_B1	0.000000	0.000000	0.000000
1114.999043	promoter_D	0.000000	0.000000	0.000000
1119.999333	__gene_A*_rbs	43.000000	0.000000	0.000000
1119.999333	__gene_A_rbs	44.000000	0.000000	0.000000
1119.999333	__gene_B_rbs	803.000000	0.000000	0.000000
1119.999333	__gene_C_rbs	792.000000	0.000000	0.000000
1119.999333	__gene_D_rbs	787.000000	0.000000	0.000000
1119.999333	__gene_E_rbs	782.000000	0.000000	0.000000
1119.999333	__gene_F_rbs	551.000000	0.000000	0.000000
1119.999333	__gene_G_rbs	416.000000	0.000000	0.000000
1119.999333	__gene_H_rbs	285.000000	0.000000	0.000000
1119.999333	__gene_J_rbs	776.000000	0.000000	0.000000
1119.999333	__gene_K_rbs	793.000000	0.000000	0.000000
1119.999333	__ribosome	0.000000	0.000000	0.000000
1119.999333	bound_ecolipol	1898.000000	0.000000	0.000000
1119.999333	bound_ribosome	100.000000	0.000000	0.000000
1119.999333	ecoli_genome	102.000000	0.000000	0.000000
1119.999333	ecoli_transcript	84762.000000	0.000000	0.000000
1119.999333	ecolipol	34.000000	0.000000	0.000000
1119.999333	gene_A	16.000000	44.000000	0.000000
1119.999333	gene_A*	18.000000	43.000000	0.000000
1119.999333	gene_B	373.000000	803.000000	0.000000
1119.999333	gene_C	242.000000	792.000000	0.000000
1119.999333	gene_D	199.000000	787.000000	0.000000
1119.999333	gene_E	168.000000	782.000000	0.000000
1119.999333	gene_F	103.000000	551.000000	0.000000
1119.999333	gene_G	27.000000	416.000000	0.052885
1119.999333	gene_H	0.000000	285.000000	0.080702
1119.999333	gene_J	101.000000	776.000000	0.070876
1119.999333	gene_K	284.000000	793.000000	0.000000
1119.999333	promoter_A	1.000000	0.000000	0.000000
1119.999333	promoter_B1	0.000000	0.000000	0.000000
1119.999333	promoter_D	0.000000	0.000000	0.000000
1124.999000	__gene_A*_rbs	43.000000	0.000000	0.000000
1124.999000	__gene_A_rbs	44.000000	0.000000	0.000000
1124.999000	__gene_B_rbs	807.000000	0.000000	0.000000
1124.999000	__gene_C_rbs	795.000000	0.000000	0.000000
1124.999000	__gene_D_rbs	790.000000	0.000000	0.000000
1124.999000	__gene_E_rbs	786.000000	0.000000	0.000000
1124.999000	__gene_F_rbs	554.000000	0.000000	0.000000
1124.999000	__gene_G_rbs	418.000000	0.000000	0.000000
1124.999000	__gene_H_rbs	286.000000	0.000000	0.000000
1124.999000	__gene_J_rbs	779.000000	0.000000	0.000000
1124.999000	__gene_K_rbs	797.000000	0.000000	0.000000
1124.999000	__ribosome	0.000000	0.000000	0.000000
1124.999000	bound_ecolipol	1883.000000	0.000000	0.000000
1124.999000	bound_ribosome	100.000000	0.000000	0.000000
1124.999000	ecoli_genome	117.000000	0.000000	0.000000
1124.999000	ecoli_transcript	85133.000000	0.000000	0.000000
1124.999000	ecolipol	47.000000	0.000000	0.000000
1124.999000	gene_A	16.000000	44.000000	0.000000
1124.999000	gene_A*	18.000000	43.000000	0.000000
1124.999000	gene_B	373.000000	807.000000	0.000000
1124.999000	gene_C	242.000000	795.000000	0.000000
1124.999000	gene_D	199.000000	790.000000	0.000000
1124.999000	gene_E	168.000000	786.000000	0.000000
1124.999000	gene_F	103.000000	554.000000	0.000000
1124.999000	gene_G	27.000000	418.000000	0.052632
1124.999000	gene_H	0.000000	286.000000	0.080420
1124.999000	gene_J	101.000000	779.000000	0.070603
1124.999000	gene_K	284.000000	797.000000	0.000000
1124.999000	promoter_A	1.000000	0.000000	0.000000
1124.999000	promoter_B1	0.000000	0.000000	0.000000
1124.999000	promoter_D	0.000000	0.000000	0.000000
1129.999052	__gene_A*_rbs	44.000000	0.000000	0.000000
1129.999052	__gene_A_rbs	44.000000	0.000000	0.000000
1129.999052	__gene_B_rbs	810.000000	0.000000	0.000000
1129.999052	__gene_C_rbs	799.000000	0.000000	0.000000
1129.999052	__gene_D_rbs	794.000000	0.000000	0.000000
1129.999052	__gene_E_rbs	790.000000	0.000000	0.000000
1129.999052	__gene_F_rbs	556.000000	0.000000	0.000000
1129.999052	__gene_G_rbs	420.000000	0.000000	0.000000
1129.999052	__gene_H_rbs	288.000000	0.000000	0.000000
1129.999052	__gene_J_rbs	783.000000	0.000000	0.000000
1129.999052	__gene_K_rbs	801.000000	0.000000	0.000000
1129.999052	__ribosome	0.000000	0.000000	0.000000
1129.999052	bound_ecolipol	1897.000000	0.000000	0.000000
1129.999052	bound_ribosome	100.000000	0.000000	0.000000
1129.999052	ecoli_genome	103.000000	0.000000	0.000000
1129.999052	ecoli_transcript	85512.000000	0.000000	0.000000
1129.999052	ecolipol	35.000000	0.000000	0.000000
1129.999052	gene_A	16.000000	44.000000	0.000000
1129.999052	gene_A*	18.000000	44.000000	0.000000
1129.999052	gene_B	373.000000	810.000000	0.000000
1129.999052	gene_C	242.000000	799.000000	0.000000
1129.999052	gene_D	199.000000	794.000000	0.000000
1129.999052	gene_E	168.000000	790.000000	0.000000
1129.999052	gene_F	103.000000	556.000000	0.000000
1129.999052	gene_G	27.000000	420.000000	0.052381
1129.999052	gene_H	0.000000	288.000000	0.079861
1129.999052	gene_J	101.000000	783.000000	0.070243
1129.999052	gene_K	284.000000	801.000000	0.000000
1129.999052	promoter_A	1.000000	0.000000	0.000000
1129.999052	promoter_B1	0.000000	0.000000	0.000000
1129.999052	promoter_D	0.000000	0.000000	0.000000
1134.999109	__gene_A*_rbs	44.000000	0.000000	0.000000
1134.999109	__gene_A_rbs	44.000000	0.000000	0.000000
1134.999109	__gene_B_rbs	814.000000	0.000000	0.000000
1134.999109	__gene_C_rbs	802.000000	0.000000	0.000000
1134.999109	__gene_D_rbs	797.000000	0.000000	0.000000
1134.999109	__gene_E_rbs	793.000000	0.000000	0.000000
1134.999109	__gene_F_rbs	560.000000	0.000000	0.000000
1134.999109	__gene_G_rbs	421.000000	0.000000	0.000000
1134.999109	__gene_H_rbs	289.000000	0.000000	0.000000
1134.999109	__gene_J_rbs	787.000000	0.000000	0.000000
1134.999109	__gene_K_rbs	804.000000	0.000000	0.000000
1134.999109	__ribosome	0.000000	0.000000	0.000000
1134.999109	bound_ecolipol	1889.000000	0.000000	0.000000
1134.999109	bound_ribosome	100.000000	0.000000	0.000000
1134.999109	ecoli_genome	111.000000	0.000000	0.000000
1134.999109	ecoli_transcript	85894.000000	0.000000	0.000000
1134.999109	ecolipol	41.000000	0.000000	0.000000
1134.999109	gene_A	16.000000	44.000000	0.000000
1134.999109	gene_A*	18.000000	44.000000	0.000000
1134.999109	gene_B	373.000000	814.000000	0.000000
1134.999109	gene_C	242.000000	802.000000	0.000000
1134.999109	gene_D	199.000000	797.000000	0.000000
1134.999109	gene_E	168.000000	793.000000	0.000000
1134.999109	gene_F	103.000000	560.000000	0.000000
1134.999109	gene_G	27.000000	421.000000	0.052257
1134.999109	gene_H	0.000000	289.000000	0.079585
1134.999109	gene_J	101.000000	787.000000	0.069886
1134.999109	gene_K	284.000000	804.000000	0.000000
1134.999109	promoter_A	1.000000	0.000000	0.000000
1134.999109	promoter_B1	0.000000	0.000000	0.000000
1134.999109	promoter_D	0.000000	0.000000	0.000000
1139.999031	__gene_A*_rbs	44.000000	0.000000	0.000000
1139.999031	__gene_A_rbs	44.000000	0.000000	0.000000
1139.999031	__gene_B_rbs	817.000000	0.000000	0.000000
1139.999031	__gene_C_rbs	806.000000	0.000000	0.000000
1139.999031	__gene_D_rbs	800.000000	0.000000	0.000000
1139.999031	__gene_E_rbs	797.000000	0.000000	0.000000
1139.999031	__gene_F_rbs	563.000000	0.000000	0.000000
1139.999031	__gene_G_rbs	423.000000	0.000000	0.000000
1139.999031	__gene_H_rbs	291.000000	0.000000	0.000000
1139.999031	__gene_J_rbs	790.000000	0.000000	0.000000
1139.999031	__gene_K_rbs	808.000000	0.000000	0.000000
1139.999031	__ribosome	0.000000	0.000000	0.000000
1139.999031	bound_ecolipol	1890.000000	0.000000	0.000000
1139.999031	bound_ribosome	100.000000	0.000000	0.000000
1139.999031	ecoli_genome	110.000000	0.000000	0.000000
1139.999031	ecoli_transcript	86268.000000	0.000000	0.000000
1139.999031	ecolipol	41.000000	0.000000	0.000000
1139.999031	gene_A	16.000000	44.000000	0.000000
1139.999031	gene_A*	18.000000	44.000000	0.000000
1139.999031	gene_B	373.000000	817.000000	0.000000
1139.999031	gene_C	242.000000	806.000000	0.000000
1139.999031	gene_D	199.000000	800.000000	0.000000
1139.999031	gene_E	168.000000	797.000000	0.000000
1139.999031	gene_F	103.000000	563.000000	0.000000
1139.999031	gene_G	27.000000	423.000000	0.052009
1139.999031	gene_H	0.000000	291.000000	0.079038
1139.999031	gene_J	101.000000	790.000000	0.069620
1139.999031	gene_K	284.000000	808.000000	0.000000
1139.999031	promoter_A	1.000000	0.000000	0.000000
1139.999031	promoter_B1	0.000000	0.000000	0.000000
1139.999031	promoter_D	0.000000	0.000000	0.000000
1144.999007	__gene_A*_rbs	44.000000	0.000000	0.000000
1144.999007	__gene_A_rbs	45.000000	0.000000	0.000000
1144.999007	__gene_B_rbs	821.000000	0.000000	0.000000
1144.999007	__gene_C_rbs	809.000000	0.000000	0.000000
1144.999007	__gene_D_rbs	803.000000	0.000000	0.000000
1144.999007	__gene_E_rbs	800.000000	0.000000	0.000000
1144.999007	__gene_F_rbs	565.000000	0.000000	0.000000
1144.999007	__gene_G_rbs	424.000000	0.000000	0.000000
1144.999007	__gene_H_rbs	293.000000	0.000000	0.000000
1144.999007	__gene_J_rbs	794.000000	0.000000	0.000000
1144.999007	__gene_K_rbs	812.000000	0.000000	0.000000
1144.999007	__ribosome	0.000000	0.000000	0.000000
1144.999007	bound_ecolipol	1890.000000	0.000000	0.000000
1144.999007	bound_ribosome	100.000000	0.000000	0.000000
1144.999007	ecoli_genome	110.000000	0.000000	0.000000
1144.999007	ecoli_transcript	86631.000000	0.000000	0.000000
1144.999007	ecolipol	39.000000	0.000000	0.000000
1144.999007	gene_A	16.000000	45.000000	0.000000
1144.999007	gene_A*	18.000000	44.000000	0.000000
1144.999007	gene_B	373.000000	821.000000	0.000000
1144.999007	gene_C	242.000000	809.000000	0.000000
1144.999007	gene_D	199.000000	803.000000	0.000000
1144.999007	gene_E	168.000000	800.000000	0.000000
1144.999007	gene_F	103.000000	565.000000	0.000000
1144.999007	gene_G	27.000000	424.000000	0.051887
1144.999007	gene_H	0.000000	293.000000	0.078498
1144.999007	gene_J	101.000000	794.000000	0.069270
1144.999007	gene_K	284.000000	812.000000	0.000000
1144.999007	promoter_A	1.000000	0.000000	0.000000
1144.999007	promoter_B1	0.000000	0.000000	0.000000
1144.999007	promoter_D	0.000000	0.000000	0.000000
1149.999254	__gene_A*_rbs	44.000000	0.000000	0.000000
1149.999254	__gene_A_rbs	45.000000	0.000000	0.000000
1149.999254	__gene_B_rbs	825.000000	0.000000	0.000000
1149.999254	__gene_C_rbs	813.000000	0.000000	0.000000
1149.999254	__gene_D_rbs	807.000000	0.000000	0.000000
1149.999254	__gene_E_rbs	803.000000	0.000000	0.000000
1149.999254	__gene_F_rbs	566.000000	0.000000	0.000000
1149.999254	__gene_G_rbs	426.000000	0.000000	0.000000
1149.999254	__gene_H_rbs	293.000000	0.000000	0.000000
1149.999254	__gene_J_rbs	797.000000	0.000000	0.000000
1149.999254	__gene_K_rbs	815.000000	0.000000	0.000000
1149.999254	__ribosome	0.000000	0.000000	0.000000
1149.999254	bound_ecolipol	1885.000000	0.000000	0.000000
1149.999254	bound_ribosome	100.000000	0.000000	0.000000
1149.999254	ecoli_genome	115.000000	0.000000	0.000000
1149.999254	ecoli_transcript	87019.000000	0.000000	0.000000
1149.999254	ecolipol	48.000000	0.000000	0.000000
1149.999254	gene_A	16.000000	45.000000	0.000000
1149.999254	gene_A*	18.000000	44.000000	0.000000
1149.999254	gene_B	373.000000	825.000000	0.000000
1149.999254	gene_C	242.000000	813.000000	0.000000
1149.999254	gene_D	199.000000	807.000000	0.000000
1149.999254	gene_E	168.000000	803.000000	0.000000
1149.999254	gene_F	103.000000	566.000000	0.000000
1149.999254	gene_G	27.000000	426.000000	0.051643
1149.999254	gene_H	0.000000	293.000000	0.078498
1149.999254	gene_J	101.000000	797.000000	0.069009
1149.999254	gene_K	284.000000	815.000000	0.000000
1149.999254	promoter_A	1.000000	0.000000	0.000000
1149.999254	promoter_B1	0.000000	0.000000	0.000000
1149.999254	promoter_D	0.000000	0.000000	0.000000
1154.999148	__gene_A*_rbs	44.000000	0.000000	0.000000
1154.999148	__gene_A_rbs	45.000000	0.000000	0.000000
1154.999148	__gene_B_rbs	828.000000	0.000000	0.000000
1154.999148	__gene_C_rbs	817.000000	0.000000	0.000000
1154.999148	__gene_D_rbs	811.000000	0.000000	0.000000
1154.999148	__gene_E_rbs	807.000000	0.000000	0.000000
1154.999148	__gene_F_rbs	569.000000	0.000000	0.000000
1154.999148	__gene_G_rbs	427.000000	0.000000	0.000000
1154.999148	__gene_H_rbs	295.000000	0.000000	0.000000
1154.999148	__gene_J_rbs	801.000000	0.000000	0.000000
1154.999148	__gene_K_rbs	819.000000	0.000000	0.000000
1154.999148	__ribosome	0.000000	0.000000	0.000000
1154.999148	bound_ecolipol	1887.000000	0.000000	0.000000
1154.999148	bound_ribosome	100.000000	0.000000	0.000000
1154.999148	ecoli_genome	113.000000	0.000000	0.000000
1154.999148	ecoli_transcript	87407.000000	0.000000	0.000000
1154.999148	ecolipol	45.000000	0.000000	0.000000
1154.999148	gene_A	16.000000	45.000000	0.000000
1154.999148	gene_A*	18.000000	44.000000	0.000000
1154.999148	gene_B	373.000000	828.000000	0.000000
1154.999148	gene_C	242.000000	817.000000	0.000000
1154.999148	gene_D	199.000000	811.000000	0.000000
1154.999148	gene_E	168.000000	807.000000	0.000000
1154.999148	gene_F	103.000000	569.000000	0.000000
1154.999148	gene_G	27.000000	427.000000	0.051522
1154.999148	gene_H	0.000000	295.000000	0.077966
1154.999148	gene_J	101.000000	801.000000	0.068664
1154.999148	gene_K	284.000000	819.000000	0.000000
1154.999148	promoter_A	1.000000	0.000000	0.000000
1154.999148	promoter_B1	0.000000	0.000000	0.000000
1154.999148	promoter_D	0.000000	0.000000	0.000000
1159.999028	__gene_A*_rbs	45.000000	0.000000	0.000000
1159.999028	__gene_A_rbs	45.000000	0.000000	0.000000
1159.999028	__gene_B_rbs	832.000000	0.000000	0.000000
1159.999028	__gene_C_rbs	821.000000	0.000000	0.000000
1159.999028	__gene_D_rbs	814.000000	0.000000	0.000000
1159.999028	__gene_E_rbs	810.000000	0.000000	0.000000
1159.999028	__gene_F_rbs	571.000000	0.000000	0.000000
1159.999028	__gene_G_rbs	428.000000	0.000000	0.000000
1159.999028	__gene_H_rbs	296.000000	0.000000	0.000000
1159.999028	__gene_J_rbs	805.000000	0.000000	0.000000
1159.999028	__gene_K_rbs	823.000000	0.000000	0.000000
1159.999028	__ribosome	0.000000	0.000000	0.000000
1159.999028	bound_ecolipol	1898.000000	0.000000	0.000000
1159.999028	bound_ribosome	100.000000	0.000000	0.000000
1159.999028	ecoli_genome	102.000000	0.000000	0.000000
1159.999028	ecoli_transcript	87754.000000	0.000000	0.000000
1159.999028	ecolipol	33.000000	0.000000	0.000000
1159.999028	gene_A	16.000000	45.000000	0.000000
1159.999028	gene_A*	18.000000	45.000000	0.000000
1159.999028	gene_B	373.000000	832.000000	0.000000
1159.999028	gene_C	242.000000	821.000000	0.000000
1159.999028	gene_D	199.000000	814.000000	0.000000
1159.999028	gene_E	168.000000	810.000000	0.000000
1159.999028	gene_F	103.000000	571.000000	0.000000
1159.999028	gene_G	27.000000	428.000000	0.051402
1159.999028	gene_H	0.000000	296.000000	0.077703
1159.999028	gene_J	101.000000	805.000000	0.068323
1159.999028	gene_K	284.000000	823.000000	0.000000
1159.999028	promoter_A	1.000000	0.000000	0.000000
1159.999028	promoter_B1	0.000000	0.000000	0.000000
1159.999028	promoter_D	0.000000	0.000000	0.000000
1164.999020	__gene_A*_rbs	45.000000	0.000000	0.000000
1164.999020	__gene_A_rbs	45.000000	0.000000	0.000000
1164.999020	__gene_B_rbs	835.000000	0.000000	0.000000
1164.999020	__gene_C_rbs	825.000000	0.000000	0.000000
1164.999020	__gene_D_rbs	818.000000	0.000000	0.000000
1164.999020	__gene_E_rbs	814.000000	0.000000	0.000000
1164.999020	__gene_F_rbs	575.000000	0.000000	0.000000
1164.999020	__gene_G_rbs	429.000000	0.000000	0.000000
1164.999020	__gene_H_rbs	297.000000	0.000000	0.000000
1164.999020	__gene_J_rbs	808.000000	0.000000	0.000000
1164.999020	__gene_K_rbs	827.000000	0.000000	0.000000
1164.999020	__ribosome	0.000000	0.000000	0.000000
1164.999020	bound_ecolipol	1885.000000	0.000000	0.000000
1164.999020	bound_ribosome	100.000000	0.000000	0.000000
1164.999020	ecoli_genome	115.000000	0.000000	0.000000
1164.999020	ecoli_transcript	88135.000000	0.000000	0.000000
1164.999020	ecolipol	45.000000	0.000000	0.000000
1164.999020	gene_A	16.000000	45.000000	0.000000
1164.999020	gene_A*	18.000000	45.000000	0.000000
1164.999020	gene_B	373.000000	835.000000	0.000000
1164.999020	gene_C	242.000000	825.000000	0.000000
1164.999020	gene_D	199.000000	818.000000	0.000000
1164.999020	gene_E	168.000000	814.000000	0.000000
1164.999020	gene_F	103.000000	575.000000	0.000000
1164.999020	gene_G	27.000000	429.000000	0.051282
1164.999020	gene_H	0.000000	297.000000	0.077441
1164.999020	gene_J	101.000000	808.000000	0.068069
1164.999020	gene_K	284.000000	827.000000	0.000000
1164.999020	promoter_A	1.000000	0.000000	0.000000
1164.999020	promoter_B1	0.000000	0.000000	0.000000
1164.999020	promoter_D	0.000000	0.000000	0.000000
1169.999565	__gene_A*_rbs	45.000000	0.000000	0.000000
1169.999565	__gene_A_rbs	45.000000	0.000000	0.000000
1169.999565	__gene_B_rbs	839.000000	0.000000	0.000000
1169.999565	__gene_C_rbs	828.000000	0.000000	0.000000
1169.999565	__gene_D_rbs	822.000000	0.000000	0.000000
1169.999565	__gene_E_rbs	818.000000	0.000000	0.000000
1169.999565	__gene_F_rbs	576.000000	0.000000	0.000000
1169.999565	__gene_G_rbs	431.000000	0.000000	0.000000
1169.999565	__gene_H_rbs	297.000000	0.000000	0.000000
1169.999565	__gene_J_rbs	812.000000	0.000000	0.000000
1169.999565	__gene_K_rbs	831.000000	0.000000	0.000000
1169.999565	__ribosome	0.000000	0.000000	0.000000
1169.999565	bound_ecolipol	1891.000000	0.000000	0.000000
1169.999565	bound_ribosome	100.000000	0.000000	0.000000
1169.999565	ecoli_genome	109.000000	0.000000	0.000000
1169.999565	ecoli_transcript	88488.000000	0.000000	0.000000
1169.999565	ecolipol	42.000000	0.000000	0.000000
1169.999565	gene_A	16.000000	45.000000	0.000000
1169.999565	gene_A*	18.000000	45.000000	0.000000
1169.999565	gene_B	373.000000	839.000000	0.000000
1169.999565	gene_C	242.000000	828.000000	0.000000
1169.999565	gene_D	199.000000	822.000000	0.000000
1169.999565	gene_E	168.000000	818.000000	0.000000
1169.999565	gene_F	103.000000	576.000000	0.000000
1169.999565	gene_G	27.000000	431.000000	0.051044
1169.999565	gene_H	0.000000	297.000000	0.077441
1169.999565	gene_J	101.000000	812.000000	0.067734
1169.999565	gene_K	284.000000	831.000000	0.000000
1169.999565	promoter_A	1.000000	0.000000	0.000000
1169.999565	promoter_B1	0.000000	0.000000	0.000000
1169.999565	promoter_D	0.000000	0.000000	0.000000
1174.999210	__gene_A*_rbs	45.000000	0.000000	0.000000
1174.999210	__gene_A_rbs	45.000000	0.000000	0.000000
1174.999210	__gene_B_rbs	842.000000	0.000000	0.000000
1174.999210	__gene_C_rbs	833.000000	0.000000	0.000000
1174.999210	__gene_D_rbs	826.000000	0.000000	0.000000
1174.999210	__gene_E_rbs	822.000000	0.000000	0.000000
1174.999210	__gene_F_rbs	578.000000	0.000000	0.000000
1174.999210	__gene_G_rbs	434.000000	0.000000	0.000000
1174.999210	__gene_H_rbs	298.000000	0.000000	0.000000
1174.999210	__gene_J_rbs	815.000000	0.000000	0.000000
1174.999210	__gene_K_rbs	834.000000	0.000000	0.000000
1174.999210	__ribosome	0.000000	0.000000	0.000000
1174.999210	bound_ecolipol	1889.000000	0.000000	0.000000
1174.999210	bound_ribosome	100.000000	0.000000	0.000000
1174.999210	ecoli_genome	111.000000	0.000000	0.000000
1174.999210	ecoli_transcript	88866.000000	0.000000	0.000000
1174.999210	ecolipol	46.000000	0.000000	0.000000
1174.999210	gene_A	16.000000	45.000000	0.000000
1174.999210	gene_A*	18.000000	45.000000	0.000000
1174.999210	gene_B	373.000000	842.000000	0.000000
1174.999210	gene_C	242.000000	833.000000	0.000000
1174.999210	gene_D	199.000000	826.000000	0.000000
1174.999210	gene_E	168.000000	822.000000	0.000000
1174.999210	gene_F	103.000000	578.000000	0.000000
1174.999210	gene_G	27.000000	434.000000	0.050691
1174.999210	gene_H	0.000000	298.000000	0.077181
1174.999210	gene_J	101.000000	815.000000	0.067485
1174.999210	gene_K	284.000000	834.000000	0.000000
1174.999210	promoter_A	1.000000	0.000000	0.000000
1174.999210	promoter_B1	0.000000	0.000000	0.000000
1174.999210	promoter_D	0.000000	0.000000	0.000000
1179.999021	__gene_A*_rbs	45.000000	0.000000	0.000000
1179.999021	__gene_A_rbs	45.000000	0.000000	0.000000
1179.999021	__gene_B_rbs	846.000000	0.000000	0.000000
1179.999021	__gene_C_rbs	836.000000	0.000000	0.000000
1179.999021	__gene_D_rbs	830.000000	0.000000	0.000000
1179.999021	__gene_E_rbs	825.000000	0.000000	0.000000
1179.999021	__gene_F_rbs	581.000000	0.000000	0.000000
1179.999021	__gene_G_rbs	436.000000	0.000000	0.000000
1179.999021	__gene_H_rbs	299.000000	0.000000	0.000000
1179.999021	__gene_J_rbs	819.000000	0.000000	0.000000
1179.999021	__gene_K_rbs	838.000000	0.000000	0.000000
1179.999021	__ribosome	0.000000	0.000000	0.000000
1179.999021	bound_ecolipol	1891.000000	0.000000	0.000000
1179.999021	bound_ribosome	100.000000	0.000000	0.000000
1179.999021	ecoli_genome	109.000000	0.000000	0.000000
1179.999021	ecoli_transcript	89222.000000	0.000000	0.000000
1179.999021	ecolipol	41.000000	0.000000	0.000000
1179.999021	gene_A	16.000000	45.000000	0.000000
1179.999021	gene_A*	18.000000	45.000000	0.000000
1179.999021	gene_B	373.000000	846.000000	0.000000
1179.999021	gene_C	242.000000	836.000000	0.000000
1179.999021	gene_D	199.000000	830.000000	0.000000
1179.999021	gene_E	168.000000	825.000000	0.000000
1179.999021	gene_F	103.000000	581.000000	0.000000
1179.999021	gene_G	27.000000	436.000000	0.050459
1179.999021	gene_H	0.000000	299.000000	0.076923
1179.999021	gene_J	101.000000	819.000000	0.067155
1179.999021	gene_K	284.000000	838.000000	0.000000
1179.999021	promoter_A	1.000000	0.000000	0.000000
1179.999021	promoter_B1	0.000000	0.000000	0.000000
1179.999021	promoter_D	0.000000	0.000000	0.000000
1184.999048	__gene_A*_rbs	45.000000	0.000000	0.000000
1184.999048	__gene_A_rbs	45.000000	0.000000	0.000000
1184.999048	__gene_B_rbs	850.000000	0.000000	0.000000
1184.999048	__gene_C_rbs	840.000000	0.000000	0.000000
1184.999048	__gene_D_rbs	834.000000	0.000000	0.000000
1184.999048	__gene_E_rbs	829.000000	0.000000	0.000000
1184.999048	__gene_F_rbs	584.000000	0.000000	0.000000
1184.999048	__gene_G_rbs	439.000000	0.000000	0.000000
1184.999048	__gene_H_rbs	301.000000	0.000000	0.000000
1184.999048	__gene_J_rbs	822.000000	0.000000	0.000000
1184.999048	__gene_K_rbs	842.000000	0.000000	0.000000
1184.999048	__ribosome	0.000000	0.000000	0.000000
1184.999048	bound_ecolipol	1889.000000	0.000000	0.000000
1184.999048	bound_ribosome	100.000000	0.000000	0.000000
1184.999048	ecoli_genome	111.000000	0.000000	0.000000
1184.999048	ecoli_transcript	89598.000000	0.000000	0.000000
1184.999048	ecolipol	44.000000	0.000000	0.000000
1184.999048	gene_A	16.000000	45.000000	0.000000
1184.999048	gene_A*	18.000000	45.000000	0.000000
1184.999048	gene_B	373.000000	850.000000	0.000000
1184.999048	gene_C	242.000000	840.000000	0.000000
1184.999048	gene_D	199.000000	834.000000	0.000000
1184.999048	gene_E	168.000000	829.000000	0.000000
1184.999048	gene_F	103.000000	584.000000	0.000000
1184.999048	gene_G	27.000000	439.000000	0.050114
1184.999048	gene_H	0.000000	301.000000	0.076412
1184.999048	gene_J	101.000000	822.000000	0.066910
1184.999048	gene_K	284.000000	842.000000	0.000000
1184.999048	promoter_A	1.000000	0.000000	0.000000
1184.999048	promoter_B1	0.000000	0.000000	0.000000
1184.999048	promoter_D	0.000000	0.000000	0.000000
1189.999101	__gene_A*_rbs	45.000000	0.000000	0.000000
1189.999101	__gene_A_rbs	45.000000	0.000000	0.000000
1189.999101	__gene_B_rbs	854.000000	0.000000	0.000000
1189.999101	__gene_C_rbs	843.000000	0.000000	0.000000
1189.999101	__gene_D_rbs	837.000000	0.000000	0.000000
1189.999101	__gene_E_rbs	833.000000	0.000000	0.000000
1189.999101	__gene_F_rbs	587.000000	0.000000	0.000000
1189.999101	__gene_G_rbs	440.000000	0.000000	0.000000
1189.999101	__gene_H_rbs	303.000000	0.000000	0.000000
1189.999101	__gene_J_rbs	826.000000	0.000000	0.000000
1189.999101	__gene_K_rbs	845.000000	0.000000	0.000000
1189.999101	__ribosome	0.000000	0.000000	0.000000
1189.999101	bound_ecolipol	1890.000000	0.000000	0.000000
1189.999101	bound_ribosome	100.000000	0.000000	0.000000
1189.999101	ecoli_genome	110.000000	0.000000	0.000000
1189.999101	ecoli_transcript	89969.000000	0.000000	0.000000
1189.999101	ecolipol	42.000000	0.000000	0.000000
1189.999101	gene_A	16.000000	45.000000	0.000000
1189.999101	gene_A*	18.000000	45.000000	0.000000
1189.999101	gene_B	373.000000	854.000000	0.000000
1189.999101	gene_C	242.000000	843.000000	0.000000
1189.999101	gene_D	199.000000	837.000000	0.000000
1189.999101	gene_E	168.000000	833.000000	0.000000
1189.999101	gene_F	103.000000	587.000000	0.000000
1189.999101	gene_G	27.000000	440.000000	0.050000
1189.999101	gene_H	0.000000	303.000000	0.075908
1189.999101	gene_J	101.000000	826.000000	0.066586
1189.999101	gene_K	284.000000	845.000000	0.000000
1189.999101	promoter_A	1.000000	0.000000	0.000000
1189.999101	promoter_B1	0.000000	0.000000	0.000000
1189.999101	promoter_D	0.000000	0.000000	0.000000
1194.999044	__gene_A*_rbs	45.000000	0.000000	0.000000
1194.999044	__gene_A_rbs	45.000000	0.000000	0.000000
1194.999044	__gene_B_rbs	857.000000	0.000000	0.000000
1194.999044	__gene_C_rbs	846.000000	0.000000	0.000000
1194.999044	__gene_D_rbs	840.000000	0.000000	0.000000
1194.999044	__gene_E_rbs	836.000000	0.000000	0.000000
1194.999044	__gene_F_rbs	589.000000	0.000000	0.000000
1194.999044	__gene_G_rbs	440.000000	0.000000	0.000000
1194.999044	__gene_H_rbs	304.000000	0.000000	0.000000
1194.999044	__gene_J_rbs	830.000000	0.000000	0.000000
1194.999044	__gene_K_rbs	848.000000	0.000000	0.000000
1194.999044	__ribosome	0.000000	0.000000	0.000000
1194.999044	bound_ecolipol	1894.000000	0.000000	0.000000
1194.999044	bound_ribosome	100.000000	0.000000	0.000000
1194.999044	ecoli_genome	106.000000	0.000000	0.000000
1194.999044	ecoli_transcript	90330.000000	0.000000	0.000000
1194.999044	ecolipol	38.000000	0.000000	0.000000
1194.999044	gene_A	16.000000	45.000000	0.000000
1194.999044	gene_A*	18.000000	45.000000	0.000000
1194.999044	gene_B	373.000000	857.000000	0.000000
1194.999044	gene_C	242.000000	846.000000	0.000000
1194.999044	gene_D	199.000000	840.000000	0.000000
1194.999044	gene_E	168.000000	836.000000	0.000000
1194.999044	gene_F	103.000000	589.000000	0.000000
1194.999044	gene_G	27.000000	440.000000	0.050000
1194.999044	gene_H	0.000000	304.000000	0.075658
1194.999044	gene_J	101.000000	830.000000	0.066265
1194.999044	gene_K	284.000000	848.000000	0.000000
1194.999044	promoter_A	1.000000	0.000000	0.000000
1194.999044	promoter_B1	0.000000	0.000000	0.000000
1194.999044	promoter_D	0.000000	0.000000	0.000000
1199.999261	__gene_A*_rbs	45.000000	0.000000	0.000000
1199.999261	__gene_A_rbs	45.000000	0.000000	0.000000
1199.999261	__gene_B_rbs	861.000000	0.000000	0.000000
1199.999261	__gene_C_rbs	850.000000	0.000000	0.000000
1199.999261	__gene_D_rbs	844.000000	0.000000	0.000000
1199.999261	__gene_E_rbs	840.000000	0.000000	0.000000
1199.999261	__gene_F_rbs	592.000000	0.000000	0.000000
1199.999261	__gene_G_rbs	441.000000	0.000000	0.000000
1199.999261	__gene_H_rbs	305.000000	0.000000	0.000000
1199.999261	__gene_J_rbs	833.000000	0.000000	0.000000
1199.999261	__gene_K_rbs	852.000000	0.000000	0.000000
1199.999261	__ribosome	0.000000	0.000000	0.000000
1199.999261	bound_ecolipol	1895.000000	0.000000	0.000000
1199.999261	bound_ribosome	100.000000	0.000000	0.000000
1199.999261	ecoli_genome	105.000000	0.000000	0.000000
1199.999261	ecoli_transcript	90687.000000	0.000000	0.000000
1199.999261	ecolipol	39.000000	0.000000	0.000000
1199.999261	gene_A	16.000000	45.000000	0.000000
1199.999261	gene_A*	18.000000	45.000000	0.000000
1199.999261	gene_B	373.000000	861.000000	0.000000
1199.999261	gene_C	242.000000	850.000000	0.000000
1199.999261	gene_D	199.000000	844.000000	0.000000
1199.999261	gene_E	168.000000	840.000000	0.000000
1199.999261	gene_F	103.000000	592.000000	0.000000
1199.999261	gene_G	27.000000	441.000000	0.049887
1199.999261	gene_H	0.000000	305.000000	0.075410
1199.999261	gene_J	101.000000	833.000000	0.066026
1199.999261	gene_K	284.000000	852.000000	0.000000
1199.999261	promoter_A	1.000000	0.000000	0.000000
1199.999261	promoter_B1	0.000000	0.000000	0.000000
1199.999261	promoter_D	0.000000	0.000000	0.000000
