time	species	protein	transcript	ribo_density
0.000000	__gene_A*_rbs	0.000000	0.000000	0.000000
0.000000	__gene_A_rbs	0.000000	0.000000	0.000000
0.000000	__gene_B_rbs	0.000000	0.000000	0.000000
0.000000	__gene_C_rbs	0.000000	0.000000	0.000000
0.000000	__gene_D_rbs	0.000000	0.000000	0.000000
0.000000	__gene_E_rbs	0.000000	0.000000	0.000000
0.000000	__gene_F_rbs	0.000000	0.000000	0.000000
0.000000	__gene_G_rbs	0.000000	0.000000	0.000000
0.000000	__gene_H_rbs	0.000000	0.000000	0.000000
0.000000	__gene_J_rbs	0.000000	0.000000	0.000000
0.000000	__gene_K_rbs	0.000000	0.000000	0.000000
0.000000	__ribosome	100.000000	0.000000	0.000000
0.000000	bound_ecolipol	2000.000000	0.000000	0.000000
0.000000	bound_ribosome	100.000000	0.000000	0.000000
0.000000	ecoli_genome	0.000000	0.000000	0.000000
0.000000	ecoli_transcript	0.000000	0.000000	0.000000
0.000000	ecolipol	0.000000	0.000000	0.000000
0.000000	promoter_A	1.000000	0.000000	0.000000
0.000000	promoter_B1	1.000000	0.000000	0.000000
0.000000	promoter_D	1.000000	0.000000	0.000000
4.999510	__gene_A*_rbs	0.000000	0.000000	0.000000
4.999510	__gene_A_rbs	0.000000	0.000000	0.000000
4.999510	__gene_B_rbs	0.000000	0.000000	0.000000
4.999510	__gene_C_rbs	0.000000	0.000000	0.000000
4.999510	__gene_D_rbs	0.000000	0.000000	0.000000
4.999510	__gene_E_rbs	0.000000	0.000000	0.000000
4.999510	__gene_F_rbs	0.000000	0.000000	0.000000
4.999510	__gene_G_rbs	0.000000	0.000000	0.000000
4.999510	__gene_H_rbs	0.000000	0.000000	0.000000
4.999510	__gene_J_rbs	0.000000	0.000000	0.000000
4.999510	__gene_K_rbs	0.000000	0.000000	0.000000
4.999510	__ribosome	100.000000	0.000000	0.000000
4.999510	bound_ecolipol	1931.000000	0.000000	0.000000
4.999510	bound_ribosome	100.000000	0.000000	0.000000
4.999510	ecoli_genome	69.000000	0.000000	0.000000
4.999510	ecoli_transcript	410.000000	0.000000	0.000000
4.999510	ecolipol	64.000000	0.000000	0.000000
4.999510	promoter_A	0.000000	0.000000	0.000000
4.999510	promoter_B1	0.000000	0.000000	0.000000
4.999510	promoter_D	1.000000	0.000000	0.000000
10.001472	__gene_A*_rbs	0.000000	0.000000	0.000000
10.001472	__gene_A_rbs	1.000000	0.000000	0.000000
10.001472	__gene_B_rbs	0.000000	0.000000	0.000000
10.001472	__gene_C_rbs	0.000000	0.000000	0.000000
10.001472	__gene_D_rbs	0.000000	0.000000	0.000000
10.001472	__gene_E_rbs	0.000000	0.000000	0.000000
10.001472	__gene_F_rbs	0.000000	0.000000	0.000000
10.001472	__gene_G_rbs	0.000000	0.000000	0.000000
10.001472	__gene_H_rbs	0.000000	0.000000	0.000000
10.001472	__gene_J_rbs	0.000000	0.000000	0.000000
10.001472	__gene_K_rbs	0.000000	0.000000	0.000000
10.001472	__ribosome	89.000000	0.000000	0.000000
10.001472	bound_ecolipol	1913.000000	0.000000	0.000000
10.001472	bound_ribosome	100.000000	0.000000	0.000000
10.001472	ecoli_genome	87.000000	0.000000	0.000000
10.001472	ecoli_transcript	795.000000	0.000000	0.000000
10.001472	ecolipol	79.000000	0.000000	0.000000
10.001472	gene_A	0.000000	1.000000	5.000000
10.001472	gene_B	0.000000	2.000000	3.000000
10.001472	promoter_A	1.000000	0.000000	0.000000
10.001472	promoter_B1	0.000000	0.000000	0.000000
10.001472	promoter_D	1.000000	0.000000	0.000000
14.999161	__gene_A*_rbs	0.000000	0.000000	0.000000
14.999161	__gene_A_rbs	2.000000	0.000000	0.000000
14.999161	__gene_B_rbs	2.000000	0.000000	0.000000
14.999161	__gene_C_rbs	0.000000	0.000000	0.000000
14.999161	__gene_D_rbs	1.000000	0.000000	0.000000
14.999161	__gene_E_rbs	0.000000	0.000000	0.000000
14.999161	__gene_F_rbs	0.000000	0.000000	0.000000
14.999161	__gene_G_rbs	0.000000	0.000000	0.000000
14.999161	__gene_H_rbs	0.000000	0.000000	0.000000
14.999161	__gene_J_rbs	0.000000	0.000000	0.000000
14.999161	__gene_K_rbs	0.000000	0.000000	0.000000
14.999161	__ribosome	64.000000	0.000000	0.000000
14.999161	bound_ecolipol	1920.000000	0.000000	0.000000
14.999161	bound_ribosome	100.000000	0.000000	0.000000
14.999161	ecoli_genome	80.000000	0.000000	0.000000
14.999161	ecoli_transcript	1192.000000	0.000000	0.000000
14.999161	ecolipol	66.000000	0.000000	0.000000
14.999161	gene_A	0.000000	2.000000	5.000000
14.999161	gene_B	0.000000	6.000000	4.000000
14.999161	gene_D	0.000000	1.000000	2.000000
14.999161	promoter_A	1.000000	0.000000	0.000000
14.999161	promoter_B1	0.000000	0.000000	0.000000
14.999161	promoter_D	1.000000	0.000000	0.000000
20.000264	__gene_A*_rbs	1.000000	0.000000	0.000000
20.000264	__gene_A_rbs	2.000000	0.000000	0.000000
20.000264	__gene_B_rbs	7.000000	0.000000	0.000000
20.000264	__gene_C_rbs	1.000000	0.000000	0.000000
20.000264	__gene_D_rbs	0.000000	0.000000	0.000000
20.000264	__gene_E_rbs	1.000000	0.000000	0.000000
20.000264	__gene_F_rbs	0.000000	0.000000	0.000000
20.000264	__gene_G_rbs	0.000000	0.000000	0.000000
20.000264	__gene_H_rbs	0.000000	0.000000	0.000000
20.000264	__gene_J_rbs	0.000000	0.000000	0.000000
20.000264	__gene_K_rbs	2.000000	0.000000	0.000000
20.000264	__ribosome	36.000000	0.000000	0.000000
20.000264	bound_ecolipol	1923.000000	0.000000	0.000000
20.000264	bound_ribosome	100.000000	0.000000	0.000000
20.000264	ecoli_genome	77.000000	0.000000	0.000000
20.000264	ecoli_transcript	1598.000000	0.000000	0.000000
20.000264	ecolipol	59.000000	0.000000	0.000000
20.000264	gene_A	0.000000	2.000000	6.500000
20.000264	gene_A*	0.000000	1.000000	0.000000
20.000264	gene_B	2.000000	9.000000	4.777778
20.000264	gene_C	0.000000	1.000000	0.000000
20.000264	gene_D	0.000000	1.000000	7.000000
20.000264	gene_E	0.000000	1.000000	0.000000
20.000264	gene_K	0.000000	2.000000	0.500000
20.000264	promoter_A	1.000000	0.000000	0.000000
20.000264	promoter_B1	0.000000	0.000000	0.000000
20.000264	promoter_D	1.000000	0.000000	0.000000
24.999121	__gene_A*_rbs	0.000000	0.000000	0.000000
24.999121	__gene_A_rbs	2.000000	0.000000	0.000000
24.999121	__gene_B_rbs	12.000000	0.000000	0.000000
24.999121	__gene_C_rbs	4.000000	0.000000	0.000000
24.999121	__gene_D_rbs	0.000000	0.000000	0.000000
24.999121	__gene_E_rbs	1.000000	0.000000	0.000000
24.999121	__gene_F_rbs	0.000000	0.000000	0.000000
24.999121	__gene_G_rbs	0.000000	0.000000	0.000000
24.999121	__gene_H_rbs	0.000000	0.000000	0.000000
24.999121	__gene_J_rbs	0.000000	0.000000	0.000000
24.999121	__gene_K_rbs	3.000000	0.000000	0.000000
24.999121	__ribosome	18.000000	0.000000	0.000000
24.999121	bound_ecolipol	1913.000000	0.000000	0.000000
24.999121	bound_ribosome	100.000000	0.000000	0.000000
24.999121	ecoli_genome	87.000000	0.000000	0.000000
24.999121	ecoli_transcript	1986.000000	0.000000	0.000000
24.999121	ecolipol	65.000000	0.000000	0.000000
24.999121	gene_A	0.000000	2.000000	7.500000
24.999121	gene_A*	0.000000	1.000000	0.000000
24.999121	gene_B	12.000000	13.000000	4.076923
24.999121	gene_C	0.000000	4.000000	0.750000
24.999121	gene_D	0.000000	1.000000	8.000000
24.999121	gene_E	0.000000	1.000000	1.000000
24.999121	gene_K	1.000000	5.000000	0.400000
24.999121	promoter_A	1.000000	0.000000	0.000000
24.999121	promoter_B1	0.000000	0.000000	0.000000
24.999121	promoter_D	0.000000	0.000000	0.000000
29.999304	__gene_A*_rbs	1.000000	0.000000	0.000000
29.999304	__gene_A_rbs	2.000000	0.000000	0.000000
29.999304	__gene_B_rbs	15.000000	0.000000	0.000000
29.999304	__gene_C_rbs	7.000000	0.000000	0.000000
29.999304	__gene_D_rbs	2.000000	0.000000	0.000000
29.999304	__gene_E_rbs	1.000000	0.000000	0.000000
29.999304	__gene_F_rbs	0.000000	0.000000	0.000000
29.999304	__gene_G_rbs	0.000000	0.000000	0.000000
29.999304	__gene_H_rbs	0.000000	0.000000	0.000000
29.999304	__gene_J_rbs	1.000000	0.000000	0.000000
29.999304	__gene_K_rbs	7.000000	0.000000	0.000000
29.999304	__ribosome	16.000000	0.000000	0.000000
29.999304	bound_ecolipol	1919.000000	0.000000	0.000000
29.999304	bound_ribosome	100.000000	0.000000	0.000000
29.999304	ecoli_genome	81.000000	0.000000	0.000000
29.999304	ecoli_transcript	2359.000000	0.000000	0.000000
29.999304	ecolipol	57.000000	0.000000	0.000000
29.999304	gene_A	0.000000	2.000000	8.000000
29.999304	gene_A*	0.000000	2.000000	0.500000
29.999304	gene_B	36.000000	17.000000	2.529412
29.999304	gene_C	0.000000	7.000000	1.000000
29.999304	gene_D	2.000000	4.000000	2.250000
29.999304	gene_E	0.000000	1.000000	2.000000
29.999304	gene_J	0.000000	1.000000	1.000000
29.999304	gene_K	2.000000	9.000000	0.555556
29.999304	promoter_A	1.000000	0.000000	0.000000
29.999304	promoter_B1	0.000000	0.000000	0.000000
29.999304	promoter_D	0.000000	0.000000	0.000000
34.999074	__gene_A*_rbs	2.000000	0.000000	0.000000
34.999074	__gene_A_rbs	2.000000	0.000000	0.000000
34.999074	__gene_B_rbs	19.000000	0.000000	0.000000
34.999074	__gene_C_rbs	8.000000	0.000000	0.000000
34.999074	__gene_D_rbs	6.000000	0.000000	0.000000
34.999074	__gene_E_rbs	4.000000	0.000000	0.000000
34.999074	__gene_F_rbs	0.000000	0.000000	0.000000
34.999074	__gene_G_rbs	0.000000	0.000000	0.000000
34.999074	__gene_H_rbs	0.000000	0.000000	0.000000
34.999074	__gene_J_rbs	0.000000	0.000000	0.000000
34.999074	__gene_K_rbs	11.000000	0.000000	0.000000
34.999074	__ribosome	12.000000	0.000000	0.000000
34.999074	bound_ecolipol	1909.000000	0.000000	0.000000
34.999074	bound_ribosome	100.000000	0.000000	0.000000
34.999074	ecoli_genome	91.000000	0.000000	0.000000
34.999074	ecoli_transcript	2724.000000	0.000000	0.000000
34.999074	ecolipol	63.000000	0.000000	0.000000
34.999074	gene_A	0.000000	2.000000	8.000000
34.999074	gene_A*	0.000000	2.000000	2.000000
34.999074	gene_B	61.000000	20.000000	1.800000
34.999074	gene_C	4.000000	11.000000	1.181818
34.999074	gene_D	5.000000	7.000000	1.428571
34.999074	gene_E	1.000000	4.000000	0.250000
34.999074	gene_J	0.000000	1.000000	2.000000
34.999074	gene_K	7.000000	12.000000	0.500000
34.999074	promoter_A	1.000000	0.000000	0.000000
34.999074	promoter_B1	0.000000	0.000000	0.000000
34.999074	promoter_D	0.000000	0.000000	0.000000
39.999254	__gene_A*_rbs	2.000000	0.000000	0.000000
39.999254	__gene_A_rbs	3.000000	0.000000	0.000000
39.999254	__gene_B_rbs	24.000000	0.000000	0.000000
39.999254	__gene_C_rbs	13.000000	0.000000	0.000000
39.999254	__gene_D_rbs	8.000000	0.000000	0.000000
39.999254	__gene_E_rbs	6.000000	0.000000	0.000000
39.999254	__gene_F_rbs	0.000000	0.000000	0.000000
39.999254	__gene_G_rbs	0.000000	0.000000	0.000000
39.999254	__gene_H_rbs	0.000000	0.000000	0.000000
39.999254	__gene_J_rbs	1.000000	0.000000	0.000000
39.999254	__gene_K_rbs	14.000000	0.000000	0.000000
39.999254	__ribosome	5.000000	0.000000	0.000000
39.999254	bound_ecolipol	1909.000000	0.000000	0.000000
39.999254	bound_ribosome	100.000000	0.000000	0.000000
39.999254	ecoli_genome	91.000000	0.000000	0.000000
39.999254	ecoli_transcript	3099.000000	0.000000	0.000000
39.999254	ecolipol	60.000000	0.000000	0.000000
39.999254	gene_A	0.000000	3.000000	6.000000
39.999254	gene_A*	0.000000	2.000000	2.000000
39.999254	gene_B	70.000000	24.000000	1.625000
39.999254	gene_C	7.000000	14.000000	0.928571
39.999254	gene_D	7.000000	10.000000	1.100000
39.999254	gene_E	2.000000	7.000000	0.285714
39.999254	gene_J	0.000000	2.000000	1.000000
39.999254	gene_K	13.000000	16.000000	0.375000
39.999254	promoter_A	1.000000	0.000000	0.000000
39.999254	promoter_B1	0.000000	0.000000	0.000000
39.999254	promoter_D	0.000000	0.000000	0.000000
44.999189	__gene_A*_rbs	2.000000	0.000000	0.000000
44.999189	__gene_A_rbs	3.000000	0.000000	0.000000
44.999189	__gene_B_rbs	25.000000	0.000000	0.000000
44.999189	__gene_C_rbs	15.000000	0.000000	0.000000
44.999189	__gene_D_rbs	10.000000	0.000000	0.000000
44.999189	__gene_E_rbs	10.000000	0.000000	0.000000
44.999189	__gene_F_rbs	1.000000	0.000000	0.000000
44.999189	__gene_G_rbs	0.000000	0.000000	0.000000
44.999189	__gene_H_rbs	0.000000	0.000000	0.000000
44.999189	__gene_J_rbs	4.000000	0.000000	0.000000
44.999189	__gene_K_rbs	15.000000	0.000000	0.000000
44.999189	__ribosome	6.000000	0.000000	0.000000
44.999189	bound_ecolipol	1910.000000	0.000000	0.000000
44.999189	bound_ribosome	100.000000	0.000000	0.000000
44.999189	ecoli_genome	90.000000	0.000000	0.000000
44.999189	ecoli_transcript	3467.000000	0.000000	0.000000
44.999189	ecolipol	56.000000	0.000000	0.000000
44.999189	gene_A	0.000000	3.000000	6.000000
44.999189	gene_A*	0.000000	2.000000	2.500000
44.999189	gene_B	86.000000	28.000000	1.178571
44.999189	gene_C	17.000000	18.000000	0.500000
44.999189	gene_D	10.000000	13.000000	1.307692
44.999189	gene_E	2.000000	10.000000	0.200000
44.999189	gene_F	0.000000	1.000000	0.000000
44.999189	gene_J	0.000000	5.000000	0.600000
44.999189	gene_K	19.000000	20.000000	0.350000
44.999189	promoter_A	1.000000	0.000000	0.000000
44.999189	promoter_B1	0.000000	0.000000	0.000000
44.999189	promoter_D	0.000000	0.000000	0.000000
49.999216	__gene_A*_rbs	2.000000	0.000000	0.000000
49.999216	__gene_A_rbs	3.000000	0.000000	0.000000
49.999216	__gene_B_rbs	29.000000	0.000000	0.000000
49.999216	__gene_C_rbs	20.000000	0.000000	0.000000
49.999216	__gene_D_rbs	17.000000	0.000000	0.000000
49.999216	__gene_E_rbs	12.000000	0.000000	0.000000
49.999216	__gene_F_rbs	3.000000	0.000000	0.000000
49.999216	__gene_G_rbs	0.000000	0.000000	0.000000
49.999216	__gene_H_rbs	0.000000	0.000000	0.000000
49.999216	__gene_J_rbs	8.000000	0.000000	0.000000
49.999216	__gene_K_rbs	17.000000	0.000000	0.000000
49.999216	__ribosome	2.000000	0.000000	0.000000
49.999216	bound_ecolipol	1914.000000	0.000000	0.000000
49.999216	bound_ribosome	100.000000	0.000000	0.000000
49.999216	ecoli_genome	86.000000	0.000000	0.000000
49.999216	ecoli_transcript	3839.000000	0.000000	0.000000
49.999216	ecolipol	49.000000	0.000000	0.000000
49.999216	gene_A	0.000000	3.000000	6.000000
49.999216	gene_A*	0.000000	2.000000	3.500000
49.999216	gene_B	105.000000	31.000000	0.741935
49.999216	gene_C	21.000000	21.000000	0.523810
49.999216	gene_D	15.000000	17.000000	1.176471
49.999216	gene_E	4.000000	13.000000	0.230769
49.999216	gene_F	0.000000	3.000000	0.000000
49.999216	gene_J	1.000000	8.000000	0.750000
49.999216	gene_K	25.000000	23.000000	0.434783
49.999216	promoter_A	1.000000	0.000000	0.000000
49.999216	promoter_B1	0.000000	0.000000	0.000000
49.999216	promoter_D	0.000000	0.000000	0.000000
54.999160	__gene_A*_rbs	3.000000	0.000000	0.000000
54.999160	__gene_A_rbs	1.000000	0.000000	0.000000
54.999160	__gene_B_rbs	33.000000	0.000000	0.000000
54.999160	__gene_C_rbs	23.000000	0.000000	0.000000
54.999160	__gene_D_rbs	20.000000	0.000000	0.000000
54.999160	__gene_E_rbs	14.000000	0.000000	0.000000
54.999160	__gene_F_rbs	5.000000	0.000000	0.000000
54.999160	__gene_G_rbs	0.000000	0.000000	0.000000
54.999160	__gene_H_rbs	0.000000	0.000000	0.000000
54.999160	__gene_J_rbs	10.000000	0.000000	0.000000
54.999160	__gene_K_rbs	24.000000	0.000000	0.000000
54.999160	__ribosome	0.000000	0.000000	0.000000
54.999160	bound_ecolipol	1899.000000	0.000000	0.000000
54.999160	bound_ribosome	100.000000	0.000000	0.000000
54.999160	ecoli_genome	101.000000	0.000000	0.000000
54.999160	ecoli_transcript	4240.000000	0.000000	0.000000
54.999160	ecolipol	61.000000	0.000000	0.000000
54.999160	gene_A	0.000000	3.000000	6.666667
54.999160	gene_A*	0.000000	3.000000	2.666667
54.999160	gene_B	114.000000	34.000000	0.647059
54.999160	gene_C	28.000000	24.000000	0.375000
54.999160	gene_D	17.000000	21.000000	1.000000
54.999160	gene_E	5.000000	16.000000	0.312500
54.999160	gene_F	0.000000	6.000000	0.166667
54.999160	gene_J	4.000000	10.000000	0.400000
54.999160	gene_K	31.000000	26.000000	0.384615
54.999160	promoter_A	1.000000	0.000000	0.000000
54.999160	promoter_B1	0.000000	0.000000	0.000000
54.999160	promoter_D	0.000000	0.000000	0.000000
59.999129	__gene_A*_rbs	3.000000	0.000000	0.000000
59.999129	__gene_A_rbs	3.000000	0.000000	0.000000
59.999129	__gene_B_rbs	36.000000	0.000000	0.000000
59.999129	__gene_C_rbs	27.000000	0.000000	0.000000
59.999129	__gene_D_rbs	23.000000	0.000000	0.000000
59.999129	__gene_E_rbs	19.000000	0.000000	0.000000
59.999129	__gene_F_rbs	7.000000	0.000000	0.000000
59.999129	__gene_G_rbs	0.000000	0.000000	0.000000
59.999129	__gene_H_rbs	0.000000	0.000000	0.000000
59.999129	__gene_J_rbs	13.000000	0.000000	0.000000
59.999129	__gene_K_rbs	28.000000	0.000000	0.000000
59.999129	__ribosome	6.000000	0.000000	0.000000
59.999129	bound_ecolipol	1911.000000	0.000000	0.000000
59.999129	bound_ribosome	100.000000	0.000000	0.000000
59.999129	ecoli_genome	89.000000	0.000000	0.000000
59.999129	ecoli_transcript	4608.000000	0.000000	0.000000
59.999129	ecolipol	48.000000	0.000000	0.000000
59.999129	gene_A	2.000000	3.000000	6.333333
59.999129	gene_A*	0.000000	3.000000	2.666667
59.999129	gene_B	122.000000	38.000000	0.578947
59.999129	gene_C	34.000000	28.000000	0.357143
59.999129	gene_D	28.000000	24.000000	0.541667
59.999129	gene_E	7.000000	20.000000	0.250000
59.999129	gene_F	0.000000	7.000000	0.571429
59.999129	gene_J	5.000000	14.000000	0.428571
59.999129	gene_K	41.000000	30.000000	0.233333
59.999129	promoter_A	1.000000	0.000000	0.000000
59.999129	promoter_B1	0.000000	0.000000	0.000000
59.999129	promoter_D	0.000000	0.000000	0.000000
64.999963	__gene_A*_rbs	3.000000	0.000000	0.000000
64.999963	__gene_A_rbs	2.000000	0.000000	0.000000
64.999963	__gene_B_rbs	40.000000	0.000000	0.000000
64.999963	__gene_C_rbs	28.000000	0.000000	0.000000
64.999963	__gene_D_rbs	26.000000	0.000000	0.000000
64.999963	__gene_E_rbs	22.000000	0.000000	0.000000
64.999963	__gene_F_rbs	9.000000	0.000000	0.000000
64.999963	__gene_G_rbs	0.000000	0.000000	0.000000
64.999963	__gene_H_rbs	0.000000	0.000000	0.000000
64.999963	__gene_J_rbs	18.000000	0.000000	0.000000
64.999963	__gene_K_rbs	34.000000	0.000000	0.000000
64.999963	__ribosome	4.000000	0.000000	0.000000
64.999963	bound_ecolipol	1913.000000	0.000000	0.000000
64.999963	bound_ribosome	100.000000	0.000000	0.000000
64.999963	ecoli_genome	87.000000	0.000000	0.000000
64.999963	ecoli_transcript	4975.000000	0.000000	0.000000
64.999963	ecolipol	44.000000	0.000000	0.000000
64.999963	gene_A	8.000000	3.000000	5.000000
64.999963	gene_A*	2.000000	3.000000	2.000000
64.999963	gene_B	132.000000	41.000000	0.463415
64.999963	gene_C	38.000000	32.000000	0.500000
64.999963	gene_D	35.000000	28.000000	0.571429
64.999963	gene_E	10.000000	24.000000	0.166667
64.999963	gene_F	0.000000	9.000000	0.555556
64.999963	gene_J	7.000000	18.000000	0.388889
64.999963	gene_K	46.000000	34.000000	0.235294
64.999963	promoter_A	1.000000	0.000000	0.000000
64.999963	promoter_B1	0.000000	0.000000	0.000000
64.999963	promoter_D	0.000000	0.000000	0.000000
69.999065	__gene_A*_rbs	3.000000	0.000000	0.000000
69.999065	__gene_A_rbs	3.000000	0.000000	0.000000
69.999065	__gene_B_rbs	44.000000	0.000000	0.000000
69.999065	__gene_C_rbs	35.000000	0.000000	0.000000
69.999065	__gene_D_rbs	31.000000	0.000000	0.000000
69.999065	__gene_E_rbs	26.000000	0.000000	0.000000
69.999065	__gene_F_rbs	11.000000	0.000000	0.000000
69.999065	__gene_G_rbs	0.000000	0.000000	0.000000
69.999065	__gene_H_rbs	0.000000	0.000000	0.000000
69.999065	__gene_J_rbs	21.000000	0.000000	0.000000
69.999065	__gene_K_rbs	36.000000	0.000000	0.000000
69.999065	__ribosome	0.000000	0.000000	0.000000
69.999065	bound_ecolipol	1908.000000	0.000000	0.000000
69.999065	bound_ribosome	100.000000	0.000000	0.000000
69.999065	ecoli_genome	92.000000	0.000000	0.000000
69.999065	ecoli_transcript	5376.000000	0.000000	0.000000
69.999065	ecolipol	46.000000	0.000000	0.000000
69.999065	gene_A	12.000000	3.000000	3.666667
69.999065	gene_A*	4.000000	3.000000	1.666667
69.999065	gene_B	140.000000	45.000000	0.355556
69.999065	gene_C	46.000000	36.000000	0.416667
69.999065	gene_D	38.000000	32.000000	0.562500
69.999065	gene_E	12.000000	28.000000	0.321429
69.999065	gene_F	0.000000	11.000000	0.818182
69.999065	gene_J	8.000000	21.000000	0.619048
69.999065	gene_K	54.000000	37.000000	0.108108
69.999065	promoter_A	1.000000	0.000000	0.000000
69.999065	promoter_B1	0.000000	0.000000	0.000000
69.999065	promoter_D	0.000000	0.000000	0.000000
74.999270	__gene_A*_rbs	3.000000	0.000000	0.000000
74.999270	__gene_A_rbs	4.000000	0.000000	0.000000
74.999270	__gene_B_rbs	46.000000	0.000000	0.000000
74.999270	__gene_C_rbs	37.000000	0.000000	0.000000
74.999270	__gene_D_rbs	33.000000	0.000000	0.000000
74.999270	__gene_E_rbs	29.000000	0.000000	0.000000
74.999270	__gene_F_rbs	15.000000	0.000000	0.000000
74.999270	__gene_G_rbs	0.000000	0.000000	0.000000
74.999270	__gene_H_rbs	0.000000	0.000000	0.000000
74.999270	__gene_J_rbs	25.000000	0.000000	0.000000
74.999270	__gene_K_rbs	37.000000	0.000000	0.000000
74.999270	__ribosome	3.000000	0.000000	0.000000
74.999270	bound_ecolipol	1897.000000	0.000000	0.000000
74.999270	bound_ribosome	100.000000	0.000000	0.000000
74.999270	ecoli_genome	103.000000	0.000000	0.000000
74.999270	ecoli_transcript	5738.000000	0.000000	0.000000
74.999270	ecolipol	53.000000	0.000000	0.000000
74.999270	gene_A	14.000000	4.000000	2.250000
74.999270	gene_A*	4.000000	3.000000	2.000000
74.999270	gene_B	148.000000	48.000000	0.333333
74.999270	gene_C	57.000000	39.000000	0.256410
74.999270	gene_D	42.000000	35.000000	0.457143
74.999270	gene_E	17.000000	32.000000	0.312500
74.999270	gene_F	0.000000	15.000000	0.800000
74.999270	gene_J	13.000000	25.000000	0.400000
74.999270	gene_K	57.000000	40.000000	0.200000
74.999270	promoter_A	1.000000	0.000000	0.000000
74.999270	promoter_B1	0.000000	0.000000	0.000000
74.999270	promoter_D	0.000000	0.000000	0.000000
79.999323	__gene_A*_rbs	2.000000	0.000000	0.000000
79.999323	__gene_A_rbs	4.000000	0.000000	0.000000
79.999323	__gene_B_rbs	51.000000	0.000000	0.000000
79.999323	__gene_C_rbs	42.000000	0.000000	0.000000
79.999323	__gene_D_rbs	37.000000	0.000000	0.000000
79.999323	__gene_E_rbs	34.000000	0.000000	0.000000
79.999323	__gene_F_rbs	17.000000	0.000000	0.000000
79.999323	__gene_G_rbs	0.000000	0.000000	0.000000
79.999323	__gene_H_rbs	0.000000	0.000000	0.000000
79.999323	__gene_J_rbs	28.000000	0.000000	0.000000
79.999323	__gene_K_rbs	41.000000	0.000000	0.000000
79.999323	__ribosome	2.000000	0.000000	0.000000
79.999323	bound_ecolipol	1904.000000	0.000000	0.000000
79.999323	bound_ribosome	100.000000	0.000000	0.000000
79.999323	ecoli_genome	96.000000	0.000000	0.000000
79.999323	ecoli_transcript	6107.000000	0.000000	0.000000
79.999323	ecolipol	44.000000	0.000000	0.000000
79.999323	gene_A	16.000000	4.000000	2.000000
79.999323	gene_A*	6.000000	3.000000	1.666667
79.999323	gene_B	152.000000	52.000000	0.384615
79.999323	gene_C	62.000000	42.000000	0.261905
79.999323	gene_D	52.000000	37.000000	0.297297
79.999323	gene_E	21.000000	35.000000	0.257143
79.999323	gene_F	0.000000	17.000000	0.823529
79.999323	gene_J	16.000000	29.000000	0.379310
79.999323	gene_K	64.000000	44.000000	0.204545
79.999323	promoter_A	1.000000	0.000000	0.000000
79.999323	promoter_B1	0.000000	0.000000	0.000000
79.999323	promoter_D	0.000000	0.000000	0.000000
84.999283	__gene_A*_rbs	3.000000	0.000000	0.000000
84.999283	__gene_A_rbs	4.000000	0.000000	0.000000
84.999283	__gene_B_rbs	54.000000	0.000000	0.000000
84.999283	__gene_C_rbs	45.000000	0.000000	0.000000
84.999283	__gene_D_rbs	42.000000	0.000000	0.000000
84.999283	__gene_E_rbs	36.000000	0.000000	0.000000
84.999283	__gene_F_rbs	19.000000	0.000000	0.000000
84.999283	__gene_G_rbs	0.000000	0.000000	0.000000
84.999283	__gene_H_rbs	0.000000	0.000000	0.000000
84.999283	__gene_J_rbs	33.000000	0.000000	0.000000
84.999283	__gene_K_rbs	44.000000	0.000000	0.000000
84.999283	__ribosome	1.000000	0.000000	0.000000
84.999283	bound_ecolipol	1903.000000	0.000000	0.000000
84.999283	bound_ribosome	100.000000	0.000000	0.000000
84.999283	ecoli_genome	97.000000	0.000000	0.000000
84.999283	ecoli_transcript	6467.000000	0.000000	0.000000
84.999283	ecolipol	45.000000	0.000000	0.000000
84.999283	gene_A	17.000000	4.000000	2.250000
84.999283	gene_A*	7.000000	3.000000	1.333333
84.999283	gene_B	159.000000	55.000000	0.363636
84.999283	gene_C	67.000000	46.000000	0.217391
84.999283	gene_D	56.000000	41.000000	0.292683
84.999283	gene_E	27.000000	38.000000	0.157895
84.999283	gene_F	0.000000	19.000000	0.894737
84.999283	gene_J	17.000000	33.000000	0.424242
84.999283	gene_K	71.000000	47.000000	0.148936
84.999283	promoter_A	1.000000	0.000000	0.000000
84.999283	promoter_B1	0.000000	0.000000	0.000000
84.999283	promoter_D	0.000000	0.000000	0.000000
90.000265	__gene_A*_rbs	4.000000	0.000000	0.000000
90.000265	__gene_A_rbs	4.000000	0.000000	0.000000
90.000265	__gene_B_rbs	59.000000	0.000000	0.000000
90.000265	__gene_C_rbs	47.000000	0.000000	0.000000
90.000265	__gene_D_rbs	44.000000	0.000000	0.000000
90.000265	__gene_E_rbs	40.000000	0.000000	0.000000
90.000265	__gene_F_rbs	19.000000	0.000000	0.000000
90.000265	__gene_G_rbs	2.000000	0.000000	0.000000
90.000265	__gene_H_rbs	0.000000	0.000000	0.000000
90.000265	__gene_J_rbs	35.000000	0.000000	0.000000
90.000265	__gene_K_rbs	50.000000	0.000000	0.000000
90.000265	__ribosome	1.000000	0.000000	0.000000
90.000265	bound_ecolipol	1897.000000	0.000000	0.000000
90.000265	bound_ribosome	100.000000	0.000000	0.000000
90.000265	ecoli_genome	103.000000	0.000000	0.000000
90.000265	ecoli_transcript	6832.000000	0.000000	0.000000
90.000265	ecolipol	50.000000	0.000000	0.000000
90.000265	gene_A	18.000000	4.000000	2.000000
90.000265	gene_A*	8.000000	4.000000	0.750000
90.000265	gene_B	167.000000	59.000000	0.254237
90.000265	gene_C	75.000000	49.000000	0.142857
90.000265	gene_D	57.000000	45.000000	0.400000
90.000265	gene_E	30.000000	41.000000	0.121951
90.000265	gene_F	0.000000	19.000000	1.000000
90.000265	gene_G	0.000000	2.000000	0.000000
90.000265	gene_J	18.000000	36.000000	0.500000
90.000265	gene_K	77.000000	51.000000	0.117647
90.000265	promoter_A	1.000000	0.000000	0.000000
90.000265	promoter_B1	0.000000	0.000000	0.000000
90.000265	promoter_D	0.000000	0.000000	0.000000
94.999033	__gene_A*_rbs	3.000000	0.000000	0.000000
94.999033	__gene_A_rbs	3.000000	0.000000	0.000000
94.999033	__gene_B_rbs	63.000000	0.000000	0.000000
94.999033	__gene_C_rbs	51.000000	0.000000	0.000000
94.999033	__gene_D_rbs	46.000000	0.000000	0.000000
94.999033	__gene_E_rbs	45.000000	0.000000	0.000000
94.999033	__gene_F_rbs	23.000000	0.000000	0.000000
94.999033	__gene_G_rbs	5.000000	0.000000	0.000000
94.999033	__gene_H_rbs	0.000000	0.000000	0.000000
94.999033	__gene_J_rbs	37.000000	0.000000	0.000000
94.999033	__gene_K_rbs	53.000000	0.000000	0.000000
94.999033	__ribosome	3.000000	0.000000	0.000000
94.999033	bound_ecolipol	1900.000000	0.000000	0.000000
94.999033	bound_ribosome	100.000000	0.000000	0.000000
94.999033	ecoli_genome	100.000000	0.000000	0.000000
94.999033	ecoli_transcript	7219.000000	0.000000	0.000000
94.999033	ecolipol	43.000000	0.000000	0.000000
94.999033	gene_A	18.000000	4.000000	2.250000
94.999033	gene_A*	8.000000	4.000000	0.750000
94.999033	gene_B	175.000000	63.000000	0.174603
94.999033	gene_C	80.000000	53.000000	0.094340
94.999033	gene_D	63.000000	49.000000	0.408163
94.999033	gene_E	32.000000	45.000000	0.155556
94.999033	gene_F	0.000000	23.000000	0.869565
94.999033	gene_G	0.000000	5.000000	0.000000
94.999033	gene_J	21.000000	39.000000	0.435897
94.999033	gene_K	83.000000	54.000000	0.092593
94.999033	promoter_A	1.000000	0.000000	0.000000
94.999033	promoter_B1	0.000000	0.000000	0.000000
94.999033	promoter_D	0.000000	0.000000	0.000000
99.999048	__gene_A*_rbs	4.000000	0.000000	0.000000
99.999048	__gene_A_rbs	4.000000	0.000000	0.000000
99.999048	__gene_B_rbs	65.000000	0.000000	0.000000
99.999048	__gene_C_rbs	54.000000	0.000000	0.000000
99.999048	__gene_D_rbs	50.000000	0.000000	0.000000
99.999048	__gene_E_rbs	47.000000	0.000000	0.000000
99.999048	__gene_F_rbs	25.000000	0.000000	0.000000
99.999048	__gene_G_rbs	6.000000	0.000000	0.000000
99.999048	__gene_H_rbs	0.000000	0.000000	0.000000
99.999048	__gene_J_rbs	42.000000	0.000000	0.000000
99.999048	__gene_K_rbs	58.000000	0.000000	0.000000
99.999048	__ribosome	0.000000	0.000000	0.000000
99.999048	bound_ecolipol	1905.000000	0.000000	0.000000
99.999048	bound_ribosome	100.000000	0.000000	0.000000
99.999048	ecoli_genome	95.000000	0.000000	0.000000
99.999048	ecoli_transcript	7633.000000	0.000000	0.000000
99.999048	ecolipol	39.000000	0.000000	0.000000
99.999048	gene_A	18.000000	4.000000	2.250000
99.999048	gene_A*	8.000000	4.000000	0.750000
99.999048	gene_B	181.000000	66.000000	0.181818
99.999048	gene_C	82.000000	56.000000	0.142857
99.999048	gene_D	68.000000	53.000000	0.377358
99.999048	gene_E	38.000000	48.000000	0.083333
99.999048	gene_F	1.000000	25.000000	0.880000
99.999048	gene_G	0.000000	6.000000	0.000000
99.999048	gene_J	22.000000	42.000000	0.428571
99.999048	gene_K	88.000000	58.000000	0.068966
99.999048	promoter_A	1.000000	0.000000	0.000000
99.999048	promoter_B1	0.000000	0.000000	0.000000
99.999048	promoter_D	0.000000	0.000000	0.000000
104.999032	__gene_A*_rbs	4.000000	0.000000	0.000000
104.999032	__gene_A_rbs	4.000000	0.000000	0.000000
104.999032	__gene_B_rbs	69.000000	0.000000	0.000000
104.999032	__gene_C_rbs	60.000000	0.000000	0.000000
104.999032	__gene_D_rbs	55.000000	0.000000	0.000000
104.999032	__gene_E_rbs	50.000000	0.000000	0.000000
104.999032	__gene_F_rbs	28.000000	0.000000	0.000000
104.999032	__gene_G_rbs	7.000000	0.000000	0.000000
104.999032	__gene_H_rbs	1.000000	0.000000	0.000000
104.999032	__gene_J_rbs	45.000000	0.000000	0.000000
104.999032	__gene_K_rbs	61.000000	0.000000	0.000000
104.999032	__ribosome	1.000000	0.000000	0.000000
104.999032	bound_ecolipol	1895.000000	0.000000	0.000000
104.999032	bound_ribosome	100.000000	0.000000	0.000000
104.999032	ecoli_genome	105.000000	0.000000	0.000000
104.999032	ecoli_transcript	8010.000000	0.000000	0.000000
104.999032	ecolipol	47.000000	0.000000	0.000000
104.999032	gene_A	18.000000	4.000000	2.250000
104.999032	gene_A*	9.000000	4.000000	0.750000
104.999032	gene_B	185.000000	69.000000	0.130435
104.999032	gene_C	86.000000	60.000000	0.183333
104.999032	gene_D	74.000000	56.000000	0.321429
104.999032	gene_E	41.000000	52.000000	0.076923
104.999032	gene_F	4.000000	28.000000	0.785714
104.999032	gene_G	0.000000	7.000000	0.000000
104.999032	gene_H	0.000000	1.000000	0.000000
104.999032	gene_J	23.000000	46.000000	0.434783
104.999032	gene_K	92.000000	62.000000	0.048387
104.999032	promoter_A	1.000000	0.000000	0.000000
104.999032	promoter_B1	0.000000	0.000000	0.000000
104.999032	promoter_D	0.000000	0.000000	0.000000
109.999116	__gene_A*_rbs	4.000000	0.000000	0.000000
109.999116	__gene_A_rbs	4.000000	0.000000	0.000000
109.999116	__gene_B_rbs	73.000000	0.000000	0.000000
109.999116	__gene_C_rbs	63.000000	0.000000	0.000000
109.999116	__gene_D_rbs	59.000000	0.000000	0.000000
109.999116	__gene_E_rbs	55.000000	0.000000	0.000000
109.999116	__gene_F_rbs	32.000000	0.000000	0.000000
109.999116	__gene_G_rbs	8.000000	0.000000	0.000000
109.999116	__gene_H_rbs	2.000000	0.000000	0.000000
109.999116	__gene_J_rbs	48.000000	0.000000	0.000000
109.999116	__gene_K_rbs	63.000000	0.000000	0.000000
109.999116	__ribosome	2.000000	0.000000	0.000000
109.999116	bound_ecolipol	1903.000000	0.000000	0.000000
109.999116	bound_ribosome	100.000000	0.000000	0.000000
109.999116	ecoli_genome	97.000000	0.000000	0.000000
109.999116	ecoli_transcript	8379.000000	0.000000	0.000000
109.999116	ecolipol	38.000000	0.000000	0.000000
109.999116	gene_A	20.000000	4.000000	1.750000
109.999116	gene_A*	10.000000	4.000000	0.500000
109.999116	gene_B	191.000000	73.000000	0.095890
109.999116	gene_C	91.000000	63.000000	0.222222
109.999116	gene_D	81.000000	60.000000	0.266667
109.999116	gene_E	42.000000	56.000000	0.071429
109.999116	gene_F	6.000000	32.000000	0.625000
109.999116	gene_G	0.000000	8.000000	0.000000
109.999116	gene_H	0.000000	2.000000	0.000000
109.999116	gene_J	25.000000	49.000000	0.489796
109.999116	gene_K	95.000000	65.000000	0.061538
109.999116	promoter_A	1.000000	0.000000	0.000000
109.999116	promoter_B1	0.000000	0.000000	0.000000
109.999116	promoter_D	0.000000	0.000000	0.000000
114.999028	__gene_A*_rbs	4.000000	0.000000	0.000000
114.999028	__gene_A_rbs	4.000000	0.000000	0.000000
114.999028	__gene_B_rbs	75.000000	0.000000	0.000000
114.999028	__gene_C_rbs	64.000000	0.000000	0.000000
114.999028	__gene_D_rbs	62.000000	0.000000	0.000000
114.999028	__gene_E_rbs	57.000000	0.000000	0.000000
114.999028	__gene_F_rbs	35.000000	0.000000	0.000000
114.999028	__gene_G_rbs	11.000000	0.000000	0.000000
114.999028	__gene_H_rbs	2.000000	0.000000	0.000000
114.999028	__gene_J_rbs	50.000000	0.000000	0.000000
114.999028	__gene_K_rbs	67.000000	0.000000	0.000000
114.999028	__ribosome	0.000000	0.000000	0.000000
114.999028	bound_ecolipol	1892.000000	0.000000	0.000000
114.999028	bound_ribosome	100.000000	0.000000	0.000000
114.999028	ecoli_genome	108.000000	0.000000	0.000000
114.999028	ecoli_transcript	8756.000000	0.000000	0.000000
114.999028	ecolipol	46.000000	0.000000	0.000000
114.999028	gene_A	22.000000	4.000000	1.250000
114.999028	gene_A*	11.000000	4.000000	0.250000
114.999028	gene_B	194.000000	76.000000	0.131579
114.999028	gene_C	100.000000	67.000000	0.119403
114.999028	gene_D	87.000000	64.000000	0.250000
114.999028	gene_E	45.000000	59.000000	0.169492
114.999028	gene_F	10.000000	35.000000	0.542857
114.999028	gene_G	0.000000	11.000000	0.090909
114.999028	gene_H	0.000000	2.000000	0.000000
114.999028	gene_J	28.000000	52.000000	0.480769
114.999028	gene_K	98.000000	68.000000	0.073529
114.999028	promoter_A	1.000000	0.000000	0.000000
114.999028	promoter_B1	0.000000	0.000000	0.000000
114.999028	promoter_D	0.000000	0.000000	0.000000
119.999017	__gene_A*_rbs	4.000000	0.000000	0.000000
119.999017	__gene_A_rbs	5.000000	0.000000	0.000000
119.999017	__gene_B_rbs	79.000000	0.000000	0.000000
119.999017	__gene_C_rbs	68.000000	0.000000	0.000000
119.999017	__gene_D_rbs	65.000000	0.000000	0.000000
119.999017	__gene_E_rbs	63.000000	0.000000	0.000000
119.999017	__gene_F_rbs	37.000000	0.000000	0.000000
119.999017	__gene_G_rbs	14.000000	0.000000	0.000000
119.999017	__gene_H_rbs	3.000000	0.000000	0.000000
119.999017	__gene_J_rbs	55.000000	0.000000	0.000000
119.999017	__gene_K_rbs	72.000000	0.000000	0.000000
119.999017	__ribosome	2.000000	0.000000	0.000000
119.999017	bound_ecolipol	1891.000000	0.000000	0.000000
119.999017	bound_ribosome	100.000000	0.000000	0.000000
119.999017	ecoli_genome	109.000000	0.000000	0.000000
119.999017	ecoli_transcript	9116.000000	0.000000	0.000000
119.999017	ecolipol	44.000000	0.000000	0.000000
119.999017	gene_A	23.000000	5.000000	0.800000
119.999017	gene_A*	11.000000	4.000000	0.250000
119.999017	gene_B	196.000000	80.000000	0.150000
119.999017	gene_C	105.000000	70.000000	0.085714
119.999017	gene_D	92.000000	66.000000	0.242424
119.999017	gene_E	49.000000	63.000000	0.158730
119.999017	gene_F	13.000000	37.000000	0.459459
119.999017	gene_G	0.000000	14.000000	0.071429
119.999017	gene_H	0.000000	3.000000	0.000000
119.999017	gene_J	31.000000	56.000000	0.410714
119.999017	gene_K	101.000000	72.000000	0.111111
119.999017	promoter_A	1.000000	0.000000	0.000000
119.999017	promoter_B1	0.000000	0.000000	0.000000
119.999017	promoter_D	0.000000	0.000000	0.000000
124.999173	__gene_A*_rbs	4.000000	0.000000	0.000000
124.999173	__gene_A_rbs	5.000000	0.000000	0.000000
124.999173	__gene_B_rbs	84.000000	0.000000	0.000000
124.999173	__gene_C_rbs	72.000000	0.000000	0.000000
124.999173	__gene_D_rbs	70.000000	0.000000	0.000000
124.999173	__gene_E_rbs	65.000000	0.000000	0.000000
124.999173	__gene_F_rbs	40.000000	0.000000	0.000000
124.999173	__gene_G_rbs	15.000000	0.000000	0.000000
124.999173	__gene_H_rbs	4.000000	0.000000	0.000000
124.999173	__gene_J_rbs	59.000000	0.000000	0.000000
124.999173	__gene_K_rbs	75.000000	0.000000	0.000000
124.999173	__ribosome	0.000000	0.000000	0.000000
124.999173	bound_ecolipol	1894.000000	0.000000	0.000000
124.999173	bound_ribosome	100.000000	0.000000	0.000000
124.999173	ecoli_genome	106.000000	0.000000	0.000000
124.999173	ecoli_transcript	9525.000000	0.000000	0.000000
124.999173	ecolipol	38.000000	0.000000	0.000000
124.999173	gene_A	23.000000	5.000000	0.800000
124.999173	gene_A*	11.000000	4.000000	0.250000
124.999173	gene_B	203.000000	84.000000	0.142857
124.999173	gene_C	108.000000	74.000000	0.081081
124.999173	gene_D	97.000000	70.000000	0.214286
124.999173	gene_E	55.000000	66.000000	0.090909
124.999173	gene_F	16.000000	40.000000	0.425000
124.999173	gene_G	0.000000	16.000000	0.312500
124.999173	gene_H	0.000000	4.000000	0.000000
124.999173	gene_J	32.000000	60.000000	0.383333
124.999173	gene_K	108.000000	76.000000	0.144737
124.999173	promoter_A	1.000000	0.000000	0.000000
124.999173	promoter_B1	0.000000	0.000000	0.000000
124.999173	promoter_D	0.000000	0.000000	0.000000
129.999086	__gene_A*_rbs	4.000000	0.000000	0.000000
129.999086	__gene_A_rbs	5.000000	0.000000	0.000000
129.999086	__gene_B_rbs	87.000000	0.000000	0.000000
129.999086	__gene_C_rbs	76.000000	0.000000	0.000000
129.999086	__gene_D_rbs	71.000000	0.000000	0.000000
129.999086	__gene_E_rbs	66.000000	0.000000	0.000000
129.999086	__gene_F_rbs	43.000000	0.000000	0.000000
129.999086	__gene_G_rbs	16.000000	0.000000	0.000000
129.999086	__gene_H_rbs	6.000000	0.000000	0.000000
129.999086	__gene_J_rbs	62.000000	0.000000	0.000000
129.999086	__gene_K_rbs	78.000000	0.000000	0.000000
129.999086	__ribosome	1.000000	0.000000	0.000000
129.999086	bound_ecolipol	1889.000000	0.000000	0.000000
129.999086	bound_ribosome	100.000000	0.000000	0.000000
129.999086	ecoli_genome	111.000000	0.000000	0.000000
129.999086	ecoli_transcript	9895.000000	0.000000	0.000000
129.999086	ecolipol	41.000000	0.000000	0.000000
129.999086	gene_A	24.000000	5.000000	0.600000
129.999086	gene_A*	11.000000	4.000000	0.250000
129.999086	gene_B	205.000000	87.000000	0.160920
129.999086	gene_C	111.000000	77.000000	0.090909
129.999086	gene_D	102.000000	73.000000	0.191781
129.999086	gene_E	59.000000	70.000000	0.157143
129.999086	gene_F	19.000000	43.000000	0.325581
129.999086	gene_G	1.000000	16.000000	0.312500
129.999086	gene_H	0.000000	6.000000	0.166667
129.999086	gene_J	33.000000	64.000000	0.421875
129.999086	gene_K	119.000000	79.000000	0.025316
129.999086	promoter_A	1.000000	0.000000	0.000000
129.999086	promoter_B1	0.000000	0.000000	0.000000
129.999086	promoter_D	0.000000	0.000000	0.000000
134.999101	__gene_A*_rbs	5.000000	0.000000	0.000000
134.999101	__gene_A_rbs	5.000000	0.000000	0.000000
134.999101	__gene_B_rbs	91.000000	0.000000	0.000000
134.999101	__gene_C_rbs	79.000000	0.000000	0.000000
134.999101	__gene_D_rbs	74.000000	0.000000	0.000000
134.999101	__gene_E_rbs	72.000000	0.000000	0.000000
134.999101	__gene_F_rbs	44.000000	0.000000	0.000000
134.999101	__gene_G_rbs	19.000000	0.000000	0.000000
134.999101	__gene_H_rbs	8.000000	0.000000	0.000000
134.999101	__gene_J_rbs	67.000000	0.000000	0.000000
134.999101	__gene_K_rbs	83.000000	0.000000	0.000000
134.999101	__ribosome	2.000000	0.000000	0.000000
134.999101	bound_ecolipol	1890.000000	0.000000	0.000000
134.999101	bound_ribosome	100.000000	0.000000	0.000000
134.999101	ecoli_genome	110.000000	0.000000	0.000000
134.999101	ecoli_transcript	10264.000000	0.000000	0.000000
134.999101	ecolipol	41.000000	0.000000	0.000000
134.999101	gene_A	26.000000	5.000000	0.200000
134.999101	gene_A*	12.000000	5.000000	0.000000
134.999101	gene_B	214.000000	91.000000	0.109890
134.999101	gene_C	114.000000	81.000000	0.111111
134.999101	gene_D	108.000000	77.000000	0.155844
134.999101	gene_E	62.000000	73.000000	0.109589
134.999101	gene_F	19.000000	45.000000	0.400000
134.999101	gene_G	1.000000	19.000000	0.368421
134.999101	gene_H	0.000000	8.000000	0.250000
134.999101	gene_J	36.000000	67.000000	0.388060
134.999101	gene_K	120.000000	83.000000	0.060241
134.999101	promoter_A	1.000000	0.000000	0.000000
134.999101	promoter_B1	0.000000	0.000000	0.000000
134.999101	promoter_D	0.000000	0.000000	0.000000
139.999170	__gene_A*_rbs	5.000000	0.000000	0.000000
139.999170	__gene_A_rbs	6.000000	0.000000	0.000000
139.999170	__gene_B_rbs	94.000000	0.000000	0.000000
139.999170	__gene_C_rbs	83.000000	0.000000	0.000000
139.999170	__gene_D_rbs	81.000000	0.000000	0.000000
139.999170	__gene_E_rbs	77.000000	0.000000	0.000000
139.999170	__gene_F_rbs	49.000000	0.000000	0.000000
139.999170	__gene_G_rbs	20.000000	0.000000	0.000000
139.999170	__gene_H_rbs	11.000000	0.000000	0.000000
139.999170	__gene_J_rbs	69.000000	0.000000	0.000000
139.999170	__gene_K_rbs	84.000000	0.000000	0.000000
139.999170	__ribosome	1.000000	0.000000	0.000000
139.999170	bound_ecolipol	1888.000000	0.000000	0.000000
139.999170	bound_ribosome	100.000000	0.000000	0.000000
139.999170	ecoli_genome	112.000000	0.000000	0.000000
139.999170	ecoli_transcript	10638.000000	0.000000	0.000000
139.999170	ecolipol	41.000000	0.000000	0.000000
139.999170	gene_A	26.000000	6.000000	0.166667
139.999170	gene_A*	12.000000	5.000000	0.000000
139.999170	gene_B	219.000000	94.000000	0.127660
139.999170	gene_C	118.000000	85.000000	0.082353
139.999170	gene_D	112.000000	81.000000	0.148148
139.999170	gene_E	70.000000	77.000000	0.051948
139.999170	gene_F	20.000000	49.000000	0.367347
139.999170	gene_G	1.000000	20.000000	0.350000
139.999170	gene_H	0.000000	11.000000	0.181818
139.999170	gene_J	38.000000	70.000000	0.400000
139.999170	gene_K	125.000000	86.000000	0.093023
139.999170	promoter_A	1.000000	0.000000	0.000000
139.999170	promoter_B1	0.000000	0.000000	0.000000
139.999170	promoter_D	0.000000	0.000000	0.000000
144.999041	__gene_A*_rbs	5.000000	0.000000	0.000000
144.999041	__gene_A_rbs	7.000000	0.000000	0.000000
144.999041	__gene_B_rbs	97.000000	0.000000	0.000000
144.999041	__gene_C_rbs	86.000000	0.000000	0.000000
144.999041	__gene_D_rbs	84.000000	0.000000	0.000000
144.999041	__gene_E_rbs	80.000000	0.000000	0.000000
144.999041	__gene_F_rbs	51.000000	0.000000	0.000000
144.999041	__gene_G_rbs	22.000000	0.000000	0.000000
144.999041	__gene_H_rbs	11.000000	0.000000	0.000000
144.999041	__gene_J_rbs	71.000000	0.000000	0.000000
144.999041	__gene_K_rbs	88.000000	0.000000	0.000000
144.999041	__ribosome	1.000000	0.000000	0.000000
144.999041	bound_ecolipol	1885.000000	0.000000	0.000000
144.999041	bound_ribosome	100.000000	0.000000	0.000000
144.999041	ecoli_genome	115.000000	0.000000	0.000000
144.999041	ecoli_transcript	11011.000000	0.000000	0.000000
144.999041	ecolipol	41.000000	0.000000	0.000000
144.999041	gene_A	26.000000	7.000000	0.142857
144.999041	gene_A*	12.000000	5.000000	0.000000
144.999041	gene_B	222.000000	98.000000	0.142857
144.999041	gene_C	123.000000	87.000000	0.068966
144.999041	gene_D	115.000000	84.000000	0.142857
144.999041	gene_E	71.000000	81.000000	0.061728
144.999041	gene_F	24.000000	52.000000	0.326923
144.999041	gene_G	4.000000	22.000000	0.227273
144.999041	gene_H	0.000000	11.000000	0.181818
144.999041	gene_J	42.000000	74.000000	0.378378
144.999041	gene_K	131.000000	90.000000	0.100000
144.999041	promoter_A	1.000000	0.000000	0.000000
144.999041	promoter_B1	0.000000	0.000000	0.000000
144.999041	promoter_D	0.000000	0.000000	0.000000
149.999318	__gene_A*_rbs	5.000000	0.000000	0.000000
149.999318	__gene_A_rbs	7.000000	0.000000	0.000000
149.999318	__gene_B_rbs	101.000000	0.000000	0.000000
149.999318	__gene_C_rbs	90.000000	0.000000	0.000000
149.999318	__gene_D_rbs	88.000000	0.000000	0.000000
149.999318	__gene_E_rbs	83.000000	0.000000	0.000000
149.999318	__gene_F_rbs	53.000000	0.000000	0.000000
149.999318	__gene_G_rbs	24.000000	0.000000	0.000000
149.999318	__gene_H_rbs	14.000000	0.000000	0.000000
149.999318	__gene_J_rbs	77.000000	0.000000	0.000000
149.999318	__gene_K_rbs	89.000000	0.000000	0.000000
149.999318	__ribosome	2.000000	0.000000	0.000000
149.999318	bound_ecolipol	1884.000000	0.000000	0.000000
149.999318	bound_ribosome	100.000000	0.000000	0.000000
149.999318	ecoli_genome	116.000000	0.000000	0.000000
149.999318	ecoli_transcript	11392.000000	0.000000	0.000000
149.999318	ecolipol	43.000000	0.000000	0.000000
149.999318	gene_A	27.000000	7.000000	0.142857
149.999318	gene_A*	12.000000	5.000000	0.000000
149.999318	gene_B	226.000000	101.000000	0.108911
149.999318	gene_C	126.000000	91.000000	0.054945
149.999318	gene_D	119.000000	88.000000	0.136364
149.999318	gene_E	75.000000	84.000000	0.071429
149.999318	gene_F	26.000000	53.000000	0.358491
149.999318	gene_G	6.000000	24.000000	0.250000
149.999318	gene_H	0.000000	14.000000	0.142857
149.999318	gene_J	42.000000	77.000000	0.376623
149.999318	gene_K	138.000000	93.000000	0.075269
149.999318	promoter_A	1.000000	0.000000	0.000000
149.999318	promoter_B1	0.000000	0.000000	0.000000
149.999318	promoter_D	1.000000	0.000000	0.000000
154.999004	__gene_A*_rbs	6.000000	0.000000	0.000000
154.999004	__gene_A_rbs	7.000000	0.000000	0.000000
154.999004	__gene_B_rbs	105.000000	0.000000	0.000000
154.999004	__gene_C_rbs	93.000000	0.000000	0.000000
154.999004	__gene_D_rbs	88.000000	0.000000	0.000000
154.999004	__gene_E_rbs	84.000000	0.000000	0.000000
154.999004	__gene_F_rbs	57.000000	0.000000	0.000000
154.999004	__gene_G_rbs	25.000000	0.000000	0.000000
154.999004	__gene_H_rbs	15.000000	0.000000	0.000000
154.999004	__gene_J_rbs	80.000000	0.000000	0.000000
154.999004	__gene_K_rbs	97.000000	0.000000	0.000000
154.999004	__ribosome	1.000000	0.000000	0.000000
154.999004	bound_ecolipol	1882.000000	0.000000	0.000000
154.999004	bound_ribosome	100.000000	0.000000	0.000000
154.999004	ecoli_genome	118.000000	0.000000	0.000000
154.999004	ecoli_transcript	11777.000000	0.000000	0.000000
154.999004	ecolipol	44.000000	0.000000	0.000000
154.999004	gene_A	27.000000	7.000000	0.142857
154.999004	gene_A*	12.000000	6.000000	0.166667
154.999004	gene_B	233.000000	105.000000	0.066667
154.999004	gene_C	130.000000	95.000000	0.052632
154.999004	gene_D	124.000000	90.000000	0.144444
154.999004	gene_E	77.000000	87.000000	0.103448
154.999004	gene_F	28.000000	57.000000	0.333333
154.999004	gene_G	6.000000	26.000000	0.307692
154.999004	gene_H	0.000000	15.000000	0.133333
154.999004	gene_J	45.000000	81.000000	0.358025
154.999004	gene_K	144.000000	97.000000	0.051546
154.999004	promoter_A	1.000000	0.000000	0.000000
154.999004	promoter_B1	0.000000	0.000000	0.000000
154.999004	promoter_D	0.000000	0.000000	0.000000
159.999167	__gene_A*_rbs	7.000000	0.000000	0.000000
159.999167	__gene_A_rbs	9.000000	0.000000	0.000000
159.999167	__gene_B_rbs	108.000000	0.000000	0.000000
159.999167	__gene_C_rbs	97.000000	0.000000	0.000000
159.999167	__gene_D_rbs	92.000000	0.000000	0.000000
159.999167	__gene_E_rbs	90.000000	0.000000	0.000000
159.999167	__gene_F_rbs	60.000000	0.000000	0.000000
159.999167	__gene_G_rbs	29.000000	0.000000	0.000000
159.999167	__gene_H_rbs	15.000000	0.000000	0.000000
159.999167	__gene_J_rbs	84.000000	0.000000	0.000000
159.999167	__gene_K_rbs	99.000000	0.000000	0.000000
159.999167	__ribosome	0.000000	0.000000	0.000000
159.999167	bound_ecolipol	1884.000000	0.000000	0.000000
159.999167	bound_ribosome	100.000000	0.000000	0.000000
159.999167	ecoli_genome	116.000000	0.000000	0.000000
159.999167	ecoli_transcript	12170.000000	0.000000	0.000000
159.999167	ecolipol	41.000000	0.000000	0.000000
159.999167	gene_A	27.000000	9.000000	0.111111
159.999167	gene_A*	12.000000	7.000000	0.142857
159.999167	gene_B	237.000000	109.000000	0.082569
159.999167	gene_C	131.000000	98.000000	0.061224
159.999167	gene_D	128.000000	94.000000	0.148936
159.999167	gene_E	83.000000	90.000000	0.066667
159.999167	gene_F	30.000000	60.000000	0.283333
159.999167	gene_G	7.000000	29.000000	0.241379
159.999167	gene_H	0.000000	15.000000	0.133333
159.999167	gene_J	47.000000	85.000000	0.352941
159.999167	gene_K	148.000000	100.000000	0.070000
159.999167	promoter_A	0.000000	0.000000	0.000000
159.999167	promoter_B1	0.000000	0.000000	0.000000
159.999167	promoter_D	0.000000	0.000000	0.000000
164.999100	__gene_A*_rbs	7.000000	0.000000	0.000000
164.999100	__gene_A_rbs	9.000000	0.000000	0.000000
164.999100	__gene_B_rbs	111.000000	0.000000	0.000000
164.999100	__gene_C_rbs	102.000000	0.000000	0.000000
164.999100	__gene_D_rbs	95.000000	0.000000	0.000000
164.999100	__gene_E_rbs	91.000000	0.000000	0.000000
164.999100	__gene_F_rbs	63.000000	0.000000	0.000000
164.999100	__gene_G_rbs	31.000000	0.000000	0.000000
164.999100	__gene_H_rbs	17.000000	0.000000	0.000000
164.999100	__gene_J_rbs	86.000000	0.000000	0.000000
164.999100	__gene_K_rbs	103.000000	0.000000	0.000000
164.999100	__ribosome	1.000000	0.000000	0.000000
164.999100	bound_ecolipol	1889.000000	0.000000	0.000000
164.999100	bound_ribosome	100.000000	0.000000	0.000000
164.999100	ecoli_genome	111.000000	0.000000	0.000000
164.999100	ecoli_transcript	12552.000000	0.000000	0.000000
164.999100	ecolipol	38.000000	0.000000	0.000000
164.999100	gene_A	27.000000	9.000000	0.111111
164.999100	gene_A*	12.000000	7.000000	0.285714
164.999100	gene_B	238.000000	111.000000	0.117117
164.999100	gene_C	135.000000	102.000000	0.058824
164.999100	gene_D	131.000000	98.000000	0.163265
164.999100	gene_E	86.000000	93.000000	0.064516
164.999100	gene_F	32.000000	63.000000	0.253968
164.999100	gene_G	9.000000	31.000000	0.161290
164.999100	gene_H	0.000000	17.000000	0.176471
164.999100	gene_J	48.000000	88.000000	0.340909
164.999100	gene_K	154.000000	104.000000	0.009615
164.999100	promoter_A	1.000000	0.000000	0.000000
164.999100	promoter_B1	0.000000	0.000000	0.000000
164.999100	promoter_D	0.000000	0.000000	0.000000
169.999154	__gene_A*_rbs	7.000000	0.000000	0.000000
169.999154	__gene_A_rbs	9.000000	0.000000	0.000000
169.999154	__gene_B_rbs	115.000000	0.000000	0.000000
169.999154	__gene_C_rbs	106.000000	0.000000	0.000000
169.999154	__gene_D_rbs	102.000000	0.000000	0.000000
169.999154	__gene_E_rbs	96.000000	0.000000	0.000000
169.999154	__gene_F_rbs	66.000000	0.000000	0.000000
169.999154	__gene_G_rbs	33.000000	0.000000	0.000000
169.999154	__gene_H_rbs	17.000000	0.000000	0.000000
169.999154	__gene_J_rbs	90.000000	0.000000	0.000000
169.999154	__gene_K_rbs	108.000000	0.000000	0.000000
169.999154	__ribosome	0.000000	0.000000	0.000000
169.999154	bound_ecolipol	1873.000000	0.000000	0.000000
169.999154	bound_ribosome	100.000000	0.000000	0.000000
169.999154	ecoli_genome	127.000000	0.000000	0.000000
169.999154	ecoli_transcript	12928.000000	0.000000	0.000000
169.999154	ecolipol	54.000000	0.000000	0.000000
169.999154	gene_A	27.000000	9.000000	0.111111
169.999154	gene_A*	12.000000	7.000000	0.285714
169.999154	gene_B	243.000000	115.000000	0.078261
169.999154	gene_C	138.000000	106.000000	0.066038
169.999154	gene_D	135.000000	102.000000	0.147059
169.999154	gene_E	89.000000	97.000000	0.041237
169.999154	gene_F	33.000000	66.000000	0.257576
169.999154	gene_G	10.000000	33.000000	0.151515
169.999154	gene_H	0.000000	17.000000	0.176471
169.999154	gene_J	49.000000	91.000000	0.351648
169.999154	gene_K	155.000000	108.000000	0.046296
169.999154	promoter_A	1.000000	0.000000	0.000000
169.999154	promoter_B1	0.000000	0.000000	0.000000
169.999154	promoter_D	0.000000	0.000000	0.000000
174.999245	__gene_A*_rbs	8.000000	0.000000	0.000000
174.999245	__gene_A_rbs	9.000000	0.000000	0.000000
174.999245	__gene_B_rbs	118.000000	0.000000	0.000000
174.999245	__gene_C_rbs	107.000000	0.000000	0.000000
174.999245	__gene_D_rbs	105.000000	0.000000	0.000000
174.999245	__gene_E_rbs	99.000000	0.000000	0.000000
174.999245	__gene_F_rbs	68.000000	0.000000	0.000000
174.999245	__gene_G_rbs	36.000000	0.000000	0.000000
174.999245	__gene_H_rbs	18.000000	0.000000	0.000000
174.999245	__gene_J_rbs	94.000000	0.000000	0.000000
174.999245	__gene_K_rbs	111.000000	0.000000	0.000000
174.999245	__ribosome	0.000000	0.000000	0.000000
174.999245	bound_ecolipol	1882.000000	0.000000	0.000000
174.999245	bound_ribosome	100.000000	0.000000	0.000000
174.999245	ecoli_genome	118.000000	0.000000	0.000000
174.999245	ecoli_transcript	13297.000000	0.000000	0.000000
174.999245	ecolipol	45.000000	0.000000	0.000000
174.999245	gene_A	27.000000	9.000000	0.111111
174.999245	gene_A*	12.000000	8.000000	0.375000
174.999245	gene_B	250.000000	119.000000	0.050420
174.999245	gene_C	142.000000	110.000000	0.072727
174.999245	gene_D	141.000000	105.000000	0.114286
174.999245	gene_E	93.000000	101.000000	0.049505
174.999245	gene_F	34.000000	68.000000	0.264706
174.999245	gene_G	11.000000	36.000000	0.166667
174.999245	gene_H	0.000000	18.000000	0.166667
174.999245	gene_J	50.000000	95.000000	0.347368
174.999245	gene_K	159.000000	111.000000	0.045045
174.999245	promoter_A	1.000000	0.000000	0.000000
174.999245	promoter_B1	0.000000	0.000000	0.000000
174.999245	promoter_D	0.000000	0.000000	0.000000
179.999024	__gene_A*_rbs	9.000000	0.000000	0.000000
179.999024	__gene_A_rbs	10.000000	0.000000	0.000000
179.999024	__gene_B_rbs	123.000000	0.000000	0.000000
179.999024	__gene_C_rbs	111.000000	0.000000	0.000000
179.999024	__gene_D_rbs	107.000000	0.000000	0.000000
179.999024	__gene_E_rbs	105.000000	0.000000	0.000000
179.999024	__gene_F_rbs	72.000000	0.000000	0.000000
179.999024	__gene_G_rbs	37.000000	0.000000	0.000000
179.999024	__gene_H_rbs	20.000000	0.000000	0.000000
179.999024	__gene_J_rbs	96.000000	0.000000	0.000000
179.999024	__gene_K_rbs	114.000000	0.000000	0.000000
179.999024	__ribosome	0.000000	0.000000	0.000000
179.999024	bound_ecolipol	1888.000000	0.000000	0.000000
179.999024	bound_ribosome	100.000000	0.000000	0.000000
179.999024	ecoli_genome	112.000000	0.000000	0.000000
179.999024	ecoli_transcript	13725.000000	0.000000	0.000000
179.999024	ecolipol	40.000000	0.000000	0.000000
179.999024	gene_A	27.000000	10.000000	0.100000
179.999024	gene_A*	12.000000	9.000000	0.333333
179.999024	gene_B	252.000000	123.000000	0.040650
179.999024	gene_C	146.000000	113.000000	0.088496
179.999024	gene_D	144.000000	108.000000	0.092593
179.999024	gene_E	94.000000	105.000000	0.047619
179.999024	gene_F	37.000000	72.000000	0.236111
179.999024	gene_G	11.000000	37.000000	0.189189
179.999024	gene_H	0.000000	20.000000	0.200000
179.999024	gene_J	53.000000	98.000000	0.336735
179.999024	gene_K	163.000000	114.000000	0.043860
179.999024	promoter_A	0.000000	0.000000	0.000000
179.999024	promoter_B1	0.000000	0.000000	0.000000
179.999024	promoter_D	0.000000	0.000000	0.000000
184.999067	__gene_A*_rbs	9.000000	0.000000	0.000000
184.999067	__gene_A_rbs	10.000000	0.000000	0.000000
184.999067	__gene_B_rbs	126.000000	0.000000	0.000000
184.999067	__gene_C_rbs	116.000000	0.000000	0.000000
184.999067	__gene_D_rbs	112.000000	0.000000	0.000000
184.999067	__gene_E_rbs	108.000000	0.000000	0.000000
184.999067	__gene_F_rbs	74.000000	0.000000	0.000000
184.999067	__gene_G_rbs	40.000000	0.000000	0.000000
184.999067	__gene_H_rbs	22.000000	0.000000	0.000000
184.999067	__gene_J_rbs	102.000000	0.000000	0.000000
184.999067	__gene_K_rbs	116.000000	0.000000	0.000000
184.999067	__ribosome	2.000000	0.000000	0.000000
184.999067	bound_ecolipol	1880.000000	0.000000	0.000000
184.999067	bound_ribosome	100.000000	0.000000	0.000000
184.999067	ecoli_genome	120.000000	0.000000	0.000000
184.999067	ecoli_transcript	14105.000000	0.000000	0.000000
184.999067	ecolipol	47.000000	0.000000	0.000000
184.999067	gene_A	27.000000	10.000000	0.200000
184.999067	gene_A*	12.000000	9.000000	0.333333
184.999067	gene_B	254.000000	126.000000	0.071429
184.999067	gene_C	150.000000	116.000000	0.077586
184.999067	gene_D	150.000000	112.000000	0.053571
184.999067	gene_E	98.000000	108.000000	0.018519
184.999067	gene_F	39.000000	74.000000	0.229730
184.999067	gene_G	11.000000	40.000000	0.175000
184.999067	gene_H	0.000000	22.000000	0.272727
184.999067	gene_J	55.000000	102.000000	0.333333
184.999067	gene_K	166.000000	118.000000	0.025424
184.999067	promoter_A	1.000000	0.000000	0.000000
184.999067	promoter_B1	0.000000	0.000000	0.000000
184.999067	promoter_D	0.000000	0.000000	0.000000
189.999262	__gene_A*_rbs	9.000000	0.000000	0.000000
189.999262	__gene_A_rbs	11.000000	0.000000	0.000000
189.999262	__gene_B_rbs	130.000000	0.000000	0.000000
189.999262	__gene_C_rbs	119.000000	0.000000	0.000000
189.999262	__gene_D_rbs	116.000000	0.000000	0.000000
189.999262	__gene_E_rbs	111.000000	0.000000	0.000000
189.999262	__gene_F_rbs	75.000000	0.000000	0.000000
189.999262	__gene_G_rbs	42.000000	0.000000	0.000000
189.999262	__gene_H_rbs	25.000000	0.000000	0.000000
189.999262	__gene_J_rbs	104.000000	0.000000	0.000000
189.999262	__gene_K_rbs	121.000000	0.000000	0.000000
189.999262	__ribosome	1.000000	0.000000	0.000000
189.999262	bound_ecolipol	1880.000000	0.000000	0.000000
189.999262	bound_ribosome	100.000000	0.000000	0.000000
189.999262	ecoli_genome	120.000000	0.000000	0.000000
189.999262	ecoli_transcript	14477.000000	0.000000	0.000000
189.999262	ecolipol	46.000000	0.000000	0.000000
189.999262	gene_A	27.000000	11.000000	0.181818
189.999262	gene_A*	13.000000	9.000000	0.222222
189.999262	gene_B	257.000000	130.000000	0.084615
189.999262	gene_C	156.000000	119.000000	0.050420
189.999262	gene_D	153.000000	116.000000	0.068966
189.999262	gene_E	99.000000	112.000000	0.044643
189.999262	gene_F	42.000000	76.000000	0.197368
189.999262	gene_G	11.000000	42.000000	0.166667
189.999262	gene_H	0.000000	25.000000	0.240000
189.999262	gene_J	57.000000	105.000000	0.333333
189.999262	gene_K	169.000000	121.000000	0.016529
189.999262	promoter_A	1.000000	0.000000	0.000000
189.999262	promoter_B1	0.000000	0.000000	0.000000
189.999262	promoter_D	0.000000	0.000000	0.000000
194.999059	__gene_A*_rbs	10.000000	0.000000	0.000000
194.999059	__gene_A_rbs	11.000000	0.000000	0.000000
194.999059	__gene_B_rbs	134.000000	0.000000	0.000000
194.999059	__gene_C_rbs	122.000000	0.000000	0.000000
194.999059	__gene_D_rbs	119.000000	0.000000	0.000000
194.999059	__gene_E_rbs	114.000000	0.000000	0.000000
194.999059	__gene_F_rbs	78.000000	0.000000	0.000000
194.999059	__gene_G_rbs	44.000000	0.000000	0.000000
194.999059	__gene_H_rbs	25.000000	0.000000	0.000000
194.999059	__gene_J_rbs	109.000000	0.000000	0.000000
194.999059	__gene_K_rbs	123.000000	0.000000	0.000000
194.999059	__ribosome	0.000000	0.000000	0.000000
194.999059	bound_ecolipol	1886.000000	0.000000	0.000000
194.999059	bound_ribosome	100.000000	0.000000	0.000000
194.999059	ecoli_genome	114.000000	0.000000	0.000000
194.999059	ecoli_transcript	14868.000000	0.000000	0.000000
194.999059	ecolipol	38.000000	0.000000	0.000000
194.999059	gene_A	27.000000	11.000000	0.181818
194.999059	gene_A*	13.000000	10.000000	0.200000
194.999059	gene_B	262.000000	134.000000	0.067164
194.999059	gene_C	160.000000	123.000000	0.056911
194.999059	gene_D	154.000000	119.000000	0.067227
194.999059	gene_E	102.000000	116.000000	0.051724
194.999059	gene_F	45.000000	79.000000	0.189873
194.999059	gene_G	13.000000	44.000000	0.159091
194.999059	gene_H	0.000000	25.000000	0.280000
194.999059	gene_J	58.000000	109.000000	0.311927
194.999059	gene_K	171.000000	125.000000	0.024000
194.999059	promoter_A	1.000000	0.000000	0.000000
194.999059	promoter_B1	0.000000	0.000000	0.000000
194.999059	promoter_D	0.000000	0.000000	0.000000
199.999160	__gene_A*_rbs	10.000000	0.000000	0.000000
199.999160	__gene_A_rbs	11.000000	0.000000	0.000000
199.999160	__gene_B_rbs	137.000000	0.000000	0.000000
199.999160	__gene_C_rbs	127.000000	0.000000	0.000000
199.999160	__gene_D_rbs	121.000000	0.000000	0.000000
199.999160	__gene_E_rbs	119.000000	0.000000	0.000000
199.999160	__gene_F_rbs	83.000000	0.000000	0.000000
199.999160	__gene_G_rbs	47.000000	0.000000	0.000000
199.999160	__gene_H_rbs	28.000000	0.000000	0.000000
199.999160	__gene_J_rbs	111.000000	0.000000	0.000000
199.999160	__gene_K_rbs	129.000000	0.000000	0.000000
199.999160	__ribosome	1.000000	0.000000	0.000000
199.999160	bound_ecolipol	1882.000000	0.000000	0.000000
199.999160	bound_ribosome	100.000000	0.000000	0.000000
199.999160	ecoli_genome	118.000000	0.000000	0.000000
199.999160	ecoli_transcript	15243.000000	0.000000	0.000000
199.999160	ecolipol	41.000000	0.000000	0.000000
199.999160	gene_A	28.000000	11.000000	0.090909
199.999160	gene_A*	14.000000	10.000000	0.100000
199.999160	gene_B	267.000000	137.000000	0.043796
199.999160	gene_C	162.000000	127.000000	0.055118
199.999160	gene_D	155.000000	123.000000	0.089431
199.999160	gene_E	105.000000	119.000000	0.033613
199.999160	gene_F	47.000000	83.000000	0.168675
199.999160	gene_G	14.000000	47.000000	0.148936
199.999160	gene_H	0.000000	28.000000	0.250000
199.999160	gene_J	58.000000	112.000000	0.348214
199.999160	gene_K	173.000000	129.000000	0.015504
199.999160	promoter_A	1.000000	0.000000	0.000000
199.999160	promoter_B1	0.000000	0.000000	0.000000
199.999160	promoter_D	0.000000	0.000000	0.000000
204.999380	__gene_A*_rbs	11.000000	0.000000	0.000000
204.999380	__gene_A_rbs	11.000000	0.000000	0.000000
204.999380	__gene_B_rbs	141.000000	0.000000	0.000000
204.999380	__gene_C_rbs	130.000000	0.000000	0.000000
204.999380	__gene_D_rbs	125.000000	0.000000	0.000000
204.999380	__gene_E_rbs	121.000000	0.000000	0.000000
204.999380	__gene_F_rbs	83.000000	0.000000	0.000000
204.999380	__gene_G_rbs	50.000000	0.000000	0.000000
204.999380	__gene_H_rbs	30.000000	0.000000	0.000000
204.999380	__gene_J_rbs	116.000000	0.000000	0.000000
204.999380	__gene_K_rbs	133.000000	0.000000	0.000000
204.999380	__ribosome	0.000000	0.000000	0.000000
204.999380	bound_ecolipol	1875.000000	0.000000	0.000000
204.999380	bound_ribosome	100.000000	0.000000	0.000000
204.999380	ecoli_genome	125.000000	0.000000	0.000000
204.999380	ecoli_transcript	15632.000000	0.000000	0.000000
204.999380	ecolipol	51.000000	0.000000	0.000000
204.999380	gene_A	28.000000	11.000000	0.090909
204.999380	gene_A*	14.000000	11.000000	0.090909
204.999380	gene_B	271.000000	141.000000	0.028369
204.999380	gene_C	167.000000	131.000000	0.038168
204.999380	gene_D	161.000000	127.000000	0.086614
204.999380	gene_E	108.000000	122.000000	0.040984
204.999380	gene_F	47.000000	83.000000	0.192771
204.999380	gene_G	14.000000	50.000000	0.140000
204.999380	gene_H	0.000000	30.000000	0.266667
204.999380	gene_J	61.000000	116.000000	0.327586
204.999380	gene_K	175.000000	133.000000	0.030075
204.999380	promoter_A	1.000000	0.000000	0.000000
204.999380	promoter_B1	0.000000	0.000000	0.000000
204.999380	promoter_D	0.000000	0.000000	0.000000
209.999124	__gene_A*_rbs	11.000000	0.000000	0.000000
209.999124	__gene_A_rbs	11.000000	0.000000	0.000000
209.999124	__gene_B_rbs	143.000000	0.000000	0.000000
209.999124	__gene_C_rbs	134.000000	0.000000	0.000000
209.999124	__gene_D_rbs	130.000000	0.000000	0.000000
209.999124	__gene_E_rbs	126.000000	0.000000	0.000000
209.999124	__gene_F_rbs	85.000000	0.000000	0.000000
209.999124	__gene_G_rbs	52.000000	0.000000	0.000000
209.999124	__gene_H_rbs	32.000000	0.000000	0.000000
209.999124	__gene_J_rbs	119.000000	0.000000	0.000000
209.999124	__gene_K_rbs	136.000000	0.000000	0.000000
209.999124	__ribosome	0.000000	0.000000	0.000000
209.999124	bound_ecolipol	1883.000000	0.000000	0.000000
209.999124	bound_ribosome	100.000000	0.000000	0.000000
209.999124	ecoli_genome	117.000000	0.000000	0.000000
209.999124	ecoli_transcript	15994.000000	0.000000	0.000000
209.999124	ecolipol	43.000000	0.000000	0.000000
209.999124	gene_A	28.000000	11.000000	0.090909
209.999124	gene_A*	15.000000	11.000000	0.000000
209.999124	gene_B	273.000000	144.000000	0.055556
209.999124	gene_C	169.000000	134.000000	0.029851
209.999124	gene_D	162.000000	130.000000	0.092308
209.999124	gene_E	111.000000	126.000000	0.031746
209.999124	gene_F	50.000000	86.000000	0.209302
209.999124	gene_G	15.000000	52.000000	0.115385
209.999124	gene_H	0.000000	32.000000	0.250000
209.999124	gene_J	62.000000	120.000000	0.308333
209.999124	gene_K	178.000000	136.000000	0.014706
209.999124	promoter_A	1.000000	0.000000	0.000000
209.999124	promoter_B1	0.000000	0.000000	0.000000
209.999124	promoter_D	0.000000	0.000000	0.000000
214.999293	__gene_A*_rbs	11.000000	0.000000	0.000000
214.999293	__gene_A_rbs	11.000000	0.000000	0.000000
214.999293	__gene_B_rbs	146.000000	0.000000	0.000000
214.999293	__gene_C_rbs	138.000000	0.000000	0.000000
214.999293	__gene_D_rbs	134.000000	0.000000	0.000000
214.999293	__gene_E_rbs	130.000000	0.000000	0.000000
214.999293	__gene_F_rbs	88.000000	0.000000	0.000000
214.999293	__gene_G_rbs	54.000000	0.000000	0.000000
214.999293	__gene_H_rbs	34.000000	0.000000	0.000000
214.999293	__gene_J_rbs	122.000000	0.000000	0.000000
214.999293	__gene_K_rbs	140.000000	0.000000	0.000000
214.999293	__ribosome	0.000000	0.000000	0.000000
214.999293	bound_ecolipol	1878.000000	0.000000	0.000000
214.999293	bound_ribosome	100.000000	0.000000	0.000000
214.999293	ecoli_genome	122.000000	0.000000	0.000000
214.999293	ecoli_transcript	16379.000000	0.000000	0.000000
214.999293	ecolipol	50.000000	0.000000	0.000000
214.999293	gene_A	28.000000	11.000000	0.090909
214.999293	gene_A*	15.000000	11.000000	0.000000
214.999293	gene_B	274.000000	147.000000	0.074830
214.999293	gene_C	172.000000	138.000000	0.007246
214.999293	gene_D	166.000000	134.000000	0.074627
214.999293	gene_E	112.000000	130.000000	0.030769
214.999293	gene_F	51.000000	88.000000	0.238636
214.999293	gene_G	16.000000	54.000000	0.092593
214.999293	gene_H	0.000000	34.000000	0.235294
214.999293	gene_J	62.000000	123.000000	0.317073
214.999293	gene_K	180.000000	140.000000	0.000000
214.999293	promoter_A	1.000000	0.000000	0.000000
214.999293	promoter_B1	0.000000	0.000000	0.000000
214.999293	promoter_D	0.000000	0.000000	0.000000
219.999003	__gene_A*_rbs	11.000000	0.000000	0.000000
219.999003	__gene_A_rbs	11.000000	0.000000	0.000000
219.999003	__gene_B_rbs	151.000000	0.000000	0.000000
219.999003	__gene_C_rbs	142.000000	0.000000	0.000000
219.999003	__gene_D_rbs	137.000000	0.000000	0.000000
219.999003	__gene_E_rbs	133.000000	0.000000	0.000000
219.999003	__gene_F_rbs	91.000000	0.000000	0.000000
219.999003	__gene_G_rbs	56.000000	0.000000	0.000000
219.999003	__gene_H_rbs	36.000000	0.000000	0.000000
219.999003	__gene_J_rbs	125.000000	0.000000	0.000000
219.999003	__gene_K_rbs	143.000000	0.000000	0.000000
219.999003	__ribosome	0.000000	0.000000	0.000000
219.999003	bound_ecolipol	1886.000000	0.000000	0.000000
219.999003	bound_ribosome	100.000000	0.000000	0.000000
219.999003	ecoli_genome	114.000000	0.000000	0.000000
219.999003	ecoli_transcript	16778.000000	0.000000	0.000000
219.999003	ecolipol	42.000000	0.000000	0.000000
219.999003	gene_A	28.000000	11.000000	0.090909
219.999003	gene_A*	15.000000	11.000000	0.000000
219.999003	gene_B	276.000000	151.000000	0.072848
219.999003	gene_C	173.000000	142.000000	0.021127
219.999003	gene_D	170.000000	137.000000	0.065693
219.999003	gene_E	115.000000	133.000000	0.015038
219.999003	gene_F	53.000000	91.000000	0.219780
219.999003	gene_G	16.000000	56.000000	0.089286
219.999003	gene_H	0.000000	36.000000	0.222222
219.999003	gene_J	64.000000	127.000000	0.307087
219.999003	gene_K	180.000000	144.000000	0.013889
219.999003	promoter_A	1.000000	0.000000	0.000000
219.999003	promoter_B1	0.000000	0.000000	0.000000
219.999003	promoter_D	0.000000	0.000000	0.000000
224.999069	__gene_A*_rbs	11.000000	0.000000	0.000000
224.999069	__gene_A_rbs	11.000000	0.000000	0.000000
224.999069	__gene_B_rbs	155.000000	0.000000	0.000000
224.999069	__gene_C_rbs	144.000000	0.000000	0.000000
224.999069	__gene_D_rbs	141.000000	0.000000	0.000000
224.999069	__gene_E_rbs	137.000000	0.000000	0.000000
224.999069	__gene_F_rbs	93.000000	0.000000	0.000000
224.999069	__gene_G_rbs	59.000000	0.000000	0.000000
224.999069	__gene_H_rbs	37.000000	0.000000	0.000000
224.999069	__gene_J_rbs	131.000000	0.000000	0.000000
224.999069	__gene_K_rbs	145.000000	0.000000	0.000000
224.999069	__ribosome	0.000000	0.000000	0.000000
224.999069	bound_ecolipol	1884.000000	0.000000	0.000000
224.999069	bound_ribosome	100.000000	0.000000	0.000000
224.999069	ecoli_genome	116.000000	0.000000	0.000000
224.999069	ecoli_transcript	17148.000000	0.000000	0.000000
224.999069	ecolipol	45.000000	0.000000	0.000000
224.999069	gene_A	28.000000	11.000000	0.090909
224.999069	gene_A*	15.000000	11.000000	0.000000
224.999069	gene_B	283.000000	155.000000	0.038710
224.999069	gene_C	174.000000	145.000000	0.041379
224.999069	gene_D	174.000000	141.000000	0.049645
224.999069	gene_E	116.000000	137.000000	0.014599
224.999069	gene_F	54.000000	93.000000	0.225806
224.999069	gene_G	16.000000	59.000000	0.135593
224.999069	gene_H	0.000000	37.000000	0.216216
224.999069	gene_J	64.000000	131.000000	0.297710
224.999069	gene_K	182.000000	146.000000	0.013699
224.999069	promoter_A	1.000000	0.000000	0.000000
224.999069	promoter_B1	0.000000	0.000000	0.000000
224.999069	promoter_D	0.000000	0.000000	0.000000
229.999052	__gene_A*_rbs	11.000000	0.000000	0.000000
229.999052	__gene_A_rbs	11.000000	0.000000	0.000000
229.999052	__gene_B_rbs	159.000000	0.000000	0.000000
229.999052	__gene_C_rbs	146.000000	0.000000	0.000000
229.999052	__gene_D_rbs	144.000000	0.000000	0.000000
229.999052	__gene_E_rbs	141.000000	0.000000	0.000000
229.999052	__gene_F_rbs	95.000000	0.000000	0.000000
229.999052	__gene_G_rbs	60.000000	0.000000	0.000000
229.999052	__gene_H_rbs	39.000000	0.000000	0.000000
229.999052	__gene_J_rbs	134.000000	0.000000	0.000000
229.999052	__gene_K_rbs	149.000000	0.000000	0.000000
229.999052	__ribosome	0.000000	0.000000	0.000000
229.999052	bound_ecolipol	1881.000000	0.000000	0.000000
229.999052	bound_ribosome	100.000000	0.000000	0.000000
229.999052	ecoli_genome	119.000000	0.000000	0.000000
229.999052	ecoli_transcript	17539.000000	0.000000	0.000000
229.999052	ecolipol	47.000000	0.000000	0.000000
229.999052	gene_A	28.000000	11.000000	0.090909
229.999052	gene_A*	15.000000	11.000000	0.000000
229.999052	gene_B	287.000000	159.000000	0.025157
229.999052	gene_C	177.000000	148.000000	0.027027
229.999052	gene_D	176.000000	145.000000	0.062069
229.999052	gene_E	117.000000	141.000000	0.014184
229.999052	gene_F	56.000000	95.000000	0.200000
229.999052	gene_G	16.000000	60.000000	0.150000
229.999052	gene_H	0.000000	39.000000	0.205128
229.999052	gene_J	64.000000	134.000000	0.298507
229.999052	gene_K	184.000000	150.000000	0.026667
229.999052	promoter_A	1.000000	0.000000	0.000000
229.999052	promoter_B1	0.000000	0.000000	0.000000
229.999052	promoter_D	0.000000	0.000000	0.000000
234.999160	__gene_A*_rbs	11.000000	0.000000	0.000000
234.999160	__gene_A_rbs	11.000000	0.000000	0.000000
234.999160	__gene_B_rbs	163.000000	0.000000	0.000000
234.999160	__gene_C_rbs	150.000000	0.000000	0.000000
234.999160	__gene_D_rbs	149.000000	0.000000	0.000000
234.999160	__gene_E_rbs	144.000000	0.000000	0.000000
234.999160	__gene_F_rbs	98.000000	0.000000	0.000000
234.999160	__gene_G_rbs	63.000000	0.000000	0.000000
234.999160	__gene_H_rbs	41.000000	0.000000	0.000000
234.999160	__gene_J_rbs	137.000000	0.000000	0.000000
234.999160	__gene_K_rbs	154.000000	0.000000	0.000000
234.999160	__ribosome	0.000000	0.000000	0.000000
234.999160	bound_ecolipol	1881.000000	0.000000	0.000000
234.999160	bound_ribosome	100.000000	0.000000	0.000000
234.999160	ecoli_genome	119.000000	0.000000	0.000000
234.999160	ecoli_transcript	17945.000000	0.000000	0.000000
234.999160	ecolipol	47.000000	0.000000	0.000000
234.999160	gene_A	29.000000	11.000000	0.000000
234.999160	gene_A*	15.000000	11.000000	0.000000
234.999160	gene_B	289.000000	163.000000	0.024540
234.999160	gene_C	180.000000	152.000000	0.019737
234.999160	gene_D	179.000000	149.000000	0.046980
234.999160	gene_E	119.000000	144.000000	0.013889
234.999160	gene_F	59.000000	98.000000	0.173469
234.999160	gene_G	16.000000	63.000000	0.174603
234.999160	gene_H	0.000000	41.000000	0.195122
234.999160	gene_J	64.000000	138.000000	0.318841
234.999160	gene_K	187.000000	154.000000	0.025974
234.999160	promoter_A	1.000000	0.000000	0.000000
234.999160	promoter_B1	0.000000	0.000000	0.000000
234.999160	promoter_D	0.000000	0.000000	0.000000
239.999020	__gene_A*_rbs	11.000000	0.000000	0.000000
239.999020	__gene_A_rbs	11.000000	0.000000	0.000000
239.999020	__gene_B_rbs	165.000000	0.000000	0.000000
239.999020	__gene_C_rbs	156.000000	0.000000	0.000000
239.999020	__gene_D_rbs	152.000000	0.000000	0.000000
239.999020	__gene_E_rbs	148.000000	0.000000	0.000000
239.999020	__gene_F_rbs	102.000000	0.000000	0.000000
239.999020	__gene_G_rbs	66.000000	0.000000	0.000000
239.999020	__gene_H_rbs	43.000000	0.000000	0.000000
239.999020	__gene_J_rbs	141.000000	0.000000	0.000000
239.999020	__gene_K_rbs	157.000000	0.000000	0.000000
239.999020	__ribosome	0.000000	0.000000	0.000000
239.999020	bound_ecolipol	1895.000000	0.000000	0.000000
239.999020	bound_ribosome	100.000000	0.000000	0.000000
239.999020	ecoli_genome	105.000000	0.000000	0.000000
239.999020	ecoli_transcript	18310.000000	0.000000	0.000000
239.999020	ecolipol	33.000000	0.000000	0.000000
239.999020	gene_A	29.000000	11.000000	0.000000
239.999020	gene_A*	15.000000	11.000000	0.000000
239.999020	gene_B	291.000000	166.000000	0.036145
239.999020	gene_C	181.000000	156.000000	0.012821
239.999020	gene_D	181.000000	152.000000	0.032895
239.999020	gene_E	119.000000	148.000000	0.033784
239.999020	gene_F	60.000000	102.000000	0.176471
239.999020	gene_G	18.000000	66.000000	0.136364
239.999020	gene_H	0.000000	43.000000	0.186047
239.999020	gene_J	68.000000	142.000000	0.316901
239.999020	gene_K	191.000000	158.000000	0.012658
239.999020	promoter_A	1.000000	0.000000	0.000000
239.999020	promoter_B1	0.000000	0.000000	0.000000
239.999020	promoter_D	0.000000	0.000000	0.000000
244.999299	__gene_A*_rbs	11.000000	0.000000	0.000000
244.999299	__gene_A_rbs	11.000000	0.000000	0.000000
244.999299	__gene_B_rbs	169.000000	0.000000	0.000000
244.999299	__gene_C_rbs	160.000000	0.000000	0.000000
244.999299	__gene_D_rbs	156.000000	0.000000	0.000000
244.999299	__gene_E_rbs	151.000000	0.000000	0.000000
244.999299	__gene_F_rbs	105.000000	0.000000	0.000000
244.999299	__gene_G_rbs	67.000000	0.000000	0.000000
244.999299	__gene_H_rbs	45.000000	0.000000	0.000000
244.999299	__gene_J_rbs	144.000000	0.000000	0.000000
244.999299	__gene_K_rbs	161.000000	0.000000	0.000000
244.999299	__ribosome	0.000000	0.000000	0.000000
244.999299	bound_ecolipol	1890.000000	0.000000	0.000000
244.999299	bound_ribosome	100.000000	0.000000	0.000000
244.999299	ecoli_genome	110.000000	0.000000	0.000000
244.999299	ecoli_transcript	18686.000000	0.000000	0.000000
244.999299	ecolipol	36.000000	0.000000	0.000000
244.999299	gene_A	29.000000	11.000000	0.000000
244.999299	gene_A*	15.000000	11.000000	0.000000
244.999299	gene_B	293.000000	170.000000	0.041176
244.999299	gene_C	183.000000	160.000000	0.012500
244.999299	gene_D	184.000000	156.000000	0.019231
244.999299	gene_E	121.000000	151.000000	0.039735
244.999299	gene_F	62.000000	105.000000	0.152381
244.999299	gene_G	19.000000	67.000000	0.149254
244.999299	gene_H	0.000000	45.000000	0.244444
244.999299	gene_J	74.000000	145.000000	0.296552
244.999299	gene_K	192.000000	161.000000	0.012422
244.999299	promoter_A	1.000000	0.000000	0.000000
244.999299	promoter_B1	0.000000	0.000000	0.000000
244.999299	promoter_D	0.000000	0.000000	0.000000
249.999039	__gene_A*_rbs	11.000000	0.000000	0.000000
249.999039	__gene_A_rbs	11.000000	0.000000	0.000000
249.999039	__gene_B_rbs	174.000000	0.000000	0.000000
249.999039	__gene_C_rbs	162.000000	0.000000	0.000000
249.999039	__gene_D_rbs	159.000000	0.000000	0.000000
249.999039	__gene_E_rbs	155.000000	0.000000	0.000000
249.999039	__gene_F_rbs	109.000000	0.000000	0.000000
249.999039	__gene_G_rbs	67.000000	0.000000	0.000000
249.999039	__gene_H_rbs	47.000000	0.000000	0.000000
249.999039	__gene_J_rbs	149.000000	0.000000	0.000000
249.999039	__gene_K_rbs	164.000000	0.000000	0.000000
249.999039	__ribosome	0.000000	0.000000	0.000000
249.999039	bound_ecolipol	1880.000000	0.000000	0.000000
249.999039	bound_ribosome	100.000000	0.000000	0.000000
249.999039	ecoli_genome	120.000000	0.000000	0.000000
249.999039	ecoli_transcript	19089.000000	0.000000	0.000000
249.999039	ecolipol	45.000000	0.000000	0.000000
249.999039	gene_A	29.000000	11.000000	0.000000
249.999039	gene_A*	15.000000	11.000000	0.000000
249.999039	gene_B	294.000000	174.000000	0.045977
249.999039	gene_C	184.000000	163.000000	0.012270
249.999039	gene_D	186.000000	159.000000	0.018868
249.999039	gene_E	124.000000	155.000000	0.032258
249.999039	gene_F	65.000000	109.000000	0.128440
249.999039	gene_G	19.000000	68.000000	0.161765
249.999039	gene_H	0.000000	47.000000	0.234043
249.999039	gene_J	76.000000	149.000000	0.302013
249.999039	gene_K	194.000000	165.000000	0.006061
249.999039	promoter_A	1.000000	0.000000	0.000000
249.999039	promoter_B1	0.000000	0.000000	0.000000
249.999039	promoter_D	0.000000	0.000000	0.000000
254.999063	__gene_A*_rbs	11.000000	0.000000	0.000000
254.999063	__gene_A_rbs	11.000000	0.000000	0.000000
254.999063	__gene_B_rbs	177.000000	0.000000	0.000000
254.999063	__gene_C_rbs	166.000000	0.000000	0.000000
254.999063	__gene_D_rbs	163.000000	0.000000	0.000000
254.999063	__gene_E_rbs	159.000000	0.000000	0.000000
254.999063	__gene_F_rbs	111.000000	0.000000	0.000000
254.999063	__gene_G_rbs	71.000000	0.000000	0.000000
254.999063	__gene_H_rbs	51.000000	0.000000	0.000000
254.999063	__gene_J_rbs	153.000000	0.000000	0.000000
254.999063	__gene_K_rbs	168.000000	0.000000	0.000000
254.999063	__ribosome	0.000000	0.000000	0.000000
254.999063	bound_ecolipol	1877.000000	0.000000	0.000000
254.999063	bound_ribosome	100.000000	0.000000	0.000000
254.999063	ecoli_genome	123.000000	0.000000	0.000000
254.999063	ecoli_transcript	19459.000000	0.000000	0.000000
254.999063	ecolipol	44.000000	0.000000	0.000000
254.999063	gene_A	29.000000	11.000000	0.000000
254.999063	gene_A*	15.000000	11.000000	0.000000
254.999063	gene_B	297.000000	177.000000	0.039548
254.999063	gene_C	185.000000	167.000000	0.011976
254.999063	gene_D	186.000000	163.000000	0.030675
254.999063	gene_E	128.000000	159.000000	0.025157
254.999063	gene_F	70.000000	112.000000	0.107143
254.999063	gene_G	19.000000	71.000000	0.169014
254.999063	gene_H	0.000000	51.000000	0.254902
254.999063	gene_J	80.000000	153.000000	0.274510
254.999063	gene_K	195.000000	169.000000	0.017751
254.999063	promoter_A	1.000000	0.000000	0.000000
254.999063	promoter_B1	0.000000	0.000000	0.000000
254.999063	promoter_D	0.000000	0.000000	0.000000
259.999060	__gene_A*_rbs	11.000000	0.000000	0.000000
259.999060	__gene_A_rbs	12.000000	0.000000	0.000000
259.999060	__gene_B_rbs	181.000000	0.000000	0.000000
259.999060	__gene_C_rbs	171.000000	0.000000	0.000000
259.999060	__gene_D_rbs	167.000000	0.000000	0.000000
259.999060	__gene_E_rbs	162.000000	0.000000	0.000000
259.999060	__gene_F_rbs	114.000000	0.000000	0.000000
259.999060	__gene_G_rbs	74.000000	0.000000	0.000000
259.999060	__gene_H_rbs	52.000000	0.000000	0.000000
259.999060	__gene_J_rbs	155.000000	0.000000	0.000000
259.999060	__gene_K_rbs	173.000000	0.000000	0.000000
259.999060	__ribosome	0.000000	0.000000	0.000000
259.999060	bound_ecolipol	1879.000000	0.000000	0.000000
259.999060	bound_ribosome	100.000000	0.000000	0.000000
259.999060	ecoli_genome	121.000000	0.000000	0.000000
259.999060	ecoli_transcript	19843.000000	0.000000	0.000000
259.999060	ecolipol	42.000000	0.000000	0.000000
259.999060	gene_A	29.000000	12.000000	0.083333
259.999060	gene_A*	15.000000	11.000000	0.000000
259.999060	gene_B	301.000000	181.000000	0.016575
259.999060	gene_C	186.000000	171.000000	0.029240
259.999060	gene_D	187.000000	167.000000	0.035928
259.999060	gene_E	129.000000	162.000000	0.037037
259.999060	gene_F	73.000000	114.000000	0.078947
259.999060	gene_G	19.000000	74.000000	0.202703
259.999060	gene_H	0.000000	52.000000	0.250000
259.999060	gene_J	81.000000	156.000000	0.269231
259.999060	gene_K	198.000000	173.000000	0.000000
259.999060	promoter_A	1.000000	0.000000	0.000000
259.999060	promoter_B1	0.000000	0.000000	0.000000
259.999060	promoter_D	0.000000	0.000000	0.000000
264.999508	__gene_A*_rbs	11.000000	0.000000	0.000000
264.999508	__gene_A_rbs	12.000000	0.000000	0.000000
264.999508	__gene_B_rbs	184.000000	0.000000	0.000000
264.999508	__gene_C_rbs	174.000000	0.000000	0.000000
264.999508	__gene_D_rbs	169.000000	0.000000	0.000000
264.999508	__gene_E_rbs	166.000000	0.000000	0.000000
264.999508	__gene_F_rbs	117.000000	0.000000	0.000000
264.999508	__gene_G_rbs	76.000000	0.000000	0.000000
264.999508	__gene_H_rbs	53.000000	0.000000	0.000000
264.999508	__gene_J_rbs	158.000000	0.000000	0.000000
264.999508	__gene_K_rbs	176.000000	0.000000	0.000000
264.999508	__ribosome	0.000000	0.000000	0.000000
264.999508	bound_ecolipol	1881.000000	0.000000	0.000000
264.999508	bound_ribosome	100.000000	0.000000	0.000000
264.999508	ecoli_genome	119.000000	0.000000	0.000000
264.999508	ecoli_transcript	20206.000000	0.000000	0.000000
264.999508	ecolipol	41.000000	0.000000	0.000000
264.999508	gene_A	29.000000	12.000000	0.083333
264.999508	gene_A*	15.000000	11.000000	0.000000
264.999508	gene_B	304.000000	184.000000	0.016304
264.999508	gene_C	187.000000	174.000000	0.034483
264.999508	gene_D	188.000000	170.000000	0.047059
264.999508	gene_E	132.000000	166.000000	0.018072
264.999508	gene_F	75.000000	117.000000	0.059829
264.999508	gene_G	20.000000	76.000000	0.184211
264.999508	gene_H	0.000000	53.000000	0.245283
264.999508	gene_J	82.000000	160.000000	0.268750
264.999508	gene_K	198.000000	176.000000	0.011364
264.999508	promoter_A	1.000000	0.000000	0.000000
264.999508	promoter_B1	0.000000	0.000000	0.000000
264.999508	promoter_D	0.000000	0.000000	0.000000
269.999039	__gene_A*_rbs	11.000000	0.000000	0.000000
269.999039	__gene_A_rbs	12.000000	0.000000	0.000000
269.999039	__gene_B_rbs	188.000000	0.000000	0.000000
269.999039	__gene_C_rbs	176.000000	0.000000	0.000000
269.999039	__gene_D_rbs	173.000000	0.000000	0.000000
269.999039	__gene_E_rbs	168.000000	0.000000	0.000000
269.999039	__gene_F_rbs	118.000000	0.000000	0.000000
269.999039	__gene_G_rbs	77.000000	0.000000	0.000000
269.999039	__gene_H_rbs	54.000000	0.000000	0.000000
269.999039	__gene_J_rbs	163.000000	0.000000	0.000000
269.999039	__gene_K_rbs	180.000000	0.000000	0.000000
269.999039	__ribosome	0.000000	0.000000	0.000000
269.999039	bound_ecolipol	1871.000000	0.000000	0.000000
269.999039	bound_ribosome	100.000000	0.000000	0.000000
269.999039	ecoli_genome	129.000000	0.000000	0.000000
269.999039	ecoli_transcript	20611.000000	0.000000	0.000000
269.999039	ecolipol	54.000000	0.000000	0.000000
269.999039	gene_A	29.000000	12.000000	0.083333
269.999039	gene_A*	15.000000	11.000000	0.000000
269.999039	gene_B	304.000000	188.000000	0.031915
269.999039	gene_C	191.000000	178.000000	0.028090
269.999039	gene_D	191.000000	174.000000	0.034483
269.999039	gene_E	135.000000	170.000000	0.005882
269.999039	gene_F	75.000000	118.000000	0.059322
269.999039	gene_G	21.000000	77.000000	0.181818
269.999039	gene_H	0.000000	54.000000	0.240741
269.999039	gene_J	84.000000	164.000000	0.262195
269.999039	gene_K	199.000000	180.000000	0.022222
269.999039	promoter_A	1.000000	0.000000	0.000000
269.999039	promoter_B1	0.000000	0.000000	0.000000
269.999039	promoter_D	0.000000	0.000000	0.000000
274.999042	__gene_A*_rbs	12.000000	0.000000	0.000000
274.999042	__gene_A_rbs	12.000000	0.000000	0.000000
274.999042	__gene_B_rbs	192.000000	0.000000	0.000000
274.999042	__gene_C_rbs	181.000000	0.000000	0.000000
274.999042	__gene_D_rbs	178.000000	0.000000	0.000000
274.999042	__gene_E_rbs	174.000000	0.000000	0.000000
274.999042	__gene_F_rbs	122.000000	0.000000	0.000000
274.999042	__gene_G_rbs	79.000000	0.000000	0.000000
274.999042	__gene_H_rbs	56.000000	0.000000	0.000000
274.999042	__gene_J_rbs	167.000000	0.000000	0.000000
274.999042	__gene_K_rbs	183.000000	0.000000	0.000000
274.999042	__ribosome	0.000000	0.000000	0.000000
274.999042	bound_ecolipol	1877.000000	0.000000	0.000000
274.999042	bound_ribosome	100.000000	0.000000	0.000000
274.999042	ecoli_genome	123.000000	0.000000	0.000000
274.999042	ecoli_transcript	21006.000000	0.000000	0.000000
274.999042	ecolipol	45.000000	0.000000	0.000000
274.999042	gene_A	29.000000	12.000000	0.083333
274.999042	gene_A*	15.000000	12.000000	0.000000
274.999042	gene_B	306.000000	192.000000	0.026042
274.999042	gene_C	193.000000	181.000000	0.016575
274.999042	gene_D	193.000000	178.000000	0.028090
274.999042	gene_E	135.000000	174.000000	0.028736
274.999042	gene_F	75.000000	122.000000	0.065574
274.999042	gene_G	23.000000	79.000000	0.189873
274.999042	gene_H	0.000000	56.000000	0.250000
274.999042	gene_J	85.000000	167.000000	0.263473
274.999042	gene_K	203.000000	183.000000	0.000000
274.999042	promoter_A	1.000000	0.000000	0.000000
274.999042	promoter_B1	0.000000	0.000000	0.000000
274.999042	promoter_D	0.000000	0.000000	0.000000
279.999191	__gene_A*_rbs	12.000000	0.000000	0.000000
279.999191	__gene_A_rbs	12.000000	0.000000	0.000000
279.999191	__gene_B_rbs	196.000000	0.000000	0.000000
279.999191	__gene_C_rbs	184.000000	0.000000	0.000000
279.999191	__gene_D_rbs	181.000000	0.000000	0.000000
279.999191	__gene_E_rbs	176.000000	0.000000	0.000000
279.999191	__gene_F_rbs	125.000000	0.000000	0.000000
279.999191	__gene_G_rbs	82.000000	0.000000	0.000000
279.999191	__gene_H_rbs	58.000000	0.000000	0.000000
279.999191	__gene_J_rbs	171.000000	0.000000	0.000000
279.999191	__gene_K_rbs	187.000000	0.000000	0.000000
279.999191	__ribosome	0.000000	0.000000	0.000000
279.999191	bound_ecolipol	1885.000000	0.000000	0.000000
279.999191	bound_ribosome	100.000000	0.000000	0.000000
279.999191	ecoli_genome	115.000000	0.000000	0.000000
279.999191	ecoli_transcript	21331.000000	0.000000	0.000000
279.999191	ecolipol	38.000000	0.000000	0.000000
279.999191	gene_A	29.000000	12.000000	0.083333
279.999191	gene_A*	15.000000	12.000000	0.000000
279.999191	gene_B	308.000000	196.000000	0.020408
279.999191	gene_C	196.000000	185.000000	0.027027
279.999191	gene_D	196.000000	181.000000	0.011050
279.999191	gene_E	137.000000	177.000000	0.028249
279.999191	gene_F	77.000000	125.000000	0.064000
279.999191	gene_G	24.000000	82.000000	0.182927
279.999191	gene_H	0.000000	58.000000	0.241379
279.999191	gene_J	87.000000	171.000000	0.263158
279.999191	gene_K	203.000000	187.000000	0.005348
279.999191	promoter_A	1.000000	0.000000	0.000000
279.999191	promoter_B1	0.000000	0.000000	0.000000
279.999191	promoter_D	0.000000	0.000000	0.000000
284.999223	__gene_A*_rbs	12.000000	0.000000	0.000000
284.999223	__gene_A_rbs	12.000000	0.000000	0.000000
284.999223	__gene_B_rbs	200.000000	0.000000	0.000000
284.999223	__gene_C_rbs	189.000000	0.000000	0.000000
284.999223	__gene_D_rbs	185.000000	0.000000	0.000000
284.999223	__gene_E_rbs	180.000000	0.000000	0.000000
284.999223	__gene_F_rbs	129.000000	0.000000	0.000000
284.999223	__gene_G_rbs	84.000000	0.000000	0.000000
284.999223	__gene_H_rbs	58.000000	0.000000	0.000000
284.999223	__gene_J_rbs	175.000000	0.000000	0.000000
284.999223	__gene_K_rbs	191.000000	0.000000	0.000000
284.999223	__ribosome	0.000000	0.000000	0.000000
284.999223	bound_ecolipol	1886.000000	0.000000	0.000000
284.999223	bound_ribosome	100.000000	0.000000	0.000000
284.999223	ecoli_genome	114.000000	0.000000	0.000000
284.999223	ecoli_transcript	21730.000000	0.000000	0.000000
284.999223	ecolipol	44.000000	0.000000	0.000000
284.999223	gene_A	29.000000	12.000000	0.083333
284.999223	gene_A*	15.000000	12.000000	0.000000
284.999223	gene_B	311.000000	200.000000	0.005000
284.999223	gene_C	197.000000	189.000000	0.031746
284.999223	gene_D	197.000000	185.000000	0.005405
284.999223	gene_E	140.000000	181.000000	0.027624
284.999223	gene_F	78.000000	129.000000	0.077519
284.999223	gene_G	24.000000	84.000000	0.202381
284.999223	gene_H	0.000000	58.000000	0.241379
284.999223	gene_J	90.000000	175.000000	0.245714
284.999223	gene_K	204.000000	191.000000	0.010471
284.999223	promoter_A	1.000000	0.000000	0.000000
284.999223	promoter_B1	0.000000	0.000000	0.000000
284.999223	promoter_D	0.000000	0.000000	0.000000
289.999105	__gene_A*_rbs	12.000000	0.000000	0.000000
289.999105	__gene_A_rbs	12.000000	0.000000	0.000000
289.999105	__gene_B_rbs	202.000000	0.000000	0.000000
289.999105	__gene_C_rbs	193.000000	0.000000	0.000000
289.999105	__gene_D_rbs	188.000000	0.000000	0.000000
289.999105	__gene_E_rbs	184.000000	0.000000	0.000000
289.999105	__gene_F_rbs	130.000000	0.000000	0.000000
289.999105	__gene_G_rbs	86.000000	0.000000	0.000000
289.999105	__gene_H_rbs	60.000000	0.000000	0.000000
289.999105	__gene_J_rbs	179.000000	0.000000	0.000000
289.999105	__gene_K_rbs	194.000000	0.000000	0.000000
289.999105	__ribosome	0.000000	0.000000	0.000000
289.999105	bound_ecolipol	1874.000000	0.000000	0.000000
289.999105	bound_ribosome	100.000000	0.000000	0.000000
289.999105	ecoli_genome	126.000000	0.000000	0.000000
289.999105	ecoli_transcript	22105.000000	0.000000	0.000000
289.999105	ecolipol	55.000000	0.000000	0.000000
289.999105	gene_A	29.000000	12.000000	0.083333
289.999105	gene_A*	15.000000	12.000000	0.000000
289.999105	gene_B	312.000000	203.000000	0.014778
289.999105	gene_C	202.000000	193.000000	0.010363
289.999105	gene_D	198.000000	189.000000	0.005291
289.999105	gene_E	142.000000	184.000000	0.038043
289.999105	gene_F	79.000000	130.000000	0.084615
289.999105	gene_G	25.000000	86.000000	0.197674
289.999105	gene_H	0.000000	60.000000	0.250000
289.999105	gene_J	91.000000	179.000000	0.240223
289.999105	gene_K	206.000000	194.000000	0.000000
289.999105	promoter_A	1.000000	0.000000	0.000000
289.999105	promoter_B1	0.000000	0.000000	0.000000
289.999105	promoter_D	0.000000	0.000000	0.000000
294.999024	__gene_A*_rbs	12.000000	0.000000	0.000000
294.999024	__gene_A_rbs	12.000000	0.000000	0.000000
294.999024	__gene_B_rbs	205.000000	0.000000	0.000000
294.999024	__gene_C_rbs	196.000000	0.000000	0.000000
294.999024	__gene_D_rbs	192.000000	0.000000	0.000000
294.999024	__gene_E_rbs	188.000000	0.000000	0.000000
294.999024	__gene_F_rbs	133.000000	0.000000	0.000000
294.999024	__gene_G_rbs	88.000000	0.000000	0.000000
294.999024	__gene_H_rbs	62.000000	0.000000	0.000000
294.999024	__gene_J_rbs	182.000000	0.000000	0.000000
294.999024	__gene_K_rbs	198.000000	0.000000	0.000000
294.999024	__ribosome	0.000000	0.000000	0.000000
294.999024	bound_ecolipol	1883.000000	0.000000	0.000000
294.999024	bound_ribosome	100.000000	0.000000	0.000000
294.999024	ecoli_genome	117.000000	0.000000	0.000000
294.999024	ecoli_transcript	22483.000000	0.000000	0.000000
294.999024	ecolipol	46.000000	0.000000	0.000000
294.999024	gene_A	29.000000	12.000000	0.083333
294.999024	gene_A*	15.000000	12.000000	0.000000
294.999024	gene_B	312.000000	206.000000	0.019417
294.999024	gene_C	203.000000	196.000000	0.005102
294.999024	gene_D	198.000000	192.000000	0.010417
294.999024	gene_E	145.000000	188.000000	0.037234
294.999024	gene_F	79.000000	133.000000	0.082707
294.999024	gene_G	26.000000	88.000000	0.181818
294.999024	gene_H	0.000000	62.000000	0.241935
294.999024	gene_J	92.000000	182.000000	0.230769
294.999024	gene_K	206.000000	198.000000	0.005051
294.999024	promoter_A	1.000000	0.000000	0.000000
294.999024	promoter_B1	0.000000	0.000000	0.000000
294.999024	promoter_D	0.000000	0.000000	0.000000
299.999222	__gene_A*_rbs	12.000000	0.000000	0.000000
299.999222	__gene_A_rbs	12.000000	0.000000	0.000000
299.999222	__gene_B_rbs	210.000000	0.000000	0.000000
299.999222	__gene_C_rbs	199.000000	0.000000	0.000000
299.999222	__gene_D_rbs	196.000000	0.000000	0.000000
299.999222	__gene_E_rbs	191.000000	0.000000	0.000000
299.999222	__gene_F_rbs	136.000000	0.000000	0.000000
299.999222	__gene_G_rbs	91.000000	0.000000	0.000000
299.999222	__gene_H_rbs	63.000000	0.000000	0.000000
299.999222	__gene_J_rbs	185.000000	0.000000	0.000000
299.999222	__gene_K_rbs	202.000000	0.000000	0.000000
299.999222	__ribosome	0.000000	0.000000	0.000000
299.999222	bound_ecolipol	1887.000000	0.000000	0.000000
299.999222	bound_ribosome	100.000000	0.000000	0.000000
299.999222	ecoli_genome	113.000000	0.000000	0.000000
299.999222	ecoli_transcript	22867.000000	0.000000	0.000000
299.999222	ecolipol	43.000000	0.000000	0.000000
299.999222	gene_A	29.000000	12.000000	0.083333
299.999222	gene_A*	15.000000	12.000000	0.000000
299.999222	gene_B	313.000000	210.000000	0.028571
299.999222	gene_C	204.000000	200.000000	0.010000
299.999222	gene_D	198.000000	196.000000	0.020408
299.999222	gene_E	149.000000	192.000000	0.020833
299.999222	gene_F	82.000000	136.000000	0.058824
299.999222	gene_G	28.000000	91.000000	0.164835
299.999222	gene_H	0.000000	63.000000	0.238095
299.999222	gene_J	92.000000	185.000000	0.232432
299.999222	gene_K	207.000000	202.000000	0.009901
299.999222	promoter_A	1.000000	0.000000	0.000000
299.999222	promoter_B1	0.000000	0.000000	0.000000
299.999222	promoter_D	0.000000	0.000000	0.000000
304.999012	__gene_A*_rbs	12.000000	0.000000	0.000000
304.999012	__gene_A_rbs	12.000000	0.000000	0.000000
304.999012	__gene_B_rbs	213.000000	0.000000	0.000000
304.999012	__gene_C_rbs	202.000000	0.000000	0.000000
304.999012	__gene_D_rbs	199.000000	0.000000	0.000000
304.999012	__gene_E_rbs	195.000000	0.000000	0.000000
304.999012	__gene_F_rbs	137.000000	0.000000	0.000000
304.999012	__gene_G_rbs	93.000000	0.000000	0.000000
304.999012	__gene_H_rbs	65.000000	0.000000	0.000000
304.999012	__gene_J_rbs	189.000000	0.000000	0.000000
304.999012	__gene_K_rbs	205.000000	0.000000	0.000000
304.999012	__ribosome	0.000000	0.000000	0.000000
304.999012	bound_ecolipol	1890.000000	0.000000	0.000000
304.999012	bound_ribosome	100.000000	0.000000	0.000000
304.999012	ecoli_genome	110.000000	0.000000	0.000000
304.999012	ecoli_transcript	23229.000000	0.000000	0.000000
304.999012	ecolipol	39.000000	0.000000	0.000000
304.999012	gene_A	29.000000	12.000000	0.083333
304.999012	gene_A*	15.000000	12.000000	0.000000
304.999012	gene_B	315.000000	213.000000	0.018779
304.999012	gene_C	204.000000	204.000000	0.019608
304.999012	gene_D	199.000000	199.000000	0.015075
304.999012	gene_E	152.000000	195.000000	0.005128
304.999012	gene_F	82.000000	138.000000	0.065217
304.999012	gene_G	28.000000	93.000000	0.161290
304.999012	gene_H	0.000000	65.000000	0.261538
304.999012	gene_J	93.000000	189.000000	0.222222
304.999012	gene_K	208.000000	205.000000	0.019512
304.999012	promoter_A	1.000000	0.000000	0.000000
304.999012	promoter_B1	0.000000	0.000000	0.000000
304.999012	promoter_D	0.000000	0.000000	0.000000
309.999007	__gene_A*_rbs	12.000000	0.000000	0.000000
309.999007	__gene_A_rbs	13.000000	0.000000	0.000000
309.999007	__gene_B_rbs	216.000000	0.000000	0.000000
309.999007	__gene_C_rbs	207.000000	0.000000	0.000000
309.999007	__gene_D_rbs	203.000000	0.000000	0.000000
309.999007	__gene_E_rbs	198.000000	0.000000	0.000000
309.999007	__gene_F_rbs	141.000000	0.000000	0.000000
309.999007	__gene_G_rbs	95.000000	0.000000	0.000000
309.999007	__gene_H_rbs	66.000000	0.000000	0.000000
309.999007	__gene_J_rbs	192.000000	0.000000	0.000000
309.999007	__gene_K_rbs	209.000000	0.000000	0.000000
309.999007	__ribosome	0.000000	0.000000	0.000000
309.999007	bound_ecolipol	1889.000000	0.000000	0.000000
309.999007	bound_ribosome	100.000000	0.000000	0.000000
309.999007	ecoli_genome	111.000000	0.000000	0.000000
309.999007	ecoli_transcript	23632.000000	0.000000	0.000000
309.999007	ecolipol	39.000000	0.000000	0.000000
309.999007	gene_A	30.000000	13.000000	0.000000
309.999007	gene_A*	15.000000	12.000000	0.000000
309.999007	gene_B	319.000000	216.000000	0.018519
309.999007	gene_C	207.000000	207.000000	0.014493
309.999007	gene_D	200.000000	203.000000	0.019704
309.999007	gene_E	153.000000	198.000000	0.010101
309.999007	gene_F	82.000000	141.000000	0.070922
309.999007	gene_G	29.000000	95.000000	0.157895
309.999007	gene_H	0.000000	66.000000	0.257576
309.999007	gene_J	93.000000	192.000000	0.234375
309.999007	gene_K	212.000000	209.000000	0.000000
309.999007	promoter_A	1.000000	0.000000	0.000000
309.999007	promoter_B1	0.000000	0.000000	0.000000
309.999007	promoter_D	0.000000	0.000000	0.000000
314.999007	__gene_A*_rbs	12.000000	0.000000	0.000000
314.999007	__gene_A_rbs	13.000000	0.000000	0.000000
314.999007	__gene_B_rbs	220.000000	0.000000	0.000000
314.999007	__gene_C_rbs	210.000000	0.000000	0.000000
314.999007	__gene_D_rbs	207.000000	0.000000	0.000000
314.999007	__gene_E_rbs	202.000000	0.000000	0.000000
314.999007	__gene_F_rbs	144.000000	0.000000	0.000000
314.999007	__gene_G_rbs	99.000000	0.000000	0.000000
314.999007	__gene_H_rbs	67.000000	0.000000	0.000000
314.999007	__gene_J_rbs	196.000000	0.000000	0.000000
314.999007	__gene_K_rbs	212.000000	0.000000	0.000000
314.999007	__ribosome	0.000000	0.000000	0.000000
314.999007	bound_ecolipol	1880.000000	0.000000	0.000000
314.999007	bound_ribosome	100.000000	0.000000	0.000000
314.999007	ecoli_genome	120.000000	0.000000	0.000000
314.999007	ecoli_transcript	24026.000000	0.000000	0.000000
314.999007	ecolipol	47.000000	0.000000	0.000000
314.999007	gene_A	30.000000	13.000000	0.000000
314.999007	gene_A*	15.000000	12.000000	0.000000
314.999007	gene_B	319.000000	220.000000	0.022727
314.999007	gene_C	208.000000	210.000000	0.014286
314.999007	gene_D	202.000000	207.000000	0.014493
314.999007	gene_E	153.000000	202.000000	0.009901
314.999007	gene_F	83.000000	144.000000	0.062500
314.999007	gene_G	29.000000	99.000000	0.171717
314.999007	gene_H	0.000000	67.000000	0.268657
314.999007	gene_J	96.000000	196.000000	0.219388
314.999007	gene_K	212.000000	212.000000	0.000000
314.999007	promoter_A	1.000000	0.000000	0.000000
314.999007	promoter_B1	0.000000	0.000000	0.000000
314.999007	promoter_D	0.000000	0.000000	0.000000
319.999278	__gene_A*_rbs	12.000000	0.000000	0.000000
319.999278	__gene_A_rbs	13.000000	0.000000	0.000000
319.999278	__gene_B_rbs	224.000000	0.000000	0.000000
319.999278	__gene_C_rbs	214.000000	0.000000	0.000000
319.999278	__gene_D_rbs	211.000000	0.000000	0.000000
319.999278	__gene_E_rbs	204.000000	0.000000	0.000000
319.999278	__gene_F_rbs	146.000000	0.000000	0.000000
319.999278	__gene_G_rbs	101.000000	0.000000	0.000000
319.999278	__gene_H_rbs	70.000000	0.000000	0.000000
319.999278	__gene_J_rbs	200.000000	0.000000	0.000000
319.999278	__gene_K_rbs	214.000000	0.000000	0.000000
319.999278	__ribosome	0.000000	0.000000	0.000000
319.999278	bound_ecolipol	1880.000000	0.000000	0.000000
319.999278	bound_ribosome	100.000000	0.000000	0.000000
319.999278	ecoli_genome	120.000000	0.000000	0.000000
319.999278	ecoli_transcript	24387.000000	0.000000	0.000000
319.999278	ecolipol	47.000000	0.000000	0.000000
319.999278	gene_A	30.000000	13.000000	0.000000
319.999278	gene_A*	15.000000	12.000000	0.000000
319.999278	gene_B	322.000000	224.000000	0.008929
319.999278	gene_C	210.000000	214.000000	0.004673
319.999278	gene_D	202.000000	211.000000	0.028436
319.999278	gene_E	155.000000	206.000000	0.009709
319.999278	gene_F	84.000000	146.000000	0.054795
319.999278	gene_G	29.000000	101.000000	0.168317
319.999278	gene_H	0.000000	70.000000	0.257143
319.999278	gene_J	97.000000	200.000000	0.215000
319.999278	gene_K	212.000000	215.000000	0.013953
319.999278	promoter_A	1.000000	0.000000	0.000000
319.999278	promoter_B1	0.000000	0.000000	0.000000
319.999278	promoter_D	0.000000	0.000000	0.000000
324.999347	__gene_A*_rbs	13.000000	0.000000	0.000000
324.999347	__gene_A_rbs	13.000000	0.000000	0.000000
324.999347	__gene_B_rbs	227.000000	0.000000	0.000000
324.999347	__gene_C_rbs	215.000000	0.000000	0.000000
324.999347	__gene_D_rbs	213.000000	0.000000	0.000000
324.999347	__gene_E_rbs	210.000000	0.000000	0.000000
324.999347	__gene_F_rbs	150.000000	0.000000	0.000000
324.999347	__gene_G_rbs	101.000000	0.000000	0.000000
324.999347	__gene_H_rbs	72.000000	0.000000	0.000000
324.999347	__gene_J_rbs	202.000000	0.000000	0.000000
324.999347	__gene_K_rbs	219.000000	0.000000	0.000000
324.999347	__ribosome	0.000000	0.000000	0.000000
324.999347	bound_ecolipol	1882.000000	0.000000	0.000000
324.999347	bound_ribosome	100.000000	0.000000	0.000000
324.999347	ecoli_genome	118.000000	0.000000	0.000000
324.999347	ecoli_transcript	24788.000000	0.000000	0.000000
324.999347	ecolipol	44.000000	0.000000	0.000000
324.999347	gene_A	30.000000	13.000000	0.000000
324.999347	gene_A*	15.000000	13.000000	0.000000
324.999347	gene_B	324.000000	227.000000	0.008811
324.999347	gene_C	211.000000	217.000000	0.004608
324.999347	gene_D	204.000000	213.000000	0.023474
324.999347	gene_E	155.000000	210.000000	0.019048
324.999347	gene_F	85.000000	150.000000	0.053333
324.999347	gene_G	30.000000	101.000000	0.158416
324.999347	gene_H	0.000000	72.000000	0.250000
324.999347	gene_J	97.000000	203.000000	0.216749
324.999347	gene_K	214.000000	219.000000	0.009132
324.999347	promoter_A	1.000000	0.000000	0.000000
324.999347	promoter_B1	0.000000	0.000000	0.000000
324.999347	promoter_D	0.000000	0.000000	0.000000
329.999106	__gene_A*_rbs	13.000000	0.000000	0.000000
329.999106	__gene_A_rbs	14.000000	0.000000	0.000000
329.999106	__gene_B_rbs	231.000000	0.000000	0.000000
329.999106	__gene_C_rbs	220.000000	0.000000	0.000000
329.999106	__gene_D_rbs	217.000000	0.000000	0.000000
329.999106	__gene_E_rbs	212.000000	0.000000	0.000000
329.999106	__gene_F_rbs	151.000000	0.000000	0.000000
329.999106	__gene_G_rbs	104.000000	0.000000	0.000000
329.999106	__gene_H_rbs	74.000000	0.000000	0.000000
329.999106	__gene_J_rbs	207.000000	0.000000	0.000000
329.999106	__gene_K_rbs	223.000000	0.000000	0.000000
329.999106	__ribosome	0.000000	0.000000	0.000000
329.999106	bound_ecolipol	1879.000000	0.000000	0.000000
329.999106	bound_ribosome	100.000000	0.000000	0.000000
329.999106	ecoli_genome	121.000000	0.000000	0.000000
329.999106	ecoli_transcript	25152.000000	0.000000	0.000000
329.999106	ecolipol	48.000000	0.000000	0.000000
329.999106	gene_A	30.000000	14.000000	0.000000
329.999106	gene_A*	15.000000	13.000000	0.000000
329.999106	gene_B	324.000000	231.000000	0.012987
329.999106	gene_C	211.000000	220.000000	0.013636
329.999106	gene_D	205.000000	217.000000	0.018433
329.999106	gene_E	157.000000	213.000000	0.018779
329.999106	gene_F	88.000000	151.000000	0.039735
329.999106	gene_G	30.000000	104.000000	0.182692
329.999106	gene_H	0.000000	74.000000	0.243243
329.999106	gene_J	98.000000	207.000000	0.207729
329.999106	gene_K	216.000000	223.000000	0.000000
329.999106	promoter_A	0.000000	0.000000	0.000000
329.999106	promoter_B1	0.000000	0.000000	0.000000
329.999106	promoter_D	0.000000	0.000000	0.000000
334.999295	__gene_A*_rbs	13.000000	0.000000	0.000000
334.999295	__gene_A_rbs	14.000000	0.000000	0.000000
334.999295	__gene_B_rbs	235.000000	0.000000	0.000000
334.999295	__gene_C_rbs	224.000000	0.000000	0.000000
334.999295	__gene_D_rbs	220.000000	0.000000	0.000000
334.999295	__gene_E_rbs	217.000000	0.000000	0.000000
334.999295	__gene_F_rbs	154.000000	0.000000	0.000000
334.999295	__gene_G_rbs	106.000000	0.000000	0.000000
334.999295	__gene_H_rbs	74.000000	0.000000	0.000000
334.999295	__gene_J_rbs	210.000000	0.000000	0.000000
334.999295	__gene_K_rbs	226.000000	0.000000	0.000000
334.999295	__ribosome	0.000000	0.000000	0.000000
334.999295	bound_ecolipol	1888.000000	0.000000	0.000000
334.999295	bound_ribosome	100.000000	0.000000	0.000000
334.999295	ecoli_genome	112.000000	0.000000	0.000000
334.999295	ecoli_transcript	25512.000000	0.000000	0.000000
334.999295	ecolipol	39.000000	0.000000	0.000000
334.999295	gene_A	30.000000	14.000000	0.000000
334.999295	gene_A*	15.000000	13.000000	0.000000
334.999295	gene_B	325.000000	235.000000	0.012766
334.999295	gene_C	213.000000	224.000000	0.004464
334.999295	gene_D	208.000000	221.000000	0.013575
334.999295	gene_E	159.000000	217.000000	0.027650
334.999295	gene_F	90.000000	154.000000	0.032468
334.999295	gene_G	32.000000	106.000000	0.160377
334.999295	gene_H	0.000000	75.000000	0.266667
334.999295	gene_J	98.000000	210.000000	0.204762
334.999295	gene_K	216.000000	226.000000	0.008850
334.999295	promoter_A	1.000000	0.000000	0.000000
334.999295	promoter_B1	0.000000	0.000000	0.000000
334.999295	promoter_D	0.000000	0.000000	0.000000
339.999088	__gene_A*_rbs	13.000000	0.000000	0.000000
339.999088	__gene_A_rbs	14.000000	0.000000	0.000000
339.999088	__gene_B_rbs	238.000000	0.000000	0.000000
339.999088	__gene_C_rbs	228.000000	0.000000	0.000000
339.999088	__gene_D_rbs	223.000000	0.000000	0.000000
339.999088	__gene_E_rbs	220.000000	0.000000	0.000000
339.999088	__gene_F_rbs	157.000000	0.000000	0.000000
339.999088	__gene_G_rbs	108.000000	0.000000	0.000000
339.999088	__gene_H_rbs	76.000000	0.000000	0.000000
339.999088	__gene_J_rbs	214.000000	0.000000	0.000000
339.999088	__gene_K_rbs	230.000000	0.000000	0.000000
339.999088	__ribosome	0.000000	0.000000	0.000000
339.999088	bound_ecolipol	1887.000000	0.000000	0.000000
339.999088	bound_ribosome	100.000000	0.000000	0.000000
339.999088	ecoli_genome	113.000000	0.000000	0.000000
339.999088	ecoli_transcript	25911.000000	0.000000	0.000000
339.999088	ecolipol	41.000000	0.000000	0.000000
339.999088	gene_A	30.000000	14.000000	0.000000
339.999088	gene_A*	15.000000	13.000000	0.000000
339.999088	gene_B	327.000000	238.000000	0.008403
339.999088	gene_C	214.000000	228.000000	0.004386
339.999088	gene_D	209.000000	224.000000	0.022321
339.999088	gene_E	162.000000	220.000000	0.013636
339.999088	gene_F	90.000000	157.000000	0.031847
339.999088	gene_G	32.000000	108.000000	0.166667
339.999088	gene_H	0.000000	76.000000	0.276316
339.999088	gene_J	98.000000	214.000000	0.210280
339.999088	gene_K	218.000000	230.000000	0.000000
339.999088	promoter_A	1.000000	0.000000	0.000000
339.999088	promoter_B1	0.000000	0.000000	0.000000
339.999088	promoter_D	0.000000	0.000000	0.000000
344.999187	__gene_A*_rbs	14.000000	0.000000	0.000000
344.999187	__gene_A_rbs	14.000000	0.000000	0.000000
344.999187	__gene_B_rbs	242.000000	0.000000	0.000000
344.999187	__gene_C_rbs	231.000000	0.000000	0.000000
344.999187	__gene_D_rbs	228.000000	0.000000	0.000000
344.999187	__gene_E_rbs	222.000000	0.000000	0.000000
344.999187	__gene_F_rbs	160.000000	0.000000	0.000000
344.999187	__gene_G_rbs	109.000000	0.000000	0.000000
344.999187	__gene_H_rbs	78.000000	0.000000	0.000000
344.999187	__gene_J_rbs	217.000000	0.000000	0.000000
344.999187	__gene_K_rbs	234.000000	0.000000	0.000000
344.999187	__ribosome	0.000000	0.000000	0.000000
344.999187	bound_ecolipol	1891.000000	0.000000	0.000000
344.999187	bound_ribosome	100.000000	0.000000	0.000000
344.999187	ecoli_genome	109.000000	0.000000	0.000000
344.999187	ecoli_transcript	26285.000000	0.000000	0.000000
344.999187	ecolipol	37.000000	0.000000	0.000000
344.999187	gene_A	30.000000	14.000000	0.000000
344.999187	gene_A*	15.000000	14.000000	0.000000
344.999187	gene_B	328.000000	242.000000	0.012397
344.999187	gene_C	215.000000	231.000000	0.000000
344.999187	gene_D	209.000000	228.000000	0.026316
344.999187	gene_E	165.000000	224.000000	0.004464
344.999187	gene_F	90.000000	160.000000	0.031250
344.999187	gene_G	32.000000	109.000000	0.165138
344.999187	gene_H	0.000000	78.000000	0.269231
344.999187	gene_J	99.000000	218.000000	0.206422
344.999187	gene_K	218.000000	234.000000	0.004274
344.999187	promoter_A	1.000000	0.000000	0.000000
344.999187	promoter_B1	0.000000	0.000000	0.000000
344.999187	promoter_D	0.000000	0.000000	0.000000
349.999197	__gene_A*_rbs	14.000000	0.000000	0.000000
349.999197	__gene_A_rbs	14.000000	0.000000	0.000000
349.999197	__gene_B_rbs	245.000000	0.000000	0.000000
349.999197	__gene_C_rbs	236.000000	0.000000	0.000000
349.999197	__gene_D_rbs	231.000000	0.000000	0.000000
349.999197	__gene_E_rbs	227.000000	0.000000	0.000000
349.999197	__gene_F_rbs	163.000000	0.000000	0.000000
349.999197	__gene_G_rbs	113.000000	0.000000	0.000000
349.999197	__gene_H_rbs	79.000000	0.000000	0.000000
349.999197	__gene_J_rbs	221.000000	0.000000	0.000000
349.999197	__gene_K_rbs	237.000000	0.000000	0.000000
349.999197	__ribosome	0.000000	0.000000	0.000000
349.999197	bound_ecolipol	1885.000000	0.000000	0.000000
349.999197	bound_ribosome	100.000000	0.000000	0.000000
349.999197	ecoli_genome	115.000000	0.000000	0.000000
349.999197	ecoli_transcript	26655.000000	0.000000	0.000000
349.999197	ecolipol	45.000000	0.000000	0.000000
349.999197	gene_A	30.000000	14.000000	0.000000
349.999197	gene_A*	15.000000	14.000000	0.000000
349.999197	gene_B	329.000000	245.000000	0.008163
349.999197	gene_C	215.000000	236.000000	0.000000
349.999197	gene_D	210.000000	231.000000	0.025974
349.999197	gene_E	165.000000	227.000000	0.004405
349.999197	gene_F	91.000000	163.000000	0.030675
349.999197	gene_G	33.000000	113.000000	0.168142
349.999197	gene_H	0.000000	79.000000	0.265823
349.999197	gene_J	100.000000	221.000000	0.208145
349.999197	gene_K	219.000000	237.000000	0.000000
349.999197	promoter_A	1.000000	0.000000	0.000000
349.999197	promoter_B1	0.000000	0.000000	0.000000
349.999197	promoter_D	0.000000	0.000000	0.000000
354.999104	__gene_A*_rbs	14.000000	0.000000	0.000000
354.999104	__gene_A_rbs	14.000000	0.000000	0.000000
354.999104	__gene_B_rbs	249.000000	0.000000	0.000000
354.999104	__gene_C_rbs	239.000000	0.000000	0.000000
354.999104	__gene_D_rbs	235.000000	0.000000	0.000000
354.999104	__gene_E_rbs	230.000000	0.000000	0.000000
354.999104	__gene_F_rbs	165.000000	0.000000	0.000000
354.999104	__gene_G_rbs	113.000000	0.000000	0.000000
354.999104	__gene_H_rbs	80.000000	0.000000	0.000000
354.999104	__gene_J_rbs	224.000000	0.000000	0.000000
354.999104	__gene_K_rbs	241.000000	0.000000	0.000000
354.999104	__ribosome	0.000000	0.000000	0.000000
354.999104	bound_ecolipol	1889.000000	0.000000	0.000000
354.999104	bound_ribosome	100.000000	0.000000	0.000000
354.999104	ecoli_genome	111.000000	0.000000	0.000000
354.999104	ecoli_transcript	27028.000000	0.000000	0.000000
354.999104	ecolipol	44.000000	0.000000	0.000000
354.999104	gene_A	30.000000	14.000000	0.000000
354.999104	gene_A*	15.000000	14.000000	0.000000
354.999104	gene_B	330.000000	249.000000	0.016064
354.999104	gene_C	215.000000	239.000000	0.000000
354.999104	gene_D	212.000000	235.000000	0.025532
354.999104	gene_E	166.000000	231.000000	0.008658
354.999104	gene_F	92.000000	165.000000	0.024242
354.999104	gene_G	34.000000	113.000000	0.159292
354.999104	gene_H	0.000000	80.000000	0.262500
354.999104	gene_J	101.000000	225.000000	0.200000
354.999104	gene_K	219.000000	241.000000	0.000000
354.999104	promoter_A	1.000000	0.000000	0.000000
354.999104	promoter_B1	0.000000	0.000000	0.000000
354.999104	promoter_D	0.000000	0.000000	0.000000
359.999047	__gene_A*_rbs	14.000000	0.000000	0.000000
359.999047	__gene_A_rbs	14.000000	0.000000	0.000000
359.999047	__gene_B_rbs	252.000000	0.000000	0.000000
359.999047	__gene_C_rbs	242.000000	0.000000	0.000000
359.999047	__gene_D_rbs	238.000000	0.000000	0.000000
359.999047	__gene_E_rbs	234.000000	0.000000	0.000000
359.999047	__gene_F_rbs	167.000000	0.000000	0.000000
359.999047	__gene_G_rbs	115.000000	0.000000	0.000000
359.999047	__gene_H_rbs	81.000000	0.000000	0.000000
359.999047	__gene_J_rbs	228.000000	0.000000	0.000000
359.999047	__gene_K_rbs	245.000000	0.000000	0.000000
359.999047	__ribosome	0.000000	0.000000	0.000000
359.999047	bound_ecolipol	1887.000000	0.000000	0.000000
359.999047	bound_ribosome	100.000000	0.000000	0.000000
359.999047	ecoli_genome	113.000000	0.000000	0.000000
359.999047	ecoli_transcript	27411.000000	0.000000	0.000000
359.999047	ecolipol	45.000000	0.000000	0.000000
359.999047	gene_A	30.000000	14.000000	0.000000
359.999047	gene_A*	15.000000	14.000000	0.000000
359.999047	gene_B	331.000000	252.000000	0.011905
359.999047	gene_C	215.000000	243.000000	0.000000
359.999047	gene_D	215.000000	238.000000	0.016807
359.999047	gene_E	166.000000	234.000000	0.008547
359.999047	gene_F	92.000000	167.000000	0.023952
359.999047	gene_G	34.000000	115.000000	0.156522
359.999047	gene_H	0.000000	81.000000	0.259259
359.999047	gene_J	101.000000	228.000000	0.201754
359.999047	gene_K	219.000000	245.000000	0.008163
359.999047	promoter_A	1.000000	0.000000	0.000000
359.999047	promoter_B1	0.000000	0.000000	0.000000
359.999047	promoter_D	0.000000	0.000000	0.000000
364.999499	__gene_A*_rbs	14.000000	0.000000	0.000000
364.999499	__gene_A_rbs	14.000000	0.000000	0.000000
364.999499	__gene_B_rbs	256.000000	0.000000	0.000000
364.999499	__gene_C_rbs	246.000000	0.000000	0.000000
364.999499	__gene_D_rbs	242.000000	0.000000	0.000000
364.999499	__gene_E_rbs	238.000000	0.000000	0.000000
364.999499	__gene_F_rbs	169.000000	0.000000	0.000000
364.999499	__gene_G_rbs	118.000000	0.000000	0.000000
364.999499	__gene_H_rbs	83.000000	0.000000	0.000000
364.999499	__gene_J_rbs	232.000000	0.000000	0.000000
364.999499	__gene_K_rbs	247.000000	0.000000	0.000000
364.999499	__ribosome	0.000000	0.000000	0.000000
364.999499	bound_ecolipol	1886.000000	0.000000	0.000000
364.999499	bound_ribosome	100.000000	0.000000	0.000000
364.999499	ecoli_genome	114.000000	0.000000	0.000000
364.999499	ecoli_transcript	27790.000000	0.000000	0.000000
364.999499	ecolipol	45.000000	0.000000	0.000000
364.999499	gene_A	30.000000	14.000000	0.000000
364.999499	gene_A*	15.000000	14.000000	0.000000
364.999499	gene_B	333.000000	256.000000	0.007812
364.999499	gene_C	215.000000	246.000000	0.000000
364.999499	gene_D	216.000000	242.000000	0.012397
364.999499	gene_E	168.000000	238.000000	0.008403
364.999499	gene_F	93.000000	170.000000	0.029412
364.999499	gene_G	34.000000	118.000000	0.152542
364.999499	gene_H	0.000000	84.000000	0.261905
364.999499	gene_J	102.000000	232.000000	0.202586
364.999499	gene_K	221.000000	248.000000	0.004032
364.999499	promoter_A	1.000000	0.000000	0.000000
364.999499	promoter_B1	0.000000	0.000000	0.000000
364.999499	promoter_D	0.000000	0.000000	0.000000
369.999076	__gene_A*_rbs	14.000000	0.000000	0.000000
369.999076	__gene_A_rbs	15.000000	0.000000	0.000000
369.999076	__gene_B_rbs	259.000000	0.000000	0.000000
369.999076	__gene_C_rbs	249.000000	0.000000	0.000000
369.999076	__gene_D_rbs	246.000000	0.000000	0.000000
369.999076	__gene_E_rbs	241.000000	0.000000	0.000000
369.999076	__gene_F_rbs	172.000000	0.000000	0.000000
369.999076	__gene_G_rbs	120.000000	0.000000	0.000000
369.999076	__gene_H_rbs	85.000000	0.000000	0.000000
369.999076	__gene_J_rbs	235.000000	0.000000	0.000000
369.999076	__gene_K_rbs	251.000000	0.000000	0.000000
369.999076	__ribosome	0.000000	0.000000	0.000000
369.999076	bound_ecolipol	1880.000000	0.000000	0.000000
369.999076	bound_ribosome	100.000000	0.000000	0.000000
369.999076	ecoli_genome	120.000000	0.000000	0.000000
369.999076	ecoli_transcript	28186.000000	0.000000	0.000000
369.999076	ecolipol	47.000000	0.000000	0.000000
369.999076	gene_A	30.000000	15.000000	0.000000
369.999076	gene_A*	15.000000	14.000000	0.000000
369.999076	gene_B	334.000000	259.000000	0.011583
369.999076	gene_C	215.000000	249.000000	0.000000
369.999076	gene_D	218.000000	246.000000	0.008130
369.999076	gene_E	168.000000	241.000000	0.016598
369.999076	gene_F	94.000000	172.000000	0.023256
369.999076	gene_G	35.000000	120.000000	0.141667
369.999076	gene_H	0.000000	85.000000	0.258824
369.999076	gene_J	102.000000	235.000000	0.200000
369.999076	gene_K	221.000000	251.000000	0.003984
369.999076	promoter_A	1.000000	0.000000	0.000000
369.999076	promoter_B1	0.000000	0.000000	0.000000
369.999076	promoter_D	0.000000	0.000000	0.000000
374.999680	__gene_A*_rbs	14.000000	0.000000	0.000000
374.999680	__gene_A_rbs	15.000000	0.000000	0.000000
374.999680	__gene_B_rbs	263.000000	0.000000	0.000000
374.999680	__gene_C_rbs	253.000000	0.000000	0.000000
374.999680	__gene_D_rbs	250.000000	0.000000	0.000000
374.999680	__gene_E_rbs	245.000000	0.000000	0.000000
374.999680	__gene_F_rbs	175.000000	0.000000	0.000000
374.999680	__gene_G_rbs	123.000000	0.000000	0.000000
374.999680	__gene_H_rbs	87.000000	0.000000	0.000000
374.999680	__gene_J_rbs	239.000000	0.000000	0.000000
374.999680	__gene_K_rbs	254.000000	0.000000	0.000000
374.999680	__ribosome	0.000000	0.000000	0.000000
374.999680	bound_ecolipol	1881.000000	0.000000	0.000000
374.999680	bound_ribosome	100.000000	0.000000	0.000000
374.999680	ecoli_genome	119.000000	0.000000	0.000000
374.999680	ecoli_transcript	28583.000000	0.000000	0.000000
374.999680	ecolipol	45.000000	0.000000	0.000000
374.999680	gene_A	30.000000	15.000000	0.000000
374.999680	gene_A*	15.000000	14.000000	0.000000
374.999680	gene_B	335.000000	263.000000	0.015209
374.999680	gene_C	215.000000	253.000000	0.003953
374.999680	gene_D	219.000000	250.000000	0.004000
374.999680	gene_E	171.000000	245.000000	0.004082
374.999680	gene_F	94.000000	175.000000	0.022857
374.999680	gene_G	35.000000	123.000000	0.146341
374.999680	gene_H	0.000000	87.000000	0.252874
374.999680	gene_J	102.000000	239.000000	0.196653
374.999680	gene_K	222.000000	255.000000	0.007843
374.999680	promoter_A	1.000000	0.000000	0.000000
374.999680	promoter_B1	0.000000	0.000000	0.000000
374.999680	promoter_D	0.000000	0.000000	0.000000
379.999597	__gene_A*_rbs	14.000000	0.000000	0.000000
379.999597	__gene_A_rbs	15.000000	0.000000	0.000000
379.999597	__gene_B_rbs	267.000000	0.000000	0.000000
379.999597	__gene_C_rbs	257.000000	0.000000	0.000000
379.999597	__gene_D_rbs	253.000000	0.000000	0.000000
379.999597	__gene_E_rbs	248.000000	0.000000	0.000000
379.999597	__gene_F_rbs	178.000000	0.000000	0.000000
379.999597	__gene_G_rbs	124.000000	0.000000	0.000000
379.999597	__gene_H_rbs	87.000000	0.000000	0.000000
379.999597	__gene_J_rbs	242.000000	0.000000	0.000000
379.999597	__gene_K_rbs	258.000000	0.000000	0.000000
379.999597	__ribosome	0.000000	0.000000	0.000000
379.999597	bound_ecolipol	1882.000000	0.000000	0.000000
379.999597	bound_ribosome	100.000000	0.000000	0.000000
379.999597	ecoli_genome	118.000000	0.000000	0.000000
379.999597	ecoli_transcript	28972.000000	0.000000	0.000000
379.999597	ecolipol	47.000000	0.000000	0.000000
379.999597	gene_A	30.000000	15.000000	0.000000
379.999597	gene_A*	15.000000	14.000000	0.000000
379.999597	gene_B	336.000000	267.000000	0.011236
379.999597	gene_C	215.000000	257.000000	0.007782
379.999597	gene_D	219.000000	253.000000	0.003953
379.999597	gene_E	172.000000	249.000000	0.008032
379.999597	gene_F	95.000000	178.000000	0.016854
379.999597	gene_G	35.000000	124.000000	0.153226
379.999597	gene_H	0.000000	87.000000	0.252874
379.999597	gene_J	102.000000	242.000000	0.194215
379.999597	gene_K	223.000000	258.000000	0.003876
379.999597	promoter_A	1.000000	0.000000	0.000000
379.999597	promoter_B1	0.000000	0.000000	0.000000
379.999597	promoter_D	0.000000	0.000000	0.000000
384.999141	__gene_A*_rbs	15.000000	0.000000	0.000000
384.999141	__gene_A_rbs	15.000000	0.000000	0.000000
384.999141	__gene_B_rbs	270.000000	0.000000	0.000000
384.999141	__gene_C_rbs	261.000000	0.000000	0.000000
384.999141	__gene_D_rbs	256.000000	0.000000	0.000000
384.999141	__gene_E_rbs	252.000000	0.000000	0.000000
384.999141	__gene_F_rbs	180.000000	0.000000	0.000000
384.999141	__gene_G_rbs	126.000000	0.000000	0.000000
384.999141	__gene_H_rbs	89.000000	0.000000	0.000000
384.999141	__gene_J_rbs	246.000000	0.000000	0.000000
384.999141	__gene_K_rbs	262.000000	0.000000	0.000000
384.999141	__ribosome	0.000000	0.000000	0.000000
384.999141	bound_ecolipol	1874.000000	0.000000	0.000000
384.999141	bound_ribosome	100.000000	0.000000	0.000000
384.999141	ecoli_genome	126.000000	0.000000	0.000000
384.999141	ecoli_transcript	29381.000000	0.000000	0.000000
384.999141	ecolipol	54.000000	0.000000	0.000000
384.999141	gene_A	30.000000	15.000000	0.000000
384.999141	gene_A*	15.000000	15.000000	0.000000
384.999141	gene_B	337.000000	270.000000	0.014815
384.999141	gene_C	216.000000	261.000000	0.003831
384.999141	gene_D	220.000000	257.000000	0.000000
384.999141	gene_E	172.000000	252.000000	0.011905
384.999141	gene_F	95.000000	180.000000	0.016667
384.999141	gene_G	35.000000	126.000000	0.150794
384.999141	gene_H	0.000000	89.000000	0.247191
384.999141	gene_J	102.000000	246.000000	0.195122
384.999141	gene_K	224.000000	262.000000	0.000000
384.999141	promoter_A	1.000000	0.000000	0.000000
384.999141	promoter_B1	0.000000	0.000000	0.000000
384.999141	promoter_D	0.000000	0.000000	0.000000
389.999093	__gene_A*_rbs	15.000000	0.000000	0.000000
389.999093	__gene_A_rbs	15.000000	0.000000	0.000000
389.999093	__gene_B_rbs	273.000000	0.000000	0.000000
389.999093	__gene_C_rbs	264.000000	0.000000	0.000000
389.999093	__gene_D_rbs	260.000000	0.000000	0.000000
389.999093	__gene_E_rbs	256.000000	0.000000	0.000000
389.999093	__gene_F_rbs	183.000000	0.000000	0.000000
389.999093	__gene_G_rbs	129.000000	0.000000	0.000000
389.999093	__gene_H_rbs	90.000000	0.000000	0.000000
389.999093	__gene_J_rbs	249.000000	0.000000	0.000000
389.999093	__gene_K_rbs	265.000000	0.000000	0.000000
389.999093	__ribosome	0.000000	0.000000	0.000000
389.999093	bound_ecolipol	1886.000000	0.000000	0.000000
389.999093	bound_ribosome	100.000000	0.000000	0.000000
389.999093	ecoli_genome	114.000000	0.000000	0.000000
389.999093	ecoli_transcript	29734.000000	0.000000	0.000000
389.999093	ecolipol	43.000000	0.000000	0.000000
389.999093	gene_A	30.000000	15.000000	0.000000
389.999093	gene_A*	15.000000	15.000000	0.066667
389.999093	gene_B	339.000000	273.000000	0.007326
389.999093	gene_C	217.000000	264.000000	0.007576
389.999093	gene_D	220.000000	260.000000	0.003846
389.999093	gene_E	174.000000	256.000000	0.007812
389.999093	gene_F	95.000000	183.000000	0.021858
389.999093	gene_G	36.000000	129.000000	0.139535
389.999093	gene_H	0.000000	90.000000	0.244444
389.999093	gene_J	104.000000	249.000000	0.188755
389.999093	gene_K	224.000000	265.000000	0.003774
389.999093	promoter_A	1.000000	0.000000	0.000000
389.999093	promoter_B1	0.000000	0.000000	0.000000
389.999093	promoter_D	0.000000	0.000000	0.000000
394.999560	__gene_A*_rbs	15.000000	0.000000	0.000000
394.999560	__gene_A_rbs	15.000000	0.000000	0.000000
394.999560	__gene_B_rbs	277.000000	0.000000	0.000000
394.999560	__gene_C_rbs	267.000000	0.000000	0.000000
394.999560	__gene_D_rbs	263.000000	0.000000	0.000000
394.999560	__gene_E_rbs	259.000000	0.000000	0.000000
394.999560	__gene_F_rbs	185.000000	0.000000	0.000000
394.999560	__gene_G_rbs	131.000000	0.000000	0.000000
394.999560	__gene_H_rbs	91.000000	0.000000	0.000000
394.999560	__gene_J_rbs	253.000000	0.000000	0.000000
394.999560	__gene_K_rbs	269.000000	0.000000	0.000000
394.999560	__ribosome	0.000000	0.000000	0.000000
394.999560	bound_ecolipol	1886.000000	0.000000	0.000000
394.999560	bound_ribosome	100.000000	0.000000	0.000000
394.999560	ecoli_genome	114.000000	0.000000	0.000000
394.999560	ecoli_transcript	30089.000000	0.000000	0.000000
394.999560	ecolipol	45.000000	0.000000	0.000000
394.999560	gene_A	30.000000	15.000000	0.000000
394.999560	gene_A*	15.000000	15.000000	0.066667
394.999560	gene_B	341.000000	277.000000	0.010830
394.999560	gene_C	218.000000	267.000000	0.003745
394.999560	gene_D	220.000000	264.000000	0.003788
394.999560	gene_E	176.000000	260.000000	0.007692
394.999560	gene_F	96.000000	185.000000	0.027027
394.999560	gene_G	37.000000	132.000000	0.136364
394.999560	gene_H	0.000000	91.000000	0.241758
394.999560	gene_J	104.000000	253.000000	0.185771
394.999560	gene_K	225.000000	269.000000	0.000000
394.999560	promoter_A	1.000000	0.000000	0.000000
394.999560	promoter_B1	0.000000	0.000000	0.000000
394.999560	promoter_D	0.000000	0.000000	0.000000
399.999064	__gene_A*_rbs	15.000000	0.000000	0.000000
399.999064	__gene_A_rbs	16.000000	0.000000	0.000000
399.999064	__gene_B_rbs	281.000000	0.000000	0.000000
399.999064	__gene_C_rbs	271.000000	0.000000	0.000000
399.999064	__gene_D_rbs	267.000000	0.000000	0.000000
399.999064	__gene_E_rbs	263.000000	0.000000	0.000000
399.999064	__gene_F_rbs	187.000000	0.000000	0.000000
399.999064	__gene_G_rbs	133.000000	0.000000	0.000000
399.999064	__gene_H_rbs	93.000000	0.000000	0.000000
399.999064	__gene_J_rbs	256.000000	0.000000	0.000000
399.999064	__gene_K_rbs	272.000000	0.000000	0.000000
399.999064	__ribosome	0.000000	0.000000	0.000000
399.999064	bound_ecolipol	1889.000000	0.000000	0.000000
399.999064	bound_ribosome	100.000000	0.000000	0.000000
399.999064	ecoli_genome	111.000000	0.000000	0.000000
399.999064	ecoli_transcript	30463.000000	0.000000	0.000000
399.999064	ecolipol	40.000000	0.000000	0.000000
399.999064	gene_A	30.000000	16.000000	0.000000
399.999064	gene_A*	15.000000	15.000000	0.066667
399.999064	gene_B	341.000000	281.000000	0.010676
399.999064	gene_C	219.000000	271.000000	0.000000
399.999064	gene_D	220.000000	267.000000	0.003745
399.999064	gene_E	176.000000	263.000000	0.007605
399.999064	gene_F	96.000000	187.000000	0.026738
399.999064	gene_G	37.000000	133.000000	0.142857
399.999064	gene_H	0.000000	93.000000	0.236559
399.999064	gene_J	104.000000	256.000000	0.183594
399.999064	gene_K	225.000000	272.000000	0.000000
399.999064	promoter_A	1.000000	0.000000	0.000000
399.999064	promoter_B1	0.000000	0.000000	0.000000
399.999064	promoter_D	0.000000	0.000000	0.000000
404.999079	__gene_A*_rbs	15.000000	0.000000	0.000000
404.999079	__gene_A_rbs	16.000000	0.000000	0.000000
404.999079	__gene_B_rbs	283.000000	0.000000	0.000000
404.999079	__gene_C_rbs	274.000000	0.000000	0.000000
404.999079	__gene_D_rbs	271.000000	0.000000	0.000000
404.999079	__gene_E_rbs	267.000000	0.000000	0.000000
404.999079	__gene_F_rbs	190.000000	0.000000	0.000000
404.999079	__gene_G_rbs	136.000000	0.000000	0.000000
404.999079	__gene_H_rbs	95.000000	0.000000	0.000000
404.999079	__gene_J_rbs	260.000000	0.000000	0.000000
404.999079	__gene_K_rbs	276.000000	0.000000	0.000000
404.999079	__ribosome	0.000000	0.000000	0.000000
404.999079	bound_ecolipol	1882.000000	0.000000	0.000000
404.999079	bound_ribosome	100.000000	0.000000	0.000000
404.999079	ecoli_genome	118.000000	0.000000	0.000000
404.999079	ecoli_transcript	30809.000000	0.000000	0.000000
404.999079	ecolipol	46.000000	0.000000	0.000000
404.999079	gene_A	30.000000	16.000000	0.000000
404.999079	gene_A*	15.000000	15.000000	0.066667
404.999079	gene_B	342.000000	284.000000	0.010563
404.999079	gene_C	219.000000	274.000000	0.000000
404.999079	gene_D	221.000000	271.000000	0.003690
404.999079	gene_E	178.000000	267.000000	0.000000
404.999079	gene_F	96.000000	190.000000	0.026316
404.999079	gene_G	37.000000	136.000000	0.147059
404.999079	gene_H	0.000000	95.000000	0.231579
404.999079	gene_J	104.000000	260.000000	0.184615
404.999079	gene_K	225.000000	276.000000	0.000000
404.999079	promoter_A	1.000000	0.000000	0.000000
404.999079	promoter_B1	0.000000	0.000000	0.000000
404.999079	promoter_D	0.000000	0.000000	0.000000
409.999190	__gene_A*_rbs	15.000000	0.000000	0.000000
409.999190	__gene_A_rbs	16.000000	0.000000	0.000000
409.999190	__gene_B_rbs	288.000000	0.000000	0.000000
409.999190	__gene_C_rbs	278.000000	0.000000	0.000000
409.999190	__gene_D_rbs	274.000000	0.000000	0.000000
409.999190	__gene_E_rbs	270.000000	0.000000	0.000000
409.999190	__gene_F_rbs	194.000000	0.000000	0.000000
409.999190	__gene_G_rbs	138.000000	0.000000	0.000000
409.999190	__gene_H_rbs	97.000000	0.000000	0.000000
409.999190	__gene_J_rbs	264.000000	0.000000	0.000000
409.999190	__gene_K_rbs	280.000000	0.000000	0.000000
409.999190	__ribosome	0.000000	0.000000	0.000000
409.999190	bound_ecolipol	1873.000000	0.000000	0.000000
409.999190	bound_ribosome	100.000000	0.000000	0.000000
409.999190	ecoli_genome	127.000000	0.000000	0.000000
409.999190	ecoli_transcript	31156.000000	0.000000	0.000000
409.999190	ecolipol	54.000000	0.000000	0.000000
409.999190	gene_A	30.000000	16.000000	0.000000
409.999190	gene_A*	15.000000	15.000000	0.066667
409.999190	gene_B	344.000000	288.000000	0.006944
409.999190	gene_C	219.000000	278.000000	0.000000
409.999190	gene_D	221.000000	274.000000	0.003650
409.999190	gene_E	178.000000	270.000000	0.000000
409.999190	gene_F	97.000000	194.000000	0.025773
409.999190	gene_G	37.000000	138.000000	0.144928
409.999190	gene_H	0.000000	97.000000	0.226804
409.999190	gene_J	104.000000	264.000000	0.185606
409.999190	gene_K	225.000000	280.000000	0.000000
409.999190	promoter_A	1.000000	0.000000	0.000000
409.999190	promoter_B1	0.000000	0.000000	0.000000
409.999190	promoter_D	0.000000	0.000000	0.000000
414.999023	__gene_A*_rbs	16.000000	0.000000	0.000000
414.999023	__gene_A_rbs	16.000000	0.000000	0.000000
414.999023	__gene_B_rbs	292.000000	0.000000	0.000000
414.999023	__gene_C_rbs	282.000000	0.000000	0.000000
414.999023	__gene_D_rbs	278.000000	0.000000	0.000000
414.999023	__gene_E_rbs	274.000000	0.000000	0.000000
414.999023	__gene_F_rbs	196.000000	0.000000	0.000000
414.999023	__gene_G_rbs	140.000000	0.000000	0.000000
414.999023	__gene_H_rbs	98.000000	0.000000	0.000000
414.999023	__gene_J_rbs	268.000000	0.000000	0.000000
414.999023	__gene_K_rbs	284.000000	0.000000	0.000000
414.999023	__ribosome	0.000000	0.000000	0.000000
414.999023	bound_ecolipol	1874.000000	0.000000	0.000000
414.999023	bound_ribosome	100.000000	0.000000	0.000000
414.999023	ecoli_genome	126.000000	0.000000	0.000000
414.999023	ecoli_transcript	31534.000000	0.000000	0.000000
414.999023	ecolipol	57.000000	0.000000	0.000000
414.999023	gene_A	30.000000	16.000000	0.000000
414.999023	gene_A*	15.000000	16.000000	0.062500
414.999023	gene_B	344.000000	292.000000	0.010274
414.999023	gene_C	219.000000	282.000000	0.000000
414.999023	gene_D	221.000000	278.000000	0.007194
414.999023	gene_E	178.000000	274.000000	0.007299
414.999023	gene_F	98.000000	196.000000	0.020408
414.999023	gene_G	39.000000	140.000000	0.128571
414.999023	gene_H	0.000000	98.000000	0.224490
414.999023	gene_J	105.000000	268.000000	0.179104
414.999023	gene_K	225.000000	284.000000	0.000000
414.999023	promoter_A	1.000000	0.000000	0.000000
414.999023	promoter_B1	0.000000	0.000000	0.000000
414.999023	promoter_D	0.000000	0.000000	0.000000
419.999137	__gene_A*_rbs	16.000000	0.000000	0.000000
419.999137	__gene_A_rbs	16.000000	0.000000	0.000000
419.999137	__gene_B_rbs	294.000000	0.000000	0.000000
419.999137	__gene_C_rbs	284.000000	0.000000	0.000000
419.999137	__gene_D_rbs	281.000000	0.000000	0.000000
419.999137	__gene_E_rbs	276.000000	0.000000	0.000000
419.999137	__gene_F_rbs	198.000000	0.000000	0.000000
419.999137	__gene_G_rbs	142.000000	0.000000	0.000000
419.999137	__gene_H_rbs	101.000000	0.000000	0.000000
419.999137	__gene_J_rbs	272.000000	0.000000	0.000000
419.999137	__gene_K_rbs	287.000000	0.000000	0.000000
419.999137	__ribosome	0.000000	0.000000	0.000000
419.999137	bound_ecolipol	1881.000000	0.000000	0.000000
419.999137	bound_ribosome	100.000000	0.000000	0.000000
419.999137	ecoli_genome	119.000000	0.000000	0.000000
419.999137	ecoli_transcript	31907.000000	0.000000	0.000000
419.999137	ecolipol	49.000000	0.000000	0.000000
419.999137	gene_A	30.000000	16.000000	0.062500
419.999137	gene_A*	15.000000	16.000000	0.062500
419.999137	gene_B	346.000000	294.000000	0.010204
419.999137	gene_C	219.000000	285.000000	0.000000
419.999137	gene_D	222.000000	281.000000	0.007117
419.999137	gene_E	180.000000	277.000000	0.000000
419.999137	gene_F	98.000000	198.000000	0.020202
419.999137	gene_G	39.000000	142.000000	0.126761
419.999137	gene_H	0.000000	101.000000	0.217822
419.999137	gene_J	105.000000	272.000000	0.176471
419.999137	gene_K	225.000000	287.000000	0.003484
419.999137	promoter_A	1.000000	0.000000	0.000000
419.999137	promoter_B1	0.000000	0.000000	0.000000
419.999137	promoter_D	0.000000	0.000000	0.000000
424.999082	__gene_A*_rbs	16.000000	0.000000	0.000000
424.999082	__gene_A_rbs	15.000000	0.000000	0.000000
424.999082	__gene_B_rbs	298.000000	0.000000	0.000000
424.999082	__gene_C_rbs	288.000000	0.000000	0.000000
424.999082	__gene_D_rbs	285.000000	0.000000	0.000000
424.999082	__gene_E_rbs	281.000000	0.000000	0.000000
424.999082	__gene_F_rbs	201.000000	0.000000	0.000000
424.999082	__gene_G_rbs	144.000000	0.000000	0.000000
424.999082	__gene_H_rbs	101.000000	0.000000	0.000000
424.999082	__gene_J_rbs	274.000000	0.000000	0.000000
424.999082	__gene_K_rbs	290.000000	0.000000	0.000000
424.999082	__ribosome	0.000000	0.000000	0.000000
424.999082	bound_ecolipol	1899.000000	0.000000	0.000000
424.999082	bound_ribosome	100.000000	0.000000	0.000000
424.999082	ecoli_genome	101.000000	0.000000	0.000000
424.999082	ecoli_transcript	32289.000000	0.000000	0.000000
424.999082	ecolipol	32.000000	0.000000	0.000000
424.999082	gene_A	30.000000	16.000000	0.125000
424.999082	gene_A*	16.000000	16.000000	0.000000
424.999082	gene_B	347.000000	298.000000	0.010067
424.999082	gene_C	219.000000	288.000000	0.000000
424.999082	gene_D	222.000000	285.000000	0.007018
424.999082	gene_E	180.000000	281.000000	0.000000
424.999082	gene_F	98.000000	201.000000	0.024876
424.999082	gene_G	40.000000	144.000000	0.118056
424.999082	gene_H	0.000000	101.000000	0.217822
424.999082	gene_J	105.000000	274.000000	0.178832
424.999082	gene_K	226.000000	290.000000	0.000000
424.999082	promoter_A	1.000000	0.000000	0.000000
424.999082	promoter_B1	0.000000	0.000000	0.000000
424.999082	promoter_D	0.000000	0.000000	0.000000
429.999144	__gene_A*_rbs	16.000000	0.000000	0.000000
429.999144	__gene_A_rbs	16.000000	0.000000	0.000000
429.999144	__gene_B_rbs	302.000000	0.000000	0.000000
429.999144	__gene_C_rbs	292.000000	0.000000	0.000000
429.999144	__gene_D_rbs	289.000000	0.000000	0.000000
429.999144	__gene_E_rbs	285.000000	0.000000	0.000000
429.999144	__gene_F_rbs	203.000000	0.000000	0.000000
429.999144	__gene_G_rbs	146.000000	0.000000	0.000000
429.999144	__gene_H_rbs	102.000000	0.000000	0.000000
429.999144	__gene_J_rbs	278.000000	0.000000	0.000000
429.999144	__gene_K_rbs	294.000000	0.000000	0.000000
429.999144	__ribosome	0.000000	0.000000	0.000000
429.999144	bound_ecolipol	1886.000000	0.000000	0.000000
429.999144	bound_ribosome	100.000000	0.000000	0.000000
429.999144	ecoli_genome	114.000000	0.000000	0.000000
429.999144	ecoli_transcript	32667.000000	0.000000	0.000000
429.999144	ecolipol	47.000000	0.000000	0.000000
429.999144	gene_A	30.000000	16.000000	0.125000
429.999144	gene_A*	16.000000	16.000000	0.000000
429.999144	gene_B	347.000000	302.000000	0.016556
429.999144	gene_C	219.000000	292.000000	0.000000
429.999144	gene_D	223.000000	289.000000	0.003460
429.999144	gene_E	180.000000	285.000000	0.000000
429.999144	gene_F	98.000000	203.000000	0.024631
429.999144	gene_G	40.000000	146.000000	0.116438
429.999144	gene_H	0.000000	102.000000	0.215686
429.999144	gene_J	106.000000	278.000000	0.172662
429.999144	gene_K	226.000000	294.000000	0.000000
429.999144	promoter_A	1.000000	0.000000	0.000000
429.999144	promoter_B1	0.000000	0.000000	0.000000
429.999144	promoter_D	0.000000	0.000000	0.000000
434.999078	__gene_A*_rbs	16.000000	0.000000	0.000000
434.999078	__gene_A_rbs	16.000000	0.000000	0.000000
434.999078	__gene_B_rbs	306.000000	0.000000	0.000000
434.999078	__gene_C_rbs	295.000000	0.000000	0.000000
434.999078	__gene_D_rbs	292.000000	0.000000	0.000000
434.999078	__gene_E_rbs	289.000000	0.000000	0.000000
434.999078	__gene_F_rbs	206.000000	0.000000	0.000000
434.999078	__gene_G_rbs	147.000000	0.000000	0.000000
434.999078	__gene_H_rbs	104.000000	0.000000	0.000000
434.999078	__gene_J_rbs	282.000000	0.000000	0.000000
434.999078	__gene_K_rbs	297.000000	0.000000	0.000000
434.999078	__ribosome	0.000000	0.000000	0.000000
434.999078	bound_ecolipol	1888.000000	0.000000	0.000000
434.999078	bound_ribosome	100.000000	0.000000	0.000000
434.999078	ecoli_genome	112.000000	0.000000	0.000000
434.999078	ecoli_transcript	33066.000000	0.000000	0.000000
434.999078	ecolipol	45.000000	0.000000	0.000000
434.999078	gene_A	30.000000	16.000000	0.125000
434.999078	gene_A*	16.000000	16.000000	0.062500
434.999078	gene_B	350.000000	306.000000	0.006536
434.999078	gene_C	219.000000	295.000000	0.000000
434.999078	gene_D	224.000000	292.000000	0.003425
434.999078	gene_E	180.000000	289.000000	0.000000
434.999078	gene_F	99.000000	206.000000	0.019417
434.999078	gene_G	40.000000	147.000000	0.115646
434.999078	gene_H	0.000000	104.000000	0.221154
434.999078	gene_J	106.000000	282.000000	0.170213
434.999078	gene_K	226.000000	297.000000	0.006734
434.999078	promoter_A	0.000000	0.000000	0.000000
434.999078	promoter_B1	0.000000	0.000000	0.000000
434.999078	promoter_D	0.000000	0.000000	0.000000
439.999077	__gene_A*_rbs	16.000000	0.000000	0.000000
439.999077	__gene_A_rbs	17.000000	0.000000	0.000000
439.999077	__gene_B_rbs	309.000000	0.000000	0.000000
439.999077	__gene_C_rbs	299.000000	0.000000	0.000000
439.999077	__gene_D_rbs	295.000000	0.000000	0.000000
439.999077	__gene_E_rbs	292.000000	0.000000	0.000000
439.999077	__gene_F_rbs	208.000000	0.000000	0.000000
439.999077	__gene_G_rbs	148.000000	0.000000	0.000000
439.999077	__gene_H_rbs	104.000000	0.000000	0.000000
439.999077	__gene_J_rbs	286.000000	0.000000	0.000000
439.999077	__gene_K_rbs	301.000000	0.000000	0.000000
439.999077	__ribosome	0.000000	0.000000	0.000000
439.999077	bound_ecolipol	1890.000000	0.000000	0.000000
439.999077	bound_ribosome	100.000000	0.000000	0.000000
439.999077	ecoli_genome	110.000000	0.000000	0.000000
439.999077	ecoli_transcript	33474.000000	0.000000	0.000000
439.999077	ecolipol	46.000000	0.000000	0.000000
439.999077	gene_A	30.000000	17.000000	0.117647
439.999077	gene_A*	16.000000	16.000000	0.062500
439.999077	gene_B	351.000000	309.000000	0.006472
439.999077	gene_C	219.000000	299.000000	0.003344
439.999077	gene_D	224.000000	295.000000	0.003390
439.999077	gene_E	180.000000	292.000000	0.000000
439.999077	gene_F	101.000000	208.000000	0.009615
439.999077	gene_G	40.000000	148.000000	0.114865
439.999077	gene_H	0.000000	104.000000	0.221154
439.999077	gene_J	106.000000	286.000000	0.167832
439.999077	gene_K	227.000000	301.000000	0.009967
439.999077	promoter_A	1.000000	0.000000	0.000000
439.999077	promoter_B1	0.000000	0.000000	0.000000
439.999077	promoter_D	0.000000	0.000000	0.000000
444.999212	__gene_A*_rbs	16.000000	0.000000	0.000000
444.999212	__gene_A_rbs	18.000000	0.000000	0.000000
444.999212	__gene_B_rbs	313.000000	0.000000	0.000000
444.999212	__gene_C_rbs	303.000000	0.000000	0.000000
444.999212	__gene_D_rbs	299.000000	0.000000	0.000000
444.999212	__gene_E_rbs	295.000000	0.000000	0.000000
444.999212	__gene_F_rbs	208.000000	0.000000	0.000000
444.999212	__gene_G_rbs	149.000000	0.000000	0.000000
444.999212	__gene_H_rbs	105.000000	0.000000	0.000000
444.999212	__gene_J_rbs	289.000000	0.000000	0.000000
444.999212	__gene_K_rbs	305.000000	0.000000	0.000000
444.999212	__ribosome	0.000000	0.000000	0.000000
444.999212	bound_ecolipol	1893.000000	0.000000	0.000000
444.999212	bound_ribosome	100.000000	0.000000	0.000000
444.999212	ecoli_genome	107.000000	0.000000	0.000000
444.999212	ecoli_transcript	33842.000000	0.000000	0.000000
444.999212	ecolipol	44.000000	0.000000	0.000000
444.999212	gene_A	30.000000	18.000000	0.111111
444.999212	gene_A*	16.000000	16.000000	0.062500
444.999212	gene_B	352.000000	313.000000	0.003195
444.999212	gene_C	219.000000	303.000000	0.013201
444.999212	gene_D	224.000000	299.000000	0.003344
444.999212	gene_E	180.000000	295.000000	0.003390
444.999212	gene_F	101.000000	208.000000	0.009615
444.999212	gene_G	40.000000	149.000000	0.114094
444.999212	gene_H	0.000000	105.000000	0.219048
444.999212	gene_J	106.000000	289.000000	0.166090
444.999212	gene_K	230.000000	305.000000	0.000000
444.999212	promoter_A	1.000000	0.000000	0.000000
444.999212	promoter_B1	0.000000	0.000000	0.000000
444.999212	promoter_D	0.000000	0.000000	0.000000
449.999021	__gene_A*_rbs	16.000000	0.000000	0.000000
449.999021	__gene_A_rbs	18.000000	0.000000	0.000000
449.999021	__gene_B_rbs	317.000000	0.000000	0.000000
449.999021	__gene_C_rbs	307.000000	0.000000	0.000000
449.999021	__gene_D_rbs	303.000000	0.000000	0.000000
449.999021	__gene_E_rbs	298.000000	0.000000	0.000000
449.999021	__gene_F_rbs	209.000000	0.000000	0.000000
449.999021	__gene_G_rbs	152.000000	0.000000	0.000000
449.999021	__gene_H_rbs	106.000000	0.000000	0.000000
449.999021	__gene_J_rbs	292.000000	0.000000	0.000000
449.999021	__gene_K_rbs	308.000000	0.000000	0.000000
449.999021	__ribosome	0.000000	0.000000	0.000000
449.999021	bound_ecolipol	1891.000000	0.000000	0.000000
449.999021	bound_ribosome	100.000000	0.000000	0.000000
449.999021	ecoli_genome	109.000000	0.000000	0.000000
449.999021	ecoli_transcript	34236.000000	0.000000	0.000000
449.999021	ecolipol	46.000000	0.000000	0.000000
449.999021	gene_A	30.000000	18.000000	0.111111
449.999021	gene_A*	16.000000	16.000000	0.062500
449.999021	gene_B	353.000000	317.000000	0.000000
449.999021	gene_C	221.000000	307.000000	0.013029
449.999021	gene_D	225.000000	303.000000	0.003300
449.999021	gene_E	180.000000	298.000000	0.003356
449.999021	gene_F	101.000000	209.000000	0.014354
449.999021	gene_G	40.000000	152.000000	0.111842
449.999021	gene_H	0.000000	106.000000	0.216981
449.999021	gene_J	106.000000	293.000000	0.163823
449.999021	gene_K	230.000000	308.000000	0.000000
449.999021	promoter_A	1.000000	0.000000	0.000000
449.999021	promoter_B1	0.000000	0.000000	0.000000
449.999021	promoter_D	0.000000	0.000000	0.000000
454.999036	__gene_A*_rbs	17.000000	0.000000	0.000000
454.999036	__gene_A_rbs	18.000000	0.000000	0.000000
454.999036	__gene_B_rbs	320.000000	0.000000	0.000000
454.999036	__gene_C_rbs	310.000000	0.000000	0.000000
454.999036	__gene_D_rbs	307.000000	0.000000	0.000000
454.999036	__gene_E_rbs	302.000000	0.000000	0.000000
454.999036	__gene_F_rbs	212.000000	0.000000	0.000000
454.999036	__gene_G_rbs	154.000000	0.000000	0.000000
454.999036	__gene_H_rbs	106.000000	0.000000	0.000000
454.999036	__gene_J_rbs	296.000000	0.000000	0.000000
454.999036	__gene_K_rbs	312.000000	0.000000	0.000000
454.999036	__ribosome	0.000000	0.000000	0.000000
454.999036	bound_ecolipol	1894.000000	0.000000	0.000000
454.999036	bound_ribosome	100.000000	0.000000	0.000000
454.999036	ecoli_genome	106.000000	0.000000	0.000000
454.999036	ecoli_transcript	34616.000000	0.000000	0.000000
454.999036	ecolipol	43.000000	0.000000	0.000000
454.999036	gene_A	30.000000	18.000000	0.111111
454.999036	gene_A*	16.000000	17.000000	0.058824
454.999036	gene_B	353.000000	320.000000	0.003125
454.999036	gene_C	223.000000	310.000000	0.006452
454.999036	gene_D	225.000000	307.000000	0.006515
454.999036	gene_E	181.000000	302.000000	0.000000
454.999036	gene_F	102.000000	212.000000	0.018868
454.999036	gene_G	40.000000	154.000000	0.110390
454.999036	gene_H	0.000000	106.000000	0.216981
454.999036	gene_J	106.000000	296.000000	0.162162
454.999036	gene_K	230.000000	312.000000	0.000000
454.999036	promoter_A	1.000000	0.000000	0.000000
454.999036	promoter_B1	0.000000	0.000000	0.000000
454.999036	promoter_D	0.000000	0.000000	0.000000
459.999178	__gene_A*_rbs	18.000000	0.000000	0.000000
459.999178	__gene_A_rbs	19.000000	0.000000	0.000000
459.999178	__gene_B_rbs	323.000000	0.000000	0.000000
459.999178	__gene_C_rbs	313.000000	0.000000	0.000000
459.999178	__gene_D_rbs	310.000000	0.000000	0.000000
459.999178	__gene_E_rbs	306.000000	0.000000	0.000000
459.999178	__gene_F_rbs	215.000000	0.000000	0.000000
459.999178	__gene_G_rbs	156.000000	0.000000	0.000000
459.999178	__gene_H_rbs	107.000000	0.000000	0.000000
459.999178	__gene_J_rbs	299.000000	0.000000	0.000000
459.999178	__gene_K_rbs	316.000000	0.000000	0.000000
459.999178	__ribosome	0.000000	0.000000	0.000000
459.999178	bound_ecolipol	1892.000000	0.000000	0.000000
459.999178	bound_ribosome	100.000000	0.000000	0.000000
459.999178	ecoli_genome	108.000000	0.000000	0.000000
459.999178	ecoli_transcript	34969.000000	0.000000	0.000000
459.999178	ecolipol	43.000000	0.000000	0.000000
459.999178	gene_A	30.000000	19.000000	0.105263
459.999178	gene_A*	16.000000	18.000000	0.055556
459.999178	gene_B	353.000000	324.000000	0.006173
459.999178	gene_C	225.000000	313.000000	0.000000
459.999178	gene_D	225.000000	310.000000	0.006452
459.999178	gene_E	181.000000	306.000000	0.000000
459.999178	gene_F	102.000000	215.000000	0.018605
459.999178	gene_G	40.000000	156.000000	0.115385
459.999178	gene_H	0.000000	107.000000	0.214953
459.999178	gene_J	106.000000	299.000000	0.160535
459.999178	gene_K	230.000000	316.000000	0.000000
459.999178	promoter_A	1.000000	0.000000	0.000000
459.999178	promoter_B1	0.000000	0.000000	0.000000
459.999178	promoter_D	0.000000	0.000000	0.000000
464.999337	__gene_A*_rbs	18.000000	0.000000	0.000000
464.999337	__gene_A_rbs	19.000000	0.000000	0.000000
464.999337	__gene_B_rbs	328.000000	0.000000	0.000000
464.999337	__gene_C_rbs	317.000000	0.000000	0.000000
464.999337	__gene_D_rbs	313.000000	0.000000	0.000000
464.999337	__gene_E_rbs	310.000000	0.000000	0.000000
464.999337	__gene_F_rbs	216.000000	0.000000	0.000000
464.999337	__gene_G_rbs	158.000000	0.000000	0.000000
464.999337	__gene_H_rbs	109.000000	0.000000	0.000000
464.999337	__gene_J_rbs	303.000000	0.000000	0.000000
464.999337	__gene_K_rbs	319.000000	0.000000	0.000000
464.999337	__ribosome	0.000000	0.000000	0.000000
464.999337	bound_ecolipol	1893.000000	0.000000	0.000000
464.999337	bound_ribosome	100.000000	0.000000	0.000000
464.999337	ecoli_genome	107.000000	0.000000	0.000000
464.999337	ecoli_transcript	35340.000000	0.000000	0.000000
464.999337	ecolipol	47.000000	0.000000	0.000000
464.999337	gene_A	30.000000	19.000000	0.105263
464.999337	gene_A*	16.000000	18.000000	0.055556
464.999337	gene_B	354.000000	328.000000	0.003049
464.999337	gene_C	225.000000	317.000000	0.000000
464.999337	gene_D	226.000000	313.000000	0.006390
464.999337	gene_E	181.000000	310.000000	0.003226
464.999337	gene_F	102.000000	216.000000	0.018519
464.999337	gene_G	40.000000	158.000000	0.113924
464.999337	gene_H	0.000000	109.000000	0.211009
464.999337	gene_J	106.000000	303.000000	0.158416
464.999337	gene_K	230.000000	319.000000	0.000000
464.999337	promoter_A	1.000000	0.000000	0.000000
464.999337	promoter_B1	0.000000	0.000000	0.000000
464.999337	promoter_D	0.000000	0.000000	0.000000
469.999135	__gene_A*_rbs	18.000000	0.000000	0.000000
469.999135	__gene_A_rbs	19.000000	0.000000	0.000000
469.999135	__gene_B_rbs	331.000000	0.000000	0.000000
469.999135	__gene_C_rbs	320.000000	0.000000	0.000000
469.999135	__gene_D_rbs	317.000000	0.000000	0.000000
469.999135	__gene_E_rbs	312.000000	0.000000	0.000000
469.999135	__gene_F_rbs	218.000000	0.000000	0.000000
469.999135	__gene_G_rbs	160.000000	0.000000	0.000000
469.999135	__gene_H_rbs	111.000000	0.000000	0.000000
469.999135	__gene_J_rbs	307.000000	0.000000	0.000000
469.999135	__gene_K_rbs	323.000000	0.000000	0.000000
469.999135	__ribosome	0.000000	0.000000	0.000000
469.999135	bound_ecolipol	1889.000000	0.000000	0.000000
469.999135	bound_ribosome	100.000000	0.000000	0.000000
469.999135	ecoli_genome	111.000000	0.000000	0.000000
469.999135	ecoli_transcript	35722.000000	0.000000	0.000000
469.999135	ecolipol	47.000000	0.000000	0.000000
469.999135	gene_A	31.000000	19.000000	0.052632
469.999135	gene_A*	17.000000	18.000000	0.000000
469.999135	gene_B	355.000000	331.000000	0.003021
469.999135	gene_C	225.000000	321.000000	0.006231
469.999135	gene_D	227.000000	317.000000	0.003155
469.999135	gene_E	181.000000	312.000000	0.009615
469.999135	gene_F	103.000000	218.000000	0.013761
469.999135	gene_G	40.000000	160.000000	0.112500
469.999135	gene_H	0.000000	111.000000	0.207207
469.999135	gene_J	106.000000	307.000000	0.156352
469.999135	gene_K	230.000000	323.000000	0.000000
469.999135	promoter_A	1.000000	0.000000	0.000000
469.999135	promoter_B1	0.000000	0.000000	0.000000
469.999135	promoter_D	0.000000	0.000000	0.000000
474.999052	__gene_A*_rbs	19.000000	0.000000	0.000000
474.999052	__gene_A_rbs	20.000000	0.000000	0.000000
474.999052	__gene_B_rbs	334.000000	0.000000	0.000000
474.999052	__gene_C_rbs	325.000000	0.000000	0.000000
474.999052	__gene_D_rbs	319.000000	0.000000	0.000000
474.999052	__gene_E_rbs	316.000000	0.000000	0.000000
474.999052	__gene_F_rbs	221.000000	0.000000	0.000000
474.999052	__gene_G_rbs	162.000000	0.000000	0.000000
474.999052	__gene_H_rbs	112.000000	0.000000	0.000000
474.999052	__gene_J_rbs	310.000000	0.000000	0.000000
474.999052	__gene_K_rbs	327.000000	0.000000	0.000000
474.999052	__ribosome	0.000000	0.000000	0.000000
474.999052	bound_ecolipol	1889.000000	0.000000	0.000000
474.999052	bound_ribosome	100.000000	0.000000	0.000000
474.999052	ecoli_genome	111.000000	0.000000	0.000000
474.999052	ecoli_transcript	36091.000000	0.000000	0.000000
474.999052	ecolipol	46.000000	0.000000	0.000000
474.999052	gene_A	32.000000	20.000000	0.000000
474.999052	gene_A*	17.000000	19.000000	0.000000
474.999052	gene_B	355.000000	334.000000	0.002994
474.999052	gene_C	225.000000	325.000000	0.006154
474.999052	gene_D	227.000000	320.000000	0.009375
474.999052	gene_E	182.000000	316.000000	0.006329
474.999052	gene_F	103.000000	221.000000	0.013575
474.999052	gene_G	40.000000	162.000000	0.111111
474.999052	gene_H	0.000000	112.000000	0.205357
474.999052	gene_J	106.000000	311.000000	0.154341
474.999052	gene_K	230.000000	327.000000	0.000000
474.999052	promoter_A	1.000000	0.000000	0.000000
474.999052	promoter_B1	0.000000	0.000000	0.000000
474.999052	promoter_D	0.000000	0.000000	0.000000
479.999003	__gene_A*_rbs	19.000000	0.000000	0.000000
479.999003	__gene_A_rbs	20.000000	0.000000	0.000000
479.999003	__gene_B_rbs	338.000000	0.000000	0.000000
479.999003	__gene_C_rbs	328.000000	0.000000	0.000000
479.999003	__gene_D_rbs	324.000000	0.000000	0.000000
479.999003	__gene_E_rbs	319.000000	0.000000	0.000000
479.999003	__gene_F_rbs	224.000000	0.000000	0.000000
479.999003	__gene_G_rbs	164.000000	0.000000	0.000000
479.999003	__gene_H_rbs	113.000000	0.000000	0.000000
479.999003	__gene_J_rbs	314.000000	0.000000	0.000000
479.999003	__gene_K_rbs	329.000000	0.000000	0.000000
479.999003	__ribosome	0.000000	0.000000	0.000000
479.999003	bound_ecolipol	1891.000000	0.000000	0.000000
479.999003	bound_ribosome	100.000000	0.000000	0.000000
479.999003	ecoli_genome	109.000000	0.000000	0.000000
479.999003	ecoli_transcript	36472.000000	0.000000	0.000000
479.999003	ecolipol	45.000000	0.000000	0.000000
479.999003	gene_A	32.000000	20.000000	0.000000
479.999003	gene_A*	17.000000	19.000000	0.000000
479.999003	gene_B	356.000000	338.000000	0.002959
479.999003	gene_C	227.000000	328.000000	0.003049
479.999003	gene_D	228.000000	324.000000	0.006173
479.999003	gene_E	184.000000	319.000000	0.000000
479.999003	gene_F	103.000000	224.000000	0.013393
479.999003	gene_G	41.000000	164.000000	0.115854
479.999003	gene_H	0.000000	113.000000	0.203540
479.999003	gene_J	106.000000	314.000000	0.159236
479.999003	gene_K	230.000000	330.000000	0.003030
479.999003	promoter_A	1.000000	0.000000	0.000000
479.999003	promoter_B1	0.000000	0.000000	0.000000
479.999003	promoter_D	0.000000	0.000000	0.000000
484.999354	__gene_A*_rbs	19.000000	0.000000	0.000000
484.999354	__gene_A_rbs	20.000000	0.000000	0.000000
484.999354	__gene_B_rbs	342.000000	0.000000	0.000000
484.999354	__gene_C_rbs	332.000000	0.000000	0.000000
484.999354	__gene_D_rbs	328.000000	0.000000	0.000000
484.999354	__gene_E_rbs	323.000000	0.000000	0.000000
484.999354	__gene_F_rbs	226.000000	0.000000	0.000000
484.999354	__gene_G_rbs	165.000000	0.000000	0.000000
484.999354	__gene_H_rbs	115.000000	0.000000	0.000000
484.999354	__gene_J_rbs	317.000000	0.000000	0.000000
484.999354	__gene_K_rbs	333.000000	0.000000	0.000000
484.999354	__ribosome	0.000000	0.000000	0.000000
484.999354	bound_ecolipol	1891.000000	0.000000	0.000000
484.999354	bound_ribosome	100.000000	0.000000	0.000000
484.999354	ecoli_genome	109.000000	0.000000	0.000000
484.999354	ecoli_transcript	36839.000000	0.000000	0.000000
484.999354	ecolipol	42.000000	0.000000	0.000000
484.999354	gene_A	32.000000	20.000000	0.000000
484.999354	gene_A*	17.000000	19.000000	0.000000
484.999354	gene_B	356.000000	342.000000	0.002924
484.999354	gene_C	228.000000	332.000000	0.003012
484.999354	gene_D	228.000000	328.000000	0.006098
484.999354	gene_E	184.000000	323.000000	0.000000
484.999354	gene_F	103.000000	226.000000	0.013274
484.999354	gene_G	41.000000	165.000000	0.115152
484.999354	gene_H	0.000000	115.000000	0.208696
484.999354	gene_J	108.000000	317.000000	0.154574
484.999354	gene_K	230.000000	333.000000	0.003003
484.999354	promoter_A	1.000000	0.000000	0.000000
484.999354	promoter_B1	0.000000	0.000000	0.000000
484.999354	promoter_D	0.000000	0.000000	0.000000
489.999030	__gene_A*_rbs	20.000000	0.000000	0.000000
489.999030	__gene_A_rbs	20.000000	0.000000	0.000000
489.999030	__gene_B_rbs	345.000000	0.000000	0.000000
489.999030	__gene_C_rbs	334.000000	0.000000	0.000000
489.999030	__gene_D_rbs	331.000000	0.000000	0.000000
489.999030	__gene_E_rbs	327.000000	0.000000	0.000000
489.999030	__gene_F_rbs	228.000000	0.000000	0.000000
489.999030	__gene_G_rbs	165.000000	0.000000	0.000000
489.999030	__gene_H_rbs	117.000000	0.000000	0.000000
489.999030	__gene_J_rbs	320.000000	0.000000	0.000000
489.999030	__gene_K_rbs	337.000000	0.000000	0.000000
489.999030	__ribosome	0.000000	0.000000	0.000000
489.999030	bound_ecolipol	1894.000000	0.000000	0.000000
489.999030	bound_ribosome	100.000000	0.000000	0.000000
489.999030	ecoli_genome	106.000000	0.000000	0.000000
489.999030	ecoli_transcript	37232.000000	0.000000	0.000000
489.999030	ecolipol	40.000000	0.000000	0.000000
489.999030	gene_A	32.000000	20.000000	0.000000
489.999030	gene_A*	17.000000	20.000000	0.000000
489.999030	gene_B	357.000000	345.000000	0.000000
489.999030	gene_C	228.000000	335.000000	0.008955
489.999030	gene_D	230.000000	331.000000	0.003021
489.999030	gene_E	184.000000	327.000000	0.000000
489.999030	gene_F	103.000000	228.000000	0.013158
489.999030	gene_G	41.000000	165.000000	0.115152
489.999030	gene_H	0.000000	117.000000	0.205128
489.999030	gene_J	108.000000	320.000000	0.156250
489.999030	gene_K	231.000000	337.000000	0.000000
489.999030	promoter_A	1.000000	0.000000	0.000000
489.999030	promoter_B1	1.000000	0.000000	0.000000
489.999030	promoter_D	0.000000	0.000000	0.000000
494.999565	__gene_A*_rbs	20.000000	0.000000	0.000000
494.999565	__gene_A_rbs	20.000000	0.000000	0.000000
494.999565	__gene_B_rbs	348.000000	0.000000	0.000000
494.999565	__gene_C_rbs	339.000000	0.000000	0.000000
494.999565	__gene_D_rbs	335.000000	0.000000	0.000000
494.999565	__gene_E_rbs	331.000000	0.000000	0.000000
494.999565	__gene_F_rbs	230.000000	0.000000	0.000000
494.999565	__gene_G_rbs	167.000000	0.000000	0.000000
494.999565	__gene_H_rbs	119.000000	0.000000	0.000000
494.999565	__gene_J_rbs	324.000000	0.000000	0.000000
494.999565	__gene_K_rbs	340.000000	0.000000	0.000000
494.999565	__ribosome	0.000000	0.000000	0.000000
494.999565	bound_ecolipol	1889.000000	0.000000	0.000000
494.999565	bound_ribosome	100.000000	0.000000	0.000000
494.999565	ecoli_genome	111.000000	0.000000	0.000000
494.999565	ecoli_transcript	37596.000000	0.000000	0.000000
494.999565	ecolipol	44.000000	0.000000	0.000000
494.999565	gene_A	32.000000	20.000000	0.000000
494.999565	gene_A*	17.000000	20.000000	0.000000
494.999565	gene_B	357.000000	348.000000	0.000000
494.999565	gene_C	229.000000	339.000000	0.005900
494.999565	gene_D	230.000000	335.000000	0.005970
494.999565	gene_E	184.000000	331.000000	0.003021
494.999565	gene_F	106.000000	230.000000	0.004348
494.999565	gene_G	41.000000	167.000000	0.113772
494.999565	gene_H	0.000000	119.000000	0.210084
494.999565	gene_J	108.000000	324.000000	0.154321
494.999565	gene_K	231.000000	340.000000	0.000000
494.999565	promoter_A	1.000000	0.000000	0.000000
494.999565	promoter_B1	0.000000	0.000000	0.000000
494.999565	promoter_D	0.000000	0.000000	0.000000
499.999488	__gene_A*_rbs	20.000000	0.000000	0.000000
499.999488	__gene_A_rbs	20.000000	0.000000	0.000000
499.999488	__gene_B_rbs	352.000000	0.000000	0.000000
499.999488	__gene_C_rbs	342.000000	0.000000	0.000000
499.999488	__gene_D_rbs	339.000000	0.000000	0.000000
499.999488	__gene_E_rbs	334.000000	0.000000	0.000000
499.999488	__gene_F_rbs	232.000000	0.000000	0.000000
499.999488	__gene_G_rbs	170.000000	0.000000	0.000000
499.999488	__gene_H_rbs	120.000000	0.000000	0.000000
499.999488	__gene_J_rbs	328.000000	0.000000	0.000000
499.999488	__gene_K_rbs	344.000000	0.000000	0.000000
499.999488	__ribosome	0.000000	0.000000	0.000000
499.999488	bound_ecolipol	1886.000000	0.000000	0.000000
499.999488	bound_ribosome	100.000000	0.000000	0.000000
499.999488	ecoli_genome	114.000000	0.000000	0.000000
499.999488	ecoli_transcript	37947.000000	0.000000	0.000000
499.999488	ecolipol	47.000000	0.000000	0.000000
499.999488	gene_A	32.000000	20.000000	0.050000
499.999488	gene_A*	17.000000	20.000000	0.000000
499.999488	gene_B	357.000000	352.000000	0.000000
499.999488	gene_C	231.000000	342.000000	0.002924
499.999488	gene_D	230.000000	339.000000	0.005900
499.999488	gene_E	184.000000	334.000000	0.005988
499.999488	gene_F	106.000000	232.000000	0.004310
499.999488	gene_G	42.000000	170.000000	0.105882
499.999488	gene_H	0.000000	120.000000	0.208333
499.999488	gene_J	108.000000	328.000000	0.152439
499.999488	gene_K	231.000000	344.000000	0.000000
499.999488	promoter_A	1.000000	0.000000	0.000000
499.999488	promoter_B1	0.000000	0.000000	0.000000
499.999488	promoter_D	0.000000	0.000000	0.000000
504.999030	__gene_A*_rbs	20.000000	0.000000	0.000000
504.999030	__gene_A_rbs	20.000000	0.000000	0.000000
504.999030	__gene_B_rbs	355.000000	0.000000	0.000000
504.999030	__gene_C_rbs	346.000000	0.000000	0.000000
504.999030	__gene_D_rbs	342.000000	0.000000	0.000000
504.999030	__gene_E_rbs	338.000000	0.000000	0.000000
504.999030	__gene_F_rbs	234.000000	0.000000	0.000000
504.999030	__gene_G_rbs	172.000000	0.000000	0.000000
504.999030	__gene_H_rbs	120.000000	0.000000	0.000000
504.999030	__gene_J_rbs	331.000000	0.000000	0.000000
504.999030	__gene_K_rbs	348.000000	0.000000	0.000000
504.999030	__ribosome	0.000000	0.000000	0.000000
504.999030	bound_ecolipol	1890.000000	0.000000	0.000000
504.999030	bound_ribosome	100.000000	0.000000	0.000000
504.999030	ecoli_genome	110.000000	0.000000	0.000000
504.999030	ecoli_transcript	38334.000000	0.000000	0.000000
504.999030	ecolipol	44.000000	0.000000	0.000000
504.999030	gene_A	32.000000	20.000000	0.050000
504.999030	gene_A*	17.000000	20.000000	0.000000
504.999030	gene_B	357.000000	355.000000	0.000000
504.999030	gene_C	232.000000	346.000000	0.000000
504.999030	gene_D	231.000000	342.000000	0.002924
504.999030	gene_E	185.000000	338.000000	0.005917
504.999030	gene_F	106.000000	234.000000	0.008547
504.999030	gene_G	42.000000	172.000000	0.104651
504.999030	gene_H	0.000000	120.000000	0.208333
504.999030	gene_J	108.000000	331.000000	0.151057
504.999030	gene_K	231.000000	348.000000	0.002874
504.999030	promoter_A	1.000000	0.000000	0.000000
504.999030	promoter_B1	0.000000	0.000000	0.000000
504.999030	promoter_D	0.000000	0.000000	0.000000
509.999048	__gene_A*_rbs	20.000000	0.000000	0.000000
509.999048	__gene_A_rbs	20.000000	0.000000	0.000000
509.999048	__gene_B_rbs	359.000000	0.000000	0.000000
509.999048	__gene_C_rbs	349.000000	0.000000	0.000000
509.999048	__gene_D_rbs	345.000000	0.000000	0.000000
509.999048	__gene_E_rbs	342.000000	0.000000	0.000000
509.999048	__gene_F_rbs	237.000000	0.000000	0.000000
509.999048	__gene_G_rbs	174.000000	0.000000	0.000000
509.999048	__gene_H_rbs	122.000000	0.000000	0.000000
509.999048	__gene_J_rbs	334.000000	0.000000	0.000000
509.999048	__gene_K_rbs	351.000000	0.000000	0.000000
509.999048	__ribosome	0.000000	0.000000	0.000000
509.999048	bound_ecolipol	1886.000000	0.000000	0.000000
509.999048	bound_ribosome	100.000000	0.000000	0.000000
509.999048	ecoli_genome	114.000000	0.000000	0.000000
509.999048	ecoli_transcript	38737.000000	0.000000	0.000000
509.999048	ecolipol	45.000000	0.000000	0.000000
509.999048	gene_A	32.000000	20.000000	0.050000
509.999048	gene_A*	17.000000	20.000000	0.000000
509.999048	gene_B	357.000000	359.000000	0.002786
509.999048	gene_C	232.000000	349.000000	0.000000
509.999048	gene_D	231.000000	345.000000	0.002899
509.999048	gene_E	186.000000	342.000000	0.002924
509.999048	gene_F	106.000000	237.000000	0.008439
509.999048	gene_G	42.000000	174.000000	0.109195
509.999048	gene_H	0.000000	122.000000	0.204918
509.999048	gene_J	108.000000	335.000000	0.149254
509.999048	gene_K	232.000000	351.000000	0.000000
509.999048	promoter_A	1.000000	0.000000	0.000000
509.999048	promoter_B1	0.000000	0.000000	0.000000
509.999048	promoter_D	0.000000	0.000000	0.000000
514.999008	__gene_A*_rbs	20.000000	0.000000	0.000000
514.999008	__gene_A_rbs	20.000000	0.000000	0.000000
514.999008	__gene_B_rbs	363.000000	0.000000	0.000000
514.999008	__gene_C_rbs	352.000000	0.000000	0.000000
514.999008	__gene_D_rbs	349.000000	0.000000	0.000000
514.999008	__gene_E_rbs	345.000000	0.000000	0.000000
514.999008	__gene_F_rbs	239.000000	0.000000	0.000000
514.999008	__gene_G_rbs	177.000000	0.000000	0.000000
514.999008	__gene_H_rbs	123.000000	0.000000	0.000000
514.999008	__gene_J_rbs	339.000000	0.000000	0.000000
514.999008	__gene_K_rbs	355.000000	0.000000	0.000000
514.999008	__ribosome	0.000000	0.000000	0.000000
514.999008	bound_ecolipol	1878.000000	0.000000	0.000000
514.999008	bound_ribosome	100.000000	0.000000	0.000000
514.999008	ecoli_genome	122.000000	0.000000	0.000000
514.999008	ecoli_transcript	39096.000000	0.000000	0.000000
514.999008	ecolipol	54.000000	0.000000	0.000000
514.999008	gene_A	32.000000	20.000000	0.050000
514.999008	gene_A*	17.000000	20.000000	0.000000
514.999008	gene_B	357.000000	363.000000	0.005510
514.999008	gene_C	232.000000	352.000000	0.000000
514.999008	gene_D	232.000000	349.000000	0.002865
514.999008	gene_E	187.000000	345.000000	0.000000
514.999008	gene_F	106.000000	239.000000	0.008368
514.999008	gene_G	42.000000	177.000000	0.107345
514.999008	gene_H	0.000000	123.000000	0.203252
514.999008	gene_J	108.000000	339.000000	0.147493
514.999008	gene_K	232.000000	355.000000	0.000000
514.999008	promoter_A	1.000000	0.000000	0.000000
514.999008	promoter_B1	0.000000	0.000000	0.000000
514.999008	promoter_D	0.000000	0.000000	0.000000
519.999009	__gene_A*_rbs	20.000000	0.000000	0.000000
519.999009	__gene_A_rbs	20.000000	0.000000	0.000000
519.999009	__gene_B_rbs	366.000000	0.000000	0.000000
519.999009	__gene_C_rbs	356.000000	0.000000	0.000000
519.999009	__gene_D_rbs	353.000000	0.000000	0.000000
519.999009	__gene_E_rbs	349.000000	0.000000	0.000000
519.999009	__gene_F_rbs	242.000000	0.000000	0.000000
519.999009	__gene_G_rbs	179.000000	0.000000	0.000000
519.999009	__gene_H_rbs	125.000000	0.000000	0.000000
519.999009	__gene_J_rbs	343.000000	0.000000	0.000000
519.999009	__gene_K_rbs	358.000000	0.000000	0.000000
519.999009	__ribosome	0.000000	0.000000	0.000000
519.999009	bound_ecolipol	1890.000000	0.000000	0.000000
519.999009	bound_ribosome	100.000000	0.000000	0.000000
519.999009	ecoli_genome	110.000000	0.000000	0.000000
519.999009	ecoli_transcript	39464.000000	0.000000	0.000000
519.999009	ecolipol	45.000000	0.000000	0.000000
519.999009	gene_A	32.000000	20.000000	0.050000
519.999009	gene_A*	17.000000	20.000000	0.000000
519.999009	gene_B	357.000000	366.000000	0.005464
519.999009	gene_C	232.000000	356.000000	0.000000
519.999009	gene_D	232.000000	353.000000	0.002833
519.999009	gene_E	187.000000	349.000000	0.000000
519.999009	gene_F	106.000000	242.000000	0.008264
519.999009	gene_G	42.000000	179.000000	0.106145
519.999009	gene_H	0.000000	125.000000	0.200000
519.999009	gene_J	108.000000	343.000000	0.145773
519.999009	gene_K	232.000000	358.000000	0.000000
519.999009	promoter_A	1.000000	0.000000	0.000000
519.999009	promoter_B1	0.000000	0.000000	0.000000
519.999009	promoter_D	0.000000	0.000000	0.000000
524.999152	__gene_A*_rbs	20.000000	0.000000	0.000000
524.999152	__gene_A_rbs	20.000000	0.000000	0.000000
524.999152	__gene_B_rbs	370.000000	0.000000	0.000000
524.999152	__gene_C_rbs	360.000000	0.000000	0.000000
524.999152	__gene_D_rbs	356.000000	0.000000	0.000000
524.999152	__gene_E_rbs	353.000000	0.000000	0.000000
524.999152	__gene_F_rbs	244.000000	0.000000	0.000000
524.999152	__gene_G_rbs	181.000000	0.000000	0.000000
524.999152	__gene_H_rbs	125.000000	0.000000	0.000000
524.999152	__gene_J_rbs	346.000000	0.000000	0.000000
524.999152	__gene_K_rbs	362.000000	0.000000	0.000000
524.999152	__ribosome	0.000000	0.000000	0.000000
524.999152	bound_ecolipol	1892.000000	0.000000	0.000000
524.999152	bound_ribosome	100.000000	0.000000	0.000000
524.999152	ecoli_genome	108.000000	0.000000	0.000000
524.999152	ecoli_transcript	39828.000000	0.000000	0.000000
524.999152	ecolipol	45.000000	0.000000	0.000000
524.999152	gene_A	32.000000	20.000000	0.050000
524.999152	gene_A*	17.000000	20.000000	0.000000
524.999152	gene_B	359.000000	370.000000	0.000000
524.999152	gene_C	232.000000	360.000000	0.000000
524.999152	gene_D	232.000000	356.000000	0.005618
524.999152	gene_E	187.000000	353.000000	0.000000
524.999152	gene_F	106.000000	244.000000	0.008197
524.999152	gene_G	43.000000	181.000000	0.099448
524.999152	gene_H	0.000000	125.000000	0.200000
524.999152	gene_J	109.000000	346.000000	0.150289
524.999152	gene_K	232.000000	362.000000	0.000000
524.999152	promoter_A	1.000000	0.000000	0.000000
524.999152	promoter_B1	0.000000	0.000000	0.000000
524.999152	promoter_D	0.000000	0.000000	0.000000
529.999602	__gene_A*_rbs	20.000000	0.000000	0.000000
529.999602	__gene_A_rbs	20.000000	0.000000	0.000000
529.999602	__gene_B_rbs	374.000000	0.000000	0.000000
529.999602	__gene_C_rbs	364.000000	0.000000	0.000000
529.999602	__gene_D_rbs	359.000000	0.000000	0.000000
529.999602	__gene_E_rbs	356.000000	0.000000	0.000000
529.999602	__gene_F_rbs	246.000000	0.000000	0.000000
529.999602	__gene_G_rbs	182.000000	0.000000	0.000000
529.999602	__gene_H_rbs	128.000000	0.000000	0.000000
529.999602	__gene_J_rbs	349.000000	0.000000	0.000000
529.999602	__gene_K_rbs	365.000000	0.000000	0.000000
529.999602	__ribosome	0.000000	0.000000	0.000000
529.999602	bound_ecolipol	1879.000000	0.000000	0.000000
529.999602	bound_ribosome	100.000000	0.000000	0.000000
529.999602	ecoli_genome	121.000000	0.000000	0.000000
529.999602	ecoli_transcript	40216.000000	0.000000	0.000000
529.999602	ecolipol	55.000000	0.000000	0.000000
529.999602	gene_A	32.000000	20.000000	0.050000
529.999602	gene_A*	17.000000	20.000000	0.000000
529.999602	gene_B	359.000000	374.000000	0.002674
529.999602	gene_C	232.000000	364.000000	0.000000
529.999602	gene_D	233.000000	359.000000	0.002786
529.999602	gene_E	187.000000	356.000000	0.002809
529.999602	gene_F	106.000000	246.000000	0.008130
529.999602	gene_G	43.000000	182.000000	0.098901
529.999602	gene_H	0.000000	128.000000	0.195312
529.999602	gene_J	112.000000	350.000000	0.145714
529.999602	gene_K	232.000000	365.000000	0.000000
529.999602	promoter_A	0.000000	0.000000	0.000000
529.999602	promoter_B1	0.000000	0.000000	0.000000
529.999602	promoter_D	0.000000	0.000000	0.000000
534.999434	__gene_A*_rbs	20.000000	0.000000	0.000000
534.999434	__gene_A_rbs	21.000000	0.000000	0.000000
534.999434	__gene_B_rbs	377.000000	0.000000	0.000000
534.999434	__gene_C_rbs	367.000000	0.000000	0.000000
534.999434	__gene_D_rbs	363.000000	0.000000	0.000000
534.999434	__gene_E_rbs	359.000000	0.000000	0.000000
534.999434	__gene_F_rbs	249.000000	0.000000	0.000000
534.999434	__gene_G_rbs	183.000000	0.000000	0.000000
534.999434	__gene_H_rbs	130.000000	0.000000	0.000000
534.999434	__gene_J_rbs	353.000000	0.000000	0.000000
534.999434	__gene_K_rbs	369.000000	0.000000	0.000000
534.999434	__ribosome	0.000000	0.000000	0.000000
534.999434	bound_ecolipol	1889.000000	0.000000	0.000000
534.999434	bound_ribosome	100.000000	0.000000	0.000000
534.999434	ecoli_genome	111.000000	0.000000	0.000000
534.999434	ecoli_transcript	40606.000000	0.000000	0.000000
534.999434	ecolipol	41.000000	0.000000	0.000000
534.999434	gene_A	32.000000	21.000000	0.047619
534.999434	gene_A*	17.000000	20.000000	0.000000
534.999434	gene_B	359.000000	377.000000	0.002653
534.999434	gene_C	232.000000	367.000000	0.000000
534.999434	gene_D	233.000000	363.000000	0.002755
534.999434	gene_E	187.000000	359.000000	0.002786
534.999434	gene_F	106.000000	249.000000	0.008032
534.999434	gene_G	43.000000	183.000000	0.098361
534.999434	gene_H	0.000000	130.000000	0.192308
534.999434	gene_J	112.000000	353.000000	0.144476
534.999434	gene_K	232.000000	369.000000	0.000000
534.999434	promoter_A	1.000000	0.000000	0.000000
534.999434	promoter_B1	0.000000	0.000000	0.000000
534.999434	promoter_D	0.000000	0.000000	0.000000
539.999102	__gene_A*_rbs	20.000000	0.000000	0.000000
539.999102	__gene_A_rbs	21.000000	0.000000	0.000000
539.999102	__gene_B_rbs	381.000000	0.000000	0.000000
539.999102	__gene_C_rbs	371.000000	0.000000	0.000000
539.999102	__gene_D_rbs	367.000000	0.000000	0.000000
539.999102	__gene_E_rbs	362.000000	0.000000	0.000000
539.999102	__gene_F_rbs	253.000000	0.000000	0.000000
539.999102	__gene_G_rbs	185.000000	0.000000	0.000000
539.999102	__gene_H_rbs	131.000000	0.000000	0.000000
539.999102	__gene_J_rbs	355.000000	0.000000	0.000000
539.999102	__gene_K_rbs	372.000000	0.000000	0.000000
539.999102	__ribosome	0.000000	0.000000	0.000000
539.999102	bound_ecolipol	1884.000000	0.000000	0.000000
539.999102	bound_ribosome	100.000000	0.000000	0.000000
539.999102	ecoli_genome	116.000000	0.000000	0.000000
539.999102	ecoli_transcript	41004.000000	0.000000	0.000000
539.999102	ecolipol	49.000000	0.000000	0.000000
539.999102	gene_A	32.000000	21.000000	0.047619
539.999102	gene_A*	17.000000	20.000000	0.000000
539.999102	gene_B	360.000000	381.000000	0.000000
539.999102	gene_C	232.000000	371.000000	0.002695
539.999102	gene_D	233.000000	367.000000	0.002725
539.999102	gene_E	188.000000	362.000000	0.002762
539.999102	gene_F	107.000000	253.000000	0.003953
539.999102	gene_G	43.000000	185.000000	0.097297
539.999102	gene_H	0.000000	131.000000	0.198473
539.999102	gene_J	112.000000	356.000000	0.143258
539.999102	gene_K	232.000000	372.000000	0.000000
539.999102	promoter_A	1.000000	0.000000	0.000000
539.999102	promoter_B1	0.000000	0.000000	0.000000
539.999102	promoter_D	0.000000	0.000000	0.000000
544.999194	__gene_A*_rbs	20.000000	0.000000	0.000000
544.999194	__gene_A_rbs	21.000000	0.000000	0.000000
544.999194	__gene_B_rbs	384.000000	0.000000	0.000000
544.999194	__gene_C_rbs	374.000000	0.000000	0.000000
544.999194	__gene_D_rbs	371.000000	0.000000	0.000000
544.999194	__gene_E_rbs	366.000000	0.000000	0.000000
544.999194	__gene_F_rbs	254.000000	0.000000	0.000000
544.999194	__gene_G_rbs	187.000000	0.000000	0.000000
544.999194	__gene_H_rbs	132.000000	0.000000	0.000000
544.999194	__gene_J_rbs	360.000000	0.000000	0.000000
544.999194	__gene_K_rbs	376.000000	0.000000	0.000000
544.999194	__ribosome	0.000000	0.000000	0.000000
544.999194	bound_ecolipol	1894.000000	0.000000	0.000000
544.999194	bound_ribosome	100.000000	0.000000	0.000000
544.999194	ecoli_genome	106.000000	0.000000	0.000000
544.999194	ecoli_transcript	41391.000000	0.000000	0.000000
544.999194	ecolipol	36.000000	0.000000	0.000000
544.999194	gene_A	32.000000	21.000000	0.047619
544.999194	gene_A*	17.000000	20.000000	0.000000
544.999194	gene_B	360.000000	384.000000	0.000000
544.999194	gene_C	232.000000	374.000000	0.002674
544.999194	gene_D	234.000000	371.000000	0.002695
544.999194	gene_E	188.000000	366.000000	0.002732
544.999194	gene_F	107.000000	254.000000	0.003937
544.999194	gene_G	43.000000	187.000000	0.096257
544.999194	gene_H	0.000000	132.000000	0.196970
544.999194	gene_J	112.000000	360.000000	0.141667
544.999194	gene_K	232.000000	376.000000	0.000000
544.999194	promoter_A	1.000000	0.000000	0.000000
544.999194	promoter_B1	0.000000	0.000000	0.000000
544.999194	promoter_D	0.000000	0.000000	0.000000
549.999013	__gene_A*_rbs	21.000000	0.000000	0.000000
549.999013	__gene_A_rbs	21.000000	0.000000	0.000000
549.999013	__gene_B_rbs	388.000000	0.000000	0.000000
549.999013	__gene_C_rbs	378.000000	0.000000	0.000000
549.999013	__gene_D_rbs	374.000000	0.000000	0.000000
549.999013	__gene_E_rbs	370.000000	0.000000	0.000000
549.999013	__gene_F_rbs	257.000000	0.000000	0.000000
549.999013	__gene_G_rbs	189.000000	0.000000	0.000000
549.999013	__gene_H_rbs	132.000000	0.000000	0.000000
549.999013	__gene_J_rbs	363.000000	0.000000	0.000000
549.999013	__gene_K_rbs	380.000000	0.000000	0.000000
549.999013	__ribosome	0.000000	0.000000	0.000000
549.999013	bound_ecolipol	1886.000000	0.000000	0.000000
549.999013	bound_ribosome	100.000000	0.000000	0.000000
549.999013	ecoli_genome	114.000000	0.000000	0.000000
549.999013	ecoli_transcript	41771.000000	0.000000	0.000000
549.999013	ecolipol	44.000000	0.000000	0.000000
549.999013	gene_A	32.000000	21.000000	0.047619
549.999013	gene_A*	17.000000	21.000000	0.000000
549.999013	gene_B	360.000000	388.000000	0.000000
549.999013	gene_C	233.000000	378.000000	0.002646
549.999013	gene_D	234.000000	374.000000	0.008021
549.999013	gene_E	189.000000	370.000000	0.000000
549.999013	gene_F	108.000000	257.000000	0.000000
549.999013	gene_G	43.000000	189.000000	0.095238
549.999013	gene_H	0.000000	132.000000	0.196970
549.999013	gene_J	112.000000	363.000000	0.140496
549.999013	gene_K	232.000000	380.000000	0.000000
549.999013	promoter_A	1.000000	0.000000	0.000000
549.999013	promoter_B1	0.000000	0.000000	0.000000
549.999013	promoter_D	0.000000	0.000000	0.000000
554.999195	__gene_A*_rbs	21.000000	0.000000	0.000000
554.999195	__gene_A_rbs	21.000000	0.000000	0.000000
554.999195	__gene_B_rbs	392.000000	0.000000	0.000000
554.999195	__gene_C_rbs	382.000000	0.000000	0.000000
554.999195	__gene_D_rbs	378.000000	0.000000	0.000000
554.999195	__gene_E_rbs	374.000000	0.000000	0.000000
554.999195	__gene_F_rbs	260.000000	0.000000	0.000000
554.999195	__gene_G_rbs	192.000000	0.000000	0.000000
554.999195	__gene_H_rbs	134.000000	0.000000	0.000000
554.999195	__gene_J_rbs	366.000000	0.000000	0.000000
554.999195	__gene_K_rbs	384.000000	0.000000	0.000000
554.999195	__ribosome	0.000000	0.000000	0.000000
554.999195	bound_ecolipol	1889.000000	0.000000	0.000000
554.999195	bound_ribosome	100.000000	0.000000	0.000000
554.999195	ecoli_genome	111.000000	0.000000	0.000000
554.999195	ecoli_transcript	42176.000000	0.000000	0.000000
554.999195	ecolipol	43.000000	0.000000	0.000000
554.999195	gene_A	33.000000	21.000000	0.000000
554.999195	gene_A*	17.000000	21.000000	0.000000
554.999195	gene_B	360.000000	392.000000	0.000000
554.999195	gene_C	233.000000	382.000000	0.002618
554.999195	gene_D	234.000000	378.000000	0.007937
554.999195	gene_E	189.000000	374.000000	0.000000
554.999195	gene_F	108.000000	260.000000	0.003846
554.999195	gene_G	43.000000	192.000000	0.093750
554.999195	gene_H	0.000000	134.000000	0.194030
554.999195	gene_J	112.000000	367.000000	0.138965
554.999195	gene_K	232.000000	384.000000	0.000000
554.999195	promoter_A	1.000000	0.000000	0.000000
554.999195	promoter_B1	0.000000	0.000000	0.000000
554.999195	promoter_D	0.000000	0.000000	0.000000
559.999493	__gene_A*_rbs	21.000000	0.000000	0.000000
559.999493	__gene_A_rbs	21.000000	0.000000	0.000000
559.999493	__gene_B_rbs	395.000000	0.000000	0.000000
559.999493	__gene_C_rbs	386.000000	0.000000	0.000000
559.999493	__gene_D_rbs	381.000000	0.000000	0.000000
559.999493	__gene_E_rbs	377.000000	0.000000	0.000000
559.999493	__gene_F_rbs	263.000000	0.000000	0.000000
559.999493	__gene_G_rbs	193.000000	0.000000	0.000000
559.999493	__gene_H_rbs	134.000000	0.000000	0.000000
559.999493	__gene_J_rbs	371.000000	0.000000	0.000000
559.999493	__gene_K_rbs	387.000000	0.000000	0.000000
559.999493	__ribosome	0.000000	0.000000	0.000000
559.999493	bound_ecolipol	1890.000000	0.000000	0.000000
559.999493	bound_ribosome	100.000000	0.000000	0.000000
559.999493	ecoli_genome	110.000000	0.000000	0.000000
559.999493	ecoli_transcript	42561.000000	0.000000	0.000000
559.999493	ecolipol	41.000000	0.000000	0.000000
559.999493	gene_A	33.000000	21.000000	0.000000
559.999493	gene_A*	17.000000	21.000000	0.000000
559.999493	gene_B	360.000000	395.000000	0.000000
559.999493	gene_C	234.000000	386.000000	0.000000
559.999493	gene_D	235.000000	381.000000	0.005249
559.999493	gene_E	189.000000	377.000000	0.002653
559.999493	gene_F	108.000000	263.000000	0.003802
559.999493	gene_G	43.000000	193.000000	0.093264
559.999493	gene_H	0.000000	134.000000	0.194030
559.999493	gene_J	112.000000	371.000000	0.137466
559.999493	gene_K	232.000000	387.000000	0.002584
559.999493	promoter_A	0.000000	0.000000	0.000000
559.999493	promoter_B1	0.000000	0.000000	0.000000
559.999493	promoter_D	0.000000	0.000000	0.000000
564.999012	__gene_A*_rbs	21.000000	0.000000	0.000000
564.999012	__gene_A_rbs	22.000000	0.000000	0.000000
564.999012	__gene_B_rbs	399.000000	0.000000	0.000000
564.999012	__gene_C_rbs	389.000000	0.000000	0.000000
564.999012	__gene_D_rbs	385.000000	0.000000	0.000000
564.999012	__gene_E_rbs	381.000000	0.000000	0.000000
564.999012	__gene_F_rbs	265.000000	0.000000	0.000000
564.999012	__gene_G_rbs	196.000000	0.000000	0.000000
564.999012	__gene_H_rbs	136.000000	0.000000	0.000000
564.999012	__gene_J_rbs	374.000000	0.000000	0.000000
564.999012	__gene_K_rbs	391.000000	0.000000	0.000000
564.999012	__ribosome	0.000000	0.000000	0.000000
564.999012	bound_ecolipol	1885.000000	0.000000	0.000000
564.999012	bound_ribosome	100.000000	0.000000	0.000000
564.999012	ecoli_genome	115.000000	0.000000	0.000000
564.999012	ecoli_transcript	42965.000000	0.000000	0.000000
564.999012	ecolipol	46.000000	0.000000	0.000000
564.999012	gene_A	33.000000	22.000000	0.000000
564.999012	gene_A*	17.000000	21.000000	0.000000
564.999012	gene_B	360.000000	399.000000	0.005013
564.999012	gene_C	234.000000	389.000000	0.000000
564.999012	gene_D	237.000000	385.000000	0.000000
564.999012	gene_E	189.000000	381.000000	0.005249
564.999012	gene_F	108.000000	265.000000	0.003774
564.999012	gene_G	43.000000	196.000000	0.091837
564.999012	gene_H	0.000000	136.000000	0.191176
564.999012	gene_J	112.000000	374.000000	0.136364
564.999012	gene_K	233.000000	391.000000	0.000000
564.999012	promoter_A	1.000000	0.000000	0.000000
564.999012	promoter_B1	0.000000	0.000000	0.000000
564.999012	promoter_D	0.000000	0.000000	0.000000
569.999190	__gene_A*_rbs	21.000000	0.000000	0.000000
569.999190	__gene_A_rbs	22.000000	0.000000	0.000000
569.999190	__gene_B_rbs	402.000000	0.000000	0.000000
569.999190	__gene_C_rbs	393.000000	0.000000	0.000000
569.999190	__gene_D_rbs	389.000000	0.000000	0.000000
569.999190	__gene_E_rbs	385.000000	0.000000	0.000000
569.999190	__gene_F_rbs	268.000000	0.000000	0.000000
569.999190	__gene_G_rbs	197.000000	0.000000	0.000000
569.999190	__gene_H_rbs	138.000000	0.000000	0.000000
569.999190	__gene_J_rbs	378.000000	0.000000	0.000000
569.999190	__gene_K_rbs	394.000000	0.000000	0.000000
569.999190	__ribosome	0.000000	0.000000	0.000000
569.999190	bound_ecolipol	1895.000000	0.000000	0.000000
569.999190	bound_ribosome	100.000000	0.000000	0.000000
569.999190	ecoli_genome	105.000000	0.000000	0.000000
569.999190	ecoli_transcript	43336.000000	0.000000	0.000000
569.999190	ecolipol	35.000000	0.000000	0.000000
569.999190	gene_A	33.000000	22.000000	0.000000
569.999190	gene_A*	17.000000	21.000000	0.000000
569.999190	gene_B	360.000000	402.000000	0.007463
569.999190	gene_C	234.000000	393.000000	0.000000
569.999190	gene_D	237.000000	389.000000	0.000000
569.999190	gene_E	190.000000	385.000000	0.002597
569.999190	gene_F	108.000000	268.000000	0.003731
569.999190	gene_G	43.000000	197.000000	0.091371
569.999190	gene_H	0.000000	138.000000	0.188406
569.999190	gene_J	112.000000	378.000000	0.134921
569.999190	gene_K	233.000000	394.000000	0.000000
569.999190	promoter_A	0.000000	0.000000	0.000000
569.999190	promoter_B1	0.000000	0.000000	0.000000
569.999190	promoter_D	0.000000	0.000000	0.000000
574.999051	__gene_A*_rbs	22.000000	0.000000	0.000000
574.999051	__gene_A_rbs	23.000000	0.000000	0.000000
574.999051	__gene_B_rbs	406.000000	0.000000	0.000000
574.999051	__gene_C_rbs	396.000000	0.000000	0.000000
574.999051	__gene_D_rbs	392.000000	0.000000	0.000000
574.999051	__gene_E_rbs	389.000000	0.000000	0.000000
574.999051	__gene_F_rbs	271.000000	0.000000	0.000000
574.999051	__gene_G_rbs	199.000000	0.000000	0.000000
574.999051	__gene_H_rbs	138.000000	0.000000	0.000000
574.999051	__gene_J_rbs	382.000000	0.000000	0.000000
574.999051	__gene_K_rbs	398.000000	0.000000	0.000000
574.999051	__ribosome	0.000000	0.000000	0.000000
574.999051	bound_ecolipol	1899.000000	0.000000	0.000000
574.999051	bound_ribosome	100.000000	0.000000	0.000000
574.999051	ecoli_genome	101.000000	0.000000	0.000000
574.999051	ecoli_transcript	43698.000000	0.000000	0.000000
574.999051	ecolipol	29.000000	0.000000	0.000000
574.999051	gene_A	33.000000	23.000000	0.000000
574.999051	gene_A*	17.000000	22.000000	0.000000
574.999051	gene_B	361.000000	406.000000	0.004926
574.999051	gene_C	234.000000	396.000000	0.000000
574.999051	gene_D	237.000000	392.000000	0.000000
574.999051	gene_E	191.000000	389.000000	0.002571
574.999051	gene_F	108.000000	271.000000	0.007380
574.999051	gene_G	43.000000	199.000000	0.090452
574.999051	gene_H	0.000000	138.000000	0.188406
574.999051	gene_J	112.000000	382.000000	0.133508
574.999051	gene_K	233.000000	398.000000	0.000000
574.999051	promoter_A	1.000000	0.000000	0.000000
574.999051	promoter_B1	0.000000	0.000000	0.000000
574.999051	promoter_D	0.000000	0.000000	0.000000
579.999079	__gene_A*_rbs	22.000000	0.000000	0.000000
579.999079	__gene_A_rbs	23.000000	0.000000	0.000000
579.999079	__gene_B_rbs	409.000000	0.000000	0.000000
579.999079	__gene_C_rbs	400.000000	0.000000	0.000000
579.999079	__gene_D_rbs	396.000000	0.000000	0.000000
579.999079	__gene_E_rbs	392.000000	0.000000	0.000000
579.999079	__gene_F_rbs	273.000000	0.000000	0.000000
579.999079	__gene_G_rbs	200.000000	0.000000	0.000000
579.999079	__gene_H_rbs	140.000000	0.000000	0.000000
579.999079	__gene_J_rbs	385.000000	0.000000	0.000000
579.999079	__gene_K_rbs	402.000000	0.000000	0.000000
579.999079	__ribosome	0.000000	0.000000	0.000000
579.999079	bound_ecolipol	1883.000000	0.000000	0.000000
579.999079	bound_ribosome	100.000000	0.000000	0.000000
579.999079	ecoli_genome	117.000000	0.000000	0.000000
579.999079	ecoli_transcript	44078.000000	0.000000	0.000000
579.999079	ecolipol	45.000000	0.000000	0.000000
579.999079	gene_A	33.000000	23.000000	0.000000
579.999079	gene_A*	17.000000	22.000000	0.000000
579.999079	gene_B	362.000000	409.000000	0.002445
579.999079	gene_C	234.000000	400.000000	0.000000
579.999079	gene_D	237.000000	396.000000	0.000000
579.999079	gene_E	191.000000	392.000000	0.002551
579.999079	gene_F	108.000000	273.000000	0.007326
579.999079	gene_G	43.000000	200.000000	0.090000
579.999079	gene_H	0.000000	140.000000	0.192857
579.999079	gene_J	112.000000	385.000000	0.132468
579.999079	gene_K	233.000000	402.000000	0.000000
579.999079	promoter_A	1.000000	0.000000	0.000000
579.999079	promoter_B1	0.000000	0.000000	0.000000
579.999079	promoter_D	0.000000	0.000000	0.000000
584.999123	__gene_A*_rbs	23.000000	0.000000	0.000000
584.999123	__gene_A_rbs	23.000000	0.000000	0.000000
584.999123	__gene_B_rbs	413.000000	0.000000	0.000000
584.999123	__gene_C_rbs	403.000000	0.000000	0.000000
584.999123	__gene_D_rbs	400.000000	0.000000	0.000000
584.999123	__gene_E_rbs	396.000000	0.000000	0.000000
584.999123	__gene_F_rbs	276.000000	0.000000	0.000000
584.999123	__gene_G_rbs	203.000000	0.000000	0.000000
584.999123	__gene_H_rbs	142.000000	0.000000	0.000000
584.999123	__gene_J_rbs	389.000000	0.000000	0.000000
584.999123	__gene_K_rbs	405.000000	0.000000	0.000000
584.999123	__ribosome	0.000000	0.000000	0.000000
584.999123	bound_ecolipol	1881.000000	0.000000	0.000000
584.999123	bound_ribosome	100.000000	0.000000	0.000000
584.999123	ecoli_genome	119.000000	0.000000	0.000000
584.999123	ecoli_transcript	44478.000000	0.000000	0.000000
584.999123	ecolipol	47.000000	0.000000	0.000000
584.999123	gene_A	33.000000	23.000000	0.000000
584.999123	gene_A*	17.000000	23.000000	0.000000
584.999123	gene_B	363.000000	413.000000	0.000000
584.999123	gene_C	234.000000	403.000000	0.000000
584.999123	gene_D	237.000000	400.000000	0.002500
584.999123	gene_E	192.000000	396.000000	0.000000
584.999123	gene_F	108.000000	276.000000	0.007246
584.999123	gene_G	43.000000	203.000000	0.088670
584.999123	gene_H	0.000000	142.000000	0.197183
584.999123	gene_J	112.000000	389.000000	0.131105
584.999123	gene_K	233.000000	405.000000	0.000000
584.999123	promoter_A	1.000000	0.000000	0.000000
584.999123	promoter_B1	0.000000	0.000000	0.000000
584.999123	promoter_D	0.000000	0.000000	0.000000
589.999271	__gene_A*_rbs	23.000000	0.000000	0.000000
589.999271	__gene_A_rbs	24.000000	0.000000	0.000000
589.999271	__gene_B_rbs	417.000000	0.000000	0.000000
589.999271	__gene_C_rbs	407.000000	0.000000	0.000000
589.999271	__gene_D_rbs	404.000000	0.000000	0.000000
589.999271	__gene_E_rbs	399.000000	0.000000	0.000000
589.999271	__gene_F_rbs	279.000000	0.000000	0.000000
589.999271	__gene_G_rbs	206.000000	0.000000	0.000000
589.999271	__gene_H_rbs	143.000000	0.000000	0.000000
589.999271	__gene_J_rbs	393.000000	0.000000	0.000000
589.999271	__gene_K_rbs	408.000000	0.000000	0.000000
589.999271	__ribosome	0.000000	0.000000	0.000000
589.999271	bound_ecolipol	1876.000000	0.000000	0.000000
589.999271	bound_ribosome	100.000000	0.000000	0.000000
589.999271	ecoli_genome	124.000000	0.000000	0.000000
589.999271	ecoli_transcript	44861.000000	0.000000	0.000000
589.999271	ecolipol	50.000000	0.000000	0.000000
589.999271	gene_A	33.000000	24.000000	0.000000
589.999271	gene_A*	17.000000	23.000000	0.000000
589.999271	gene_B	363.000000	417.000000	0.000000
589.999271	gene_C	234.000000	407.000000	0.000000
589.999271	gene_D	237.000000	404.000000	0.002475
589.999271	gene_E	192.000000	399.000000	0.000000
589.999271	gene_F	108.000000	279.000000	0.007168
589.999271	gene_G	43.000000	206.000000	0.087379
589.999271	gene_H	0.000000	143.000000	0.195804
589.999271	gene_J	112.000000	393.000000	0.129771
589.999271	gene_K	233.000000	408.000000	0.000000
589.999271	promoter_A	1.000000	0.000000	0.000000
589.999271	promoter_B1	0.000000	0.000000	0.000000
589.999271	promoter_D	0.000000	0.000000	0.000000
594.999181	__gene_A*_rbs	23.000000	0.000000	0.000000
594.999181	__gene_A_rbs	24.000000	0.000000	0.000000
594.999181	__gene_B_rbs	421.000000	0.000000	0.000000
594.999181	__gene_C_rbs	410.000000	0.000000	0.000000
594.999181	__gene_D_rbs	406.000000	0.000000	0.000000
594.999181	__gene_E_rbs	403.000000	0.000000	0.000000
594.999181	__gene_F_rbs	281.000000	0.000000	0.000000
594.999181	__gene_G_rbs	209.000000	0.000000	0.000000
594.999181	__gene_H_rbs	144.000000	0.000000	0.000000
594.999181	__gene_J_rbs	397.000000	0.000000	0.000000
594.999181	__gene_K_rbs	412.000000	0.000000	0.000000
594.999181	__ribosome	0.000000	0.000000	0.000000
594.999181	bound_ecolipol	1892.000000	0.000000	0.000000
594.999181	bound_ribosome	100.000000	0.000000	0.000000
594.999181	ecoli_genome	108.000000	0.000000	0.000000
594.999181	ecoli_transcript	45265.000000	0.000000	0.000000
594.999181	ecolipol	37.000000	0.000000	0.000000
594.999181	gene_A	33.000000	24.000000	0.000000
594.999181	gene_A*	17.000000	23.000000	0.000000
594.999181	gene_B	363.000000	421.000000	0.002375
594.999181	gene_C	234.000000	410.000000	0.000000
594.999181	gene_D	237.000000	406.000000	0.002463
594.999181	gene_E	192.000000	403.000000	0.000000
594.999181	gene_F	109.000000	281.000000	0.003559
594.999181	gene_G	43.000000	209.000000	0.086124
594.999181	gene_H	0.000000	144.000000	0.194444
594.999181	gene_J	112.000000	397.000000	0.128463
594.999181	gene_K	233.000000	412.000000	0.000000
594.999181	promoter_A	1.000000	0.000000	0.000000
594.999181	promoter_B1	0.000000	0.000000	0.000000
594.999181	promoter_D	0.000000	0.000000	0.000000
599.999139	__gene_A*_rbs	23.000000	0.000000	0.000000
599.999139	__gene_A_rbs	24.000000	0.000000	0.000000
599.999139	__gene_B_rbs	424.000000	0.000000	0.000000
599.999139	__gene_C_rbs	414.000000	0.000000	0.000000
599.999139	__gene_D_rbs	410.000000	0.000000	0.000000
599.999139	__gene_E_rbs	406.000000	0.000000	0.000000
599.999139	__gene_F_rbs	284.000000	0.000000	0.000000
599.999139	__gene_G_rbs	210.000000	0.000000	0.000000
599.999139	__gene_H_rbs	147.000000	0.000000	0.000000
599.999139	__gene_J_rbs	400.000000	0.000000	0.000000
599.999139	__gene_K_rbs	415.000000	0.000000	0.000000
599.999139	__ribosome	0.000000	0.000000	0.000000
599.999139	bound_ecolipol	1879.000000	0.000000	0.000000
599.999139	bound_ribosome	100.000000	0.000000	0.000000
599.999139	ecoli_genome	121.000000	0.000000	0.000000
599.999139	ecoli_transcript	45635.000000	0.000000	0.000000
599.999139	ecolipol	47.000000	0.000000	0.000000
599.999139	gene_A	33.000000	24.000000	0.000000
599.999139	gene_A*	17.000000	23.000000	0.000000
599.999139	gene_B	363.000000	424.000000	0.002358
599.999139	gene_C	234.000000	414.000000	0.000000
599.999139	gene_D	238.000000	410.000000	0.000000
599.999139	gene_E	192.000000	406.000000	0.000000
599.999139	gene_F	109.000000	284.000000	0.003521
599.999139	gene_G	43.000000	210.000000	0.085714
599.999139	gene_H	0.000000	147.000000	0.190476
599.999139	gene_J	112.000000	400.000000	0.130000
599.999139	gene_K	233.000000	415.000000	0.000000
599.999139	promoter_A	1.000000	0.000000	0.000000
599.999139	promoter_B1	0.000000	0.000000	0.000000
599.999139	promoter_D	0.000000	0.000000	0.000000
604.999464	__gene_A*_rbs	24.000000	0.000000	0.000000
604.999464	__gene_A_rbs	24.000000	0.000000	0.000000
604.999464	__gene_B_rbs	428.000000	0.000000	0.000000
604.999464	__gene_C_rbs	417.000000	0.000000	0.000000
604.999464	__gene_D_rbs	414.000000	0.000000	0.000000
604.999464	__gene_E_rbs	410.000000	0.000000	0.000000
604.999464	__gene_F_rbs	287.000000	0.000000	0.000000
604.999464	__gene_G_rbs	214.000000	0.000000	0.000000
604.999464	__gene_H_rbs	149.000000	0.000000	0.000000
604.999464	__gene_J_rbs	404.000000	0.000000	0.000000
604.999464	__gene_K_rbs	419.000000	0.000000	0.000000
604.999464	__ribosome	0.000000	0.000000	0.000000
604.999464	bound_ecolipol	1887.000000	0.000000	0.000000
604.999464	bound_ribosome	100.000000	0.000000	0.000000
604.999464	ecoli_genome	113.000000	0.000000	0.000000
604.999464	ecoli_transcript	45974.000000	0.000000	0.000000
604.999464	ecolipol	40.000000	0.000000	0.000000
604.999464	gene_A	33.000000	24.000000	0.000000
604.999464	gene_A*	17.000000	24.000000	0.000000
604.999464	gene_B	364.000000	428.000000	0.000000
604.999464	gene_C	234.000000	417.000000	0.000000
604.999464	gene_D	238.000000	414.000000	0.000000
604.999464	gene_E	192.000000	410.000000	0.000000
604.999464	gene_F	109.000000	287.000000	0.003484
604.999464	gene_G	43.000000	214.000000	0.084112
604.999464	gene_H	0.000000	149.000000	0.187919
604.999464	gene_J	112.000000	404.000000	0.131188
604.999464	gene_K	233.000000	419.000000	0.000000
604.999464	promoter_A	1.000000	0.000000	0.000000
604.999464	promoter_B1	0.000000	0.000000	0.000000
604.999464	promoter_D	0.000000	0.000000	0.000000
609.999316	__gene_A*_rbs	24.000000	0.000000	0.000000
609.999316	__gene_A_rbs	24.000000	0.000000	0.000000
609.999316	__gene_B_rbs	431.000000	0.000000	0.000000
609.999316	__gene_C_rbs	421.000000	0.000000	0.000000
609.999316	__gene_D_rbs	418.000000	0.000000	0.000000
609.999316	__gene_E_rbs	413.000000	0.000000	0.000000
609.999316	__gene_F_rbs	289.000000	0.000000	0.000000
609.999316	__gene_G_rbs	216.000000	0.000000	0.000000
609.999316	__gene_H_rbs	151.000000	0.000000	0.000000
609.999316	__gene_J_rbs	407.000000	0.000000	0.000000
609.999316	__gene_K_rbs	423.000000	0.000000	0.000000
609.999316	__ribosome	0.000000	0.000000	0.000000
609.999316	bound_ecolipol	1890.000000	0.000000	0.000000
609.999316	bound_ribosome	100.000000	0.000000	0.000000
609.999316	ecoli_genome	110.000000	0.000000	0.000000
609.999316	ecoli_transcript	46314.000000	0.000000	0.000000
609.999316	ecolipol	39.000000	0.000000	0.000000
609.999316	gene_A	33.000000	24.000000	0.000000
609.999316	gene_A*	17.000000	24.000000	0.000000
609.999316	gene_B	364.000000	431.000000	0.000000
609.999316	gene_C	234.000000	421.000000	0.002375
609.999316	gene_D	238.000000	418.000000	0.000000
609.999316	gene_E	192.000000	413.000000	0.000000
609.999316	gene_F	109.000000	289.000000	0.003460
609.999316	gene_G	43.000000	216.000000	0.083333
609.999316	gene_H	0.000000	151.000000	0.185430
609.999316	gene_J	113.000000	407.000000	0.127764
609.999316	gene_K	233.000000	423.000000	0.000000
609.999316	promoter_A	1.000000	0.000000	0.000000
609.999316	promoter_B1	0.000000	0.000000	0.000000
609.999316	promoter_D	0.000000	0.000000	0.000000
614.999019	__gene_A*_rbs	24.000000	0.000000	0.000000
614.999019	__gene_A_rbs	24.000000	0.000000	0.000000
614.999019	__gene_B_rbs	436.000000	0.000000	0.000000
614.999019	__gene_C_rbs	425.000000	0.000000	0.000000
614.999019	__gene_D_rbs	421.000000	0.000000	0.000000
614.999019	__gene_E_rbs	417.000000	0.000000	0.000000
614.999019	__gene_F_rbs	290.000000	0.000000	0.000000
614.999019	__gene_G_rbs	217.000000	0.000000	0.000000
614.999019	__gene_H_rbs	152.000000	0.000000	0.000000
614.999019	__gene_J_rbs	411.000000	0.000000	0.000000
614.999019	__gene_K_rbs	427.000000	0.000000	0.000000
614.999019	__ribosome	0.000000	0.000000	0.000000
614.999019	bound_ecolipol	1885.000000	0.000000	0.000000
614.999019	bound_ribosome	100.000000	0.000000	0.000000
614.999019	ecoli_genome	115.000000	0.000000	0.000000
614.999019	ecoli_transcript	46679.000000	0.000000	0.000000
614.999019	ecolipol	44.000000	0.000000	0.000000
614.999019	gene_A	33.000000	24.000000	0.000000
614.999019	gene_A*	17.000000	24.000000	0.000000
614.999019	gene_B	364.000000	436.000000	0.000000
614.999019	gene_C	234.000000	425.000000	0.002353
614.999019	gene_D	238.000000	421.000000	0.000000
614.999019	gene_E	192.000000	417.000000	0.000000
614.999019	gene_F	109.000000	290.000000	0.003448
614.999019	gene_G	43.000000	217.000000	0.082949
614.999019	gene_H	0.000000	152.000000	0.184211
614.999019	gene_J	113.000000	411.000000	0.126521
614.999019	gene_K	233.000000	427.000000	0.000000
614.999019	promoter_A	0.000000	0.000000	0.000000
614.999019	promoter_B1	0.000000	0.000000	0.000000
614.999019	promoter_D	0.000000	0.000000	0.000000
619.999065	__gene_A*_rbs	24.000000	0.000000	0.000000
619.999065	__gene_A_rbs	25.000000	0.000000	0.000000
619.999065	__gene_B_rbs	439.000000	0.000000	0.000000
619.999065	__gene_C_rbs	429.000000	0.000000	0.000000
619.999065	__gene_D_rbs	424.000000	0.000000	0.000000
619.999065	__gene_E_rbs	421.000000	0.000000	0.000000
619.999065	__gene_F_rbs	293.000000	0.000000	0.000000
619.999065	__gene_G_rbs	218.000000	0.000000	0.000000
619.999065	__gene_H_rbs	156.000000	0.000000	0.000000
619.999065	__gene_J_rbs	414.000000	0.000000	0.000000
619.999065	__gene_K_rbs	431.000000	0.000000	0.000000
619.999065	__ribosome	0.000000	0.000000	0.000000
619.999065	bound_ecolipol	1883.000000	0.000000	0.000000
619.999065	bound_ribosome	100.000000	0.000000	0.000000
619.999065	ecoli_genome	117.000000	0.000000	0.000000
619.999065	ecoli_transcript	47070.000000	0.000000	0.000000
619.999065	ecolipol	46.000000	0.000000	0.000000
619.999065	gene_A	33.000000	25.000000	0.000000
619.999065	gene_A*	17.000000	24.000000	0.000000
619.999065	gene_B	364.000000	439.000000	0.000000
619.999065	gene_C	235.000000	429.000000	0.000000
619.999065	gene_D	238.000000	424.000000	0.000000
619.999065	gene_E	192.000000	421.000000	0.000000
619.999065	gene_F	110.000000	293.000000	0.000000
619.999065	gene_G	43.000000	218.000000	0.082569
619.999065	gene_H	0.000000	156.000000	0.179487
619.999065	gene_J	113.000000	414.000000	0.128019
619.999065	gene_K	233.000000	431.000000	0.002320
619.999065	promoter_A	1.000000	0.000000	0.000000
619.999065	promoter_B1	0.000000	0.000000	0.000000
619.999065	promoter_D	0.000000	0.000000	0.000000
624.999671	__gene_A*_rbs	24.000000	0.000000	0.000000
624.999671	__gene_A_rbs	25.000000	0.000000	0.000000
624.999671	__gene_B_rbs	442.000000	0.000000	0.000000
624.999671	__gene_C_rbs	432.000000	0.000000	0.000000
624.999671	__gene_D_rbs	428.000000	0.000000	0.000000
624.999671	__gene_E_rbs	424.000000	0.000000	0.000000
624.999671	__gene_F_rbs	295.000000	0.000000	0.000000
624.999671	__gene_G_rbs	219.000000	0.000000	0.000000
624.999671	__gene_H_rbs	158.000000	0.000000	0.000000
624.999671	__gene_J_rbs	418.000000	0.000000	0.000000
624.999671	__gene_K_rbs	434.000000	0.000000	0.000000
624.999671	__ribosome	0.000000	0.000000	0.000000
624.999671	bound_ecolipol	1888.000000	0.000000	0.000000
624.999671	bound_ribosome	100.000000	0.000000	0.000000
624.999671	ecoli_genome	112.000000	0.000000	0.000000
624.999671	ecoli_transcript	47478.000000	0.000000	0.000000
624.999671	ecolipol	44.000000	0.000000	0.000000
624.999671	gene_A	33.000000	25.000000	0.000000
624.999671	gene_A*	17.000000	24.000000	0.000000
624.999671	gene_B	364.000000	442.000000	0.002262
624.999671	gene_C	235.000000	432.000000	0.000000
624.999671	gene_D	238.000000	428.000000	0.000000
624.999671	gene_E	192.000000	424.000000	0.000000
624.999671	gene_F	110.000000	295.000000	0.000000
624.999671	gene_G	43.000000	219.000000	0.086758
624.999671	gene_H	0.000000	158.000000	0.177215
624.999671	gene_J	114.000000	418.000000	0.124402
624.999671	gene_K	234.000000	434.000000	0.000000
624.999671	promoter_A	1.000000	0.000000	0.000000
624.999671	promoter_B1	0.000000	0.000000	0.000000
624.999671	promoter_D	0.000000	0.000000	0.000000
629.999023	__gene_A*_rbs	24.000000	0.000000	0.000000
629.999023	__gene_A_rbs	25.000000	0.000000	0.000000
629.999023	__gene_B_rbs	445.000000	0.000000	0.000000
629.999023	__gene_C_rbs	436.000000	0.000000	0.000000
629.999023	__gene_D_rbs	431.000000	0.000000	0.000000
629.999023	__gene_E_rbs	428.000000	0.000000	0.000000
629.999023	__gene_F_rbs	297.000000	0.000000	0.000000
629.999023	__gene_G_rbs	221.000000	0.000000	0.000000
629.999023	__gene_H_rbs	158.000000	0.000000	0.000000
629.999023	__gene_J_rbs	421.000000	0.000000	0.000000
629.999023	__gene_K_rbs	438.000000	0.000000	0.000000
629.999023	__ribosome	0.000000	0.000000	0.000000
629.999023	bound_ecolipol	1887.000000	0.000000	0.000000
629.999023	bound_ribosome	100.000000	0.000000	0.000000
629.999023	ecoli_genome	113.000000	0.000000	0.000000
629.999023	ecoli_transcript	47843.000000	0.000000	0.000000
629.999023	ecolipol	47.000000	0.000000	0.000000
629.999023	gene_A	33.000000	25.000000	0.000000
629.999023	gene_A*	17.000000	24.000000	0.000000
629.999023	gene_B	364.000000	445.000000	0.002247
629.999023	gene_C	235.000000	436.000000	0.000000
629.999023	gene_D	238.000000	431.000000	0.000000
629.999023	gene_E	192.000000	428.000000	0.000000
629.999023	gene_F	110.000000	297.000000	0.000000
629.999023	gene_G	43.000000	221.000000	0.085973
629.999023	gene_H	0.000000	158.000000	0.177215
629.999023	gene_J	114.000000	421.000000	0.123515
629.999023	gene_K	234.000000	438.000000	0.000000
629.999023	promoter_A	1.000000	0.000000	0.000000
629.999023	promoter_B1	0.000000	0.000000	0.000000
629.999023	promoter_D	0.000000	0.000000	0.000000
634.999019	__gene_A*_rbs	25.000000	0.000000	0.000000
634.999019	__gene_A_rbs	25.000000	0.000000	0.000000
634.999019	__gene_B_rbs	448.000000	0.000000	0.000000
634.999019	__gene_C_rbs	439.000000	0.000000	0.000000
634.999019	__gene_D_rbs	436.000000	0.000000	0.000000
634.999019	__gene_E_rbs	431.000000	0.000000	0.000000
634.999019	__gene_F_rbs	299.000000	0.000000	0.000000
634.999019	__gene_G_rbs	223.000000	0.000000	0.000000
634.999019	__gene_H_rbs	158.000000	0.000000	0.000000
634.999019	__gene_J_rbs	425.000000	0.000000	0.000000
634.999019	__gene_K_rbs	441.000000	0.000000	0.000000
634.999019	__ribosome	0.000000	0.000000	0.000000
634.999019	bound_ecolipol	1897.000000	0.000000	0.000000
634.999019	bound_ribosome	100.000000	0.000000	0.000000
634.999019	ecoli_genome	103.000000	0.000000	0.000000
634.999019	ecoli_transcript	48199.000000	0.000000	0.000000
634.999019	ecolipol	38.000000	0.000000	0.000000
634.999019	gene_A	33.000000	25.000000	0.000000
634.999019	gene_A*	17.000000	25.000000	0.000000
634.999019	gene_B	365.000000	448.000000	0.000000
634.999019	gene_C	235.000000	439.000000	0.000000
634.999019	gene_D	238.000000	436.000000	0.000000
634.999019	gene_E	192.000000	431.000000	0.000000
634.999019	gene_F	110.000000	299.000000	0.003344
634.999019	gene_G	43.000000	223.000000	0.085202
634.999019	gene_H	0.000000	158.000000	0.177215
634.999019	gene_J	114.000000	425.000000	0.122353
634.999019	gene_K	234.000000	441.000000	0.000000
634.999019	promoter_A	1.000000	0.000000	0.000000
634.999019	promoter_B1	0.000000	0.000000	0.000000
634.999019	promoter_D	0.000000	0.000000	0.000000
639.999005	__gene_A*_rbs	25.000000	0.000000	0.000000
639.999005	__gene_A_rbs	25.000000	0.000000	0.000000
639.999005	__gene_B_rbs	452.000000	0.000000	0.000000
639.999005	__gene_C_rbs	443.000000	0.000000	0.000000
639.999005	__gene_D_rbs	438.000000	0.000000	0.000000
639.999005	__gene_E_rbs	435.000000	0.000000	0.000000
639.999005	__gene_F_rbs	301.000000	0.000000	0.000000
639.999005	__gene_G_rbs	224.000000	0.000000	0.000000
639.999005	__gene_H_rbs	158.000000	0.000000	0.000000
639.999005	__gene_J_rbs	428.000000	0.000000	0.000000
639.999005	__gene_K_rbs	444.000000	0.000000	0.000000
639.999005	__ribosome	0.000000	0.000000	0.000000
639.999005	bound_ecolipol	1886.000000	0.000000	0.000000
639.999005	bound_ribosome	100.000000	0.000000	0.000000
639.999005	ecoli_genome	114.000000	0.000000	0.000000
639.999005	ecoli_transcript	48589.000000	0.000000	0.000000
639.999005	ecolipol	51.000000	0.000000	0.000000
639.999005	gene_A	33.000000	25.000000	0.000000
639.999005	gene_A*	17.000000	25.000000	0.000000
639.999005	gene_B	365.000000	452.000000	0.000000
639.999005	gene_C	235.000000	443.000000	0.000000
639.999005	gene_D	238.000000	439.000000	0.002278
639.999005	gene_E	192.000000	435.000000	0.000000
639.999005	gene_F	110.000000	301.000000	0.003322
639.999005	gene_G	44.000000	224.000000	0.080357
639.999005	gene_H	0.000000	158.000000	0.177215
639.999005	gene_J	114.000000	428.000000	0.121495
639.999005	gene_K	234.000000	444.000000	0.000000
639.999005	promoter_A	1.000000	0.000000	0.000000
639.999005	promoter_B1	0.000000	0.000000	0.000000
639.999005	promoter_D	0.000000	0.000000	0.000000
644.999031	__gene_A*_rbs	25.000000	0.000000	0.000000
644.999031	__gene_A_rbs	25.000000	0.000000	0.000000
644.999031	__gene_B_rbs	455.000000	0.000000	0.000000
644.999031	__gene_C_rbs	446.000000	0.000000	0.000000
644.999031	__gene_D_rbs	443.000000	0.000000	0.000000
644.999031	__gene_E_rbs	438.000000	0.000000	0.000000
644.999031	__gene_F_rbs	302.000000	0.000000	0.000000
644.999031	__gene_G_rbs	227.000000	0.000000	0.000000
644.999031	__gene_H_rbs	159.000000	0.000000	0.000000
644.999031	__gene_J_rbs	432.000000	0.000000	0.000000
644.999031	__gene_K_rbs	447.000000	0.000000	0.000000
644.999031	__ribosome	0.000000	0.000000	0.000000
644.999031	bound_ecolipol	1895.000000	0.000000	0.000000
644.999031	bound_ribosome	100.000000	0.000000	0.000000
644.999031	ecoli_genome	105.000000	0.000000	0.000000
644.999031	ecoli_transcript	48984.000000	0.000000	0.000000
644.999031	ecolipol	45.000000	0.000000	0.000000
644.999031	gene_A	33.000000	25.000000	0.000000
644.999031	gene_A*	17.000000	25.000000	0.000000
644.999031	gene_B	365.000000	455.000000	0.000000
644.999031	gene_C	235.000000	446.000000	0.000000
644.999031	gene_D	238.000000	443.000000	0.002257
644.999031	gene_E	192.000000	438.000000	0.000000
644.999031	gene_F	110.000000	302.000000	0.003311
644.999031	gene_G	44.000000	227.000000	0.079295
644.999031	gene_H	0.000000	159.000000	0.176101
644.999031	gene_J	114.000000	432.000000	0.120370
644.999031	gene_K	234.000000	447.000000	0.000000
644.999031	promoter_A	1.000000	0.000000	0.000000
644.999031	promoter_B1	0.000000	0.000000	0.000000
644.999031	promoter_D	0.000000	0.000000	0.000000
649.999130	__gene_A*_rbs	25.000000	0.000000	0.000000
649.999130	__gene_A_rbs	25.000000	0.000000	0.000000
649.999130	__gene_B_rbs	459.000000	0.000000	0.000000
649.999130	__gene_C_rbs	449.000000	0.000000	0.000000
649.999130	__gene_D_rbs	446.000000	0.000000	0.000000
649.999130	__gene_E_rbs	442.000000	0.000000	0.000000
649.999130	__gene_F_rbs	305.000000	0.000000	0.000000
649.999130	__gene_G_rbs	229.000000	0.000000	0.000000
649.999130	__gene_H_rbs	162.000000	0.000000	0.000000
649.999130	__gene_J_rbs	436.000000	0.000000	0.000000
649.999130	__gene_K_rbs	451.000000	0.000000	0.000000
649.999130	__ribosome	0.000000	0.000000	0.000000
649.999130	bound_ecolipol	1893.000000	0.000000	0.000000
649.999130	bound_ribosome	100.000000	0.000000	0.000000
649.999130	ecoli_genome	107.000000	0.000000	0.000000
649.999130	ecoli_transcript	49373.000000	0.000000	0.000000
649.999130	ecolipol	45.000000	0.000000	0.000000
649.999130	gene_A	33.000000	25.000000	0.000000
649.999130	gene_A*	17.000000	25.000000	0.000000
649.999130	gene_B	365.000000	459.000000	0.000000
649.999130	gene_C	235.000000	449.000000	0.000000
649.999130	gene_D	238.000000	446.000000	0.002242
649.999130	gene_E	192.000000	442.000000	0.000000
649.999130	gene_F	110.000000	305.000000	0.003279
649.999130	gene_G	44.000000	229.000000	0.078603
649.999130	gene_H	0.000000	162.000000	0.172840
649.999130	gene_J	114.000000	436.000000	0.119266
649.999130	gene_K	234.000000	451.000000	0.000000
649.999130	promoter_A	1.000000	0.000000	0.000000
649.999130	promoter_B1	0.000000	0.000000	0.000000
649.999130	promoter_D	0.000000	0.000000	0.000000
654.999229	__gene_A*_rbs	25.000000	0.000000	0.000000
654.999229	__gene_A_rbs	25.000000	0.000000	0.000000
654.999229	__gene_B_rbs	463.000000	0.000000	0.000000
654.999229	__gene_C_rbs	453.000000	0.000000	0.000000
654.999229	__gene_D_rbs	449.000000	0.000000	0.000000
654.999229	__gene_E_rbs	446.000000	0.000000	0.000000
654.999229	__gene_F_rbs	309.000000	0.000000	0.000000
654.999229	__gene_G_rbs	230.000000	0.000000	0.000000
654.999229	__gene_H_rbs	163.000000	0.000000	0.000000
654.999229	__gene_J_rbs	438.000000	0.000000	0.000000
654.999229	__gene_K_rbs	455.000000	0.000000	0.000000
654.999229	__ribosome	0.000000	0.000000	0.000000
654.999229	bound_ecolipol	1896.000000	0.000000	0.000000
654.999229	bound_ribosome	100.000000	0.000000	0.000000
654.999229	ecoli_genome	104.000000	0.000000	0.000000
654.999229	ecoli_transcript	49763.000000	0.000000	0.000000
654.999229	ecolipol	40.000000	0.000000	0.000000
654.999229	gene_A	33.000000	25.000000	0.000000
654.999229	gene_A*	17.000000	25.000000	0.000000
654.999229	gene_B	365.000000	463.000000	0.000000
654.999229	gene_C	235.000000	453.000000	0.000000
654.999229	gene_D	238.000000	449.000000	0.002227
654.999229	gene_E	192.000000	446.000000	0.000000
654.999229	gene_F	110.000000	309.000000	0.003236
654.999229	gene_G	44.000000	230.000000	0.078261
654.999229	gene_H	0.000000	163.000000	0.171779
654.999229	gene_J	114.000000	439.000000	0.118451
654.999229	gene_K	234.000000	455.000000	0.000000
654.999229	promoter_A	1.000000	0.000000	0.000000
654.999229	promoter_B1	0.000000	0.000000	0.000000
654.999229	promoter_D	0.000000	0.000000	0.000000
659.999061	__gene_A*_rbs	25.000000	0.000000	0.000000
659.999061	__gene_A_rbs	25.000000	0.000000	0.000000
659.999061	__gene_B_rbs	467.000000	0.000000	0.000000
659.999061	__gene_C_rbs	456.000000	0.000000	0.000000
659.999061	__gene_D_rbs	453.000000	0.000000	0.000000
659.999061	__gene_E_rbs	449.000000	0.000000	0.000000
659.999061	__gene_F_rbs	311.000000	0.000000	0.000000
659.999061	__gene_G_rbs	231.000000	0.000000	0.000000
659.999061	__gene_H_rbs	166.000000	0.000000	0.000000
659.999061	__gene_J_rbs	443.000000	0.000000	0.000000
659.999061	__gene_K_rbs	458.000000	0.000000	0.000000
659.999061	__ribosome	0.000000	0.000000	0.000000
659.999061	bound_ecolipol	1895.000000	0.000000	0.000000
659.999061	bound_ribosome	100.000000	0.000000	0.000000
659.999061	ecoli_genome	105.000000	0.000000	0.000000
659.999061	ecoli_transcript	50137.000000	0.000000	0.000000
659.999061	ecolipol	42.000000	0.000000	0.000000
659.999061	gene_A	33.000000	25.000000	0.000000
659.999061	gene_A*	17.000000	25.000000	0.000000
659.999061	gene_B	365.000000	467.000000	0.000000
659.999061	gene_C	235.000000	456.000000	0.000000
659.999061	gene_D	239.000000	453.000000	0.000000
659.999061	gene_E	192.000000	449.000000	0.000000
659.999061	gene_F	110.000000	311.000000	0.003215
659.999061	gene_G	44.000000	231.000000	0.077922
659.999061	gene_H	0.000000	166.000000	0.168675
659.999061	gene_J	114.000000	443.000000	0.117381
659.999061	gene_K	234.000000	458.000000	0.002183
659.999061	promoter_A	1.000000	0.000000	0.000000
659.999061	promoter_B1	0.000000	0.000000	0.000000
659.999061	promoter_D	0.000000	0.000000	0.000000
664.999138	__gene_A*_rbs	25.000000	0.000000	0.000000
664.999138	__gene_A_rbs	25.000000	0.000000	0.000000
664.999138	__gene_B_rbs	470.000000	0.000000	0.000000
664.999138	__gene_C_rbs	460.000000	0.000000	0.000000
664.999138	__gene_D_rbs	456.000000	0.000000	0.000000
664.999138	__gene_E_rbs	453.000000	0.000000	0.000000
664.999138	__gene_F_rbs	313.000000	0.000000	0.000000
664.999138	__gene_G_rbs	233.000000	0.000000	0.000000
664.999138	__gene_H_rbs	167.000000	0.000000	0.000000
664.999138	__gene_J_rbs	446.000000	0.000000	0.000000
664.999138	__gene_K_rbs	461.000000	0.000000	0.000000
664.999138	__ribosome	0.000000	0.000000	0.000000
664.999138	bound_ecolipol	1887.000000	0.000000	0.000000
664.999138	bound_ribosome	100.000000	0.000000	0.000000
664.999138	ecoli_genome	113.000000	0.000000	0.000000
664.999138	ecoli_transcript	50524.000000	0.000000	0.000000
664.999138	ecolipol	49.000000	0.000000	0.000000
664.999138	gene_A	33.000000	25.000000	0.000000
664.999138	gene_A*	17.000000	25.000000	0.000000
664.999138	gene_B	365.000000	470.000000	0.000000
664.999138	gene_C	235.000000	460.000000	0.000000
664.999138	gene_D	239.000000	456.000000	0.000000
664.999138	gene_E	192.000000	453.000000	0.002208
664.999138	gene_F	110.000000	313.000000	0.003195
664.999138	gene_G	44.000000	233.000000	0.077253
664.999138	gene_H	0.000000	167.000000	0.167665
664.999138	gene_J	114.000000	446.000000	0.116592
664.999138	gene_K	235.000000	461.000000	0.000000
664.999138	promoter_A	1.000000	0.000000	0.000000
664.999138	promoter_B1	0.000000	0.000000	0.000000
664.999138	promoter_D	0.000000	0.000000	0.000000
669.999002	__gene_A*_rbs	25.000000	0.000000	0.000000
669.999002	__gene_A_rbs	25.000000	0.000000	0.000000
669.999002	__gene_B_rbs	474.000000	0.000000	0.000000
669.999002	__gene_C_rbs	463.000000	0.000000	0.000000
669.999002	__gene_D_rbs	460.000000	0.000000	0.000000
669.999002	__gene_E_rbs	456.000000	0.000000	0.000000
669.999002	__gene_F_rbs	314.000000	0.000000	0.000000
669.999002	__gene_G_rbs	234.000000	0.000000	0.000000
669.999002	__gene_H_rbs	168.000000	0.000000	0.000000
669.999002	__gene_J_rbs	449.000000	0.000000	0.000000
669.999002	__gene_K_rbs	465.000000	0.000000	0.000000
669.999002	__ribosome	0.000000	0.000000	0.000000
669.999002	bound_ecolipol	1881.000000	0.000000	0.000000
669.999002	bound_ribosome	100.000000	0.000000	0.000000
669.999002	ecoli_genome	119.000000	0.000000	0.000000
669.999002	ecoli_transcript	50892.000000	0.000000	0.000000
669.999002	ecolipol	53.000000	0.000000	0.000000
669.999002	gene_A	33.000000	25.000000	0.000000
669.999002	gene_A*	17.000000	25.000000	0.000000
669.999002	gene_B	365.000000	474.000000	0.000000
669.999002	gene_C	235.000000	463.000000	0.000000
669.999002	gene_D	239.000000	460.000000	0.000000
669.999002	gene_E	193.000000	456.000000	0.000000
669.999002	gene_F	110.000000	314.000000	0.003185
669.999002	gene_G	44.000000	234.000000	0.076923
669.999002	gene_H	0.000000	168.000000	0.166667
669.999002	gene_J	114.000000	450.000000	0.117778
669.999002	gene_K	235.000000	465.000000	0.000000
669.999002	promoter_A	0.000000	0.000000	0.000000
669.999002	promoter_B1	0.000000	0.000000	0.000000
669.999002	promoter_D	0.000000	0.000000	0.000000
674.999125	__gene_A*_rbs	25.000000	0.000000	0.000000
674.999125	__gene_A_rbs	26.000000	0.000000	0.000000
674.999125	__gene_B_rbs	478.000000	0.000000	0.000000
674.999125	__gene_C_rbs	467.000000	0.000000	0.000000
674.999125	__gene_D_rbs	463.000000	0.000000	0.000000
674.999125	__gene_E_rbs	459.000000	0.000000	0.000000
674.999125	__gene_F_rbs	316.000000	0.000000	0.000000
674.999125	__gene_G_rbs	236.000000	0.000000	0.000000
674.999125	__gene_H_rbs	169.000000	0.000000	0.000000
674.999125	__gene_J_rbs	453.000000	0.000000	0.000000
674.999125	__gene_K_rbs	469.000000	0.000000	0.000000
674.999125	__ribosome	0.000000	0.000000	0.000000
674.999125	bound_ecolipol	1895.000000	0.000000	0.000000
674.999125	bound_ribosome	100.000000	0.000000	0.000000
674.999125	ecoli_genome	105.000000	0.000000	0.000000
674.999125	ecoli_transcript	51296.000000	0.000000	0.000000
674.999125	ecolipol	38.000000	0.000000	0.000000
674.999125	gene_A	33.000000	26.000000	0.000000
674.999125	gene_A*	17.000000	25.000000	0.000000
674.999125	gene_B	365.000000	478.000000	0.000000
674.999125	gene_C	235.000000	467.000000	0.002141
674.999125	gene_D	239.000000	463.000000	0.000000
674.999125	gene_E	193.000000	459.000000	0.000000
674.999125	gene_F	110.000000	316.000000	0.003165
674.999125	gene_G	44.000000	236.000000	0.076271
674.999125	gene_H	0.000000	169.000000	0.165680
674.999125	gene_J	115.000000	453.000000	0.114790
674.999125	gene_K	235.000000	469.000000	0.000000
674.999125	promoter_A	1.000000	0.000000	0.000000
674.999125	promoter_B1	0.000000	0.000000	0.000000
674.999125	promoter_D	0.000000	0.000000	0.000000
679.999124	__gene_A*_rbs	25.000000	0.000000	0.000000
679.999124	__gene_A_rbs	26.000000	0.000000	0.000000
679.999124	__gene_B_rbs	481.000000	0.000000	0.000000
679.999124	__gene_C_rbs	471.000000	0.000000	0.000000
679.999124	__gene_D_rbs	466.000000	0.000000	0.000000
679.999124	__gene_E_rbs	463.000000	0.000000	0.000000
679.999124	__gene_F_rbs	318.000000	0.000000	0.000000
679.999124	__gene_G_rbs	237.000000	0.000000	0.000000
679.999124	__gene_H_rbs	170.000000	0.000000	0.000000
679.999124	__gene_J_rbs	457.000000	0.000000	0.000000
679.999124	__gene_K_rbs	473.000000	0.000000	0.000000
679.999124	__ribosome	0.000000	0.000000	0.000000
679.999124	bound_ecolipol	1885.000000	0.000000	0.000000
679.999124	bound_ribosome	100.000000	0.000000	0.000000
679.999124	ecoli_genome	115.000000	0.000000	0.000000
679.999124	ecoli_transcript	51709.000000	0.000000	0.000000
679.999124	ecolipol	49.000000	0.000000	0.000000
679.999124	gene_A	33.000000	26.000000	0.000000
679.999124	gene_A*	17.000000	25.000000	0.000000
679.999124	gene_B	365.000000	481.000000	0.000000
679.999124	gene_C	235.000000	471.000000	0.002123
679.999124	gene_D	239.000000	466.000000	0.000000
679.999124	gene_E	193.000000	463.000000	0.000000
679.999124	gene_F	111.000000	318.000000	0.000000
679.999124	gene_G	44.000000	237.000000	0.075949
679.999124	gene_H	0.000000	170.000000	0.164706
679.999124	gene_J	115.000000	457.000000	0.113786
679.999124	gene_K	235.000000	473.000000	0.002114
679.999124	promoter_A	1.000000	0.000000	0.000000
679.999124	promoter_B1	0.000000	0.000000	0.000000
679.999124	promoter_D	0.000000	0.000000	0.000000
684.999071	__gene_A*_rbs	26.000000	0.000000	0.000000
684.999071	__gene_A_rbs	26.000000	0.000000	0.000000
684.999071	__gene_B_rbs	485.000000	0.000000	0.000000
684.999071	__gene_C_rbs	475.000000	0.000000	0.000000
684.999071	__gene_D_rbs	470.000000	0.000000	0.000000
684.999071	__gene_E_rbs	466.000000	0.000000	0.000000
684.999071	__gene_F_rbs	321.000000	0.000000	0.000000
684.999071	__gene_G_rbs	238.000000	0.000000	0.000000
684.999071	__gene_H_rbs	170.000000	0.000000	0.000000
684.999071	__gene_J_rbs	461.000000	0.000000	0.000000
684.999071	__gene_K_rbs	476.000000	0.000000	0.000000
684.999071	__ribosome	0.000000	0.000000	0.000000
684.999071	bound_ecolipol	1900.000000	0.000000	0.000000
684.999071	bound_ribosome	100.000000	0.000000	0.000000
684.999071	ecoli_genome	100.000000	0.000000	0.000000
684.999071	ecoli_transcript	52052.000000	0.000000	0.000000
684.999071	ecolipol	35.000000	0.000000	0.000000
684.999071	gene_A	33.000000	26.000000	0.000000
684.999071	gene_A*	17.000000	26.000000	0.000000
684.999071	gene_B	365.000000	485.000000	0.000000
684.999071	gene_C	236.000000	475.000000	0.000000
684.999071	gene_D	239.000000	470.000000	0.002128
684.999071	gene_E	193.000000	466.000000	0.002146
684.999071	gene_F	111.000000	321.000000	0.000000
684.999071	gene_G	44.000000	238.000000	0.075630
684.999071	gene_H	0.000000	170.000000	0.164706
684.999071	gene_J	115.000000	461.000000	0.112798
684.999071	gene_K	236.000000	476.000000	0.000000
684.999071	promoter_A	1.000000	0.000000	0.000000
684.999071	promoter_B1	0.000000	0.000000	0.000000
684.999071	promoter_D	0.000000	0.000000	0.000000
689.999111	__gene_A*_rbs	26.000000	0.000000	0.000000
689.999111	__gene_A_rbs	26.000000	0.000000	0.000000
689.999111	__gene_B_rbs	489.000000	0.000000	0.000000
689.999111	__gene_C_rbs	478.000000	0.000000	0.000000
689.999111	__gene_D_rbs	474.000000	0.000000	0.000000
689.999111	__gene_E_rbs	468.000000	0.000000	0.000000
689.999111	__gene_F_rbs	323.000000	0.000000	0.000000
689.999111	__gene_G_rbs	240.000000	0.000000	0.000000
689.999111	__gene_H_rbs	173.000000	0.000000	0.000000
689.999111	__gene_J_rbs	464.000000	0.000000	0.000000
689.999111	__gene_K_rbs	480.000000	0.000000	0.000000
689.999111	__ribosome	0.000000	0.000000	0.000000
689.999111	bound_ecolipol	1903.000000	0.000000	0.000000
689.999111	bound_ribosome	100.000000	0.000000	0.000000
689.999111	ecoli_genome	97.000000	0.000000	0.000000
689.999111	ecoli_transcript	52388.000000	0.000000	0.000000
689.999111	ecolipol	34.000000	0.000000	0.000000
689.999111	gene_A	33.000000	26.000000	0.000000
689.999111	gene_A*	17.000000	26.000000	0.000000
689.999111	gene_B	365.000000	489.000000	0.000000
689.999111	gene_C	236.000000	478.000000	0.000000
689.999111	gene_D	239.000000	474.000000	0.002110
689.999111	gene_E	193.000000	469.000000	0.002132
689.999111	gene_F	111.000000	323.000000	0.000000
689.999111	gene_G	44.000000	240.000000	0.075000
689.999111	gene_H	0.000000	173.000000	0.161850
689.999111	gene_J	115.000000	464.000000	0.112069
689.999111	gene_K	236.000000	480.000000	0.000000
689.999111	promoter_A	1.000000	0.000000	0.000000
689.999111	promoter_B1	0.000000	0.000000	0.000000
689.999111	promoter_D	0.000000	0.000000	0.000000
694.999022	__gene_A*_rbs	26.000000	0.000000	0.000000
694.999022	__gene_A_rbs	26.000000	0.000000	0.000000
694.999022	__gene_B_rbs	492.000000	0.000000	0.000000
694.999022	__gene_C_rbs	481.000000	0.000000	0.000000
694.999022	__gene_D_rbs	477.000000	0.000000	0.000000
694.999022	__gene_E_rbs	472.000000	0.000000	0.000000
694.999022	__gene_F_rbs	324.000000	0.000000	0.000000
694.999022	__gene_G_rbs	241.000000	0.000000	0.000000
694.999022	__gene_H_rbs	173.000000	0.000000	0.000000
694.999022	__gene_J_rbs	467.000000	0.000000	0.000000
694.999022	__gene_K_rbs	484.000000	0.000000	0.000000
694.999022	__ribosome	0.000000	0.000000	0.000000
694.999022	bound_ecolipol	1880.000000	0.000000	0.000000
694.999022	bound_ribosome	100.000000	0.000000	0.000000
694.999022	ecoli_genome	120.000000	0.000000	0.000000
694.999022	ecoli_transcript	52774.000000	0.000000	0.000000
694.999022	ecolipol	56.000000	0.000000	0.000000
694.999022	gene_A	33.000000	26.000000	0.000000
694.999022	gene_A*	17.000000	26.000000	0.000000
694.999022	gene_B	365.000000	492.000000	0.002033
694.999022	gene_C	236.000000	481.000000	0.000000
694.999022	gene_D	239.000000	477.000000	0.002096
694.999022	gene_E	194.000000	472.000000	0.000000
694.999022	gene_F	111.000000	324.000000	0.000000
694.999022	gene_G	44.000000	241.000000	0.074689
694.999022	gene_H	0.000000	173.000000	0.161850
694.999022	gene_J	115.000000	467.000000	0.111349
694.999022	gene_K	236.000000	484.000000	0.000000
694.999022	promoter_A	1.000000	0.000000	0.000000
694.999022	promoter_B1	0.000000	0.000000	0.000000
694.999022	promoter_D	0.000000	0.000000	0.000000
699.999233	__gene_A*_rbs	26.000000	0.000000	0.000000
699.999233	__gene_A_rbs	26.000000	0.000000	0.000000
699.999233	__gene_B_rbs	496.000000	0.000000	0.000000
699.999233	__gene_C_rbs	485.000000	0.000000	0.000000
699.999233	__gene_D_rbs	481.000000	0.000000	0.000000
699.999233	__gene_E_rbs	477.000000	0.000000	0.000000
699.999233	__gene_F_rbs	326.000000	0.000000	0.000000
699.999233	__gene_G_rbs	244.000000	0.000000	0.000000
699.999233	__gene_H_rbs	175.000000	0.000000	0.000000
699.999233	__gene_J_rbs	470.000000	0.000000	0.000000
699.999233	__gene_K_rbs	487.000000	0.000000	0.000000
699.999233	__ribosome	0.000000	0.000000	0.000000
699.999233	bound_ecolipol	1893.000000	0.000000	0.000000
699.999233	bound_ribosome	100.000000	0.000000	0.000000
699.999233	ecoli_genome	107.000000	0.000000	0.000000
699.999233	ecoli_transcript	53124.000000	0.000000	0.000000
699.999233	ecolipol	46.000000	0.000000	0.000000
699.999233	gene_A	33.000000	26.000000	0.000000
699.999233	gene_A*	17.000000	26.000000	0.000000
699.999233	gene_B	365.000000	496.000000	0.002016
699.999233	gene_C	236.000000	485.000000	0.000000
699.999233	gene_D	240.000000	481.000000	0.002079
699.999233	gene_E	194.000000	477.000000	0.000000
699.999233	gene_F	111.000000	326.000000	0.000000
699.999233	gene_G	44.000000	244.000000	0.073770
699.999233	gene_H	0.000000	175.000000	0.160000
699.999233	gene_J	115.000000	470.000000	0.110638
699.999233	gene_K	236.000000	487.000000	0.000000
699.999233	promoter_A	1.000000	0.000000	0.000000
699.999233	promoter_B1	0.000000	0.000000	0.000000
699.999233	promoter_D	0.000000	0.000000	0.000000
704.999299	__gene_A*_rbs	26.000000	0.000000	0.000000
704.999299	__gene_A_rbs	26.000000	0.000000	0.000000
704.999299	__gene_B_rbs	500.000000	0.000000	0.000000
704.999299	__gene_C_rbs	489.000000	0.000000	0.000000
704.999299	__gene_D_rbs	484.000000	0.000000	0.000000
704.999299	__gene_E_rbs	480.000000	0.000000	0.000000
704.999299	__gene_F_rbs	328.000000	0.000000	0.000000
704.999299	__gene_G_rbs	244.000000	0.000000	0.000000
704.999299	__gene_H_rbs	177.000000	0.000000	0.000000
704.999299	__gene_J_rbs	474.000000	0.000000	0.000000
704.999299	__gene_K_rbs	491.000000	0.000000	0.000000
704.999299	__ribosome	0.000000	0.000000	0.000000
704.999299	bound_ecolipol	1893.000000	0.000000	0.000000
704.999299	bound_ribosome	100.000000	0.000000	0.000000
704.999299	ecoli_genome	107.000000	0.000000	0.000000
704.999299	ecoli_transcript	53509.000000	0.000000	0.000000
704.999299	ecolipol	42.000000	0.000000	0.000000
704.999299	gene_A	33.000000	26.000000	0.000000
704.999299	gene_A*	17.000000	26.000000	0.000000
704.999299	gene_B	366.000000	500.000000	0.000000
704.999299	gene_C	236.000000	489.000000	0.000000
704.999299	gene_D	240.000000	484.000000	0.002066
704.999299	gene_E	194.000000	480.000000	0.000000
704.999299	gene_F	111.000000	328.000000	0.000000
704.999299	gene_G	44.000000	244.000000	0.077869
704.999299	gene_H	0.000000	177.000000	0.158192
704.999299	gene_J	115.000000	474.000000	0.109705
704.999299	gene_K	236.000000	491.000000	0.000000
704.999299	promoter_A	1.000000	0.000000	0.000000
704.999299	promoter_B1	0.000000	0.000000	0.000000
704.999299	promoter_D	0.000000	0.000000	0.000000
709.999826	__gene_A*_rbs	26.000000	0.000000	0.000000
709.999826	__gene_A_rbs	26.000000	0.000000	0.000000
709.999826	__gene_B_rbs	504.000000	0.000000	0.000000
709.999826	__gene_C_rbs	493.000000	0.000000	0.000000
709.999826	__gene_D_rbs	488.000000	0.000000	0.000000
709.999826	__gene_E_rbs	484.000000	0.000000	0.000000
709.999826	__gene_F_rbs	330.000000	0.000000	0.000000
709.999826	__gene_G_rbs	245.000000	0.000000	0.000000
709.999826	__gene_H_rbs	178.000000	0.000000	0.000000
709.999826	__gene_J_rbs	477.000000	0.000000	0.000000
709.999826	__gene_K_rbs	495.000000	0.000000	0.000000
709.999826	__ribosome	0.000000	0.000000	0.000000
709.999826	bound_ecolipol	1895.000000	0.000000	0.000000
709.999826	bound_ribosome	100.000000	0.000000	0.000000
709.999826	ecoli_genome	105.000000	0.000000	0.000000
709.999826	ecoli_transcript	53894.000000	0.000000	0.000000
709.999826	ecolipol	40.000000	0.000000	0.000000
709.999826	gene_A	33.000000	26.000000	0.000000
709.999826	gene_A*	17.000000	26.000000	0.000000
709.999826	gene_B	366.000000	504.000000	0.000000
709.999826	gene_C	236.000000	493.000000	0.000000
709.999826	gene_D	240.000000	488.000000	0.002049
709.999826	gene_E	194.000000	484.000000	0.000000
709.999826	gene_F	111.000000	330.000000	0.000000
709.999826	gene_G	44.000000	245.000000	0.077551
709.999826	gene_H	0.000000	178.000000	0.157303
709.999826	gene_J	115.000000	477.000000	0.109015
709.999826	gene_K	236.000000	495.000000	0.000000
709.999826	promoter_A	1.000000	0.000000	0.000000
709.999826	promoter_B1	0.000000	0.000000	0.000000
709.999826	promoter_D	0.000000	0.000000	0.000000
714.999353	__gene_A*_rbs	26.000000	0.000000	0.000000
714.999353	__gene_A_rbs	26.000000	0.000000	0.000000
714.999353	__gene_B_rbs	507.000000	0.000000	0.000000
714.999353	__gene_C_rbs	496.000000	0.000000	0.000000
714.999353	__gene_D_rbs	492.000000	0.000000	0.000000
714.999353	__gene_E_rbs	488.000000	0.000000	0.000000
714.999353	__gene_F_rbs	331.000000	0.000000	0.000000
714.999353	__gene_G_rbs	246.000000	0.000000	0.000000
714.999353	__gene_H_rbs	179.000000	0.000000	0.000000
714.999353	__gene_J_rbs	481.000000	0.000000	0.000000
714.999353	__gene_K_rbs	499.000000	0.000000	0.000000
714.999353	__ribosome	0.000000	0.000000	0.000000
714.999353	bound_ecolipol	1890.000000	0.000000	0.000000
714.999353	bound_ribosome	100.000000	0.000000	0.000000
714.999353	ecoli_genome	110.000000	0.000000	0.000000
714.999353	ecoli_transcript	54305.000000	0.000000	0.000000
714.999353	ecolipol	45.000000	0.000000	0.000000
714.999353	gene_A	33.000000	26.000000	0.000000
714.999353	gene_A*	17.000000	26.000000	0.000000
714.999353	gene_B	366.000000	507.000000	0.001972
714.999353	gene_C	236.000000	496.000000	0.000000
714.999353	gene_D	241.000000	492.000000	0.000000
714.999353	gene_E	194.000000	488.000000	0.000000
714.999353	gene_F	111.000000	331.000000	0.000000
714.999353	gene_G	44.000000	246.000000	0.077236
714.999353	gene_H	0.000000	179.000000	0.156425
714.999353	gene_J	115.000000	481.000000	0.108108
714.999353	gene_K	236.000000	499.000000	0.000000
714.999353	promoter_A	1.000000	0.000000	0.000000
714.999353	promoter_B1	0.000000	0.000000	0.000000
714.999353	promoter_D	0.000000	0.000000	0.000000
719.999097	__gene_A*_rbs	26.000000	0.000000	0.000000
719.999097	__gene_A_rbs	27.000000	0.000000	0.000000
719.999097	__gene_B_rbs	511.000000	0.000000	0.000000
719.999097	__gene_C_rbs	500.000000	0.000000	0.000000
719.999097	__gene_D_rbs	496.000000	0.000000	0.000000
719.999097	__gene_E_rbs	492.000000	0.000000	0.000000
719.999097	__gene_F_rbs	334.000000	0.000000	0.000000
719.999097	__gene_G_rbs	249.000000	0.000000	0.000000
719.999097	__gene_H_rbs	181.000000	0.000000	0.000000
719.999097	__gene_J_rbs	485.000000	0.000000	0.000000
719.999097	__gene_K_rbs	502.000000	0.000000	0.000000
719.999097	__ribosome	0.000000	0.000000	0.000000
719.999097	bound_ecolipol	1898.000000	0.000000	0.000000
719.999097	bound_ribosome	100.000000	0.000000	0.000000
719.999097	ecoli_genome	102.000000	0.000000	0.000000
719.999097	ecoli_transcript	54688.000000	0.000000	0.000000
719.999097	ecolipol	36.000000	0.000000	0.000000
719.999097	gene_A	33.000000	27.000000	0.000000
719.999097	gene_A*	17.000000	26.000000	0.000000
719.999097	gene_B	366.000000	511.000000	0.001957
719.999097	gene_C	236.000000	500.000000	0.000000
719.999097	gene_D	241.000000	496.000000	0.000000
719.999097	gene_E	194.000000	492.000000	0.000000
719.999097	gene_F	111.000000	334.000000	0.000000
719.999097	gene_G	44.000000	249.000000	0.076305
719.999097	gene_H	0.000000	181.000000	0.154696
719.999097	gene_J	115.000000	485.000000	0.107216
719.999097	gene_K	236.000000	502.000000	0.000000
719.999097	promoter_A	1.000000	0.000000	0.000000
719.999097	promoter_B1	0.000000	0.000000	0.000000
719.999097	promoter_D	0.000000	0.000000	0.000000
724.999127	__gene_A*_rbs	26.000000	0.000000	0.000000
724.999127	__gene_A_rbs	27.000000	0.000000	0.000000
724.999127	__gene_B_rbs	514.000000	0.000000	0.000000
724.999127	__gene_C_rbs	504.000000	0.000000	0.000000
724.999127	__gene_D_rbs	499.000000	0.000000	0.000000
724.999127	__gene_E_rbs	495.000000	0.000000	0.000000
724.999127	__gene_F_rbs	338.000000	0.000000	0.000000
724.999127	__gene_G_rbs	251.000000	0.000000	0.000000
724.999127	__gene_H_rbs	181.000000	0.000000	0.000000
724.999127	__gene_J_rbs	489.000000	0.000000	0.000000
724.999127	__gene_K_rbs	506.000000	0.000000	0.000000
724.999127	__ribosome	1.000000	0.000000	0.000000
724.999127	bound_ecolipol	1881.000000	0.000000	0.000000
724.999127	bound_ribosome	100.000000	0.000000	0.000000
724.999127	ecoli_genome	119.000000	0.000000	0.000000
724.999127	ecoli_transcript	55059.000000	0.000000	0.000000
724.999127	ecolipol	53.000000	0.000000	0.000000
724.999127	gene_A	33.000000	27.000000	0.000000
724.999127	gene_A*	17.000000	26.000000	0.000000
724.999127	gene_B	367.000000	514.000000	0.000000
724.999127	gene_C	236.000000	504.000000	0.000000
724.999127	gene_D	241.000000	499.000000	0.000000
724.999127	gene_E	194.000000	495.000000	0.000000
724.999127	gene_F	111.000000	338.000000	0.000000
724.999127	gene_G	44.000000	251.000000	0.075697
724.999127	gene_H	0.000000	181.000000	0.154696
724.999127	gene_J	115.000000	489.000000	0.106339
724.999127	gene_K	236.000000	506.000000	0.000000
724.999127	promoter_A	1.000000	0.000000	0.000000
724.999127	promoter_B1	0.000000	0.000000	0.000000
724.999127	promoter_D	0.000000	0.000000	0.000000
729.999224	__gene_A*_rbs	26.000000	0.000000	0.000000
729.999224	__gene_A_rbs	27.000000	0.000000	0.000000
729.999224	__gene_B_rbs	518.000000	0.000000	0.000000
729.999224	__gene_C_rbs	508.000000	0.000000	0.000000
729.999224	__gene_D_rbs	503.000000	0.000000	0.000000
729.999224	__gene_E_rbs	499.000000	0.000000	0.000000
729.999224	__gene_F_rbs	341.000000	0.000000	0.000000
729.999224	__gene_G_rbs	253.000000	0.000000	0.000000
729.999224	__gene_H_rbs	183.000000	0.000000	0.000000
729.999224	__gene_J_rbs	492.000000	0.000000	0.000000
729.999224	__gene_K_rbs	510.000000	0.000000	0.000000
729.999224	__ribosome	0.000000	0.000000	0.000000
729.999224	bound_ecolipol	1882.000000	0.000000	0.000000
729.999224	bound_ribosome	100.000000	0.000000	0.000000
729.999224	ecoli_genome	118.000000	0.000000	0.000000
729.999224	ecoli_transcript	55438.000000	0.000000	0.000000
729.999224	ecolipol	50.000000	0.000000	0.000000
729.999224	gene_A	33.000000	27.000000	0.000000
729.999224	gene_A*	17.000000	26.000000	0.000000
729.999224	gene_B	367.000000	518.000000	0.000000
729.999224	gene_C	236.000000	508.000000	0.000000
729.999224	gene_D	241.000000	503.000000	0.000000
729.999224	gene_E	194.000000	499.000000	0.000000
729.999224	gene_F	111.000000	341.000000	0.002933
729.999224	gene_G	44.000000	253.000000	0.075099
729.999224	gene_H	0.000000	183.000000	0.153005
729.999224	gene_J	115.000000	492.000000	0.105691
729.999224	gene_K	236.000000	510.000000	0.000000
729.999224	promoter_A	1.000000	0.000000	0.000000
729.999224	promoter_B1	0.000000	0.000000	0.000000
729.999224	promoter_D	0.000000	0.000000	0.000000
734.999435	__gene_A*_rbs	27.000000	0.000000	0.000000
734.999435	__gene_A_rbs	27.000000	0.000000	0.000000
734.999435	__gene_B_rbs	522.000000	0.000000	0.000000
734.999435	__gene_C_rbs	511.000000	0.000000	0.000000
734.999435	__gene_D_rbs	507.000000	0.000000	0.000000
734.999435	__gene_E_rbs	502.000000	0.000000	0.000000
734.999435	__gene_F_rbs	341.000000	0.000000	0.000000
734.999435	__gene_G_rbs	254.000000	0.000000	0.000000
734.999435	__gene_H_rbs	184.000000	0.000000	0.000000
734.999435	__gene_J_rbs	496.000000	0.000000	0.000000
734.999435	__gene_K_rbs	513.000000	0.000000	0.000000
734.999435	__ribosome	0.000000	0.000000	0.000000
734.999435	bound_ecolipol	1897.000000	0.000000	0.000000
734.999435	bound_ribosome	100.000000	0.000000	0.000000
734.999435	ecoli_genome	103.000000	0.000000	0.000000
734.999435	ecoli_transcript	55811.000000	0.000000	0.000000
734.999435	ecolipol	38.000000	0.000000	0.000000
734.999435	gene_A	33.000000	27.000000	0.000000
734.999435	gene_A*	17.000000	27.000000	0.000000
734.999435	gene_B	367.000000	522.000000	0.000000
734.999435	gene_C	236.000000	511.000000	0.000000
734.999435	gene_D	241.000000	507.000000	0.000000
734.999435	gene_E	194.000000	502.000000	0.000000
734.999435	gene_F	111.000000	341.000000	0.002933
734.999435	gene_G	44.000000	254.000000	0.074803
734.999435	gene_H	0.000000	184.000000	0.152174
734.999435	gene_J	115.000000	496.000000	0.104839
734.999435	gene_K	236.000000	513.000000	0.000000
734.999435	promoter_A	1.000000	0.000000	0.000000
734.999435	promoter_B1	0.000000	0.000000	0.000000
734.999435	promoter_D	0.000000	0.000000	0.000000
739.999057	__gene_A*_rbs	27.000000	0.000000	0.000000
739.999057	__gene_A_rbs	27.000000	0.000000	0.000000
739.999057	__gene_B_rbs	526.000000	0.000000	0.000000
739.999057	__gene_C_rbs	515.000000	0.000000	0.000000
739.999057	__gene_D_rbs	510.000000	0.000000	0.000000
739.999057	__gene_E_rbs	506.000000	0.000000	0.000000
739.999057	__gene_F_rbs	343.000000	0.000000	0.000000
739.999057	__gene_G_rbs	256.000000	0.000000	0.000000
739.999057	__gene_H_rbs	184.000000	0.000000	0.000000
739.999057	__gene_J_rbs	500.000000	0.000000	0.000000
739.999057	__gene_K_rbs	517.000000	0.000000	0.000000
739.999057	__ribosome	0.000000	0.000000	0.000000
739.999057	bound_ecolipol	1889.000000	0.000000	0.000000
739.999057	bound_ribosome	100.000000	0.000000	0.000000
739.999057	ecoli_genome	111.000000	0.000000	0.000000
739.999057	ecoli_transcript	56173.000000	0.000000	0.000000
739.999057	ecolipol	46.000000	0.000000	0.000000
739.999057	gene_A	33.000000	27.000000	0.000000
739.999057	gene_A*	17.000000	27.000000	0.000000
739.999057	gene_B	367.000000	526.000000	0.000000
739.999057	gene_C	236.000000	515.000000	0.000000
739.999057	gene_D	241.000000	510.000000	0.000000
739.999057	gene_E	194.000000	506.000000	0.000000
739.999057	gene_F	111.000000	343.000000	0.002915
739.999057	gene_G	44.000000	256.000000	0.074219
739.999057	gene_H	0.000000	184.000000	0.152174
739.999057	gene_J	115.000000	500.000000	0.104000
739.999057	gene_K	236.000000	517.000000	0.000000
739.999057	promoter_A	1.000000	0.000000	0.000000
739.999057	promoter_B1	0.000000	0.000000	0.000000
739.999057	promoter_D	0.000000	0.000000	0.000000
744.999074	__gene_A*_rbs	27.000000	0.000000	0.000000
744.999074	__gene_A_rbs	27.000000	0.000000	0.000000
744.999074	__gene_B_rbs	529.000000	0.000000	0.000000
744.999074	__gene_C_rbs	519.000000	0.000000	0.000000
744.999074	__gene_D_rbs	514.000000	0.000000	0.000000
744.999074	__gene_E_rbs	509.000000	0.000000	0.000000
744.999074	__gene_F_rbs	345.000000	0.000000	0.000000
744.999074	__gene_G_rbs	258.000000	0.000000	0.000000
744.999074	__gene_H_rbs	185.000000	0.000000	0.000000
744.999074	__gene_J_rbs	503.000000	0.000000	0.000000
744.999074	__gene_K_rbs	521.000000	0.000000	0.000000
744.999074	__ribosome	0.000000	0.000000	0.000000
744.999074	bound_ecolipol	1877.000000	0.000000	0.000000
744.999074	bound_ribosome	100.000000	0.000000	0.000000
744.999074	ecoli_genome	123.000000	0.000000	0.000000
744.999074	ecoli_transcript	56591.000000	0.000000	0.000000
744.999074	ecolipol	58.000000	0.000000	0.000000
744.999074	gene_A	33.000000	27.000000	0.000000
744.999074	gene_A*	17.000000	27.000000	0.000000
744.999074	gene_B	367.000000	529.000000	0.000000
744.999074	gene_C	236.000000	519.000000	0.000000
744.999074	gene_D	241.000000	514.000000	0.000000
744.999074	gene_E	194.000000	509.000000	0.000000
744.999074	gene_F	111.000000	345.000000	0.002899
744.999074	gene_G	44.000000	258.000000	0.073643
744.999074	gene_H	0.000000	185.000000	0.151351
744.999074	gene_J	115.000000	503.000000	0.103380
744.999074	gene_K	236.000000	521.000000	0.000000
744.999074	promoter_A	1.000000	0.000000	0.000000
744.999074	promoter_B1	0.000000	0.000000	0.000000
744.999074	promoter_D	0.000000	0.000000	0.000000
749.999027	__gene_A*_rbs	27.000000	0.000000	0.000000
749.999027	__gene_A_rbs	28.000000	0.000000	0.000000
749.999027	__gene_B_rbs	533.000000	0.000000	0.000000
749.999027	__gene_C_rbs	523.000000	0.000000	0.000000
749.999027	__gene_D_rbs	518.000000	0.000000	0.000000
749.999027	__gene_E_rbs	513.000000	0.000000	0.000000
749.999027	__gene_F_rbs	349.000000	0.000000	0.000000
749.999027	__gene_G_rbs	260.000000	0.000000	0.000000
749.999027	__gene_H_rbs	187.000000	0.000000	0.000000
749.999027	__gene_J_rbs	507.000000	0.000000	0.000000
749.999027	__gene_K_rbs	524.000000	0.000000	0.000000
749.999027	__ribosome	0.000000	0.000000	0.000000
749.999027	bound_ecolipol	1885.000000	0.000000	0.000000
749.999027	bound_ribosome	100.000000	0.000000	0.000000
749.999027	ecoli_genome	115.000000	0.000000	0.000000
749.999027	ecoli_transcript	56967.000000	0.000000	0.000000
749.999027	ecolipol	47.000000	0.000000	0.000000
749.999027	gene_A	33.000000	28.000000	0.000000
749.999027	gene_A*	17.000000	27.000000	0.000000
749.999027	gene_B	367.000000	533.000000	0.000000
749.999027	gene_C	236.000000	523.000000	0.000000
749.999027	gene_D	241.000000	518.000000	0.000000
749.999027	gene_E	194.000000	513.000000	0.000000
749.999027	gene_F	111.000000	349.000000	0.002865
749.999027	gene_G	44.000000	260.000000	0.073077
749.999027	gene_H	0.000000	187.000000	0.149733
749.999027	gene_J	115.000000	507.000000	0.102564
749.999027	gene_K	236.000000	524.000000	0.000000
749.999027	promoter_A	1.000000	0.000000	0.000000
749.999027	promoter_B1	0.000000	0.000000	0.000000
749.999027	promoter_D	0.000000	0.000000	0.000000
754.999039	__gene_A*_rbs	27.000000	0.000000	0.000000
754.999039	__gene_A_rbs	28.000000	0.000000	0.000000
754.999039	__gene_B_rbs	537.000000	0.000000	0.000000
754.999039	__gene_C_rbs	526.000000	0.000000	0.000000
754.999039	__gene_D_rbs	521.000000	0.000000	0.000000
754.999039	__gene_E_rbs	517.000000	0.000000	0.000000
754.999039	__gene_F_rbs	350.000000	0.000000	0.000000
754.999039	__gene_G_rbs	262.000000	0.000000	0.000000
754.999039	__gene_H_rbs	188.000000	0.000000	0.000000
754.999039	__gene_J_rbs	510.000000	0.000000	0.000000
754.999039	__gene_K_rbs	528.000000	0.000000	0.000000
754.999039	__ribosome	0.000000	0.000000	0.000000
754.999039	bound_ecolipol	1878.000000	0.000000	0.000000
754.999039	bound_ribosome	100.000000	0.000000	0.000000
754.999039	ecoli_genome	122.000000	0.000000	0.000000
754.999039	ecoli_transcript	57354.000000	0.000000	0.000000
754.999039	ecolipol	54.000000	0.000000	0.000000
754.999039	gene_A	33.000000	28.000000	0.000000
754.999039	gene_A*	17.000000	27.000000	0.000000
754.999039	gene_B	367.000000	537.000000	0.000000
754.999039	gene_C	236.000000	526.000000	0.000000
754.999039	gene_D	241.000000	521.000000	0.000000
754.999039	gene_E	194.000000	517.000000	0.000000
754.999039	gene_F	111.000000	350.000000	0.002857
754.999039	gene_G	44.000000	262.000000	0.072519
754.999039	gene_H	0.000000	188.000000	0.148936
754.999039	gene_J	115.000000	510.000000	0.101961
754.999039	gene_K	236.000000	528.000000	0.000000
754.999039	promoter_A	1.000000	0.000000	0.000000
754.999039	promoter_B1	0.000000	0.000000	0.000000
754.999039	promoter_D	0.000000	0.000000	0.000000
759.999079	__gene_A*_rbs	27.000000	0.000000	0.000000
759.999079	__gene_A_rbs	28.000000	0.000000	0.000000
759.999079	__gene_B_rbs	540.000000	0.000000	0.000000
759.999079	__gene_C_rbs	529.000000	0.000000	0.000000
759.999079	__gene_D_rbs	525.000000	0.000000	0.000000
759.999079	__gene_E_rbs	521.000000	0.000000	0.000000
759.999079	__gene_F_rbs	353.000000	0.000000	0.000000
759.999079	__gene_G_rbs	264.000000	0.000000	0.000000
759.999079	__gene_H_rbs	188.000000	0.000000	0.000000
759.999079	__gene_J_rbs	514.000000	0.000000	0.000000
759.999079	__gene_K_rbs	531.000000	0.000000	0.000000
759.999079	__ribosome	0.000000	0.000000	0.000000
759.999079	bound_ecolipol	1889.000000	0.000000	0.000000
759.999079	bound_ribosome	100.000000	0.000000	0.000000
759.999079	ecoli_genome	111.000000	0.000000	0.000000
759.999079	ecoli_transcript	57765.000000	0.000000	0.000000
759.999079	ecolipol	45.000000	0.000000	0.000000
759.999079	gene_A	33.000000	28.000000	0.000000
759.999079	gene_A*	17.000000	27.000000	0.000000
759.999079	gene_B	367.000000	540.000000	0.000000
759.999079	gene_C	236.000000	529.000000	0.000000
759.999079	gene_D	241.000000	525.000000	0.000000
759.999079	gene_E	194.000000	521.000000	0.000000
759.999079	gene_F	111.000000	353.000000	0.002833
759.999079	gene_G	44.000000	264.000000	0.071970
759.999079	gene_H	0.000000	188.000000	0.148936
759.999079	gene_J	115.000000	514.000000	0.101167
759.999079	gene_K	236.000000	531.000000	0.000000
759.999079	promoter_A	1.000000	0.000000	0.000000
759.999079	promoter_B1	0.000000	0.000000	0.000000
759.999079	promoter_D	0.000000	0.000000	0.000000
764.999127	__gene_A*_rbs	28.000000	0.000000	0.000000
764.999127	__gene_A_rbs	28.000000	0.000000	0.000000
764.999127	__gene_B_rbs	544.000000	0.000000	0.000000
764.999127	__gene_C_rbs	533.000000	0.000000	0.000000
764.999127	__gene_D_rbs	529.000000	0.000000	0.000000
764.999127	__gene_E_rbs	524.000000	0.000000	0.000000
764.999127	__gene_F_rbs	354.000000	0.000000	0.000000
764.999127	__gene_G_rbs	264.000000	0.000000	0.000000
764.999127	__gene_H_rbs	189.000000	0.000000	0.000000
764.999127	__gene_J_rbs	517.000000	0.000000	0.000000
764.999127	__gene_K_rbs	535.000000	0.000000	0.000000
764.999127	__ribosome	0.000000	0.000000	0.000000
764.999127	bound_ecolipol	1894.000000	0.000000	0.000000
764.999127	bound_ribosome	100.000000	0.000000	0.000000
764.999127	ecoli_genome	106.000000	0.000000	0.000000
764.999127	ecoli_transcript	58117.000000	0.000000	0.000000
764.999127	ecolipol	41.000000	0.000000	0.000000
764.999127	gene_A	33.000000	28.000000	0.000000
764.999127	gene_A*	17.000000	28.000000	0.000000
764.999127	gene_B	367.000000	544.000000	0.000000
764.999127	gene_C	236.000000	533.000000	0.000000
764.999127	gene_D	241.000000	529.000000	0.000000
764.999127	gene_E	194.000000	524.000000	0.000000
764.999127	gene_F	111.000000	354.000000	0.002825
764.999127	gene_G	44.000000	264.000000	0.071970
764.999127	gene_H	0.000000	189.000000	0.148148
764.999127	gene_J	115.000000	517.000000	0.100580
764.999127	gene_K	236.000000	535.000000	0.000000
764.999127	promoter_A	1.000000	0.000000	0.000000
764.999127	promoter_B1	0.000000	0.000000	0.000000
764.999127	promoter_D	0.000000	0.000000	0.000000
769.999073	__gene_A*_rbs	28.000000	0.000000	0.000000
769.999073	__gene_A_rbs	28.000000	0.000000	0.000000
769.999073	__gene_B_rbs	548.000000	0.000000	0.000000
769.999073	__gene_C_rbs	537.000000	0.000000	0.000000
769.999073	__gene_D_rbs	532.000000	0.000000	0.000000
769.999073	__gene_E_rbs	528.000000	0.000000	0.000000
769.999073	__gene_F_rbs	358.000000	0.000000	0.000000
769.999073	__gene_G_rbs	266.000000	0.000000	0.000000
769.999073	__gene_H_rbs	190.000000	0.000000	0.000000
769.999073	__gene_J_rbs	521.000000	0.000000	0.000000
769.999073	__gene_K_rbs	539.000000	0.000000	0.000000
769.999073	__ribosome	0.000000	0.000000	0.000000
769.999073	bound_ecolipol	1901.000000	0.000000	0.000000
769.999073	bound_ribosome	100.000000	0.000000	0.000000
769.999073	ecoli_genome	99.000000	0.000000	0.000000
769.999073	ecoli_transcript	58485.000000	0.000000	0.000000
769.999073	ecolipol	33.000000	0.000000	0.000000
769.999073	gene_A	33.000000	28.000000	0.000000
769.999073	gene_A*	17.000000	28.000000	0.000000
769.999073	gene_B	367.000000	548.000000	0.000000
769.999073	gene_C	236.000000	537.000000	0.000000
769.999073	gene_D	241.000000	532.000000	0.000000
769.999073	gene_E	194.000000	528.000000	0.000000
769.999073	gene_F	112.000000	358.000000	0.002793
769.999073	gene_G	44.000000	266.000000	0.071429
769.999073	gene_H	0.000000	190.000000	0.147368
769.999073	gene_J	115.000000	521.000000	0.099808
769.999073	gene_K	236.000000	539.000000	0.000000
769.999073	promoter_A	1.000000	0.000000	0.000000
769.999073	promoter_B1	0.000000	0.000000	0.000000
769.999073	promoter_D	0.000000	0.000000	0.000000
774.999018	__gene_A*_rbs	28.000000	0.000000	0.000000
774.999018	__gene_A_rbs	28.000000	0.000000	0.000000
774.999018	__gene_B_rbs	551.000000	0.000000	0.000000
774.999018	__gene_C_rbs	541.000000	0.000000	0.000000
774.999018	__gene_D_rbs	536.000000	0.000000	0.000000
774.999018	__gene_E_rbs	532.000000	0.000000	0.000000
774.999018	__gene_F_rbs	361.000000	0.000000	0.000000
774.999018	__gene_G_rbs	267.000000	0.000000	0.000000
774.999018	__gene_H_rbs	192.000000	0.000000	0.000000
774.999018	__gene_J_rbs	525.000000	0.000000	0.000000
774.999018	__gene_K_rbs	543.000000	0.000000	0.000000
774.999018	__ribosome	0.000000	0.000000	0.000000
774.999018	bound_ecolipol	1898.000000	0.000000	0.000000
774.999018	bound_ribosome	100.000000	0.000000	0.000000
774.999018	ecoli_genome	102.000000	0.000000	0.000000
774.999018	ecoli_transcript	58866.000000	0.000000	0.000000
774.999018	ecolipol	37.000000	0.000000	0.000000
774.999018	gene_A	33.000000	28.000000	0.000000
774.999018	gene_A*	17.000000	28.000000	0.000000
774.999018	gene_B	367.000000	551.000000	0.000000
774.999018	gene_C	236.000000	541.000000	0.000000
774.999018	gene_D	241.000000	536.000000	0.000000
774.999018	gene_E	194.000000	532.000000	0.000000
774.999018	gene_F	112.000000	361.000000	0.002770
774.999018	gene_G	44.000000	267.000000	0.071161
774.999018	gene_H	0.000000	192.000000	0.145833
774.999018	gene_J	115.000000	525.000000	0.099048
774.999018	gene_K	236.000000	543.000000	0.000000
774.999018	promoter_A	1.000000	0.000000	0.000000
774.999018	promoter_B1	0.000000	0.000000	0.000000
774.999018	promoter_D	0.000000	0.000000	0.000000
779.999217	__gene_A*_rbs	28.000000	0.000000	0.000000
779.999217	__gene_A_rbs	28.000000	0.000000	0.000000
779.999217	__gene_B_rbs	555.000000	0.000000	0.000000
779.999217	__gene_C_rbs	544.000000	0.000000	0.000000
779.999217	__gene_D_rbs	540.000000	0.000000	0.000000
779.999217	__gene_E_rbs	535.000000	0.000000	0.000000
779.999217	__gene_F_rbs	365.000000	0.000000	0.000000
779.999217	__gene_G_rbs	267.000000	0.000000	0.000000
779.999217	__gene_H_rbs	192.000000	0.000000	0.000000
779.999217	__gene_J_rbs	528.000000	0.000000	0.000000
779.999217	__gene_K_rbs	546.000000	0.000000	0.000000
779.999217	__ribosome	0.000000	0.000000	0.000000
779.999217	bound_ecolipol	1901.000000	0.000000	0.000000
779.999217	bound_ribosome	100.000000	0.000000	0.000000
779.999217	ecoli_genome	99.000000	0.000000	0.000000
779.999217	ecoli_transcript	59197.000000	0.000000	0.000000
779.999217	ecolipol	34.000000	0.000000	0.000000
779.999217	gene_A	33.000000	28.000000	0.000000
779.999217	gene_A*	17.000000	28.000000	0.000000
779.999217	gene_B	367.000000	555.000000	0.000000
779.999217	gene_C	236.000000	544.000000	0.000000
779.999217	gene_D	241.000000	540.000000	0.000000
779.999217	gene_E	194.000000	535.000000	0.000000
779.999217	gene_F	112.000000	365.000000	0.002740
779.999217	gene_G	44.000000	267.000000	0.071161
779.999217	gene_H	0.000000	192.000000	0.145833
779.999217	gene_J	115.000000	528.000000	0.098485
779.999217	gene_K	236.000000	546.000000	0.000000
779.999217	promoter_A	1.000000	0.000000	0.000000
779.999217	promoter_B1	0.000000	0.000000	0.000000
779.999217	promoter_D	0.000000	0.000000	0.000000
784.999125	__gene_A*_rbs	28.000000	0.000000	0.000000
784.999125	__gene_A_rbs	28.000000	0.000000	0.000000
784.999125	__gene_B_rbs	559.000000	0.000000	0.000000
784.999125	__gene_C_rbs	548.000000	0.000000	0.000000
784.999125	__gene_D_rbs	543.000000	0.000000	0.000000
784.999125	__gene_E_rbs	539.000000	0.000000	0.000000
784.999125	__gene_F_rbs	367.000000	0.000000	0.000000
784.999125	__gene_G_rbs	268.000000	0.000000	0.000000
784.999125	__gene_H_rbs	193.000000	0.000000	0.000000
784.999125	__gene_J_rbs	532.000000	0.000000	0.000000
784.999125	__gene_K_rbs	550.000000	0.000000	0.000000
784.999125	__ribosome	0.000000	0.000000	0.000000
784.999125	bound_ecolipol	1888.000000	0.000000	0.000000
784.999125	bound_ribosome	100.000000	0.000000	0.000000
784.999125	ecoli_genome	112.000000	0.000000	0.000000
784.999125	ecoli_transcript	59563.000000	0.000000	0.000000
784.999125	ecolipol	47.000000	0.000000	0.000000
784.999125	gene_A	33.000000	28.000000	0.000000
784.999125	gene_A*	17.000000	28.000000	0.000000
784.999125	gene_B	367.000000	559.000000	0.000000
784.999125	gene_C	236.000000	548.000000	0.000000
784.999125	gene_D	241.000000	543.000000	0.000000
784.999125	gene_E	194.000000	539.000000	0.000000
784.999125	gene_F	112.000000	367.000000	0.002725
784.999125	gene_G	44.000000	268.000000	0.070896
784.999125	gene_H	0.000000	193.000000	0.145078
784.999125	gene_J	115.000000	532.000000	0.097744
784.999125	gene_K	236.000000	550.000000	0.000000
784.999125	promoter_A	1.000000	0.000000	0.000000
784.999125	promoter_B1	0.000000	0.000000	0.000000
784.999125	promoter_D	0.000000	0.000000	0.000000
789.999054	__gene_A*_rbs	28.000000	0.000000	0.000000
789.999054	__gene_A_rbs	28.000000	0.000000	0.000000
789.999054	__gene_B_rbs	562.000000	0.000000	0.000000
789.999054	__gene_C_rbs	551.000000	0.000000	0.000000
789.999054	__gene_D_rbs	546.000000	0.000000	0.000000
789.999054	__gene_E_rbs	542.000000	0.000000	0.000000
789.999054	__gene_F_rbs	370.000000	0.000000	0.000000
789.999054	__gene_G_rbs	269.000000	0.000000	0.000000
789.999054	__gene_H_rbs	194.000000	0.000000	0.000000
789.999054	__gene_J_rbs	536.000000	0.000000	0.000000
789.999054	__gene_K_rbs	553.000000	0.000000	0.000000
789.999054	__ribosome	0.000000	0.000000	0.000000
789.999054	bound_ecolipol	1885.000000	0.000000	0.000000
789.999054	bound_ribosome	100.000000	0.000000	0.000000
789.999054	ecoli_genome	115.000000	0.000000	0.000000
789.999054	ecoli_transcript	59920.000000	0.000000	0.000000
789.999054	ecolipol	48.000000	0.000000	0.000000
789.999054	gene_A	33.000000	28.000000	0.000000
789.999054	gene_A*	17.000000	28.000000	0.000000
789.999054	gene_B	367.000000	562.000000	0.000000
789.999054	gene_C	236.000000	551.000000	0.000000
789.999054	gene_D	241.000000	546.000000	0.000000
789.999054	gene_E	194.000000	542.000000	0.000000
789.999054	gene_F	112.000000	370.000000	0.002703
789.999054	gene_G	44.000000	269.000000	0.070632
789.999054	gene_H	0.000000	194.000000	0.144330
789.999054	gene_J	115.000000	536.000000	0.097015
789.999054	gene_K	236.000000	553.000000	0.000000
789.999054	promoter_A	1.000000	0.000000	0.000000
789.999054	promoter_B1	0.000000	0.000000	0.000000
789.999054	promoter_D	0.000000	0.000000	0.000000
794.999272	__gene_A*_rbs	28.000000	0.000000	0.000000
794.999272	__gene_A_rbs	28.000000	0.000000	0.000000
794.999272	__gene_B_rbs	566.000000	0.000000	0.000000
794.999272	__gene_C_rbs	555.000000	0.000000	0.000000
794.999272	__gene_D_rbs	551.000000	0.000000	0.000000
794.999272	__gene_E_rbs	546.000000	0.000000	0.000000
794.999272	__gene_F_rbs	372.000000	0.000000	0.000000
794.999272	__gene_G_rbs	272.000000	0.000000	0.000000
794.999272	__gene_H_rbs	194.000000	0.000000	0.000000
794.999272	__gene_J_rbs	540.000000	0.000000	0.000000
794.999272	__gene_K_rbs	557.000000	0.000000	0.000000
794.999272	__ribosome	0.000000	0.000000	0.000000
794.999272	bound_ecolipol	1891.000000	0.000000	0.000000
794.999272	bound_ribosome	100.000000	0.000000	0.000000
794.999272	ecoli_genome	109.000000	0.000000	0.000000
794.999272	ecoli_transcript	60281.000000	0.000000	0.000000
794.999272	ecolipol	40.000000	0.000000	0.000000
794.999272	gene_A	33.000000	28.000000	0.000000
794.999272	gene_A*	17.000000	28.000000	0.000000
794.999272	gene_B	367.000000	566.000000	0.000000
794.999272	gene_C	236.000000	555.000000	0.000000
794.999272	gene_D	241.000000	551.000000	0.000000
794.999272	gene_E	194.000000	546.000000	0.000000
794.999272	gene_F	112.000000	372.000000	0.002688
794.999272	gene_G	44.000000	272.000000	0.069853
794.999272	gene_H	0.000000	194.000000	0.144330
794.999272	gene_J	115.000000	540.000000	0.096296
794.999272	gene_K	236.000000	557.000000	0.000000
794.999272	promoter_A	1.000000	0.000000	0.000000
794.999272	promoter_B1	0.000000	0.000000	0.000000
794.999272	promoter_D	0.000000	0.000000	0.000000
799.999060	__gene_A*_rbs	28.000000	0.000000	0.000000
799.999060	__gene_A_rbs	28.000000	0.000000	0.000000
799.999060	__gene_B_rbs	570.000000	0.000000	0.000000
799.999060	__gene_C_rbs	559.000000	0.000000	0.000000
799.999060	__gene_D_rbs	554.000000	0.000000	0.000000
799.999060	__gene_E_rbs	550.000000	0.000000	0.000000
799.999060	__gene_F_rbs	375.000000	0.000000	0.000000
799.999060	__gene_G_rbs	275.000000	0.000000	0.000000
799.999060	__gene_H_rbs	195.000000	0.000000	0.000000
799.999060	__gene_J_rbs	543.000000	0.000000	0.000000
799.999060	__gene_K_rbs	561.000000	0.000000	0.000000
799.999060	__ribosome	0.000000	0.000000	0.000000
799.999060	bound_ecolipol	1891.000000	0.000000	0.000000
799.999060	bound_ribosome	100.000000	0.000000	0.000000
799.999060	ecoli_genome	109.000000	0.000000	0.000000
799.999060	ecoli_transcript	60663.000000	0.000000	0.000000
799.999060	ecolipol	39.000000	0.000000	0.000000
799.999060	gene_A	33.000000	28.000000	0.000000
799.999060	gene_A*	17.000000	28.000000	0.000000
799.999060	gene_B	367.000000	570.000000	0.000000
799.999060	gene_C	236.000000	559.000000	0.000000
799.999060	gene_D	241.000000	554.000000	0.000000
799.999060	gene_E	194.000000	550.000000	0.000000
799.999060	gene_F	112.000000	375.000000	0.002667
799.999060	gene_G	44.000000	275.000000	0.069091
799.999060	gene_H	0.000000	195.000000	0.143590
799.999060	gene_J	115.000000	543.000000	0.095764
799.999060	gene_K	236.000000	561.000000	0.000000
799.999060	promoter_A	1.000000	0.000000	0.000000
799.999060	promoter_B1	0.000000	0.000000	0.000000
799.999060	promoter_D	0.000000	0.000000	0.000000
804.999649	__gene_A*_rbs	28.000000	0.000000	0.000000
804.999649	__gene_A_rbs	28.000000	0.000000	0.000000
804.999649	__gene_B_rbs	574.000000	0.000000	0.000000
804.999649	__gene_C_rbs	562.000000	0.000000	0.000000
804.999649	__gene_D_rbs	558.000000	0.000000	0.000000
804.999649	__gene_E_rbs	554.000000	0.000000	0.000000
804.999649	__gene_F_rbs	378.000000	0.000000	0.000000
804.999649	__gene_G_rbs	276.000000	0.000000	0.000000
804.999649	__gene_H_rbs	195.000000	0.000000	0.000000
804.999649	__gene_J_rbs	547.000000	0.000000	0.000000
804.999649	__gene_K_rbs	564.000000	0.000000	0.000000
804.999649	__ribosome	0.000000	0.000000	0.000000
804.999649	bound_ecolipol	1886.000000	0.000000	0.000000
804.999649	bound_ribosome	100.000000	0.000000	0.000000
804.999649	ecoli_genome	114.000000	0.000000	0.000000
804.999649	ecoli_transcript	61029.000000	0.000000	0.000000
804.999649	ecolipol	41.000000	0.000000	0.000000
804.999649	gene_A	33.000000	28.000000	0.000000
804.999649	gene_A*	17.000000	28.000000	0.000000
804.999649	gene_B	367.000000	574.000000	0.000000
804.999649	gene_C	236.000000	562.000000	0.000000
804.999649	gene_D	241.000000	558.000000	0.000000
804.999649	gene_E	194.000000	554.000000	0.000000
804.999649	gene_F	112.000000	378.000000	0.002646
804.999649	gene_G	44.000000	276.000000	0.068841
804.999649	gene_H	0.000000	195.000000	0.143590
804.999649	gene_J	115.000000	547.000000	0.095064
804.999649	gene_K	236.000000	564.000000	0.000000
804.999649	promoter_A	1.000000	0.000000	0.000000
804.999649	promoter_B1	0.000000	0.000000	0.000000
804.999649	promoter_D	0.000000	0.000000	0.000000
809.999339	__gene_A*_rbs	28.000000	0.000000	0.000000
809.999339	__gene_A_rbs	28.000000	0.000000	0.000000
809.999339	__gene_B_rbs	577.000000	0.000000	0.000000
809.999339	__gene_C_rbs	566.000000	0.000000	0.000000
809.999339	__gene_D_rbs	561.000000	0.000000	0.000000
809.999339	__gene_E_rbs	558.000000	0.000000	0.000000
809.999339	__gene_F_rbs	381.000000	0.000000	0.000000
809.999339	__gene_G_rbs	279.000000	0.000000	0.000000
809.999339	__gene_H_rbs	198.000000	0.000000	0.000000
809.999339	__gene_J_rbs	550.000000	0.000000	0.000000
809.999339	__gene_K_rbs	568.000000	0.000000	0.000000
809.999339	__ribosome	0.000000	0.000000	0.000000
809.999339	bound_ecolipol	1871.000000	0.000000	0.000000
809.999339	bound_ribosome	100.000000	0.000000	0.000000
809.999339	ecoli_genome	129.000000	0.000000	0.000000
809.999339	ecoli_transcript	61454.000000	0.000000	0.000000
809.999339	ecolipol	56.000000	0.000000	0.000000
809.999339	gene_A	33.000000	28.000000	0.000000
809.999339	gene_A*	17.000000	28.000000	0.000000
809.999339	gene_B	367.000000	577.000000	0.000000
809.999339	gene_C	236.000000	566.000000	0.000000
809.999339	gene_D	241.000000	561.000000	0.000000
809.999339	gene_E	194.000000	558.000000	0.000000
809.999339	gene_F	112.000000	381.000000	0.002625
809.999339	gene_G	44.000000	279.000000	0.068100
809.999339	gene_H	0.000000	198.000000	0.141414
809.999339	gene_J	115.000000	550.000000	0.094545
809.999339	gene_K	236.000000	568.000000	0.000000
809.999339	promoter_A	1.000000	0.000000	0.000000
809.999339	promoter_B1	0.000000	0.000000	0.000000
809.999339	promoter_D	0.000000	0.000000	0.000000
814.999051	__gene_A*_rbs	28.000000	0.000000	0.000000
814.999051	__gene_A_rbs	28.000000	0.000000	0.000000
814.999051	__gene_B_rbs	580.000000	0.000000	0.000000
814.999051	__gene_C_rbs	570.000000	0.000000	0.000000
814.999051	__gene_D_rbs	565.000000	0.000000	0.000000
814.999051	__gene_E_rbs	561.000000	0.000000	0.000000
814.999051	__gene_F_rbs	385.000000	0.000000	0.000000
814.999051	__gene_G_rbs	282.000000	0.000000	0.000000
814.999051	__gene_H_rbs	199.000000	0.000000	0.000000
814.999051	__gene_J_rbs	555.000000	0.000000	0.000000
814.999051	__gene_K_rbs	572.000000	0.000000	0.000000
814.999051	__ribosome	0.000000	0.000000	0.000000
814.999051	bound_ecolipol	1877.000000	0.000000	0.000000
814.999051	bound_ribosome	100.000000	0.000000	0.000000
814.999051	ecoli_genome	123.000000	0.000000	0.000000
814.999051	ecoli_transcript	61829.000000	0.000000	0.000000
814.999051	ecolipol	49.000000	0.000000	0.000000
814.999051	gene_A	33.000000	28.000000	0.000000
814.999051	gene_A*	17.000000	28.000000	0.000000
814.999051	gene_B	367.000000	580.000000	0.000000
814.999051	gene_C	236.000000	570.000000	0.000000
814.999051	gene_D	241.000000	565.000000	0.001770
814.999051	gene_E	194.000000	561.000000	0.000000
814.999051	gene_F	113.000000	385.000000	0.000000
814.999051	gene_G	44.000000	282.000000	0.067376
814.999051	gene_H	0.000000	199.000000	0.140704
814.999051	gene_J	115.000000	555.000000	0.093694
814.999051	gene_K	236.000000	572.000000	0.000000
814.999051	promoter_A	1.000000	0.000000	0.000000
814.999051	promoter_B1	0.000000	0.000000	0.000000
814.999051	promoter_D	0.000000	0.000000	0.000000
819.999056	__gene_A*_rbs	28.000000	0.000000	0.000000
819.999056	__gene_A_rbs	28.000000	0.000000	0.000000
819.999056	__gene_B_rbs	584.000000	0.000000	0.000000
819.999056	__gene_C_rbs	573.000000	0.000000	0.000000
819.999056	__gene_D_rbs	569.000000	0.000000	0.000000
819.999056	__gene_E_rbs	565.000000	0.000000	0.000000
819.999056	__gene_F_rbs	387.000000	0.000000	0.000000
819.999056	__gene_G_rbs	284.000000	0.000000	0.000000
819.999056	__gene_H_rbs	200.000000	0.000000	0.000000
819.999056	__gene_J_rbs	558.000000	0.000000	0.000000
819.999056	__gene_K_rbs	575.000000	0.000000	0.000000
819.999056	__ribosome	0.000000	0.000000	0.000000
819.999056	bound_ecolipol	1889.000000	0.000000	0.000000
819.999056	bound_ribosome	100.000000	0.000000	0.000000
819.999056	ecoli_genome	111.000000	0.000000	0.000000
819.999056	ecoli_transcript	62177.000000	0.000000	0.000000
819.999056	ecolipol	38.000000	0.000000	0.000000
819.999056	gene_A	33.000000	28.000000	0.000000
819.999056	gene_A*	17.000000	28.000000	0.000000
819.999056	gene_B	367.000000	584.000000	0.000000
819.999056	gene_C	236.000000	573.000000	0.000000
819.999056	gene_D	241.000000	569.000000	0.001757
819.999056	gene_E	194.000000	565.000000	0.000000
819.999056	gene_F	113.000000	387.000000	0.000000
819.999056	gene_G	44.000000	284.000000	0.066901
819.999056	gene_H	0.000000	200.000000	0.140000
819.999056	gene_J	115.000000	558.000000	0.093190
819.999056	gene_K	236.000000	575.000000	0.000000
819.999056	promoter_A	1.000000	0.000000	0.000000
819.999056	promoter_B1	0.000000	0.000000	0.000000
819.999056	promoter_D	0.000000	0.000000	0.000000
824.999140	__gene_A*_rbs	28.000000	0.000000	0.000000
824.999140	__gene_A_rbs	28.000000	0.000000	0.000000
824.999140	__gene_B_rbs	587.000000	0.000000	0.000000
824.999140	__gene_C_rbs	577.000000	0.000000	0.000000
824.999140	__gene_D_rbs	573.000000	0.000000	0.000000
824.999140	__gene_E_rbs	568.000000	0.000000	0.000000
824.999140	__gene_F_rbs	388.000000	0.000000	0.000000
824.999140	__gene_G_rbs	287.000000	0.000000	0.000000
824.999140	__gene_H_rbs	202.000000	0.000000	0.000000
824.999140	__gene_J_rbs	562.000000	0.000000	0.000000
824.999140	__gene_K_rbs	579.000000	0.000000	0.000000
824.999140	__ribosome	0.000000	0.000000	0.000000
824.999140	bound_ecolipol	1888.000000	0.000000	0.000000
824.999140	bound_ribosome	100.000000	0.000000	0.000000
824.999140	ecoli_genome	112.000000	0.000000	0.000000
824.999140	ecoli_transcript	62540.000000	0.000000	0.000000
824.999140	ecolipol	39.000000	0.000000	0.000000
824.999140	gene_A	33.000000	28.000000	0.000000
824.999140	gene_A*	17.000000	28.000000	0.000000
824.999140	gene_B	367.000000	587.000000	0.000000
824.999140	gene_C	236.000000	577.000000	0.000000
824.999140	gene_D	241.000000	573.000000	0.001745
824.999140	gene_E	194.000000	568.000000	0.000000
824.999140	gene_F	113.000000	388.000000	0.000000
824.999140	gene_G	44.000000	287.000000	0.066202
824.999140	gene_H	0.000000	202.000000	0.138614
824.999140	gene_J	115.000000	562.000000	0.092527
824.999140	gene_K	236.000000	579.000000	0.000000
824.999140	promoter_A	1.000000	0.000000	0.000000
824.999140	promoter_B1	0.000000	0.000000	0.000000
824.999140	promoter_D	0.000000	0.000000	0.000000
829.999004	__gene_A*_rbs	28.000000	0.000000	0.000000
829.999004	__gene_A_rbs	28.000000	0.000000	0.000000
829.999004	__gene_B_rbs	591.000000	0.000000	0.000000
829.999004	__gene_C_rbs	581.000000	0.000000	0.000000
829.999004	__gene_D_rbs	577.000000	0.000000	0.000000
829.999004	__gene_E_rbs	572.000000	0.000000	0.000000
829.999004	__gene_F_rbs	391.000000	0.000000	0.000000
829.999004	__gene_G_rbs	289.000000	0.000000	0.000000
829.999004	__gene_H_rbs	204.000000	0.000000	0.000000
829.999004	__gene_J_rbs	566.000000	0.000000	0.000000
829.999004	__gene_K_rbs	582.000000	0.000000	0.000000
829.999004	__ribosome	0.000000	0.000000	0.000000
829.999004	bound_ecolipol	1884.000000	0.000000	0.000000
829.999004	bound_ribosome	100.000000	0.000000	0.000000
829.999004	ecoli_genome	116.000000	0.000000	0.000000
829.999004	ecoli_transcript	62927.000000	0.000000	0.000000
829.999004	ecolipol	41.000000	0.000000	0.000000
829.999004	gene_A	33.000000	28.000000	0.000000
829.999004	gene_A*	17.000000	28.000000	0.000000
829.999004	gene_B	367.000000	591.000000	0.000000
829.999004	gene_C	236.000000	581.000000	0.000000
829.999004	gene_D	242.000000	577.000000	0.000000
829.999004	gene_E	194.000000	572.000000	0.000000
829.999004	gene_F	113.000000	391.000000	0.000000
829.999004	gene_G	44.000000	289.000000	0.065744
829.999004	gene_H	0.000000	204.000000	0.137255
829.999004	gene_J	115.000000	566.000000	0.091873
829.999004	gene_K	236.000000	582.000000	0.001718
829.999004	promoter_A	1.000000	0.000000	0.000000
829.999004	promoter_B1	0.000000	0.000000	0.000000
829.999004	promoter_D	0.000000	0.000000	0.000000
834.999084	__gene_A*_rbs	28.000000	0.000000	0.000000
834.999084	__gene_A_rbs	28.000000	0.000000	0.000000
834.999084	__gene_B_rbs	595.000000	0.000000	0.000000
834.999084	__gene_C_rbs	583.000000	0.000000	0.000000
834.999084	__gene_D_rbs	580.000000	0.000000	0.000000
834.999084	__gene_E_rbs	576.000000	0.000000	0.000000
834.999084	__gene_F_rbs	394.000000	0.000000	0.000000
834.999084	__gene_G_rbs	292.000000	0.000000	0.000000
834.999084	__gene_H_rbs	205.000000	0.000000	0.000000
834.999084	__gene_J_rbs	569.000000	0.000000	0.000000
834.999084	__gene_K_rbs	586.000000	0.000000	0.000000
834.999084	__ribosome	0.000000	0.000000	0.000000
834.999084	bound_ecolipol	1881.000000	0.000000	0.000000
834.999084	bound_ribosome	100.000000	0.000000	0.000000
834.999084	ecoli_genome	119.000000	0.000000	0.000000
834.999084	ecoli_transcript	63295.000000	0.000000	0.000000
834.999084	ecolipol	44.000000	0.000000	0.000000
834.999084	gene_A	33.000000	28.000000	0.000000
834.999084	gene_A*	17.000000	28.000000	0.000000
834.999084	gene_B	367.000000	595.000000	0.000000
834.999084	gene_C	236.000000	584.000000	0.000000
834.999084	gene_D	242.000000	580.000000	0.000000
834.999084	gene_E	194.000000	576.000000	0.000000
834.999084	gene_F	113.000000	394.000000	0.000000
834.999084	gene_G	44.000000	292.000000	0.065068
834.999084	gene_H	0.000000	205.000000	0.136585
834.999084	gene_J	115.000000	569.000000	0.091388
834.999084	gene_K	237.000000	586.000000	0.001706
834.999084	promoter_A	1.000000	0.000000	0.000000
834.999084	promoter_B1	0.000000	0.000000	0.000000
834.999084	promoter_D	0.000000	0.000000	0.000000
839.999112	__gene_A*_rbs	28.000000	0.000000	0.000000
839.999112	__gene_A_rbs	29.000000	0.000000	0.000000
839.999112	__gene_B_rbs	599.000000	0.000000	0.000000
839.999112	__gene_C_rbs	588.000000	0.000000	0.000000
839.999112	__gene_D_rbs	584.000000	0.000000	0.000000
839.999112	__gene_E_rbs	579.000000	0.000000	0.000000
839.999112	__gene_F_rbs	397.000000	0.000000	0.000000
839.999112	__gene_G_rbs	293.000000	0.000000	0.000000
839.999112	__gene_H_rbs	208.000000	0.000000	0.000000
839.999112	__gene_J_rbs	573.000000	0.000000	0.000000
839.999112	__gene_K_rbs	590.000000	0.000000	0.000000
839.999112	__ribosome	0.000000	0.000000	0.000000
839.999112	bound_ecolipol	1877.000000	0.000000	0.000000
839.999112	bound_ribosome	100.000000	0.000000	0.000000
839.999112	ecoli_genome	123.000000	0.000000	0.000000
839.999112	ecoli_transcript	63723.000000	0.000000	0.000000
839.999112	ecolipol	45.000000	0.000000	0.000000
839.999112	gene_A	33.000000	29.000000	0.000000
839.999112	gene_A*	17.000000	28.000000	0.000000
839.999112	gene_B	367.000000	599.000000	0.000000
839.999112	gene_C	236.000000	588.000000	0.000000
839.999112	gene_D	242.000000	584.000000	0.000000
839.999112	gene_E	194.000000	579.000000	0.001727
839.999112	gene_F	113.000000	397.000000	0.000000
839.999112	gene_G	44.000000	293.000000	0.064846
839.999112	gene_H	0.000000	208.000000	0.134615
839.999112	gene_J	115.000000	573.000000	0.090750
839.999112	gene_K	238.000000	590.000000	0.000000
839.999112	promoter_A	0.000000	0.000000	0.000000
839.999112	promoter_B1	0.000000	0.000000	0.000000
839.999112	promoter_D	0.000000	0.000000	0.000000
844.999231	__gene_A*_rbs	28.000000	0.000000	0.000000
844.999231	__gene_A_rbs	30.000000	0.000000	0.000000
844.999231	__gene_B_rbs	602.000000	0.000000	0.000000
844.999231	__gene_C_rbs	592.000000	0.000000	0.000000
844.999231	__gene_D_rbs	588.000000	0.000000	0.000000
844.999231	__gene_E_rbs	583.000000	0.000000	0.000000
844.999231	__gene_F_rbs	400.000000	0.000000	0.000000
844.999231	__gene_G_rbs	296.000000	0.000000	0.000000
844.999231	__gene_H_rbs	210.000000	0.000000	0.000000
844.999231	__gene_J_rbs	576.000000	0.000000	0.000000
844.999231	__gene_K_rbs	594.000000	0.000000	0.000000
844.999231	__ribosome	0.000000	0.000000	0.000000
844.999231	bound_ecolipol	1883.000000	0.000000	0.000000
844.999231	bound_ribosome	100.000000	0.000000	0.000000
844.999231	ecoli_genome	117.000000	0.000000	0.000000
844.999231	ecoli_transcript	64134.000000	0.000000	0.000000
844.999231	ecolipol	42.000000	0.000000	0.000000
844.999231	gene_A	33.000000	30.000000	0.000000
844.999231	gene_A*	17.000000	28.000000	0.000000
844.999231	gene_B	367.000000	602.000000	0.000000
844.999231	gene_C	236.000000	592.000000	0.000000
844.999231	gene_D	242.000000	588.000000	0.000000
844.999231	gene_E	194.000000	583.000000	0.001715
844.999231	gene_F	113.000000	400.000000	0.000000
844.999231	gene_G	44.000000	296.000000	0.064189
844.999231	gene_H	0.000000	210.000000	0.133333
844.999231	gene_J	115.000000	576.000000	0.090278
844.999231	gene_K	238.000000	594.000000	0.000000
844.999231	promoter_A	1.000000	0.000000	0.000000
844.999231	promoter_B1	0.000000	0.000000	0.000000
844.999231	promoter_D	0.000000	0.000000	0.000000
849.999137	__gene_A*_rbs	28.000000	0.000000	0.000000
849.999137	__gene_A_rbs	30.000000	0.000000	0.000000
849.999137	__gene_B_rbs	606.000000	0.000000	0.000000
849.999137	__gene_C_rbs	595.000000	0.000000	0.000000
849.999137	__gene_D_rbs	591.000000	0.000000	0.000000
849.999137	__gene_E_rbs	587.000000	0.000000	0.000000
849.999137	__gene_F_rbs	402.000000	0.000000	0.000000
849.999137	__gene_G_rbs	298.000000	0.000000	0.000000
849.999137	__gene_H_rbs	211.000000	0.000000	0.000000
849.999137	__gene_J_rbs	580.000000	0.000000	0.000000
849.999137	__gene_K_rbs	597.000000	0.000000	0.000000
849.999137	__ribosome	0.000000	0.000000	0.000000
849.999137	bound_ecolipol	1880.000000	0.000000	0.000000
849.999137	bound_ribosome	100.000000	0.000000	0.000000
849.999137	ecoli_genome	120.000000	0.000000	0.000000
849.999137	ecoli_transcript	64537.000000	0.000000	0.000000
849.999137	ecolipol	43.000000	0.000000	0.000000
849.999137	gene_A	33.000000	30.000000	0.000000
849.999137	gene_A*	17.000000	28.000000	0.000000
849.999137	gene_B	367.000000	606.000000	0.001650
849.999137	gene_C	236.000000	595.000000	0.000000
849.999137	gene_D	242.000000	591.000000	0.000000
849.999137	gene_E	195.000000	587.000000	0.000000
849.999137	gene_F	113.000000	402.000000	0.000000
849.999137	gene_G	44.000000	298.000000	0.063758
849.999137	gene_H	0.000000	211.000000	0.132701
849.999137	gene_J	115.000000	580.000000	0.089655
849.999137	gene_K	238.000000	597.000000	0.000000
849.999137	promoter_A	1.000000	0.000000	0.000000
849.999137	promoter_B1	0.000000	0.000000	0.000000
849.999137	promoter_D	0.000000	0.000000	0.000000
854.999285	__gene_A*_rbs	29.000000	0.000000	0.000000
854.999285	__gene_A_rbs	30.000000	0.000000	0.000000
854.999285	__gene_B_rbs	610.000000	0.000000	0.000000
854.999285	__gene_C_rbs	599.000000	0.000000	0.000000
854.999285	__gene_D_rbs	595.000000	0.000000	0.000000
854.999285	__gene_E_rbs	591.000000	0.000000	0.000000
854.999285	__gene_F_rbs	406.000000	0.000000	0.000000
854.999285	__gene_G_rbs	301.000000	0.000000	0.000000
854.999285	__gene_H_rbs	213.000000	0.000000	0.000000
854.999285	__gene_J_rbs	584.000000	0.000000	0.000000
854.999285	__gene_K_rbs	601.000000	0.000000	0.000000
854.999285	__ribosome	0.000000	0.000000	0.000000
854.999285	bound_ecolipol	1881.000000	0.000000	0.000000
854.999285	bound_ribosome	100.000000	0.000000	0.000000
854.999285	ecoli_genome	119.000000	0.000000	0.000000
854.999285	ecoli_transcript	64913.000000	0.000000	0.000000
854.999285	ecolipol	41.000000	0.000000	0.000000
854.999285	gene_A	33.000000	30.000000	0.000000
854.999285	gene_A*	17.000000	29.000000	0.000000
854.999285	gene_B	367.000000	610.000000	0.001639
854.999285	gene_C	236.000000	599.000000	0.000000
854.999285	gene_D	242.000000	595.000000	0.000000
854.999285	gene_E	195.000000	591.000000	0.000000
854.999285	gene_F	113.000000	406.000000	0.000000
854.999285	gene_G	44.000000	301.000000	0.063123
854.999285	gene_H	0.000000	213.000000	0.131455
854.999285	gene_J	115.000000	584.000000	0.089041
854.999285	gene_K	238.000000	601.000000	0.000000
854.999285	promoter_A	1.000000	0.000000	0.000000
854.999285	promoter_B1	0.000000	0.000000	0.000000
854.999285	promoter_D	0.000000	0.000000	0.000000
859.999306	__gene_A*_rbs	30.000000	0.000000	0.000000
859.999306	__gene_A_rbs	30.000000	0.000000	0.000000
859.999306	__gene_B_rbs	613.000000	0.000000	0.000000
859.999306	__gene_C_rbs	603.000000	0.000000	0.000000
859.999306	__gene_D_rbs	599.000000	0.000000	0.000000
859.999306	__gene_E_rbs	594.000000	0.000000	0.000000
859.999306	__gene_F_rbs	409.000000	0.000000	0.000000
859.999306	__gene_G_rbs	302.000000	0.000000	0.000000
859.999306	__gene_H_rbs	216.000000	0.000000	0.000000
859.999306	__gene_J_rbs	587.000000	0.000000	0.000000
859.999306	__gene_K_rbs	604.000000	0.000000	0.000000
859.999306	__ribosome	0.000000	0.000000	0.000000
859.999306	bound_ecolipol	1883.000000	0.000000	0.000000
859.999306	bound_ribosome	100.000000	0.000000	0.000000
859.999306	ecoli_genome	117.000000	0.000000	0.000000
859.999306	ecoli_transcript	65318.000000	0.000000	0.000000
859.999306	ecolipol	42.000000	0.000000	0.000000
859.999306	gene_A	33.000000	30.000000	0.000000
859.999306	gene_A*	17.000000	30.000000	0.000000
859.999306	gene_B	368.000000	613.000000	0.000000
859.999306	gene_C	236.000000	603.000000	0.001658
859.999306	gene_D	242.000000	599.000000	0.000000
859.999306	gene_E	195.000000	594.000000	0.000000
859.999306	gene_F	113.000000	409.000000	0.000000
859.999306	gene_G	44.000000	302.000000	0.062914
859.999306	gene_H	0.000000	216.000000	0.129630
859.999306	gene_J	115.000000	587.000000	0.088586
859.999306	gene_K	238.000000	604.000000	0.000000
859.999306	promoter_A	1.000000	0.000000	0.000000
859.999306	promoter_B1	0.000000	0.000000	0.000000
859.999306	promoter_D	0.000000	0.000000	0.000000
864.999376	__gene_A*_rbs	30.000000	0.000000	0.000000
864.999376	__gene_A_rbs	30.000000	0.000000	0.000000
864.999376	__gene_B_rbs	617.000000	0.000000	0.000000
864.999376	__gene_C_rbs	606.000000	0.000000	0.000000
864.999376	__gene_D_rbs	602.000000	0.000000	0.000000
864.999376	__gene_E_rbs	598.000000	0.000000	0.000000
864.999376	__gene_F_rbs	411.000000	0.000000	0.000000
864.999376	__gene_G_rbs	303.000000	0.000000	0.000000
864.999376	__gene_H_rbs	218.000000	0.000000	0.000000
864.999376	__gene_J_rbs	591.000000	0.000000	0.000000
864.999376	__gene_K_rbs	608.000000	0.000000	0.000000
864.999376	__ribosome	0.000000	0.000000	0.000000
864.999376	bound_ecolipol	1883.000000	0.000000	0.000000
864.999376	bound_ribosome	100.000000	0.000000	0.000000
864.999376	ecoli_genome	117.000000	0.000000	0.000000
864.999376	ecoli_transcript	65703.000000	0.000000	0.000000
864.999376	ecolipol	44.000000	0.000000	0.000000
864.999376	gene_A	33.000000	30.000000	0.000000
864.999376	gene_A*	17.000000	30.000000	0.000000
864.999376	gene_B	368.000000	617.000000	0.000000
864.999376	gene_C	236.000000	606.000000	0.001650
864.999376	gene_D	242.000000	602.000000	0.000000
864.999376	gene_E	195.000000	598.000000	0.000000
864.999376	gene_F	113.000000	411.000000	0.000000
864.999376	gene_G	44.000000	303.000000	0.062706
864.999376	gene_H	0.000000	218.000000	0.128440
864.999376	gene_J	115.000000	591.000000	0.087986
864.999376	gene_K	238.000000	608.000000	0.000000
864.999376	promoter_A	1.000000	0.000000	0.000000
864.999376	promoter_B1	0.000000	0.000000	0.000000
864.999376	promoter_D	0.000000	0.000000	0.000000
869.999036	__gene_A*_rbs	30.000000	0.000000	0.000000
869.999036	__gene_A_rbs	30.000000	0.000000	0.000000
869.999036	__gene_B_rbs	619.000000	0.000000	0.000000
869.999036	__gene_C_rbs	610.000000	0.000000	0.000000
869.999036	__gene_D_rbs	606.000000	0.000000	0.000000
869.999036	__gene_E_rbs	602.000000	0.000000	0.000000
869.999036	__gene_F_rbs	413.000000	0.000000	0.000000
869.999036	__gene_G_rbs	304.000000	0.000000	0.000000
869.999036	__gene_H_rbs	220.000000	0.000000	0.000000
869.999036	__gene_J_rbs	595.000000	0.000000	0.000000
869.999036	__gene_K_rbs	612.000000	0.000000	0.000000
869.999036	__ribosome	0.000000	0.000000	0.000000
869.999036	bound_ecolipol	1885.000000	0.000000	0.000000
869.999036	bound_ribosome	100.000000	0.000000	0.000000
869.999036	ecoli_genome	115.000000	0.000000	0.000000
869.999036	ecoli_transcript	66075.000000	0.000000	0.000000
869.999036	ecolipol	43.000000	0.000000	0.000000
869.999036	gene_A	33.000000	30.000000	0.000000
869.999036	gene_A*	17.000000	30.000000	0.000000
869.999036	gene_B	368.000000	619.000000	0.001616
869.999036	gene_C	237.000000	610.000000	0.000000
869.999036	gene_D	242.000000	606.000000	0.000000
869.999036	gene_E	195.000000	602.000000	0.000000
869.999036	gene_F	113.000000	413.000000	0.000000
869.999036	gene_G	44.000000	304.000000	0.062500
869.999036	gene_H	0.000000	220.000000	0.127273
869.999036	gene_J	115.000000	595.000000	0.087395
869.999036	gene_K	238.000000	612.000000	0.000000
869.999036	promoter_A	1.000000	0.000000	0.000000
869.999036	promoter_B1	0.000000	0.000000	0.000000
869.999036	promoter_D	0.000000	0.000000	0.000000
874.999265	__gene_A*_rbs	30.000000	0.000000	0.000000
874.999265	__gene_A_rbs	30.000000	0.000000	0.000000
874.999265	__gene_B_rbs	623.000000	0.000000	0.000000
874.999265	__gene_C_rbs	614.000000	0.000000	0.000000
874.999265	__gene_D_rbs	610.000000	0.000000	0.000000
874.999265	__gene_E_rbs	606.000000	0.000000	0.000000
874.999265	__gene_F_rbs	416.000000	0.000000	0.000000
874.999265	__gene_G_rbs	307.000000	0.000000	0.000000
874.999265	__gene_H_rbs	222.000000	0.000000	0.000000
874.999265	__gene_J_rbs	598.000000	0.000000	0.000000
874.999265	__gene_K_rbs	616.000000	0.000000	0.000000
874.999265	__ribosome	0.000000	0.000000	0.000000
874.999265	bound_ecolipol	1882.000000	0.000000	0.000000
874.999265	bound_ribosome	100.000000	0.000000	0.000000
874.999265	ecoli_genome	118.000000	0.000000	0.000000
874.999265	ecoli_transcript	66448.000000	0.000000	0.000000
874.999265	ecolipol	45.000000	0.000000	0.000000
874.999265	gene_A	33.000000	30.000000	0.000000
874.999265	gene_A*	17.000000	30.000000	0.000000
874.999265	gene_B	368.000000	623.000000	0.001605
874.999265	gene_C	237.000000	614.000000	0.000000
874.999265	gene_D	242.000000	610.000000	0.000000
874.999265	gene_E	195.000000	606.000000	0.000000
874.999265	gene_F	113.000000	416.000000	0.000000
874.999265	gene_G	44.000000	307.000000	0.061889
874.999265	gene_H	0.000000	222.000000	0.126126
874.999265	gene_J	115.000000	598.000000	0.086957
874.999265	gene_K	238.000000	616.000000	0.000000
874.999265	promoter_A	1.000000	0.000000	0.000000
874.999265	promoter_B1	0.000000	0.000000	0.000000
874.999265	promoter_D	0.000000	0.000000	0.000000
879.999559	__gene_A*_rbs	30.000000	0.000000	0.000000
879.999559	__gene_A_rbs	30.000000	0.000000	0.000000
879.999559	__gene_B_rbs	627.000000	0.000000	0.000000
879.999559	__gene_C_rbs	617.000000	0.000000	0.000000
879.999559	__gene_D_rbs	613.000000	0.000000	0.000000
879.999559	__gene_E_rbs	609.000000	0.000000	0.000000
879.999559	__gene_F_rbs	419.000000	0.000000	0.000000
879.999559	__gene_G_rbs	310.000000	0.000000	0.000000
879.999559	__gene_H_rbs	222.000000	0.000000	0.000000
879.999559	__gene_J_rbs	602.000000	0.000000	0.000000
879.999559	__gene_K_rbs	619.000000	0.000000	0.000000
879.999559	__ribosome	0.000000	0.000000	0.000000
879.999559	bound_ecolipol	1882.000000	0.000000	0.000000
879.999559	bound_ribosome	100.000000	0.000000	0.000000
879.999559	ecoli_genome	118.000000	0.000000	0.000000
879.999559	ecoli_transcript	66832.000000	0.000000	0.000000
879.999559	ecolipol	45.000000	0.000000	0.000000
879.999559	gene_A	33.000000	30.000000	0.000000
879.999559	gene_A*	17.000000	30.000000	0.000000
879.999559	gene_B	369.000000	627.000000	0.000000
879.999559	gene_C	237.000000	617.000000	0.000000
879.999559	gene_D	242.000000	613.000000	0.000000
879.999559	gene_E	195.000000	609.000000	0.000000
879.999559	gene_F	113.000000	419.000000	0.000000
879.999559	gene_G	44.000000	310.000000	0.061290
879.999559	gene_H	0.000000	222.000000	0.126126
879.999559	gene_J	115.000000	602.000000	0.088040
879.999559	gene_K	238.000000	619.000000	0.000000
879.999559	promoter_A	0.000000	0.000000	0.000000
879.999559	promoter_B1	0.000000	0.000000	0.000000
879.999559	promoter_D	0.000000	0.000000	0.000000
884.999213	__gene_A*_rbs	30.000000	0.000000	0.000000
884.999213	__gene_A_rbs	32.000000	0.000000	0.000000
884.999213	__gene_B_rbs	630.000000	0.000000	0.000000
884.999213	__gene_C_rbs	621.000000	0.000000	0.000000
884.999213	__gene_D_rbs	617.000000	0.000000	0.000000
884.999213	__gene_E_rbs	613.000000	0.000000	0.000000
884.999213	__gene_F_rbs	422.000000	0.000000	0.000000
884.999213	__gene_G_rbs	310.000000	0.000000	0.000000
884.999213	__gene_H_rbs	222.000000	0.000000	0.000000
884.999213	__gene_J_rbs	606.000000	0.000000	0.000000
884.999213	__gene_K_rbs	622.000000	0.000000	0.000000
884.999213	__ribosome	0.000000	0.000000	0.000000
884.999213	bound_ecolipol	1875.000000	0.000000	0.000000
884.999213	bound_ribosome	100.000000	0.000000	0.000000
884.999213	ecoli_genome	125.000000	0.000000	0.000000
884.999213	ecoli_transcript	67211.000000	0.000000	0.000000
884.999213	ecolipol	55.000000	0.000000	0.000000
884.999213	gene_A	33.000000	32.000000	0.000000
884.999213	gene_A*	17.000000	30.000000	0.000000
884.999213	gene_B	369.000000	630.000000	0.000000
884.999213	gene_C	237.000000	621.000000	0.000000
884.999213	gene_D	242.000000	617.000000	0.000000
884.999213	gene_E	195.000000	613.000000	0.000000
884.999213	gene_F	113.000000	422.000000	0.000000
884.999213	gene_G	44.000000	310.000000	0.061290
884.999213	gene_H	0.000000	222.000000	0.126126
884.999213	gene_J	116.000000	606.000000	0.085809
884.999213	gene_K	238.000000	622.000000	0.001608
884.999213	promoter_A	1.000000	0.000000	0.000000
884.999213	promoter_B1	0.000000	0.000000	0.000000
884.999213	promoter_D	0.000000	0.000000	0.000000
889.999177	__gene_A*_rbs	30.000000	0.000000	0.000000
889.999177	__gene_A_rbs	32.000000	0.000000	0.000000
889.999177	__gene_B_rbs	634.000000	0.000000	0.000000
889.999177	__gene_C_rbs	624.000000	0.000000	0.000000
889.999177	__gene_D_rbs	621.000000	0.000000	0.000000
889.999177	__gene_E_rbs	617.000000	0.000000	0.000000
889.999177	__gene_F_rbs	425.000000	0.000000	0.000000
889.999177	__gene_G_rbs	311.000000	0.000000	0.000000
889.999177	__gene_H_rbs	224.000000	0.000000	0.000000
889.999177	__gene_J_rbs	610.000000	0.000000	0.000000
889.999177	__gene_K_rbs	626.000000	0.000000	0.000000
889.999177	__ribosome	0.000000	0.000000	0.000000
889.999177	bound_ecolipol	1880.000000	0.000000	0.000000
889.999177	bound_ribosome	100.000000	0.000000	0.000000
889.999177	ecoli_genome	120.000000	0.000000	0.000000
889.999177	ecoli_transcript	67614.000000	0.000000	0.000000
889.999177	ecolipol	51.000000	0.000000	0.000000
889.999177	gene_A	33.000000	32.000000	0.000000
889.999177	gene_A*	17.000000	30.000000	0.000000
889.999177	gene_B	369.000000	634.000000	0.000000
889.999177	gene_C	237.000000	624.000000	0.000000
889.999177	gene_D	242.000000	621.000000	0.001610
889.999177	gene_E	195.000000	617.000000	0.000000
889.999177	gene_F	113.000000	425.000000	0.000000
889.999177	gene_G	44.000000	311.000000	0.061093
889.999177	gene_H	0.000000	224.000000	0.125000
889.999177	gene_J	116.000000	610.000000	0.085246
889.999177	gene_K	239.000000	626.000000	0.000000
889.999177	promoter_A	1.000000	0.000000	0.000000
889.999177	promoter_B1	0.000000	0.000000	0.000000
889.999177	promoter_D	0.000000	0.000000	0.000000
894.999335	__gene_A*_rbs	31.000000	0.000000	0.000000
894.999335	__gene_A_rbs	32.000000	0.000000	0.000000
894.999335	__gene_B_rbs	638.000000	0.000000	0.000000
894.999335	__gene_C_rbs	628.000000	0.000000	0.000000
894.999335	__gene_D_rbs	624.000000	0.000000	0.000000
894.999335	__gene_E_rbs	620.000000	0.000000	0.000000
894.999335	__gene_F_rbs	428.000000	0.000000	0.000000
894.999335	__gene_G_rbs	313.000000	0.000000	0.000000
894.999335	__gene_H_rbs	226.000000	0.000000	0.000000
894.999335	__gene_J_rbs	614.000000	0.000000	0.000000
894.999335	__gene_K_rbs	630.000000	0.000000	0.000000
894.999335	__ribosome	0.000000	0.000000	0.000000
894.999335	bound_ecolipol	1881.000000	0.000000	0.000000
894.999335	bound_ribosome	100.000000	0.000000	0.000000
894.999335	ecoli_genome	119.000000	0.000000	0.000000
894.999335	ecoli_transcript	67990.000000	0.000000	0.000000
894.999335	ecolipol	49.000000	0.000000	0.000000
894.999335	gene_A	33.000000	32.000000	0.000000
894.999335	gene_A*	17.000000	31.000000	0.000000
894.999335	gene_B	369.000000	638.000000	0.000000
894.999335	gene_C	237.000000	628.000000	0.000000
894.999335	gene_D	242.000000	624.000000	0.001603
894.999335	gene_E	195.000000	620.000000	0.000000
894.999335	gene_F	113.000000	428.000000	0.000000
894.999335	gene_G	44.000000	313.000000	0.060703
894.999335	gene_H	0.000000	226.000000	0.123894
894.999335	gene_J	116.000000	614.000000	0.084691
894.999335	gene_K	239.000000	630.000000	0.000000
894.999335	promoter_A	1.000000	0.000000	0.000000
894.999335	promoter_B1	0.000000	0.000000	0.000000
894.999335	promoter_D	0.000000	0.000000	0.000000
899.999017	__gene_A*_rbs	32.000000	0.000000	0.000000
899.999017	__gene_A_rbs	32.000000	0.000000	0.000000
899.999017	__gene_B_rbs	640.000000	0.000000	0.000000
899.999017	__gene_C_rbs	631.000000	0.000000	0.000000
899.999017	__gene_D_rbs	627.000000	0.000000	0.000000
899.999017	__gene_E_rbs	624.000000	0.000000	0.000000
899.999017	__gene_F_rbs	432.000000	0.000000	0.000000
899.999017	__gene_G_rbs	314.000000	0.000000	0.000000
899.999017	__gene_H_rbs	227.000000	0.000000	0.000000
899.999017	__gene_J_rbs	617.000000	0.000000	0.000000
899.999017	__gene_K_rbs	633.000000	0.000000	0.000000
899.999017	__ribosome	0.000000	0.000000	0.000000
899.999017	bound_ecolipol	1894.000000	0.000000	0.000000
899.999017	bound_ribosome	100.000000	0.000000	0.000000
899.999017	ecoli_genome	106.000000	0.000000	0.000000
899.999017	ecoli_transcript	68348.000000	0.000000	0.000000
899.999017	ecolipol	37.000000	0.000000	0.000000
899.999017	gene_A	33.000000	32.000000	0.000000
899.999017	gene_A*	17.000000	32.000000	0.000000
899.999017	gene_B	369.000000	640.000000	0.000000
899.999017	gene_C	237.000000	631.000000	0.000000
899.999017	gene_D	242.000000	627.000000	0.001595
899.999017	gene_E	195.000000	624.000000	0.000000
899.999017	gene_F	113.000000	432.000000	0.000000
899.999017	gene_G	44.000000	314.000000	0.060510
899.999017	gene_H	0.000000	227.000000	0.123348
899.999017	gene_J	116.000000	617.000000	0.084279
899.999017	gene_K	239.000000	633.000000	0.000000
899.999017	promoter_A	1.000000	0.000000	0.000000
899.999017	promoter_B1	1.000000	0.000000	0.000000
899.999017	promoter_D	0.000000	0.000000	0.000000
904.999002	__gene_A*_rbs	32.000000	0.000000	0.000000
904.999002	__gene_A_rbs	32.000000	0.000000	0.000000
904.999002	__gene_B_rbs	645.000000	0.000000	0.000000
904.999002	__gene_C_rbs	635.000000	0.000000	0.000000
904.999002	__gene_D_rbs	631.000000	0.000000	0.000000
904.999002	__gene_E_rbs	627.000000	0.000000	0.000000
904.999002	__gene_F_rbs	435.000000	0.000000	0.000000
904.999002	__gene_G_rbs	317.000000	0.000000	0.000000
904.999002	__gene_H_rbs	227.000000	0.000000	0.000000
904.999002	__gene_J_rbs	620.000000	0.000000	0.000000
904.999002	__gene_K_rbs	637.000000	0.000000	0.000000
904.999002	__ribosome	0.000000	0.000000	0.000000
904.999002	bound_ecolipol	1890.000000	0.000000	0.000000
904.999002	bound_ribosome	100.000000	0.000000	0.000000
904.999002	ecoli_genome	110.000000	0.000000	0.000000
904.999002	ecoli_transcript	68732.000000	0.000000	0.000000
904.999002	ecolipol	40.000000	0.000000	0.000000
904.999002	gene_A	33.000000	32.000000	0.000000
904.999002	gene_A*	17.000000	32.000000	0.000000
904.999002	gene_B	369.000000	645.000000	0.000000
904.999002	gene_C	237.000000	635.000000	0.000000
904.999002	gene_D	243.000000	631.000000	0.000000
904.999002	gene_E	195.000000	627.000000	0.001595
904.999002	gene_F	113.000000	435.000000	0.000000
904.999002	gene_G	44.000000	317.000000	0.059937
904.999002	gene_H	0.000000	227.000000	0.123348
904.999002	gene_J	116.000000	620.000000	0.083871
904.999002	gene_K	239.000000	637.000000	0.000000
904.999002	promoter_A	1.000000	0.000000	0.000000
904.999002	promoter_B1	0.000000	0.000000	0.000000
904.999002	promoter_D	0.000000	0.000000	0.000000
909.999056	__gene_A*_rbs	32.000000	0.000000	0.000000
909.999056	__gene_A_rbs	32.000000	0.000000	0.000000
909.999056	__gene_B_rbs	648.000000	0.000000	0.000000
909.999056	__gene_C_rbs	638.000000	0.000000	0.000000
909.999056	__gene_D_rbs	634.000000	0.000000	0.000000
909.999056	__gene_E_rbs	631.000000	0.000000	0.000000
909.999056	__gene_F_rbs	438.000000	0.000000	0.000000
909.999056	__gene_G_rbs	318.000000	0.000000	0.000000
909.999056	__gene_H_rbs	230.000000	0.000000	0.000000
909.999056	__gene_J_rbs	624.000000	0.000000	0.000000
909.999056	__gene_K_rbs	640.000000	0.000000	0.000000
909.999056	__ribosome	0.000000	0.000000	0.000000
909.999056	bound_ecolipol	1884.000000	0.000000	0.000000
909.999056	bound_ribosome	100.000000	0.000000	0.000000
909.999056	ecoli_genome	116.000000	0.000000	0.000000
909.999056	ecoli_transcript	69122.000000	0.000000	0.000000
909.999056	ecolipol	44.000000	0.000000	0.000000
909.999056	gene_A	33.000000	32.000000	0.000000
909.999056	gene_A*	17.000000	32.000000	0.000000
909.999056	gene_B	369.000000	648.000000	0.000000
909.999056	gene_C	237.000000	638.000000	0.000000
909.999056	gene_D	243.000000	634.000000	0.000000
909.999056	gene_E	195.000000	631.000000	0.001585
909.999056	gene_F	113.000000	438.000000	0.000000
909.999056	gene_G	44.000000	318.000000	0.059748
909.999056	gene_H	0.000000	230.000000	0.121739
909.999056	gene_J	116.000000	624.000000	0.083333
909.999056	gene_K	239.000000	640.000000	0.000000
909.999056	promoter_A	1.000000	0.000000	0.000000
909.999056	promoter_B1	1.000000	0.000000	0.000000
909.999056	promoter_D	0.000000	0.000000	0.000000
914.999299	__gene_A*_rbs	32.000000	0.000000	0.000000
914.999299	__gene_A_rbs	32.000000	0.000000	0.000000
914.999299	__gene_B_rbs	651.000000	0.000000	0.000000
914.999299	__gene_C_rbs	642.000000	0.000000	0.000000
914.999299	__gene_D_rbs	638.000000	0.000000	0.000000
914.999299	__gene_E_rbs	634.000000	0.000000	0.000000
914.999299	__gene_F_rbs	442.000000	0.000000	0.000000
914.999299	__gene_G_rbs	321.000000	0.000000	0.000000
914.999299	__gene_H_rbs	231.000000	0.000000	0.000000
914.999299	__gene_J_rbs	628.000000	0.000000	0.000000
914.999299	__gene_K_rbs	644.000000	0.000000	0.000000
914.999299	__ribosome	0.000000	0.000000	0.000000
914.999299	bound_ecolipol	1883.000000	0.000000	0.000000
914.999299	bound_ribosome	100.000000	0.000000	0.000000
914.999299	ecoli_genome	117.000000	0.000000	0.000000
914.999299	ecoli_transcript	69496.000000	0.000000	0.000000
914.999299	ecolipol	42.000000	0.000000	0.000000
914.999299	gene_A	33.000000	32.000000	0.000000
914.999299	gene_A*	17.000000	32.000000	0.000000
914.999299	gene_B	369.000000	651.000000	0.000000
914.999299	gene_C	237.000000	642.000000	0.000000
914.999299	gene_D	243.000000	638.000000	0.001567
914.999299	gene_E	196.000000	634.000000	0.000000
914.999299	gene_F	113.000000	442.000000	0.000000
914.999299	gene_G	44.000000	321.000000	0.059190
914.999299	gene_H	0.000000	231.000000	0.121212
914.999299	gene_J	116.000000	628.000000	0.082803
914.999299	gene_K	239.000000	644.000000	0.000000
914.999299	promoter_A	1.000000	0.000000	0.000000
914.999299	promoter_B1	0.000000	0.000000	0.000000
914.999299	promoter_D	0.000000	0.000000	0.000000
919.999290	__gene_A*_rbs	32.000000	0.000000	0.000000
919.999290	__gene_A_rbs	32.000000	0.000000	0.000000
919.999290	__gene_B_rbs	654.000000	0.000000	0.000000
919.999290	__gene_C_rbs	646.000000	0.000000	0.000000
919.999290	__gene_D_rbs	642.000000	0.000000	0.000000
919.999290	__gene_E_rbs	638.000000	0.000000	0.000000
919.999290	__gene_F_rbs	443.000000	0.000000	0.000000
919.999290	__gene_G_rbs	323.000000	0.000000	0.000000
919.999290	__gene_H_rbs	233.000000	0.000000	0.000000
919.999290	__gene_J_rbs	632.000000	0.000000	0.000000
919.999290	__gene_K_rbs	648.000000	0.000000	0.000000
919.999290	__ribosome	0.000000	0.000000	0.000000
919.999290	bound_ecolipol	1889.000000	0.000000	0.000000
919.999290	bound_ribosome	100.000000	0.000000	0.000000
919.999290	ecoli_genome	111.000000	0.000000	0.000000
919.999290	ecoli_transcript	69869.000000	0.000000	0.000000
919.999290	ecolipol	38.000000	0.000000	0.000000
919.999290	gene_A	33.000000	32.000000	0.000000
919.999290	gene_A*	17.000000	32.000000	0.000000
919.999290	gene_B	369.000000	654.000000	0.000000
919.999290	gene_C	237.000000	646.000000	0.000000
919.999290	gene_D	243.000000	642.000000	0.001558
919.999290	gene_E	196.000000	638.000000	0.000000
919.999290	gene_F	113.000000	443.000000	0.000000
919.999290	gene_G	44.000000	323.000000	0.058824
919.999290	gene_H	0.000000	233.000000	0.120172
919.999290	gene_J	116.000000	632.000000	0.082278
919.999290	gene_K	239.000000	648.000000	0.000000
919.999290	promoter_A	1.000000	0.000000	0.000000
919.999290	promoter_B1	0.000000	0.000000	0.000000
919.999290	promoter_D	0.000000	0.000000	0.000000
924.999096	__gene_A*_rbs	32.000000	0.000000	0.000000
924.999096	__gene_A_rbs	32.000000	0.000000	0.000000
924.999096	__gene_B_rbs	658.000000	0.000000	0.000000
924.999096	__gene_C_rbs	650.000000	0.000000	0.000000
924.999096	__gene_D_rbs	645.000000	0.000000	0.000000
924.999096	__gene_E_rbs	642.000000	0.000000	0.000000
924.999096	__gene_F_rbs	447.000000	0.000000	0.000000
924.999096	__gene_G_rbs	324.000000	0.000000	0.000000
924.999096	__gene_H_rbs	235.000000	0.000000	0.000000
924.999096	__gene_J_rbs	636.000000	0.000000	0.000000
924.999096	__gene_K_rbs	651.000000	0.000000	0.000000
924.999096	__ribosome	0.000000	0.000000	0.000000
924.999096	bound_ecolipol	1879.000000	0.000000	0.000000
924.999096	bound_ribosome	100.000000	0.000000	0.000000
924.999096	ecoli_genome	121.000000	0.000000	0.000000
924.999096	ecoli_transcript	70261.000000	0.000000	0.000000
924.999096	ecolipol	48.000000	0.000000	0.000000
924.999096	gene_A	33.000000	32.000000	0.000000
924.999096	gene_A*	17.000000	32.000000	0.000000
924.999096	gene_B	369.000000	658.000000	0.000000
924.999096	gene_C	237.000000	650.000000	0.000000
924.999096	gene_D	243.000000	645.000000	0.001550
924.999096	gene_E	196.000000	642.000000	0.000000
924.999096	gene_F	113.000000	447.000000	0.000000
924.999096	gene_G	44.000000	324.000000	0.058642
924.999096	gene_H	0.000000	235.000000	0.119149
924.999096	gene_J	116.000000	636.000000	0.081761
924.999096	gene_K	239.000000	651.000000	0.000000
924.999096	promoter_A	1.000000	0.000000	0.000000
924.999096	promoter_B1	0.000000	0.000000	0.000000
924.999096	promoter_D	0.000000	0.000000	0.000000
929.999254	__gene_A*_rbs	32.000000	0.000000	0.000000
929.999254	__gene_A_rbs	32.000000	0.000000	0.000000
929.999254	__gene_B_rbs	661.000000	0.000000	0.000000
929.999254	__gene_C_rbs	652.000000	0.000000	0.000000
929.999254	__gene_D_rbs	649.000000	0.000000	0.000000
929.999254	__gene_E_rbs	645.000000	0.000000	0.000000
929.999254	__gene_F_rbs	450.000000	0.000000	0.000000
929.999254	__gene_G_rbs	327.000000	0.000000	0.000000
929.999254	__gene_H_rbs	237.000000	0.000000	0.000000
929.999254	__gene_J_rbs	639.000000	0.000000	0.000000
929.999254	__gene_K_rbs	654.000000	0.000000	0.000000
929.999254	__ribosome	0.000000	0.000000	0.000000
929.999254	bound_ecolipol	1878.000000	0.000000	0.000000
929.999254	bound_ribosome	100.000000	0.000000	0.000000
929.999254	ecoli_genome	122.000000	0.000000	0.000000
929.999254	ecoli_transcript	70615.000000	0.000000	0.000000
929.999254	ecolipol	49.000000	0.000000	0.000000
929.999254	gene_A	33.000000	32.000000	0.000000
929.999254	gene_A*	17.000000	32.000000	0.000000
929.999254	gene_B	369.000000	661.000000	0.000000
929.999254	gene_C	237.000000	652.000000	0.000000
929.999254	gene_D	244.000000	649.000000	0.001541
929.999254	gene_E	196.000000	645.000000	0.000000
929.999254	gene_F	113.000000	450.000000	0.000000
929.999254	gene_G	44.000000	327.000000	0.058104
929.999254	gene_H	0.000000	237.000000	0.118143
929.999254	gene_J	116.000000	639.000000	0.081377
929.999254	gene_K	239.000000	654.000000	0.000000
929.999254	promoter_A	1.000000	0.000000	0.000000
929.999254	promoter_B1	0.000000	0.000000	0.000000
929.999254	promoter_D	0.000000	0.000000	0.000000
934.999587	__gene_A*_rbs	32.000000	0.000000	0.000000
934.999587	__gene_A_rbs	33.000000	0.000000	0.000000
934.999587	__gene_B_rbs	665.000000	0.000000	0.000000
934.999587	__gene_C_rbs	655.000000	0.000000	0.000000
934.999587	__gene_D_rbs	653.000000	0.000000	0.000000
934.999587	__gene_E_rbs	648.000000	0.000000	0.000000
934.999587	__gene_F_rbs	452.000000	0.000000	0.000000
934.999587	__gene_G_rbs	329.000000	0.000000	0.000000
934.999587	__gene_H_rbs	238.000000	0.000000	0.000000
934.999587	__gene_J_rbs	643.000000	0.000000	0.000000
934.999587	__gene_K_rbs	657.000000	0.000000	0.000000
934.999587	__ribosome	0.000000	0.000000	0.000000
934.999587	bound_ecolipol	1882.000000	0.000000	0.000000
934.999587	bound_ribosome	100.000000	0.000000	0.000000
934.999587	ecoli_genome	118.000000	0.000000	0.000000
934.999587	ecoli_transcript	70981.000000	0.000000	0.000000
934.999587	ecolipol	45.000000	0.000000	0.000000
934.999587	gene_A	33.000000	33.000000	0.000000
934.999587	gene_A*	17.000000	32.000000	0.000000
934.999587	gene_B	369.000000	665.000000	0.000000
934.999587	gene_C	237.000000	655.000000	0.000000
934.999587	gene_D	244.000000	653.000000	0.001531
934.999587	gene_E	196.000000	648.000000	0.000000
934.999587	gene_F	113.000000	452.000000	0.000000
934.999587	gene_G	44.000000	329.000000	0.057751
934.999587	gene_H	0.000000	238.000000	0.117647
934.999587	gene_J	116.000000	643.000000	0.080871
934.999587	gene_K	239.000000	657.000000	0.000000
934.999587	promoter_A	0.000000	0.000000	0.000000
934.999587	promoter_B1	0.000000	0.000000	0.000000
934.999587	promoter_D	0.000000	0.000000	0.000000
939.999208	__gene_A*_rbs	32.000000	0.000000	0.000000
939.999208	__gene_A_rbs	34.000000	0.000000	0.000000
939.999208	__gene_B_rbs	669.000000	0.000000	0.000000
939.999208	__gene_C_rbs	659.000000	0.000000	0.000000
939.999208	__gene_D_rbs	656.000000	0.000000	0.000000
939.999208	__gene_E_rbs	652.000000	0.000000	0.000000
939.999208	__gene_F_rbs	454.000000	0.000000	0.000000
939.999208	__gene_G_rbs	331.000000	0.000000	0.000000
939.999208	__gene_H_rbs	239.000000	0.000000	0.000000
939.999208	__gene_J_rbs	646.000000	0.000000	0.000000
939.999208	__gene_K_rbs	661.000000	0.000000	0.000000
939.999208	__ribosome	0.000000	0.000000	0.000000
939.999208	bound_ecolipol	1891.000000	0.000000	0.000000
939.999208	bound_ribosome	100.000000	0.000000	0.000000
939.999208	ecoli_genome	109.000000	0.000000	0.000000
939.999208	ecoli_transcript	71302.000000	0.000000	0.000000
939.999208	ecolipol	34.000000	0.000000	0.000000
939.999208	gene_A	33.000000	34.000000	0.000000
939.999208	gene_A*	17.000000	32.000000	0.000000
939.999208	gene_B	369.000000	669.000000	0.000000
939.999208	gene_C	237.000000	659.000000	0.000000
939.999208	gene_D	244.000000	656.000000	0.001524
939.999208	gene_E	196.000000	652.000000	0.000000
939.999208	gene_F	113.000000	454.000000	0.000000
939.999208	gene_G	44.000000	331.000000	0.057402
939.999208	gene_H	0.000000	239.000000	0.117155
939.999208	gene_J	116.000000	646.000000	0.080495
939.999208	gene_K	239.000000	661.000000	0.000000
939.999208	promoter_A	1.000000	0.000000	0.000000
939.999208	promoter_B1	0.000000	0.000000	0.000000
939.999208	promoter_D	0.000000	0.000000	0.000000
944.999122	__gene_A*_rbs	32.000000	0.000000	0.000000
944.999122	__gene_A_rbs	34.000000	0.000000	0.000000
944.999122	__gene_B_rbs	673.000000	0.000000	0.000000
944.999122	__gene_C_rbs	662.000000	0.000000	0.000000
944.999122	__gene_D_rbs	659.000000	0.000000	0.000000
944.999122	__gene_E_rbs	656.000000	0.000000	0.000000
944.999122	__gene_F_rbs	457.000000	0.000000	0.000000
944.999122	__gene_G_rbs	333.000000	0.000000	0.000000
944.999122	__gene_H_rbs	241.000000	0.000000	0.000000
944.999122	__gene_J_rbs	650.000000	0.000000	0.000000
944.999122	__gene_K_rbs	665.000000	0.000000	0.000000
944.999122	__ribosome	0.000000	0.000000	0.000000
944.999122	bound_ecolipol	1881.000000	0.000000	0.000000
944.999122	bound_ribosome	100.000000	0.000000	0.000000
944.999122	ecoli_genome	119.000000	0.000000	0.000000
944.999122	ecoli_transcript	71693.000000	0.000000	0.000000
944.999122	ecolipol	46.000000	0.000000	0.000000
944.999122	gene_A	33.000000	34.000000	0.000000
944.999122	gene_A*	17.000000	32.000000	0.000000
944.999122	gene_B	369.000000	673.000000	0.000000
944.999122	gene_C	237.000000	662.000000	0.000000
944.999122	gene_D	245.000000	659.000000	0.000000
944.999122	gene_E	196.000000	656.000000	0.000000
944.999122	gene_F	113.000000	457.000000	0.000000
944.999122	gene_G	44.000000	333.000000	0.057057
944.999122	gene_H	0.000000	241.000000	0.116183
944.999122	gene_J	116.000000	650.000000	0.081538
944.999122	gene_K	239.000000	665.000000	0.000000
944.999122	promoter_A	1.000000	0.000000	0.000000
944.999122	promoter_B1	0.000000	0.000000	0.000000
944.999122	promoter_D	0.000000	0.000000	0.000000
949.999201	__gene_A*_rbs	34.000000	0.000000	0.000000
949.999201	__gene_A_rbs	34.000000	0.000000	0.000000
949.999201	__gene_B_rbs	676.000000	0.000000	0.000000
949.999201	__gene_C_rbs	666.000000	0.000000	0.000000
949.999201	__gene_D_rbs	663.000000	0.000000	0.000000
949.999201	__gene_E_rbs	659.000000	0.000000	0.000000
949.999201	__gene_F_rbs	460.000000	0.000000	0.000000
949.999201	__gene_G_rbs	335.000000	0.000000	0.000000
949.999201	__gene_H_rbs	242.000000	0.000000	0.000000
949.999201	__gene_J_rbs	653.000000	0.000000	0.000000
949.999201	__gene_K_rbs	668.000000	0.000000	0.000000
949.999201	__ribosome	0.000000	0.000000	0.000000
949.999201	bound_ecolipol	1884.000000	0.000000	0.000000
949.999201	bound_ribosome	100.000000	0.000000	0.000000
949.999201	ecoli_genome	116.000000	0.000000	0.000000
949.999201	ecoli_transcript	72101.000000	0.000000	0.000000
949.999201	ecolipol	44.000000	0.000000	0.000000
949.999201	gene_A	33.000000	34.000000	0.000000
949.999201	gene_A*	17.000000	34.000000	0.000000
949.999201	gene_B	369.000000	676.000000	0.000000
949.999201	gene_C	237.000000	666.000000	0.000000
949.999201	gene_D	245.000000	663.000000	0.000000
949.999201	gene_E	196.000000	659.000000	0.000000
949.999201	gene_F	113.000000	460.000000	0.000000
949.999201	gene_G	44.000000	335.000000	0.056716
949.999201	gene_H	0.000000	242.000000	0.115702
949.999201	gene_J	116.000000	653.000000	0.081164
949.999201	gene_K	239.000000	668.000000	0.000000
949.999201	promoter_A	1.000000	0.000000	0.000000
949.999201	promoter_B1	0.000000	0.000000	0.000000
949.999201	promoter_D	0.000000	0.000000	0.000000
954.999026	__gene_A*_rbs	34.000000	0.000000	0.000000
954.999026	__gene_A_rbs	34.000000	0.000000	0.000000
954.999026	__gene_B_rbs	679.000000	0.000000	0.000000
954.999026	__gene_C_rbs	670.000000	0.000000	0.000000
954.999026	__gene_D_rbs	666.000000	0.000000	0.000000
954.999026	__gene_E_rbs	663.000000	0.000000	0.000000
954.999026	__gene_F_rbs	463.000000	0.000000	0.000000
954.999026	__gene_G_rbs	338.000000	0.000000	0.000000
954.999026	__gene_H_rbs	244.000000	0.000000	0.000000
954.999026	__gene_J_rbs	657.000000	0.000000	0.000000
954.999026	__gene_K_rbs	672.000000	0.000000	0.000000
954.999026	__ribosome	0.000000	0.000000	0.000000
954.999026	bound_ecolipol	1883.000000	0.000000	0.000000
954.999026	bound_ribosome	100.000000	0.000000	0.000000
954.999026	ecoli_genome	117.000000	0.000000	0.000000
954.999026	ecoli_transcript	72449.000000	0.000000	0.000000
954.999026	ecolipol	44.000000	0.000000	0.000000
954.999026	gene_A	33.000000	34.000000	0.000000
954.999026	gene_A*	17.000000	34.000000	0.000000
954.999026	gene_B	369.000000	679.000000	0.000000
954.999026	gene_C	237.000000	670.000000	0.000000
954.999026	gene_D	245.000000	666.000000	0.000000
954.999026	gene_E	196.000000	663.000000	0.000000
954.999026	gene_F	113.000000	463.000000	0.000000
954.999026	gene_G	44.000000	338.000000	0.056213
954.999026	gene_H	0.000000	244.000000	0.114754
954.999026	gene_J	116.000000	657.000000	0.080670
954.999026	gene_K	239.000000	672.000000	0.000000
954.999026	promoter_A	1.000000	0.000000	0.000000
954.999026	promoter_B1	0.000000	0.000000	0.000000
954.999026	promoter_D	0.000000	0.000000	0.000000
959.999039	__gene_A*_rbs	34.000000	0.000000	0.000000
959.999039	__gene_A_rbs	34.000000	0.000000	0.000000
959.999039	__gene_B_rbs	683.000000	0.000000	0.000000
959.999039	__gene_C_rbs	674.000000	0.000000	0.000000
959.999039	__gene_D_rbs	670.000000	0.000000	0.000000
959.999039	__gene_E_rbs	666.000000	0.000000	0.000000
959.999039	__gene_F_rbs	466.000000	0.000000	0.000000
959.999039	__gene_G_rbs	341.000000	0.000000	0.000000
959.999039	__gene_H_rbs	245.000000	0.000000	0.000000
959.999039	__gene_J_rbs	660.000000	0.000000	0.000000
959.999039	__gene_K_rbs	675.000000	0.000000	0.000000
959.999039	__ribosome	0.000000	0.000000	0.000000
959.999039	bound_ecolipol	1886.000000	0.000000	0.000000
959.999039	bound_ribosome	100.000000	0.000000	0.000000
959.999039	ecoli_genome	114.000000	0.000000	0.000000
959.999039	ecoli_transcript	72822.000000	0.000000	0.000000
959.999039	ecolipol	43.000000	0.000000	0.000000
959.999039	gene_A	33.000000	34.000000	0.000000
959.999039	gene_A*	17.000000	34.000000	0.000000
959.999039	gene_B	369.000000	683.000000	0.000000
959.999039	gene_C	237.000000	674.000000	0.000000
959.999039	gene_D	245.000000	670.000000	0.000000
959.999039	gene_E	196.000000	666.000000	0.000000
959.999039	gene_F	113.000000	466.000000	0.000000
959.999039	gene_G	44.000000	341.000000	0.055718
959.999039	gene_H	0.000000	245.000000	0.114286
959.999039	gene_J	116.000000	660.000000	0.080303
959.999039	gene_K	239.000000	675.000000	0.000000
959.999039	promoter_A	1.000000	0.000000	0.000000
959.999039	promoter_B1	0.000000	0.000000	0.000000
959.999039	promoter_D	0.000000	0.000000	0.000000
964.999002	__gene_A*_rbs	34.000000	0.000000	0.000000
964.999002	__gene_A_rbs	34.000000	0.000000	0.000000
964.999002	__gene_B_rbs	687.000000	0.000000	0.000000
964.999002	__gene_C_rbs	677.000000	0.000000	0.000000
964.999002	__gene_D_rbs	674.000000	0.000000	0.000000
964.999002	__gene_E_rbs	669.000000	0.000000	0.000000
964.999002	__gene_F_rbs	469.000000	0.000000	0.000000
964.999002	__gene_G_rbs	343.000000	0.000000	0.000000
964.999002	__gene_H_rbs	247.000000	0.000000	0.000000
964.999002	__gene_J_rbs	664.000000	0.000000	0.000000
964.999002	__gene_K_rbs	678.000000	0.000000	0.000000
964.999002	__ribosome	0.000000	0.000000	0.000000
964.999002	bound_ecolipol	1882.000000	0.000000	0.000000
964.999002	bound_ribosome	100.000000	0.000000	0.000000
964.999002	ecoli_genome	118.000000	0.000000	0.000000
964.999002	ecoli_transcript	73186.000000	0.000000	0.000000
964.999002	ecolipol	46.000000	0.000000	0.000000
964.999002	gene_A	33.000000	34.000000	0.000000
964.999002	gene_A*	17.000000	34.000000	0.000000
964.999002	gene_B	369.000000	687.000000	0.000000
964.999002	gene_C	237.000000	677.000000	0.000000
964.999002	gene_D	245.000000	674.000000	0.000000
964.999002	gene_E	196.000000	669.000000	0.000000
964.999002	gene_F	113.000000	469.000000	0.000000
964.999002	gene_G	44.000000	343.000000	0.055394
964.999002	gene_H	0.000000	247.000000	0.113360
964.999002	gene_J	116.000000	664.000000	0.079819
964.999002	gene_K	239.000000	678.000000	0.000000
964.999002	promoter_A	1.000000	0.000000	0.000000
964.999002	promoter_B1	0.000000	0.000000	0.000000
964.999002	promoter_D	0.000000	0.000000	0.000000
969.999023	__gene_A*_rbs	34.000000	0.000000	0.000000
969.999023	__gene_A_rbs	34.000000	0.000000	0.000000
969.999023	__gene_B_rbs	690.000000	0.000000	0.000000
969.999023	__gene_C_rbs	680.000000	0.000000	0.000000
969.999023	__gene_D_rbs	677.000000	0.000000	0.000000
969.999023	__gene_E_rbs	673.000000	0.000000	0.000000
969.999023	__gene_F_rbs	472.000000	0.000000	0.000000
969.999023	__gene_G_rbs	346.000000	0.000000	0.000000
969.999023	__gene_H_rbs	248.000000	0.000000	0.000000
969.999023	__gene_J_rbs	667.000000	0.000000	0.000000
969.999023	__gene_K_rbs	682.000000	0.000000	0.000000
969.999023	__ribosome	0.000000	0.000000	0.000000
969.999023	bound_ecolipol	1886.000000	0.000000	0.000000
969.999023	bound_ribosome	100.000000	0.000000	0.000000
969.999023	ecoli_genome	114.000000	0.000000	0.000000
969.999023	ecoli_transcript	73552.000000	0.000000	0.000000
969.999023	ecolipol	41.000000	0.000000	0.000000
969.999023	gene_A	33.000000	34.000000	0.000000
969.999023	gene_A*	17.000000	34.000000	0.000000
969.999023	gene_B	369.000000	690.000000	0.000000
969.999023	gene_C	237.000000	680.000000	0.000000
969.999023	gene_D	245.000000	677.000000	0.000000
969.999023	gene_E	196.000000	673.000000	0.000000
969.999023	gene_F	113.000000	472.000000	0.000000
969.999023	gene_G	44.000000	346.000000	0.054913
969.999023	gene_H	0.000000	248.000000	0.112903
969.999023	gene_J	116.000000	667.000000	0.079460
969.999023	gene_K	239.000000	682.000000	0.000000
969.999023	promoter_A	1.000000	0.000000	0.000000
969.999023	promoter_B1	0.000000	0.000000	0.000000
969.999023	promoter_D	0.000000	0.000000	0.000000
974.999048	__gene_A*_rbs	34.000000	0.000000	0.000000
974.999048	__gene_A_rbs	34.000000	0.000000	0.000000
974.999048	__gene_B_rbs	694.000000	0.000000	0.000000
974.999048	__gene_C_rbs	684.000000	0.000000	0.000000
974.999048	__gene_D_rbs	681.000000	0.000000	0.000000
974.999048	__gene_E_rbs	676.000000	0.000000	0.000000
974.999048	__gene_F_rbs	475.000000	0.000000	0.000000
974.999048	__gene_G_rbs	349.000000	0.000000	0.000000
974.999048	__gene_H_rbs	250.000000	0.000000	0.000000
974.999048	__gene_J_rbs	671.000000	0.000000	0.000000
974.999048	__gene_K_rbs	686.000000	0.000000	0.000000
974.999048	__ribosome	0.000000	0.000000	0.000000
974.999048	bound_ecolipol	1883.000000	0.000000	0.000000
974.999048	bound_ribosome	100.000000	0.000000	0.000000
974.999048	ecoli_genome	117.000000	0.000000	0.000000
974.999048	ecoli_transcript	73938.000000	0.000000	0.000000
974.999048	ecolipol	42.000000	0.000000	0.000000
974.999048	gene_A	33.000000	34.000000	0.000000
974.999048	gene_A*	17.000000	34.000000	0.000000
974.999048	gene_B	369.000000	694.000000	0.000000
974.999048	gene_C	237.000000	684.000000	0.000000
974.999048	gene_D	245.000000	681.000000	0.000000
974.999048	gene_E	196.000000	676.000000	0.000000
974.999048	gene_F	113.000000	475.000000	0.000000
974.999048	gene_G	44.000000	349.000000	0.054441
974.999048	gene_H	0.000000	250.000000	0.112000
974.999048	gene_J	116.000000	671.000000	0.078987
974.999048	gene_K	239.000000	686.000000	0.000000
974.999048	promoter_A	1.000000	0.000000	0.000000
974.999048	promoter_B1	0.000000	0.000000	0.000000
974.999048	promoter_D	0.000000	0.000000	0.000000
979.999123	__gene_A*_rbs	34.000000	0.000000	0.000000
979.999123	__gene_A_rbs	35.000000	0.000000	0.000000
979.999123	__gene_B_rbs	697.000000	0.000000	0.000000
979.999123	__gene_C_rbs	687.000000	0.000000	0.000000
979.999123	__gene_D_rbs	683.000000	0.000000	0.000000
979.999123	__gene_E_rbs	680.000000	0.000000	0.000000
979.999123	__gene_F_rbs	478.000000	0.000000	0.000000
979.999123	__gene_G_rbs	351.000000	0.000000	0.000000
979.999123	__gene_H_rbs	252.000000	0.000000	0.000000
979.999123	__gene_J_rbs	673.000000	0.000000	0.000000
979.999123	__gene_K_rbs	689.000000	0.000000	0.000000
979.999123	__ribosome	0.000000	0.000000	0.000000
979.999123	bound_ecolipol	1878.000000	0.000000	0.000000
979.999123	bound_ribosome	100.000000	0.000000	0.000000
979.999123	ecoli_genome	122.000000	0.000000	0.000000
979.999123	ecoli_transcript	74315.000000	0.000000	0.000000
979.999123	ecolipol	47.000000	0.000000	0.000000
979.999123	gene_A	33.000000	35.000000	0.000000
979.999123	gene_A*	17.000000	34.000000	0.000000
979.999123	gene_B	369.000000	697.000000	0.000000
979.999123	gene_C	237.000000	687.000000	0.000000
979.999123	gene_D	245.000000	683.000000	0.000000
979.999123	gene_E	196.000000	680.000000	0.000000
979.999123	gene_F	113.000000	478.000000	0.000000
979.999123	gene_G	44.000000	351.000000	0.054131
979.999123	gene_H	0.000000	252.000000	0.111111
979.999123	gene_J	116.000000	673.000000	0.078752
979.999123	gene_K	239.000000	689.000000	0.000000
979.999123	promoter_A	1.000000	0.000000	0.000000
979.999123	promoter_B1	1.000000	0.000000	0.000000
979.999123	promoter_D	0.000000	0.000000	0.000000
984.999079	__gene_A*_rbs	34.000000	0.000000	0.000000
984.999079	__gene_A_rbs	35.000000	0.000000	0.000000
984.999079	__gene_B_rbs	701.000000	0.000000	0.000000
984.999079	__gene_C_rbs	691.000000	0.000000	0.000000
984.999079	__gene_D_rbs	687.000000	0.000000	0.000000
984.999079	__gene_E_rbs	683.000000	0.000000	0.000000
984.999079	__gene_F_rbs	480.000000	0.000000	0.000000
984.999079	__gene_G_rbs	354.000000	0.000000	0.000000
984.999079	__gene_H_rbs	255.000000	0.000000	0.000000
984.999079	__gene_J_rbs	677.000000	0.000000	0.000000
984.999079	__gene_K_rbs	693.000000	0.000000	0.000000
984.999079	__ribosome	0.000000	0.000000	0.000000
984.999079	bound_ecolipol	1877.000000	0.000000	0.000000
984.999079	bound_ribosome	100.000000	0.000000	0.000000
984.999079	ecoli_genome	123.000000	0.000000	0.000000
984.999079	ecoli_transcript	74700.000000	0.000000	0.000000
984.999079	ecolipol	47.000000	0.000000	0.000000
984.999079	gene_A	33.000000	35.000000	0.000000
984.999079	gene_A*	17.000000	34.000000	0.000000
984.999079	gene_B	369.000000	701.000000	0.000000
984.999079	gene_C	237.000000	691.000000	0.000000
984.999079	gene_D	245.000000	687.000000	0.000000
984.999079	gene_E	196.000000	683.000000	0.000000
984.999079	gene_F	113.000000	480.000000	0.000000
984.999079	gene_G	44.000000	354.000000	0.053672
984.999079	gene_H	0.000000	255.000000	0.109804
984.999079	gene_J	116.000000	677.000000	0.078287
984.999079	gene_K	239.000000	693.000000	0.000000
984.999079	promoter_A	1.000000	0.000000	0.000000
984.999079	promoter_B1	0.000000	0.000000	0.000000
984.999079	promoter_D	0.000000	0.000000	0.000000
989.999259	__gene_A*_rbs	34.000000	0.000000	0.000000
989.999259	__gene_A_rbs	35.000000	0.000000	0.000000
989.999259	__gene_B_rbs	705.000000	0.000000	0.000000
989.999259	__gene_C_rbs	694.000000	0.000000	0.000000
989.999259	__gene_D_rbs	691.000000	0.000000	0.000000
989.999259	__gene_E_rbs	687.000000	0.000000	0.000000
989.999259	__gene_F_rbs	482.000000	0.000000	0.000000
989.999259	__gene_G_rbs	355.000000	0.000000	0.000000
989.999259	__gene_H_rbs	257.000000	0.000000	0.000000
989.999259	__gene_J_rbs	681.000000	0.000000	0.000000
989.999259	__gene_K_rbs	696.000000	0.000000	0.000000
989.999259	__ribosome	0.000000	0.000000	0.000000
989.999259	bound_ecolipol	1879.000000	0.000000	0.000000
989.999259	bound_ribosome	100.000000	0.000000	0.000000
989.999259	ecoli_genome	121.000000	0.000000	0.000000
989.999259	ecoli_transcript	75074.000000	0.000000	0.000000
989.999259	ecolipol	44.000000	0.000000	0.000000
989.999259	gene_A	33.000000	35.000000	0.000000
989.999259	gene_A*	17.000000	34.000000	0.000000
989.999259	gene_B	369.000000	705.000000	0.000000
989.999259	gene_C	237.000000	694.000000	0.000000
989.999259	gene_D	245.000000	691.000000	0.000000
989.999259	gene_E	196.000000	687.000000	0.000000
989.999259	gene_F	113.000000	482.000000	0.000000
989.999259	gene_G	44.000000	355.000000	0.053521
989.999259	gene_H	0.000000	257.000000	0.108949
989.999259	gene_J	116.000000	681.000000	0.077827
989.999259	gene_K	239.000000	696.000000	0.000000
989.999259	promoter_A	1.000000	0.000000	0.000000
989.999259	promoter_B1	0.000000	0.000000	0.000000
989.999259	promoter_D	0.000000	0.000000	0.000000
994.999137	__gene_A*_rbs	35.000000	0.000000	0.000000
994.999137	__gene_A_rbs	35.000000	0.000000	0.000000
994.999137	__gene_B_rbs	708.000000	0.000000	0.000000
994.999137	__gene_C_rbs	698.000000	0.000000	0.000000
994.999137	__gene_D_rbs	695.000000	0.000000	0.000000
994.999137	__gene_E_rbs	690.000000	0.000000	0.000000
994.999137	__gene_F_rbs	484.000000	0.000000	0.000000
994.999137	__gene_G_rbs	357.000000	0.000000	0.000000
994.999137	__gene_H_rbs	260.000000	0.000000	0.000000
994.999137	__gene_J_rbs	684.000000	0.000000	0.000000
994.999137	__gene_K_rbs	700.000000	0.000000	0.000000
994.999137	__ribosome	0.000000	0.000000	0.000000
994.999137	bound_ecolipol	1876.000000	0.000000	0.000000
994.999137	bound_ribosome	100.000000	0.000000	0.000000
994.999137	ecoli_genome	124.000000	0.000000	0.000000
994.999137	ecoli_transcript	75446.000000	0.000000	0.000000
994.999137	ecolipol	50.000000	0.000000	0.000000
994.999137	gene_A	33.000000	35.000000	0.000000
994.999137	gene_A*	17.000000	35.000000	0.000000
994.999137	gene_B	369.000000	708.000000	0.000000
994.999137	gene_C	237.000000	698.000000	0.000000
994.999137	gene_D	245.000000	695.000000	0.000000
994.999137	gene_E	196.000000	690.000000	0.000000
994.999137	gene_F	113.000000	484.000000	0.000000
994.999137	gene_G	44.000000	357.000000	0.053221
994.999137	gene_H	0.000000	260.000000	0.107692
994.999137	gene_J	116.000000	684.000000	0.077485
994.999137	gene_K	239.000000	700.000000	0.000000
994.999137	promoter_A	1.000000	0.000000	0.000000
994.999137	promoter_B1	0.000000	0.000000	0.000000
994.999137	promoter_D	0.000000	0.000000	0.000000
999.999114	__gene_A*_rbs	35.000000	0.000000	0.000000
999.999114	__gene_A_rbs	35.000000	0.000000	0.000000
999.999114	__gene_B_rbs	712.000000	0.000000	0.000000
999.999114	__gene_C_rbs	702.000000	0.000000	0.000000
999.999114	__gene_D_rbs	698.000000	0.000000	0.000000
999.999114	__gene_E_rbs	694.000000	0.000000	0.000000
999.999114	__gene_F_rbs	486.000000	0.000000	0.000000
999.999114	__gene_G_rbs	360.000000	0.000000	0.000000
999.999114	__gene_H_rbs	263.000000	0.000000	0.000000
999.999114	__gene_J_rbs	687.000000	0.000000	0.000000
999.999114	__gene_K_rbs	703.000000	0.000000	0.000000
999.999114	__ribosome	0.000000	0.000000	0.000000
999.999114	bound_ecolipol	1884.000000	0.000000	0.000000
999.999114	bound_ribosome	100.000000	0.000000	0.000000
999.999114	ecoli_genome	116.000000	0.000000	0.000000
999.999114	ecoli_transcript	75816.000000	0.000000	0.000000
999.999114	ecolipol	42.000000	0.000000	0.000000
999.999114	gene_A	33.000000	35.000000	0.000000
999.999114	gene_A*	17.000000	35.000000	0.000000
999.999114	gene_B	369.000000	712.000000	0.000000
999.999114	gene_C	237.000000	702.000000	0.000000
999.999114	gene_D	245.000000	698.000000	0.000000
999.999114	gene_E	196.000000	694.000000	0.000000
999.999114	gene_F	113.000000	486.000000	0.000000
999.999114	gene_G	44.000000	360.000000	0.052778
999.999114	gene_H	0.000000	263.000000	0.106464
999.999114	gene_J	116.000000	687.000000	0.077147
999.999114	gene_K	239.000000	703.000000	0.000000
999.999114	promoter_A	1.000000	0.000000	0.000000
999.999114	promoter_B1	0.000000	0.000000	0.000000
999.999114	promoter_D	0.000000	0.000000	0.000000
1004.999160	__gene_A*_rbs	35.000000	0.000000	0.000000
1004.999160	__gene_A_rbs	35.000000	0.000000	0.000000
1004.999160	__gene_B_rbs	715.000000	0.000000	0.000000
1004.999160	__gene_C_rbs	704.000000	0.000000	0.000000
1004.999160	__gene_D_rbs	702.000000	0.000000	0.000000
1004.999160	__gene_E_rbs	698.000000	0.000000	0.000000
1004.999160	__gene_F_rbs	488.000000	0.000000	0.000000
1004.999160	__gene_G_rbs	361.000000	0.000000	0.000000
1004.999160	__gene_H_rbs	263.000000	0.000000	0.000000
1004.999160	__gene_J_rbs	691.000000	0.000000	0.000000
1004.999160	__gene_K_rbs	707.000000	0.000000	0.000000
1004.999160	__ribosome	0.000000	0.000000	0.000000
1004.999160	bound_ecolipol	1896.000000	0.000000	0.000000
1004.999160	bound_ribosome	100.000000	0.000000	0.000000
1004.999160	ecoli_genome	104.000000	0.000000	0.000000
1004.999160	ecoli_transcript	76184.000000	0.000000	0.000000
1004.999160	ecolipol	33.000000	0.000000	0.000000
1004.999160	gene_A	33.000000	35.000000	0.000000
1004.999160	gene_A*	17.000000	35.000000	0.000000
1004.999160	gene_B	369.000000	715.000000	0.000000
1004.999160	gene_C	237.000000	704.000000	0.000000
1004.999160	gene_D	245.000000	702.000000	0.000000
1004.999160	gene_E	196.000000	698.000000	0.000000
1004.999160	gene_F	113.000000	488.000000	0.000000
1004.999160	gene_G	44.000000	361.000000	0.052632
1004.999160	gene_H	0.000000	263.000000	0.106464
1004.999160	gene_J	116.000000	691.000000	0.076700
1004.999160	gene_K	239.000000	707.000000	0.000000
1004.999160	promoter_A	1.000000	0.000000	0.000000
1004.999160	promoter_B1	0.000000	0.000000	0.000000
1004.999160	promoter_D	0.000000	0.000000	0.000000
1009.999056	__gene_A*_rbs	35.000000	0.000000	0.000000
1009.999056	__gene_A_rbs	35.000000	0.000000	0.000000
1009.999056	__gene_B_rbs	718.000000	0.000000	0.000000
1009.999056	__gene_C_rbs	708.000000	0.000000	0.000000
1009.999056	__gene_D_rbs	705.000000	0.000000	0.000000
1009.999056	__gene_E_rbs	702.000000	0.000000	0.000000
1009.999056	__gene_F_rbs	492.000000	0.000000	0.000000
1009.999056	__gene_G_rbs	363.000000	0.000000	0.000000
1009.999056	__gene_H_rbs	264.000000	0.000000	0.000000
1009.999056	__gene_J_rbs	695.000000	0.000000	0.000000
1009.999056	__gene_K_rbs	710.000000	0.000000	0.000000
1009.999056	__ribosome	0.000000	0.000000	0.000000
1009.999056	bound_ecolipol	1886.000000	0.000000	0.000000
1009.999056	bound_ribosome	100.000000	0.000000	0.000000
1009.999056	ecoli_genome	114.000000	0.000000	0.000000
1009.999056	ecoli_transcript	76544.000000	0.000000	0.000000
1009.999056	ecolipol	44.000000	0.000000	0.000000
1009.999056	gene_A	33.000000	35.000000	0.000000
1009.999056	gene_A*	17.000000	35.000000	0.000000
1009.999056	gene_B	369.000000	718.000000	0.000000
1009.999056	gene_C	237.000000	708.000000	0.000000
1009.999056	gene_D	245.000000	705.000000	0.000000
1009.999056	gene_E	196.000000	702.000000	0.000000
1009.999056	gene_F	113.000000	492.000000	0.000000
1009.999056	gene_G	44.000000	363.000000	0.052342
1009.999056	gene_H	0.000000	264.000000	0.106061
1009.999056	gene_J	116.000000	695.000000	0.076259
1009.999056	gene_K	239.000000	710.000000	0.000000
1009.999056	promoter_A	0.000000	0.000000	0.000000
1009.999056	promoter_B1	0.000000	0.000000	0.000000
1009.999056	promoter_D	0.000000	0.000000	0.000000
1014.999071	__gene_A*_rbs	35.000000	0.000000	0.000000
1014.999071	__gene_A_rbs	36.000000	0.000000	0.000000
1014.999071	__gene_B_rbs	722.000000	0.000000	0.000000
1014.999071	__gene_C_rbs	712.000000	0.000000	0.000000
1014.999071	__gene_D_rbs	708.000000	0.000000	0.000000
1014.999071	__gene_E_rbs	705.000000	0.000000	0.000000
1014.999071	__gene_F_rbs	494.000000	0.000000	0.000000
1014.999071	__gene_G_rbs	366.000000	0.000000	0.000000
1014.999071	__gene_H_rbs	264.000000	0.000000	0.000000
1014.999071	__gene_J_rbs	699.000000	0.000000	0.000000
1014.999071	__gene_K_rbs	713.000000	0.000000	0.000000
1014.999071	__ribosome	0.000000	0.000000	0.000000
1014.999071	bound_ecolipol	1895.000000	0.000000	0.000000
1014.999071	bound_ribosome	100.000000	0.000000	0.000000
1014.999071	ecoli_genome	105.000000	0.000000	0.000000
1014.999071	ecoli_transcript	76934.000000	0.000000	0.000000
1014.999071	ecolipol	38.000000	0.000000	0.000000
1014.999071	gene_A	33.000000	36.000000	0.000000
1014.999071	gene_A*	17.000000	35.000000	0.000000
1014.999071	gene_B	369.000000	722.000000	0.000000
1014.999071	gene_C	237.000000	712.000000	0.000000
1014.999071	gene_D	245.000000	708.000000	0.000000
1014.999071	gene_E	196.000000	705.000000	0.000000
1014.999071	gene_F	113.000000	494.000000	0.000000
1014.999071	gene_G	44.000000	366.000000	0.051913
1014.999071	gene_H	0.000000	264.000000	0.106061
1014.999071	gene_J	116.000000	699.000000	0.075823
1014.999071	gene_K	239.000000	713.000000	0.000000
1014.999071	promoter_A	1.000000	0.000000	0.000000
1014.999071	promoter_B1	0.000000	0.000000	0.000000
1014.999071	promoter_D	0.000000	0.000000	0.000000
1019.999075	__gene_A*_rbs	35.000000	0.000000	0.000000
1019.999075	__gene_A_rbs	36.000000	0.000000	0.000000
1019.999075	__gene_B_rbs	726.000000	0.000000	0.000000
1019.999075	__gene_C_rbs	715.000000	0.000000	0.000000
1019.999075	__gene_D_rbs	712.000000	0.000000	0.000000
1019.999075	__gene_E_rbs	708.000000	0.000000	0.000000
1019.999075	__gene_F_rbs	497.000000	0.000000	0.000000
1019.999075	__gene_G_rbs	369.000000	0.000000	0.000000
1019.999075	__gene_H_rbs	265.000000	0.000000	0.000000
1019.999075	__gene_J_rbs	702.000000	0.000000	0.000000
1019.999075	__gene_K_rbs	717.000000	0.000000	0.000000
1019.999075	__ribosome	0.000000	0.000000	0.000000
1019.999075	bound_ecolipol	1878.000000	0.000000	0.000000
1019.999075	bound_ribosome	100.000000	0.000000	0.000000
1019.999075	ecoli_genome	122.000000	0.000000	0.000000
1019.999075	ecoli_transcript	77317.000000	0.000000	0.000000
1019.999075	ecolipol	54.000000	0.000000	0.000000
1019.999075	gene_A	33.000000	36.000000	0.000000
1019.999075	gene_A*	17.000000	35.000000	0.000000
1019.999075	gene_B	369.000000	726.000000	0.000000
1019.999075	gene_C	237.000000	715.000000	0.000000
1019.999075	gene_D	245.000000	712.000000	0.000000
1019.999075	gene_E	196.000000	708.000000	0.000000
1019.999075	gene_F	113.000000	497.000000	0.000000
1019.999075	gene_G	44.000000	369.000000	0.051491
1019.999075	gene_H	0.000000	265.000000	0.105660
1019.999075	gene_J	116.000000	702.000000	0.075499
1019.999075	gene_K	239.000000	717.000000	0.000000
1019.999075	promoter_A	1.000000	0.000000	0.000000
1019.999075	promoter_B1	0.000000	0.000000	0.000000
1019.999075	promoter_D	0.000000	0.000000	0.000000
1024.999162	__gene_A*_rbs	36.000000	0.000000	0.000000
1024.999162	__gene_A_rbs	36.000000	0.000000	0.000000
1024.999162	__gene_B_rbs	729.000000	0.000000	0.000000
1024.999162	__gene_C_rbs	719.000000	0.000000	0.000000
1024.999162	__gene_D_rbs	715.000000	0.000000	0.000000
1024.999162	__gene_E_rbs	712.000000	0.000000	0.000000
1024.999162	__gene_F_rbs	500.000000	0.000000	0.000000
1024.999162	__gene_G_rbs	370.000000	0.000000	0.000000
1024.999162	__gene_H_rbs	267.000000	0.000000	0.000000
1024.999162	__gene_J_rbs	705.000000	0.000000	0.000000
1024.999162	__gene_K_rbs	721.000000	0.000000	0.000000
1024.999162	__ribosome	0.000000	0.000000	0.000000
1024.999162	bound_ecolipol	1887.000000	0.000000	0.000000
1024.999162	bound_ribosome	100.000000	0.000000	0.000000
1024.999162	ecoli_genome	113.000000	0.000000	0.000000
1024.999162	ecoli_transcript	77662.000000	0.000000	0.000000
1024.999162	ecolipol	45.000000	0.000000	0.000000
1024.999162	gene_A	33.000000	36.000000	0.000000
1024.999162	gene_A*	17.000000	36.000000	0.000000
1024.999162	gene_B	369.000000	729.000000	0.000000
1024.999162	gene_C	237.000000	719.000000	0.000000
1024.999162	gene_D	245.000000	715.000000	0.000000
1024.999162	gene_E	196.000000	712.000000	0.000000
1024.999162	gene_F	113.000000	500.000000	0.000000
1024.999162	gene_G	44.000000	370.000000	0.051351
1024.999162	gene_H	0.000000	267.000000	0.104869
1024.999162	gene_J	116.000000	705.000000	0.075177
1024.999162	gene_K	239.000000	721.000000	0.000000
1024.999162	promoter_A	1.000000	0.000000	0.000000
1024.999162	promoter_B1	0.000000	0.000000	0.000000
1024.999162	promoter_D	0.000000	0.000000	0.000000
1029.999034	__gene_A*_rbs	36.000000	0.000000	0.000000
1029.999034	__gene_A_rbs	36.000000	0.000000	0.000000
1029.999034	__gene_B_rbs	733.000000	0.000000	0.000000
1029.999034	__gene_C_rbs	723.000000	0.000000	0.000000
1029.999034	__gene_D_rbs	719.000000	0.000000	0.000000
1029.999034	__gene_E_rbs	715.000000	0.000000	0.000000
1029.999034	__gene_F_rbs	500.000000	0.000000	0.000000
1029.999034	__gene_G_rbs	374.000000	0.000000	0.000000
1029.999034	__gene_H_rbs	269.000000	0.000000	0.000000
1029.999034	__gene_J_rbs	709.000000	0.000000	0.000000
1029.999034	__gene_K_rbs	724.000000	0.000000	0.000000
1029.999034	__ribosome	0.000000	0.000000	0.000000
1029.999034	bound_ecolipol	1890.000000	0.000000	0.000000
1029.999034	bound_ribosome	100.000000	0.000000	0.000000
1029.999034	ecoli_genome	110.000000	0.000000	0.000000
1029.999034	ecoli_transcript	78059.000000	0.000000	0.000000
1029.999034	ecolipol	43.000000	0.000000	0.000000
1029.999034	gene_A	33.000000	36.000000	0.000000
1029.999034	gene_A*	17.000000	36.000000	0.000000
1029.999034	gene_B	369.000000	733.000000	0.000000
1029.999034	gene_C	237.000000	723.000000	0.000000
1029.999034	gene_D	245.000000	719.000000	0.000000
1029.999034	gene_E	196.000000	715.000000	0.000000
1029.999034	gene_F	113.000000	500.000000	0.000000
1029.999034	gene_G	44.000000	374.000000	0.050802
1029.999034	gene_H	0.000000	269.000000	0.104089
1029.999034	gene_J	116.000000	709.000000	0.074753
1029.999034	gene_K	239.000000	724.000000	0.000000
1029.999034	promoter_A	1.000000	0.000000	0.000000
1029.999034	promoter_B1	0.000000	0.000000	0.000000
1029.999034	promoter_D	0.000000	0.000000	0.000000
1034.999048	__gene_A*_rbs	36.000000	0.000000	0.000000
1034.999048	__gene_A_rbs	36.000000	0.000000	0.000000
1034.999048	__gene_B_rbs	737.000000	0.000000	0.000000
1034.999048	__gene_C_rbs	726.000000	0.000000	0.000000
1034.999048	__gene_D_rbs	722.000000	0.000000	0.000000
1034.999048	__gene_E_rbs	719.000000	0.000000	0.000000
1034.999048	__gene_F_rbs	502.000000	0.000000	0.000000
1034.999048	__gene_G_rbs	374.000000	0.000000	0.000000
1034.999048	__gene_H_rbs	269.000000	0.000000	0.000000
1034.999048	__gene_J_rbs	713.000000	0.000000	0.000000
1034.999048	__gene_K_rbs	728.000000	0.000000	0.000000
1034.999048	__ribosome	0.000000	0.000000	0.000000
1034.999048	bound_ecolipol	1883.000000	0.000000	0.000000
1034.999048	bound_ribosome	100.000000	0.000000	0.000000
1034.999048	ecoli_genome	117.000000	0.000000	0.000000
1034.999048	ecoli_transcript	78479.000000	0.000000	0.000000
1034.999048	ecolipol	52.000000	0.000000	0.000000
1034.999048	gene_A	33.000000	36.000000	0.000000
1034.999048	gene_A*	17.000000	36.000000	0.000000
1034.999048	gene_B	369.000000	737.000000	0.000000
1034.999048	gene_C	237.000000	726.000000	0.000000
1034.999048	gene_D	245.000000	722.000000	0.000000
1034.999048	gene_E	196.000000	719.000000	0.000000
1034.999048	gene_F	113.000000	502.000000	0.000000
1034.999048	gene_G	44.000000	374.000000	0.050802
1034.999048	gene_H	0.000000	269.000000	0.104089
1034.999048	gene_J	116.000000	713.000000	0.074334
1034.999048	gene_K	239.000000	728.000000	0.000000
1034.999048	promoter_A	1.000000	0.000000	0.000000
1034.999048	promoter_B1	0.000000	0.000000	0.000000
1034.999048	promoter_D	0.000000	0.000000	0.000000
1039.999104	__gene_A*_rbs	36.000000	0.000000	0.000000
1039.999104	__gene_A_rbs	36.000000	0.000000	0.000000
1039.999104	__gene_B_rbs	741.000000	0.000000	0.000000
1039.999104	__gene_C_rbs	729.000000	0.000000	0.000000
1039.999104	__gene_D_rbs	726.000000	0.000000	0.000000
1039.999104	__gene_E_rbs	722.000000	0.000000	0.000000
1039.999104	__gene_F_rbs	505.000000	0.000000	0.000000
1039.999104	__gene_G_rbs	377.000000	0.000000	0.000000
1039.999104	__gene_H_rbs	270.000000	0.000000	0.000000
1039.999104	__gene_J_rbs	716.000000	0.000000	0.000000
1039.999104	__gene_K_rbs	731.000000	0.000000	0.000000
1039.999104	__ribosome	0.000000	0.000000	0.000000
1039.999104	bound_ecolipol	1889.000000	0.000000	0.000000
1039.999104	bound_ribosome	100.000000	0.000000	0.000000
1039.999104	ecoli_genome	111.000000	0.000000	0.000000
1039.999104	ecoli_transcript	78848.000000	0.000000	0.000000
1039.999104	ecolipol	44.000000	0.000000	0.000000
1039.999104	gene_A	33.000000	36.000000	0.000000
1039.999104	gene_A*	17.000000	36.000000	0.000000
1039.999104	gene_B	369.000000	741.000000	0.000000
1039.999104	gene_C	237.000000	729.000000	0.000000
1039.999104	gene_D	245.000000	726.000000	0.000000
1039.999104	gene_E	196.000000	722.000000	0.000000
1039.999104	gene_F	113.000000	505.000000	0.000000
1039.999104	gene_G	44.000000	377.000000	0.050398
1039.999104	gene_H	0.000000	270.000000	0.103704
1039.999104	gene_J	116.000000	716.000000	0.074022
1039.999104	gene_K	239.000000	731.000000	0.000000
1039.999104	promoter_A	1.000000	0.000000	0.000000
1039.999104	promoter_B1	0.000000	0.000000	0.000000
1039.999104	promoter_D	0.000000	0.000000	0.000000
1044.999066	__gene_A*_rbs	36.000000	0.000000	0.000000
1044.999066	__gene_A_rbs	36.000000	0.000000	0.000000
1044.999066	__gene_B_rbs	744.000000	0.000000	0.000000
1044.999066	__gene_C_rbs	733.000000	0.000000	0.000000
1044.999066	__gene_D_rbs	730.000000	0.000000	0.000000
1044.999066	__gene_E_rbs	726.000000	0.000000	0.000000
1044.999066	__gene_F_rbs	508.000000	0.000000	0.000000
1044.999066	__gene_G_rbs	377.000000	0.000000	0.000000
1044.999066	__gene_H_rbs	272.000000	0.000000	0.000000
1044.999066	__gene_J_rbs	720.000000	0.000000	0.000000
1044.999066	__gene_K_rbs	735.000000	0.000000	0.000000
1044.999066	__ribosome	0.000000	0.000000	0.000000
1044.999066	bound_ecolipol	1892.000000	0.000000	0.000000
1044.999066	bound_ribosome	100.000000	0.000000	0.000000
1044.999066	ecoli_genome	108.000000	0.000000	0.000000
1044.999066	ecoli_transcript	79237.000000	0.000000	0.000000
1044.999066	ecolipol	42.000000	0.000000	0.000000
1044.999066	gene_A	33.000000	36.000000	0.000000
1044.999066	gene_A*	17.000000	36.000000	0.000000
1044.999066	gene_B	369.000000	744.000000	0.000000
1044.999066	gene_C	237.000000	733.000000	0.000000
1044.999066	gene_D	245.000000	730.000000	0.000000
1044.999066	gene_E	196.000000	726.000000	0.000000
1044.999066	gene_F	113.000000	508.000000	0.000000
1044.999066	gene_G	44.000000	377.000000	0.050398
1044.999066	gene_H	0.000000	272.000000	0.102941
1044.999066	gene_J	116.000000	720.000000	0.073611
1044.999066	gene_K	239.000000	735.000000	0.000000
1044.999066	promoter_A	1.000000	0.000000	0.000000
1044.999066	promoter_B1	0.000000	0.000000	0.000000
1044.999066	promoter_D	0.000000	0.000000	0.000000
1049.999279	__gene_A*_rbs	36.000000	0.000000	0.000000
1049.999279	__gene_A_rbs	36.000000	0.000000	0.000000
1049.999279	__gene_B_rbs	748.000000	0.000000	0.000000
1049.999279	__gene_C_rbs	737.000000	0.000000	0.000000
1049.999279	__gene_D_rbs	733.000000	0.000000	0.000000
1049.999279	__gene_E_rbs	729.000000	0.000000	0.000000
1049.999279	__gene_F_rbs	510.000000	0.000000	0.000000
1049.999279	__gene_G_rbs	379.000000	0.000000	0.000000
1049.999279	__gene_H_rbs	273.000000	0.000000	0.000000
1049.999279	__gene_J_rbs	723.000000	0.000000	0.000000
1049.999279	__gene_K_rbs	739.000000	0.000000	0.000000
1049.999279	__ribosome	0.000000	0.000000	0.000000
1049.999279	bound_ecolipol	1885.000000	0.000000	0.000000
1049.999279	bound_ribosome	100.000000	0.000000	0.000000
1049.999279	ecoli_genome	115.000000	0.000000	0.000000
1049.999279	ecoli_transcript	79601.000000	0.000000	0.000000
1049.999279	ecolipol	49.000000	0.000000	0.000000
1049.999279	gene_A	33.000000	36.000000	0.000000
1049.999279	gene_A*	17.000000	36.000000	0.000000
1049.999279	gene_B	369.000000	748.000000	0.000000
1049.999279	gene_C	237.000000	737.000000	0.000000
1049.999279	gene_D	245.000000	733.000000	0.000000
1049.999279	gene_E	196.000000	729.000000	0.000000
1049.999279	gene_F	113.000000	510.000000	0.000000
1049.999279	gene_G	44.000000	379.000000	0.050132
1049.999279	gene_H	0.000000	273.000000	0.102564
1049.999279	gene_J	116.000000	723.000000	0.073306
1049.999279	gene_K	239.000000	739.000000	0.000000
1049.999279	promoter_A	1.000000	0.000000	0.000000
1049.999279	promoter_B1	0.000000	0.000000	0.000000
1049.999279	promoter_D	0.000000	0.000000	0.000000
1054.999120	__gene_A*_rbs	36.000000	0.000000	0.000000
1054.999120	__gene_A_rbs	36.000000	0.000000	0.000000
1054.999120	__gene_B_rbs	751.000000	0.000000	0.000000
1054.999120	__gene_C_rbs	741.000000	0.000000	0.000000
1054.999120	__gene_D_rbs	737.000000	0.000000	0.000000
1054.999120	__gene_E_rbs	733.000000	0.000000	0.000000
1054.999120	__gene_F_rbs	513.000000	0.000000	0.000000
1054.999120	__gene_G_rbs	380.000000	0.000000	0.000000
1054.999120	__gene_H_rbs	276.000000	0.000000	0.000000
1054.999120	__gene_J_rbs	727.000000	0.000000	0.000000
1054.999120	__gene_K_rbs	743.000000	0.000000	0.000000
1054.999120	__ribosome	0.000000	0.000000	0.000000
1054.999120	bound_ecolipol	1890.000000	0.000000	0.000000
1054.999120	bound_ribosome	100.000000	0.000000	0.000000
1054.999120	ecoli_genome	110.000000	0.000000	0.000000
1054.999120	ecoli_transcript	80003.000000	0.000000	0.000000
1054.999120	ecolipol	46.000000	0.000000	0.000000
1054.999120	gene_A	33.000000	36.000000	0.000000
1054.999120	gene_A*	17.000000	36.000000	0.000000
1054.999120	gene_B	369.000000	751.000000	0.000000
1054.999120	gene_C	237.000000	741.000000	0.000000
1054.999120	gene_D	245.000000	737.000000	0.000000
1054.999120	gene_E	196.000000	733.000000	0.000000
1054.999120	gene_F	113.000000	513.000000	0.000000
1054.999120	gene_G	44.000000	380.000000	0.050000
1054.999120	gene_H	0.000000	276.000000	0.101449
1054.999120	gene_J	116.000000	727.000000	0.072902
1054.999120	gene_K	239.000000	743.000000	0.000000
1054.999120	promoter_A	1.000000	0.000000	0.000000
1054.999120	promoter_B1	0.000000	0.000000	0.000000
1054.999120	promoter_D	0.000000	0.000000	0.000000
1059.999711	__gene_A*_rbs	36.000000	0.000000	0.000000
1059.999711	__gene_A_rbs	36.000000	0.000000	0.000000
1059.999711	__gene_B_rbs	755.000000	0.000000	0.000000
1059.999711	__gene_C_rbs	745.000000	0.000000	0.000000
1059.999711	__gene_D_rbs	741.000000	0.000000	0.000000
1059.999711	__gene_E_rbs	737.000000	0.000000	0.000000
1059.999711	__gene_F_rbs	515.000000	0.000000	0.000000
1059.999711	__gene_G_rbs	381.000000	0.000000	0.000000
1059.999711	__gene_H_rbs	276.000000	0.000000	0.000000
1059.999711	__gene_J_rbs	730.000000	0.000000	0.000000
1059.999711	__gene_K_rbs	747.000000	0.000000	0.000000
1059.999711	__ribosome	0.000000	0.000000	0.000000
1059.999711	bound_ecolipol	1896.000000	0.000000	0.000000
1059.999711	bound_ribosome	100.000000	0.000000	0.000000
1059.999711	ecoli_genome	104.000000	0.000000	0.000000
1059.999711	ecoli_transcript	80380.000000	0.000000	0.000000
1059.999711	ecolipol	38.000000	0.000000	0.000000
1059.999711	gene_A	33.000000	36.000000	0.000000
1059.999711	gene_A*	17.000000	36.000000	0.000000
1059.999711	gene_B	369.000000	755.000000	0.000000
1059.999711	gene_C	237.000000	745.000000	0.000000
1059.999711	gene_D	245.000000	741.000000	0.000000
1059.999711	gene_E	196.000000	737.000000	0.000000
1059.999711	gene_F	113.000000	515.000000	0.000000
1059.999711	gene_G	44.000000	381.000000	0.049869
1059.999711	gene_H	0.000000	276.000000	0.101449
1059.999711	gene_J	116.000000	730.000000	0.072603
1059.999711	gene_K	239.000000	747.000000	0.000000
1059.999711	promoter_A	1.000000	0.000000	0.000000
1059.999711	promoter_B1	0.000000	0.000000	0.000000
1059.999711	promoter_D	0.000000	0.000000	0.000000
1064.999070	__gene_A*_rbs	36.000000	0.000000	0.000000
1064.999070	__gene_A_rbs	36.000000	0.000000	0.000000
1064.999070	__gene_B_rbs	759.000000	0.000000	0.000000
1064.999070	__gene_C_rbs	748.000000	0.000000	0.000000
1064.999070	__gene_D_rbs	745.000000	0.000000	0.000000
1064.999070	__gene_E_rbs	740.000000	0.000000	0.000000
1064.999070	__gene_F_rbs	517.000000	0.000000	0.000000
1064.999070	__gene_G_rbs	384.000000	0.000000	0.000000
1064.999070	__gene_H_rbs	277.000000	0.000000	0.000000
1064.999070	__gene_J_rbs	734.000000	0.000000	0.000000
1064.999070	__gene_K_rbs	750.000000	0.000000	0.000000
1064.999070	__ribosome	0.000000	0.000000	0.000000
1064.999070	bound_ecolipol	1895.000000	0.000000	0.000000
1064.999070	bound_ribosome	100.000000	0.000000	0.000000
1064.999070	ecoli_genome	105.000000	0.000000	0.000000
1064.999070	ecoli_transcript	80757.000000	0.000000	0.000000
1064.999070	ecolipol	38.000000	0.000000	0.000000
1064.999070	gene_A	33.000000	36.000000	0.000000
1064.999070	gene_A*	17.000000	36.000000	0.000000
1064.999070	gene_B	369.000000	759.000000	0.000000
1064.999070	gene_C	237.000000	748.000000	0.000000
1064.999070	gene_D	245.000000	745.000000	0.000000
1064.999070	gene_E	196.000000	740.000000	0.000000
1064.999070	gene_F	113.000000	517.000000	0.000000
1064.999070	gene_G	44.000000	384.000000	0.049479
1064.999070	gene_H	0.000000	277.000000	0.101083
1064.999070	gene_J	116.000000	734.000000	0.072207
1064.999070	gene_K	239.000000	750.000000	0.000000
1064.999070	promoter_A	1.000000	0.000000	0.000000
1064.999070	promoter_B1	0.000000	0.000000	0.000000
1064.999070	promoter_D	0.000000	0.000000	0.000000
1069.999284	__gene_A*_rbs	36.000000	0.000000	0.000000
1069.999284	__gene_A_rbs	36.000000	0.000000	0.000000
1069.999284	__gene_B_rbs	762.000000	0.000000	0.000000
1069.999284	__gene_C_rbs	752.000000	0.000000	0.000000
1069.999284	__gene_D_rbs	749.000000	0.000000	0.000000
1069.999284	__gene_E_rbs	744.000000	0.000000	0.000000
1069.999284	__gene_F_rbs	520.000000	0.000000	0.000000
1069.999284	__gene_G_rbs	384.000000	0.000000	0.000000
1069.999284	__gene_H_rbs	278.000000	0.000000	0.000000
1069.999284	__gene_J_rbs	737.000000	0.000000	0.000000
1069.999284	__gene_K_rbs	754.000000	0.000000	0.000000
1069.999284	__ribosome	0.000000	0.000000	0.000000
1069.999284	bound_ecolipol	1891.000000	0.000000	0.000000
1069.999284	bound_ribosome	100.000000	0.000000	0.000000
1069.999284	ecoli_genome	109.000000	0.000000	0.000000
1069.999284	ecoli_transcript	81104.000000	0.000000	0.000000
1069.999284	ecolipol	43.000000	0.000000	0.000000
1069.999284	gene_A	33.000000	36.000000	0.000000
1069.999284	gene_A*	17.000000	36.000000	0.000000
1069.999284	gene_B	369.000000	762.000000	0.000000
1069.999284	gene_C	237.000000	752.000000	0.000000
1069.999284	gene_D	245.000000	749.000000	0.000000
1069.999284	gene_E	196.000000	744.000000	0.000000
1069.999284	gene_F	113.000000	520.000000	0.000000
1069.999284	gene_G	44.000000	384.000000	0.049479
1069.999284	gene_H	0.000000	278.000000	0.100719
1069.999284	gene_J	116.000000	737.000000	0.071913
1069.999284	gene_K	239.000000	754.000000	0.000000
1069.999284	promoter_A	1.000000	0.000000	0.000000
1069.999284	promoter_B1	0.000000	0.000000	0.000000
1069.999284	promoter_D	0.000000	0.000000	0.000000
1074.999062	__gene_A*_rbs	36.000000	0.000000	0.000000
1074.999062	__gene_A_rbs	36.000000	0.000000	0.000000
1074.999062	__gene_B_rbs	766.000000	0.000000	0.000000
1074.999062	__gene_C_rbs	756.000000	0.000000	0.000000
1074.999062	__gene_D_rbs	752.000000	0.000000	0.000000
1074.999062	__gene_E_rbs	748.000000	0.000000	0.000000
1074.999062	__gene_F_rbs	522.000000	0.000000	0.000000
1074.999062	__gene_G_rbs	387.000000	0.000000	0.000000
1074.999062	__gene_H_rbs	280.000000	0.000000	0.000000
1074.999062	__gene_J_rbs	741.000000	0.000000	0.000000
1074.999062	__gene_K_rbs	758.000000	0.000000	0.000000
1074.999062	__ribosome	0.000000	0.000000	0.000000
1074.999062	bound_ecolipol	1892.000000	0.000000	0.000000
1074.999062	bound_ribosome	100.000000	0.000000	0.000000
1074.999062	ecoli_genome	108.000000	0.000000	0.000000
1074.999062	ecoli_transcript	81458.000000	0.000000	0.000000
1074.999062	ecolipol	41.000000	0.000000	0.000000
1074.999062	gene_A	33.000000	36.000000	0.000000
1074.999062	gene_A*	17.000000	36.000000	0.000000
1074.999062	gene_B	369.000000	766.000000	0.000000
1074.999062	gene_C	237.000000	756.000000	0.000000
1074.999062	gene_D	245.000000	752.000000	0.000000
1074.999062	gene_E	196.000000	748.000000	0.000000
1074.999062	gene_F	113.000000	522.000000	0.000000
1074.999062	gene_G	44.000000	387.000000	0.049096
1074.999062	gene_H	0.000000	280.000000	0.100000
1074.999062	gene_J	116.000000	741.000000	0.071525
1074.999062	gene_K	239.000000	758.000000	0.000000
1074.999062	promoter_A	1.000000	0.000000	0.000000
1074.999062	promoter_B1	0.000000	0.000000	0.000000
1074.999062	promoter_D	0.000000	0.000000	0.000000
1079.999196	__gene_A*_rbs	36.000000	0.000000	0.000000
1079.999196	__gene_A_rbs	36.000000	0.000000	0.000000
1079.999196	__gene_B_rbs	770.000000	0.000000	0.000000
1079.999196	__gene_C_rbs	760.000000	0.000000	0.000000
1079.999196	__gene_D_rbs	756.000000	0.000000	0.000000
1079.999196	__gene_E_rbs	752.000000	0.000000	0.000000
1079.999196	__gene_F_rbs	524.000000	0.000000	0.000000
1079.999196	__gene_G_rbs	389.000000	0.000000	0.000000
1079.999196	__gene_H_rbs	282.000000	0.000000	0.000000
1079.999196	__gene_J_rbs	745.000000	0.000000	0.000000
1079.999196	__gene_K_rbs	762.000000	0.000000	0.000000
1079.999196	__ribosome	0.000000	0.000000	0.000000
1079.999196	bound_ecolipol	1883.000000	0.000000	0.000000
1079.999196	bound_ribosome	100.000000	0.000000	0.000000
1079.999196	ecoli_genome	117.000000	0.000000	0.000000
1079.999196	ecoli_transcript	81826.000000	0.000000	0.000000
1079.999196	ecolipol	50.000000	0.000000	0.000000
1079.999196	gene_A	33.000000	36.000000	0.000000
1079.999196	gene_A*	17.000000	36.000000	0.000000
1079.999196	gene_B	369.000000	770.000000	0.000000
1079.999196	gene_C	237.000000	760.000000	0.000000
1079.999196	gene_D	245.000000	756.000000	0.000000
1079.999196	gene_E	196.000000	752.000000	0.000000
1079.999196	gene_F	113.000000	524.000000	0.000000
1079.999196	gene_G	44.000000	389.000000	0.048843
1079.999196	gene_H	0.000000	282.000000	0.099291
1079.999196	gene_J	116.000000	745.000000	0.071141
1079.999196	gene_K	239.000000	762.000000	0.000000
1079.999196	promoter_A	1.000000	0.000000	0.000000
1079.999196	promoter_B1	0.000000	0.000000	0.000000
1079.999196	promoter_D	0.000000	0.000000	0.000000
1084.999980	__gene_A*_rbs	36.000000	0.000000	0.000000
1084.999980	__gene_A_rbs	36.000000	0.000000	0.000000
1084.999980	__gene_B_rbs	773.000000	0.000000	0.000000
1084.999980	__gene_C_rbs	763.000000	0.000000	0.000000
1084.999980	__gene_D_rbs	759.000000	0.000000	0.000000
1084.999980	__gene_E_rbs	755.000000	0.000000	0.000000
1084.999980	__gene_F_rbs	526.000000	0.000000	0.000000
1084.999980	__gene_G_rbs	391.000000	0.000000	0.000000
1084.999980	__gene_H_rbs	282.000000	0.000000	0.000000
1084.999980	__gene_J_rbs	748.000000	0.000000	0.000000
1084.999980	__gene_K_rbs	765.000000	0.000000	0.000000
1084.999980	__ribosome	0.000000	0.000000	0.000000
1084.999980	bound_ecolipol	1889.000000	0.000000	0.000000
1084.999980	bound_ribosome	100.000000	0.000000	0.000000
1084.999980	ecoli_genome	111.000000	0.000000	0.000000
1084.999980	ecoli_transcript	82179.000000	0.000000	0.000000
1084.999980	ecolipol	44.000000	0.000000	0.000000
1084.999980	gene_A	33.000000	36.000000	0.000000
1084.999980	gene_A*	17.000000	36.000000	0.000000
1084.999980	gene_B	369.000000	773.000000	0.000000
1084.999980	gene_C	237.000000	763.000000	0.000000
1084.999980	gene_D	245.000000	759.000000	0.000000
1084.999980	gene_E	196.000000	755.000000	0.000000
1084.999980	gene_F	113.000000	526.000000	0.000000
1084.999980	gene_G	44.000000	391.000000	0.048593
1084.999980	gene_H	0.000000	282.000000	0.099291
1084.999980	gene_J	116.000000	748.000000	0.070856
1084.999980	gene_K	239.000000	765.000000	0.000000
1084.999980	promoter_A	1.000000	0.000000	0.000000
1084.999980	promoter_B1	0.000000	0.000000	0.000000
1084.999980	promoter_D	0.000000	0.000000	0.000000
1089.999082	__gene_A*_rbs	36.000000	0.000000	0.000000
1089.999082	__gene_A_rbs	36.000000	0.000000	0.000000
1089.999082	__gene_B_rbs	777.000000	0.000000	0.000000
1089.999082	__gene_C_rbs	766.000000	0.000000	0.000000
1089.999082	__gene_D_rbs	763.000000	0.000000	0.000000
1089.999082	__gene_E_rbs	759.000000	0.000000	0.000000
1089.999082	__gene_F_rbs	526.000000	0.000000	0.000000
1089.999082	__gene_G_rbs	392.000000	0.000000	0.000000
1089.999082	__gene_H_rbs	283.000000	0.000000	0.000000
1089.999082	__gene_J_rbs	752.000000	0.000000	0.000000
1089.999082	__gene_K_rbs	768.000000	0.000000	0.000000
1089.999082	__ribosome	0.000000	0.000000	0.000000
1089.999082	bound_ecolipol	1902.000000	0.000000	0.000000
1089.999082	bound_ribosome	100.000000	0.000000	0.000000
1089.999082	ecoli_genome	98.000000	0.000000	0.000000
1089.999082	ecoli_transcript	82552.000000	0.000000	0.000000
1089.999082	ecolipol	38.000000	0.000000	0.000000
1089.999082	gene_A	33.000000	36.000000	0.000000
1089.999082	gene_A*	17.000000	36.000000	0.000000
1089.999082	gene_B	369.000000	777.000000	0.000000
1089.999082	gene_C	237.000000	766.000000	0.000000
1089.999082	gene_D	245.000000	763.000000	0.000000
1089.999082	gene_E	196.000000	759.000000	0.000000
1089.999082	gene_F	113.000000	526.000000	0.000000
1089.999082	gene_G	44.000000	392.000000	0.048469
1089.999082	gene_H	0.000000	283.000000	0.098940
1089.999082	gene_J	116.000000	752.000000	0.070479
1089.999082	gene_K	239.000000	768.000000	0.000000
1089.999082	promoter_A	1.000000	0.000000	0.000000
1089.999082	promoter_B1	0.000000	0.000000	0.000000
1089.999082	promoter_D	0.000000	0.000000	0.000000
1094.999042	__gene_A*_rbs	36.000000	0.000000	0.000000
1094.999042	__gene_A_rbs	36.000000	0.000000	0.000000
1094.999042	__gene_B_rbs	780.000000	0.000000	0.000000
1094.999042	__gene_C_rbs	770.000000	0.000000	0.000000
1094.999042	__gene_D_rbs	767.000000	0.000000	0.000000
1094.999042	__gene_E_rbs	762.000000	0.000000	0.000000
1094.999042	__gene_F_rbs	529.000000	0.000000	0.000000
1094.999042	__gene_G_rbs	393.000000	0.000000	0.000000
1094.999042	__gene_H_rbs	285.000000	0.000000	0.000000
1094.999042	__gene_J_rbs	756.000000	0.000000	0.000000
1094.999042	__gene_K_rbs	772.000000	0.000000	0.000000
1094.999042	__ribosome	0.000000	0.000000	0.000000
1094.999042	bound_ecolipol	1894.000000	0.000000	0.000000
1094.999042	bound_ribosome	100.000000	0.000000	0.000000
1094.999042	ecoli_genome	106.000000	0.000000	0.000000
1094.999042	ecoli_transcript	82919.000000	0.000000	0.000000
1094.999042	ecolipol	44.000000	0.000000	0.000000
1094.999042	gene_A	33.000000	36.000000	0.000000
1094.999042	gene_A*	17.000000	36.000000	0.000000
1094.999042	gene_B	369.000000	780.000000	0.000000
1094.999042	gene_C	237.000000	770.000000	0.000000
1094.999042	gene_D	245.000000	767.000000	0.000000
1094.999042	gene_E	196.000000	762.000000	0.000000
1094.999042	gene_F	113.000000	529.000000	0.000000
1094.999042	gene_G	44.000000	393.000000	0.048346
1094.999042	gene_H	0.000000	285.000000	0.098246
1094.999042	gene_J	116.000000	756.000000	0.070106
1094.999042	gene_K	239.000000	772.000000	0.000000
1094.999042	promoter_A	1.000000	0.000000	0.000000
1094.999042	promoter_B1	0.000000	0.000000	0.000000
1094.999042	promoter_D	0.000000	0.000000	0.000000
1099.999545	__gene_A*_rbs	36.000000	0.000000	0.000000
1099.999545	__gene_A_rbs	37.000000	0.000000	0.000000
1099.999545	__gene_B_rbs	784.000000	0.000000	0.000000
1099.999545	__gene_C_rbs	774.000000	0.000000	0.000000
1099.999545	__gene_D_rbs	770.000000	0.000000	0.000000
1099.999545	__gene_E_rbs	766.000000	0.000000	0.000000
1099.999545	__gene_F_rbs	532.000000	0.000000	0.000000
1099.999545	__gene_G_rbs	394.000000	0.000000	0.000000
1099.999545	__gene_H_rbs	287.000000	0.000000	0.000000
1099.999545	__gene_J_rbs	760.000000	0.000000	0.000000
1099.999545	__gene_K_rbs	776.000000	0.000000	0.000000
1099.999545	__ribosome	0.000000	0.000000	0.000000
1099.999545	bound_ecolipol	1899.000000	0.000000	0.000000
1099.999545	bound_ribosome	100.000000	0.000000	0.000000
1099.999545	ecoli_genome	101.000000	0.000000	0.000000
1099.999545	ecoli_transcript	83311.000000	0.000000	0.000000
1099.999545	ecolipol	38.000000	0.000000	0.000000
1099.999545	gene_A	33.000000	37.000000	0.000000
1099.999545	gene_A*	17.000000	36.000000	0.000000
1099.999545	gene_B	369.000000	784.000000	0.000000
1099.999545	gene_C	237.000000	774.000000	0.000000
1099.999545	gene_D	245.000000	770.000000	0.000000
1099.999545	gene_E	196.000000	766.000000	0.000000
1099.999545	gene_F	113.000000	532.000000	0.000000
1099.999545	gene_G	44.000000	394.000000	0.048223
1099.999545	gene_H	0.000000	287.000000	0.097561
1099.999545	gene_J	116.000000	760.000000	0.069737
1099.999545	gene_K	239.000000	776.000000	0.000000
1099.999545	promoter_A	0.000000	0.000000	0.000000
1099.999545	promoter_B1	0.000000	0.000000	0.000000
1099.999545	promoter_D	0.000000	0.000000	0.000000
1104.999302	__gene_A*_rbs	36.000000	0.000000	0.000000
1104.999302	__gene_A_rbs	37.000000	0.000000	0.000000
1104.999302	__gene_B_rbs	787.000000	0.000000	0.000000
1104.999302	__gene_C_rbs	777.000000	0.000000	0.000000
1104.999302	__gene_D_rbs	773.000000	0.000000	0.000000
1104.999302	__gene_E_rbs	770.000000	0.000000	0.000000
1104.999302	__gene_F_rbs	535.000000	0.000000	0.000000
1104.999302	__gene_G_rbs	396.000000	0.000000	0.000000
1104.999302	__gene_H_rbs	288.000000	0.000000	0.000000
1104.999302	__gene_J_rbs	763.000000	0.000000	0.000000
1104.999302	__gene_K_rbs	780.000000	0.000000	0.000000
1104.999302	__ribosome	0.000000	0.000000	0.000000
1104.999302	bound_ecolipol	1887.000000	0.000000	0.000000
1104.999302	bound_ribosome	100.000000	0.000000	0.000000
1104.999302	ecoli_genome	113.000000	0.000000	0.000000
1104.999302	ecoli_transcript	83684.000000	0.000000	0.000000
1104.999302	ecolipol	51.000000	0.000000	0.000000
1104.999302	gene_A	33.000000	37.000000	0.000000
1104.999302	gene_A*	17.000000	36.000000	0.000000
1104.999302	gene_B	369.000000	787.000000	0.000000
1104.999302	gene_C	237.000000	777.000000	0.000000
1104.999302	gene_D	245.000000	773.000000	0.000000
1104.999302	gene_E	196.000000	770.000000	0.000000
1104.999302	gene_F	113.000000	535.000000	0.000000
1104.999302	gene_G	44.000000	396.000000	0.047980
1104.999302	gene_H	0.000000	288.000000	0.097222
1104.999302	gene_J	116.000000	763.000000	0.069463
1104.999302	gene_K	239.000000	780.000000	0.000000
1104.999302	promoter_A	1.000000	0.000000	0.000000
1104.999302	promoter_B1	0.000000	0.000000	0.000000
1104.999302	promoter_D	0.000000	0.000000	0.000000
1109.999009	__gene_A*_rbs	36.000000	0.000000	0.000000
1109.999009	__gene_A_rbs	37.000000	0.000000	0.000000
1109.999009	__gene_B_rbs	791.000000	0.000000	0.000000
1109.999009	__gene_C_rbs	781.000000	0.000000	0.000000
1109.999009	__gene_D_rbs	777.000000	0.000000	0.000000
1109.999009	__gene_E_rbs	773.000000	0.000000	0.000000
1109.999009	__gene_F_rbs	538.000000	0.000000	0.000000
1109.999009	__gene_G_rbs	397.000000	0.000000	0.000000
1109.999009	__gene_H_rbs	289.000000	0.000000	0.000000
1109.999009	__gene_J_rbs	767.000000	0.000000	0.000000
1109.999009	__gene_K_rbs	783.000000	0.000000	0.000000
1109.999009	__ribosome	0.000000	0.000000	0.000000
1109.999009	bound_ecolipol	1885.000000	0.000000	0.000000
1109.999009	bound_ribosome	100.000000	0.000000	0.000000
1109.999009	ecoli_genome	115.000000	0.000000	0.000000
1109.999009	ecoli_transcript	84080.000000	0.000000	0.000000
1109.999009	ecolipol	51.000000	0.000000	0.000000
1109.999009	gene_A	33.000000	37.000000	0.000000
1109.999009	gene_A*	17.000000	36.000000	0.000000
1109.999009	gene_B	369.000000	791.000000	0.000000
1109.999009	gene_C	237.000000	781.000000	0.000000
1109.999009	gene_D	245.000000	777.000000	0.000000
1109.999009	gene_E	196.000000	773.000000	0.000000
1109.999009	gene_F	113.000000	538.000000	0.000000
1109.999009	gene_G	44.000000	397.000000	0.047859
1109.999009	gene_H	0.000000	289.000000	0.096886
1109.999009	gene_J	116.000000	767.000000	0.069100
1109.999009	gene_K	239.000000	783.000000	0.000000
1109.999009	promoter_A	1.000000	0.000000	0.000000
1109.999009	promoter_B1	0.000000	0.000000	0.000000
1109.999009	promoter_D	0.000000	0.000000	0.000000
1114.999060	__gene_A*_rbs	37.000000	0.000000	0.000000
1114.999060	__gene_A_rbs	37.000000	0.000000	0.000000
1114.999060	__gene_B_rbs	795.000000	0.000000	0.000000
1114.999060	__gene_C_rbs	784.000000	0.000000	0.000000
1114.999060	__gene_D_rbs	781.000000	0.000000	0.000000
1114.999060	__gene_E_rbs	776.000000	0.000000	0.000000
1114.999060	__gene_F_rbs	539.000000	0.000000	0.000000
1114.999060	__gene_G_rbs	399.000000	0.000000	0.000000
1114.999060	__gene_H_rbs	290.000000	0.000000	0.000000
1114.999060	__gene_J_rbs	770.000000	0.000000	0.000000
1114.999060	__gene_K_rbs	786.000000	0.000000	0.000000
1114.999060	__ribosome	0.000000	0.000000	0.000000
1114.999060	bound_ecolipol	1886.000000	0.000000	0.000000
1114.999060	bound_ribosome	100.000000	0.000000	0.000000
1114.999060	ecoli_genome	114.000000	0.000000	0.000000
1114.999060	ecoli_transcript	84485.000000	0.000000	0.000000
1114.999060	ecolipol	48.000000	0.000000	0.000000
1114.999060	gene_A	33.000000	37.000000	0.000000
1114.999060	gene_A*	17.000000	37.000000	0.000000
1114.999060	gene_B	369.000000	795.000000	0.000000
1114.999060	gene_C	237.000000	784.000000	0.000000
1114.999060	gene_D	245.000000	781.000000	0.000000
1114.999060	gene_E	196.000000	776.000000	0.000000
1114.999060	gene_F	113.000000	539.000000	0.000000
1114.999060	gene_G	44.000000	399.000000	0.047619
1114.999060	gene_H	0.000000	290.000000	0.096552
1114.999060	gene_J	116.000000	770.000000	0.068831
1114.999060	gene_K	239.000000	786.000000	0.000000
1114.999060	promoter_A	1.000000	0.000000	0.000000
1114.999060	promoter_B1	0.000000	0.000000	0.000000
1114.999060	promoter_D	0.000000	0.000000	0.000000
1119.999192	__gene_A*_rbs	37.000000	0.000000	0.000000
1119.999192	__gene_A_rbs	37.000000	0.000000	0.000000
1119.999192	__gene_B_rbs	799.000000	0.000000	0.000000
1119.999192	__gene_C_rbs	788.000000	0.000000	0.000000
1119.999192	__gene_D_rbs	785.000000	0.000000	0.000000
1119.999192	__gene_E_rbs	780.000000	0.000000	0.000000
1119.999192	__gene_F_rbs	542.000000	0.000000	0.000000
1119.999192	__gene_G_rbs	400.000000	0.000000	0.000000
1119.999192	__gene_H_rbs	290.000000	0.000000	0.000000
1119.999192	__gene_J_rbs	774.000000	0.000000	0.000000
1119.999192	__gene_K_rbs	789.000000	0.000000	0.000000
1119.999192	__ribosome	0.000000	0.000000	0.000000
1119.999192	bound_ecolipol	1885.000000	0.000000	0.000000
1119.999192	bound_ribosome	100.000000	0.000000	0.000000
1119.999192	ecoli_genome	115.000000	0.000000	0.000000
1119.999192	ecoli_transcript	84867.000000	0.000000	0.000000
1119.999192	ecolipol	52.000000	0.000000	0.000000
1119.999192	gene_A	33.000000	37.000000	0.000000
1119.999192	gene_A*	17.000000	37.000000	0.000000
1119.999192	gene_B	369.000000	799.000000	0.000000
1119.999192	gene_C	237.000000	788.000000	0.000000
1119.999192	gene_D	245.000000	785.000000	0.000000
1119.999192	gene_E	196.000000	780.000000	0.000000
1119.999192	gene_F	113.000000	542.000000	0.000000
1119.999192	gene_G	44.000000	400.000000	0.047500
1119.999192	gene_H	0.000000	290.000000	0.096552
1119.999192	gene_J	116.000000	774.000000	0.068475
1119.999192	gene_K	239.000000	789.000000	0.000000
1119.999192	promoter_A	1.000000	0.000000	0.000000
1119.999192	promoter_B1	0.000000	0.000000	0.000000
1119.999192	promoter_D	0.000000	0.000000	0.000000
1124.999057	__gene_A*_rbs	37.000000	0.000000	0.000000
1124.999057	__gene_A_rbs	37.000000	0.000000	0.000000
1124.999057	__gene_B_rbs	803.000000	0.000000	0.000000
1124.999057	__gene_C_rbs	792.000000	0.000000	0.000000
1124.999057	__gene_D_rbs	788.000000	0.000000	0.000000
1124.999057	__gene_E_rbs	784.000000	0.000000	0.000000
1124.999057	__gene_F_rbs	544.000000	0.000000	0.000000
1124.999057	__gene_G_rbs	401.000000	0.000000	0.000000
1124.999057	__gene_H_rbs	290.000000	0.000000	0.000000
1124.999057	__gene_J_rbs	778.000000	0.000000	0.000000
1124.999057	__gene_K_rbs	793.000000	0.000000	0.000000
1124.999057	__ribosome	0.000000	0.000000	0.000000
1124.999057	bound_ecolipol	1890.000000	0.000000	0.000000
1124.999057	bound_ribosome	100.000000	0.000000	0.000000
1124.999057	ecoli_genome	110.000000	0.000000	0.000000
1124.999057	ecoli_transcript	85197.000000	0.000000	0.000000
1124.999057	ecolipol	49.000000	0.000000	0.000000
1124.999057	gene_A	33.000000	37.000000	0.000000
1124.999057	gene_A*	17.000000	37.000000	0.000000
1124.999057	gene_B	369.000000	803.000000	0.000000
1124.999057	gene_C	237.000000	792.000000	0.000000
1124.999057	gene_D	245.000000	788.000000	0.000000
1124.999057	gene_E	196.000000	784.000000	0.000000
1124.999057	gene_F	113.000000	544.000000	0.000000
1124.999057	gene_G	44.000000	401.000000	0.047382
1124.999057	gene_H	0.000000	290.000000	0.096552
1124.999057	gene_J	116.000000	778.000000	0.068123
1124.999057	gene_K	239.000000	793.000000	0.000000
1124.999057	promoter_A	1.000000	0.000000	0.000000
1124.999057	promoter_B1	0.000000	0.000000	0.000000
1124.999057	promoter_D	0.000000	0.000000	0.000000
1129.999007	__gene_A*_rbs	37.000000	0.000000	0.000000
1129.999007	__gene_A_rbs	38.000000	0.000000	0.000000
1129.999007	__gene_B_rbs	806.000000	0.000000	0.000000
1129.999007	__gene_C_rbs	795.000000	0.000000	0.000000
1129.999007	__gene_D_rbs	791.000000	0.000000	0.000000
1129.999007	__gene_E_rbs	788.000000	0.000000	0.000000
1129.999007	__gene_F_rbs	547.000000	0.000000	0.000000
1129.999007	__gene_G_rbs	401.000000	0.000000	0.000000
1129.999007	__gene_H_rbs	291.000000	0.000000	0.000000
1129.999007	__gene_J_rbs	781.000000	0.000000	0.000000
1129.999007	__gene_K_rbs	797.000000	0.000000	0.000000
1129.999007	__ribosome	0.000000	0.000000	0.000000
1129.999007	bound_ecolipol	1898.000000	0.000000	0.000000
1129.999007	bound_ribosome	100.000000	0.000000	0.000000
1129.999007	ecoli_genome	102.000000	0.000000	0.000000
1129.999007	ecoli_transcript	85542.000000	0.000000	0.000000
1129.999007	ecolipol	39.000000	0.000000	0.000000
1129.999007	gene_A	33.000000	38.000000	0.000000
1129.999007	gene_A*	17.000000	37.000000	0.000000
1129.999007	gene_B	369.000000	806.000000	0.000000
1129.999007	gene_C	237.000000	795.000000	0.000000
1129.999007	gene_D	245.000000	791.000000	0.000000
1129.999007	gene_E	196.000000	788.000000	0.000000
1129.999007	gene_F	113.000000	547.000000	0.000000
1129.999007	gene_G	44.000000	401.000000	0.047382
1129.999007	gene_H	0.000000	291.000000	0.096220
1129.999007	gene_J	116.000000	781.000000	0.067862
1129.999007	gene_K	239.000000	797.000000	0.000000
1129.999007	promoter_A	1.000000	0.000000	0.000000
1129.999007	promoter_B1	0.000000	0.000000	0.000000
1129.999007	promoter_D	0.000000	0.000000	0.000000
1134.999011	__gene_A*_rbs	37.000000	0.000000	0.000000
1134.999011	__gene_A_rbs	38.000000	0.000000	0.000000
1134.999011	__gene_B_rbs	809.000000	0.000000	0.000000
1134.999011	__gene_C_rbs	799.000000	0.000000	0.000000
1134.999011	__gene_D_rbs	795.000000	0.000000	0.000000
1134.999011	__gene_E_rbs	791.000000	0.000000	0.000000
1134.999011	__gene_F_rbs	549.000000	0.000000	0.000000
1134.999011	__gene_G_rbs	403.000000	0.000000	0.000000
1134.999011	__gene_H_rbs	292.000000	0.000000	0.000000
1134.999011	__gene_J_rbs	784.000000	0.000000	0.000000
1134.999011	__gene_K_rbs	801.000000	0.000000	0.000000
1134.999011	__ribosome	0.000000	0.000000	0.000000
1134.999011	bound_ecolipol	1902.000000	0.000000	0.000000
1134.999011	bound_ribosome	100.000000	0.000000	0.000000
1134.999011	ecoli_genome	98.000000	0.000000	0.000000
1134.999011	ecoli_transcript	85949.000000	0.000000	0.000000
1134.999011	ecolipol	34.000000	0.000000	0.000000
1134.999011	gene_A	33.000000	38.000000	0.000000
1134.999011	gene_A*	17.000000	37.000000	0.000000
1134.999011	gene_B	369.000000	809.000000	0.000000
1134.999011	gene_C	237.000000	799.000000	0.000000
1134.999011	gene_D	245.000000	795.000000	0.000000
1134.999011	gene_E	196.000000	791.000000	0.000000
1134.999011	gene_F	113.000000	549.000000	0.000000
1134.999011	gene_G	44.000000	403.000000	0.047146
1134.999011	gene_H	0.000000	292.000000	0.095890
1134.999011	gene_J	116.000000	784.000000	0.067602
1134.999011	gene_K	239.000000	801.000000	0.000000
1134.999011	promoter_A	1.000000	0.000000	0.000000
1134.999011	promoter_B1	0.000000	0.000000	0.000000
1134.999011	promoter_D	0.000000	0.000000	0.000000
1139.999096	__gene_A*_rbs	37.000000	0.000000	0.000000
1139.999096	__gene_A_rbs	38.000000	0.000000	0.000000
1139.999096	__gene_B_rbs	813.000000	0.000000	0.000000
1139.999096	__gene_C_rbs	802.000000	0.000000	0.000000
1139.999096	__gene_D_rbs	799.000000	0.000000	0.000000
1139.999096	__gene_E_rbs	794.000000	0.000000	0.000000
1139.999096	__gene_F_rbs	550.000000	0.000000	0.000000
1139.999096	__gene_G_rbs	407.000000	0.000000	0.000000
1139.999096	__gene_H_rbs	293.000000	0.000000	0.000000
1139.999096	__gene_J_rbs	788.000000	0.000000	0.000000
1139.999096	__gene_K_rbs	804.000000	0.000000	0.000000
1139.999096	__ribosome	0.000000	0.000000	0.000000
1139.999096	bound_ecolipol	1894.000000	0.000000	0.000000
1139.999096	bound_ribosome	100.000000	0.000000	0.000000
1139.999096	ecoli_genome	106.000000	0.000000	0.000000
1139.999096	ecoli_transcript	86308.000000	0.000000	0.000000
1139.999096	ecolipol	42.000000	0.000000	0.000000
1139.999096	gene_A	33.000000	38.000000	0.000000
1139.999096	gene_A*	17.000000	37.000000	0.000000
1139.999096	gene_B	369.000000	813.000000	0.000000
1139.999096	gene_C	237.000000	802.000000	0.000000
1139.999096	gene_D	245.000000	799.000000	0.000000
1139.999096	gene_E	196.000000	794.000000	0.000000
1139.999096	gene_F	113.000000	550.000000	0.000000
1139.999096	gene_G	44.000000	407.000000	0.046683
1139.999096	gene_H	0.000000	293.000000	0.095563
1139.999096	gene_J	116.000000	788.000000	0.067259
1139.999096	gene_K	239.000000	804.000000	0.000000
1139.999096	promoter_A	1.000000	0.000000	0.000000
1139.999096	promoter_B1	0.000000	0.000000	0.000000
1139.999096	promoter_D	0.000000	0.000000	0.000000
1144.999010	__gene_A*_rbs	38.000000	0.000000	0.000000
1144.999010	__gene_A_rbs	38.000000	0.000000	0.000000
1144.999010	__gene_B_rbs	816.000000	0.000000	0.000000
1144.999010	__gene_C_rbs	806.000000	0.000000	0.000000
1144.999010	__gene_D_rbs	803.000000	0.000000	0.000000
1144.999010	__gene_E_rbs	798.000000	0.000000	0.000000
1144.999010	__gene_F_rbs	552.000000	0.000000	0.000000
1144.999010	__gene_G_rbs	409.000000	0.000000	0.000000
1144.999010	__gene_H_rbs	293.000000	0.000000	0.000000
1144.999010	__gene_J_rbs	792.000000	0.000000	0.000000
1144.999010	__gene_K_rbs	808.000000	0.000000	0.000000
1144.999010	__ribosome	0.000000	0.000000	0.000000
1144.999010	bound_ecolipol	1896.000000	0.000000	0.000000
1144.999010	bound_ribosome	100.000000	0.000000	0.000000
1144.999010	ecoli_genome	104.000000	0.000000	0.000000
1144.999010	ecoli_transcript	86676.000000	0.000000	0.000000
1144.999010	ecolipol	40.000000	0.000000	0.000000
1144.999010	gene_A	33.000000	38.000000	0.000000
1144.999010	gene_A*	17.000000	38.000000	0.000000
1144.999010	gene_B	369.000000	816.000000	0.000000
1144.999010	gene_C	237.000000	806.000000	0.000000
1144.999010	gene_D	245.000000	803.000000	0.000000
1144.999010	gene_E	196.000000	798.000000	0.000000
1144.999010	gene_F	113.000000	552.000000	0.000000
1144.999010	gene_G	44.000000	409.000000	0.046455
1144.999010	gene_H	0.000000	293.000000	0.095563
1144.999010	gene_J	116.000000	792.000000	0.066919
1144.999010	gene_K	239.000000	808.000000	0.000000
1144.999010	promoter_A	1.000000	0.000000	0.000000
1144.999010	promoter_B1	0.000000	0.000000	0.000000
1144.999010	promoter_D	0.000000	0.000000	0.000000
1149.999155	__gene_A*_rbs	38.000000	0.000000	0.000000
1149.999155	__gene_A_rbs	38.000000	0.000000	0.000000
1149.999155	__gene_B_rbs	820.000000	0.000000	0.000000
1149.999155	__gene_C_rbs	810.000000	0.000000	0.000000
1149.999155	__gene_D_rbs	806.000000	0.000000	0.000000
1149.999155	__gene_E_rbs	802.000000	0.000000	0.000000
1149.999155	__gene_F_rbs	553.000000	0.000000	0.000000
1149.999155	__gene_G_rbs	412.000000	0.000000	0.000000
1149.999155	__gene_H_rbs	295.000000	0.000000	0.000000
1149.999155	__gene_J_rbs	796.000000	0.000000	0.000000
1149.999155	__gene_K_rbs	812.000000	0.000000	0.000000
1149.999155	__ribosome	0.000000	0.000000	0.000000
1149.999155	bound_ecolipol	1901.000000	0.000000	0.000000
1149.999155	bound_ribosome	100.000000	0.000000	0.000000
1149.999155	ecoli_genome	99.000000	0.000000	0.000000
1149.999155	ecoli_transcript	87050.000000	0.000000	0.000000
1149.999155	ecolipol	35.000000	0.000000	0.000000
1149.999155	gene_A	33.000000	38.000000	0.000000
1149.999155	gene_A*	17.000000	38.000000	0.000000
1149.999155	gene_B	369.000000	820.000000	0.000000
1149.999155	gene_C	237.000000	810.000000	0.000000
1149.999155	gene_D	245.000000	806.000000	0.000000
1149.999155	gene_E	196.000000	802.000000	0.000000
1149.999155	gene_F	113.000000	553.000000	0.000000
1149.999155	gene_G	44.000000	412.000000	0.046117
1149.999155	gene_H	0.000000	295.000000	0.094915
1149.999155	gene_J	116.000000	796.000000	0.066583
1149.999155	gene_K	239.000000	812.000000	0.000000
1149.999155	promoter_A	1.000000	0.000000	0.000000
1149.999155	promoter_B1	0.000000	0.000000	0.000000
1149.999155	promoter_D	0.000000	0.000000	0.000000
1154.999009	__gene_A*_rbs	38.000000	0.000000	0.000000
1154.999009	__gene_A_rbs	38.000000	0.000000	0.000000
1154.999009	__gene_B_rbs	823.000000	0.000000	0.000000
1154.999009	__gene_C_rbs	813.000000	0.000000	0.000000
1154.999009	__gene_D_rbs	809.000000	0.000000	0.000000
1154.999009	__gene_E_rbs	806.000000	0.000000	0.000000
1154.999009	__gene_F_rbs	556.000000	0.000000	0.000000
1154.999009	__gene_G_rbs	413.000000	0.000000	0.000000
1154.999009	__gene_H_rbs	297.000000	0.000000	0.000000
1154.999009	__gene_J_rbs	799.000000	0.000000	0.000000
1154.999009	__gene_K_rbs	815.000000	0.000000	0.000000
1154.999009	__ribosome	0.000000	0.000000	0.000000
1154.999009	bound_ecolipol	1893.000000	0.000000	0.000000
1154.999009	bound_ribosome	100.000000	0.000000	0.000000
1154.999009	ecoli_genome	107.000000	0.000000	0.000000
1154.999009	ecoli_transcript	87410.000000	0.000000	0.000000
1154.999009	ecolipol	43.000000	0.000000	0.000000
1154.999009	gene_A	33.000000	38.000000	0.000000
1154.999009	gene_A*	17.000000	38.000000	0.000000
1154.999009	gene_B	369.000000	823.000000	0.000000
1154.999009	gene_C	237.000000	813.000000	0.000000
1154.999009	gene_D	245.000000	809.000000	0.000000
1154.999009	gene_E	196.000000	806.000000	0.000000
1154.999009	gene_F	113.000000	556.000000	0.000000
1154.999009	gene_G	44.000000	413.000000	0.046005
1154.999009	gene_H	0.000000	297.000000	0.094276
1154.999009	gene_J	116.000000	799.000000	0.066333
1154.999009	gene_K	239.000000	815.000000	0.000000
1154.999009	promoter_A	1.000000	0.000000	0.000000
1154.999009	promoter_B1	1.000000	0.000000	0.000000
1154.999009	promoter_D	0.000000	0.000000	0.000000
1159.999083	__gene_A*_rbs	38.000000	0.000000	0.000000
1159.999083	__gene_A_rbs	38.000000	0.000000	0.000000
1159.999083	__gene_B_rbs	827.000000	0.000000	0.000000
1159.999083	__gene_C_rbs	817.000000	0.000000	0.000000
1159.999083	__gene_D_rbs	813.000000	0.000000	0.000000
1159.999083	__gene_E_rbs	809.000000	0.000000	0.000000
1159.999083	__gene_F_rbs	558.000000	0.000000	0.000000
1159.999083	__gene_G_rbs	415.000000	0.000000	0.000000
1159.999083	__gene_H_rbs	299.000000	0.000000	0.000000
1159.999083	__gene_J_rbs	802.000000	0.000000	0.000000
1159.999083	__gene_K_rbs	819.000000	0.000000	0.000000
1159.999083	__ribosome	0.000000	0.000000	0.000000
1159.999083	bound_ecolipol	1884.000000	0.000000	0.000000
1159.999083	bound_ribosome	100.000000	0.000000	0.000000
1159.999083	ecoli_genome	116.000000	0.000000	0.000000
1159.999083	ecoli_transcript	87805.000000	0.000000	0.000000
1159.999083	ecolipol	51.000000	0.000000	0.000000
1159.999083	gene_A	33.000000	38.000000	0.000000
1159.999083	gene_A*	17.000000	38.000000	0.000000
1159.999083	gene_B	369.000000	827.000000	0.000000
1159.999083	gene_C	237.000000	817.000000	0.000000
1159.999083	gene_D	245.000000	813.000000	0.000000
1159.999083	gene_E	196.000000	809.000000	0.000000
1159.999083	gene_F	113.000000	558.000000	0.000000
1159.999083	gene_G	44.000000	415.000000	0.045783
1159.999083	gene_H	0.000000	299.000000	0.093645
1159.999083	gene_J	116.000000	802.000000	0.066085
1159.999083	gene_K	239.000000	819.000000	0.000000
1159.999083	promoter_A	1.000000	0.000000	0.000000
1159.999083	promoter_B1	0.000000	0.000000	0.000000
1159.999083	promoter_D	0.000000	0.000000	0.000000
1164.999091	__gene_A*_rbs	38.000000	0.000000	0.000000
1164.999091	__gene_A_rbs	38.000000	0.000000	0.000000
1164.999091	__gene_B_rbs	831.000000	0.000000	0.000000
1164.999091	__gene_C_rbs	821.000000	0.000000	0.000000
1164.999091	__gene_D_rbs	817.000000	0.000000	0.000000
1164.999091	__gene_E_rbs	813.000000	0.000000	0.000000
1164.999091	__gene_F_rbs	560.000000	0.000000	0.000000
1164.999091	__gene_G_rbs	416.000000	0.000000	0.000000
1164.999091	__gene_H_rbs	301.000000	0.000000	0.000000
1164.999091	__gene_J_rbs	806.000000	0.000000	0.000000
1164.999091	__gene_K_rbs	823.000000	0.000000	0.000000
1164.999091	__ribosome	0.000000	0.000000	0.000000
1164.999091	bound_ecolipol	1886.000000	0.000000	0.000000
1164.999091	bound_ribosome	100.000000	0.000000	0.000000
1164.999091	ecoli_genome	114.000000	0.000000	0.000000
1164.999091	ecoli_transcript	88166.000000	0.000000	0.000000
1164.999091	ecolipol	47.000000	0.000000	0.000000
1164.999091	gene_A	33.000000	38.000000	0.000000
1164.999091	gene_A*	17.000000	38.000000	0.000000
1164.999091	gene_B	369.000000	831.000000	0.000000
1164.999091	gene_C	237.000000	821.000000	0.000000
1164.999091	gene_D	245.000000	817.000000	0.000000
1164.999091	gene_E	196.000000	813.000000	0.000000
1164.999091	gene_F	113.000000	560.000000	0.000000
1164.999091	gene_G	44.000000	416.000000	0.045673
1164.999091	gene_H	0.000000	301.000000	0.093023
1164.999091	gene_J	116.000000	806.000000	0.065757
1164.999091	gene_K	239.000000	823.000000	0.000000
1164.999091	promoter_A	1.000000	0.000000	0.000000
1164.999091	promoter_B1	0.000000	0.000000	0.000000
1164.999091	promoter_D	0.000000	0.000000	0.000000
1169.999334	__gene_A*_rbs	38.000000	0.000000	0.000000
1169.999334	__gene_A_rbs	38.000000	0.000000	0.000000
1169.999334	__gene_B_rbs	835.000000	0.000000	0.000000
1169.999334	__gene_C_rbs	825.000000	0.000000	0.000000
1169.999334	__gene_D_rbs	821.000000	0.000000	0.000000
1169.999334	__gene_E_rbs	816.000000	0.000000	0.000000
1169.999334	__gene_F_rbs	564.000000	0.000000	0.000000
1169.999334	__gene_G_rbs	418.000000	0.000000	0.000000
1169.999334	__gene_H_rbs	303.000000	0.000000	0.000000
1169.999334	__gene_J_rbs	809.000000	0.000000	0.000000
1169.999334	__gene_K_rbs	826.000000	0.000000	0.000000
1169.999334	__ribosome	0.000000	0.000000	0.000000
1169.999334	bound_ecolipol	1894.000000	0.000000	0.000000
1169.999334	bound_ribosome	100.000000	0.000000	0.000000
1169.999334	ecoli_genome	106.000000	0.000000	0.000000
1169.999334	ecoli_transcript	88581.000000	0.000000	0.000000
1169.999334	ecolipol	40.000000	0.000000	0.000000
1169.999334	gene_A	33.000000	38.000000	0.000000
1169.999334	gene_A*	17.000000	38.000000	0.000000
1169.999334	gene_B	369.000000	835.000000	0.000000
1169.999334	gene_C	237.000000	825.000000	0.000000
1169.999334	gene_D	245.000000	821.000000	0.000000
1169.999334	gene_E	196.000000	816.000000	0.000000
1169.999334	gene_F	113.000000	564.000000	0.000000
1169.999334	gene_G	44.000000	418.000000	0.045455
1169.999334	gene_H	0.000000	303.000000	0.092409
1169.999334	gene_J	116.000000	809.000000	0.065513
1169.999334	gene_K	239.000000	826.000000	0.000000
1169.999334	promoter_A	1.000000	0.000000	0.000000
1169.999334	promoter_B1	0.000000	0.000000	0.000000
1169.999334	promoter_D	0.000000	0.000000	0.000000
1174.999080	__gene_A*_rbs	38.000000	0.000000	0.000000
1174.999080	__gene_A_rbs	38.000000	0.000000	0.000000
1174.999080	__gene_B_rbs	838.000000	0.000000	0.000000
1174.999080	__gene_C_rbs	828.000000	0.000000	0.000000
1174.999080	__gene_D_rbs	825.000000	0.000000	0.000000
1174.999080	__gene_E_rbs	820.000000	0.000000	0.000000
1174.999080	__gene_F_rbs	565.000000	0.000000	0.000000
1174.999080	__gene_G_rbs	421.000000	0.000000	0.000000
1174.999080	__gene_H_rbs	304.000000	0.000000	0.000000
1174.999080	__gene_J_rbs	813.000000	0.000000	0.000000
1174.999080	__gene_K_rbs	830.000000	0.000000	0.000000
1174.999080	__ribosome	0.000000	0.000000	0.000000
1174.999080	bound_ecolipol	1886.000000	0.000000	0.000000
1174.999080	bound_ribosome	100.000000	0.000000	0.000000
1174.999080	ecoli_genome	114.000000	0.000000	0.000000
1174.999080	ecoli_transcript	88949.000000	0.000000	0.000000
1174.999080	ecolipol	47.000000	0.000000	0.000000
1174.999080	gene_A	33.000000	38.000000	0.000000
1174.999080	gene_A*	17.000000	38.000000	0.000000
1174.999080	gene_B	369.000000	838.000000	0.000000
1174.999080	gene_C	237.000000	828.000000	0.000000
1174.999080	gene_D	245.000000	825.000000	0.000000
1174.999080	gene_E	196.000000	820.000000	0.000000
1174.999080	gene_F	113.000000	565.000000	0.000000
1174.999080	gene_G	44.000000	421.000000	0.045131
1174.999080	gene_H	0.000000	304.000000	0.092105
1174.999080	gene_J	116.000000	813.000000	0.065191
1174.999080	gene_K	239.000000	830.000000	0.000000
1174.999080	promoter_A	1.000000	0.000000	0.000000
1174.999080	promoter_B1	0.000000	0.000000	0.000000
1174.999080	promoter_D	0.000000	0.000000	0.000000
1179.999444	__gene_A*_rbs	38.000000	0.000000	0.000000
1179.999444	__gene_A_rbs	38.000000	0.000000	0.000000
1179.999444	__gene_B_rbs	842.000000	0.000000	0.000000
1179.999444	__gene_C_rbs	832.000000	0.000000	0.000000
1179.999444	__gene_D_rbs	828.000000	0.000000	0.000000
1179.999444	__gene_E_rbs	824.000000	0.000000	0.000000
1179.999444	__gene_F_rbs	568.000000	0.000000	0.000000
1179.999444	__gene_G_rbs	422.000000	0.000000	0.000000
1179.999444	__gene_H_rbs	306.000000	0.000000	0.000000
1179.999444	__gene_J_rbs	817.000000	0.000000	0.000000
1179.999444	__gene_K_rbs	833.000000	0.000000	0.000000
1179.999444	__ribosome	0.000000	0.000000	0.000000
1179.999444	bound_ecolipol	1884.000000	0.000000	0.000000
1179.999444	bound_ribosome	100.000000	0.000000	0.000000
1179.999444	ecoli_genome	116.000000	0.000000	0.000000
1179.999444	ecoli_transcript	89327.000000	0.000000	0.000000
1179.999444	ecolipol	45.000000	0.000000	0.000000
1179.999444	gene_A	33.000000	38.000000	0.000000
1179.999444	gene_A*	17.000000	38.000000	0.000000
1179.999444	gene_B	369.000000	842.000000	0.000000
1179.999444	gene_C	237.000000	832.000000	0.000000
1179.999444	gene_D	245.000000	828.000000	0.000000
1179.999444	gene_E	196.000000	824.000000	0.000000
1179.999444	gene_F	113.000000	568.000000	0.000000
1179.999444	gene_G	44.000000	422.000000	0.045024
1179.999444	gene_H	0.000000	306.000000	0.091503
1179.999444	gene_J	116.000000	817.000000	0.064871
1179.999444	gene_K	239.000000	833.000000	0.000000
1179.999444	promoter_A	1.000000	0.000000	0.000000
1179.999444	promoter_B1	0.000000	0.000000	0.000000
1179.999444	promoter_D	0.000000	0.000000	0.000000
1184.999134	__gene_A*_rbs	38.000000	0.000000	0.000000
1184.999134	__gene_A_rbs	38.000000	0.000000	0.000000
1184.999134	__gene_B_rbs	846.000000	0.000000	0.000000
1184.999134	__gene_C_rbs	835.000000	0.000000	0.000000
1184.999134	__gene_D_rbs	832.000000	0.000000	0.000000
1184.999134	__gene_E_rbs	828.000000	0.000000	0.000000
1184.999134	__gene_F_rbs	572.000000	0.000000	0.000000
1184.999134	__gene_G_rbs	423.000000	0.000000	0.000000
1184.999134	__gene_H_rbs	306.000000	0.000000	0.000000
1184.999134	__gene_J_rbs	820.000000	0.000000	0.000000
1184.999134	__gene_K_rbs	837.000000	0.000000	0.000000
1184.999134	__ribosome	0.000000	0.000000	0.000000
1184.999134	bound_ecolipol	1877.000000	0.000000	0.000000
1184.999134	bound_ribosome	100.000000	0.000000	0.000000
1184.999134	ecoli_genome	123.000000	0.000000	0.000000
1184.999134	ecoli_transcript	89683.000000	0.000000	0.000000
1184.999134	ecolipol	55.000000	0.000000	0.000000
1184.999134	gene_A	33.000000	38.000000	0.000000
1184.999134	gene_A*	17.000000	38.000000	0.000000
1184.999134	gene_B	369.000000	846.000000	0.000000
1184.999134	gene_C	237.000000	835.000000	0.000000
1184.999134	gene_D	245.000000	832.000000	0.000000
1184.999134	gene_E	196.000000	828.000000	0.000000
1184.999134	gene_F	113.000000	572.000000	0.000000
1184.999134	gene_G	44.000000	423.000000	0.044917
1184.999134	gene_H	0.000000	306.000000	0.091503
1184.999134	gene_J	116.000000	820.000000	0.064634
1184.999134	gene_K	239.000000	837.000000	0.000000
1184.999134	promoter_A	0.000000	0.000000	0.000000
1184.999134	promoter_B1	0.000000	0.000000	0.000000
1184.999134	promoter_D	0.000000	0.000000	0.000000
1189.999009	__gene_A*_rbs	38.000000	0.000000	0.000000
1189.999009	__gene_A_rbs	39.000000	0.000000	0.000000
1189.999009	__gene_B_rbs	849.000000	0.000000	0.000000
1189.999009	__gene_C_rbs	838.000000	0.000000	0.000000
1189.999009	__gene_D_rbs	835.000000	0.000000	0.000000
1189.999009	__gene_E_rbs	831.000000	0.000000	0.000000
1189.999009	__gene_F_rbs	573.000000	0.000000	0.000000
1189.999009	__gene_G_rbs	424.000000	0.000000	0.000000
1189.999009	__gene_H_rbs	309.000000	0.000000	0.000000
1189.999009	__gene_J_rbs	824.000000	0.000000	0.000000
1189.999009	__gene_K_rbs	840.000000	0.000000	0.000000
1189.999009	__ribosome	0.000000	0.000000	0.000000
1189.999009	bound_ecolipol	1880.000000	0.000000	0.000000
1189.999009	bound_ribosome	100.000000	0.000000	0.000000
1189.999009	ecoli_genome	120.000000	0.000000	0.000000
1189.999009	ecoli_transcript	90051.000000	0.000000	0.000000
1189.999009	ecolipol	51.000000	0.000000	0.000000
1189.999009	gene_A	33.000000	39.000000	0.000000
1189.999009	gene_A*	17.000000	38.000000	0.000000
1189.999009	gene_B	369.000000	849.000000	0.000000
1189.999009	gene_C	237.000000	838.000000	0.000000
1189.999009	gene_D	245.000000	835.000000	0.000000
1189.999009	gene_E	196.000000	831.000000	0.000000
1189.999009	gene_F	113.000000	573.000000	0.000000
1189.999009	gene_G	44.000000	424.000000	0.044811
1189.999009	gene_H	0.000000	309.000000	0.090615
1189.999009	gene_J	116.000000	824.000000	0.064320
1189.999009	gene_K	239.000000	840.000000	0.000000
1189.999009	promoter_A	1.000000	0.000000	0.000000
1189.999009	promoter_B1	0.000000	0.000000	0.000000
1189.999009	promoter_D	0.000000	0.000000	0.000000
1194.999111	__gene_A*_rbs	38.000000	0.000000	0.000000
1194.999111	__gene_A_rbs	40.000000	0.000000	0.000000
1194.999111	__gene_B_rbs	853.000000	0.000000	0.000000
1194.999111	__gene_C_rbs	842.000000	0.000000	0.000000
1194.999111	__gene_D_rbs	838.000000	0.000000	0.000000
1194.999111	__gene_E_rbs	835.000000	0.000000	0.000000
1194.999111	__gene_F_rbs	576.000000	0.000000	0.000000
1194.999111	__gene_G_rbs	426.000000	0.000000	0.000000
1194.999111	__gene_H_rbs	310.000000	0.000000	0.000000
1194.999111	__gene_J_rbs	828.000000	0.000000	0.000000
1194.999111	__gene_K_rbs	844.000000	0.000000	0.000000
1194.999111	__ribosome	0.000000	0.000000	0.000000
1194.999111	bound_ecolipol	1894.000000	0.000000	0.000000
1194.999111	bound_ribosome	100.000000	0.000000	0.000000
1194.999111	ecoli_genome	106.000000	0.000000	0.000000
1194.999111	ecoli_transcript	90433.000000	0.000000	0.000000
1194.999111	ecolipol	35.000000	0.000000	0.000000
1194.999111	gene_A	33.000000	40.000000	0.000000
1194.999111	gene_A*	17.000000	38.000000	0.000000
1194.999111	gene_B	369.000000	853.000000	0.000000
1194.999111	gene_C	237.000000	842.000000	0.000000
1194.999111	gene_D	245.000000	838.000000	0.000000
1194.999111	gene_E	196.000000	835.000000	0.000000
1194.999111	gene_F	113.000000	576.000000	0.000000
1194.999111	gene_G	44.000000	426.000000	0.044601
1194.999111	gene_H	0.000000	310.000000	0.090323
1194.999111	gene_J	116.000000	828.000000	0.064010
1194.999111	gene_K	239.000000	844.000000	0.000000
1194.999111	promoter_A	0.000000	0.000000	0.000000
1194.999111	promoter_B1	0.000000	0.000000	0.000000
1194.999111	promoter_D	0.000000	0.000000	0.000000
1199.999404	__gene_A*_rbs	38.000000	0.000000	0.000000
1199.999404	__gene_A_rbs	40.000000	0.000000	0.000000
1199.999404	__gene_B_rbs	857.000000	0.000000	0.000000
1199.999404	__gene_C_rbs	846.000000	0.000000	0.000000
1199.999404	__gene_D_rbs	841.000000	0.000000	0.000000
1199.999404	__gene_E_rbs	838.000000	0.000000	0.000000
1199.999404	__gene_F_rbs	579.000000	0.000000	0.000000
1199.999404	__gene_G_rbs	429.000000	0.000000	0.000000
1199.999404	__gene_H_rbs	311.000000	0.000000	0.000000
1199.999404	__gene_J_rbs	832.000000	0.000000	0.000000
1199.999404	__gene_K_rbs	848.000000	0.000000	0.000000
1199.999404	__ribosome	0.000000	0.000000	0.000000
1199.999404	bound_ecolipol	1881.000000	0.000000	0.000000
1199.999404	bound_ribosome	100.000000	0.000000	0.000000
1199.999404	ecoli_genome	119.000000	0.000000	0.000000
1199.999404	ecoli_transcript	90804.000000	0.000000	0.000000
1199.999404	ecolipol	49.000000	0.000000	0.000000
1199.999404	gene_A	33.000000	40.000000	0.000000
1199.999404	gene_A*	17.000000	38.000000	0.000000
1199.999404	gene_B	369.000000	857.000000	0.000000
1199.999404	gene_C	237.000000	846.000000	0.000000
1199.999404	gene_D	245.000000	841.000000	0.000000
1199.999404	gene_E	196.000000	838.000000	0.000000
1199.999404	gene_F	113.000000	579.000000	0.000000
1199.999404	gene_G	44.000000	429.000000	0.044289
1199.999404	gene_H	0.000000	311.000000	0.090032
1199.999404	gene_J	116.000000	832.000000	0.063702
1199.999404	gene_K	239.000000	848.000000	0.000000
1199.999404	promoter_A	1.000000	0.000000	0.000000
1199.999404	promoter_B1	0.000000	0.000000	0.000000
1199.999404	promoter_D	0.000000	0.000000	0.000000
